Epoch	EpRet	EpRealRet	TestEpRet	AverageQ1	StdQ1	MaxQ1	MinQ1	Q2	TestSuccess	TotalEnvInteracts	TotalTime
0	-49.9	-49.9	-50.0	-1.0934068	2.1971097	0.8390155	-13.089155	-1.093398	0.0	2500	35.75184774398804
1	-50.0	-50.0	-50.0	-2.4185314	4.8750415	0.33457717	-22.671087	-2.4184704	0.0	5000	72.28611159324646
2	-50.0	-50.0	-50.0	-3.6404061	7.3474813	0.42373788	-27.60984	-3.640306	0.0	7500	108.23598623275757
3	-50.0	-50.0	-50.0	-4.7405415	9.528743	0.80192864	-33.49109	-4.740351	0.0	10000	144.04317355155945
4	-50.0	-50.0	-50.0	-5.6601295	11.375885	0.48257887	-39.70151	-5.659843	0.0	12500	179.79408407211304
5	-50.0	-50.0	-50.0	-6.4571767	12.984141	0.90425557	-42.295242	-6.456975	0.0	15000	216.3207666873932
6	-50.0	-50.0	-50.0	-7.185131	14.393471	0.5165763	-44.436058	-7.184955	0.0	17500	252.45201659202576
7	-50.0	-50.0	-50.0	-7.79972	15.594948	1.1210554	-67.601234	-7.7995296	0.0	20000	289.9839072227478
8	-49.0	-49.0	-50.0	-8.302205	16.588951	0.84974146	-55.424236	-8.302018	0.0	22500	328.1036937236786
9	-50.0	-50.0	-50.0	-8.74897	17.44532	1.1353652	-70.62151	-8.74857	0.0	25000	366.1788866519928
10	-49.04	-49.04	-50.0	-9.115667	18.03492	0.6996629	-64.639114	-9.115649	0.0	27500	403.35958218574524
11	-50.0	-50.0	-45.0	-9.214776	18.28062	0.711976	-64.572556	-9.214655	0.1	30000	440.0395724773407
12	-49.98	-49.98	-50.0	-9.325482	18.404766	1.0217043	-70.72735	-9.325515	0.0	32500	476.6872868537903
13	-49.96	-49.96	-50.0	-9.240427	18.134846	0.9849508	-58.66275	-9.240737	0.0	35000	514.038740158081
14	-49.94	-49.94	-50.0	-9.193473	17.969748	1.0518105	-57.568455	-9.193752	0.0	37500	550.6038620471954
15	-49.22	-49.22	-50.0	-9.226892	17.82825	1.4056317	-59.74804	-9.227091	0.0	40000	587.2512018680573
16	-50.0	-50.0	-50.0	-9.253294	17.74731	3.5767846	-65.806564	-9.254086	0.0	42500	623.2082228660583
17	-49.94	-49.94	-50.0	-9.24354	17.742783	2.8114147	-71.50463	-9.244095	0.0	45000	659.5211284160614
18	-49.92	-49.92	-50.0	-9.300403	17.74001	3.5031884	-63.5024	-9.301173	0.0	47500	696.1218950748444
19	-50.0	-50.0	-50.0	-9.264749	17.608534	2.7350538	-65.83872	-9.265664	0.0	50000	732.4651317596436
20	-50.0	-50.0	-49.7	-9.339723	17.551708	5.1168137	-59.217915	-9.340048	0.0	52500	768.1139297485352
21	-50.0	-50.0	-50.0	-9.40259	17.53001	3.2784991	-58.16734	-9.403073	0.0	55000	803.2078540325165
22	-49.94	-49.94	-50.0	-9.45051	17.524006	5.574618	-57.694897	-9.451085	0.0	57500	839.6471426486969
23	-48.9	-48.9	-49.6	-9.428262	17.449463	4.354651	-60.22992	-9.428828	0.0	60000	876.5036284923553
24	-49.26	-49.26	-50.0	-9.561756	17.5098	7.8623075	-58.5827	-9.56211	0.0	62500	913.9790534973145
25	-49.7	-49.7	-50.0	-9.614845	17.523678	7.8090415	-64.86522	-9.61467	0.0	65000	951.4886095523834
26	-49.34	-49.34	-49.7	-9.690209	17.585123	8.1259985	-59.70001	-9.690329	0.0	67500	989.1205506324768
27	-49.82	-49.82	-50.0	-9.765692	17.645514	7.8491235	-61.81288	-9.76616	0.0	70000	1024.7758293151855
28	-49.8	-49.8	-50.0	-9.921166	17.765564	6.6873665	-60.71414	-9.92038	0.0	72500	1061.6766648292542
29	-50.0	-50.0	-49.8	-10.070046	17.899605	6.074995	-74.863754	-10.069757	0.0	75000	1095.0228743553162
30	-49.24	-49.24	-50.0	-10.122189	17.945074	5.447587	-67.693054	-10.121539	0.0	77500	1131.1772899627686
31	-49.6	-49.6	-47.9	-10.199029	18.037827	9.026195	-60.57357	-10.19882	0.0	80000	1167.4359049797058
32	-49.96	-49.96	-49.8	-10.284259	18.098965	6.337888	-63.66038	-10.284377	0.0	82500	1204.7185294628143
33	-49.92	-49.92	-47.7	-10.299906	18.069485	5.753301	-61.792538	-10.299841	0.1	85000	1240.994036436081
34	-49.78	-49.78	-50.0	-10.375286	18.051105	6.79108	-60.086723	-10.375338	0.0	87500	1277.4286243915558
35	-49.56	-49.56	-50.0	-10.362907	18.019432	7.463118	-66.174644	-10.362733	0.0	90000	1313.5594029426575
36	-48.84	-48.84	-50.0	-10.418212	18.070097	6.618004	-72.16713	-10.417717	0.0	92500	1350.1939980983734
37	-49.66	-49.66	-46.9	-10.490516	18.117321	5.231309	-60.92306	-10.490172	0.0	95000	1387.8495979309082
38	-49.92	-49.92	-50.0	-10.600075	18.205454	3.8511996	-69.986855	-10.6003475	0.0	97500	1424.0469145774841
39	-49.88	-49.88	-50.0	-10.603787	18.245676	4.73428	-60.706627	-10.603403	0.0	100000	1460.878785610199
40	-49.7	-49.7	-48.3	-10.638209	18.29804	6.745998	-63.110508	-10.638244	0.0	102500	1497.784584760666
41	-49.92	-49.92	-49.8	-10.746883	18.345226	4.4882307	-63.401585	-10.747084	0.0	105000	1534.4476137161255
42	-49.46	-49.46	-46.5	-10.82258	18.368538	4.546157	-61.601456	-10.822528	0.1	107500	1571.2699358463287
43	-49.58	-49.58	-49.6	-10.869199	18.397135	5.9580936	-61.004898	-10.869213	0.0	110000	1607.8786034584045
44	-49.6	-49.6	-49.7	-10.911286	18.427525	5.3054323	-61.50136	-10.911486	0.0	112500	1645.2429220676422
45	-49.8	-49.8	-49.7	-10.89342	18.394684	4.4363675	-61.17413	-10.893405	0.0	115000	1680.5405094623566
46	-49.94	-49.94	-50.0	-10.967309	18.427343	4.565453	-75.569534	-10.9673	0.0	117500	1716.520602464676
47	-49.22	-49.22	-48.2	-10.982107	18.450657	8.7726345	-63.689625	-10.981902	0.0	120000	1753.1241714954376
48	-48.7	-48.7	-50.0	-10.98125	18.441393	5.9790597	-60.057854	-10.981139	0.0	122500	1790.0853474140167
49	-49.86	-49.86	-44.5	-10.994582	18.409182	6.1199894	-63.34339	-10.995246	0.2	125000	1826.939513206482
50	-49.3	-49.3	-50.0	-11.035879	18.439154	7.035948	-60.93115	-11.035318	0.0	127500	1863.9931108951569
51	-49.64	-49.64	-50.0	-11.047253	18.455395	6.2005644	-68.9358	-11.047172	0.0	130000	1900.8290202617645
52	-49.02	-49.02	-50.0	-11.070068	18.446962	10.637991	-61.832638	-11.070192	0.0	132500	1937.790575504303
53	-49.86	-49.86	-50.0	-11.092675	18.423735	7.502127	-60.96772	-11.09293	0.0	135000	1974.5733895301819
54	-49.68	-49.68	-49.1	-11.163026	18.451656	7.291738	-60.1899	-11.162696	0.0	137500	2011.1537721157074
55	-49.8	-49.8	-49.2	-11.200401	18.45076	6.9797735	-60.72734	-11.199966	0.0	140000	2048.8650755882263
56	-49.84	-49.84	-50.0	-11.2120695	18.433823	6.640156	-59.308292	-11.212222	0.0	142500	2084.5069727897644
57	-49.62	-49.62	-50.0	-11.252611	18.419655	10.513045	-64.12342	-11.252034	0.0	145000	2121.480449438095
58	-49.5	-49.5	-49.2	-11.292133	18.375057	4.5605297	-59.71571	-11.291944	0.0	147500	2158.504119157791
59	-49.32	-49.32	-49.2	-11.346059	18.401495	10.652259	-63.275974	-11.345515	0.0	150000	2195.492019891739
60	-49.68	-49.68	-49.4	-11.285714	18.337713	11.325922	-68.991776	-11.285187	0.0	152500	2232.7867686748505
61	-49.5	-49.5	-46.7	-11.403002	18.37455	6.449501	-63.368095	-11.403214	0.2	155000	2269.6099865436554
62	-49.18	-49.18	-45.100002	-11.343442	18.325253	7.1957903	-65.26139	-11.343322	0.1	157500	2306.561819791794
63	-48.58	-48.58	-49.4	-11.407079	18.33353	8.993287	-58.511246	-11.407691	0.0	160000	2343.806964159012
64	-49.1	-49.1	-49.6	-11.292302	18.21708	7.763779	-59.33923	-11.291898	0.0	162500	2379.8894984722137
65	-49.24	-49.24	-49.8	-11.355008	18.19083	10.267776	-64.05956	-11.35489	0.0	165000	2417.2621171474457
66	-49.32	-49.32	-49.8	-11.439811	18.222666	11.901227	-64.39688	-11.4397335	0.0	167500	2454.3688490390778
67	-48.64	-48.64	-45.2	-11.478348	18.234491	6.488335	-69.29961	-11.477834	0.1	170000	2491.5374126434326
68	-49.6	-49.6	-50.0	-11.474315	18.20445	14.7690525	-59.562454	-11.474375	0.0	172500	2528.9576137065887
69	-49.5	-49.5	-46.8	-11.48548	18.17666	9.767603	-62.706215	-11.485345	0.0	175000	2566.9641392230988
70	-49.58	-49.58	-49.7	-11.485491	18.163868	7.7143784	-60.4354	-11.485591	0.0	177500	2604.589035987854
71	-49.9	-49.9	-44.8	-11.505339	18.171883	12.081621	-67.63292	-11.50519	0.1	180000	2641.691772699356
72	-49.6	-49.6	-42.600002	-11.471992	18.13414	7.900035	-62.163364	-11.472049	0.1	182500	2678.556906938553
73	-48.96	-48.96	-48.7	-11.479683	18.090073	12.022097	-61.55649	-11.479766	0.1	185000	2716.2913365364075
74	-49.22	-49.22	-48.8	-11.502801	18.089567	5.0852137	-61.343925	-11.502949	0.0	187500	2753.195288181305
75	-49.1	-49.1	-49.8	-11.486411	18.028666	6.907709	-59.84145	-11.485816	0.0	190000	2790.784133911133
76	-48.38	-48.38	-47.7	-11.445756	17.94503	6.9300785	-60.312016	-11.445277	0.1	192500	2828.333281993866
77	-48.26	-48.26	-49.7	-11.43456	17.899	4.4313464	-64.13362	-11.434172	0.0	195000	2866.6183133125305
78	-49.68	-49.68	-49.0	-11.516048	17.960081	10.557333	-63.650726	-11.515518	0.0	197500	2904.7531218528748
79	-48.48	-48.48	-44.5	-11.474941	17.901314	11.302543	-63.92911	-11.475317	0.3	200000	2942.1524913311005
80	-49.22	-49.22	-48.4	-11.446941	17.849695	5.107475	-66.19158	-11.4467325	0.0	202500	2979.693173646927
81	-48.92	-48.92	-47.5	-11.499813	17.854914	5.885672	-60.13198	-11.499322	0.1	205000	3016.9943714141846
82	-48.68	-48.68	-48.0	-11.54514	17.850662	6.833665	-60.327118	-11.544796	0.1	207500	3055.0728170871735
83	-48.56	-48.56	-50.0	-11.661737	17.90624	5.9366245	-63.401714	-11.661419	0.0	210000	3092.6085436344147
84	-48.6	-48.6	-47.8	-11.665877	17.859854	6.9256315	-60.097683	-11.665762	0.0	212500	3129.4181332588196
85	-48.28	-48.28	-48.2	-11.660655	17.788406	7.634849	-60.92167	-11.660815	0.0	215000	3164.3331248760223
86	-48.66	-48.66	-50.0	-11.710503	17.763432	5.6341605	-59.756554	-11.710346	0.0	217500	3201.7545149326324
87	-47.84	-47.84	-46.100002	-11.775325	17.755713	7.68402	-71.65813	-11.775327	0.1	220000	3238.942139863968
88	-49.4	-49.4	-49.7	-11.784143	17.7306	6.3376994	-61.659004	-11.784225	0.0	222500	3275.825268983841
89	-48.84	-48.84	-49.0	-11.865994	17.739761	12.043027	-63.594242	-11.86621	0.0	225000	3313.741550207138
90	-49.72	-49.72	-48.3	-11.892157	17.684973	5.9609337	-63.209625	-11.891523	0.0	227500	3350.9363148212433
91	-48.94	-48.94	-50.0	-11.921779	17.653612	13.404352	-61.466175	-11.921652	0.0	230000	3388.82568860054
92	-49.32	-49.32	-46.2	-12.014051	17.704176	9.740846	-60.739258	-12.014629	0.1	232500	3426.2678780555725
93	-48.68	-48.68	-47.2	-11.977982	17.631912	7.1539946	-61.99956	-11.978265	0.1	235000	3463.268822669983
94	-48.56	-48.56	-49.9	-12.019736	17.605179	8.548555	-64.91401	-12.019626	0.1	237500	3500.337395429611
95	-48.68	-48.68	-49.6	-12.055305	17.552984	9.263672	-62.580914	-12.055251	0.0	240000	3537.593765258789
96	-48.64	-48.64	-47.3	-12.017519	17.489927	12.299284	-61.969387	-12.017834	0.1	242500	3575.4033768177032
97	-48.88	-48.88	-49.5	-12.029014	17.43083	16.865488	-61.756985	-12.028695	0.0	245000	3612.9318659305573
98	-47.72	-47.72	-49.5	-11.977075	17.349407	6.3846216	-60.79443	-11.97729	0.0	247500	3650.5795238018036
99	-47.88	-47.88	-49.6	-11.988373	17.305822	9.736504	-64.88662	-11.987759	0.0	250000	3687.5238370895386
100	-48.46	-48.46	-46.7	-12.058547	17.334589	15.321584	-65.25745	-12.059125	0.1	252500	3725.168267726898
101	-48.38	-48.38	-49.0	-12.049148	17.27628	12.480027	-65.19317	-12.04931	0.0	255000	3762.3839032649994
102	-48.8	-48.8	-49.3	-12.096687	17.270334	11.295438	-65.742256	-12.096593	0.0	257500	3799.7918858528137
103	-48.56	-48.56	-49.8	-12.125038	17.213928	10.237888	-65.210304	-12.125166	0.0	260000	3837.986259460449
104	-48.52	-48.52	-50.0	-12.142092	17.218578	8.257901	-66.90719	-12.14282	0.0	262500	3875.8085672855377
105	-49.22	-49.22	-45.8	-12.206996	17.23997	9.5476465	-66.569534	-12.207197	0.0	265000	3913.4810979366302
106	-49.44	-49.44	-46.9	-12.18995	17.19876	7.2171702	-63.649128	-12.189391	0.1	267500	3950.7384827136993
107	-48.7	-48.7	-45.5	-12.214572	17.17425	11.293689	-61.52294	-12.214195	0.2	270000	3987.733339548111
108	-49.3	-49.3	-50.0	-12.25823	17.19716	8.143951	-64.5935	-12.2580595	0.0	272500	4025.120048761368
109	-48.74	-48.74	-47.7	-12.267688	17.173197	25.466074	-63.196335	-12.267393	0.1	275000	4061.920307636261
110	-47.9	-47.9	-48.4	-12.298919	17.152544	18.111368	-65.28422	-12.298519	0.0	277500	4099.192787647247
111	-48.84	-48.84	-48.4	-12.306545	17.1216	15.048322	-63.89218	-12.306659	0.0	280000	4136.139034986496
112	-47.1	-47.1	-48.5	-12.342171	17.14791	23.860514	-64.54046	-12.341811	0.0	282500	4173.361010313034
113	-48.44	-48.44	-48.9	-12.298796	17.124605	20.44494	-65.1334	-12.299311	0.0	285000	4211.05312037468
114	-47.16	-47.16	-46.2	-12.278703	17.034458	20.475182	-68.682816	-12.278917	0.0	287500	4247.801452875137
115	-48.72	-48.72	-48.5	-12.286921	17.02612	11.831825	-63.95091	-12.287355	0.1	290000	4285.000650167465
116	-48.72	-48.72	-49.6	-12.228989	16.974995	19.393564	-64.224174	-12.228871	0.0	292500	4322.796500205994
117	-48.32	-48.32	-49.5	-12.26538	17.000467	9.307961	-67.42806	-12.265687	0.0	295000	4360.592169284821
118	-46.8	-46.8	-47.4	-12.259159	16.949099	5.7737317	-64.42011	-12.259075	0.1	297500	4397.769809246063
119	-47.62	-47.62	-49.6	-12.284221	16.941628	8.871374	-64.22248	-12.284378	0.0	300000	4434.768757820129
120	-49.06	-49.06	-46.100002	-12.378559	16.953026	10.618804	-63.042522	-12.378643	0.2	302500	4471.702971935272
121	-48.06	-48.06	-49.2	-12.4434395	16.939133	9.187631	-64.331055	-12.442949	0.0	305000	4509.089252471924
122	-48.6	-48.6	-45.399998	-12.356682	16.854237	8.425336	-69.59487	-12.356652	0.1	307500	4547.067812204361
123	-49.46	-49.46	-48.9	-12.441676	16.8796	11.527364	-64.1041	-12.441662	0.0	310000	4584.765701293945
124	-47.76	-47.76	-44.2	-12.469916	16.916006	7.239265	-63.86656	-12.470131	0.2	312500	4622.116861343384
125	-48.64	-48.64	-44.399998	-12.407059	16.848646	11.0586	-62.021984	-12.407488	0.1	315000	4660.072774410248
126	-46.46	-46.46	-46.9	-12.470036	16.836323	9.787528	-61.19619	-12.469868	0.0	317500	4697.448711872101
127	-48.2	-48.2	-43.0	-12.466713	16.823685	10.121916	-60.65801	-12.466805	0.1	320000	4735.076585292816
128	-48.56	-48.56	-48.0	-12.454473	16.785652	35.40009	-61.770355	-12.455437	0.0	322500	4772.238891124725
129	-48.02	-48.02	-48.2	-12.491575	16.768616	17.735327	-65.64202	-12.4914055	0.0	325000	4809.771639823914
130	-48.48	-48.48	-50.0	-12.51014	16.735792	8.714523	-62.427254	-12.510742	0.0	327500	4847.449387788773
131	-48.54	-48.54	-47.7	-12.453559	16.739788	9.435224	-69.55888	-12.453413	0.0	330000	4884.769045114517
132	-46.48	-46.48	-46.8	-12.507787	16.772852	7.8513303	-60.393368	-12.508043	0.1	332500	4921.934168338776
133	-46.38	-46.38	-45.600002	-12.581502	16.814972	15.039534	-65.799675	-12.582022	0.2	335000	4959.300614833832
134	-46.46	-46.46	-39.899998	-12.624345	16.793009	8.3227215	-63.67193	-12.624374	0.2	337500	4996.073150634766
135	-47.78	-47.78	-44.399998	-12.601836	16.779745	10.132427	-62.39813	-12.602292	0.1	340000	5032.832555770874
136	-47.54	-47.54	-46.5	-12.592451	16.782928	13.400608	-66.81198	-12.593181	0.1	342500	5069.615098953247
137	-48.94	-48.94	-45.600002	-12.637027	16.769821	10.725194	-71.93189	-12.637503	0.1	345000	5106.8603439331055
138	-48.98	-48.98	-48.2	-12.639229	16.738968	10.311289	-62.945007	-12.639623	0.0	347500	5144.488486051559
139	-47.16	-47.16	-46.9	-12.791366	16.869198	12.877097	-72.88001	-12.79126	0.1	350000	5180.614413738251
140	-48.86	-48.86	-45.8	-12.729922	16.814255	9.097827	-65.152954	-12.730032	0.1	352500	5217.58415222168
141	-48.16	-48.16	-50.0	-12.74978	16.80336	14.381151	-68.283875	-12.750286	0.0	355000	5255.222278594971
142	-48.0	-48.0	-47.5	-12.64401	16.70709	8.41978	-64.90115	-12.644728	0.0	357500	5292.323765993118
143	-47.28	-47.28	-42.5	-12.724675	16.768347	9.682361	-77.63391	-12.7249775	0.1	360000	5328.170461177826
144	-47.56	-47.56	-48.5	-12.697841	16.740932	12.0197115	-66.36593	-12.698021	0.0	362500	5364.490031480789
145	-48.16	-48.16	-44.3	-12.7622385	16.792355	9.294331	-66.47247	-12.762311	0.2	365000	5401.908551692963
146	-46.18	-46.18	-46.2	-12.745038	16.766527	8.252482	-62.913643	-12.745746	0.1	367500	5439.002045631409
147	-47.88	-47.88	-42.3	-12.714288	16.732754	6.299786	-66.28496	-12.714646	0.4	370000	5476.464677810669
148	-49.04	-49.04	-37.899998	-12.69771	16.750391	23.238003	-60.922455	-12.698035	0.5	372500	5513.390734195709
149	-46.58	-46.58	-47.1	-12.665981	16.723248	7.856956	-73.51449	-12.666887	0.1	375000	5549.86437702179
150	-47.82	-47.82	-44.5	-12.644407	16.710632	12.691681	-71.04293	-12.644576	0.1	377500	5586.743056297302
151	-47.74	-47.74	-47.4	-12.666015	16.745853	11.315964	-73.21803	-12.666424	0.0	380000	5624.606239557266
152	-46.76	-46.76	-42.3	-12.63101	16.68747	37.789265	-68.109375	-12.6311035	0.3	382500	5659.129966020584
153	-48.58	-48.58	-38.399998	-12.613135	16.651947	13.943866	-67.58021	-12.613303	0.2	385000	5696.809860706329
154	-46.7	-46.7	-40.5	-12.609723	16.643797	17.160978	-65.66773	-12.609555	0.3	387500	5734.808869361877
155	-47.14	-47.14	-48.5	-12.691841	16.732723	7.0354843	-75.849236	-12.691699	0.0	390000	5772.219820976257
156	-46.8	-46.8	-47.2	-12.631772	16.717539	11.152941	-65.5863	-12.631889	0.1	392500	5808.785238981247
157	-47.86	-47.86	-49.8	-12.642599	16.687416	9.107694	-69.7105	-12.642851	0.0	395000	5846.332416534424
158	-48.64	-48.64	-49.2	-12.75671	16.762766	14.411988	-90.619576	-12.756738	0.0	397500	5883.558131694794
159	-47.54	-47.54	-40.7	-12.762901	16.79376	9.277136	-67.102715	-12.763134	0.4	400000	5921.176074743271
160	-47.12	-47.12	-43.100002	-12.741312	16.765245	17.26158	-94.29232	-12.740739	0.1	402500	5958.590150117874
161	-48.28	-48.28	-49.6	-12.773048	16.787476	21.597227	-69.47672	-12.772911	0.0	405000	5996.231561899185
162	-45.08	-45.08	-41.3	-12.798994	16.845839	13.250138	-69.16765	-12.799153	0.2	407500	6033.188745498657
163	-47.2	-47.2	-38.100002	-12.814628	16.852173	9.816972	-69.59746	-12.814491	0.3	410000	6070.40768456459
164	-47.68	-47.68	-41.600002	-12.845339	16.884663	16.938755	-80.1026	-12.845454	0.1	412500	6108.7151119709015
165	-47.26	-47.26	-46.9	-12.936808	16.943882	14.354725	-69.34152	-12.936761	0.1	415000	6145.660165309906
166	-46.46	-46.46	-42.3	-12.930879	16.967213	44.65252	-65.52392	-12.930904	0.3	417500	6183.731150865555
167	-47.54	-47.54	-41.0	-13.025774	17.039358	16.084764	-67.366394	-13.026177	0.2	420000	6221.438549518585
168	-46.8	-46.8	-42.8	-12.991057	16.987694	15.918605	-67.41036	-12.990941	0.2	422500	6258.3568522930145
169	-48.16	-48.16	-46.0	-13.055761	17.075665	16.43285	-65.73108	-13.055981	0.1	425000	6295.731153726578
170	-46.5	-46.5	-48.7	-13.00891	17.056551	43.72946	-73.72123	-13.00966	0.0	427500	6332.790172100067
171	-47.7	-47.7	-39.399998	-13.058232	17.09155	26.890402	-91.68078	-13.058577	0.4	430000	6369.360408306122
172	-47.54	-47.54	-44.0	-13.090957	17.169462	11.92984	-63.277016	-13.090827	0.2	432500	6406.152282953262
173	-47.3	-47.3	-42.0	-13.061811	17.145565	27.5847	-69.909515	-13.061838	0.3	435000	6442.396376132965
174	-47.2	-47.2	-41.5	-13.095531	17.173454	12.02289	-64.9417	-13.095504	0.2	437500	6478.467447757721
175	-47.72	-47.72	-42.100002	-13.087857	17.17673	9.455718	-98.094925	-13.088068	0.2	440000	6515.428776264191
176	-45.78	-45.78	-46.9	-13.119183	17.197111	15.805206	-73.988464	-13.119431	0.1	442500	6552.3104038238525
177	-47.2	-47.2	-47.2	-13.128795	17.193289	13.270348	-70.995514	-13.128949	0.0	445000	6588.449030637741
178	-46.08	-46.08	-45.3	-13.164304	17.2293	11.033652	-70.38821	-13.163968	0.1	447500	6625.922726154327
179	-46.88	-46.88	-44.3	-13.203746	17.293123	10.192741	-78.03009	-13.203833	0.2	450000	6662.59578871727
180	-48.08	-48.08	-47.5	-13.2467575	17.316013	40.387154	-111.96191	-13.246164	0.0	452500	6700.31515955925
181	-48.74	-48.74	-48.1	-13.260174	17.334522	11.382	-79.76245	-13.260273	0.0	455000	6737.348309993744
182	-46.7	-46.7	-44.5	-13.200791	17.340536	9.319278	-75.71833	-13.2012005	0.2	457500	6773.371073246002
183	-48.22	-48.22	-34.399998	-13.2501745	17.354618	41.565796	-70.59915	-13.249728	0.4	460000	6810.907409906387
184	-44.54	-44.54	-47.3	-13.215304	17.303251	14.437353	-81.63051	-13.215822	0.0	462500	6848.397339105606
185	-47.48	-47.48	-44.399998	-13.227582	17.333723	11.236977	-69.515724	-13.228344	0.0	465000	6885.655458450317
186	-47.0	-47.0	-43.2	-13.276539	17.373657	35.684353	-73.07355	-13.276364	0.3	467500	6922.622262716293
187	-47.12	-47.12	-44.0	-13.317907	17.406984	31.930248	-94.82127	-13.318337	0.3	470000	6959.77135181427
188	-46.34	-46.34	-38.2	-13.28342	17.381407	18.415636	-65.21261	-13.283693	0.2	472500	6996.531618833542
189	-48.44	-48.44	-39.100002	-13.290763	17.374874	19.272324	-68.04434	-13.291138	0.2	475000	7033.594124555588
190	-46.66	-46.66	-37.7	-13.329686	17.380522	12.029409	-67.27442	-13.329898	0.3	477500	7071.099818944931
191	-46.48	-46.48	-44.2	-13.329869	17.40069	17.344244	-67.32098	-13.329664	0.1	480000	7107.805619716644
192	-48.42	-48.42	-44.3	-13.370852	17.43172	16.7195	-74.17206	-13.37134	0.1	482500	7145.33020734787
193	-47.46	-47.46	-50.0	-13.346881	17.416563	18.677406	-96.671486	-13.3472595	0.0	485000	7181.74814581871
194	-46.72	-46.72	-47.7	-13.3389635	17.430513	11.246582	-74.27024	-13.338874	0.1	487500	7219.392426967621
195	-46.8	-46.8	-47.7	-13.326024	17.456276	21.516895	-125.75239	-13.326264	0.0	490000	7257.022088527679
196	-47.66	-47.66	-43.0	-13.331372	17.39888	9.509382	-65.80228	-13.331519	0.3	492500	7294.954258680344
197	-46.68	-46.68	-35.5	-13.390784	17.444803	15.818504	-81.33635	-13.391162	0.4	495000	7332.192995786667
198	-47.74	-47.74	-44.7	-13.408308	17.46548	13.90076	-72.16427	-13.4081745	0.2	497500	7369.772461652756
199	-47.26	-47.26	-49.3	-13.39788	17.492964	35.569088	-112.96828	-13.398365	0.0	500000	7406.802518129349
200	-45.4	-45.4	-46.5	-13.381859	17.504553	14.847638	-66.80345	-13.381717	0.0	502500	7443.88157248497
201	-47.06	-47.06	-45.0	-13.321398	17.423681	8.958867	-84.58019	-13.32171	0.2	505000	7481.924170732498
202	-46.12	-46.12	-43.5	-13.329374	17.43157	26.116547	-133.22755	-13.329826	0.3	507500	7519.493292570114
203	-46.82	-46.82	-46.399998	-13.384823	17.491053	37.548435	-66.63464	-13.3848295	0.2	510000	7557.10596871376
204	-46.32	-46.32	-43.3	-13.371313	17.49156	6.1286793	-64.995224	-13.372062	0.3	512500	7594.404894590378
205	-47.66	-47.66	-49.4	-13.335689	17.481907	24.848417	-78.57182	-13.335387	0.0	515000	7631.4747223854065
206	-47.68	-47.68	-42.600002	-13.363466	17.513733	29.754993	-78.88421	-13.364271	0.2	517500	7669.030310630798
207	-46.02	-46.02	-45.5	-13.369509	17.508156	19.774385	-65.30465	-13.370006	0.1	520000	7706.052926301956
208	-46.9	-46.9	-41.3	-13.408686	17.54649	24.625982	-66.55482	-13.408579	0.5	522500	7742.62208199501
209	-46.64	-46.64	-48.6	-13.383456	17.5124	18.846663	-72.25762	-13.384003	0.0	525000	7779.700685977936
210	-46.6	-46.6	-42.5	-13.370673	17.547894	16.508081	-72.04843	-13.370868	0.2	527500	7816.97008395195
211	-45.5	-45.5	-47.6	-13.429144	17.60025	14.718503	-103.8055	-13.43007	0.0	530000	7853.355478525162
212	-48.18	-48.18	-40.0	-13.382173	17.570272	9.713329	-62.46054	-13.382693	0.4	532500	7890.268687725067
213	-46.28	-46.28	-43.100002	-13.445936	17.593328	17.600163	-79.12318	-13.446321	0.1	535000	7927.2115252017975
214	-47.42	-47.42	-42.3	-13.333056	17.516586	14.013557	-67.50757	-13.333886	0.1	537500	7964.530971050262
215	-48.26	-48.26	-48.8	-13.388946	17.598124	17.996601	-82.127205	-13.3887615	0.0	540000	8001.752566099167
216	-46.86	-46.86	-49.1	-13.484682	17.644855	18.372229	-63.68358	-13.485257	0.0	542500	8038.393263578415
217	-46.82	-46.82	-46.0	-13.435681	17.616745	10.334373	-80.13081	-13.43562	0.0	545000	8075.656013727188
218	-47.54	-47.54	-43.100002	-13.428305	17.62237	24.88067	-71.267685	-13.429076	0.1	547500	8112.946047544479
219	-47.58	-47.58	-45.2	-13.381551	17.612282	14.94108	-69.291405	-13.381233	0.1	550000	8149.880811452866
220	-46.32	-46.32	-37.5	-13.410089	17.637716	18.050009	-73.657005	-13.410101	0.3	552500	8186.692726135254
221	-46.06	-46.06	-39.0	-13.383364	17.614565	14.432184	-77.03734	-13.383215	0.2	555000	8223.808270215988
222	-46.62	-46.62	-39.5	-13.41092	17.644127	16.856623	-68.35057	-13.412036	0.1	557500	8260.493657588959
223	-47.66	-47.66	-42.5	-13.447102	17.650991	16.391409	-90.57235	-13.447575	0.2	560000	8297.069915533066
224	-47.62	-47.62	-48.6	-13.442631	17.644627	10.551435	-67.248146	-13.442657	0.1	562500	8334.592512369156
225	-47.6	-47.6	-45.100002	-13.405956	17.624899	20.30375	-68.31813	-13.407072	0.2	565000	8372.345960140228
226	-45.32	-45.32	-44.8	-13.391736	17.628115	14.822188	-71.38188	-13.39169	0.0	567500	8409.868848323822
227	-46.0	-46.0	-39.399998	-13.401174	17.622551	17.44586	-67.754814	-13.401747	0.3	570000	8447.522436857224
228	-46.16	-46.16	-48.9	-13.426723	17.637798	9.420624	-79.28472	-13.426565	0.1	572500	8484.970759391785
229	-45.58	-45.58	-47.7	-13.424602	17.637125	14.088058	-73.94767	-13.425789	0.1	575000	8522.936361074448
230	-47.42	-47.42	-41.5	-13.37136	17.58138	13.871979	-74.942444	-13.371552	0.4	577500	8560.673844099045
231	-43.18	-43.18	-41.5	-13.342004	17.592628	20.087246	-78.43942	-13.342084	0.1	580000	8598.442153453827
232	-46.2	-46.2	-44.100002	-13.319607	17.569553	16.605074	-68.14144	-13.320242	0.1	582500	8636.61626458168
233	-45.72	-45.72	-39.5	-13.365072	17.596243	12.652536	-70.55798	-13.365454	0.2	585000	8673.878405809402
234	-46.98	-46.98	-46.7	-13.358073	17.5966	14.217663	-73.748955	-13.3584585	0.1	587500	8710.676918506622
235	-48.68	-48.68	-45.899998	-13.376304	17.602982	10.601534	-68.77536	-13.37737	0.3	590000	8747.578156471252
236	-48.12	-48.12	-42.600002	-13.41414	17.625038	10.624415	-74.02281	-13.414806	0.2	592500	8785.207716226578
237	-45.76	-45.76	-49.0	-13.415503	17.654205	7.621503	-65.29803	-13.415546	0.0	595000	8822.333539485931
238	-47.36	-47.36	-43.7	-13.37385	17.6518	32.276184	-77.58348	-13.374961	0.1	597500	8859.202135324478
239	-48.54	-48.54	-38.8	-13.422704	17.670952	21.08744	-104.8836	-13.423301	0.1	600000	8896.308811187744
240	-45.02	-45.02	-44.7	-13.395448	17.665316	13.8821125	-67.383835	-13.395795	0.2	602500	8932.124954223633
241	-46.08	-46.08	-46.5	-13.383847	17.641136	7.93379	-110.02293	-13.385233	0.1	605000	8969.012083053589
242	-45.62	-45.62	-43.399998	-13.430737	17.666262	14.133619	-68.32417	-13.4311905	0.3	607500	9006.101323604584
243	-45.4	-45.4	-49.0	-13.474981	17.73936	14.661903	-82.11079	-13.475837	0.0	610000	9044.227093935013
244	-48.22	-48.22	-44.3	-13.49887	17.77337	15.94305	-85.370415	-13.499275	0.1	612500	9082.007907152176
245	-46.82	-46.82	-47.0	-13.498211	17.77861	26.342815	-72.237114	-13.498784	0.0	615000	9119.698607683182
246	-46.6	-46.6	-48.2	-13.463957	17.762253	14.341663	-66.71321	-13.464221	0.0	617500	9157.249136924744
247	-46.92	-46.92	-46.100002	-13.440251	17.7553	15.885482	-74.496666	-13.441177	0.1	620000	9195.337738275528
248	-47.12	-47.12	-49.1	-13.444681	17.718561	17.478855	-70.52317	-13.445225	0.0	622500	9233.024642705917
249	-46.78	-46.78	-41.8	-13.482229	17.787455	18.125605	-68.19217	-13.482541	0.2	625000	9270.219091892242
250	-47.64	-47.64	-45.3	-13.477837	17.804104	10.584772	-72.83679	-13.478464	0.2	627500	9307.837271213531
251	-45.64	-45.64	-49.2	-13.528507	17.827347	10.231849	-78.69849	-13.528978	0.0	630000	9346.23968744278
252	-46.78	-46.78	-42.600002	-13.486373	17.775196	8.462294	-66.331375	-13.486909	0.2	632500	9384.475863456726
253	-47.38	-47.38	-42.2	-13.438156	17.74572	8.977329	-103.83043	-13.4386635	0.1	635000	9422.37281370163
254	-48.06	-48.06	-44.100002	-13.434968	17.752195	8.49822	-67.37048	-13.43485	0.2	637500	9459.97604751587
255	-46.6	-46.6	-44.899998	-13.444141	17.775421	12.369173	-73.52482	-13.444611	0.2	640000	9497.809569597244
256	-47.8	-47.8	-47.8	-13.435339	17.777021	15.393452	-82.526146	-13.435674	0.0	642500	9535.8486058712
257	-45.7	-45.7	-48.8	-13.445648	17.790854	11.382486	-63.60958	-13.445908	0.0	645000	9573.88310599327
258	-47.54	-47.54	-49.1	-13.484862	17.820263	12.406248	-67.603264	-13.485376	0.0	647500	9611.732960224152
259	-46.64	-46.64	-49.4	-13.496007	17.813732	9.4889765	-64.75881	-13.496764	0.0	650000	9648.715850830078
260	-47.22	-47.22	-46.7	-13.456967	17.788101	9.962619	-61.804844	-13.457577	0.1	652500	9683.41348862648
261	-48.38	-48.38	-49.5	-13.43733	17.772852	11.69061	-64.77701	-13.437399	0.1	655000	9719.931846141815
262	-47.44	-47.44	-46.3	-13.506619	17.799093	10.315533	-68.8869	-13.506962	0.2	657500	9756.960973501205
263	-47.72	-47.72	-46.3	-13.464174	17.786192	9.320147	-62.351635	-13.464871	0.1	660000	9793.482465267181
264	-47.44	-47.44	-47.3	-13.5062475	17.81636	12.862359	-68.44913	-13.506195	0.1	662500	9830.969142198563
265	-46.26	-46.26	-44.600002	-13.452487	17.786774	20.92697	-66.27023	-13.453398	0.1	665000	9868.3434445858
266	-48.62	-48.62	-45.100002	-13.473967	17.786158	15.671543	-66.94112	-13.473992	0.1	667500	9905.620477199554
267	-46.92	-46.92	-40.899998	-13.525739	17.786592	15.61231	-64.5714	-13.526331	0.1	670000	9941.986756801605
268	-48.04	-48.04	-46.6	-13.425176	17.709618	16.154337	-65.898254	-13.425577	0.0	672500	9978.09885597229
269	-48.2	-48.2	-43.5	-13.446889	17.685518	13.691997	-73.28676	-13.447433	0.3	675000	10015.307814359665
270	-48.9	-48.9	-47.5	-13.439993	17.642855	10.98254	-66.35628	-13.440379	0.0	677500	10052.802434444427
271	-49.3	-49.3	-49.0	-13.395425	17.636173	15.355276	-62.96848	-13.395731	0.0	680000	10090.938081264496
272	-47.64	-47.64	-49.7	-13.460511	17.6655	14.579599	-73.451904	-13.460909	0.0	682500	10128.71330165863
273	-45.94	-45.94	-48.4	-13.482555	17.680847	10.331174	-69.17556	-13.482485	0.0	685000	10166.247005701065
274	-47.78	-47.78	-44.2	-13.449065	17.661139	10.602367	-68.115166	-13.449939	0.2	687500	10203.88434624672
275	-47.34	-47.34	-45.899998	-13.406875	17.639467	10.607618	-61.478287	-13.4068985	0.1	690000	10240.036348819733
276	-46.64	-46.64	-46.8	-13.465872	17.668646	10.275631	-61.352978	-13.466335	0.1	692500	10277.408817768097
277	-47.48	-47.48	-42.100002	-13.434961	17.662283	8.210358	-63.92072	-13.434816	0.3	695000	10315.040388822556
278	-48.6	-48.6	-49.4	-13.44297	17.652126	25.813309	-72.838844	-13.443073	0.0	697500	10352.240646362305
279	-48.54	-48.54	-46.6	-13.501678	17.69455	9.102462	-68.85168	-13.50149	0.1	700000	10389.617857694626
280	-46.16	-46.16	-48.2	-13.519201	17.642555	8.062452	-60.827152	-13.519361	0.1	702500	10426.933113336563
281	-47.76	-47.76	-46.399998	-13.515211	17.628136	28.295397	-67.289825	-13.515573	0.2	705000	10463.79529428482
282	-48.52	-48.52	-48.2	-13.555096	17.657196	17.294313	-67.47313	-13.555355	0.1	707500	10499.935383319855
283	-47.54	-47.54	-43.8	-13.599827	17.655964	79.93022	-65.46645	-13.599789	0.3	710000	10537.199373960495
284	-47.66	-47.66	-43.899998	-13.647442	17.676498	23.370052	-69.482155	-13.648206	0.2	712500	10574.378155231476
285	-47.48	-47.48	-45.3	-13.562265	17.632576	19.494884	-62.87327	-13.562286	0.0	715000	10611.663454055786
286	-48.0	-48.0	-45.2	-13.578867	17.648561	8.897285	-77.21078	-13.579225	0.2	717500	10648.488651275635
287	-48.42	-48.42	-48.7	-13.567753	17.623491	9.631188	-66.13156	-13.568355	0.0	720000	10685.850193023682
288	-47.76	-47.76	-46.5	-13.53136	17.628706	19.337227	-68.013176	-13.531375	0.1	722500	10722.720673561096
289	-45.62	-45.62	-40.399998	-13.581325	17.638882	18.795757	-78.43798	-13.581496	0.3	725000	10759.3803191185
290	-45.36	-45.36	-46.3	-13.538843	17.584274	15.137384	-72.71839	-13.539102	0.1	727500	10796.642364263535
291	-48.42	-48.42	-49.8	-13.486966	17.521677	22.599142	-73.64758	-13.487463	0.0	730000	10834.537314891815
292	-47.86	-47.86	-46.6	-13.5037775	17.536785	12.349855	-73.37809	-13.505017	0.1	732500	10871.801757335663
293	-48.5	-48.5	-46.6	-13.558197	17.554232	27.470356	-70.10613	-13.558758	0.0	735000	10908.906091213226
294	-47.76	-47.76	-44.5	-13.5735	17.575464	16.382126	-66.68289	-13.57357	0.2	737500	10946.941714525223
295	-47.42	-47.42	-47.3	-13.474953	17.513803	14.803181	-64.99956	-13.475523	0.1	740000	10984.515234231949
296	-47.38	-47.38	-49.2	-13.464472	17.527676	18.143057	-78.81441	-13.464585	0.0	742500	11022.21337556839
297	-46.54	-46.54	-45.0	-13.462528	17.507284	19.702177	-73.036705	-13.462405	0.3	745000	11060.233569145203
298	-47.34	-47.34	-48.4	-13.453748	17.488731	16.307184	-74.941864	-13.453977	0.0	747500	11097.617601633072
299	-47.06	-47.06	-45.7	-13.488023	17.500132	17.036158	-74.66815	-13.488125	0.2	750000	11135.034474849701
300	-46.16	-46.16	-45.8	-13.491266	17.515106	14.797853	-71.86887	-13.491779	0.1	752500	11171.819892644882
301	-45.96	-45.96	-45.5	-13.483089	17.487835	12.343222	-72.791855	-13.483494	0.1	755000	11208.907775878906
302	-46.64	-46.64	-39.8	-13.50498	17.516314	19.34066	-74.82841	-13.505179	0.3	757500	11246.126314163208
303	-45.62	-45.62	-47.0	-13.5291195	17.530905	14.04301	-65.12858	-13.529184	0.1	760000	11283.781340122223
304	-45.28	-45.28	-44.8	-13.540471	17.539083	10.081664	-68.29826	-13.540375	0.1	762500	11321.491387605667
305	-46.3	-46.3	-48.7	-13.50615	17.498732	11.714921	-80.09201	-13.506281	0.1	765000	11359.24286031723
306	-46.1	-46.1	-41.2	-13.501769	17.488266	6.560969	-73.47734	-13.501638	0.3	767500	11396.922065019608
307	-46.28	-46.28	-45.3	-13.512397	17.494192	15.1061535	-67.52713	-13.512071	0.0	770000	11434.78307390213
308	-47.08	-47.08	-43.100002	-13.486515	17.474968	11.506422	-70.55856	-13.486337	0.1	772500	11473.534224748611
309	-47.52	-47.52	-46.399998	-13.570833	17.538557	10.300904	-68.20434	-13.571342	0.0	775000	11511.850674390793
310	-46.64	-46.64	-37.600002	-13.579187	17.513569	28.48972	-66.933174	-13.578952	0.3	777500	11549.106233596802
311	-47.32	-47.32	-45.899998	-13.611062	17.53362	28.564045	-65.88594	-13.611374	0.3	780000	11586.536015033722
312	-46.34	-46.34	-43.3	-13.54313	17.502094	20.44122	-72.84813	-13.543539	0.4	782500	11624.013550758362
313	-46.14	-46.14	-40.399998	-13.553468	17.500784	20.971407	-73.73023	-13.553949	0.1	785000	11660.507634162903
314	-45.22	-45.22	-46.5	-13.482251	17.44942	13.010798	-77.727745	-13.481993	0.1	787500	11697.335299491882
315	-46.52	-46.52	-35.899998	-13.38721	17.400383	16.750221	-91.75058	-13.387621	0.4	790000	11733.969830513
316	-46.54	-46.54	-41.8	-13.434535	17.405252	11.867161	-76.73208	-13.434944	0.2	792500	11770.103466272354
317	-46.88	-46.88	-45.8	-13.398079	17.380186	13.512003	-72.838165	-13.398359	0.3	795000	11806.852811336517
318	-46.7	-46.7	-42.899998	-13.413855	17.403797	10.507467	-67.783	-13.41417	0.2	797500	11843.45518565178
319	-46.94	-46.94	-40.0	-13.418673	17.396458	11.771482	-73.7424	-13.4191065	0.3	800000	11880.666315555573
320	-45.26	-45.26	-37.899998	-13.441222	17.382353	13.68792	-69.23694	-13.441427	0.4	802500	11918.663577079773
321	-47.54	-47.54	-46.100002	-13.426869	17.376938	13.786016	-64.70634	-13.426739	0.0	805000	11956.769969463348
322	-46.48	-46.48	-46.3	-13.370984	17.341648	17.87257	-83.481026	-13.370665	0.2	807500	11994.327252626419
323	-45.04	-45.04	-49.6	-13.417509	17.343372	15.055288	-68.23412	-13.417868	0.0	810000	12031.659770727158
324	-44.9	-44.9	-43.899998	-13.446652	17.389933	13.919741	-65.96427	-13.447071	0.1	812500	12069.223244428635
325	-46.56	-46.56	-47.9	-13.376991	17.334326	16.95409	-76.79808	-13.376859	0.0	815000	12107.112895488739
326	-45.56	-45.56	-44.8	-13.385092	17.331808	17.060354	-68.54717	-13.385011	0.1	817500	12144.78162431717
327	-45.78	-45.78	-48.3	-13.4434595	17.384068	21.084435	-67.17927	-13.444081	0.0	820000	12182.55004620552
328	-46.6	-46.6	-42.3	-13.422083	17.35183	14.4366255	-73.84959	-13.422035	0.3	822500	12220.804690122604
329	-46.24	-46.24	-42.3	-13.460104	17.393179	9.659349	-76.85104	-13.460389	0.2	825000	12258.91686296463
330	-46.44	-46.44	-49.3	-13.427708	17.352839	14.093404	-63.155407	-13.427927	0.0	827500	12296.585834264755
331	-47.7	-47.7	-45.8	-13.498604	17.36629	27.160503	-83.65957	-13.49907	0.0	830000	12334.376517295837
332	-46.46	-46.46	-45.899998	-13.549567	17.417528	14.790261	-81.82632	-13.549846	0.1	832500	12372.048708677292
333	-47.5	-47.5	-43.399998	-13.428129	17.334557	13.984813	-75.076035	-13.428274	0.2	835000	12410.329430103302
334	-46.4	-46.4	-40.2	-13.543905	17.397558	18.877977	-68.86513	-13.543914	0.5	837500	12448.513100385666
335	-47.28	-47.28	-42.5	-13.538565	17.388393	13.977797	-67.315636	-13.538663	0.3	840000	12485.850621938705
336	-47.6	-47.6	-45.3	-13.550509	17.400518	11.7507105	-78.32335	-13.550869	0.0	842500	12523.27596950531
337	-47.98	-47.98	-43.2	-13.609738	17.40669	17.586145	-76.96054	-13.610099	0.2	845000	12560.302255392075
338	-45.06	-45.06	-39.5	-13.593293	17.389967	9.944212	-76.59374	-13.593545	0.4	847500	12597.560944795609
339	-47.22	-47.22	-42.100002	-13.549002	17.378986	34.460716	-77.62563	-13.549464	0.1	850000	12634.78863811493
340	-45.56	-45.56	-43.600002	-13.636351	17.430569	14.754415	-78.05187	-13.636312	0.4	852500	12672.681249856949
341	-48.14	-48.14	-47.6	-13.629525	17.427034	29.543402	-66.6008	-13.629542	0.2	855000	12710.267138957977
342	-45.1	-45.1	-40.0	-13.656765	17.41127	10.779621	-86.45001	-13.657441	0.1	857500	12748.687450885773
343	-46.88	-46.88	-42.600002	-13.655631	17.430864	14.236868	-75.10347	-13.655859	0.1	860000	12787.226546525955
344	-47.08	-47.08	-46.7	-13.645616	17.39271	24.666023	-75.45149	-13.645712	0.1	862500	12825.780011177063
345	-46.62	-46.62	-42.0	-13.663098	17.424273	16.305168	-78.39749	-13.662846	0.3	865000	12864.255159378052
346	-46.32	-46.32	-40.0	-13.612886	17.389526	20.109941	-77.46398	-13.613239	0.2	867500	12902.977918863297
347	-47.4	-47.4	-43.8	-13.580995	17.36344	11.51475	-65.0675	-13.581713	0.1	870000	12940.881129026413
348	-45.94	-45.94	-43.8	-13.524964	17.316168	14.605632	-68.27927	-13.52516	0.1	872500	12978.605776071548
349	-47.64	-47.64	-45.2	-13.585628	17.3441	26.79414	-74.2526	-13.5863285	0.1	875000	13016.538057565689
350	-46.42	-46.42	-40.899998	-13.518889	17.338287	10.952521	-92.43494	-13.519317	0.5	877500	13054.067895889282
351	-45.7	-45.7	-43.899998	-13.536526	17.349167	13.910252	-86.28178	-13.536381	0.1	880000	13092.273813962936
352	-45.94	-45.94	-47.2	-13.538876	17.333113	12.68567	-68.66805	-13.539729	0.0	882500	13129.94180226326
353	-44.1	-44.1	-39.7	-13.532638	17.298176	9.675893	-74.329735	-13.532932	0.4	885000	13168.432553052902
354	-45.76	-45.76	-44.0	-13.478248	17.265865	12.730684	-70.58251	-13.478838	0.2	887500	13206.594479560852
355	-45.42	-45.42	-44.2	-13.558255	17.293447	16.952122	-72.46992	-13.558593	0.2	890000	13244.7378885746
356	-46.88	-46.88	-40.7	-13.572675	17.30219	12.790758	-88.26786	-13.573096	0.4	892500	13282.267800092697
357	-45.5	-45.5	-47.6	-13.522214	17.30161	12.309271	-66.1553	-13.522855	0.0	895000	13319.8367125988
358	-45.84	-45.84	-40.600002	-13.549164	17.302273	18.880611	-73.204636	-13.549392	0.3	897500	13357.754791498184
359	-46.24	-46.24	-44.2	-13.571339	17.286648	16.651575	-70.92814	-13.572024	0.3	900000	13394.740715742111
360	-42.5	-42.5	-40.899998	-13.540832	17.244335	14.299542	-72.80847	-13.541343	0.3	902500	13431.718064069748
361	-46.6	-46.6	-41.0	-13.481259	17.217813	11.523321	-63.16685	-13.481794	0.2	905000	13468.753071784973
362	-46.82	-46.82	-37.8	-13.510386	17.220388	7.752694	-75.82734	-13.510956	0.3	907500	13505.056259155273
363	-46.34	-46.34	-41.3	-13.514006	17.204065	10.081776	-72.87882	-13.514818	0.4	910000	13541.766644001007
364	-46.1	-46.1	-43.899998	-13.540927	17.262655	32.5232	-77.16582	-13.541266	0.2	912500	13577.447891235352
365	-46.86	-46.86	-33.8	-13.459707	17.215628	17.35218	-70.84469	-13.460371	0.4	915000	13613.580584049225
366	-47.34	-47.34	-41.0	-13.536686	17.251547	9.735174	-72.1393	-13.537006	0.0	917500	13650.94125366211
367	-46.54	-46.54	-46.0	-13.55674	17.24692	13.920582	-71.13337	-13.557427	0.1	920000	13688.039722919464
368	-46.62	-46.62	-43.100002	-13.521412	17.18191	14.345888	-73.61362	-13.521781	0.2	922500	13725.069915294647
369	-46.08	-46.08	-40.399998	-13.504814	17.179516	16.820276	-63.60001	-13.505088	0.5	925000	13762.78913807869
370	-45.9	-45.9	-39.899998	-13.546716	17.206608	13.287832	-85.30554	-13.547374	0.4	927500	13800.5337536335
371	-46.62	-46.62	-42.2	-13.513	17.18483	11.74214	-72.17471	-13.513426	0.2	930000	13838.181272745132
372	-44.62	-44.62	-43.2	-13.4916115	17.201387	15.962432	-66.469055	-13.4920025	0.2	932500	13875.867993831635
373	-45.64	-45.64	-44.2	-13.466875	17.152615	10.329538	-83.53503	-13.4668045	0.1	935000	13913.699154376984
374	-44.8	-44.8	-44.899998	-13.472089	17.167303	9.585625	-68.391	-13.4725685	0.1	937500	13951.660008907318
375	-45.82	-45.82	-45.2	-13.447267	17.141472	11.179056	-67.721565	-13.448001	0.2	940000	13989.166778326035
376	-44.66	-44.66	-40.600002	-13.441863	17.134872	7.99868	-97.55758	-13.4415245	0.1	942500	14027.51401591301
377	-46.68	-46.68	-45.100002	-13.511798	17.178463	25.590437	-74.61034	-13.512005	0.1	945000	14065.766853094101
378	-46.14	-46.14	-41.899998	-13.465605	17.169092	16.036821	-73.635574	-13.465901	0.4	947500	14103.252167701721
379	-47.56	-47.56	-43.899998	-13.440112	17.120075	17.15125	-83.36468	-13.44016	0.0	950000	14141.46818780899
380	-47.54	-47.54	-43.7	-13.472544	17.164896	10.1044235	-78.90853	-13.472836	0.1	952500	14179.627885580063
381	-46.44	-46.44	-41.100002	-13.405056	17.127865	16.020664	-70.81832	-13.405047	0.3	955000	14217.238725185394
382	-45.18	-45.18	-45.2	-13.467978	17.139568	20.093388	-73.47581	-13.467871	0.0	957500	14254.996749162674
383	-42.46	-42.46	-38.0	-13.466217	17.135216	14.168431	-69.82125	-13.466749	0.4	960000	14292.364370822906
384	-45.02	-45.02	-43.600002	-13.478854	17.12867	25.621275	-70.49899	-13.479063	0.3	962500	14329.664851665497
385	-45.58	-45.58	-46.6	-13.422174	17.113571	21.35031	-71.50375	-13.421945	0.1	965000	14366.997117519379
386	-43.74	-43.74	-41.899998	-13.4478035	17.10418	9.979838	-68.43433	-13.447429	0.2	967500	14405.102270126343
387	-46.1	-46.1	-43.399998	-13.480293	17.126198	13.719713	-74.46531	-13.480646	0.2	970000	14443.253694534302
388	-43.02	-43.02	-46.7	-13.470832	17.126284	15.648178	-69.94608	-13.470639	0.0	972500	14480.726288795471
389	-44.38	-44.38	-45.7	-13.472632	17.173317	18.636196	-73.49642	-13.472939	0.1	975000	14518.96406006813
390	-47.14	-47.14	-48.9	-13.464827	17.147917	10.082852	-80.72858	-13.464725	0.2	977500	14556.240070343018
391	-42.7	-42.7	-42.2	-13.510384	17.203245	11.653148	-70.07202	-13.510481	0.4	980000	14593.359359264374
392	-45.44	-45.44	-42.0	-13.459369	17.170853	19.646969	-77.36239	-13.459426	0.2	982500	14630.355677843094
393	-45.88	-45.88	-37.899998	-13.4480095	17.160631	15.361482	-72.50757	-13.4476	0.4	985000	14667.475710630417
394	-45.8	-45.8	-44.3	-13.498926	17.170605	14.181652	-71.929344	-13.49889	0.3	987500	14704.7251663208
395	-43.72	-43.72	-39.3	-13.513084	17.169477	8.952665	-69.96718	-13.513057	0.4	990000	14741.75301527977
396	-46.34	-46.34	-41.600002	-13.502221	17.204502	13.224279	-75.69635	-13.502194	0.2	992500	14779.257995843887
397	-43.86	-43.86	-43.2	-13.498238	17.15791	12.425613	-66.96005	-13.498601	0.1	995000	14816.976612329483
398	-42.96	-42.96	-41.600002	-13.573927	17.193281	19.690645	-69.59891	-13.57417	0.2	997500	14854.382986068726
399	-46.08	-46.08	-41.399998	-13.55123	17.194769	8.916594	-72.148674	-13.551416	0.3	1000000	14891.932235956192
400	-42.88	-42.88	-47.5	-13.492313	17.168432	11.0972395	-84.18203	-13.492564	0.1	1002500	14929.19907450676
401	-44.44	-44.44	-40.399998	-13.534735	17.222548	16.485142	-65.313934	-13.534862	0.3	1005000	14966.198704481125
402	-44.98	-44.98	-38.5	-13.566396	17.210659	7.7305374	-71.18505	-13.56654	0.5	1007500	15002.91271352768
403	-47.8	-47.8	-48.2	-13.609049	17.24575	8.2430935	-70.47373	-13.609217	0.0	1010000	15039.632539272308
404	-47.08	-47.08	-45.600002	-13.570513	17.244629	15.414251	-71.43553	-13.5701065	0.2	1012500	15076.54699921608
405	-45.68	-45.68	-41.399998	-13.625828	17.292517	16.802671	-70.520645	-13.625529	0.2	1015000	15113.977569103241
406	-45.48	-45.48	-39.7	-13.601668	17.277819	13.913732	-72.89847	-13.6022005	0.4	1017500	15151.625695943832
407	-46.16	-46.16	-42.8	-13.628167	17.298416	14.9131565	-75.063095	-13.628561	0.1	1020000	15188.674191236496
408	-46.1	-46.1	-42.5	-13.637023	17.296442	30.305489	-66.33389	-13.637058	0.3	1022500	15226.5083091259
409	-46.16	-46.16	-42.399998	-13.5982065	17.295824	16.405792	-71.0392	-13.598471	0.2	1025000	15264.281526088715
410	-45.52	-45.52	-41.5	-13.606422	17.32009	16.276285	-70.122215	-13.606416	0.2	1027500	15301.340945005417
411	-46.46	-46.46	-41.100002	-13.666512	17.369677	21.009617	-72.44961	-13.666742	0.2	1030000	15338.506934642792
412	-46.66	-46.66	-37.100002	-13.657343	17.347984	14.093364	-74.44855	-13.65814	0.4	1032500	15374.252480745316
413	-43.72	-43.72	-32.100002	-13.632763	17.326616	16.036829	-67.0132	-13.632964	0.5	1035000	15410.141839504242
414	-46.02	-46.02	-41.100002	-13.663271	17.358408	13.465801	-75.797745	-13.663103	0.3	1037500	15446.220592975616
415	-47.36	-47.36	-42.399998	-13.589842	17.339966	15.775602	-73.159134	-13.590357	0.1	1040000	15481.99676823616
416	-46.06	-46.06	-46.6	-13.623306	17.371511	16.978273	-81.77866	-13.623254	0.3	1042500	15517.28037238121
417	-45.64	-45.64	-41.7	-13.584837	17.34698	17.108921	-65.059135	-13.585157	0.5	1045000	15552.68463253975
418	-45.68	-45.68	-45.7	-13.60278	17.355747	10.890131	-71.349075	-13.603069	0.0	1047500	15588.01994395256
419	-46.56	-46.56	-43.2	-13.624481	17.36207	17.819618	-66.633484	-13.624628	0.1	1050000	15623.794621944427
420	-45.8	-45.8	-38.0	-13.654756	17.38709	13.35009	-81.48932	-13.654718	0.3	1052500	15659.690916538239
421	-44.92	-44.92	-39.5	-13.59563	17.344614	37.964382	-68.42757	-13.595859	0.3	1055000	15695.901984453201
422	-45.14	-45.14	-44.899998	-13.684159	17.401201	17.66611	-70.12142	-13.683984	0.1	1057500	15732.348616361618
423	-46.56	-46.56	-42.5	-13.607654	17.35805	19.735125	-69.23223	-13.608117	0.2	1060000	15769.3876247406
424	-46.54	-46.54	-45.2	-13.688321	17.45473	36.118637	-67.91942	-13.688597	0.1	1062500	15806.317132234573
425	-45.08	-45.08	-42.399998	-13.656504	17.45077	33.266464	-67.984055	-13.65702	0.3	1065000	15842.850983858109
426	-46.24	-46.24	-39.399998	-13.63938	17.398106	25.085001	-70.64815	-13.639023	0.3	1067500	15878.997691392899
427	-43.66	-43.66	-38.899998	-13.658282	17.41029	26.742851	-79.54213	-13.658486	0.3	1070000	15915.673969268799
428	-46.6	-46.6	-49.5	-13.593098	17.373661	12.702561	-80.65804	-13.592972	0.0	1072500	15951.76111626625
429	-45.48	-45.48	-37.100002	-13.642659	17.434	16.603704	-73.03328	-13.642958	0.6	1075000	15988.649831533432
430	-45.16	-45.16	-39.2	-13.656855	17.446379	27.768711	-66.765015	-13.6567335	0.2	1077500	16025.291934013367
431	-44.62	-44.62	-44.3	-13.6328	17.434797	14.372223	-76.91536	-13.63232	0.1	1080000	16061.304552793503
432	-44.8	-44.8	-45.0	-13.664736	17.469906	24.467155	-73.94595	-13.664663	0.0	1082500	16098.0311794281
433	-43.26	-43.26	-40.399998	-13.644476	17.460892	34.619274	-66.27821	-13.644589	0.3	1085000	16134.11732006073
434	-45.44	-45.44	-41.7	-13.62638	17.462446	17.359417	-73.27988	-13.626129	0.2	1087500	16170.264806509018
435	-45.58	-45.58	-40.7	-13.649079	17.45045	12.720236	-63.945694	-13.649544	0.2	1090000	16206.679152965546
436	-46.54	-46.54	-43.899998	-13.6653	17.459883	25.697006	-67.93581	-13.664991	0.1	1092500	16242.8453540802
437	-46.32	-46.32	-45.7	-13.682565	17.49467	19.769938	-67.20767	-13.682901	0.1	1095000	16279.436443090439
438	-47.12	-47.12	-42.399998	-13.655708	17.515553	14.981641	-72.84405	-13.655905	0.3	1097500	16315.671736955643
439	-45.78	-45.78	-39.399998	-13.682358	17.532757	13.868711	-84.58821	-13.682823	0.4	1100000	16351.826248407364
440	-45.44	-45.44	-39.0	-13.6517315	17.52499	11.628218	-69.64143	-13.651197	0.1	1102500	16388.817079782486
441	-46.22	-46.22	-47.1	-13.76807	17.568947	20.457314	-68.401924	-13.767702	0.0	1105000	16425.691610336304
442	-45.64	-45.64	-43.7	-13.722399	17.538656	24.183865	-67.87315	-13.722313	0.1	1107500	16462.279715061188
443	-47.48	-47.48	-38.399998	-13.698788	17.547733	9.346386	-65.39734	-13.699263	0.2	1110000	16498.555558919907
444	-44.7	-44.7	-47.6	-13.691507	17.544725	18.583555	-72.0548	-13.690978	0.0	1112500	16535.089427947998
445	-44.6	-44.6	-35.5	-13.721901	17.571198	9.786369	-69.08182	-13.721764	0.5	1115000	16570.312740802765
446	-45.1	-45.1	-38.100002	-13.694416	17.5557	17.684765	-77.436195	-13.694713	0.2	1117500	16605.071970701218
447	-45.64	-45.64	-41.100002	-13.636646	17.527586	15.712327	-70.22374	-13.635971	0.4	1120000	16640.921658039093
448	-45.96	-45.96	-36.899998	-13.667393	17.541262	17.338764	-67.81663	-13.667809	0.4	1122500	16676.278364896774
449	-45.76	-45.76	-47.0	-13.659578	17.564058	11.908942	-66.70402	-13.659305	0.2	1125000	16712.266524791718
450	-48.52	-48.52	-41.2	-13.68538	17.579842	10.14422	-65.62518	-13.685699	0.3	1127500	16747.446660757065
451	-46.1	-46.1	-40.2	-13.640037	17.56137	16.841228	-78.331924	-13.639504	0.4	1130000	16781.10133600235
452	-44.42	-44.42	-44.399998	-13.5921955	17.532707	9.829718	-72.25047	-13.592088	0.2	1132500	16813.815648317337
453	-43.76	-43.76	-31.5	-13.666542	17.57416	18.881977	-64.00749	-13.666722	0.4	1135000	16846.724316120148
454	-45.88	-45.88	-45.0	-13.656893	17.566769	9.534379	-68.37686	-13.656911	0.2	1137500	16879.605313777924
455	-45.8	-45.8	-43.100002	-13.610302	17.570024	11.05801	-75.640434	-13.610403	0.3	1140000	16912.34485554695
456	-45.12	-45.12	-40.2	-13.601332	17.53184	23.354027	-69.6177	-13.601492	0.6	1142500	16945.227850675583
457	-45.24	-45.24	-45.2	-13.553866	17.482391	19.573378	-75.874535	-13.553776	0.2	1145000	16978.24347639084
458	-46.72	-46.72	-39.5	-13.603437	17.533829	17.170237	-70.44646	-13.603798	0.3	1147500	17013.800891160965
459	-45.78	-45.78	-44.0	-13.576158	17.49347	15.792411	-68.693375	-13.576088	0.1	1150000	17050.594955921173
460	-42.84	-42.84	-42.3	-13.60595	17.553156	25.899698	-69.89794	-13.606237	0.2	1152500	17086.396988630295
461	-46.54	-46.54	-46.2	-13.567904	17.522554	34.871395	-67.33906	-13.567529	0.1	1155000	17122.056319475174
462	-45.36	-45.36	-48.0	-13.65232	17.628105	12.464891	-64.6964	-13.652325	0.1	1157500	17156.534948587418
463	-46.58	-46.58	-40.899998	-13.662481	17.612314	23.450222	-76.71265	-13.662706	0.2	1160000	17191.91338610649
464	-46.54	-46.54	-41.899998	-13.605655	17.596323	12.257216	-69.75477	-13.605663	0.3	1162500	17227.687397241592
465	-45.68	-45.68	-43.399998	-13.628622	17.610851	8.985936	-79.266556	-13.628481	0.3	1165000	17263.8943631649
466	-46.54	-46.54	-45.600002	-13.558737	17.583752	22.196753	-71.46285	-13.558491	0.2	1167500	17299.664643764496
467	-44.52	-44.52	-44.8	-13.605907	17.58473	21.86905	-75.39206	-13.606277	0.1	1170000	17336.544167518616
468	-46.16	-46.16	-43.2	-13.622917	17.627218	21.539692	-69.85185	-13.622397	0.0	1172500	17373.048466920853
469	-45.82	-45.82	-43.2	-13.596521	17.59823	5.3883104	-67.81003	-13.595911	0.2	1175000	17409.221353054047
470	-43.58	-43.58	-38.8	-13.587447	17.572308	11.100441	-70.71272	-13.587508	0.3	1177500	17445.57955121994
471	-44.18	-44.18	-36.399998	-13.713893	17.66103	22.352482	-64.78423	-13.7138605	0.4	1180000	17481.825227737427
472	-46.42	-46.42	-41.0	-13.690627	17.66633	21.270834	-68.233345	-13.690838	0.3	1182500	17518.046640634537
473	-43.46	-43.46	-43.3	-13.680897	17.69369	11.909551	-74.97529	-13.680005	0.2	1185000	17554.277368068695
474	-45.44	-45.44	-44.899998	-13.66744	17.715221	27.854776	-73.72564	-13.66742	0.2	1187500	17590.343200445175
475	-45.7	-45.7	-46.7	-13.658172	17.695827	8.343869	-64.80654	-13.658287	0.0	1190000	17626.54971075058
476	-47.2	-47.2	-40.399998	-13.598195	17.641045	13.03479	-70.26435	-13.598413	0.2	1192500	17663.346560001373
477	-44.86	-44.86	-39.3	-13.647762	17.652441	11.548119	-67.248604	-13.648011	0.3	1195000	17699.9893784523
478	-46.32	-46.32	-43.5	-13.631491	17.635527	21.394545	-80.705124	-13.631435	0.2	1197500	17736.4272916317
479	-47.04	-47.04	-47.2	-13.618809	17.642204	20.628979	-71.849236	-13.618859	0.1	1200000	17772.73130440712
480	-44.92	-44.92	-45.100002	-13.617431	17.662489	24.300491	-69.61992	-13.617022	0.2	1202500	17808.42685842514
481	-46.78	-46.78	-46.399998	-13.687428	17.700811	15.203839	-72.57937	-13.687953	0.1	1205000	17844.49886727333
482	-43.86	-43.86	-36.600002	-13.671033	17.70163	17.233688	-74.97345	-13.671114	0.4	1207500	17880.87668800354
483	-45.28	-45.28	-37.399998	-13.718046	17.732857	10.922136	-83.58518	-13.717714	0.2	1210000	17917.789398908615
484	-43.78	-43.78	-44.3	-13.684278	17.716248	11.390314	-72.861275	-13.684348	0.2	1212500	17953.14336705208
485	-44.96	-44.96	-43.0	-13.670225	17.684473	17.696262	-69.330505	-13.670082	0.3	1215000	17988.10465669632
486	-44.62	-44.62	-40.2	-13.645834	17.685465	19.475117	-69.08278	-13.645991	0.2	1217500	18019.53763437271
487	-46.02	-46.02	-42.5	-13.695902	17.722376	13.8460045	-67.891556	-13.695375	0.1	1220000	18050.826684474945
488	-45.86	-45.86	-43.5	-13.72587	17.740364	15.886713	-68.60627	-13.726168	0.4	1222500	18079.767753601074
489	-44.62	-44.62	-46.9	-13.74244	17.751404	19.385311	-69.75507	-13.742185	0.0	1225000	18108.935707330704
490	-46.32	-46.32	-47.3	-13.721121	17.746565	16.212818	-70.31259	-13.720767	0.0	1227500	18136.516341924667
491	-47.48	-47.48	-44.7	-13.731208	17.709291	14.525875	-80.9924	-13.731105	0.2	1230000	18164.589745998383
492	-47.3	-47.3	-37.7	-13.734276	17.728668	11.1201515	-66.08811	-13.73352	0.3	1232500	18191.498313188553
493	-46.76	-46.76	-46.9	-13.66898	17.694866	18.530964	-70.173515	-13.668411	0.1	1235000	18218.563515663147
494	-46.24	-46.24	-48.4	-13.748342	17.755266	12.854628	-72.94141	-13.748211	0.0	1237500	18245.01784491539
495	-47.3	-47.3	-41.399998	-13.655712	17.721052	20.159374	-76.769196	-13.655537	0.2	1240000	18271.613292217255
496	-44.54	-44.54	-40.7	-13.709979	17.773829	21.607723	-62.94017	-13.709606	0.2	1242500	18296.536123991013
497	-44.54	-44.54	-47.7	-13.76814	17.78488	25.47061	-75.637024	-13.768605	0.1	1245000	18320.118374586105
498	-45.66	-45.66	-42.5	-13.745731	17.750584	6.2374716	-71.87985	-13.745768	0.3	1247500	18343.678031682968
499	-44.78	-44.78	-49.0	-13.721023	17.792875	16.877607	-69.14579	-13.720505	0.0	1250000	18366.677905082703
