Epoch	EpRet	EpRealRet	TestEpRet	AverageQ1	StdQ1	MaxQ1	MinQ1	Q2	TestSuccess	TotalEnvInteracts	TotalTime
0	-49.88	-49.88	-50.0	3.7992258	13.480644	570.5941	0.36002517	3.7937152	0.0	2500	92.13476181030273
1	-50.0	-50.0	-50.0	5.7887716	1.5862315	13.006767	2.0504794	5.765965	0.0	5000	176.58780336380005
2	-50.0	-50.0	-50.0	4.4817305	1.5364739	11.071564	1.2933707	4.458223	0.0	7500	261.5863790512085
3	-50.0	-50.0	-50.0	2.8317273	0.9927057	6.796014	0.8658848	2.814707	0.0	10000	343.79148054122925
4	-50.0	-50.0	-50.0	1.7813565	0.66544366	5.089594	0.45043504	1.7768142	0.0	12500	428.43516206741333
5	-50.0	-50.0	-50.0	1.1758235	0.42343855	2.9680595	0.33254504	1.1665933	0.0	15000	514.0033795833588
6	-50.0	-50.0	-50.0	0.7767859	0.26335347	1.9463391	0.22976866	0.7704061	0.0	17500	596.5526082515717
7	-50.0	-50.0	-50.0	0.5672853	0.17674737	1.3635204	0.20264901	0.5629277	0.0	20000	678.9636323451996
8	-49.0	-49.0	-50.0	0.4369835	0.13505162	1.4764457	0.17225187	0.43474665	0.0	22500	761.4655661582947
9	-49.92	-49.92	-50.0	0.34621271	0.103194125	1.0014813	0.12961414	0.34487528	0.0	25000	842.7352256774902
10	-49.5	-49.5	-50.0	0.29243115	0.10100262	1.8535489	0.12000154	0.29549733	0.0	27500	919.6208913326263
11	-50.0	-50.0	-49.4	0.31926984	0.33672068	9.330002	0.122667536	0.32400826	0.0	30000	996.195415019989
12	-49.46	-49.46	-50.0	0.41423845	0.5825536	15.443195	0.11236708	0.42011815	0.0	32500	1075.3356382846832
13	-49.86	-49.86	-50.0	1.5385815	3.2228284	53.271908	0.15198487	1.5547935	0.0	35000	1153.3633506298065
14	-49.76	-49.76	-50.0	13.876814	31.617073	467.04425	0.29889613	14.128593	0.0	37500	1233.8698251247406
15	-49.64	-49.64	-50.0	48.200993	86.601364	1857.7582	0.9066145	48.124115	0.0	40000	1311.1022565364838
16	-50.0	-50.0	-50.0	129.61594	249.72748	4520.9077	0.9807972	125.335365	0.0	42500	1391.4733562469482
17	-50.0	-50.0	-50.0	129.89822	259.5348	5935.18	1.7180705	118.202644	0.0	45000	1469.934564113617
18	-50.0	-50.0	-50.0	378.0092	705.08765	9229.85	2.5166755	351.34863	0.0	47500	1549.1633627414703
19	-50.0	-50.0	-50.0	1180.8918	2155.3396	26426.809	5.487026	1078.3232	0.0	50000	1630.2862606048584
20	-49.66	-49.66	-50.0	5201.661	11930.847	219271.1	9.718027	4920.501	0.0	52500	1710.3187899589539
21	-50.0	-50.0	-50.0	22362.008	55312.707	1360475.2	100.47215	21143.932	0.0	55000	1789.7116067409515
22	-50.0	-50.0	-50.0	63433.066	116886.56	2084330.2	3001.33	59483.47	0.0	57500	1869.0434832572937
23	-50.0	-50.0	-50.0	211985.62	326973.47	5466873.5	19298.344	202702.53	0.0	60000	1951.2815928459167
24	-50.0	-50.0	-50.0	386732.6	732299.44	11734160.0	30662.48	368268.34	0.0	62500	2031.0418553352356
25	-48.18	-48.18	-50.0	715136.6	1426383.4	20659502.0	28611.904	677055.6	0.0	65000	2109.550440788269
26	-49.0	-49.0	-50.0	1109454.6	2331525.5	34092836.0	27141.082	1058786.4	0.0	67500	2187.9034225940704
27	-49.0	-49.0	-50.0	1979208.8	4114848.8	49049730.0	47557.133	1883250.4	0.0	70000	2265.4269483089447
28	-50.0	-50.0	-50.0	3032605.2	6061016.0	70219320.0	135163.31	2880604.8	0.0	72500	2344.352665901184
29	-50.0	-50.0	-50.0	3525417.5	6426989.5	90271550.0	173049.75	3357575.8	0.0	75000	2422.5160281658173
30	-49.0	-49.0	-50.0	4937946.0	8795284.0	88981380.0	264760.1	4642775.0	0.0	77500	2499.4586889743805
31	-50.0	-50.0	-50.0	7003377.5	13853633.0	211893730.0	252835.95	6576679.0	0.0	80000	2574.927169561386
32	-50.0	-50.0	-50.0	10339686.0	20983220.0	246987100.0	336311.94	9772697.0	0.0	82500	2650.7633147239685
33	-50.0	-50.0	-50.0	13599483.0	26057618.0	298778620.0	343804.94	12913340.0	0.0	85000	2725.3504495620728
34	-49.0	-49.0	-50.0	17334286.0	31408372.0	299983360.0	552913.06	16316254.0	0.0	87500	2800.8616042137146
35	-49.0	-49.0	-50.0	23033336.0	41323450.0	443435360.0	711294.9	21432258.0	0.0	90000	2877.4017946720123
36	-50.0	-50.0	-50.0	37644796.0	55603924.0	779980500.0	1306389.0	35375644.0	0.0	92500	2953.2614703178406
37	-50.0	-50.0	-50.0	60277430.0	80643640.0	882146560.0	5792823.5	56687216.0	0.0	95000	3032.0732595920563
38	-50.0	-50.0	-50.0	62317036.0	89680220.0	813884300.0	4874035.0	58011484.0	0.0	97500	3107.6929643154144
39	-50.0	-50.0	-50.0	72239496.0	114896680.0	1059155260.0	3977726.2	66712504.0	0.0	100000	3186.835773229599
40	-50.0	-50.0	-45.0	78316220.0	118416530.0	1190002000.0	3707604.0	72280310.0	0.1	102500	3261.3882718086243
41	-50.0	-50.0	-50.0	91792344.0	146385100.0	1220254500.0	3756830.2	83643976.0	0.0	105000	3336.80477643013
42	-50.0	-50.0	-50.0	104079590.0	163433970.0	1581374100.0	4359562.0	94995920.0	0.0	107500	3412.1168546676636
43	-50.0	-50.0	-50.0	130079770.0	215690060.0	3093352400.0	7820960.0	117719580.0	0.0	110000	3488.6268117427826
44	-50.0	-50.0	-50.0	141492420.0	237344140.0	3210442800.0	5575841.0	128730680.0	0.0	112500	3563.5115537643433
45	-49.1	-49.1	-50.0	144835230.0	232157060.0	2519468000.0	5518462.0	132698270.0	0.0	115000	3638.6896748542786
46	-50.0	-50.0	-50.0	188102830.0	320663580.0	3137852000.0	5815459.5	174345580.0	0.0	117500	3714.25030875206
47	-49.96	-49.96	-50.0	218922960.0	362333380.0	4515255000.0	5684096.0	199788030.0	0.0	120000	3790.2136442661285
48	-50.0	-50.0	-50.0	246800130.0	425927260.0	3680622600.0	5806208.0	227817970.0	0.0	122500	3868.993787765503
49	-50.0	-50.0	-50.0	259465870.0	467653380.0	4806075400.0	5703514.0	238059950.0	0.0	125000	3945.5372836589813
50	-50.0	-50.0	-50.0	275161120.0	519047800.0	4928605000.0	5666680.0	250808450.0	0.0	127500	4023.0846922397614
51	-50.0	-50.0	-50.0	319202270.0	607271230.0	7103851500.0	5931737.0	295011550.0	0.0	130000	4099.932690620422
52	-50.0	-50.0	-50.0	363605820.0	659388300.0	7827663000.0	12506134.0	335129020.0	0.0	132500	4174.777058839798
53	-50.0	-50.0	-50.0	639223230.0	828122900.0	10270984000.0	36817356.0	610878850.0	0.0	135000	4251.028758049011
54	-49.08	-49.08	-50.0	742406660.0	891571700.0	10264127000.0	50526890.0	707761200.0	0.0	137500	4326.905246019363
55	-50.0	-50.0	-50.0	556150400.0	869435460.0	8714413000.0	24576996.0	527611940.0	0.0	140000	4400.5990533828735
56	-50.0	-50.0	-50.0	507055700.0	948202560.0	10350794000.0	11011382.0	472798820.0	0.0	142500	4476.23344707489
57	-50.0	-50.0	-50.0	518572800.0	1006301600.0	18095151000.0	8472166.0	486147970.0	0.0	145000	4551.319437503815
58	-50.0	-50.0	-45.0	570116100.0	1117216100.0	10961205000.0	6014802.5	532886240.0	0.1	147500	4626.474228382111
59	-50.0	-50.0	-45.0	613144700.0	1159057000.0	13778745000.0	5910113.0	578010940.0	0.1	150000	4701.770753145218
60	-49.9	-49.9	-50.0	656377300.0	1228608800.0	14589545000.0	11912390.0	611092900.0	0.0	152500	4775.921328544617
61	-50.0	-50.0	-50.0	678822900.0	1253159400.0	15049276000.0	19111864.0	637752260.0	0.0	155000	4849.947323560715
62	-50.0	-50.0	-50.0	712794560.0	1398115300.0	13638026000.0	11367748.0	663564800.0	0.0	157500	4923.206462621689
63	-50.0	-50.0	-50.0	757828540.0	1504366300.0	22938995000.0	11387892.0	713022700.0	0.0	160000	4998.479267835617
64	-50.0	-50.0	-50.0	739887400.0	1516045800.0	18563387000.0	12995328.0	701248600.0	0.0	162500	5073.378545761108
65	-50.0	-50.0	-50.0	779744600.0	1485842700.0	18834762000.0	9825978.0	724568260.0	0.0	165000	5149.84534907341
66	-50.0	-50.0	-50.0	762683200.0	1426001700.0	18493434000.0	13604401.0	716525000.0	0.0	167500	5224.284483671188
67	-49.86	-49.86	-44.600002	801070140.0	1684411400.0	21881973000.0	15814373.0	747969340.0	0.1	170000	5298.028843164444
68	-50.0	-50.0	-50.0	832612100.0	1536796900.0	15329363000.0	17021852.0	784045300.0	0.0	172500	5372.446170330048
69	-50.0	-50.0	-50.0	889957700.0	1751749800.0	17219492000.0	13163307.0	834153340.0	0.0	175000	5447.042368173599
70	-50.0	-50.0	-50.0	858018800.0	1655998200.0	16005211000.0	19601702.0	803879230.0	0.0	177500	5524.1072952747345
71	-50.0	-50.0	-50.0	910265150.0	1717974500.0	22167849000.0	15156200.0	849706240.0	0.0	180000	5599.102834701538
72	-50.0	-50.0	-50.0	862075970.0	1523633500.0	13232503000.0	14237947.0	808505000.0	0.0	182500	5674.324376583099
73	-50.0	-50.0	-50.0	908115260.0	1711437800.0	23856600000.0	18449758.0	844705200.0	0.0	185000	5750.165240526199
74	-50.0	-50.0	-50.0	974334600.0	1892117400.0	19941605000.0	17749084.0	918921000.0	0.0	187500	5825.838154792786
75	-50.0	-50.0	-50.0	902560100.0	1581894400.0	17943159000.0	23269738.0	844773570.0	0.0	190000	5900.647082328796
76	-50.0	-50.0	-50.0	909246700.0	1776640600.0	18713692000.0	16277551.0	840967300.0	0.0	192500	5977.348565340042
77	-50.0	-50.0	-50.0	886871400.0	1702736600.0	18361660000.0	9323110.0	819597760.0	0.0	195000	6051.516785621643
78	-50.0	-50.0	-50.0	863158500.0	1615151700.0	16342233000.0	11301468.0	787678400.0	0.0	197500	6128.155085325241
79	-49.0	-49.0	-50.0	917846800.0	1654218400.0	16663130000.0	10912794.0	847722750.0	0.0	200000	6205.9548354148865
80	-50.0	-50.0	-49.6	1034238600.0	2142822100.0	26639620000.0	8328684.0	949951100.0	0.0	202500	6279.953510284424
81	-50.0	-50.0	-50.0	1096616400.0	2120773400.0	26159327000.0	11755759.0	1016702000.0	0.0	205000	6356.862252235413
82	-50.0	-50.0	-50.0	1072355000.0	2207682000.0	22764218000.0	13184102.0	990117250.0	0.0	207500	6432.660044670105
83	-50.0	-50.0	-50.0	1078891500.0	2119818000.0	25137519000.0	12144592.0	1013865100.0	0.0	210000	6506.209687709808
84	-49.3	-49.3	-45.0	1342177000.0	2530963700.0	21667697000.0	12445725.0	1236764900.0	0.1	212500	6581.941700696945
85	-50.0	-50.0	-50.0	1495028000.0	2907856000.0	31738683000.0	12065975.0	1355082400.0	0.0	215000	6656.512938499451
86	-49.0	-49.0	-50.0	1371358200.0	2655918600.0	22006157000.0	11610810.0	1268775000.0	0.0	217500	6730.293967247009
87	-50.0	-50.0	-50.0	1495490300.0	2963272700.0	24980322000.0	8760699.0	1367828700.0	0.0	220000	6803.044919490814
88	-50.0	-50.0	-50.0	1560513900.0	3080770800.0	36225233000.0	10936736.0	1444067000.0	0.0	222500	6877.3220801353455
89	-50.0	-50.0	-50.0	1716493400.0	3481339000.0	38038700000.0	11284856.0	1594162400.0	0.0	225000	6949.945360422134
90	-50.0	-50.0	-45.0	1639095700.0	3424691000.0	44105347000.0	11864324.0	1505603100.0	0.1	227500	7023.498553752899
91	-50.0	-50.0	-50.0	1801478500.0	3599398000.0	32381245000.0	9440182.0	1652157600.0	0.0	230000	7098.741834640503
92	-50.0	-50.0	-50.0	1789487500.0	3749124600.0	54498144000.0	13996688.0	1643503700.0	0.0	232500	7172.358245849609
93	-49.0	-49.0	-50.0	1845910300.0	3977416200.0	52651450000.0	14720500.0	1710753200.0	0.0	235000	7245.43706536293
94	-50.0	-50.0	-50.0	1841241700.0	4291946800.0	78385730000.0	15498905.0	1717827700.0	0.0	237500	7320.947461605072
95	-50.0	-50.0	-50.0	2070397600.0	4101078500.0	35776980000.0	14670330.0	1909807400.0	0.0	240000	7396.16580581665
96	-50.0	-50.0	-50.0	2140249300.0	4449267000.0	55206040000.0	13674948.0	1904104100.0	0.0	242500	7470.761383771896
97	-50.0	-50.0	-50.0	1884142200.0	4133095400.0	57881616000.0	16944144.0	1733367600.0	0.0	245000	7545.933945894241
98	-49.84	-49.84	-50.0	2314712600.0	5088746000.0	52727490000.0	12856290.0	2135275100.0	0.0	247500	7621.374137163162
99	-50.0	-50.0	-50.0	2265301800.0	4866970600.0	49313170000.0	15536506.0	2081631000.0	0.0	250000	7698.0239000320435
100	-50.0	-50.0	-50.0	2154532000.0	4657659000.0	53361242000.0	11800651.0	1981945700.0	0.0	252500	7773.135021448135
101	-50.0	-50.0	-50.0	2522547200.0	5739822000.0	62920700000.0	17015972.0	2334792000.0	0.0	255000	7851.113584518433
102	-50.0	-50.0	-49.4	2178656000.0	4958113000.0	98782100000.0	14102439.0	1991890200.0	0.0	257500	7926.272394895554
103	-50.0	-50.0	-50.0	1960344300.0	4363735600.0	53966463000.0	13007030.0	1794627300.0	0.0	260000	7999.601816654205
104	-50.0	-50.0	-50.0	2309791200.0	5027856000.0	51721460000.0	13634796.0	2093766700.0	0.0	262500	8074.490379333496
105	-50.0	-50.0	-50.0	2610906000.0	5975941000.0	92381890000.0	13289773.0	2366057700.0	0.0	265000	8151.656368255615
106	-50.0	-50.0	-50.0	3018439200.0	7304277500.0	129946650000.0	26950964.0	2712763400.0	0.0	267500	8230.442467689514
107	-50.0	-50.0	-50.0	3225148700.0	5886683000.0	108946190000.0	49673716.0	3038754800.0	0.0	270000	8304.063004255295
108	-50.0	-50.0	-50.0	4254834200.0	6316402700.0	64073495000.0	310451300.0	4028748300.0	0.0	272500	8379.871618747711
109	-50.0	-50.0	-50.0	3758864600.0	7237313000.0	129607290000.0	181631650.0	3509714200.0	0.0	275000	8453.390277862549
110	-50.0	-50.0	-50.0	2815997700.0	6314389000.0	111358370000.0	78252600.0	2623149800.0	0.0	277500	8526.921128511429
111	-50.0	-50.0	-50.0	2636383700.0	7091931600.0	102431965000.0	50352570.0	2502342100.0	0.0	280000	8601.814157962799
112	-50.0	-50.0	-50.0	2979457300.0	8511969000.0	157745430000.0	32336814.0	2733462000.0	0.0	282500	8676.32435798645
113	-50.0	-50.0	-50.0	3072983300.0	8206670300.0	129858150000.0	21412746.0	2786107000.0	0.0	285000	8751.660086631775
114	-50.0	-50.0	-50.0	3163195400.0	8372977700.0	143724580000.0	21264816.0	2868513000.0	0.0	287500	8825.5910217762
115	-50.0	-50.0	-50.0	3117292800.0	7926882300.0	146801410000.0	19191328.0	2898205000.0	0.0	290000	8899.75513625145
116	-50.0	-50.0	-50.0	3239845600.0	8293345300.0	121736400000.0	17676724.0	2935895300.0	0.0	292500	8973.993605613708
117	-50.0	-50.0	-50.0	3454853600.0	9173133000.0	130820130000.0	24817920.0	3131031800.0	0.0	295000	9046.797417640686
118	-50.0	-50.0	-50.0	3361257000.0	8644850000.0	104700576000.0	19020148.0	3066730000.0	0.0	297500	9119.771196842194
119	-50.0	-50.0	-50.0	3331253500.0	9315551000.0	167588770000.0	16593620.0	3011921400.0	0.0	300000	9192.844001531601
120	-50.0	-50.0	-50.0	3322687500.0	9310734000.0	144119480000.0	19757776.0	3117186300.0	0.0	302500	9266.080719709396
121	-50.0	-50.0	-50.0	3721531000.0	10496241000.0	140917330000.0	21731874.0	3364297000.0	0.0	305000	9339.184984922409
122	-50.0	-50.0	-50.0	3301001700.0	8250494000.0	133300986000.0	21228802.0	3089696000.0	0.0	307500	9412.611309051514
123	-50.0	-50.0	-50.0	3931648300.0	10948834000.0	175878340000.0	21641132.0	3555608600.0	0.0	310000	9485.056035757065
124	-50.0	-50.0	-50.0	4132117000.0	10744193000.0	178509200000.0	43214200.0	3790964700.0	0.0	312500	9558.812352657318
125	-50.0	-50.0	-50.0	3860103000.0	10441157000.0	139972760000.0	29468010.0	3563747000.0	0.0	315000	9633.22392296791
126	-48.86	-48.86	-50.0	3884065000.0	10133087000.0	114875150000.0	33808436.0	3573132800.0	0.0	317500	9706.479839324951
127	-49.0	-49.0	-50.0	4012240400.0	11232381000.0	236651270000.0	35167120.0	3673785300.0	0.0	320000	9779.250005483627
128	-50.0	-50.0	-50.0	3782079000.0	10026390000.0	163858900000.0	46201656.0	3410836700.0	0.0	322500	9852.798254013062
129	-49.0	-49.0	-50.0	4382938600.0	11923577000.0	177555770000.0	51833610.0	3998517000.0	0.0	325000	9928.96637392044
130	-50.0	-50.0	-50.0	4284548600.0	12931341000.0	202495930000.0	44066132.0	3841955800.0	0.0	327500	10007.378952264786
131	-50.0	-50.0	-50.0	4492054500.0	12565702000.0	170711070000.0	41760930.0	4107472000.0	0.0	330000	10082.23424911499
132	-50.0	-50.0	-50.0	4872503000.0	14219399000.0	225424740000.0	49934224.0	4262857200.0	0.0	332500	10157.789026498795
133	-50.0	-50.0	-50.0	4118878500.0	11884762000.0	175867070000.0	41466640.0	3787651000.0	0.0	335000	10232.624511957169
134	-49.0	-49.0	-50.0	4655326000.0	13239352000.0	168176810000.0	51146290.0	4253131000.0	0.0	337500	10305.686331033707
135	-49.0	-49.0	-50.0	4573469000.0	12082456000.0	190483510000.0	34920520.0	4133362200.0	0.0	340000	10378.248613357544
136	-50.0	-50.0	-50.0	4744250000.0	17372862000.0	544314500000.0	41460104.0	4317287400.0	0.0	342500	10453.435788154602
137	-50.0	-50.0	-50.0	4624536600.0	14623447000.0	289570300000.0	30763232.0	4110094000.0	0.0	345000	10528.204786539078
138	-50.0	-50.0	-45.0	4806977500.0	18123900000.0	428542300000.0	31167264.0	4404436500.0	0.1	347500	10601.947047710419
139	-50.0	-50.0	-50.0	4931292700.0	15010748000.0	345480200000.0	33938164.0	4444224500.0	0.0	350000	10679.384326219559
140	-50.0	-50.0	-50.0	4285707800.0	12015832000.0	210232820000.0	33881292.0	3823292000.0	0.0	352500	10755.769081115723
141	-50.0	-50.0	-50.0	4416673000.0	13099994000.0	210111860000.0	36135280.0	3822116600.0	0.0	355000	10833.030540466309
142	-50.0	-50.0	-50.0	5320212500.0	17823826000.0	300422600000.0	39132150.0	4691688400.0	0.0	357500	10909.161709547043
143	-50.0	-50.0	-48.7	6736397000.0	17150821000.0	222242830000.0	59887436.0	6428943400.0	0.0	360000	10987.09236574173
144	-50.0	-50.0	-50.0	17100922000.0	16876344000.0	209380500000.0	758783300.0	16457273000.0	0.0	362500	11063.366904973984
145	-50.0	-50.0	-50.0	16441573000.0	25039256000.0	533698900000.0	2181615000.0	15784175000.0	0.0	365000	11139.608238697052
146	-49.0	-49.0	-50.0	10257933000.0	13059961000.0	297414820000.0	1369021600.0	9754184000.0	0.0	367500	11215.14416885376
147	-50.0	-50.0	-50.0	7350882000.0	12053513000.0	322504820000.0	679850750.0	6949270000.0	0.0	370000	11291.363223314285
148	-50.0	-50.0	-50.0	6475379000.0	17660260000.0	398107500000.0	501284770.0	5885878300.0	0.0	372500	11364.925002336502
149	-50.0	-50.0	-50.0	5448550400.0	17662583000.0	280203920000.0	244007140.0	5068364300.0	0.0	375000	11440.387681007385
150	-50.0	-50.0	-50.0	5642753500.0	17375713000.0	259127740000.0	262935220.0	5268304000.0	0.0	377500	11516.47929739952
151	-50.0	-50.0	-50.0	5519039000.0	16262466000.0	282544770000.0	274205470.0	4907012600.0	0.0	380000	11590.69849729538
152	-50.0	-50.0	-50.0	5411341300.0	16266724000.0	294474350000.0	334450300.0	4912536600.0	0.0	382500	11665.823286771774
153	-50.0	-50.0	-50.0	6127068700.0	18589145000.0	331250700000.0	310299360.0	5768017400.0	0.0	385000	11739.743210315704
154	-50.0	-50.0	-50.0	6165123000.0	18747967000.0	293930570000.0	256326660.0	5656590000.0	0.0	387500	11815.784756183624
155	-50.0	-50.0	-50.0	5259575300.0	16504338000.0	313070200000.0	193980420.0	5020371000.0	0.0	390000	11892.422813892365
156	-50.0	-50.0	-50.0	6096390700.0	17428420000.0	260546070000.0	201844000.0	5931743000.0	0.0	392500	11967.102420330048
157	-50.0	-50.0	-50.0	5992740000.0	17447143000.0	241158290000.0	191261500.0	5736146000.0	0.0	395000	12042.967962741852
158	-50.0	-50.0	-50.0	6516305000.0	17886726000.0	191773700000.0	171980300.0	6189882000.0	0.0	397500	12119.19771361351
159	-50.0	-50.0	-50.0	6539400700.0	19710435000.0	274285230000.0	137188860.0	6472227300.0	0.0	400000	12195.464458942413
160	-50.0	-50.0	-50.0	7655347700.0	20931934000.0	255656940000.0	150966430.0	7388666400.0	0.0	402500	12271.652208328247
161	-50.0	-50.0	-50.0	14633832000.0	25700876000.0	460324400000.0	1100306400.0	14174569000.0	0.0	405000	12349.05839395523
162	-49.0	-49.0	-50.0	12903372000.0	23847220000.0	449343000000.0	903242400.0	12500350000.0	0.0	407500	12423.913484811783
163	-50.0	-50.0	-50.0	9075374000.0	18238734000.0	306936380000.0	627303360.0	8694003000.0	0.0	410000	12498.566251516342
164	-50.0	-50.0	-50.0	8815459000.0	20572426000.0	308110750000.0	435813000.0	8664504000.0	0.0	412500	12573.206895828247
165	-50.0	-50.0	-50.0	7885484000.0	22566423000.0	314876920000.0	418128320.0	7981563000.0	0.0	415000	12647.745312690735
166	-50.0	-50.0	-50.0	6649419300.0	16074914000.0	216651200000.0	334453200.0	6450655700.0	0.0	417500	12723.543294668198
167	-50.0	-50.0	-50.0	5835895000.0	16784586000.0	260976890000.0	243789140.0	5790532600.0	0.0	420000	12798.450078487396
168	-50.0	-50.0	-50.0	6400584700.0	25065590000.0	707941200000.0	199102530.0	6284336600.0	0.0	422500	12871.77199625969
169	-50.0	-50.0	-45.0	5293929000.0	13460019000.0	156123140000.0	169073280.0	5141770000.0	0.1	425000	12945.781627893448
170	-49.0	-49.0	-50.0	6713424400.0	22414641000.0	370973100000.0	173681760.0	6602713000.0	0.0	427500	13020.738579034805
171	-50.0	-50.0	-50.0	6218458000.0	18546338000.0	306091260000.0	152478460.0	6002159000.0	0.0	430000	13095.90466928482
172	-50.0	-50.0	-50.0	5811454500.0	14518580000.0	177902390000.0	164713980.0	5555351600.0	0.0	432500	13169.63882303238
173	-50.0	-50.0	-50.0	6081625600.0	16309687000.0	332788530000.0	167872540.0	5846900000.0	0.0	435000	13242.580894231796
174	-50.0	-50.0	-45.0	7378407400.0	21714162000.0	483241720000.0	204915440.0	7212907000.0	0.1	437500	13317.909604787827
175	-50.0	-50.0	-50.0	7709729300.0	18871010000.0	499616700000.0	275726900.0	7327232500.0	0.0	440000	13393.972534656525
176	-50.0	-50.0	-50.0	8277186600.0	20549343000.0	447002440000.0	393767170.0	7924932000.0	0.0	442500	13467.727099180222
177	-50.0	-50.0	-50.0	7820755000.0	18898926000.0	307380520000.0	367213340.0	7371623400.0	0.0	445000	13542.403920650482
178	-50.0	-50.0	-50.0	7051046400.0	20275272000.0	472018900000.0	267084540.0	6642223600.0	0.0	447500	13615.86367559433
179	-50.0	-50.0	-50.0	6080279600.0	15030486000.0	196137060000.0	234521800.0	5552591400.0	0.0	450000	13690.50381565094
180	-50.0	-50.0	-50.0	5993317400.0	19405652000.0	301198080000.0	154794080.0	5808215600.0	0.0	452500	13763.790154218674
181	-50.0	-50.0	-50.0	6321028600.0	22528145000.0	436488630000.0	130858270.0	5888068000.0	0.0	455000	13837.599987745285
182	-50.0	-50.0	-50.0	5933283300.0	19468530000.0	280135930000.0	135048160.0	5595065000.0	0.0	457500	13910.304616451263
183	-50.0	-50.0	-50.0	5352462000.0	19935867000.0	424598900000.0	106177730.0	4982096000.0	0.0	460000	13984.874349832535
184	-50.0	-50.0	-50.0	5139030000.0	17170840000.0	463481500000.0	114063820.0	4920925000.0	0.0	462500	14058.441704273224
185	-49.0	-49.0	-50.0	6505035000.0	21910706000.0	486143850000.0	126823840.0	5896651300.0	0.0	465000	14133.772740602493
186	-50.0	-50.0	-50.0	5924216300.0	17038292000.0	226595200000.0	77956880.0	5617488000.0	0.0	467500	14208.634953260422
187	-49.0	-49.0	-50.0	5947026000.0	18699880000.0	330274340000.0	90378580.0	5506131000.0	0.0	470000	14284.987569570541
188	-50.0	-50.0	-50.0	5210461700.0	15896560000.0	228878340000.0	99626380.0	4832922600.0	0.0	472500	14360.852836370468
189	-50.0	-50.0	-50.0	5393332700.0	16074455000.0	256760610000.0	99836610.0	4976654300.0	0.0	475000	14436.820495128632
190	-49.0	-49.0	-50.0	6283719700.0	22080467000.0	389526000000.0	75712090.0	5608495600.0	0.0	477500	14513.406980752945
191	-50.0	-50.0	-50.0	6181280300.0	24030278000.0	594473100000.0	76847440.0	5598807600.0	0.0	480000	14589.230565786362
192	-50.0	-50.0	-50.0	4684435000.0	21375836000.0	633814000000.0	68001680.0	4124512300.0	0.0	482500	14663.43556022644
193	-50.0	-50.0	-50.0	4691815000.0	20000156000.0	647072600000.0	63376150.0	4247622000.0	0.0	485000	14738.039465904236
194	-49.0	-49.0	-50.0	4519027000.0	16369815000.0	292737600000.0	62958220.0	4091419000.0	0.0	487500	14812.183663606644
195	-50.0	-50.0	-50.0	4992366600.0	16475824000.0	276333430000.0	67409360.0	4646275000.0	0.0	490000	14887.124901771545
196	-50.0	-50.0	-50.0	4425366000.0	13290983000.0	186342310000.0	55440700.0	3909705200.0	0.0	492500	14962.235575437546
197	-50.0	-50.0	-45.0	4787724300.0	17895977000.0	383644400000.0	55206970.0	4729958400.0	0.1	495000	15037.086375951767
198	-50.0	-50.0	-50.0	4410744000.0	14897492000.0	179674400000.0	45868484.0	3940342500.0	0.0	497500	15111.806573152542
199	-49.0	-49.0	-50.0	3957570000.0	12632933000.0	249531250000.0	46166120.0	3700423200.0	0.0	500000	15188.685927391052
200	-50.0	-50.0	-50.0	3945877000.0	15481585000.0	423767570000.0	44564664.0	3553569500.0	0.0	502500	15264.26318025589
201	-50.0	-50.0	-50.0	4794197500.0	20467163000.0	574890400000.0	47988720.0	4194735900.0	0.0	505000	15340.157602787018
202	-50.0	-50.0	-50.0	4764937000.0	17714360000.0	377750100000.0	53260756.0	4271638800.0	0.0	507500	15414.609130382538
203	-50.0	-50.0	-50.0	5274619400.0	16182363000.0	280448730000.0	47494308.0	4608331000.0	0.0	510000	15489.818051338196
204	-50.0	-50.0	-50.0	5253746700.0	17234207000.0	299519670000.0	56173100.0	4950463500.0	0.0	512500	15565.444722652435
205	-50.0	-50.0	-50.0	5348186000.0	18779787000.0	413332540000.0	53830668.0	4650169300.0	0.0	515000	15640.270134449005
206	-50.0	-50.0	-50.0	6684919300.0	20684134000.0	377125600000.0	43436496.0	6128691000.0	0.0	517500	15714.155650377274
207	-50.0	-50.0	-50.0	7460229000.0	22824993000.0	492858340000.0	47654370.0	6848175600.0	0.0	520000	15789.213869094849
208	-50.0	-50.0	-50.0	7851035600.0	22105037000.0	296552500000.0	63070570.0	7279671000.0	0.0	522500	15865.511206626892
209	-49.94	-49.94	-50.0	14463131000.0	28274917000.0	676706650000.0	335181660.0	13874587000.0	0.0	525000	15941.335298776627
210	-50.0	-50.0	-45.0	17889047000.0	23485903000.0	245746520000.0	1808895900.0	17714397000.0	0.1	527500	16015.902594327927
211	-50.0	-50.0	-50.0	12330814000.0	20006780000.0	251181270000.0	705147800.0	11919786000.0	0.0	530000	16092.154470682144
212	-49.0	-49.0	-50.0	8841516000.0	20498252000.0	264659900000.0	305767700.0	8369987600.0	0.0	532500	16167.145473718643
213	-50.0	-50.0	-50.0	7942720500.0	20794692000.0	342636200000.0	201190560.0	6959291000.0	0.0	535000	16245.826053380966
214	-50.0	-50.0	-50.0	9228303000.0	26627960000.0	469719200000.0	149777060.0	8450916000.0	0.0	537500	16322.499319791794
215	-50.0	-50.0	-50.0	8166760000.0	19099455000.0	210257840000.0	146208030.0	7626426000.0	0.0	540000	16403.764055252075
216	-50.0	-50.0	-50.0	9065085000.0	24939262000.0	313883400000.0	129086170.0	8853930000.0	0.0	542500	16480.57387971878
217	-50.0	-50.0	-50.0	8721162000.0	26212975000.0	588821100000.0	154075890.0	8585351700.0	0.0	545000	16558.129914283752
218	-50.0	-50.0	-50.0	8497839000.0	25693061000.0	640909440000.0	183003380.0	7723300400.0	0.0	547500	16636.409391641617
219	-49.0	-49.0	-50.0	8560811000.0	25176812000.0	549030820000.0	172222780.0	8387408400.0	0.0	550000	16715.724866628647
220	-50.0	-50.0	-50.0	8732357000.0	22915584000.0	468737650000.0	190095140.0	8331472400.0	0.0	552500	16790.612117767334
221	-50.0	-50.0	-45.0	9973086000.0	33002887000.0	680129500000.0	236305060.0	9286083000.0	0.1	555000	16867.11353611946
222	-50.0	-50.0	-50.0	8817691000.0	21672096000.0	367655780000.0	286613630.0	8506074600.0	0.0	557500	16945.053200483322
223	-50.0	-50.0	-50.0	12203411000.0	28911227000.0	395134140000.0	514723620.0	11601077000.0	0.0	560000	17022.176557779312
224	-50.0	-50.0	-50.0	13100243000.0	28650594000.0	361752400000.0	759925440.0	12614747000.0	0.0	562500	17098.991412878036
225	-50.0	-50.0	-50.0	12412525000.0	27730143000.0	408755440000.0	1116630000.0	12092769000.0	0.0	565000	17176.92603635788
226	-50.0	-50.0	-50.0	13085150000.0	32288970000.0	486277050000.0	995521860.0	12483495000.0	0.0	567500	17255.074338197708
227	-50.0	-50.0	-50.0	12914676000.0	29851673000.0	436903500000.0	706819600.0	12351976000.0	0.0	570000	17330.289904356003
228	-50.0	-50.0	-50.0	12811694000.0	58011922000.0	2276928500000.0	632218700.0	12134180000.0	0.0	572500	17406.960738897324
229	-49.0	-49.0	-50.0	11383715000.0	52085750000.0	1645773600000.0	514138050.0	10295919000.0	0.0	575000	17482.26641845703
230	-50.0	-50.0	-50.0	8260314600.0	22005477000.0	430110150000.0	404269900.0	7687920600.0	0.0	577500	17556.494344472885
231	-50.0	-50.0	-50.0	8382431700.0	29299956000.0	655939200000.0	281662180.0	7638857700.0	0.0	580000	17632.331625938416
232	-50.0	-50.0	-50.0	6259805000.0	23535575000.0	723708200000.0	195033500.0	5998432000.0	0.0	582500	17709.900510787964
233	-50.0	-50.0	-50.0	6254893000.0	20839002000.0	271160460000.0	229916860.0	5654831600.0	0.0	585000	17785.25936484337
234	-50.0	-50.0	-50.0	5462525000.0	17350863000.0	237284490000.0	174482820.0	5001298400.0	0.0	587500	17860.889070510864
235	-50.0	-50.0	-50.0	5064854500.0	16015857000.0	328062300000.0	146894480.0	4773296000.0	0.0	590000	17935.095143318176
236	-50.0	-50.0	-50.0	5254836700.0	17865513000.0	542908580000.0	120007140.0	5026171400.0	0.0	592500	18013.25371980667
237	-50.0	-50.0	-50.0	5059184000.0	18051492000.0	263243550000.0	115888060.0	4365606000.0	0.0	595000	18090.22414278984
238	-50.0	-50.0	-50.0	4390163000.0	12887923000.0	178008340000.0	108088640.0	4181065500.0	0.0	597500	18165.322548389435
239	-50.0	-50.0	-45.0	4576304000.0	17633843000.0	349818360000.0	70798000.0	4151655200.0	0.1	600000	18239.67242050171
240	-49.84	-49.84	-50.0	4177912000.0	13618011000.0	245506150000.0	84986830.0	3815798000.0	0.0	602500	18314.75169658661
241	-50.0	-50.0	-50.0	4696102000.0	20236186000.0	464278450000.0	72295230.0	4474924500.0	0.0	605000	18390.53966474533
242	-49.66	-49.66	-50.0	3773516300.0	13259200000.0	305520930000.0	64528224.0	3791913500.0	0.0	607500	18465.41963672638
243	-50.0	-50.0	-50.0	3710043100.0	13506915000.0	257394030000.0	57240876.0	3707804400.0	0.0	610000	18539.588569879532
244	-49.96	-49.96	-50.0	3570971100.0	11957910000.0	179325760000.0	47161390.0	3224296700.0	0.0	612500	18613.86028289795
245	-50.0	-50.0	-50.0	3605239300.0	16652002000.0	344989960000.0	48686490.0	3058918000.0	0.0	615000	18689.871638298035
246	-50.0	-50.0	-50.0	4018336000.0	16633461000.0	350626680000.0	50326656.0	3448372200.0	0.0	617500	18764.803347349167
247	-50.0	-50.0	-50.0	3475360000.0	14029437000.0	300692280000.0	48797500.0	3288819500.0	0.0	620000	18839.60621023178
248	-50.0	-50.0	-50.0	3823989000.0	15136955000.0	275624130000.0	37384252.0	3620767500.0	0.0	622500	18917.39853143692
249	-50.0	-50.0	-50.0	2983944200.0	10887865000.0	177679910000.0	39154170.0	2765160400.0	0.0	625000	18993.222217321396
250	-49.0	-49.0	-50.0	3641084200.0	17219107000.0	422080020000.0	41015360.0	3222888700.0	0.0	627500	19067.668013334274
251	-50.0	-50.0	-50.0	3273634600.0	11798552000.0	154143490000.0	36237816.0	3095859200.0	0.0	630000	19142.00388932228
252	-50.0	-50.0	-50.0	4120916700.0	20178946000.0	374406770000.0	37477740.0	3731301600.0	0.0	632500	19218.528462409973
253	-50.0	-50.0	-50.0	4034424800.0	22183799000.0	519894630000.0	32292688.0	3445223200.0	0.0	635000	19294.449989557266
254	-50.0	-50.0	-50.0	4124385300.0	21690618000.0	522223600000.0	36198010.0	3437523700.0	0.0	637500	19368.375928640366
255	-50.0	-50.0	-50.0	4120047600.0	23645231000.0	580020140000.0	34551624.0	3288949200.0	0.0	640000	19443.516157388687
256	-50.0	-50.0	-50.0	3815143200.0	15193594000.0	365990380000.0	34070650.0	3665654500.0	0.0	642500	19520.578879117966
257	-50.0	-50.0	-50.0	4428019000.0	21150788000.0	425455550000.0	32970384.0	3636471000.0	0.0	645000	19597.79247736931
258	-49.0	-49.0	-50.0	4705984000.0	23600929000.0	481920480000.0	32981492.0	3724511500.0	0.0	647500	19671.91362643242
259	-49.94	-49.94	-50.0	5980896000.0	44332126000.0	1718683600000.0	29700712.0	5525435000.0	0.0	650000	19746.983427762985
260	-50.0	-50.0	-50.0	4289259300.0	20374323000.0	417067300000.0	31403390.0	3799601700.0	0.0	652500	19824.34688091278
261	-50.0	-50.0	-50.0	6264190500.0	51429340000.0	1481239700000.0	33999530.0	5675427000.0	0.0	655000	19903.516010522842
262	-50.0	-50.0	-50.0	4226788900.0	17134773000.0	383330250000.0	46517770.0	3382947600.0	0.0	657500	19981.201142311096
263	-50.0	-50.0	-50.0	5615302700.0	37761126000.0	1088527800000.0	42707900.0	5569081000.0	0.0	660000	20058.15562939644
264	-50.0	-50.0	-50.0	4315349000.0	27892865000.0	687809230000.0	43516340.0	4154153500.0	0.0	662500	20135.28515815735
265	-50.0	-50.0	-50.0	5432360000.0	26937639000.0	544300270000.0	46299384.0	5072192500.0	0.0	665000	20211.744334697723
266	-50.0	-50.0	-50.0	3858964200.0	17546265000.0	483010870000.0	47911140.0	3287011600.0	0.0	667500	20288.64700937271
267	-50.0	-50.0	-50.0	5086377000.0	25611672000.0	647318860000.0	49800908.0	4404939000.0	0.0	670000	20364.32630085945
268	-50.0	-50.0	-50.0	4290120000.0	16536519000.0	322220980000.0	40778870.0	3938548000.0	0.0	672500	20439.758900403976
269	-50.0	-50.0	-50.0	5271026700.0	25044482000.0	659971960000.0	47741730.0	4998412000.0	0.0	675000	20515.694662809372
270	-50.0	-50.0	-50.0	4297064000.0	19372464000.0	452476730000.0	39136840.0	3781574000.0	0.0	677500	20591.895610570908
271	-50.0	-50.0	-45.0	3200993500.0	14670948000.0	424434800000.0	33666300.0	2499419600.0	0.1	680000	20669.576608657837
272	-49.0	-49.0	-50.0	3494100500.0	16024096000.0	395318700000.0	28771160.0	2924157200.0	0.0	682500	20744.94014787674
273	-50.0	-50.0	-50.0	3468230100.0	17105656000.0	414968200000.0	26511734.0	2438745000.0	0.0	685000	20822.256959199905
274	-50.0	-50.0	-50.0	2613529900.0	15012287000.0	375754850000.0	21508036.0	2328003300.0	0.0	687500	20896.62339901924
275	-49.0	-49.0	-50.0	2754090000.0	11872439000.0	311776100000.0	25824452.0	2256644000.0	0.0	690000	20971.840997219086
276	-50.0	-50.0	-50.0	2592534500.0	11235405000.0	269729660000.0	22400256.0	2024214900.0	0.0	692500	21047.663547754288
277	-50.0	-50.0	-50.0	2088727800.0	10165485000.0	208581940000.0	19576768.0	1849666600.0	0.0	695000	21122.862666130066
278	-50.0	-50.0	-50.0	2306170600.0	10835910000.0	209805790000.0	16901492.0	1758735900.0	0.0	697500	21198.273292779922
279	-50.0	-50.0	-50.0	2372870400.0	11587614000.0	313386400000.0	17749974.0	1970451700.0	0.0	700000	21275.058162927628
280	-50.0	-50.0	-50.0	1993633500.0	8802007000.0	188596680000.0	16104032.0	1696913900.0	0.0	702500	21349.556550979614
281	-49.0	-49.0	-50.0	1694885900.0	8086681600.0	191209640000.0	15655184.0	1452848000.0	0.0	705000	21426.54389667511
282	-50.0	-50.0	-50.0	2258011100.0	13378414000.0	424871460000.0	16609636.0	2131037600.0	0.0	707500	21503.03369665146
283	-49.98	-49.98	-50.0	1883797900.0	13622232000.0	463425340000.0	15076856.0	1721459100.0	0.0	710000	21577.8012342453
284	-48.0	-48.0	-50.0	1754366600.0	12702339000.0	375308030000.0	16401980.0	1509104500.0	0.0	712500	21654.494260311127
285	-50.0	-50.0	-50.0	1353665500.0	7655223300.0	258979350000.0	13845686.0	1417665000.0	0.0	715000	21733.333750009537
286	-50.0	-50.0	-50.0	1518075600.0	7568233500.0	162712980000.0	16217506.0	1440161900.0	0.0	717500	21809.022168159485
287	-50.0	-50.0	-50.0	1350913000.0	6533190000.0	199358100000.0	12938577.0	1215905400.0	0.0	720000	21886.034560203552
288	-50.0	-50.0	-50.0	1332448400.0	7146763300.0	186913260000.0	15133249.0	1439574300.0	0.0	722500	21960.69905948639
289	-49.76	-49.76	-50.0	1183565700.0	5111836000.0	84867604000.0	13628830.0	1224301000.0	0.0	725000	22035.607737779617
290	-50.0	-50.0	-50.0	905110660.0	4476565500.0	123374100000.0	12258122.0	1012467400.0	0.0	727500	22109.562972068787
291	-49.0	-49.0	-50.0	878379140.0	4691783000.0	102839640000.0	12524718.0	872974700.0	0.0	730000	22183.934103250504
292	-50.0	-50.0	-50.0	643457100.0	2858395000.0	56177766000.0	12413300.0	577183040.0	0.0	732500	22259.72482585907
293	-50.0	-50.0	-50.0	620096400.0	2744229600.0	75320520000.0	11525493.0	513462460.0	0.0	735000	22335.51805114746
294	-50.0	-50.0	-50.0	612192000.0	3119386400.0	87734410000.0	11376080.0	649150500.0	0.0	737500	22410.881067752838
295	-50.0	-50.0	-50.0	576891260.0	3114609400.0	90173735000.0	10907580.0	440990500.0	0.0	740000	22487.600939512253
296	-50.0	-50.0	-50.0	564019900.0	2481749500.0	43927536000.0	10630523.0	452549660.0	0.0	742500	22562.999095916748
297	-50.0	-50.0	-50.0	506610400.0	2486940000.0	53890300000.0	10266998.0	390881820.0	0.0	745000	22640.02648115158
298	-50.0	-50.0	-50.0	560761200.0	2414806000.0	53125054000.0	8485387.0	546912400.0	0.0	747500	22716.829196453094
299	-50.0	-50.0	-50.0	589630340.0	2198609700.0	27669258000.0	10556019.0	531232580.0	0.0	750000	22792.294610977173
300	-49.38	-49.38	-50.0	659140100.0	3200351000.0	65549365000.0	7791764.0	556622500.0	0.0	752500	22865.79418849945
301	-50.0	-50.0	-50.0	582004800.0	2918157800.0	77236520000.0	7891251.0	532417860.0	0.0	755000	22940.025438308716
302	-50.0	-50.0	-50.0	439291840.0	2540075300.0	66356584000.0	7086031.5	397638430.0	0.0	757500	23013.752601385117
303	-50.0	-50.0	-50.0	457237660.0	2541254400.0	51609387000.0	6588886.0	346656220.0	0.0	760000	23089.45996928215
304	-50.0	-50.0	-50.0	410835740.0	2050433500.0	53716270000.0	7633519.0	426930200.0	0.0	762500	23166.625350236893
305	-50.0	-50.0	-50.0	351460380.0	2117305600.0	70811270000.0	6681043.0	374372480.0	0.0	765000	23241.343638658524
306	-50.0	-50.0	-50.0	334133220.0	2022242800.0	44844798000.0	5858835.0	341327940.0	0.0	767500	23316.327266454697
307	-50.0	-50.0	-50.0	336108670.0	1856212700.0	42091060000.0	5658396.0	302341440.0	0.0	770000	23391.982103586197
308	-50.0	-50.0	-45.0	252349680.0	1235432700.0	29681551000.0	5366873.0	255057920.0	0.1	772500	23467.20937538147
309	-50.0	-50.0	-45.0	245737120.0	1243451500.0	22870108000.0	5153177.0	279245900.0	0.1	775000	23542.364933013916
310	-50.0	-50.0	-50.0	267154700.0	1935570600.0	56620040000.0	5200672.0	261738750.0	0.0	777500	23618.039781332016
311	-50.0	-50.0	-50.0	297799900.0	1728981000.0	32390769000.0	4139581.8	249950610.0	0.0	780000	23695.603823900223
312	-50.0	-50.0	-50.0	237523330.0	1256069000.0	31102435000.0	4456413.0	248120200.0	0.0	782500	23771.39453935623
313	-50.0	-50.0	-50.0	198493600.0	1122126500.0	31852982000.0	4300745.5	187477950.0	0.0	785000	23845.346274375916
314	-50.0	-50.0	-50.0	190535920.0	954730560.0	18366370000.0	3936587.8	172680080.0	0.0	787500	23921.67639017105
315	-49.0	-49.0	-50.0	407092540.0	4842965500.0	191906700000.0	3739499.0	280176030.0	0.0	790000	23994.96346259117
316	-49.0	-49.0	-50.0	196679310.0	1173074000.0	28652487000.0	3892975.2	232510190.0	0.0	792500	24070.148827791214
317	-50.0	-50.0	-50.0	182646370.0	1041973900.0	30222050000.0	3569342.5	140280540.0	0.0	795000	24144.980030059814
318	-50.0	-50.0	-50.0	257851580.0	1859480700.0	49725010000.0	3561374.0	255322940.0	0.0	797500	24219.65757584572
319	-50.0	-50.0	-50.0	177631920.0	1042146300.0	28042473000.0	3612623.5	183260130.0	0.0	800000	24295.876807928085
320	-49.0	-49.0	-50.0	178769660.0	961180300.0	19445596000.0	3151947.0	177091220.0	0.0	802500	24371.708974123
321	-50.0	-50.0	-50.0	226248130.0	1150114600.0	27851254000.0	3876623.0	222795070.0	0.0	805000	24447.7116792202
322	-50.0	-50.0	-50.0	342074340.0	1911115400.0	35504267000.0	3925235.0	302778430.0	0.0	807500	24521.161684513092
323	-49.96	-49.96	-50.0	359689950.0	2077024000.0	55561994000.0	4060440.0	293733470.0	0.0	810000	24599.481539964676
324	-50.0	-50.0	-50.0	471984160.0	1758238300.0	28322159000.0	7430079.5	429944640.0	0.0	812500	24676.485449552536
325	-50.0	-50.0	-50.0	677137600.0	4487420000.0	163660380000.0	12760607.0	573213400.0	0.0	815000	24752.19242167473
326	-50.0	-50.0	-50.0	587388900.0	3232397300.0	114292720000.0	6880311.0	543240600.0	0.0	817500	24827.921247005463
327	-49.32	-49.32	-50.0	460934750.0	3475853800.0	130511160000.0	5801413.0	401235170.0	0.0	820000	24901.87817311287
328	-49.38	-49.38	-50.0	524522530.0	2614549200.0	53399937000.0	5106599.0	523966600.0	0.0	822500	24975.032948970795
329	-50.0	-50.0	-50.0	478607040.0	2626687500.0	64639890000.0	4095911.0	518384930.0	0.0	825000	25051.440221071243
330	-49.92	-49.92	-50.0	501332900.0	3027096800.0	81180836000.0	3996321.2	403168700.0	0.0	827500	25127.13539648056
331	-49.94	-49.94	-50.0	518911070.0	5612550700.0	231994460000.0	3538196.8	617999740.0	0.0	830000	25201.226212978363
332	-50.0	-50.0	-50.0	426457380.0	3710366500.0	151178500000.0	3860922.0	424819680.0	0.0	832500	25278.704756736755
333	-50.0	-50.0	-50.0	378174850.0	2477346600.0	62590456000.0	3679596.0	420000960.0	0.0	835000	25355.068785190582
334	-50.0	-50.0	-50.0	248858830.0	1921078500.0	70998440000.0	3216427.2	240216270.0	0.0	837500	25430.26326608658
335	-50.0	-50.0	-50.0	245236460.0	1508226700.0	35489665000.0	2952500.5	206304930.0	0.0	840000	25502.583377599716
336	-50.0	-50.0	-50.0	278462300.0	1762736600.0	34638615000.0	2844622.5	322029150.0	0.0	842500	25577.69631099701
337	-50.0	-50.0	-50.0	299674750.0	2197532400.0	57052836000.0	2629722.5	295111360.0	0.0	845000	25652.767329454422
338	-50.0	-50.0	-50.0	166203300.0	901838850.0	24167220000.0	2511755.0	164890020.0	0.0	847500	25727.953675031662
339	-49.0	-49.0	-50.0	256843520.0	1958738000.0	57369354000.0	2451831.0	249905380.0	0.0	850000	25803.0962805748
340	-50.0	-50.0	-50.0	185037180.0	1174686600.0	30713440000.0	2300008.5	159008750.0	0.0	852500	25879.928490400314
341	-50.0	-50.0	-50.0	228560540.0	1548990200.0	39420445000.0	1933886.8	196305360.0	0.0	855000	25953.061371564865
342	-50.0	-50.0	-50.0	203726290.0	1551207600.0	31346612000.0	1972880.9	212824780.0	0.0	857500	26027.86949300766
343	-50.0	-50.0	-45.0	238752900.0	1576063900.0	27628410000.0	2023085.1	208256050.0	0.1	860000	26103.337868213654
344	-50.0	-50.0	-50.0	109094510.0	436088900.0	6955515000.0	1905459.5	135025020.0	0.0	862500	26177.518129587173
345	-50.0	-50.0	-50.0	131402890.0	1114560600.0	40825795000.0	1911983.0	137020640.0	0.0	865000	26252.076848745346
346	-50.0	-50.0	-50.0	125197550.0	830695200.0	19434619000.0	1740091.4	161044940.0	0.0	867500	26327.431408643723
347	-50.0	-50.0	-45.0	164056620.0	969268100.0	17893286000.0	1582388.0	128619920.0	0.1	870000	26402.587325811386
348	-50.0	-50.0	-50.0	151702460.0	1061687800.0	30609134000.0	1502378.2	147427650.0	0.0	872500	26478.06257748604
349	-49.82	-49.82	-50.0	60228812.0	304982660.0	7358537700.0	1256467.2	70882300.0	0.0	875000	26552.534959316254
350	-50.0	-50.0	-50.0	163453010.0	1321422500.0	30800810000.0	1692286.6	169132720.0	0.0	877500	26627.413843870163
351	-50.0	-50.0	-50.0	98280690.0	796603700.0	21712460000.0	1379496.0	100377300.0	0.0	880000	26700.00573039055
352	-50.0	-50.0	-50.0	186916660.0	2355342000.0	77278355000.0	1559667.1	91418410.0	0.0	882500	26773.64355611801
353	-50.0	-50.0	-50.0	74731240.0	426799940.0	12078239000.0	1407482.8	87074080.0	0.0	885000	26847.216096639633
354	-50.0	-50.0	-50.0	133902610.0	1334709200.0	44978310000.0	1348945.5	146015760.0	0.0	887500	26922.686833143234
355	-50.0	-50.0	-50.0	92696690.0	666675600.0	12842128000.0	1349983.5	86179624.0	0.0	890000	26996.769042015076
356	-50.0	-50.0	-50.0	86303510.0	833668000.0	30201555000.0	1086496.6	53862852.0	0.0	892500	27071.16442465782
357	-50.0	-50.0	-50.0	104041816.0	707817500.0	22031692000.0	1335783.4	135919550.0	0.0	895000	27147.558609962463
358	-50.0	-50.0	-50.0	136147000.0	1337707100.0	32886858000.0	1262359.4	102522424.0	0.0	897500	27222.239614248276
359	-50.0	-50.0	-50.0	73323680.0	585227840.0	14892288000.0	1106070.9	89633420.0	0.0	900000	27297.60295343399
360	-49.0	-49.0	-50.0	119275970.0	1115982600.0	25321177000.0	1111093.9	118784030.0	0.0	902500	27374.638743162155
361	-49.0	-49.0	-50.0	75970296.0	740536000.0	24369607000.0	1072114.5	73696190.0	0.0	905000	27449.865280389786
362	-49.92	-49.92	-50.0	129312790.0	1362134900.0	40018895000.0	1166759.6	126642050.0	0.0	907500	27524.762461662292
363	-49.0	-49.0	-50.0	127038850.0	1301396900.0	27877090000.0	1023376.6	96912740.0	0.0	910000	27599.04258441925
364	-50.0	-50.0	-50.0	119571120.0	1272799000.0	31012026000.0	913844.0	112476130.0	0.0	912500	27674.080728769302
365	-50.0	-50.0	-50.0	42860830.0	328070340.0	8550197000.0	981244.2	57267404.0	0.0	915000	27748.96479320526
366	-50.0	-50.0	-50.0	84083380.0	907634700.0	24576637000.0	941273.5	74883310.0	0.0	917500	27823.02195096016
367	-50.0	-50.0	-50.0	79565580.0	814985860.0	23176972000.0	973815.5	35914040.0	0.0	920000	27899.10381937027
368	-50.0	-50.0	-50.0	76380150.0	753973200.0	22864478000.0	916491.56	81218584.0	0.0	922500	27975.485416650772
369	-50.0	-50.0	-50.0	48183956.0	400673900.0	10788400000.0	888238.1	52889824.0	0.0	925000	28053.28659915924
370	-50.0	-50.0	-50.0	118288170.0	1356076900.0	44971667000.0	818456.6	114571840.0	0.0	927500	28126.02231669426
371	-50.0	-50.0	-50.0	94476740.0	1175960200.0	43805897000.0	834555.7	102576960.0	0.0	930000	28199.683911561966
372	-50.0	-50.0	-50.0	92037530.0	1204507100.0	43101270000.0	920539.4	57929944.0	0.0	932500	28274.26389360428
373	-50.0	-50.0	-50.0	85083336.0	805922000.0	17223635000.0	826404.6	82633440.0	0.0	935000	28348.14781856537
374	-50.0	-50.0	-50.0	109291960.0	1279697300.0	42164384000.0	776659.2	109834170.0	0.0	937500	28423.046565532684
375	-50.0	-50.0	-50.0	190362430.0	4047150800.0	174017540000.0	739132.06	201658340.0	0.0	940000	28497.94789171219
376	-50.0	-50.0	-50.0	309770460.0	7299702000.0	317179330000.0	689393.0	315160100.0	0.0	942500	28572.152139663696
377	-50.0	-50.0	-50.0	186382510.0	3375643100.0	136988830000.0	814507.0	171624030.0	0.0	945000	28648.584058523178
378	-49.0	-49.0	-50.0	106290920.0	1325907700.0	42349916000.0	842768.1	136495940.0	0.0	947500	28724.29529261589
379	-50.0	-50.0	-50.0	184576830.0	2810530800.0	107259216000.0	747513.5	193556540.0	0.0	950000	28799.576151132584
380	-50.0	-50.0	-50.0	160031730.0	2300863200.0	73176840000.0	632520.94	154703600.0	0.0	952500	28874.147782325745
381	-49.0	-49.0	-50.0	233493230.0	2375477500.0	68332036000.0	675815.5	242990740.0	0.0	955000	28948.423768281937
382	-49.0	-49.0	-50.0	102359400.0	1100019500.0	34560106000.0	788597.8	99617550.0	0.0	957500	29019.605767011642
383	-49.0	-49.0	-50.0	229091740.0	3031449000.0	85849000000.0	797064.4	277355500.0	0.0	960000	29090.984461307526
384	-50.0	-50.0	-50.0	106622650.0	953897800.0	19516496000.0	835473.25	108845896.0	0.0	962500	29163.19398999214
385	-50.0	-50.0	-50.0	200007800.0	3488376800.0	134247390000.0	723171.6	192127730.0	0.0	965000	29235.565415620804
386	-49.9	-49.9	-50.0	246513260.0	6194268700.0	273860440000.0	685520.44	296606530.0	0.0	967500	29307.13009238243
387	-50.0	-50.0	-50.0	583944100.0	9204044000.0	288728000000.0	753590.8	471144800.0	0.0	970000	29379.445018291473
388	-50.0	-50.0	-50.0	197690700.0	2640992500.0	90536830000.0	768724.5	227869120.0	0.0	972500	29451.24863767624
389	-50.0	-50.0	-50.0	135252030.0	1230453900.0	28895971000.0	735143.75	139660350.0	0.0	975000	29524.140644311905
390	-50.0	-50.0	-50.0	258843410.0	4152263700.0	163008220000.0	801493.06	261052030.0	0.0	977500	29595.212151765823
391	-49.0	-49.0	-50.0	165704930.0	1528944800.0	44516913000.0	698838.9	151854600.0	0.0	980000	29665.392439842224
392	-50.0	-50.0	-50.0	264408530.0	2682642000.0	86179460000.0	762534.6	225291820.0	0.0	982500	29735.745911359787
393	-50.0	-50.0	-50.0	337550370.0	3125813800.0	94829520000.0	783721.1	322873120.0	0.0	985000	29805.243335962296
394	-50.0	-50.0	-50.0	181659680.0	1477744600.0	30702705000.0	663401.7	209859150.0	0.0	987500	29874.670370817184
395	-49.0	-49.0	-50.0	221715140.0	2534117600.0	77131210000.0	717160.5	182057580.0	0.0	990000	29942.770133256912
396	-50.0	-50.0	-50.0	244578350.0	3268488400.0	130550860000.0	883945.75	230111070.0	0.0	992500	30010.784631490707
397	-50.0	-50.0	-50.0	327170980.0	3029770200.0	79582980000.0	741647.2	323556600.0	0.0	995000	30082.043484449387
398	-50.0	-50.0	-50.0	522382940.0	10737755000.0	466404380000.0	892060.1	486142980.0	0.0	997500	30153.512174367905
399	-50.0	-50.0	-50.0	562222600.0	9044794000.0	300483900000.0	1006216.3	414353060.0	0.0	1000000	30221.63255929947
400	-50.0	-50.0	-50.0	405695420.0	5137969700.0	197984570000.0	1029776.25	434932900.0	0.0	1002500	30289.136156082153
401	-50.0	-50.0	-50.0	341272130.0	4314359300.0	139366680000.0	1222750.5	244797380.0	0.0	1005000	30357.941914319992
402	-50.0	-50.0	-50.0	551127100.0	8633496000.0	286614520000.0	1314463.2	518607900.0	0.0	1007500	30425.195569992065
403	-50.0	-50.0	-50.0	622757300.0	6986219000.0	230713540000.0	1424789.0	533364600.0	0.0	1010000	30492.18389606476
404	-50.0	-50.0	-50.0	547081200.0	3764000800.0	112431250000.0	1476434.2	505669950.0	0.0	1012500	30558.034276008606
405	-50.0	-50.0	-50.0	1345669900.0	17418676000.0	627733600000.0	1911100.4	1283164400.0	0.0	1015000	30624.966266155243
406	-50.0	-50.0	-50.0	1422928000.0	11029172000.0	309747480000.0	3342762.2	1431660500.0	0.0	1017500	30693.091924905777
407	-50.0	-50.0	-50.0	1180616600.0	10807121000.0	273491820000.0	4527593.0	1144561400.0	0.0	1020000	30759.339680671692
408	-50.0	-50.0	-50.0	862594560.0	6796464600.0	130833290000.0	4016928.5	843902700.0	0.0	1022500	30829.251157283783
409	-50.0	-50.0	-50.0	1091491100.0	7056992000.0	181816210000.0	3088809.0	1071852160.0	0.0	1025000	30898.05701470375
410	-50.0	-50.0	-50.0	1217481900.0	10604192000.0	246955400000.0	2992608.8	1026945300.0	0.0	1027500	30968.632014989853
411	-50.0	-50.0	-50.0	750274500.0	6701016000.0	164987470000.0	2500660.2	578817340.0	0.0	1030000	31037.16760492325
412	-50.0	-50.0	-50.0	894811140.0	8622076000.0	282650180000.0	2096444.2	1042899260.0	0.0	1032500	31108.827864408493
413	-50.0	-50.0	-50.0	1138707300.0	13241492000.0	487189000000.0	2223412.0	1092891300.0	0.0	1035000	31176.175030469894
414	-49.0	-49.0	-50.0	778904260.0	7334471700.0	252849910000.0	2128284.8	741873800.0	0.0	1037500	31246.02296423912
415	-50.0	-50.0	-50.0	2040712000.0	56510857000.0	2515452300000.0	2005766.4	1944352800.0	0.0	1040000	31314.16808462143
416	-50.0	-50.0	-50.0	2129771400.0	45291266000.0	1624996000000.0	1767059.0	2191585800.0	0.0	1042500	31386.492362499237
417	-50.0	-50.0	-50.0	1229428500.0	21695349000.0	845848250000.0	1790236.0	1449298000.0	0.0	1045000	31459.20558667183
418	-50.0	-50.0	-50.0	1213078400.0	13368293000.0	534015020000.0	1638942.0	1117944000.0	0.0	1047500	31529.22471022606
419	-50.0	-50.0	-50.0	1209392000.0	10775796000.0	259204480000.0	1795434.8	990688640.0	0.0	1050000	31598.292172193527
420	-50.0	-50.0	-50.0	1006503500.0	7191948300.0	206364640000.0	2017752.0	858723300.0	0.0	1052500	31668.846376895905
421	-50.0	-50.0	-50.0	2011816400.0	16236414000.0	462127630000.0	2521608.2	1900959500.0	0.0	1055000	31740.119258642197
422	-50.0	-50.0	-50.0	2237834200.0	13969855000.0	390965200000.0	3042462.5	1903902800.0	0.0	1057500	31808.89049267769
423	-50.0	-50.0	-50.0	3569012200.0	20106406000.0	503543170000.0	11652003.0	2985334800.0	0.0	1060000	31876.925896644592
424	-50.0	-50.0	-50.0	5965115000.0	38311727000.0	1095805800000.0	9633748.0	5512739300.0	0.0	1062500	31943.907514572144
425	-50.0	-50.0	-50.0	5690854400.0	32238960000.0	637470600000.0	8599119.0	5522133500.0	0.0	1065000	32007.845844745636
426	-50.0	-50.0	-50.0	5277889000.0	28383240000.0	561344900000.0	9842242.0	5480954000.0	0.0	1067500	32071.03619146347
427	-49.0	-49.0	-50.0	6094403000.0	28206615000.0	459423150000.0	11667322.0	5960462300.0	0.0	1070000	32133.087298631668
428	-49.8	-49.8	-50.0	9489711000.0	55622320000.0	1457301600000.0	16487373.0	8984485000.0	0.0	1072500	32195.098870515823
429	-50.0	-50.0	-50.0	5784191000.0	25795686000.0	394852140000.0	13381626.0	5484995000.0	0.0	1075000	32259.901663780212
430	-50.0	-50.0	-50.0	5792942000.0	34584460000.0	725150100000.0	12126094.0	5335201000.0	0.0	1077500	32326.356251716614
431	-50.0	-50.0	-50.0	6513157600.0	38319330000.0	948342900000.0	11368452.0	5977729000.0	0.0	1080000	32389.402876853943
432	-50.0	-50.0	-50.0	7052366000.0	34401830000.0	548203200000.0	11894476.0	6892667000.0	0.0	1082500	32454.984556913376
433	-49.0	-49.0	-50.0	8185257000.0	65521828000.0	2522760000000.0	11792556.0	7600697300.0	0.0	1085000	32519.022260427475
434	-50.0	-50.0	-50.0	7227760000.0	31847713000.0	587221040000.0	23785294.0	6569334300.0	0.0	1087500	32581.40061903
435	-50.0	-50.0	-50.0	8242252300.0	37242780000.0	841949840000.0	24260596.0	8333510000.0	0.0	1090000	32643.80062174797
436	-50.0	-50.0	-50.0	8668547000.0	41598734000.0	1119408500000.0	29775544.0	8134911500.0	0.0	1092500	32704.2411134243
437	-49.0	-49.0	-50.0	9636873000.0	62625518000.0	2119624300000.0	40662390.0	8783513000.0	0.0	1095000	32764.74929356575
438	-50.0	-50.0	-50.0	10029283000.0	50953370000.0	1501181900000.0	72127740.0	9156112000.0	0.0	1097500	32822.623888492584
439	-50.0	-50.0	-50.0	11359911000.0	62390055000.0	1496976000000.0	58112996.0	9103642000.0	0.0	1100000	32883.43373632431
440	-50.0	-50.0	-50.0	9653285000.0	51362720000.0	1515063000000.0	45216520.0	8113078000.0	0.0	1102500	32946.13881826401
441	-49.0	-49.0	-50.0	9582974000.0	51729030000.0	1447292000000.0	66877660.0	8606498000.0	0.0	1105000	33006.80316257477
442	-49.0	-49.0	-50.0	8634244000.0	37918114000.0	1055715000000.0	44890056.0	8549947400.0	0.0	1107500	33066.68449473381
443	-50.0	-50.0	-50.0	12388583000.0	56800760000.0	1239365200000.0	55694064.0	10494442000.0	0.0	1110000	33125.2844953537
444	-50.0	-50.0	-50.0	13288352000.0	53902210000.0	1286630700000.0	65429496.0	12247153000.0	0.0	1112500	33185.427586078644
445	-50.0	-50.0	-50.0	14381898000.0	49718882000.0	688334960000.0	92632800.0	12994385000.0	0.0	1115000	33243.70043301582
446	-50.0	-50.0	-50.0	16078154000.0	60858724000.0	1078204800000.0	92717360.0	14764126000.0	0.0	1117500	33299.339921951294
447	-50.0	-50.0	-50.0	17200642000.0	69284830000.0	1539471300000.0	81436620.0	16065772000.0	0.0	1120000	33355.25068807602
448	-49.92	-49.92	-50.0	17965658000.0	67374980000.0	955389000000.0	58880750.0	16219514000.0	0.0	1122500	33415.167179346085
449	-50.0	-50.0	-50.0	17112659000.0	108320470000.0	4250847400000.0	49419376.0	16653937000.0	0.0	1125000	33474.55219388008
450	-49.96	-49.96	-50.0	20690285000.0	100763420000.0	3552931500000.0	49811130.0	19593250000.0	0.0	1127500	33533.68370318413
451	-50.0	-50.0	-50.0	22704003000.0	113133230000.0	3427036300000.0	44323056.0	20730501000.0	0.0	1130000	33592.99158787727
452	-50.0	-50.0	-50.0	25018616000.0	105860910000.0	2638181000000.0	40237150.0	22373155000.0	0.0	1132500	33653.66056346893
453	-49.0	-49.0	-50.0	20130210000.0	85017000000.0	2293243300000.0	38254916.0	17412446000.0	0.0	1135000	33712.96845626831
454	-50.0	-50.0	-50.0	22992767000.0	86220685000.0	2281160800000.0	35211584.0	20178143000.0	0.0	1137500	33771.41786670685
455	-50.0	-50.0	-50.0	20249547000.0	66479915000.0	940538900000.0	29522070.0	18618788000.0	0.0	1140000	33829.067781209946
456	-50.0	-50.0	-50.0	23783977000.0	96700710000.0	2181730300000.0	28938422.0	20143182000.0	0.0	1142500	33887.704580545425
457	-49.82	-49.82	-50.0	18499832000.0	52831880000.0	592384700000.0	28357928.0	17533600000.0	0.0	1145000	33947.19245100021
458	-50.0	-50.0	-50.0	18484294000.0	59865666000.0	961458300000.0	30450184.0	17419973000.0	0.0	1147500	34005.952751874924
459	-50.0	-50.0	-50.0	19503507000.0	73088970000.0	1523521300000.0	27065628.0	16869929000.0	0.0	1150000	34066.094814538956
460	-49.0	-49.0	-50.0	16946317000.0	56623640000.0	862056600000.0	29052802.0	15489248000.0	0.0	1152500	34124.50886583328
461	-50.0	-50.0	-50.0	18197647000.0	60020277000.0	886360970000.0	27150270.0	16499879000.0	0.0	1155000	34182.522552490234
462	-50.0	-50.0	-50.0	16962959000.0	58598654000.0	1014566600000.0	26204738.0	15257822000.0	0.0	1157500	34239.44645142555
463	-50.0	-50.0	-48.8	18068255000.0	60426390000.0	748197050000.0	27617756.0	16729428000.0	0.1	1160000	34299.25766825676
464	-50.0	-50.0	-50.0	15342740000.0	52413590000.0	772637660000.0	27246136.0	14242387000.0	0.0	1162500	34358.52661705017
465	-49.96	-49.96	-50.0	21598765000.0	124340600000.0	3104875700000.0	27107394.0	20023357000.0	0.0	1165000	34416.130514621735
466	-49.94	-49.94	-50.0	21723769000.0	102375990000.0	2285398400000.0	24908352.0	20029618000.0	0.0	1167500	34473.188799619675
467	-49.98	-49.98	-49.4	25162990000.0	106871740000.0	1800974500000.0	27571098.0	23823454000.0	0.0	1170000	34533.80952787399
468	-50.0	-50.0	-50.0	24509985000.0	95178210000.0	2442151000000.0	31597120.0	23407927000.0	0.0	1172500	34594.25962495804
469	-49.68	-49.68	-50.0	26454168000.0	109040796000.0	2588368000000.0	29756070.0	23865725000.0	0.0	1175000	34651.16726851463
470	-49.14	-49.14	-50.0	27579277000.0	118506360000.0	2650749300000.0	30010174.0	24528454000.0	0.0	1177500	34708.26614689827
471	-50.0	-50.0	-50.0	23784948000.0	102613360000.0	2288934200000.0	35227810.0	21517191000.0	0.0	1180000	34764.922957897186
472	-50.0	-50.0	-50.0	21393949000.0	79361860000.0	1970178000000.0	36495016.0	19211545000.0	0.0	1182500	34822.84401679039
473	-50.0	-50.0	-45.0	29257527000.0	102719720000.0	1782013800000.0	36822120.0	25820412000.0	0.1	1185000	34881.27963256836
474	-50.0	-50.0	-50.0	23905993000.0	79604130000.0	1586641400000.0	34655504.0	20461023000.0	0.0	1187500	34941.43734669685
475	-50.0	-50.0	-50.0	19277013000.0	65277854000.0	1375748400000.0	35398916.0	16134110000.0	0.0	1190000	35002.831411123276
476	-50.0	-50.0	-50.0	23026340000.0	85537250000.0	1590955100000.0	35573704.0	20219023000.0	0.0	1192500	35061.59104204178
477	-50.0	-50.0	-50.0	17184692000.0	58854550000.0	1135260900000.0	36308064.0	16052194000.0	0.0	1195000	35118.486797332764
478	-49.88	-49.88	-50.0	20585970000.0	76984860000.0	1688593200000.0	38363950.0	18151174000.0	0.0	1197500	35175.72887420654
479	-50.0	-50.0	-50.0	21844937000.0	73581470000.0	1112854200000.0	35141880.0	19991278000.0	0.0	1200000	35233.993344545364
480	-50.0	-50.0	-50.0	17737705000.0	49138730000.0	728321600000.0	39814080.0	15703186000.0	0.0	1202500	35292.23968267441
481	-50.0	-50.0	-50.0	23165196000.0	76289400000.0	1287299700000.0	39651896.0	18622181000.0	0.0	1205000	35351.37070894241
482	-49.0	-49.0	-50.0	23266195000.0	77528300000.0	1492373300000.0	50457010.0	19567208000.0	0.0	1207500	35407.103662252426
483	-50.0	-50.0	-50.0	27694283000.0	77855180000.0	1264816100000.0	55348056.0	22698504000.0	0.0	1210000	35462.477585315704
484	-49.0	-49.0	-50.0	34931552000.0	87019410000.0	1427980300000.0	141130800.0	29797196000.0	0.0	1212500	35522.027683496475
485	-50.0	-50.0	-50.0	57248810000.0	105576280000.0	1755560800000.0	1745387100.0	48307864000.0	0.0	1215000	35580.77739715576
486	-49.0	-49.0	-50.0	65282347000.0	116439835000.0	1908837700000.0	5531433000.0	56698835000.0	0.0	1217500	35638.5036406517
487	-50.0	-50.0	-50.0	59523097000.0	118295950000.0	2824026000000.0	2651310000.0	52273906000.0	0.0	1220000	35695.60479950905
488	-50.0	-50.0	-50.0	45889696000.0	92345530000.0	1612558400000.0	2699347000.0	41280983000.0	0.0	1222500	35750.44397521019
489	-50.0	-50.0	-50.0	43413144000.0	104870070000.0	2606340200000.0	2644656400.0	37797028000.0	0.0	1225000	35806.58291387558
490	-50.0	-50.0	-50.0	42472410000.0	99373195000.0	3126615300000.0	4125201700.0	38424363000.0	0.0	1227500	35865.72590851784
491	-50.0	-50.0	-50.0	49230483000.0	75544380000.0	1692526700000.0	8567622000.0	45745644000.0	0.0	1230000	35917.660284757614
492	-49.0	-49.0	-50.0	55507780000.0	65412860000.0	1334135200000.0	12897460000.0	50825980000.0	0.0	1232500	35963.57325339317
493	-50.0	-50.0	-50.0	53644685000.0	81029276000.0	2244621600000.0	10805362000.0	48194843000.0	0.0	1235000	36007.98584604263
494	-50.0	-50.0	-50.0	44274622000.0	77124450000.0	2006201500000.0	6643611000.0	39980730000.0	0.0	1237500	36053.083844423294
495	-50.0	-50.0	-50.0	33643223000.0	52870513000.0	620402400000.0	3821674500.0	30293885000.0	0.0	1240000	36097.33824110031
496	-50.0	-50.0	-50.0	29907452000.0	70303834000.0	1744994000000.0	1991663500.0	28002170000.0	0.0	1242500	36143.44378042221
497	-50.0	-50.0	-50.0	22480260000.0	42731420000.0	722253700000.0	1333068500.0	20553005000.0	0.0	1245000	36188.16432380676
498	-50.0	-50.0	-50.0	23820085000.0	72227830000.0	2036054600000.0	876651500.0	21796708000.0	0.0	1247500	36232.66964960098
499	-50.0	-50.0	-50.0	22872156000.0	53603807000.0	1196833200000.0	942106000.0	21202852000.0	0.0	1250000	36277.71451258659
