Epoch	EpRet	EpRealRet	TestEpRet	AverageQ1	StdQ1	MaxQ1	MinQ1	Q2	TestSuccess	TotalEnvInteracts	TotalTime
0	-49.92	-49.92	-50.0	0.1250313	0.11444582	1.4858433	0.0027131403	0.1259279	0.0	2500	47.043041706085205
1	-50.0	-50.0	-50.0	0.31773555	0.086080335	0.78882354	0.119017564	0.31980243	0.0	5000	100.95999598503113
2	-49.94	-49.94	-50.0	0.35589564	0.11228952	0.78290224	0.121904746	0.3563858	0.0	7500	163.85081553459167
3	-50.0	-50.0	-50.0	0.41584164	0.15767393	1.1620574	0.11624413	0.41805908	0.0	10000	225.1462950706482
4	-49.42	-49.42	-50.0	0.49626055	0.20360948	1.5302997	0.14863557	0.50028384	0.0	12500	286.87957739830017
5	-49.94	-49.94	-50.0	0.46510112	0.18772192	1.6068692	0.13078947	0.4638465	0.0	15000	347.7092535495758
6	-49.46	-49.46	-50.0	0.42867485	0.15303811	1.4419677	0.1460696	0.42561102	0.0	17500	408.6127738952637
7	-50.0	-50.0	-50.0	0.434752	0.15504536	2.6571522	0.13501671	0.43991867	0.0	20000	468.3079562187195
8	-49.0	-49.0	-49.7	0.4140492	0.1438022	1.5550147	0.14133331	0.42043942	0.0	22500	529.3702011108398
9	-50.0	-50.0	-49.8	0.4262821	0.1663149	1.8872272	0.13902768	0.43190688	0.0	25000	589.1201641559601
10	-49.6	-49.6	-50.0	0.4413727	0.16385321	1.5293053	0.1564709	0.44727302	0.0	27500	648.9975967407227
11	-49.86	-49.86	-45.0	0.47095892	0.2310034	5.6301303	0.13727713	0.47355956	0.1	30000	709.155401468277
12	-49.8	-49.8	-50.0	0.472592	0.18300857	2.787532	0.16446564	0.47056425	0.0	32500	768.869106054306
13	-49.9	-49.9	-50.0	0.5293239	0.27753788	4.625662	0.16177185	0.52755576	0.0	35000	827.8320376873016
14	-49.82	-49.82	-49.8	0.55638224	0.30386144	3.6412508	0.20233533	0.56259125	0.0	37500	887.7653546333313
15	-48.76	-48.76	-50.0	0.7018522	0.6181577	8.380347	0.21416122	0.730072	0.0	40000	947.9820599555969
16	-49.64	-49.64	-49.9	1.6374146	2.8340898	48.59423	0.22026455	1.6945226	0.0	42500	1008.7147400379181
17	-48.74	-48.74	-50.0	5.7871866	12.071756	141.29242	0.32692814	6.0345197	0.0	45000	1069.9753181934357
18	-49.36	-49.36	-50.0	41.5328	100.92637	1846.962	0.5513183	41.77447	0.0	47500	1132.2869107723236
19	-49.32	-49.32	-50.0	193.59862	480.93994	9223.786	1.1816437	192.27861	0.0	50000	1193.6139171123505
20	-50.0	-50.0	-50.0	282.12256	820.8601	15583.622	1.7788472	278.45303	0.0	52500	1254.6559369564056
21	-50.0	-50.0	-50.0	402.3065	1095.3822	24045.033	1.5286821	396.15347	0.0	55000	1315.7146346569061
22	-49.86	-49.86	-50.0	829.3608	2035.363	43737.773	1.6995864	839.6674	0.0	57500	1376.6683881282806
23	-50.0	-50.0	-50.0	1800.0104	4880.883	120522.06	2.7084365	1770.3846	0.0	60000	1438.551973581314
24	-50.0	-50.0	-50.0	4361.758	9896.012	166167.67	5.937554	4363.451	0.0	62500	1499.9222996234894
25	-48.18	-48.18	-50.0	6907.116	12557.498	182129.94	8.81022	6985.6094	0.0	65000	1561.8967807292938
26	-49.28	-49.28	-50.0	11898.689	24355.146	407605.3	11.577983	12060.379	0.0	67500	1624.260563135147
27	-49.0	-49.0	-50.0	21169.785	41198.164	514813.0	48.52031	21684.373	0.0	70000	1686.8337190151215
28	-50.0	-50.0	-50.0	49600.477	85128.18	1012323.06	319.68127	49805.383	0.0	72500	1750.1115868091583
29	-49.9	-49.9	-50.0	101085.22	176727.36	2064383.0	2546.2744	102569.04	0.0	75000	1812.769232749939
30	-49.2	-49.2	-50.0	180840.86	297856.44	4433991.5	8088.5576	185240.03	0.0	77500	1874.7097306251526
31	-50.0	-50.0	-50.0	312916.75	467850.78	5985996.0	18441.1	317199.72	0.0	80000	1936.3146486282349
32	-50.0	-50.0	-50.0	453254.1	721521.25	11801126.0	35997.64	467846.3	0.0	82500	1998.3667335510254
33	-50.0	-50.0	-50.0	711558.1	1175299.0	19169646.0	45187.426	731102.56	0.0	85000	2060.7356057167053
34	-49.0	-49.0	-50.0	1120702.0	1856225.5	16462360.0	41014.5	1171945.5	0.0	87500	2122.7402877807617
35	-49.0	-49.0	-50.0	1705158.5	2494849.2	30919750.0	131667.9	1794214.9	0.0	90000	2184.9917829036713
36	-50.0	-50.0	-50.0	2422538.5	3458485.8	37133330.0	192938.73	2559348.2	0.0	92500	2247.2323038578033
37	-49.98	-49.98	-50.0	3809559.2	6115443.5	94937710.0	290057.44	4001661.0	0.0	95000	2310.3566765785217
38	-50.0	-50.0	-50.0	6055810.0	9285440.0	105006904.0	292749.44	6399720.5	0.0	97500	2373.097713947296
39	-50.0	-50.0	-50.0	7787485.5	12936622.0	177171740.0	368077.62	8216996.5	0.0	100000	2437.377051115036
40	-50.0	-50.0	-45.0	11517286.0	19108922.0	205596100.0	779435.9	12154292.0	0.1	102500	2501.6912882328033
41	-50.0	-50.0	-50.0	15600520.0	25428290.0	298406140.0	787893.25	16363370.0	0.0	105000	2565.124885082245
42	-50.0	-50.0	-50.0	19605762.0	30396032.0	393957440.0	1036566.3	20657464.0	0.0	107500	2628.653220176697
43	-49.94	-49.94	-50.0	21782682.0	35250984.0	347439230.0	688119.8	22922300.0	0.0	110000	2691.787275791168
44	-50.0	-50.0	-50.0	26313610.0	50414908.0	562716540.0	548266.2	27654864.0	0.0	112500	2754.866055250168
45	-49.0	-49.0	-50.0	38983050.0	89782680.0	1449448100.0	973789.1	40442652.0	0.0	115000	2817.9535341262817
46	-50.0	-50.0	-50.0	49746896.0	94301260.0	1227060000.0	1081153.5	52273776.0	0.0	117500	2880.1073863506317
47	-50.0	-50.0	-50.0	64060184.0	111373064.0	1286051600.0	2282312.8	67284744.0	0.0	120000	2944.2644765377045
48	-50.0	-50.0	-50.0	77727090.0	127073080.0	1257766900.0	2388879.8	82417280.0	0.0	122500	3008.5930223464966
49	-50.0	-50.0	-50.0	89047150.0	162761890.0	1558597900.0	2544180.2	95080600.0	0.0	125000	3071.8719232082367
50	-50.0	-50.0	-50.0	107959336.0	196160690.0	2846471000.0	2418161.2	116413840.0	0.0	127500	3134.250634908676
51	-50.0	-50.0	-50.0	126294570.0	226955650.0	2540019700.0	2992290.5	134546880.0	0.0	130000	3197.1494336128235
52	-50.0	-50.0	-50.0	167398450.0	288140740.0	2486045700.0	4914294.5	181189310.0	0.0	132500	3259.962168931961
53	-50.0	-50.0	-50.0	215788620.0	368002180.0	4395909000.0	6923907.0	233495140.0	0.0	135000	3323.995692014694
54	-49.0	-49.0	-50.0	239942510.0	381001730.0	3407985000.0	8326343.0	256874140.0	0.0	137500	3387.3787157535553
55	-49.96	-49.96	-50.0	393788860.0	556016300.0	9690920000.0	31255232.0	418751700.0	0.0	140000	3450.4155445098877
56	-50.0	-50.0	-50.0	582395650.0	753979300.0	12543578000.0	68954370.0	609199000.0	0.0	142500	3513.262579679489
57	-50.0	-50.0	-50.0	610751740.0	735139840.0	8729613000.0	89817460.0	640392400.0	0.0	145000	3575.869506597519
58	-50.0	-50.0	-45.0	489707170.0	698428800.0	9716155000.0	57777830.0	514823400.0	0.1	147500	3638.6268532276154
59	-50.0	-50.0	-45.0	390940220.0	626931460.0	7191723500.0	35881204.0	424623840.0	0.1	150000	3702.0541155338287
60	-50.0	-50.0	-50.0	287680100.0	500252220.0	5646022000.0	18473082.0	311443040.0	0.0	152500	3764.721965074539
61	-50.0	-50.0	-50.0	257713870.0	510551230.0	7629196300.0	11982090.0	284018530.0	0.0	155000	3827.2365448474884
62	-50.0	-50.0	-50.0	245842580.0	473367550.0	5449077000.0	9616518.0	271875870.0	0.0	157500	3889.116696357727
63	-50.0	-50.0	-50.0	245456210.0	509096800.0	5987527000.0	5435389.0	270264420.0	0.0	160000	3952.592673063278
64	-50.0	-50.0	-50.0	225696340.0	470350180.0	5452198000.0	4893271.0	251335260.0	0.0	162500	4015.7609310150146
65	-50.0	-50.0	-50.0	243180560.0	461143300.0	4590701000.0	5343025.0	273678700.0	0.0	165000	4078.563625097275
66	-50.0	-50.0	-50.0	268951600.0	537510500.0	7240937500.0	8369241.5	300174720.0	0.0	167500	4142.017169475555
67	-49.0	-49.0	-47.1	345129470.0	736992700.0	11844815000.0	7846455.0	375836200.0	0.0	170000	4205.749654054642
68	-50.0	-50.0	-50.0	333453470.0	676044500.0	8325111300.0	8363562.0	364973200.0	0.0	172500	4267.399819135666
69	-50.0	-50.0	-50.0	347956220.0	743008800.0	7101190000.0	7815238.0	379001570.0	0.0	175000	4330.036071777344
70	-50.0	-50.0	-50.0	402827870.0	832161900.0	10391192000.0	9263866.0	445572450.0	0.0	177500	4393.206088781357
71	-50.0	-50.0	-50.0	420421900.0	900561600.0	12686781000.0	9550528.0	460253760.0	0.0	180000	4455.906107664108
72	-50.0	-50.0	-50.0	404506140.0	802060600.0	10029052000.0	9655286.0	444131840.0	0.0	182500	4518.13312125206
73	-50.0	-50.0	-50.0	440262460.0	992019000.0	11747508000.0	8706337.0	486787400.0	0.0	185000	4581.863644599915
74	-50.0	-50.0	-50.0	398619700.0	830795300.0	9968765000.0	9274008.0	437060960.0	0.0	187500	4645.406562328339
75	-50.0	-50.0	-50.0	417401820.0	1033357100.0	13620653000.0	6366929.0	461535840.0	0.0	190000	4707.692959547043
76	-50.0	-50.0	-50.0	419778780.0	988572740.0	14807530000.0	6212566.0	459939840.0	0.0	192500	4769.974093675613
77	-50.0	-50.0	-50.0	438652700.0	1024698100.0	12773646000.0	4434471.0	484371650.0	0.0	195000	4834.231076717377
78	-50.0	-50.0	-50.0	391145540.0	901462300.0	15118472000.0	6201301.0	429709900.0	0.0	197500	4897.2735760211945
79	-49.0	-49.0	-50.0	431844670.0	1154581200.0	19127798000.0	7415587.5	464507780.0	0.0	200000	4960.651961565018
80	-50.0	-50.0	-50.0	418368300.0	1068073800.0	15116297000.0	7765532.0	460510660.0	0.0	202500	5023.7778673172
81	-49.8	-49.8	-50.0	402183940.0	1057043700.0	14825284000.0	6723810.0	432255330.0	0.0	205000	5086.626024723053
82	-50.0	-50.0	-50.0	363246600.0	1027040830.0	13230527000.0	5744898.0	387599650.0	0.0	207500	5149.980412721634
83	-50.0	-50.0	-50.0	365067170.0	1126998500.0	26563981000.0	5182708.0	370498300.0	0.0	210000	5214.00412940979
84	-49.22	-49.22	-45.0	308078530.0	1006914300.0	25419119000.0	5619123.0	329185820.0	0.1	212500	5277.169487953186
85	-50.0	-50.0	-50.0	261266900.0	858356000.0	20068571000.0	3789694.8	275448130.0	0.0	215000	5340.833497285843
86	-48.94	-48.94	-49.9	268226820.0	893434700.0	17347023000.0	2843192.8	285204400.0	0.1	217500	5404.446537494659
87	-49.88	-49.88	-50.0	237022720.0	771942700.0	9141027000.0	2593142.0	248691860.0	0.0	220000	5469.119993686676
88	-50.0	-50.0	-50.0	163978380.0	510581340.0	7850865700.0	2334198.0	172790750.0	0.0	222500	5533.133228302002
89	-50.0	-50.0	-50.0	215411980.0	777117060.0	13777291000.0	2131389.2	229877070.0	0.0	225000	5597.674352884293
90	-50.0	-50.0	-45.0	170291680.0	550465860.0	8124706000.0	1928397.5	182881150.0	0.1	227500	5661.453102350235
91	-50.0	-50.0	-50.0	179363150.0	656275140.0	12839968000.0	1455328.0	196267170.0	0.0	230000	5724.363981246948
92	-49.84	-49.84	-50.0	180711680.0	590188700.0	8583840000.0	1725564.1	196701330.0	0.0	232500	5787.086875677109
93	-49.0	-49.0	-50.0	231540260.0	882058560.0	14752484000.0	1299307.2	240829060.0	0.0	235000	5850.891923904419
94	-50.0	-50.0	-50.0	247288180.0	839640800.0	15259589000.0	1798379.5	256681010.0	0.0	237500	5913.3255977630615
95	-50.0	-50.0	-50.0	228103620.0	933497200.0	16698939000.0	1932396.6	239657650.0	0.0	240000	5976.215232849121
96	-49.8	-49.8	-50.0	184874300.0	676127800.0	17120726000.0	1396788.0	194622500.0	0.0	242500	6039.487375497818
97	-50.0	-50.0	-50.0	206756340.0	669407800.0	12437662000.0	2701053.5	221438190.0	0.0	245000	6102.533898591995
98	-48.88	-48.88	-50.0	217994460.0	717868400.0	11890082000.0	3775857.8	231375000.0	0.0	247500	6165.70752453804
99	-49.96	-49.96	-50.0	193396050.0	611771140.0	15964624000.0	2971988.0	197945090.0	0.0	250000	6230.289862155914
100	-50.0	-50.0	-50.0	201988910.0	619743900.0	13229191000.0	2474634.0	218801140.0	0.0	252500	6294.070856809616
101	-50.0	-50.0	-50.0	242885620.0	698844000.0	7997402000.0	2158065.0	264358000.0	0.0	255000	6357.216821193695
102	-50.0	-50.0	-50.0	225156220.0	1437838200.0	58737930000.0	2080463.5	250848600.0	0.0	257500	6420.5386328697205
103	-50.0	-50.0	-50.0	263937000.0	779698100.0	15840557000.0	2034721.6	300267460.0	0.0	260000	6485.127854824066
104	-50.0	-50.0	-50.0	213316560.0	616916350.0	8618599000.0	2131177.0	234740000.0	0.0	262500	6548.437651634216
105	-50.0	-50.0	-50.0	195546320.0	550555140.0	7974085000.0	1938975.8	220048750.0	0.0	265000	6612.625058174133
106	-50.0	-50.0	-50.0	253135340.0	677531400.0	9709233000.0	1814433.2	279592030.0	0.0	267500	6675.276899814606
107	-50.0	-50.0	-50.0	263968770.0	882074200.0	15753267000.0	1838734.0	283170900.0	0.0	270000	6738.782118558884
108	-50.0	-50.0	-49.2	272566500.0	796250000.0	10817887000.0	1580597.1	302839650.0	0.0	272500	6802.60959982872
109	-50.0	-50.0	-50.0	255453980.0	745161500.0	13266808000.0	2004844.1	273925220.0	0.0	275000	6866.401914358139
110	-50.0	-50.0	-50.0	290808580.0	1098323100.0	34107916000.0	1969540.0	318217500.0	0.0	277500	6929.592544555664
111	-50.0	-50.0	-50.0	276918850.0	929831040.0	27555420000.0	2292767.5	282030430.0	0.0	280000	6992.332638978958
112	-50.0	-50.0	-50.0	229191970.0	730912450.0	12759745000.0	1558911.0	241051090.0	0.0	282500	7057.303592443466
113	-50.0	-50.0	-50.0	194252480.0	520846700.0	7196212000.0	2213781.5	206255800.0	0.0	285000	7121.04128074646
114	-50.0	-50.0	-50.0	173023550.0	524930050.0	8583820300.0	1704464.0	187450060.0	0.0	287500	7184.564741134644
115	-50.0	-50.0	-50.0	190876700.0	617052000.0	13539774000.0	1501807.2	199731420.0	0.0	290000	7248.745438814163
116	-50.0	-50.0	-50.0	152971360.0	495834800.0	8719107000.0	1211220.0	160944940.0	0.0	292500	7311.642245769501
117	-50.0	-50.0	-50.0	123122824.0	377276670.0	6562098700.0	796524.25	120877730.0	0.0	295000	7374.154790639877
118	-49.98	-49.98	-50.0	126910400.0	405186620.0	7274174000.0	886071.4	126456880.0	0.0	297500	7435.534813165665
119	-50.0	-50.0	-50.0	141821380.0	513323780.0	9350205000.0	805747.1	141482720.0	0.0	300000	7500.147629022598
120	-49.92	-49.92	-50.0	134601550.0	452467550.0	7238743600.0	650283.25	133323704.0	0.0	302500	7563.350204944611
121	-50.0	-50.0	-50.0	96036500.0	314489540.0	6953498600.0	545556.1	95013540.0	0.0	305000	7626.816794157028
122	-50.0	-50.0	-50.0	101903630.0	316187070.0	6465329000.0	745937.0	100900300.0	0.0	307500	7689.811282873154
123	-50.0	-50.0	-50.0	84723340.0	274023600.0	6642384000.0	492809.53	86382216.0	0.0	310000	7752.743186473846
124	-50.0	-50.0	-50.0	70697896.0	245285090.0	5753437700.0	535962.06	79768440.0	0.0	312500	7814.464775562286
125	-49.96	-49.96	-50.0	70694344.0	278918750.0	7205102600.0	461215.56	66282200.0	0.0	315000	7877.078670024872
126	-48.86	-48.86	-50.0	55595852.0	206978640.0	4558527500.0	403970.75	58458760.0	0.0	317500	7941.02201294899
127	-49.0	-49.0	-50.0	61490350.0	239902140.0	5575575600.0	409559.56	62453000.0	0.0	320000	8005.339506149292
128	-50.0	-50.0	-50.0	63953372.0	249715330.0	4503723500.0	425566.22	60578764.0	0.0	322500	8068.168461799622
129	-49.0	-49.0	-50.0	58884440.0	217173520.0	6021864000.0	407498.88	54403040.0	0.0	325000	8131.747681617737
130	-50.0	-50.0	-50.0	50046200.0	195318670.0	4253527600.0	344185.06	45975624.0	0.0	327500	8195.074906110764
131	-50.0	-50.0	-50.0	47653668.0	185073380.0	3816260000.0	338959.47	45519316.0	0.0	330000	8260.065521717072
132	-49.98	-49.98	-50.0	49432772.0	172102110.0	4119661000.0	321114.97	45893540.0	0.0	332500	8323.99094247818
133	-50.0	-50.0	-50.0	40304256.0	134260640.0	2653825300.0	531499.1	38496656.0	0.0	335000	8387.214910268784
134	-49.0	-49.0	-50.0	47008356.0	177408030.0	4113327400.0	683637.4	42434870.0	0.0	337500	8451.683418989182
135	-49.0	-49.0	-50.0	47029036.0	183071840.0	4069486000.0	783953.0	45058900.0	0.0	340000	8517.911207914352
136	-50.0	-50.0	-50.0	52045348.0	212944740.0	5265025500.0	573103.6	49850790.0	0.0	342500	8582.685553073883
137	-50.0	-50.0	-50.0	49140468.0	225907280.0	5558170000.0	499247.44	47829610.0	0.0	345000	8648.969797611237
138	-50.0	-50.0	-45.0	42426636.0	177601800.0	3477174800.0	396012.72	41337450.0	0.1	347500	8713.612094402313
139	-50.0	-50.0	-50.0	37750428.0	134860180.0	3266740500.0	487447.5	35075628.0	0.0	350000	8777.740926027298
140	-50.0	-50.0	-50.0	39579588.0	160732290.0	4980929500.0	366569.22	38381388.0	0.0	352500	8842.408239603043
141	-50.0	-50.0	-50.0	49328908.0	225396880.0	5037710300.0	478249.06	48581820.0	0.0	355000	8906.431953907013
142	-50.0	-50.0	-50.0	43886784.0	219215070.0	7250015000.0	471916.3	47233140.0	0.0	357500	8970.615231990814
143	-50.0	-50.0	-48.7	41138256.0	218316700.0	8222877700.0	472913.38	42068470.0	0.0	360000	9035.998221874237
144	-50.0	-50.0	-50.0	32171144.0	108284610.0	2320640500.0	400955.62	31085204.0	0.0	362500	9100.1167948246
145	-50.0	-50.0	-50.0	35878760.0	196541520.0	7197889500.0	488582.44	36216176.0	0.0	365000	9164.243770360947
146	-49.0	-49.0	-50.0	45435170.0	219222560.0	7637634000.0	382050.5	46925108.0	0.0	367500	9228.29376912117
147	-50.0	-50.0	-50.0	39625060.0	141387410.0	2722384100.0	358226.38	37563516.0	0.0	370000	9293.48561835289
148	-50.0	-50.0	-50.0	41913056.0	171790220.0	5077975000.0	443516.06	48484548.0	0.0	372500	9358.646248817444
149	-50.0	-50.0	-50.0	38205264.0	131880300.0	2458954200.0	388519.25	45610320.0	0.0	375000	9423.700229883194
150	-50.0	-50.0	-50.0	36934944.0	216275870.0	8376494600.0	713332.25	38085896.0	0.0	377500	9487.836103916168
151	-49.9	-49.9	-50.0	29269238.0	91957820.0	1857657500.0	571155.3	32858046.0	0.0	380000	9551.56983590126
152	-50.0	-50.0	-50.0	33938108.0	147004290.0	5096347600.0	392471.9	34384184.0	0.0	382500	9617.431034564972
153	-50.0	-50.0	-50.0	33636092.0	138149500.0	4198449000.0	398565.66	37919670.0	0.0	385000	9682.347786188126
154	-50.0	-50.0	-49.5	30459568.0	88385630.0	1492705400.0	547706.5	30684294.0	0.0	387500	9746.56448173523
155	-50.0	-50.0	-50.0	29455086.0	101217210.0	2601681000.0	726595.06	29174626.0	0.0	390000	9811.372107744217
156	-50.0	-50.0	-50.0	25271324.0	80684430.0	2109097100.0	441513.84	29236670.0	0.0	392500	9876.012399196625
157	-50.0	-50.0	-50.0	31180276.0	166721040.0	6249258500.0	427324.94	33598450.0	0.0	395000	9939.908341884613
158	-50.0	-50.0	-50.0	20067138.0	59321656.0	1186477300.0	275195.12	20608114.0	0.0	397500	10003.28773856163
159	-50.0	-50.0	-50.0	25258718.0	157557630.0	6441395000.0	291823.0	25497374.0	0.0	400000	10067.015439271927
160	-50.0	-50.0	-50.0	27271348.0	141870850.0	5636057000.0	366725.3	29711978.0	0.0	402500	10132.319085359573
161	-49.98	-49.98	-50.0	28658096.0	172891120.0	5378547700.0	265220.5	31490032.0	0.0	405000	10195.937407255173
162	-49.0	-49.0	-50.0	20511472.0	58891510.0	1313760500.0	234389.53	23788966.0	0.0	407500	10261.753071784973
163	-50.0	-50.0	-49.8	25719472.0	145961800.0	4842551300.0	239513.61	29755080.0	0.0	410000	10325.987969875336
164	-50.0	-50.0	-50.0	24635240.0	75653590.0	1015632600.0	190152.97	24639722.0	0.0	412500	10390.106571912766
165	-50.0	-50.0	-50.0	31060120.0	151284050.0	4713593300.0	199696.4	30513282.0	0.0	415000	10454.128027439117
166	-50.0	-50.0	-50.0	40720260.0	167096350.0	3400298200.0	226820.1	38639410.0	0.0	417500	10518.043540239334
167	-50.0	-50.0	-50.0	60254030.0	270451870.0	7034032000.0	223119.12	66937820.0	0.0	420000	10581.904879808426
168	-50.0	-50.0	-50.0	88394616.0	381845900.0	9181263000.0	233541.67	89274640.0	0.0	422500	10644.688465833664
169	-50.0	-50.0	-45.0	111740620.0	556341570.0	16665424000.0	318345.16	104417380.0	0.1	425000	10707.379750967026
170	-48.86	-48.86	-50.0	88407016.0	332589980.0	7216444400.0	243600.69	86653560.0	0.0	427500	10770.5925822258
171	-50.0	-50.0	-50.0	94975180.0	377024600.0	9751662000.0	185196.78	92651660.0	0.0	430000	10832.585186481476
172	-49.94	-49.94	-50.0	137930580.0	604204600.0	16141188000.0	264142.3	144109730.0	0.0	432500	10894.603156089783
173	-49.8	-49.8	-50.0	139133420.0	720467900.0	17875032000.0	238322.06	142386140.0	0.0	435000	10956.924006700516
174	-49.94	-49.94	-49.7	104416810.0	437178370.0	7923470000.0	203670.19	108876850.0	0.0	437500	11021.38172674179
175	-49.94	-49.94	-50.0	107445850.0	562361340.0	21245050000.0	261993.97	112403840.0	0.0	440000	11085.866079807281
176	-49.96	-49.96	-50.0	124652500.0	586015170.0	13689886000.0	206786.84	124885270.0	0.0	442500	11149.23272061348
177	-50.0	-50.0	-50.0	109399300.0	488893280.0	12015299000.0	165727.05	108487704.0	0.0	445000	11214.143573522568
178	-50.0	-50.0	-50.0	129113144.0	598203650.0	18084841000.0	149288.14	131052290.0	0.0	447500	11278.183724880219
179	-50.0	-50.0	-50.0	102494960.0	448705300.0	9544258000.0	189843.25	111398584.0	0.0	450000	11342.83448934555
180	-50.0	-50.0	-50.0	105360350.0	530243360.0	17019153000.0	184984.64	120084320.0	0.0	452500	11407.301899433136
181	-49.96	-49.96	-50.0	107426890.0	568956400.0	16092958000.0	180063.75	94428250.0	0.0	455000	11471.84146308899
182	-50.0	-50.0	-50.0	83822200.0	434070620.0	12390016000.0	152602.2	85336740.0	0.0	457500	11536.482318401337
183	-50.0	-50.0	-50.0	77789220.0	332098240.0	5430875000.0	166349.9	83840630.0	0.0	460000	11601.615374803543
184	-50.0	-50.0	-50.0	92259540.0	1177492600.0	50353640000.0	130073.61	72990850.0	0.0	462500	11665.272884130478
185	-49.0	-49.0	-50.0	86991096.0	562701950.0	15969531000.0	138061.03	81968710.0	0.0	465000	11729.22018289566
186	-50.0	-50.0	-50.0	74155290.0	400029220.0	9474845000.0	142515.64	75271540.0	0.0	467500	11793.198094367981
187	-49.0	-49.0	-50.0	102252800.0	985193300.0	36091780000.0	115184.945	109326990.0	0.0	470000	11856.297919511795
188	-50.0	-50.0	-50.0	84154900.0	459756000.0	12702028000.0	141010.83	81857710.0	0.0	472500	11920.498906373978
189	-49.98	-49.98	-50.0	69162310.0	393977570.0	8453273600.0	123830.45	70575820.0	0.0	475000	11985.741087198257
190	-49.0	-49.0	-49.9	81529410.0	357264600.0	6793011700.0	122716.195	82471710.0	0.0	477500	12048.918130397797
191	-50.0	-50.0	-50.0	92594980.0	439539360.0	10608953000.0	128405.95	94667790.0	0.0	480000	12112.828631401062
192	-50.0	-50.0	-50.0	144899340.0	908933950.0	27128435000.0	131932.81	149253260.0	0.0	482500	12177.25987792015
193	-50.0	-50.0	-50.0	101133944.0	590269900.0	12709921000.0	128985.516	92757360.0	0.0	485000	12240.38782787323
194	-49.0	-49.0	-50.0	94015220.0	449138600.0	9456159000.0	140794.92	95843230.0	0.0	487500	12303.180130720139
195	-50.0	-50.0	-50.0	104446000.0	541977600.0	11957686000.0	109441.8	116436850.0	0.0	490000	12366.99284362793
196	-50.0	-50.0	-50.0	100319780.0	502042430.0	12296562000.0	143527.94	112674210.0	0.0	492500	12430.670945644379
197	-50.0	-50.0	-45.0	111224616.0	434720030.0	6618499600.0	133737.28	119824840.0	0.1	495000	12494.125389575958
198	-50.0	-50.0	-50.0	118859960.0	656088400.0	20671736000.0	171904.22	127651800.0	0.0	497500	12559.013833761215
199	-49.0	-49.0	-50.0	153271950.0	620961400.0	8930460000.0	198607.28	165297230.0	0.0	500000	12623.619906663895
200	-50.0	-50.0	-50.0	146869070.0	681588700.0	14653692000.0	261272.67	151551710.0	0.0	502500	12687.125851869583
201	-50.0	-50.0	-50.0	245911940.0	1741100700.0	68538060000.0	309381.78	245130290.0	0.0	505000	12750.707920312881
202	-50.0	-50.0	-50.0	163039310.0	742800600.0	20962292000.0	320609.5	157141100.0	0.0	507500	12815.663593769073
203	-50.0	-50.0	-50.0	208386850.0	758589500.0	12680118000.0	353630.03	215031090.0	0.0	510000	12881.653470516205
204	-50.0	-50.0	-50.0	208507440.0	738008300.0	13286393000.0	507426.16	211032740.0	0.0	512500	12946.743068218231
205	-50.0	-50.0	-50.0	213316430.0	637805100.0	14658142000.0	1212331.2	215939140.0	0.0	515000	13009.734475374222
206	-50.0	-50.0	-50.0	312367870.0	1336415100.0	45860446000.0	3740499.5	323534340.0	0.0	517500	13074.143303155899
207	-50.0	-50.0	-50.0	235313200.0	670853400.0	15638327000.0	3501253.2	254794180.0	0.0	520000	13137.372779846191
208	-50.0	-50.0	-50.0	213064780.0	859054660.0	29459622000.0	2950300.2	237003660.0	0.0	522500	13199.145427703857
209	-50.0	-50.0	-50.0	198347310.0	976697150.0	21909336000.0	2116667.2	178495330.0	0.0	525000	13261.881573200226
210	-50.0	-50.0	-45.0	145260700.0	549646100.0	11896626000.0	1426750.0	132655650.0	0.1	527500	13325.52529001236
211	-50.0	-50.0	-50.0	138213950.0	729361200.0	25613000000.0	1082658.2	128896720.0	0.0	530000	13390.35431098938
212	-49.84	-49.84	-50.0	208100260.0	1231237500.0	35289510000.0	1009876.94	200352960.0	0.0	532500	13456.263026714325
213	-50.0	-50.0	-50.0	105559470.0	435528700.0	9393506000.0	1121635.8	103317520.0	0.0	535000	13520.892666578293
214	-50.0	-50.0	-50.0	78320184.0	335545280.0	8017571300.0	701072.44	71013340.0	0.0	537500	13586.528717756271
215	-50.0	-50.0	-50.0	83068710.0	520709500.0	13647583000.0	742150.9	76278184.0	0.0	540000	13651.107527017593
216	-50.0	-50.0	-50.0	60253300.0	277997250.0	5153914400.0	698817.0	52081540.0	0.0	542500	13715.473459005356
217	-50.0	-50.0	-50.0	59278548.0	316034660.0	6537553400.0	807463.1	58795530.0	0.0	545000	13781.44130039215
218	-50.0	-50.0	-50.0	71938690.0	722697300.0	28164380000.0	693221.1	75971560.0	0.0	547500	13846.465844392776
219	-49.0	-49.0	-50.0	50519564.0	285343740.0	6790906000.0	520383.44	52194540.0	0.0	550000	13911.890713214874
220	-50.0	-50.0	-50.0	88451144.0	665338300.0	14075011000.0	631773.7	80164210.0	0.0	552500	13975.630296945572
221	-50.0	-50.0	-45.0	65746188.0	467820000.0	13210618000.0	698305.44	60164940.0	0.1	555000	14039.016743659973
222	-49.94	-49.94	-50.0	65655500.0	412594200.0	9806437000.0	562224.6	61042788.0	0.0	557500	14101.668656349182
223	-50.0	-50.0	-50.0	49416060.0	273235420.0	4659683300.0	659760.1	43167228.0	0.0	560000	14165.769699811935
224	-50.0	-50.0	-50.0	53949336.0	495741730.0	13570187000.0	473475.75	42489970.0	0.0	562500	14229.611788749695
225	-50.0	-50.0	-50.0	49250196.0	333171500.0	8002288600.0	613108.3	46566510.0	0.0	565000	14293.593035459518
226	-49.98	-49.98	-50.0	58434896.0	608191000.0	17602435000.0	506194.7	59106260.0	0.0	567500	14358.814975261688
227	-50.0	-50.0	-50.0	65225590.0	509813920.0	15131343000.0	467732.44	60358820.0	0.0	570000	14423.193155050278
228	-50.0	-50.0	-50.0	71383040.0	600135230.0	17190463000.0	413087.62	66497684.0	0.0	572500	14487.057949066162
229	-49.0	-49.0	-50.0	33598220.0	259897950.0	7156584400.0	315814.34	31554580.0	0.0	575000	14550.525423288345
230	-50.0	-50.0	-50.0	55557908.0	433706000.0	11671898000.0	284619.3	47527520.0	0.0	577500	14614.523436307907
231	-50.0	-50.0	-50.0	35340676.0	386241900.0	14829301000.0	273149.06	34067816.0	0.0	580000	14678.227660417557
232	-50.0	-50.0	-50.0	45294340.0	384001150.0	8160894000.0	270254.38	38806636.0	0.0	582500	14742.847185611725
233	-50.0	-50.0	-50.0	41544744.0	344268130.0	10360417000.0	187728.8	38881932.0	0.0	585000	14806.155404567719
234	-50.0	-50.0	-50.0	30695690.0	298700500.0	9198094000.0	248484.95	31708586.0	0.0	587500	14869.486293792725
235	-50.0	-50.0	-50.0	30121756.0	241733940.0	6374142000.0	192007.62	29387858.0	0.0	590000	14933.02764081955
236	-50.0	-50.0	-50.0	60841356.0	628806600.0	19364745000.0	221147.77	54933948.0	0.0	592500	14996.305840492249
237	-50.0	-50.0	-50.0	48623624.0	555126460.0	15941944000.0	256357.53	46500670.0	0.0	595000	15058.728393554688
238	-50.0	-50.0	-50.0	47196456.0	596663740.0	22226145000.0	209030.19	41881252.0	0.0	597500	15122.283904075623
239	-50.0	-50.0	-45.0	67211816.0	666531140.0	17007220000.0	203616.7	58521536.0	0.1	600000	15185.709622621536
240	-49.84	-49.84	-50.0	46189616.0	403388740.0	8688699000.0	161258.03	47754390.0	0.0	602500	15249.787380218506
241	-50.0	-50.0	-50.0	48949640.0	439290270.0	13547870000.0	157046.83	39005372.0	0.0	605000	15314.74047589302
242	-50.0	-50.0	-50.0	57185308.0	468742940.0	12670603000.0	172037.78	56616804.0	0.0	607500	15378.3687582016
243	-50.0	-50.0	-50.0	45812400.0	391987650.0	10239165000.0	199767.1	44107210.0	0.0	610000	15443.170078516006
244	-50.0	-50.0	-50.0	59740590.0	536725900.0	14566219000.0	194679.1	60160780.0	0.0	612500	15507.354625225067
245	-50.0	-50.0	-50.0	55504584.0	326451460.0	6184566300.0	176984.92	46986692.0	0.0	615000	15571.090271949768
246	-50.0	-50.0	-50.0	146225390.0	2523572500.0	101089320000.0	213584.69	143120800.0	0.0	617500	15635.911432266235
247	-50.0	-50.0	-50.0	128093830.0	1242098300.0	35732330000.0	280427.66	127936640.0	0.0	620000	15699.084986686707
248	-50.0	-50.0	-50.0	115483300.0	1045232300.0	24972659000.0	379366.25	121104860.0	0.0	622500	15762.89576792717
249	-50.0	-50.0	-50.0	177922340.0	1714830600.0	53790450000.0	871463.6	182438640.0	0.0	625000	15827.623178958893
250	-49.0	-49.0	-50.0	128723140.0	1822451500.0	75058370000.0	950837.94	128058670.0	0.0	627500	15891.914862394333
251	-50.0	-50.0	-50.0	79226550.0	585854800.0	15619081000.0	2047113.2	84869090.0	0.0	630000	15956.105157613754
252	-50.0	-50.0	-50.0	132497890.0	905372160.0	21697718000.0	1636878.8	116288170.0	0.0	632500	16020.400308847427
253	-50.0	-50.0	-50.0	148891360.0	1713330800.0	55973544000.0	1309104.0	135441420.0	0.0	635000	16084.226744890213
254	-50.0	-50.0	-50.0	127407310.0	1680679000.0	55008140000.0	1101725.0	109740280.0	0.0	637500	16146.928675174713
255	-50.0	-50.0	-50.0	96358696.0	757603700.0	19443692000.0	1060941.1	90133030.0	0.0	640000	16211.59775018692
256	-50.0	-50.0	-50.0	103625190.0	778965250.0	14065522000.0	1034636.1	103287624.0	0.0	642500	16275.649362802505
257	-49.9	-49.9	-50.0	114924910.0	1237627800.0	43802400000.0	971098.75	105603380.0	0.0	645000	16341.188073158264
258	-49.0	-49.0	-50.0	164445800.0	1372923100.0	32941540000.0	987021.9	163425300.0	0.0	647500	16405.12584042549
259	-49.56	-49.56	-50.0	70379830.0	551877760.0	16189781000.0	724188.8	62965376.0	0.0	650000	16468.282380342484
260	-50.0	-50.0	-50.0	130650936.0	1195670800.0	35038695000.0	481938.7	143006690.0	0.0	652500	16530.43551301956
261	-49.94	-49.94	-50.0	133108520.0	1226655900.0	28838949000.0	621006.4	143982750.0	0.0	655000	16593.13818025589
262	-50.0	-50.0	-50.0	205944020.0	1804121000.0	37793313000.0	680579.94	230550240.0	0.0	657500	16657.140165567398
263	-50.0	-50.0	-50.0	222512480.0	2253954600.0	50773676000.0	852533.25	237355500.0	0.0	660000	16721.02369618416
264	-50.0	-50.0	-50.0	191640080.0	1711568500.0	42752696000.0	842283.3	227022200.0	0.0	662500	16784.46862435341
265	-50.0	-50.0	-49.6	189475490.0	1848762500.0	50032510000.0	673413.8	206540080.0	0.0	665000	16846.844938993454
266	-50.0	-50.0	-50.0	89463780.0	625869760.0	12041633000.0	572757.25	108706080.0	0.0	667500	16909.70300388336
267	-50.0	-50.0	-50.0	61995424.0	632660700.0	24876995000.0	517562.7	73406970.0	0.0	670000	16971.970873594284
268	-50.0	-50.0	-50.0	73034056.0	715225340.0	21388657000.0	417501.47	70136150.0	0.0	672500	17035.125785589218
269	-49.96	-49.96	-50.0	53822464.0	540277060.0	17363982000.0	377140.6	54230852.0	0.0	675000	17098.10497879982
270	-50.0	-50.0	-50.0	47401436.0	412510750.0	14794462000.0	372178.56	54508190.0	0.0	677500	17162.007877349854
271	-50.0	-50.0	-45.0	37711870.0	355379140.0	11605596000.0	293321.38	33793560.0	0.1	680000	17226.022505521774
272	-49.0	-49.0	-50.0	44145016.0	472172480.0	12559912000.0	368083.56	39657880.0	0.0	682500	17290.790850639343
273	-50.0	-50.0	-50.0	34593896.0	425029920.0	16024982000.0	363822.03	31520688.0	0.0	685000	17355.35947751999
274	-50.0	-50.0	-50.0	35054296.0	597255040.0	23193606000.0	314650.4	32729912.0	0.0	687500	17419.70687007904
275	-49.0	-49.0	-50.0	44728548.0	583135000.0	20973953000.0	288390.06	45370384.0	0.0	690000	17483.869384765625
276	-49.96	-49.96	-50.0	22657312.0	227816000.0	6158561000.0	304193.78	34093296.0	0.0	692500	17546.944898366928
277	-49.6	-49.6	-50.0	29554640.0	342442020.0	8758291000.0	231740.17	30373548.0	0.0	695000	17609.820261001587
278	-50.0	-50.0	-50.0	18006896.0	205227140.0	6182870000.0	141750.2	15257239.0	0.0	697500	17673.66840004921
279	-50.0	-50.0	-49.8	37814108.0	470968960.0	13484706000.0	191799.44	30166244.0	0.0	700000	17736.049861192703
280	-49.96	-49.96	-50.0	25094362.0	225289580.0	5771137500.0	158569.19	37223496.0	0.0	702500	17799.591094255447
281	-49.26	-49.26	-50.0	64531588.0	678622600.0	20223023000.0	173695.47	56362390.0	0.0	705000	17864.54208636284
282	-50.0	-50.0	-50.0	53300324.0	766872200.0	32145574000.0	129996.32	57839676.0	0.0	707500	17927.862127542496
283	-49.92	-49.92	-50.0	78009090.0	920289400.0	32088260000.0	154850.42	85453810.0	0.0	710000	17991.101324558258
284	-48.0	-48.0	-50.0	126197720.0	1284452000.0	34465210000.0	180783.72	137620060.0	0.0	712500	18055.82635116577
285	-49.72	-49.72	-50.0	126184500.0	1210637200.0	37413937000.0	163032.81	85693410.0	0.0	715000	18120.84858107567
286	-50.0	-50.0	-50.0	106722110.0	798156900.0	19372749000.0	221428.1	131592410.0	0.0	717500	18186.003198623657
287	-50.0	-50.0	-50.0	67177280.0	912454000.0	36876180000.0	154790.06	67852410.0	0.0	720000	18250.204812049866
288	-50.0	-50.0	-50.0	60386028.0	536829700.0	18561608000.0	146736.56	60273616.0	0.0	722500	18314.8901720047
289	-50.0	-50.0	-50.0	38069976.0	221428720.0	4620792300.0	152533.03	34587748.0	0.0	725000	18379.459931850433
290	-50.0	-50.0	-50.0	70521770.0	536972500.0	13893112000.0	116662.6	70582520.0	0.0	727500	18443.95477771759
291	-49.0	-49.0	-50.0	49325430.0	646459260.0	21623410000.0	103532.41	48968480.0	0.0	730000	18508.530398368835
292	-49.98	-49.98	-50.0	50661124.0	458123460.0	12460623000.0	115099.11	47434430.0	0.0	732500	18573.172498703003
293	-49.94	-49.94	-50.0	41317270.0	396339300.0	12474490000.0	93347.5	37687830.0	0.0	735000	18638.26468396187
294	-49.86	-49.86	-50.0	25156420.0	247801170.0	7953777000.0	122708.125	21564220.0	0.0	737500	18702.5818066597
295	-50.0	-50.0	-50.0	26813966.0	269536580.0	8899886000.0	95327.875	24834118.0	0.0	740000	18766.98667693138
296	-50.0	-50.0	-50.0	21753634.0	336635360.0	14448971000.0	90001.67	23948494.0	0.0	742500	18830.690694332123
297	-49.92	-49.92	-46.399998	16771994.0	175927460.0	4780118000.0	96846.88	11496068.0	0.1	745000	18894.555995941162
298	-48.68	-48.68	-46.9	9179062.0	97542260.0	3702478000.0	96211.32	12896854.0	0.1	747500	18959.818216323853
299	-50.0	-50.0	-50.0	18482058.0	231079600.0	6435062000.0	91885.96	15123182.0	0.0	750000	19024.888191461563
300	-49.8	-49.8	-50.0	18473878.0	281780740.0	10029536000.0	77674.586	13537731.0	0.0	752500	19090.264857769012
301	-50.0	-50.0	-49.9	11050865.0	88346880.0	1465477400.0	79897.31	7709586.5	0.0	755000	19155.23809695244
302	-49.98	-49.98	-50.0	5116568.5	45304080.0	1353544700.0	68664.18	6044103.0	0.0	757500	19219.833447933197
303	-50.0	-50.0	-50.0	8658357.0	84509290.0	2258120400.0	74858.8	7413609.0	0.0	760000	19283.561770915985
304	-49.28	-49.28	-50.0	9364555.0	109795290.0	3795150000.0	76546.34	5636160.5	0.0	762500	19348.12784433365
305	-50.0	-50.0	-50.0	14085353.0	130133600.0	3378013200.0	66859.2	11942236.0	0.0	765000	19411.552168130875
306	-50.0	-50.0	-49.8	28329848.0	334833700.0	9243369000.0	51624.42	24980500.0	0.0	767500	19475.453765153885
307	-49.92	-49.92	-50.0	25383338.0	366906140.0	11621252000.0	51110.72	22397562.0	0.0	770000	19539.4911673069
308	-50.0	-50.0	-48.9	21260814.0	341427420.0	13829181000.0	45744.19	20496066.0	0.0	772500	19602.88670897484
309	-50.0	-50.0	-45.0	28888946.0	420304930.0	15153316000.0	61395.277	29017414.0	0.1	775000	19666.894152402878
310	-49.48	-49.48	-50.0	24912880.0	367857250.0	11194293000.0	52879.92	19973488.0	0.0	777500	19730.24223971367
311	-50.0	-50.0	-50.0	9115301.0	96561840.0	2573755600.0	50929.375	6147212.5	0.0	780000	19794.035596847534
312	-50.0	-50.0	-50.0	25776364.0	292613500.0	8598350000.0	47173.293	24067702.0	0.0	782500	19857.893203496933
313	-50.0	-50.0	-50.0	35191036.0	567435400.0	18365258000.0	36718.473	32620628.0	0.0	785000	19921.459023475647
314	-50.0	-50.0	-50.0	18992202.0	156101490.0	3041534200.0	36040.64	17660372.0	0.0	787500	19986.781562805176
315	-48.84	-48.84	-50.0	61491550.0	930383900.0	29503232000.0	35934.613	53541550.0	0.0	790000	20051.708815813065
316	-49.0	-49.0	-50.0	53497510.0	405748960.0	7762469400.0	36544.867	54501410.0	0.0	792500	20116.518089056015
317	-50.0	-50.0	-50.0	77234440.0	606078000.0	17891322000.0	55365.17	72128230.0	0.0	795000	20181.6197078228
318	-50.0	-50.0	-50.0	72604040.0	412032160.0	8100396000.0	63456.57	76199780.0	0.0	797500	20245.62907934189
319	-50.0	-50.0	-50.0	92427210.0	1133715700.0	43329410000.0	80221.42	84301750.0	0.0	800000	20309.832912683487
320	-49.0	-49.0	-49.7	171585540.0	1944614100.0	53881200000.0	102697.69	175456140.0	0.0	802500	20374.833389520645
321	-50.0	-50.0	-50.0	93857810.0	850004160.0	22833013000.0	127360.95	90489464.0	0.0	805000	20439.019222974777
322	-50.0	-50.0	-50.0	82395950.0	695110140.0	19964630000.0	152377.22	88103240.0	0.0	807500	20502.649807453156
323	-50.0	-50.0	-50.0	82932824.0	730376960.0	20829458000.0	121027.85	75034060.0	0.0	810000	20566.857011318207
324	-50.0	-50.0	-50.0	49346964.0	493202800.0	17084617000.0	109392.31	50064090.0	0.0	812500	20630.620955467224
325	-49.98	-49.98	-50.0	95290860.0	1553454300.0	56940830000.0	120103.41	86482140.0	0.0	815000	20693.70718216896
326	-50.0	-50.0	-50.0	41493372.0	475465730.0	12721479000.0	119778.375	50176720.0	0.0	817500	20758.54315018654
327	-50.0	-50.0	-50.0	13005816.0	131266370.0	4273974000.0	134051.0	13326612.0	0.0	820000	20822.796734809875
328	-49.0	-49.0	-50.0	45858956.0	645073150.0	25067164000.0	235756.75	63490180.0	0.0	822500	20889.188000440598
329	-50.0	-50.0	-50.0	21239620.0	332808860.0	13604010000.0	224885.36	21497344.0	0.0	825000	20954.432831048965
330	-50.0	-50.0	-50.0	23846408.0	220570420.0	4914027000.0	287040.1	18105354.0	0.0	827500	21019.02667427063
331	-50.0	-50.0	-50.0	43426356.0	763773950.0	32658295000.0	481811.38	36505610.0	0.0	830000	21083.065228700638
332	-50.0	-50.0	-50.0	17284898.0	187493630.0	5368143400.0	576891.4	17471292.0	0.0	832500	21147.181171417236
333	-50.0	-50.0	-50.0	22089982.0	317070200.0	12034210000.0	666767.56	22023310.0	0.0	835000	21211.33809876442
334	-50.0	-50.0	-50.0	20611130.0	205945390.0	5682408400.0	612149.5	17243426.0	0.0	837500	21274.564152240753
335	-50.0	-50.0	-50.0	48934788.0	517422400.0	11327205000.0	586406.7	52010628.0	0.0	840000	21338.628799915314
336	-50.0	-50.0	-50.0	51024780.0	629508000.0	20030843000.0	467171.8	49433560.0	0.0	842500	21402.7081925869
337	-50.0	-50.0	-50.0	22200764.0	183060580.0	3826344000.0	565994.1	25697330.0	0.0	845000	21465.961999177933
338	-50.0	-50.0	-50.0	20057310.0	257841310.0	8645521000.0	521263.3	22332188.0	0.0	847500	21530.66991043091
339	-49.0	-49.0	-50.0	10104242.0	76340696.0	1643565700.0	434333.7	10518577.0	0.0	850000	21595.78372526169
340	-49.98	-49.98	-50.0	7146280.0	58574388.0	1456982400.0	412784.7	7325465.0	0.0	852500	21658.93008685112
341	-50.0	-50.0	-50.0	13663216.0	140930030.0	4914269000.0	351629.75	13949965.0	0.0	855000	21722.98996734619
342	-50.0	-50.0	-50.0	8767216.0	67667230.0	2218857700.0	329914.88	11206349.0	0.0	857500	21787.600663900375
343	-50.0	-50.0	-45.0	15261353.0	181548640.0	6072527000.0	235647.7	14464709.0	0.1	860000	21852.32655930519
344	-50.0	-50.0	-50.0	6124299.5	45458196.0	1338598400.0	194575.16	5868582.5	0.0	862500	21916.88639330864
345	-50.0	-50.0	-50.0	7566336.5	68872130.0	2079359000.0	169447.94	7055538.5	0.0	865000	21979.630295038223
346	-50.0	-50.0	-50.0	8135383.0	70579976.0	1727529700.0	199418.48	6742898.5	0.0	867500	22042.856489896774
347	-50.0	-50.0	-45.0	7897914.5	74040800.0	1997178600.0	196484.4	6004537.5	0.1	870000	22105.674772024155
348	-50.0	-50.0	-50.0	10534204.0	137109390.0	4549901000.0	150887.66	9346998.0	0.0	872500	22169.084002494812
349	-49.82	-49.82	-50.0	4784122.0	36582372.0	810232300.0	134112.16	6356293.5	0.0	875000	22232.63835668564
350	-50.0	-50.0	-50.0	7458937.5	68174744.0	1714550100.0	135452.33	5680628.5	0.0	877500	22297.950665712357
351	-49.96	-49.96	-50.0	5319442.5	42549980.0	1198723500.0	148453.39	6579713.5	0.0	880000	22362.406435251236
352	-49.42	-49.42	-50.0	6740629.5	57157716.0	1050564100.0	82645.32	6335300.5	0.0	882500	22426.602731704712
353	-50.0	-50.0	-49.7	3141893.0	23207414.0	448780450.0	106392.03	3349668.8	0.0	885000	22490.04825234413
354	-49.34	-49.34	-50.0	2845540.8	24030330.0	716206800.0	94720.03	2162719.0	0.0	887500	22553.855839967728
355	-50.0	-50.0	-50.0	2117037.0	19497164.0	683485800.0	94454.0	1785792.9	0.0	890000	22618.286516427994
356	-50.0	-50.0	-50.0	3609173.5	38413530.0	1158824300.0	87060.875	3674264.0	0.0	892500	22683.28344464302
357	-50.0	-50.0	-50.0	6179584.0	69164104.0	2428193500.0	58007.523	5162761.0	0.0	895000	22747.165958166122
358	-50.0	-50.0	-50.0	12575001.0	98487150.0	2309427500.0	81323.516	13406119.0	0.0	897500	22810.75402522087
359	-50.0	-50.0	-50.0	8659261.0	81589390.0	2680143000.0	87159.37	7889125.0	0.0	900000	22875.29331302643
360	-49.92	-49.92	-50.0	17322748.0	263529420.0	10797816000.0	75554.22	16358900.0	0.0	902500	22937.4974527359
361	-49.0	-49.0	-50.0	11140112.0	106616690.0	2835546600.0	84963.61	11160638.0	0.0	905000	23001.364703178406
362	-50.0	-50.0	-50.0	14403903.0	137671180.0	3271125200.0	62058.203	13128890.0	0.0	907500	23064.12260389328
363	-49.0	-49.0	-50.0	9007290.0	88652410.0	2160429800.0	61872.332	8035933.0	0.0	910000	23127.537094593048
364	-50.0	-50.0	-50.0	5957994.5	47978944.0	1138435500.0	63623.03	6040711.0	0.0	912500	23191.27962088585
365	-49.82	-49.82	-50.0	10326046.0	79847590.0	2134094500.0	61599.39	10165244.0	0.0	915000	23255.283487319946
366	-50.0	-50.0	-50.0	11090584.0	117421070.0	4380947500.0	36643.32	10698854.0	0.0	917500	23318.714381217957
367	-50.0	-50.0	-50.0	9497954.0	136142290.0	5687649000.0	42825.477	7661924.0	0.0	920000	23383.3689661026
368	-50.0	-50.0	-49.5	15993267.0	172798200.0	5595580000.0	51698.344	17616138.0	0.0	922500	23446.812381744385
369	-50.0	-50.0	-50.0	16511315.0	177271970.0	4654739500.0	36006.062	15696010.0	0.0	925000	23510.92454099655
370	-50.0	-50.0	-50.0	8644855.0	81067940.0	2669180000.0	41777.72	10334250.0	0.0	927500	23576.082433223724
371	-50.0	-50.0	-50.0	14736673.0	156624350.0	3172217600.0	48351.797	20760672.0	0.0	930000	23640.528461694717
372	-50.0	-50.0	-50.0	8368471.0	70446824.0	2221032700.0	38807.71	9235696.0	0.0	932500	23704.601333618164
373	-50.0	-50.0	-50.0	10096866.0	88965790.0	2112687700.0	39460.57	7266132.0	0.0	935000	23769.01994729042
374	-50.0	-50.0	-50.0	9744985.0	161046540.0	6364463600.0	30202.316	8088039.5	0.0	937500	23832.78758573532
375	-50.0	-50.0	-50.0	7002118.0	77776610.0	2460142600.0	34605.23	6575686.5	0.0	940000	23896.400270938873
376	-50.0	-50.0	-50.0	7434683.5	107797730.0	4239863300.0	36899.887	7759019.0	0.0	942500	23959.71074295044
377	-50.0	-50.0	-50.0	7226042.0	85507100.0	2180714500.0	29335.762	8776054.0	0.0	945000	24023.902070999146
378	-49.0	-49.0	-50.0	4138493.8	36220260.0	716921500.0	29083.066	6530379.0	0.0	947500	24087.405222177505
379	-50.0	-50.0	-50.0	6593665.0	70349230.0	1548133500.0	35971.695	6645768.0	0.0	950000	24149.881502389908
380	-50.0	-50.0	-50.0	7512191.0	86265384.0	2178192000.0	32786.97	7003470.5	0.0	952500	24213.711247205734
381	-49.0	-49.0	-50.0	6494987.0	69869800.0	2065641900.0	26956.898	6887000.5	0.0	955000	24277.443190574646
382	-49.0	-49.0	-50.0	7703134.5	83597064.0	2178255400.0	28067.758	12381006.0	0.0	957500	24341.835595846176
383	-49.0	-49.0	-50.0	6153154.5	63949504.0	1474075800.0	29386.621	4644435.5	0.0	960000	24406.2138504982
384	-49.94	-49.94	-50.0	10205409.0	98997430.0	2436179200.0	23014.56	9971046.0	0.0	962500	24470.829343557358
385	-50.0	-50.0	-50.0	3268321.2	26352050.0	583021100.0	23423.875	4424064.0	0.0	965000	24535.565819740295
386	-49.0	-49.0	-49.4	11239565.0	126517480.0	3464277500.0	30739.23	12309074.0	0.1	967500	24600.188013076782
387	-50.0	-50.0	-50.0	10087831.0	114997110.0	2936381200.0	31325.393	9854065.0	0.0	970000	24664.166433095932
388	-50.0	-50.0	-50.0	15449879.0	184766530.0	5536185000.0	26376.234	17676988.0	0.0	972500	24728.528009414673
389	-50.0	-50.0	-50.0	10489393.0	95651410.0	2340992800.0	26689.408	10626527.0	0.0	975000	24793.45057964325
390	-50.0	-50.0	-50.0	10502071.0	121611670.0	4000382700.0	24336.12	11225882.0	0.0	977500	24858.284371376038
391	-49.68	-49.68	-50.0	5957636.0	80671920.0	2318349000.0	24032.395	7547020.5	0.0	980000	24921.389538526535
392	-50.0	-50.0	-50.0	9577769.0	124567700.0	4536870400.0	22665.066	8582278.0	0.0	982500	24983.701682806015
393	-50.0	-50.0	-50.0	4444498.5	65994190.0	2481099500.0	20477.133	6691649.0	0.0	985000	25048.57128047943
394	-50.0	-50.0	-50.0	7975620.5	74914824.0	1741902500.0	21872.523	10496648.0	0.0	987500	25111.692846536636
395	-49.0	-49.0	-50.0	9358015.0	133977656.0	4888255500.0	15961.422	8599065.0	0.0	990000	25174.686280488968
396	-50.0	-50.0	-50.0	3272602.0	39912004.0	1080785400.0	19144.61	3859765.8	0.0	992500	25238.74141216278
397	-50.0	-50.0	-50.0	8491994.0	119202800.0	4251348000.0	15351.749	9309666.0	0.0	995000	25301.846814393997
398	-50.0	-50.0	-50.0	8171681.0	118887720.0	4000554800.0	16068.558	5493406.5	0.0	997500	25366.109936714172
399	-50.0	-50.0	-50.0	2797791.2	26818302.0	593045950.0	15652.936	2731922.2	0.0	1000000	25431.752294778824
400	-50.0	-50.0	-50.0	8674521.0	167783300.0	5490031600.0	15338.238	6135353.0	0.0	1002500	25497.516808509827
401	-50.0	-50.0	-50.0	6848374.5	106846856.0	2739311000.0	13782.584	8669510.0	0.0	1005000	25561.696878433228
402	-49.72	-49.72	-50.0	4056334.2	51285664.0	1202860900.0	12549.173	3414292.0	0.0	1007500	25626.24167752266
403	-50.0	-50.0	-50.0	7725966.0	112591260.0	3149188400.0	11632.882	7985088.5	0.0	1010000	25691.975345134735
404	-50.0	-50.0	-50.0	10246888.0	236315890.0	9720642000.0	10998.414	11660525.0	0.0	1012500	25755.673199415207
405	-50.0	-50.0	-50.0	2374450.5	28648730.0	775181000.0	9888.943	3352610.8	0.0	1015000	25819.62351489067
406	-50.0	-50.0	-50.0	4582888.5	49306790.0	1051850500.0	8386.545	5101367.0	0.0	1017500	25884.98943591118
407	-50.0	-50.0	-50.0	8420679.0	126967224.0	3966076200.0	9846.998	7325225.0	0.0	1020000	25950.273520231247
408	-50.0	-50.0	-50.0	952517.5	10119300.0	239477940.0	8915.445	1375686.9	0.0	1022500	26015.552564382553
409	-50.0	-50.0	-50.0	8135094.5	160587940.0	5875659000.0	9404.137	8530146.0	0.0	1025000	26081.055228948593
410	-50.0	-50.0	-50.0	2392632.8	34609896.0	949757500.0	9038.483	2375690.2	0.0	1027500	26145.970463514328
411	-50.0	-50.0	-50.0	8725037.0	129799120.0	4641045500.0	10300.829	6567369.5	0.0	1030000	26210.465972661972
412	-50.0	-50.0	-50.0	5270690.0	71085420.0	2233176300.0	8417.023	6585727.0	0.0	1032500	26275.728978157043
413	-50.0	-50.0	-50.0	6373512.0	88866170.0	2674231800.0	9739.066	6624915.5	0.0	1035000	26341.496862649918
414	-49.0	-49.0	-50.0	3236893.2	46782092.0	1825456600.0	8689.501	6931111.0	0.0	1037500	26407.222609996796
415	-50.0	-50.0	-50.0	8764962.0	136050880.0	5090950000.0	7193.8887	5569412.0	0.0	1040000	26472.38977074623
416	-50.0	-50.0	-50.0	5831184.0	87998776.0	2500128800.0	7370.676	6238865.5	0.0	1042500	26537.240077495575
417	-50.0	-50.0	-50.0	9110561.0	130745070.0	4459971000.0	7600.7	9447954.0	0.0	1045000	26601.325173854828
418	-50.0	-50.0	-50.0	4893201.0	81162660.0	3406679000.0	9437.518	5885579.5	0.0	1047500	26664.33047938347
419	-50.0	-50.0	-50.0	4709776.5	47131876.0	1109559900.0	8974.061	3711233.5	0.0	1050000	26728.33087491989
420	-50.0	-50.0	-50.0	14979832.0	244742200.0	6601240600.0	9485.986	21441568.0	0.0	1052500	26792.52223944664
421	-50.0	-50.0	-50.0	12037328.0	244821330.0	10474594000.0	10351.531	12650195.0	0.0	1055000	26856.434493780136
422	-50.0	-50.0	-50.0	41650764.0	577339700.0	16060173000.0	19981.492	44288030.0	0.0	1057500	26921.578580617905
423	-50.0	-50.0	-49.8	39918532.0	522888160.0	16354684000.0	24406.125	40479988.0	0.0	1060000	26988.203186035156
424	-50.0	-50.0	-50.0	56294930.0	558125950.0	18868814000.0	28775.951	62382996.0	0.0	1062500	27054.147869825363
425	-50.0	-50.0	-50.0	139251220.0	1408267900.0	39930085000.0	39515.97	143230000.0	0.0	1065000	27118.246541023254
426	-50.0	-50.0	-50.0	194214530.0	1471084300.0	35056312000.0	72191.19	193830460.0	0.0	1067500	27183.232939481735
427	-48.82	-48.82	-50.0	195673920.0	1822145400.0	50012620000.0	78443.26	211059840.0	0.0	1070000	27248.34624314308
428	-50.0	-50.0	-50.0	217036320.0	1844087800.0	68290777000.0	134847.31	252091000.0	0.0	1072500	27313.32205748558
429	-50.0	-50.0	-50.0	340435420.0	4207092200.0	125252076000.0	147415.7	353612500.0	0.0	1075000	27377.57207751274
430	-50.0	-50.0	-50.0	467354000.0	3959641900.0	86388320000.0	239829.75	478012830.0	0.0	1077500	27441.666848421097
431	-50.0	-50.0	-50.0	173476690.0	1533117300.0	43897310000.0	220593.77	216895260.0	0.0	1080000	27504.685089588165
432	-49.84	-49.84	-50.0	197708450.0	1565753600.0	36052726000.0	139209.75	222804700.0	0.0	1082500	27569.307385206223
433	-48.28	-48.28	-50.0	156284980.0	1324055400.0	41478930000.0	130278.8	171935820.0	0.0	1085000	27632.658585071564
434	-50.0	-50.0	-50.0	137643170.0	1042605600.0	22706866000.0	178705.92	154773330.0	0.0	1087500	27696.013746500015
435	-50.0	-50.0	-50.0	260954780.0	1742035300.0	46347235000.0	158968.39	257936690.0	0.0	1090000	27760.266317129135
436	-49.96	-49.96	-50.0	319019550.0	2562331400.0	88681900000.0	196336.75	358732700.0	0.0	1092500	27823.745619297028
437	-48.96	-48.96	-50.0	321958500.0	2922446600.0	85553600000.0	138835.92	354881120.0	0.0	1095000	27887.437874794006
438	-49.7	-49.7	-50.0	237821950.0	2262893000.0	59922500000.0	206468.88	255075580.0	0.0	1097500	27952.3668384552
439	-49.56	-49.56	-49.9	217905070.0	1778822800.0	50071933000.0	164512.06	232096100.0	0.0	1100000	28016.182191610336
440	-50.0	-50.0	-49.9	543961500.0	8355254000.0	283831600000.0	128031.69	544017000.0	0.0	1102500	28080.767207622528
441	-48.98	-48.98	-50.0	436579170.0	6619173400.0	197664180000.0	151067.31	438342660.0	0.0	1105000	28145.96483230591
442	-48.58	-48.58	-50.0	140554700.0	972019650.0	28763144000.0	182705.62	157067340.0	0.0	1107500	28210.637548208237
443	-50.0	-50.0	-50.0	238940060.0	3935414500.0	170190640000.0	202950.12	250586720.0	0.0	1110000	28274.938304185867
444	-50.0	-50.0	-50.0	226477580.0	2997077500.0	121250780000.0	184333.78	249089520.0	0.0	1112500	28339.747543811798
445	-50.0	-50.0	-50.0	189899500.0	1994907400.0	52438696000.0	236715.7	259911200.0	0.0	1115000	28405.325459480286
446	-50.0	-50.0	-50.0	189547820.0	1557855400.0	38948323000.0	199790.98	219313800.0	0.0	1117500	28470.25383424759
447	-49.96	-49.96	-50.0	216461840.0	1519963800.0	32377440000.0	404218.47	233449860.0	0.0	1120000	28534.863800764084
448	-50.0	-50.0	-50.0	385683300.0	1174336100.0	15241331000.0	568598.6	409812600.0	0.0	1122500	28595.417421102524
449	-50.0	-50.0	-50.0	2038253200.0	4684105700.0	113243560000.0	10875410.0	2245606700.0	0.0	1125000	28652.209151029587
450	-50.0	-50.0	-50.0	3666357000.0	6387937300.0	69390020000.0	84744140.0	3977971500.0	0.0	1127500	28710.556450366974
451	-50.0	-50.0	-50.0	4420100000.0	7471667000.0	100133290000.0	204196050.0	4794915000.0	0.0	1130000	28767.814903974533
452	-50.0	-50.0	-50.0	4152561700.0	7548775000.0	93817496000.0	178288720.0	4519631000.0	0.0	1132500	28824.98579955101
453	-49.0	-49.0	-50.0	2385164300.0	4781360600.0	67785710000.0	68530850.0	2539469000.0	0.0	1135000	28882.41880941391
454	-50.0	-50.0	-50.0	1436915200.0	4577437000.0	93706670000.0	55894764.0	1543582700.0	0.0	1137500	28939.85382795334
455	-50.0	-50.0	-50.0	730775400.0	2347384800.0	38677410000.0	32864062.0	738789300.0	0.0	1140000	28997.194572210312
456	-50.0	-50.0	-50.0	407321630.0	1538730900.0	24812866000.0	16919654.0	423244670.0	0.0	1142500	29054.18835258484
457	-50.0	-50.0	-50.0	226276580.0	782605950.0	16021369000.0	11427416.0	232049150.0	0.0	1145000	29110.247901678085
458	-50.0	-50.0	-50.0	95627576.0	281868030.0	5667854000.0	6981310.5	97123360.0	0.0	1147500	29165.865083932877
459	-50.0	-50.0	-50.0	58729132.0	250472750.0	8020289500.0	5798678.0	60701650.0	0.0	1150000	29221.519903421402
460	-49.0	-49.0	-50.0	37247556.0	181113000.0	5803778600.0	4304330.5	32439530.0	0.0	1152500	29276.727357387543
461	-50.0	-50.0	-50.0	24691032.0	146033460.0	3828998700.0	3346970.0	22428562.0	0.0	1155000	29332.353615045547
462	-50.0	-50.0	-50.0	14414546.0	66663990.0	2017081600.0	2637156.2	13066267.0	0.0	1157500	29388.41250228882
463	-50.0	-50.0	-50.0	9406054.0	12113144.0	358745020.0	2475448.0	8852038.0	0.0	1160000	29443.98056459427
464	-50.0	-50.0	-50.0	7267875.0	15674832.0	624759940.0	1738760.2	7052624.0	0.0	1162500	29500.123739004135
465	-50.0	-50.0	-50.0	4637829.0	8530075.0	225543520.0	1280559.2	4473207.0	0.0	1165000	29558.115885734558
466	-50.0	-50.0	-50.0	2721083.5	4171751.8	170810620.0	921526.5	2396741.8	0.0	1167500	29615.6732172966
467	-50.0	-50.0	-50.0	1883220.6	1745673.2	32756304.0	515842.88	1919303.2	0.0	1170000	29672.585191726685
468	-50.0	-50.0	-50.0	1269213.9	863144.2	18633228.0	336181.03	1114509.2	0.0	1172500	29727.632361650467
469	-49.54	-49.54	-50.0	957380.5	1218640.1	40821212.0	184136.31	823956.75	0.0	1175000	29783.189465284348
470	-49.14	-49.14	-50.0	746805.44	814341.4	28985556.0	187476.88	649055.0	0.0	1177500	29841.15083217621
471	-50.0	-50.0	-50.0	624420.75	1262597.5	51945976.0	186134.47	568553.94	0.0	1180000	29897.47151041031
472	-50.0	-50.0	-50.0	618498.2	2297552.2	90212160.0	151333.94	588520.0	0.0	1182500	29953.337028980255
473	-50.0	-50.0	-45.0	471818.34	626085.56	13879395.0	140677.44	428198.72	0.1	1185000	30008.579970121384
474	-50.0	-50.0	-50.0	373237.88	245945.38	4217589.0	100388.18	336044.84	0.0	1187500	30063.616679668427
475	-50.0	-50.0	-50.0	320477.75	190738.22	2025893.5	93786.7	285751.16	0.0	1190000	30118.441167593002
476	-50.0	-50.0	-50.0	276312.12	202580.9	3144551.0	74993.234	252691.3	0.0	1192500	30173.954595327377
477	-50.0	-50.0	-50.0	231183.05	163236.89	2673486.5	70037.99	208844.84	0.0	1195000	30228.557042598724
478	-50.0	-50.0	-50.0	189573.02	146336.42	3394734.8	56330.797	170367.36	0.0	1197500	30283.748938560486
479	-50.0	-50.0	-50.0	172130.03	162990.78	3166766.0	43126.664	155801.66	0.0	1200000	30339.11722755432
480	-50.0	-50.0	-50.0	141782.17	109826.664	2474092.8	38774.535	130161.875	0.0	1202500	30394.94551229477
481	-50.0	-50.0	-50.0	117542.66	81656.266	1968172.8	38656.793	106779.97	0.0	1205000	30450.84124326706
482	-49.0	-49.0	-50.0	105425.2	77444.37	1457228.9	32237.48	95618.72	0.0	1207500	30505.921563863754
483	-49.94	-49.94	-50.0	90980.22	62871.04	1071987.0	27928.848	82470.08	0.0	1210000	30562.297285556793
484	-49.0	-49.0	-50.0	84243.19	61554.52	1125574.4	18241.742	73983.97	0.0	1212500	30618.7092397213
485	-50.0	-50.0	-50.0	72198.11	49424.266	674935.9	24016.244	64167.465	0.0	1215000	30674.87553668022
486	-49.0	-49.0	-50.0	67225.92	53760.72	1157793.9	16918.227	59647.832	0.0	1217500	30731.716463327408
487	-50.0	-50.0	-50.0	63557.215	48190.2	1104607.9	17493.803	55606.668	0.0	1220000	30789.387006759644
488	-50.0	-50.0	-50.0	55687.625	42867.906	855033.75	14895.165	49032.55	0.0	1222500	30844.56063270569
489	-50.0	-50.0	-50.0	49548.72	36435.652	818114.4	15945.555	44318.49	0.0	1225000	30900.46619939804
490	-50.0	-50.0	-50.0	49375.785	39166.28	961377.25	13971.639	43351.383	0.0	1227500	30957.852041959763
491	-50.0	-50.0	-50.0	45120.742	29048.107	435254.1	11727.613	39603.48	0.0	1230000	31011.154111623764
492	-49.0	-49.0	-50.0	42449.887	31465.62	465000.97	10764.398	37245.895	0.0	1232500	31063.492272615433
493	-50.0	-50.0	-50.0	41488.695	32506.31	499000.06	10503.967	36367.89	0.0	1235000	31117.206486701965
494	-50.0	-50.0	-50.0	37290.516	31471.463	934028.5	10730.86	32321.049	0.0	1237500	31170.76766371727
495	-50.0	-50.0	-50.0	34723.84	29813.7	780741.1	10411.732	30541.26	0.0	1240000	31225.584391593933
496	-50.0	-50.0	-50.0	35257.375	37962.32	727032.1	8630.295	30392.334	0.0	1242500	31278.579756975174
497	-50.0	-50.0	-50.0	29048.713	18816.686	309039.56	7342.362	25666.168	0.0	1245000	31332.294521331787
498	-50.0	-50.0	-50.0	26487.496	16481.05	229944.64	7907.328	23428.139	0.0	1247500	31383.66202044487
499	-50.0	-50.0	-50.0	24808.809	18565.068	389105.94	7189.1074	21541.54	0.0	1250000	31432.218924999237
