Epoch	EpRet	EpRealRet	TestEpRet	AverageQ1	StdQ1	MaxQ1	MinQ1	Q2	TestSuccess	TotalEnvInteracts	TotalTime
0	-50.0	-50.0	-40.0	-1.232651	2.3544574	1.1075078	-15.625587	-1.2328377	0.2	2500	83.1280837059021
1	-49.0	-49.0	-50.0	-2.8036666	5.4830894	0.6889432	-62.499275	-2.8024578	0.0	5000	161.97736167907715
2	-50.0	-50.0	-50.0	-3.9331882	7.6383877	0.9317352	-48.40428	-3.9332423	0.0	7500	240.87217116355896
3	-50.0	-50.0	-50.0	-5.0254407	9.692579	0.89272845	-53.67258	-5.0258346	0.0	10000	315.88867568969727
4	-49.28	-49.28	-49.8	-5.952035	11.363443	1.0047852	-57.69635	-5.95269	0.0	12500	392.48450326919556
5	-49.94	-49.94	-50.0	-6.6165895	12.564985	3.2761388	-56.06751	-6.61705	0.0	15000	467.1207067966461
6	-49.98	-49.98	-50.0	-7.0583053	13.33117	1.2724085	-56.965305	-7.059237	0.0	17500	541.8316931724548
7	-49.32	-49.32	-50.0	-7.222263	13.6650305	1.1417282	-56.222313	-7.222441	0.0	20000	619.176543712616
8	-49.8	-49.8	-50.0	-7.499081	14.133621	1.5222151	-57.362953	-7.4994493	0.0	22500	694.5814971923828
9	-49.32	-49.32	-46.5	-7.711003	14.583313	1.9985089	-64.5209	-7.7120714	0.1	25000	771.2426900863647
10	-49.96	-49.96	-50.0	-7.9301662	14.940939	2.0628448	-58.749046	-7.9292126	0.0	27500	847.0718941688538
11	-49.96	-49.96	-49.1	-8.225255	15.464251	4.390275	-59.83922	-8.224926	0.0	30000	920.9483072757721
12	-49.94	-49.94	-49.4	-8.466011	15.8532915	3.258157	-61.491055	-8.465683	0.0	32500	997.5980248451233
13	-49.82	-49.82	-50.0	-8.71499	16.204325	2.1555283	-67.482574	-8.714608	0.0	35000	1071.4331665039062
14	-49.72	-49.72	-50.0	-8.825934	16.378614	5.844555	-62.866325	-8.826864	0.0	37500	1148.433952331543
15	-49.76	-49.76	-50.0	-9.108133	16.722618	2.2425032	-59.76561	-9.10823	0.0	40000	1224.5931141376495
16	-49.38	-49.38	-49.6	-9.292703	16.987825	2.5863237	-63.866703	-9.291735	0.0	42500	1297.550529241562
17	-49.82	-49.82	-50.0	-9.434769	17.18816	3.5218744	-58.592537	-9.434636	0.0	45000	1373.3518512248993
18	-49.9	-49.9	-50.0	-9.515722	17.269226	3.1064258	-62.010883	-9.514806	0.0	47500	1445.9264147281647
19	-49.5	-49.5	-47.4	-9.646666	17.323437	4.44065	-60.94615	-9.646444	0.0	50000	1520.1974022388458
20	-49.52	-49.52	-48.2	-9.788642	17.317945	3.1763313	-63.30781	-9.789359	0.1	52500	1593.1740918159485
21	-49.4	-49.4	-50.0	-9.889857	17.263271	2.1008322	-61.410088	-9.888519	0.0	55000	1668.731691122055
22	-49.94	-49.94	-47.5	-9.916679	17.275372	3.519662	-67.63951	-9.914494	0.0	57500	1742.7422330379486
23	-49.8	-49.8	-49.2	-9.897021	17.230648	3.246019	-63.501736	-9.896967	0.0	60000	1817.2567400932312
24	-49.52	-49.52	-49.1	-9.946035	17.205175	5.1443763	-65.7608	-9.947789	0.0	62500	1890.7790377140045
25	-49.5	-49.5	-46.5	-9.992678	17.183279	2.7799726	-67.38928	-9.993245	0.0	65000	1964.340298652649
26	-49.88	-49.88	-50.0	-9.9845	17.143822	4.9980545	-61.718998	-9.985405	0.0	67500	2039.7595977783203
27	-49.28	-49.28	-50.0	-9.9878845	17.117804	3.0336657	-66.274185	-9.988475	0.0	70000	2115.007136821747
28	-49.68	-49.68	-50.0	-10.011606	17.164066	4.126856	-61.4846	-10.011849	0.0	72500	2187.625854730606
29	-49.96	-49.96	-50.0	-10.010146	17.177698	2.6893506	-61.02312	-10.010668	0.0	75000	2262.617632627487
30	-49.06	-49.06	-50.0	-9.975156	17.122166	3.1081161	-60.36373	-9.975366	0.0	77500	2335.9957690238953
31	-49.78	-49.78	-50.0	-10.088835	17.180813	3.8318872	-57.827007	-10.08961	0.0	80000	2410.860803127289
32	-49.24	-49.24	-50.0	-10.127562	17.219501	3.4532242	-58.249264	-10.129538	0.0	82500	2484.4790856838226
33	-49.48	-49.48	-49.3	-10.165975	17.299334	3.4900537	-58.7416	-10.165379	0.0	85000	2559.775664329529
34	-48.76	-48.76	-49.7	-10.191195	17.28643	3.743371	-60.367695	-10.190839	0.0	87500	2635.470713853836
35	-48.44	-48.44	-47.2	-10.340039	17.360435	3.8311496	-61.69626	-10.339375	0.1	90000	2710.283704519272
36	-49.5	-49.5	-50.0	-10.333639	17.325851	8.374739	-59.64249	-10.332216	0.0	92500	2785.3798627853394
37	-49.16	-49.16	-49.8	-10.377696	17.39202	12.45212	-66.86427	-10.37732	0.0	95000	2858.2936584949493
38	-48.76	-48.76	-44.399998	-10.423543	17.405693	5.2687945	-63.1243	-10.42208	0.2	97500	2931.021054506302
39	-49.72	-49.72	-48.1	-10.469226	17.389723	4.2017345	-67.13629	-10.470148	0.1	100000	3005.535835504532
40	-48.26	-48.26	-48.8	-10.532856	17.365595	5.4288096	-64.400894	-10.534104	0.0	102500	3076.984441757202
41	-48.96	-48.96	-48.6	-10.55522	17.367762	5.2763653	-71.2535	-10.556086	0.0	105000	3151.262005329132
42	-48.66	-48.66	-50.0	-10.579751	17.375978	13.89973	-60.879063	-10.581321	0.0	107500	3224.4186222553253
43	-49.36	-49.36	-48.8	-10.628811	17.342958	4.118839	-62.20724	-10.627912	0.0	110000	3297.4043822288513
44	-49.84	-49.84	-49.0	-10.651309	17.289686	6.9377823	-59.957226	-10.65124	0.0	112500	3371.9101932048798
45	-49.62	-49.62	-50.0	-10.760989	17.35869	15.670233	-65.30247	-10.760554	0.0	115000	3444.329179048538
46	-48.38	-48.38	-42.600002	-10.752294	17.278328	6.7754517	-64.2178	-10.751459	0.2	117500	3519.3528864383698
47	-49.06	-49.06	-49.4	-10.859379	17.355204	6.6962514	-87.11914	-10.858678	0.0	120000	3592.0744791030884
48	-48.6	-48.6	-49.6	-10.858214	17.326984	5.0954943	-70.2182	-10.858477	0.0	122500	3665.1713829040527
49	-49.64	-49.64	-43.5	-10.97679	17.42279	5.3351145	-62.10445	-10.976925	0.1	125000	3735.819209575653
50	-48.68	-48.68	-47.9	-10.96167	17.375645	4.864522	-65.23961	-10.962966	0.0	127500	3809.3327901363373
51	-48.88	-48.88	-47.6	-10.915916	17.332035	4.308152	-68.132484	-10.917954	0.0	130000	3882.476336479187
52	-48.12	-48.12	-48.3	-10.942977	17.296196	4.0280185	-76.0564	-10.941207	0.0	132500	3953.23703956604
53	-49.06	-49.06	-47.0	-10.992243	17.325998	9.071772	-61.43627	-10.992369	0.0	135000	4026.1488559246063
54	-49.5	-49.5	-49.8	-10.959762	17.269352	4.105624	-70.519264	-10.958561	0.0	137500	4097.145622730255
55	-48.84	-48.84	-47.8	-11.055334	17.309214	10.37226	-73.20942	-11.054329	0.1	140000	4169.74854183197
56	-48.76	-48.76	-46.5	-10.990839	17.278206	4.9747524	-72.977425	-10.9907	0.1	142500	4241.770934820175
57	-49.24	-49.24	-46.8	-11.095973	17.309416	8.521528	-66.03938	-11.095532	0.0	145000	4313.166565895081
58	-48.08	-48.08	-46.6	-11.136754	17.33708	5.846297	-75.160065	-11.137996	0.1	147500	4387.955055952072
59	-49.06	-49.06	-46.5	-11.216228	17.383844	3.924786	-75.20653	-11.215282	0.1	150000	4459.324456691742
60	-49.04	-49.04	-49.8	-11.207523	17.428244	8.228593	-61.486534	-11.209695	0.0	152500	4532.51154088974
61	-48.36	-48.36	-47.7	-11.213145	17.395664	7.652378	-66.02694	-11.21121	0.1	155000	4603.242704868317
62	-47.24	-47.24	-47.2	-11.290506	17.416645	8.090104	-62.27221	-11.290396	0.1	157500	4675.183384895325
63	-48.12	-48.12	-48.1	-11.261864	17.351398	5.9539566	-67.76839	-11.259044	0.0	160000	4748.352557420731
64	-48.68	-48.68	-48.6	-11.346111	17.358717	7.06215	-69.42056	-11.344979	0.0	162500	4818.663003921509
65	-47.44	-47.44	-47.8	-11.378706	17.352022	14.313144	-67.35374	-11.378777	0.1	165000	4890.050712108612
66	-47.42	-47.42	-49.7	-11.436997	17.386238	8.283331	-63.561222	-11.4359045	0.0	167500	4960.286264896393
67	-48.94	-48.94	-47.9	-11.395434	17.337536	6.4168105	-63.47981	-11.395623	0.1	170000	5030.266250371933
68	-49.42	-49.42	-46.3	-11.356163	17.282288	8.810068	-69.61047	-11.354852	0.1	172500	5100.036420345306
69	-49.1	-49.1	-47.5	-11.433308	17.305233	6.061743	-66.29891	-11.431721	0.0	175000	5168.9048528671265
70	-47.84	-47.84	-47.9	-11.508756	17.346827	12.672301	-78.55569	-11.510132	0.1	177500	5239.500994443893
71	-49.36	-49.36	-48.5	-11.503153	17.298063	6.538216	-62.74386	-11.501955	0.0	180000	5308.747571229935
72	-48.36	-48.36	-48.9	-11.521546	17.292395	13.749116	-66.82381	-11.522263	0.0	182500	5378.886561393738
73	-47.38	-47.38	-48.0	-11.560269	17.286087	4.277292	-63.916092	-11.559415	0.1	185000	5446.828247785568
74	-48.04	-48.04	-49.2	-11.585667	17.251335	8.872491	-71.38342	-11.584439	0.0	187500	5518.275070428848
75	-49.24	-49.24	-49.6	-11.561479	17.235224	6.3626647	-64.32482	-11.56286	0.0	190000	5589.121307134628
76	-49.6	-49.6	-50.0	-11.451287	17.106358	11.859086	-74.575714	-11.452474	0.0	192500	5658.135853767395
77	-47.68	-47.68	-49.9	-11.59873	17.184772	7.104085	-79.95578	-11.598732	0.0	195000	5728.050010919571
78	-47.06	-47.06	-47.6	-11.546373	17.080507	7.1717596	-66.6705	-11.546549	0.1	197500	5797.480909824371
79	-47.34	-47.34	-46.3	-11.550814	17.052168	4.284173	-82.781044	-11.553095	0.1	200000	5868.837438821793
80	-46.76	-46.76	-43.600002	-11.587106	17.07861	10.62195	-61.784912	-11.587672	0.1	202500	5937.943812608719
81	-49.8	-49.8	-46.9	-11.559525	17.021587	8.934745	-69.35883	-11.558486	0.0	205000	6009.326756477356
82	-48.6	-48.6	-46.8	-11.634767	17.058249	13.600073	-65.17617	-11.6359415	0.1	207500	6080.49759888649
83	-48.12	-48.12	-43.899998	-11.73411	17.090008	8.204908	-68.27336	-11.7338915	0.3	210000	6150.645437479019
84	-49.12	-49.12	-46.6	-11.678834	17.002302	3.5418887	-78.30757	-11.678605	0.1	212500	6221.020960569382
85	-49.02	-49.02	-49.6	-11.721285	16.957918	2.9839525	-65.80086	-11.722452	0.0	215000	6290.473600387573
86	-48.72	-48.72	-43.600002	-11.835462	17.012535	8.561535	-64.942116	-11.834369	0.1	217500	6363.033812761307
87	-48.44	-48.44	-47.6	-11.813438	16.97941	7.2709584	-66.71275	-11.81343	0.0	220000	6431.178404331207
88	-48.8	-48.8	-44.8	-11.81573	16.949629	6.631784	-74.330864	-11.816707	0.1	222500	6499.026629924774
89	-48.72	-48.72	-48.1	-11.861814	16.971691	7.357176	-68.76594	-11.861274	0.1	225000	6569.829222202301
90	-47.14	-47.14	-45.0	-11.931555	16.976538	9.91903	-61.86691	-11.928852	0.2	227500	6639.0216863155365
91	-48.28	-48.28	-48.2	-11.926524	16.92471	4.890971	-62.569767	-11.927256	0.0	230000	6709.691198348999
92	-47.12	-47.12	-45.100002	-12.025947	16.99077	5.9301624	-63.954372	-12.025491	0.1	232500	6779.81728053093
93	-47.94	-47.94	-45.899998	-11.978291	16.918344	11.829935	-63.3325	-11.97807	0.1	235000	6849.073791027069
94	-48.44	-48.44	-50.0	-12.046577	16.931862	9.559695	-67.58113	-12.0454	0.0	237500	6919.327172756195
95	-48.16	-48.16	-49.9	-12.13803	16.97203	14.294722	-69.81945	-12.140464	0.0	240000	6989.315260410309
96	-48.36	-48.36	-48.5	-12.118438	16.923603	14.733521	-65.27106	-12.120271	0.0	242500	7061.476566553116
97	-48.54	-48.54	-45.8	-12.104273	16.856985	9.273374	-85.07785	-12.103981	0.0	245000	7131.035014390945
98	-48.54	-48.54	-47.4	-12.075446	16.764154	6.387988	-66.711655	-12.077123	0.1	247500	7202.01278758049
99	-49.26	-49.26	-47.6	-12.063927	16.699844	14.058903	-66.92631	-12.062403	0.2	250000	7271.600004196167
100	-48.4	-48.4	-47.8	-12.1533985	16.732899	11.664268	-64.666885	-12.152693	0.0	252500	7339.648920536041
101	-49.04	-49.04	-44.100002	-12.174858	16.722582	5.6063514	-70.3432	-12.174127	0.1	255000	7410.895735025406
102	-47.44	-47.44	-49.8	-12.183788	16.70357	13.56382	-80.61601	-12.185331	0.0	257500	7481.157281160355
103	-48.5	-48.5	-49.5	-12.22891	16.724585	16.691452	-79.19228	-12.2301035	0.0	260000	7552.104645252228
104	-48.1	-48.1	-43.8	-12.2205	16.695625	12.937913	-64.152336	-12.222296	0.1	262500	7621.280683040619
105	-47.8	-47.8	-42.8	-12.2994175	16.748394	16.101883	-63.411682	-12.299355	0.2	265000	7692.461905479431
106	-47.26	-47.26	-49.3	-12.360017	16.773756	13.934103	-63.47997	-12.362125	0.0	267500	7761.346390008926
107	-48.76	-48.76	-46.399998	-12.3651285	16.737627	6.437979	-68.42827	-12.364713	0.0	270000	7831.5362503528595
108	-48.46	-48.46	-43.3	-12.3580265	16.72542	11.060263	-68.33669	-12.3582115	0.2	272500	7902.482359170914
109	-48.78	-48.78	-49.4	-12.279646	16.656427	3.9800994	-75.778145	-12.279166	0.0	275000	7972.859376192093
110	-47.78	-47.78	-48.3	-12.3119955	16.545416	3.6953018	-73.06315	-12.311354	0.0	277500	8043.72749710083
111	-48.8	-48.8	-43.3	-12.142148	16.353638	3.7683716	-110.03712	-12.140975	0.1	280000	8111.449816942215
112	-48.34	-48.34	-49.0	-12.196711	16.368135	5.2170353	-64.72358	-12.199772	0.0	282500	8179.577247619629
113	-48.1	-48.1	-49.4	-12.307701	16.437576	9.167516	-63.982853	-12.30888	0.0	285000	8249.157286643982
114	-47.62	-47.62	-48.4	-12.370539	16.5149	4.2139115	-59.58007	-12.37194	0.0	287500	8318.945007562637
115	-47.24	-47.24	-48.8	-12.450301	16.551586	17.72353	-64.28963	-12.450051	0.0	290000	8389.179839849472
116	-48.12	-48.12	-46.5	-12.603705	16.673794	3.1853776	-62.931366	-12.602799	0.1	292500	8457.860963821411
117	-46.9	-46.9	-46.5	-12.677976	16.743355	23.036915	-67.26887	-12.679541	0.2	295000	8528.02018237114
118	-48.14	-48.14	-46.100002	-12.740705	16.756763	6.5811763	-84.55903	-12.743875	0.1	297500	8597.24340724945
119	-48.9	-48.9	-40.399998	-12.763391	16.783175	11.1921425	-65.8484	-12.764534	0.3	300000	8666.85921907425
120	-47.34	-47.34	-48.5	-12.736803	16.776442	5.557371	-64.56603	-12.738533	0.0	302500	8738.065062046051
121	-48.02	-48.02	-42.2	-12.828178	16.806057	10.819666	-71.77012	-12.827759	0.2	305000	8806.271227836609
122	-47.46	-47.46	-39.2	-12.825403	16.77524	11.426519	-64.75882	-12.826061	0.1	307500	8878.239364624023
123	-46.68	-46.68	-45.899998	-12.795286	16.776535	8.291107	-63.49712	-12.794756	0.1	310000	8947.290171861649
124	-46.62	-46.62	-46.8	-12.806057	16.744438	9.006968	-68.9273	-12.805999	0.0	312500	9019.181274175644
125	-45.3	-45.3	-45.5	-12.945488	16.839064	4.257802	-63.527634	-12.9467325	0.1	315000	9089.093972682953
126	-47.06	-47.06	-45.5	-12.927305	16.871168	8.517584	-65.99379	-12.926935	0.1	317500	9158.30572772026
127	-49.38	-49.38	-37.600002	-12.921172	16.80482	18.274416	-67.95435	-12.918447	0.2	320000	9229.633433818817
128	-47.42	-47.42	-48.5	-12.863356	16.773548	8.523113	-71.603546	-12.864048	0.0	322500	9298.979080200195
129	-48.68	-48.68	-46.100002	-12.890974	16.73298	16.405914	-64.10622	-12.892624	0.1	325000	9369.218415498734
130	-49.54	-49.54	-47.1	-12.913576	16.704863	20.985605	-68.26701	-12.917367	0.1	327500	9438.604202270508
131	-47.36	-47.36	-44.600002	-12.989266	16.793997	2.7928355	-69.58256	-12.991374	0.1	330000	9508.957015752792
132	-46.34	-46.34	-48.2	-13.047423	16.79912	7.2969103	-73.43481	-13.046721	0.0	332500	9580.31043601036
133	-45.56	-45.56	-48.9	-13.04355	16.815256	4.9627676	-66.47464	-13.04487	0.0	335000	9649.282105445862
134	-47.18	-47.18	-43.899998	-13.019291	16.768011	4.83634	-64.88688	-13.022206	0.1	337500	9720.333527565002
135	-47.5	-47.5	-39.0	-13.067692	16.79013	3.8794703	-73.03582	-13.065453	0.3	340000	9789.345316648483
136	-46.88	-46.88	-39.600002	-13.023556	16.75776	21.485271	-64.033936	-13.023816	0.2	342500	9859.99042391777
137	-47.58	-47.58	-47.4	-13.071536	16.811451	23.918709	-72.7756	-13.071895	0.1	345000	9928.745908737183
138	-45.58	-45.58	-44.5	-13.0726795	16.799795	6.3698483	-63.022648	-13.070303	0.2	347500	9998.38509297371
139	-47.32	-47.32	-44.3	-13.010186	16.741785	14.991724	-66.72293	-13.013475	0.1	350000	10070.005695343018
140	-46.24	-46.24	-49.1	-13.059229	16.751822	7.085292	-66.17597	-13.061824	0.0	352500	10139.917204618454
141	-46.08	-46.08	-44.3	-13.051302	16.725536	3.7625942	-68.64655	-13.053992	0.2	355000	10209.143450498581
142	-48.36	-48.36	-46.7	-13.140263	16.7851	6.264825	-60.092674	-13.14077	0.1	357500	10278.204876184464
143	-46.58	-46.58	-44.5	-13.10921	16.762337	8.886038	-61.885864	-13.111562	0.1	360000	10348.497599124908
144	-46.1	-46.1	-43.8	-13.102424	16.780703	30.875319	-72.13748	-13.102398	0.2	362500	10415.999057769775
145	-46.64	-46.64	-42.8	-13.132533	16.79776	5.368852	-64.237656	-13.131732	0.1	365000	10484.671104669571
146	-45.96	-45.96	-49.0	-13.107164	16.799677	3.3963804	-63.631958	-13.106736	0.1	367500	10555.54430103302
147	-46.52	-46.52	-45.600002	-13.124049	16.7994	4.5261497	-75.44603	-13.122391	0.1	370000	10625.221143007278
148	-47.96	-47.96	-48.2	-13.149737	16.8069	8.617004	-68.51885	-13.151497	0.0	372500	10696.769866228104
149	-47.22	-47.22	-44.100002	-13.107755	16.783234	4.4127026	-64.93732	-13.105171	0.3	375000	10765.656873703003
150	-47.02	-47.02	-38.600002	-13.133885	16.81736	7.5372086	-61.995064	-13.135447	0.4	377500	10834.834364175797
151	-46.14	-46.14	-45.2	-13.203113	16.856192	9.098684	-65.72097	-13.203869	0.1	380000	10905.835472106934
152	-46.6	-46.6	-42.100002	-13.228969	16.89309	7.498446	-72.73757	-13.230225	0.2	382500	10974.565544605255
153	-47.68	-47.68	-44.8	-13.158243	16.831244	7.676354	-71.73001	-13.159976	0.1	385000	11044.572875261307
154	-47.9	-47.9	-44.399998	-13.151827	16.810534	15.160904	-65.81667	-13.153548	0.1	387500	11114.098568439484
155	-47.84	-47.84	-39.2	-13.222649	16.894093	6.575481	-63.999966	-13.223492	0.3	390000	11185.156013011932
156	-47.48	-47.48	-45.0	-13.193486	16.84259	6.0261617	-68.60956	-13.193797	0.3	392500	11253.607741117477
157	-47.58	-47.58	-42.2	-13.1941185	16.855185	4.50971	-70.38009	-13.194382	0.2	395000	11324.561750888824
158	-45.24	-45.24	-44.8	-13.259811	16.897852	14.41313	-72.53729	-13.260535	0.0	397500	11394.8981757164
159	-46.08	-46.08	-44.0	-13.2241955	16.883274	29.460081	-62.747288	-13.220467	0.2	400000	11463.612614631653
160	-46.16	-46.16	-49.0	-13.298369	16.874977	14.081249	-71.76498	-13.299331	0.0	402500	11533.583950281143
161	-46.94	-46.94	-46.5	-13.284123	16.931574	3.9829865	-73.48843	-13.282937	0.1	405000	11602.677395820618
162	-47.0	-47.0	-42.899998	-13.330822	17.005527	9.542898	-77.47153	-13.332084	0.1	407500	11672.562299013138
163	-48.0	-48.0	-49.3	-13.292004	17.010302	10.342998	-66.85174	-13.2932625	0.0	410000	11741.163273096085
164	-47.12	-47.12	-45.100002	-13.306449	17.038944	3.665547	-74.93857	-13.307581	0.2	412500	11812.03309226036
165	-46.08	-46.08	-48.5	-13.463261	17.143612	32.744484	-68.80936	-13.464699	0.0	415000	11883.297755718231
166	-46.88	-46.88	-39.399998	-13.371533	17.073576	15.155348	-66.721985	-13.373642	0.4	417500	11954.6795129776
167	-47.32	-47.32	-45.100002	-13.353935	17.101778	8.770614	-69.095184	-13.356659	0.0	420000	12026.845084667206
168	-46.68	-46.68	-44.5	-13.440437	17.168255	8.93901	-63.43846	-13.444408	0.2	422500	12095.79019522667
169	-46.12	-46.12	-46.2	-13.411923	17.129242	32.426712	-72.815636	-13.413209	0.0	425000	12165.590549230576
170	-47.8	-47.8	-45.0	-13.465903	17.152536	5.607522	-70.402756	-13.465348	0.2	427500	12235.833642482758
171	-45.38	-45.38	-44.5	-13.462096	17.184475	9.066732	-69.33462	-13.463804	0.2	430000	12305.991626501083
172	-47.0	-47.0	-46.2	-13.495469	17.179207	13.954039	-73.4051	-13.495746	0.1	432500	12375.1010222435
173	-46.88	-46.88	-43.399998	-13.53977	17.252628	11.953886	-66.937195	-13.5394745	0.1	435000	12444.567257165909
174	-46.9	-46.9	-42.0	-13.527423	17.268	26.568851	-68.74141	-13.52484	0.2	437500	12515.242663383484
175	-46.8	-46.8	-43.0	-13.495634	17.249	19.243427	-69.53457	-13.495375	0.2	440000	12584.827581644058
176	-47.7	-47.7	-44.5	-13.409137	17.180445	15.662308	-71.74369	-13.410068	0.3	442500	12655.62854886055
177	-48.22	-48.22	-35.899998	-13.408617	17.222591	9.070091	-64.31839	-13.407886	0.2	445000	12726.334033250809
178	-45.86	-45.86	-43.5	-13.436323	17.26127	23.121386	-68.07927	-13.434772	0.2	447500	12795.024396657944
179	-44.04	-44.04	-46.2	-13.424989	17.23819	4.5554657	-65.84615	-13.427968	0.0	450000	12864.718056201935
180	-45.96	-45.96	-44.899998	-13.370251	17.202093	15.2437935	-74.1905	-13.371754	0.0	452500	12933.92495417595
181	-46.0	-46.0	-44.7	-13.468807	17.259356	11.980626	-76.26367	-13.472138	0.0	455000	13002.499606132507
182	-46.28	-46.28	-40.100002	-13.506752	17.294653	6.4222894	-68.620964	-13.506366	0.2	457500	13073.302300930023
183	-46.24	-46.24	-43.600002	-13.416093	17.223114	5.314042	-66.154236	-13.41671	0.2	460000	13140.994063854218
184	-46.36	-46.36	-40.899998	-13.434542	17.285194	5.31648	-73.5992	-13.433304	0.3	462500	13211.798009634018
185	-46.4	-46.4	-43.3	-13.450115	17.294739	18.049633	-74.50383	-13.446051	0.3	465000	13281.032805919647
186	-45.74	-45.74	-44.0	-13.42373	17.297049	16.551466	-74.42069	-13.424773	0.1	467500	13352.524936437607
187	-48.2	-48.2	-34.899998	-13.507076	17.376749	8.114681	-67.73361	-13.502843	0.5	470000	13422.709602117538
188	-46.36	-46.36	-41.399998	-13.49837	17.354717	8.7182255	-65.16869	-13.499911	0.1	472500	13492.84819149971
189	-48.08	-48.08	-43.899998	-13.448052	17.343098	6.9075046	-70.332184	-13.444671	0.1	475000	13564.168270349503
190	-47.28	-47.28	-47.4	-13.504086	17.39392	7.7799597	-65.81874	-13.503956	0.0	477500	13634.161049365997
191	-47.32	-47.32	-43.899998	-13.5432825	17.433336	9.758795	-70.77527	-13.540663	0.3	480000	13704.999461174011
192	-46.58	-46.58	-45.399998	-13.499665	17.391603	3.8801756	-64.0631	-13.5003195	0.1	482500	13774.2848341465
193	-48.12	-48.12	-45.7	-13.559942	17.473103	6.8664584	-73.64377	-13.562774	0.1	485000	13847.155392885208
194	-46.7	-46.7	-38.2	-13.558251	17.46989	16.109375	-77.25164	-13.5586605	0.4	487500	13916.02278995514
195	-47.74	-47.74	-47.4	-13.529808	17.456835	9.207667	-78.418076	-13.531414	0.0	490000	13985.04869890213
196	-46.94	-46.94	-42.8	-13.520998	17.461853	11.804705	-64.64953	-13.520816	0.3	492500	14056.177096128464
197	-46.9	-46.9	-42.3	-13.578009	17.498453	11.901756	-65.76357	-13.579373	0.2	495000	14123.605553627014
198	-46.12	-46.12	-45.0	-13.527839	17.501535	7.66832	-61.326485	-13.527784	0.1	497500	14193.443529605865
199	-45.7	-45.7	-44.600002	-13.51743	17.469145	13.152218	-64.01755	-13.518123	0.2	500000	14264.149353027344
200	-45.86	-45.86	-49.4	-13.510612	17.460655	4.661167	-67.0106	-13.513562	0.0	502500	14334.463468551636
201	-45.3	-45.3	-48.3	-13.532643	17.461607	10.992838	-67.40828	-13.530918	0.0	505000	14403.460083007812
202	-47.58	-47.58	-44.8	-13.381663	17.342075	6.3333783	-65.0755	-13.382157	0.3	507500	14472.235337495804
203	-46.96	-46.96	-46.7	-13.3954115	17.357405	7.5126276	-70.9572	-13.394977	0.1	510000	14542.922040224075
204	-47.68	-47.68	-43.600002	-13.4618	17.388737	9.330069	-66.114746	-13.46125	0.3	512500	14614.748729467392
205	-48.5	-48.5	-43.0	-13.313454	17.336802	9.194254	-70.59808	-13.312155	0.3	515000	14686.901592254639
206	-46.68	-46.68	-43.8	-13.457371	17.41205	70.68731	-72.686226	-13.457019	0.1	517500	14756.204855680466
207	-46.28	-46.28	-36.3	-13.484767	17.470675	15.336884	-74.42	-13.487278	0.5	520000	14824.308716058731
208	-45.48	-45.48	-39.600002	-13.445935	17.486675	6.6082363	-64.55379	-13.444962	0.3	522500	14894.986991882324
209	-45.82	-45.82	-41.600002	-13.525071	17.558313	12.850281	-69.59602	-13.526861	0.3	525000	14964.210159301758
210	-47.82	-47.82	-42.3	-13.560726	17.58572	9.535202	-70.54463	-13.562278	0.2	527500	15033.857951879501
211	-46.62	-46.62	-49.6	-13.557993	17.578472	73.67739	-74.14268	-13.558671	0.1	530000	15103.318209648132
212	-46.86	-46.86	-41.5	-13.523643	17.562363	11.208	-69.705345	-13.521776	0.2	532500	15174.423952579498
213	-45.28	-45.28	-43.2	-13.463036	17.543705	6.6023903	-76.61732	-13.462042	0.1	535000	15243.084242582321
214	-47.02	-47.02	-44.399998	-13.48346	17.585232	4.192374	-68.147804	-13.4825945	0.1	537500	15313.088258266449
215	-47.78	-47.78	-44.8	-13.519835	17.604918	5.902785	-70.580124	-13.518534	0.2	540000	15385.032173633575
216	-47.98	-47.98	-38.0	-13.545573	17.632	53.761158	-69.0364	-13.544608	0.4	542500	15454.229524850845
217	-45.96	-45.96	-46.3	-13.513243	17.633867	46.678642	-68.735985	-13.5109825	0.0	545000	15524.419169187546
218	-46.92	-46.92	-48.6	-13.472752	17.630285	7.3360844	-67.64635	-13.472397	0.0	547500	15594.26166176796
219	-46.72	-46.72	-46.0	-13.481892	17.628344	34.69999	-61.257423	-13.480306	0.0	550000	15664.138874053955
220	-47.26	-47.26	-43.600002	-13.576272	17.672691	22.888346	-64.806404	-13.576109	0.2	552500	15734.507085561752
221	-47.32	-47.32	-42.399998	-13.563344	17.696852	28.224663	-70.84977	-13.562856	0.2	555000	15804.2001516819
222	-46.6	-46.6	-39.8	-13.465615	17.67086	57.86626	-69.77966	-13.462983	0.2	557500	15874.909227609634
223	-46.26	-46.26	-44.100002	-13.527386	17.71895	27.158518	-65.02784	-13.525315	0.0	560000	15945.176805257797
224	-47.96	-47.96	-45.2	-13.535452	17.722075	37.299236	-70.1049	-13.532765	0.0	562500	16015.618847608566
225	-46.38	-46.38	-44.600002	-13.471061	17.70978	14.939913	-68.30154	-13.473699	0.2	565000	16084.29203248024
226	-48.36	-48.36	-49.6	-13.525796	17.753273	17.106995	-75.22085	-13.525473	0.0	567500	16153.390100955963
227	-45.18	-45.18	-41.5	-13.581702	17.774263	18.551872	-71.491104	-13.58107	0.4	570000	16225.358015060425
228	-48.78	-48.78	-48.2	-13.555252	17.798887	14.457927	-67.08188	-13.558174	0.0	572500	16294.402288198471
229	-45.16	-45.16	-40.899998	-13.545625	17.807644	12.178859	-69.73348	-13.54466	0.2	575000	16366.11732673645
230	-46.96	-46.96	-42.399998	-13.535053	17.81594	14.603525	-66.11428	-13.534784	0.2	577500	16435.580055713654
231	-47.18	-47.18	-40.0	-13.554146	17.834017	22.348553	-67.313545	-13.550703	0.2	580000	16505.56473684311
232	-48.16	-48.16	-44.8	-13.549553	17.848846	6.8623395	-66.62878	-13.54964	0.0	582500	16572.56379175186
233	-47.44	-47.44	-43.7	-13.56633	17.887112	14.874872	-61.488636	-13.565549	0.2	585000	16642.49640226364
234	-47.04	-47.04	-35.600002	-13.502446	17.822182	26.416208	-70.20889	-13.50429	0.3	587500	16712.979476451874
235	-45.4	-45.4	-45.0	-13.483219	17.791348	20.594337	-69.06069	-13.482	0.0	590000	16782.7858607769
236	-46.4	-46.4	-44.5	-13.496249	17.850168	15.072285	-66.231926	-13.497114	0.1	592500	16853.77698278427
237	-46.7	-46.7	-41.899998	-13.496089	17.837837	15.880566	-68.78354	-13.49646	0.2	595000	16923.525498867035
238	-45.92	-45.92	-43.899998	-13.469692	17.82818	8.520683	-63.305733	-13.467714	0.1	597500	16994.08048772812
239	-47.64	-47.64	-47.0	-13.532948	17.890194	9.338566	-74.10332	-13.5342455	0.2	600000	17064.59529900551
240	-47.54	-47.54	-44.3	-13.569735	17.928347	26.804966	-63.289265	-13.568981	0.2	602500	17135.770985364914
241	-47.42	-47.42	-34.899998	-13.594262	17.95173	12.224846	-66.82738	-13.593353	0.3	605000	17207.347460746765
242	-47.06	-47.06	-46.6	-13.534306	17.913284	10.29477	-66.10115	-13.531436	0.1	607500	17276.18261909485
243	-45.48	-45.48	-41.8	-13.508323	17.906113	15.577572	-70.73765	-13.509133	0.2	610000	17347.64320254326
244	-46.5	-46.5	-49.8	-13.527261	17.90725	10.810842	-65.687614	-13.526551	0.0	612500	17417.999413728714
245	-45.96	-45.96	-48.7	-13.483961	17.90259	11.555149	-64.09244	-13.486702	0.1	615000	17487.722154140472
246	-46.54	-46.54	-37.3	-13.472111	17.896826	20.192593	-63.76037	-13.4734	0.3	617500	17556.833597421646
247	-47.06	-47.06	-44.7	-13.522645	17.94475	14.635969	-61.08187	-13.522568	0.1	620000	17626.52556347847
248	-48.42	-48.42	-40.399998	-13.573617	17.949207	14.963924	-69.147705	-13.571478	0.3	622500	17697.911563634872
249	-47.7	-47.7	-44.5	-13.517869	17.939981	10.854143	-64.128654	-13.517042	0.1	625000	17767.23028922081
250	-45.3	-45.3	-41.100002	-13.491598	17.91719	6.283204	-66.88077	-13.491062	0.1	627500	17837.64243531227
251	-47.62	-47.62	-40.0	-13.527996	17.925909	16.128689	-71.342476	-13.524157	0.3	630000	17907.97636628151
252	-46.98	-46.98	-45.899998	-13.471816	17.912779	12.807894	-81.54099	-13.472492	0.1	632500	17978.696813344955
253	-47.02	-47.02	-49.5	-13.496862	17.908846	6.7792096	-67.19353	-13.497079	0.0	635000	18050.15660381317
254	-48.38	-48.38	-45.0	-13.584248	17.987234	8.18358	-66.28178	-13.58401	0.1	637500	18121.00908756256
255	-45.76	-45.76	-43.8	-13.533239	17.953709	7.981679	-64.00294	-13.531678	0.2	640000	18192.822415828705
256	-44.74	-44.74	-48.8	-13.448967	17.942863	7.9997177	-63.634098	-13.4504385	0.0	642500	18261.971020698547
257	-46.9	-46.9	-45.0	-13.563118	18.005917	6.6065316	-66.882164	-13.564462	0.2	645000	18332.08482694626
258	-46.92	-46.92	-41.3	-13.507728	18.016968	10.420818	-64.276726	-13.507265	0.2	647500	18404.024329423904
259	-46.72	-46.72	-39.7	-13.560575	18.046295	18.795935	-62.168533	-13.5617075	0.2	650000	18474.532531499863
260	-48.02	-48.02	-34.7	-13.485207	17.972548	7.8813324	-63.2005	-13.483524	0.5	652500	18544.818739175797
261	-44.82	-44.82	-47.0	-13.503924	18.012592	11.434662	-66.25574	-13.504882	0.1	655000	18614.197026014328
262	-47.28	-47.28	-46.9	-13.556997	17.996603	9.159673	-65.82667	-13.55657	0.1	657500	18684.73983860016
263	-46.7	-46.7	-40.2	-13.548003	18.015924	12.550455	-65.691345	-13.547818	0.2	660000	18753.595742702484
264	-46.74	-46.74	-43.5	-13.52178	17.979477	5.268419	-69.578186	-13.523288	0.2	662500	18824.685801267624
265	-47.34	-47.34	-49.4	-13.533336	17.967138	16.930218	-77.008766	-13.531742	0.0	665000	18894.078307151794
266	-48.5	-48.5	-42.0	-13.495842	17.95698	6.642578	-64.25262	-13.495177	0.1	667500	18965.888426065445
267	-45.94	-45.94	-44.7	-13.52869	17.975464	11.737246	-71.2076	-13.525921	0.0	670000	19036.010368347168
268	-46.52	-46.52	-42.600002	-13.469611	17.925169	17.639204	-62.17825	-13.470292	0.1	672500	19105.799230098724
269	-46.36	-46.36	-39.600002	-13.462847	17.916914	22.114819	-66.82229	-13.465676	0.1	675000	19175.279031038284
270	-46.32	-46.32	-47.5	-13.5155525	17.959589	24.338093	-69.29512	-13.514105	0.1	677500	19245.773508548737
271	-46.76	-46.76	-49.3	-13.498293	17.935791	16.06168	-69.529076	-13.499828	0.0	680000	19315.507754087448
272	-47.02	-47.02	-36.100002	-13.388289	17.869247	12.281045	-64.50989	-13.388809	0.3	682500	19387.185440301895
273	-47.58	-47.58	-38.899998	-13.436346	17.87002	10.114204	-69.75755	-13.437307	0.3	685000	19454.728243350983
274	-48.02	-48.02	-45.7	-13.447657	17.843155	18.736948	-64.51526	-13.45064	0.1	687500	19524.11630010605
275	-47.64	-47.64	-40.8	-13.439285	17.86558	8.6009445	-67.57794	-13.440064	0.2	690000	19593.12625002861
276	-46.74	-46.74	-46.2	-13.394698	17.845375	5.218099	-63.828705	-13.395688	0.1	692500	19661.5383310318
277	-44.9	-44.9	-38.3	-13.410245	17.796192	6.667229	-67.4656	-13.409717	0.3	695000	19731.38990831375
278	-47.84	-47.84	-43.8	-13.351061	17.77231	14.52247	-68.775314	-13.3519945	0.1	697500	19800.68650817871
279	-48.0	-48.0	-45.7	-13.414366	17.783005	6.863768	-68.72753	-13.414997	0.1	700000	19870.698962450027
280	-47.72	-47.72	-49.0	-13.374984	17.758034	6.202943	-67.839935	-13.374906	0.1	702500	19940.506132125854
281	-44.76	-44.76	-42.7	-13.340899	17.735592	22.480164	-72.196	-13.339394	0.2	705000	20010.770802497864
282	-47.16	-47.16	-35.7	-13.3407	17.736843	36.74636	-67.0561	-13.339287	0.2	707500	20080.808470010757
283	-45.26	-45.26	-40.100002	-13.394425	17.766806	12.657848	-71.88054	-13.396046	0.2	710000	20150.86693048477
284	-48.12	-48.12	-37.5	-13.38358	17.772491	4.7826	-71.72697	-13.382898	0.2	712500	20220.854863643646
285	-47.28	-47.28	-37.8	-13.359032	17.734665	10.542908	-72.97707	-13.358259	0.4	715000	20291.185175418854
286	-47.66	-47.66	-39.3	-13.464216	17.741974	6.2960677	-71.1748	-13.46406	0.2	717500	20362.477524280548
287	-47.32	-47.32	-45.5	-13.43755	17.72485	21.727997	-61.10554	-13.437595	0.2	720000	20432.925135850906
288	-45.14	-45.14	-48.4	-13.377717	17.735342	5.2202306	-68.867546	-13.376059	0.1	722500	20502.39372444153
289	-46.1	-46.1	-42.600002	-13.326722	17.682785	8.330869	-67.79309	-13.324306	0.2	725000	20572.16473388672
290	-46.46	-46.46	-42.600002	-13.344039	17.674826	21.566296	-64.17172	-13.343178	0.2	727500	20640.5176281929
291	-46.64	-46.64	-36.600002	-13.333863	17.67674	9.531336	-72.332596	-13.334948	0.4	730000	20711.37822818756
292	-46.68	-46.68	-48.6	-13.339928	17.699957	11.435755	-76.53984	-13.339744	0.0	732500	20780.09758257866
293	-45.06	-45.06	-46.3	-13.408145	17.732233	10.758481	-80.54389	-13.408639	0.1	735000	20852.33208012581
294	-46.1	-46.1	-41.3	-13.375877	17.689966	8.257824	-75.97876	-13.376459	0.2	737500	20920.808913469315
295	-47.74	-47.74	-46.100002	-13.373019	17.674353	7.7296042	-82.92048	-13.372685	0.1	740000	20990.047902822495
296	-46.28	-46.28	-42.100002	-13.372833	17.666082	65.86483	-64.00483	-13.372044	0.3	742500	21062.006618976593
297	-46.5	-46.5	-47.9	-13.406289	17.695152	6.206099	-68.67407	-13.405079	0.1	745000	21130.560067415237
298	-45.54	-45.54	-38.600002	-13.335623	17.623655	9.519653	-75.12541	-13.335952	0.4	747500	21200.051403284073
299	-46.56	-46.56	-37.3	-13.397504	17.696077	13.437461	-70.833595	-13.396682	0.2	750000	21269.99638748169
300	-47.02	-47.02	-43.0	-13.405905	17.675241	6.0348587	-69.86296	-13.404387	0.1	752500	21339.413985729218
301	-47.52	-47.52	-43.600002	-13.4097805	17.662928	7.247685	-76.27365	-13.412034	0.2	755000	21407.97661113739
302	-46.5	-46.5	-37.100002	-13.384625	17.661278	19.142506	-66.7374	-13.384225	0.3	757500	21477.607523918152
303	-46.0	-46.0	-43.899998	-13.387012	17.654467	14.231628	-80.364334	-13.385711	0.3	760000	21549.05779695511
304	-46.78	-46.78	-42.399998	-13.408677	17.671543	15.327794	-66.67859	-13.40689	0.3	762500	21619.015373706818
305	-46.72	-46.72	-35.3	-13.430581	17.69034	15.714331	-69.99183	-13.430226	0.5	765000	21691.15025615692
306	-45.74	-45.74	-40.2	-13.420539	17.685999	5.29123	-77.399765	-13.420514	0.5	767500	21760.120594501495
307	-47.26	-47.26	-44.399998	-13.445999	17.709108	9.254238	-67.99511	-13.445096	0.2	770000	21830.282198905945
308	-46.58	-46.58	-38.8	-13.410002	17.70608	10.567524	-68.216	-13.408884	0.4	772500	21899.41565656662
309	-46.46	-46.46	-46.6	-13.440053	17.70717	9.941654	-71.49447	-13.438671	0.1	775000	21967.407513856888
310	-46.52	-46.52	-46.2	-13.345162	17.632767	13.711184	-76.82401	-13.345475	0.2	777500	22038.587938308716
311	-45.38	-45.38	-46.8	-13.422884	17.672338	6.5169706	-67.48626	-13.422854	0.2	780000	22108.44540309906
312	-45.06	-45.06	-40.2	-13.431543	17.654442	11.179574	-74.2644	-13.4327965	0.3	782500	22179.993016958237
313	-46.96	-46.96	-43.600002	-13.442712	17.663605	6.3040714	-66.624245	-13.4433155	0.1	785000	22249.52401661873
314	-45.4	-45.4	-33.8	-13.4327965	17.637081	15.899396	-78.33121	-13.432049	0.6	787500	22318.541253328323
315	-46.68	-46.68	-44.100002	-13.38764	17.608013	18.215998	-68.27789	-13.387395	0.3	790000	22388.43745660782
316	-47.96	-47.96	-41.0	-13.426949	17.6415	4.8407464	-65.56651	-13.425875	0.3	792500	22457.613666057587
317	-45.28	-45.28	-43.399998	-13.429543	17.620731	5.9841647	-73.17587	-13.428618	0.1	795000	22526.426587343216
318	-46.18	-46.18	-41.8	-13.420423	17.628254	12.398282	-68.44657	-13.422788	0.5	797500	22596.055491685867
319	-46.92	-46.92	-41.600002	-13.446857	17.623325	11.069514	-73.906494	-13.444655	0.2	800000	22665.37301015854
320	-47.14	-47.14	-41.3	-13.502029	17.624817	9.47084	-72.58747	-13.501925	0.3	802500	22732.652183532715
321	-46.9	-46.9	-42.399998	-13.391812	17.534554	5.8265257	-69.95832	-13.389513	0.2	805000	22802.098253250122
322	-46.24	-46.24	-42.8	-13.450651	17.57843	10.333832	-73.687515	-13.453246	0.2	807500	22873.01266694069
323	-45.62	-45.62	-34.100002	-13.4370575	17.591387	11.878025	-64.62501	-13.439155	0.4	810000	22942.24787926674
324	-46.0	-46.0	-41.7	-13.439465	17.568428	18.154247	-69.95729	-13.437644	0.4	812500	23013.08472776413
325	-47.76	-47.76	-44.399998	-13.335737	17.479988	16.229433	-71.82994	-13.336439	0.1	815000	23083.61268544197
326	-44.88	-44.88	-41.2	-13.323871	17.50111	30.769115	-71.71366	-13.323312	0.4	817500	23152.644416809082
327	-46.02	-46.02	-42.5	-13.367881	17.53112	9.775522	-68.67843	-13.370258	0.2	820000	23222.679464817047
328	-47.18	-47.18	-47.6	-13.413614	17.526825	11.380247	-67.0101	-13.415327	0.1	822500	23292.489343881607
329	-44.9	-44.9	-38.899998	-13.3566265	17.509785	5.365024	-78.30451	-13.353248	0.1	825000	23361.662571668625
330	-46.3	-46.3	-44.100002	-13.452191	17.553507	17.248337	-77.80754	-13.45426	0.1	827500	23430.915963172913
331	-46.1	-46.1	-36.899998	-13.398504	17.53312	4.4430118	-73.23743	-13.399816	0.5	830000	23499.818415403366
332	-46.58	-46.58	-35.7	-13.394535	17.531832	8.731823	-76.620186	-13.388124	0.4	832500	23567.509247779846
333	-45.36	-45.36	-40.2	-13.449706	17.562254	4.753982	-70.26282	-13.448125	0.3	835000	23638.60213661194
334	-46.76	-46.76	-42.100002	-13.327259	17.494875	8.942328	-69.80076	-13.3268385	0.1	837500	23706.551070213318
335	-44.48	-44.48	-36.5	-13.330483	17.481369	23.149212	-66.786674	-13.333596	0.3	840000	23776.233917474747
336	-46.66	-46.66	-43.100002	-13.349397	17.458279	15.361111	-73.189125	-13.351989	0.4	842500	23846.37463760376
337	-45.78	-45.78	-39.7	-13.331806	17.415302	7.6278996	-74.4328	-13.331593	0.2	845000	23914.48961496353
338	-44.7	-44.7	-45.7	-13.388965	17.466784	13.470907	-78.86408	-13.389772	0.3	847500	23985.300204992294
339	-46.08	-46.08	-46.3	-13.4118805	17.488235	8.02404	-71.34841	-13.412758	0.1	850000	24055.202771663666
340	-45.16	-45.16	-41.100002	-13.371536	17.448034	10.308144	-65.60033	-13.371378	0.3	852500	24127.93377685547
341	-46.92	-46.92	-41.100002	-13.438806	17.503836	14.756596	-66.47882	-13.442029	0.3	855000	24198.255052804947
342	-45.96	-45.96	-41.0	-13.450561	17.544611	11.178255	-82.621895	-13.448428	0.2	857500	24267.00230193138
343	-46.88	-46.88	-46.6	-13.432878	17.520483	13.825325	-72.551384	-13.433993	0.1	860000	24337.66914820671
344	-47.4	-47.4	-42.0	-13.485893	17.56231	10.064091	-64.69258	-13.486486	0.0	862500	24406.177148103714
345	-48.32	-48.32	-39.100002	-13.489042	17.596039	12.070109	-68.53982	-13.489007	0.2	865000	24478.147654294968
346	-44.6	-44.6	-44.899998	-13.48539	17.591274	9.407278	-74.18646	-13.4866295	0.1	867500	24547.102536916733
347	-47.2	-47.2	-46.8	-13.526762	17.566256	18.05839	-71.86954	-13.529339	0.1	870000	24617.05656838417
348	-44.2	-44.2	-41.8	-13.482416	17.533104	18.809835	-77.61595	-13.484707	0.2	872500	24687.78008031845
349	-43.1	-43.1	-34.100002	-13.517674	17.554504	7.0167885	-68.923996	-13.5150385	0.3	875000	24756.960191726685
350	-46.86	-46.86	-36.3	-13.481252	17.5267	19.216642	-68.96631	-13.479896	0.4	877500	24827.743884563446
351	-45.82	-45.82	-47.4	-13.4752445	17.510048	7.8771677	-83.6223	-13.475496	0.1	880000	24896.269678115845
352	-48.34	-48.34	-46.6	-13.468232	17.496407	13.638235	-76.609436	-13.468267	0.1	882500	24966.423004627228
353	-46.6	-46.6	-36.399998	-13.506408	17.537922	6.969384	-83.03339	-13.507612	0.4	885000	25035.294774532318
354	-46.38	-46.38	-43.600002	-13.614867	17.585108	14.881233	-66.81744	-13.614277	0.1	887500	25105.234034776688
355	-44.78	-44.78	-44.8	-13.508926	17.517218	9.214615	-75.413994	-13.506579	0.0	890000	25175.01929116249
356	-45.54	-45.54	-42.600002	-13.475517	17.500957	4.2124586	-67.16045	-13.474894	0.2	892500	25245.041219472885
357	-46.6	-46.6	-32.2	-13.472707	17.496458	16.186188	-64.64056	-13.471644	0.4	895000	25315.595076560974
358	-45.44	-45.44	-42.2	-13.528794	17.52224	10.780877	-75.34931	-13.529536	0.3	897500	25384.852904081345
359	-45.08	-45.08	-37.0	-13.476984	17.498524	9.060453	-68.52152	-13.479003	0.4	900000	25454.90503358841
360	-45.68	-45.68	-40.3	-13.54253	17.544348	12.017319	-73.369576	-13.541091	0.3	902500	25525.268964767456
361	-45.2	-45.2	-41.899998	-13.527602	17.512749	4.7181125	-67.82623	-13.528942	0.4	905000	25595.012501716614
362	-44.86	-44.86	-44.2	-13.49308	17.47495	10.849976	-67.408035	-13.493201	0.2	907500	25664.737582683563
363	-45.64	-45.64	-42.8	-13.468501	17.434977	5.9940176	-71.61109	-13.471062	0.1	910000	25733.707269191742
364	-45.92	-45.92	-38.899998	-13.54382	17.484676	6.144283	-71.18469	-13.543695	0.4	912500	25804.581198453903
365	-46.56	-46.56	-46.3	-13.548685	17.506395	15.994796	-73.518394	-13.54555	0.0	915000	25873.5763733387
366	-45.92	-45.92	-42.7	-13.590333	17.522518	8.560784	-68.412506	-13.589094	0.1	917500	25943.07255911827
367	-47.36	-47.36	-36.3	-13.538248	17.448893	14.196285	-79.42041	-13.542593	0.3	920000	26011.442898988724
368	-46.24	-46.24	-48.7	-13.495113	17.449137	6.581866	-65.77788	-13.49686	0.0	922500	26080.352511882782
369	-42.34	-42.34	-40.100002	-13.55581	17.48157	4.506626	-84.6739	-13.555458	0.3	925000	26151.07384943962
370	-46.3	-46.3	-35.100002	-13.544197	17.47972	10.830216	-81.85428	-13.544538	0.5	927500	26219.103042125702
371	-46.4	-46.4	-39.100002	-13.595694	17.493666	9.124853	-68.284035	-13.595921	0.4	930000	26288.203003406525
372	-44.5	-44.5	-44.0	-13.575527	17.474728	20.586882	-67.983116	-13.576513	0.1	932500	26355.77548456192
373	-43.12	-43.12	-42.0	-13.512734	17.414566	10.738251	-72.44308	-13.514153	0.2	935000	26426.74157834053
374	-47.48	-47.48	-29.2	-13.610244	17.427282	8.726551	-72.08725	-13.608913	0.7	937500	26495.307928800583
375	-46.2	-46.2	-37.3	-13.423434	17.278196	10.037255	-64.26899	-13.421638	0.5	940000	26564.160241365433
376	-44.58	-44.58	-45.0	-13.368806	17.199728	11.159856	-75.046295	-13.368762	0.1	942500	26633.368427991867
377	-46.18	-46.18	-38.100002	-13.283322	17.052307	6.4829435	-79.681885	-13.283917	0.2	945000	26703.533221960068
378	-45.24	-45.24	-38.399998	-13.218781	16.969742	6.8507385	-77.52085	-13.218421	0.3	947500	26774.01340532303
379	-41.98	-41.98	-37.600002	-13.14885	16.91902	13.966324	-77.28648	-13.148055	0.4	950000	26843.04439020157
380	-47.04	-47.04	-42.5	-13.246421	17.010386	9.069079	-66.22005	-13.248571	0.2	952500	26911.507127523422
381	-46.04	-46.04	-38.600002	-13.284386	17.087399	7.4040456	-67.823135	-13.283679	0.4	955000	26981.313606262207
382	-45.74	-45.74	-41.0	-13.432425	17.238684	10.984873	-91.35188	-13.433058	0.2	957500	27049.644844055176
383	-45.9	-45.9	-42.100002	-13.485869	17.2866	16.096924	-77.55838	-13.484457	0.1	960000	27118.941459178925
384	-46.92	-46.92	-41.8	-13.5711775	17.362068	10.664786	-69.458206	-13.575666	0.3	962500	27185.649213075638
385	-45.4	-45.4	-43.3	-13.595265	17.417583	12.684983	-71.73998	-13.595186	0.3	965000	27254.89359498024
386	-44.06	-44.06	-41.8	-13.543922	17.391508	16.060032	-64.64201	-13.544814	0.1	967500	27322.49405646324
387	-45.18	-45.18	-49.7	-13.618128	17.474764	9.43443	-77.40551	-13.616054	0.1	970000	27391.71266937256
388	-45.48	-45.48	-31.9	-13.557011	17.451149	14.242477	-76.5187	-13.557202	0.3	972500	27462.456303358078
389	-45.98	-45.98	-45.899998	-13.535514	17.443829	10.366302	-77.28589	-13.536688	0.2	975000	27532.132787942886
390	-46.2	-46.2	-46.100002	-13.545362	17.4266	14.430482	-66.18194	-13.545483	0.2	977500	27603.87127971649
391	-44.26	-44.26	-42.899998	-13.605347	17.434673	7.684372	-75.50624	-13.605674	0.3	980000	27672.027022838593
392	-45.32	-45.32	-38.899998	-13.599649	17.452137	9.255984	-74.02744	-13.5984955	0.3	982500	27741.056185483932
393	-45.44	-45.44	-44.5	-13.54359	17.412357	6.666772	-65.63799	-13.545936	0.0	985000	27808.663865804672
394	-45.76	-45.76	-44.600002	-13.580265	17.468758	5.4956903	-67.39398	-13.579084	0.2	987500	27876.905339956284
395	-45.94	-45.94	-41.399998	-13.516021	17.407547	7.356429	-71.6231	-13.515319	0.3	990000	27947.243102312088
396	-45.36	-45.36	-45.600002	-13.6047	17.467096	10.368684	-71.86458	-13.604248	0.2	992500	28015.945239305496
397	-47.4	-47.4	-44.7	-13.619977	17.456491	40.801525	-66.55353	-13.616212	0.1	995000	28086.13237142563
398	-46.38	-46.38	-36.2	-13.548114	17.450026	9.428105	-78.43692	-13.545243	0.5	997500	28155.0915517807
399	-47.08	-47.08	-44.2	-13.595629	17.45135	9.396544	-69.66949	-13.595599	0.2	1000000	28225.78674030304
400	-46.22	-46.22	-37.2	-13.526318	17.417637	18.693382	-87.57864	-13.526069	0.3	1002500	28298.824748039246
401	-47.78	-47.78	-37.100002	-13.531897	17.408424	32.532852	-64.21657	-13.533292	0.6	1005000	28370.532649040222
402	-44.74	-44.74	-49.5	-13.49272	17.339699	10.376372	-70.096306	-13.492256	0.0	1007500	28442.78862118721
403	-46.98	-46.98	-42.100002	-13.385066	17.238647	14.466336	-72.87691	-13.384829	0.2	1010000	28512.569468021393
404	-45.42	-45.42	-39.899998	-13.409743	17.251148	10.008829	-72.99248	-13.410285	0.5	1012500	28584.46743106842
405	-47.58	-47.58	-34.7	-13.475291	17.308723	6.3618298	-77.095	-13.474644	0.3	1015000	28657.05189847946
406	-47.14	-47.14	-43.899998	-13.523236	17.40706	10.581274	-77.46387	-13.527124	0.1	1017500	28727.116995334625
407	-45.36	-45.36	-42.5	-13.616887	17.474728	11.706958	-66.25391	-13.613877	0.3	1020000	28799.55734014511
408	-45.06	-45.06	-42.399998	-13.57425	17.504831	18.825502	-73.96724	-13.576759	0.3	1022500	28871.32119178772
409	-46.02	-46.02	-35.5	-13.601171	17.532516	8.809958	-78.512085	-13.604564	0.3	1025000	28942.884273052216
410	-45.34	-45.34	-43.100002	-13.600917	17.542423	6.2086124	-72.407326	-13.599176	0.1	1027500	29012.040862321854
411	-46.36	-46.36	-38.899998	-13.674066	17.589642	12.572684	-74.44782	-13.673349	0.3	1030000	29083.67825293541
412	-46.6	-46.6	-41.0	-13.663749	17.569988	9.551917	-77.79256	-13.664442	0.2	1032500	29155.19050836563
413	-47.82	-47.82	-46.399998	-13.605222	17.56427	13.548011	-70.44282	-13.603649	0.0	1035000	29226.231053352356
414	-47.02	-47.02	-42.3	-13.656613	17.587654	22.377518	-69.65036	-13.6548605	0.2	1037500	29299.811563253403
415	-44.54	-44.54	-42.600002	-13.681107	17.601446	14.346578	-73.784836	-13.682329	0.0	1040000	29372.58829832077
416	-46.64	-46.64	-43.600002	-13.641055	17.598795	14.672004	-70.57487	-13.639216	0.1	1042500	29444.961364507675
417	-46.7	-46.7	-42.100002	-13.612378	17.573526	9.779276	-75.48834	-13.6139555	0.2	1045000	29516.590777397156
418	-46.72	-46.72	-40.5	-13.676443	17.627594	12.856405	-71.07933	-13.675394	0.3	1047500	29587.780203819275
419	-45.56	-45.56	-36.8	-13.668693	17.646055	13.725216	-86.67314	-13.670635	0.1	1050000	29658.829270601273
420	-44.82	-44.82	-40.5	-13.739675	17.701597	5.7488356	-76.276215	-13.740085	0.4	1052500	29730.291994333267
421	-47.24	-47.24	-43.2	-13.696427	17.681488	12.1062975	-65.7587	-13.696776	0.2	1055000	29801.356477975845
422	-47.06	-47.06	-33.8	-13.58887	17.598728	6.7743397	-80.99194	-13.589924	0.6	1057500	29872.53800678253
423	-46.46	-46.46	-42.0	-13.634194	17.62278	12.048505	-76.05464	-13.631862	0.2	1060000	29944.030690193176
424	-46.7	-46.7	-39.399998	-13.630438	17.632607	6.187001	-69.44393	-13.629748	0.3	1062500	30016.31496310234
425	-44.14	-44.14	-42.100002	-13.470968	17.509287	5.769496	-71.28011	-13.473525	0.2	1065000	30088.687489509583
426	-46.22	-46.22	-41.8	-13.489072	17.493572	30.146034	-65.6227	-13.49066	0.3	1067500	30161.447669029236
427	-43.96	-43.96	-42.5	-13.547564	17.522879	12.251684	-68.89456	-13.54919	0.3	1070000	30234.018049955368
428	-44.94	-44.94	-41.5	-13.540354	17.528275	23.037498	-69.29099	-13.538982	0.2	1072500	30306.776479959488
429	-43.2	-43.2	-46.6	-13.496973	17.47452	8.385811	-70.4406	-13.497686	0.1	1075000	30378.50717639923
430	-43.6	-43.6	-39.7	-13.63054	17.57853	11.076484	-83.50559	-13.628937	0.3	1077500	30449.940497159958
431	-45.68	-45.68	-38.100002	-13.522834	17.519753	19.730434	-74.4895	-13.52272	0.4	1080000	30518.965675115585
432	-45.02	-45.02	-44.600002	-13.518685	17.526941	9.775791	-72.53972	-13.517016	0.2	1082500	30589.17908191681
433	-47.92	-47.92	-47.1	-13.545325	17.508844	11.54467	-67.214	-13.546111	0.1	1085000	30661.355144262314
434	-47.7	-47.7	-41.100002	-13.461651	17.476328	10.518675	-67.14269	-13.460686	0.2	1087500	30732.648191690445
435	-45.74	-45.74	-41.899998	-13.416123	17.394678	17.969063	-67.160545	-13.415345	0.2	1090000	30805.130129098892
436	-46.34	-46.34	-45.5	-13.310019	17.296103	12.784659	-78.34517	-13.309335	0.2	1092500	30877.510705947876
437	-43.78	-43.78	-44.8	-13.360105	17.277422	6.6541824	-67.752625	-13.360119	0.1	1095000	30947.857540607452
438	-47.16	-47.16	-39.2	-13.076224	16.851387	10.165471	-71.38898	-13.075164	0.4	1097500	31020.34335422516
439	-47.9	-47.9	-45.399998	-12.51505	16.089516	9.60538	-61.674072	-12.515554	0.0	1100000	31091.52576136589
440	-46.2	-46.2	-44.5	-12.083626	15.50173	5.246111	-69.892296	-12.086188	0.1	1102500	31163.779896259308
441	-46.98	-46.98	-41.8	-12.074092	15.475269	5.429446	-73.529564	-12.076197	0.0	1105000	31236.180309057236
442	-45.44	-45.44	-43.399998	-12.420893	15.899327	23.146694	-83.1736	-12.422235	0.2	1107500	31307.218559980392
443	-45.3	-45.3	-33.100002	-12.697756	16.3018	4.5243254	-62.0574	-12.698395	0.6	1110000	31378.891678333282
444	-45.48	-45.48	-42.2	-13.003418	16.698927	17.019974	-62.026535	-13.005104	0.2	1112500	31449.849642276764
445	-45.26	-45.26	-42.3	-13.233277	17.007038	17.779854	-68.700676	-13.233602	0.1	1115000	31519.91039943695
446	-45.98	-45.98	-34.3	-13.354936	17.193073	7.659484	-66.27258	-13.354278	0.5	1117500	31591.786389112473
447	-44.78	-44.78	-34.8	-13.360696	17.285816	9.479384	-66.04564	-13.360825	0.4	1120000	31661.775534152985
448	-45.22	-45.22	-42.100002	-13.483585	17.419744	10.755182	-75.0702	-13.4845295	0.3	1122500	31730.88637280464
449	-44.64	-44.64	-40.3	-13.497779	17.439789	7.775297	-74.08219	-13.498989	0.4	1125000	31799.93821001053
450	-45.9	-45.9	-38.8	-13.474176	17.450434	12.374705	-63.623245	-13.4739685	0.3	1127500	31867.909371852875
451	-46.82	-46.82	-35.3	-13.512434	17.506557	19.282259	-66.410446	-13.511194	0.6	1130000	31935.58399629593
452	-45.84	-45.84	-37.899998	-13.550704	17.552975	14.074626	-75.349785	-13.550781	0.1	1132500	32002.99291396141
453	-45.86	-45.86	-37.5	-13.52027	17.59255	13.836505	-67.746376	-13.520872	0.4	1135000	32071.04928135872
454	-46.52	-46.52	-43.600002	-13.636031	17.683083	5.582308	-80.18789	-13.635105	0.1	1137500	32140.575620651245
455	-45.66	-45.66	-44.5	-13.649973	17.694092	14.458671	-71.991264	-13.651446	0.0	1140000	32206.962201356888
456	-44.4	-44.4	-40.100002	-13.628335	17.70529	7.9749765	-67.67232	-13.627408	0.4	1142500	32275.95529270172
457	-47.08	-47.08	-37.8	-13.619913	17.679977	13.255244	-64.10233	-13.621417	0.4	1145000	32342.948348760605
458	-46.42	-46.42	-39.5	-13.491358	17.62323	4.3216753	-83.06585	-13.491378	0.3	1147500	32410.355209827423
459	-45.68	-45.68	-44.7	-13.497349	17.640728	12.178996	-71.619774	-13.497646	0.2	1150000	32480.00582766533
460	-46.62	-46.62	-41.0	-13.577472	17.676828	22.293926	-69.231346	-13.577978	0.4	1152500	32547.036704540253
461	-44.52	-44.52	-39.899998	-13.466015	17.58422	11.997811	-68.22957	-13.465847	0.4	1155000	32616.107298851013
462	-44.74	-44.74	-40.600002	-13.514987	17.65594	15.014257	-69.217285	-13.51837	0.5	1157500	32683.81333398819
463	-48.0	-48.0	-43.3	-13.546587	17.697699	45.285294	-76.57893	-13.546421	0.1	1160000	32750.845153331757
464	-45.4	-45.4	-32.0	-13.57907	17.70417	10.259728	-68.50053	-13.579594	0.6	1162500	32819.2831158638
465	-46.6	-46.6	-39.0	-13.549293	17.717262	38.65598	-70.14958	-13.547846	0.3	1165000	32886.4745862484
466	-44.24	-44.24	-41.399998	-13.514842	17.684261	10.144251	-74.02255	-13.511553	0.1	1167500	32954.25142979622
467	-46.14	-46.14	-40.8	-13.514462	17.68683	29.18945	-66.55141	-13.513495	0.4	1170000	33021.13471078873
468	-45.0	-45.0	-38.600002	-13.565258	17.714537	26.905956	-71.40145	-13.564958	0.2	1172500	33088.93062925339
469	-44.5	-44.5	-36.100002	-13.535636	17.721365	7.877324	-68.87193	-13.536	0.5	1175000	33157.978982687
470	-45.48	-45.48	-46.9	-13.548182	17.703995	19.092482	-66.43799	-13.551831	0.2	1177500	33224.414595127106
471	-45.62	-45.62	-40.0	-13.643918	17.771574	15.161252	-68.22253	-13.643999	0.2	1180000	33290.03853702545
472	-45.38	-45.38	-44.3	-13.554017	17.757349	10.325028	-64.43642	-13.551852	0.1	1182500	33358.315380096436
473	-46.96	-46.96	-35.399998	-13.576775	17.779041	11.024567	-65.35798	-13.577198	0.5	1185000	33424.10771179199
474	-43.88	-43.88	-43.399998	-13.556238	17.75859	18.666801	-73.80253	-13.554828	0.1	1187500	33492.03188967705
475	-46.0	-46.0	-43.399998	-13.451609	17.729376	10.976158	-66.72547	-13.452377	0.2	1190000	33560.01197433472
476	-44.52	-44.52	-31.2	-13.519884	17.759312	6.4422216	-62.547325	-13.51929	0.3	1192500	33626.18965768814
477	-48.24	-48.24	-40.2	-13.522346	17.740845	8.480777	-73.46092	-13.522686	0.1	1195000	33694.151773929596
478	-47.3	-47.3	-41.3	-13.517862	17.774439	3.3807535	-67.9679	-13.516799	0.3	1197500	33761.273095846176
479	-46.28	-46.28	-39.5	-13.434805	17.716604	11.857865	-67.28605	-13.433637	0.4	1200000	33828.63368558884
480	-46.44	-46.44	-39.2	-13.434737	17.721853	11.620152	-65.77738	-13.435578	0.4	1202500	33891.77947425842
481	-47.14	-47.14	-43.0	-13.508274	17.785868	11.490443	-72.498505	-13.506892	0.2	1205000	33955.49193286896
482	-46.02	-46.02	-46.399998	-13.472824	17.753223	40.49116	-71.06255	-13.470312	0.1	1207500	34020.175070524216
483	-45.84	-45.84	-45.5	-13.532834	17.784164	11.638501	-69.16642	-13.533145	0.1	1210000	34084.10218834877
484	-45.16	-45.16	-43.8	-13.411801	17.725199	7.522027	-67.27889	-13.410876	0.1	1212500	34149.32262635231
485	-45.72	-45.72	-46.100002	-13.478775	17.754831	17.211397	-71.85178	-13.478343	0.1	1215000	34213.647958278656
486	-44.4	-44.4	-49.3	-13.556895	17.79719	30.04945	-60.059742	-13.555671	0.1	1217500	34277.89631485939
487	-46.1	-46.1	-39.899998	-13.48944	17.753275	8.640667	-65.06749	-13.492367	0.1	1220000	34345.16227602959
488	-46.54	-46.54	-47.9	-13.552442	17.817352	12.491714	-67.98662	-13.551577	0.1	1222500	34409.56370472908
489	-46.02	-46.02	-40.8	-13.562896	17.826565	7.057411	-65.83635	-13.56428	0.4	1225000	34468.790323257446
490	-46.64	-46.64	-39.8	-13.596844	17.844246	10.673531	-67.46883	-13.595539	0.2	1227500	34528.024775743484
491	-45.16	-45.16	-37.899998	-13.618987	17.854696	36.654423	-67.04953	-13.61723	0.4	1230000	34585.469896793365
492	-43.5	-43.5	-48.6	-13.565316	17.824457	14.659833	-69.41269	-13.566363	0.0	1232500	34643.263211250305
493	-43.36	-43.36	-39.399998	-13.572602	17.848837	18.815979	-67.28202	-13.569648	0.2	1235000	34702.138276576996
494	-46.14	-46.14	-38.600002	-13.601219	17.885191	31.550276	-68.02077	-13.599435	0.2	1237500	34759.70001935959
495	-45.42	-45.42	-34.8	-13.65032	17.897192	6.8372374	-61.99943	-13.651446	0.3	1240000	34818.29032826424
496	-46.54	-46.54	-41.0	-13.588984	17.873238	12.081462	-65.44933	-13.589063	0.3	1242500	34875.20462965965
497	-46.94	-46.94	-39.7	-13.55505	17.857294	11.135383	-72.921844	-13.556055	0.4	1245000	34931.247410297394
498	-44.66	-44.66	-42.8	-13.545848	17.829592	10.122493	-69.19499	-13.546363	0.3	1247500	34987.935249090195
499	-45.46	-45.46	-33.2	-13.494541	17.79848	12.805728	-62.19662	-13.495662	0.4	1250000	35042.96369051933
