Epoch	EpRet	EpRealRet	TestEpRet	AverageQ1	StdQ1	MaxQ1	MinQ1	Q2	TestSuccess	TotalEnvInteracts	TotalTime
0	-44.66	-44.66	-50.0	-1.6573253	2.710688	1.0299188	-20.006758	nan	0.0	2500	47.33611011505127
1	-49.0	-49.0	-45.0	-2.765928	5.5977707	0.6837529	-37.759632	nan	0.1	5000	114.03124284744263
2	-46.04	-46.04	-50.0	-3.846299	8.291329	0.7460324	-38.01506	nan	0.0	7500	178.44861960411072
3	-45.5	-45.5	-50.0	-4.7579155	10.454585	0.68157625	-43.733715	nan	0.0	10000	241.33901286125183
4	-46.0	-46.0	-50.0	-5.4104657	11.900462	1.0436156	-53.297062	nan	0.0	12500	303.80775213241577
5	-46.0	-46.0	-45.0	-5.5428743	12.28828	1.5318979	-70.99032	nan	0.1	15000	366.95111083984375
6	-48.0	-48.0	-45.0	-5.4718	12.091342	1.6922872	-55.260323	nan	0.1	17500	429.6234302520752
7	-48.0	-48.0	-45.0	-5.7662506	12.635558	2.9232097	-57.289467	nan	0.1	20000	491.1419107913971
8	-44.0	-44.0	-35.0	-5.754637	12.725596	3.1865938	-62.871754	nan	0.3	22500	551.4283719062805
9	-47.0	-47.0	-50.0	-5.7044563	12.673147	2.5380893	-57.100876	nan	0.0	25000	612.1548738479614
10	-48.0	-48.0	-39.8	-6.0068717	13.192603	3.5745986	-55.1097	nan	0.2	27500	673.3367409706116
11	-48.0	-48.0	-50.0	-6.0989695	13.462142	2.3450356	-53.750484	nan	0.0	30000	735.2022747993469
12	-46.94	-46.94	-45.0	-6.2440233	13.725915	2.6976147	-54.31347	nan	0.1	32500	797.218398809433
13	-49.0	-49.0	-50.0	-6.3299975	13.860193	2.844717	-55.197823	nan	0.0	35000	859.5723764896393
14	-47.6	-47.6	-50.0	-6.463535	14.096271	2.8813744	-56.877823	nan	0.0	37500	920.4220130443573
15	-47.6	-47.6	-40.0	-6.6237984	14.400146	2.5140452	-55.200912	nan	0.2	40000	982.4326515197754
16	-48.0	-48.0	-50.0	-6.640849	14.369724	4.6387444	-66.346596	nan	0.0	42500	1045.6921577453613
17	-47.0	-47.0	-45.0	-6.105345	13.23395	4.0787945	-57.79712	nan	0.1	45000	1109.0938458442688
18	-46.0	-46.0	-45.0	-5.540354	12.098846	3.113165	-62.61666	nan	0.1	47500	1171.8787441253662
19	-45.86	-45.86	-50.0	-5.7256517	12.381715	3.3647017	-57.66952	nan	0.0	50000	1233.856034040451
20	-47.0	-47.0	-45.0	-6.210826	13.294163	3.45675	-60.497242	nan	0.1	52500	1293.953851699829
21	-47.0	-47.0	-50.0	-6.5567546	14.019604	3.0794952	-57.93749	nan	0.0	55000	1356.5203940868378
22	-47.08	-47.08	-50.0	-6.6314077	14.266749	3.0145202	-60.796017	nan	0.0	57500	1418.6210844516754
23	-45.28	-45.28	-45.0	-6.477571	14.00086	7.440028	-66.45446	nan	0.1	60000	1480.0109980106354
24	-47.0	-47.0	-50.0	-6.1211996	13.273255	3.4287643	-57.632534	nan	0.0	62500	1542.1922941207886
25	-49.76	-49.76	-50.0	-5.904459	12.7680435	4.3015623	-63.671455	nan	0.0	65000	1603.795783996582
26	-49.0	-49.0	-45.0	-6.083141	13.03204	8.211474	-58.364876	nan	0.1	67500	1665.3844752311707
27	-49.0	-49.0	-50.0	-6.4091105	13.633978	6.5429926	-59.229454	nan	0.0	70000	1727.732233285904
28	-47.0	-47.0	-50.0	-6.7496414	14.226243	5.6891537	-60.013504	nan	0.0	72500	1788.6614525318146
29	-49.0	-49.0	-50.0	-6.8676496	14.520401	3.8562536	-63.731464	nan	0.0	75000	1851.1630647182465
30	-47.0	-47.0	-50.0	-6.851756	14.535426	4.975973	-62.225605	nan	0.0	77500	1913.1123716831207
31	-46.34	-46.34	-50.0	-6.75607	14.315461	8.294812	-58.904423	nan	0.0	80000	1975.5034182071686
32	-45.0	-45.0	-50.0	-6.8224325	14.42347	5.0032735	-58.79153	nan	0.0	82500	2037.5468397140503
33	-49.0	-49.0	-45.0	-6.948764	14.684743	5.0960546	-55.412327	nan	0.1	85000	2098.6523077487946
34	-44.9	-44.9	-45.0	-6.9852386	14.827595	6.609778	-58.779087	nan	0.1	87500	2159.8939175605774
35	-50.0	-50.0	-50.0	-7.071717	15.011157	3.01441	-60.99482	nan	0.0	90000	2221.530561685562
36	-48.28	-48.28	-50.0	-7.1813903	15.1688	4.309245	-58.113	nan	0.0	92500	2283.1869168281555
37	-44.0	-44.0	-50.0	-7.1347837	15.101391	4.895992	-59.176636	nan	0.0	95000	2343.8774678707123
38	-48.0	-48.0	-50.0	-7.116361	15.0405855	5.485504	-56.98855	nan	0.0	97500	2406.2589826583862
39	-45.54	-45.54	-50.0	-7.2978477	15.327194	4.661363	-68.7504	nan	0.0	100000	2467.9146127700806
40	-41.08	-41.08	-50.0	-7.3253055	15.465599	7.8486543	-62.142143	nan	0.0	102500	2528.4967856407166
41	-48.0	-48.0	-50.0	-7.291229	15.387598	4.61972	-55.243572	nan	0.0	105000	2589.5871272087097
42	-49.0	-49.0	-50.0	-7.1733904	15.124156	7.7811174	-58.295742	nan	0.0	107500	2650.827045917511
43	-47.86	-47.86	-45.0	-7.2397547	15.267596	3.8288248	-64.71638	nan	0.1	110000	2712.0894989967346
44	-46.0	-46.0	-50.0	-7.3759365	15.453941	2.765041	-54.956787	nan	0.0	112500	2772.476935863495
45	-48.78	-48.78	-45.0	-7.317987	15.389586	3.1235309	-57.06923	nan	0.1	115000	2834.4435453414917
46	-45.6	-45.6	-40.0	-7.190261	15.2043495	3.485219	-57.910183	nan	0.2	117500	2896.403746366501
47	-42.0	-42.0	-45.0	-7.1878037	15.173067	3.6592581	-62.472794	nan	0.1	120000	2957.2544457912445
48	-47.0	-47.0	-50.0	-7.1140757	15.04708	4.534668	-66.434494	nan	0.0	122500	3018.5352466106415
49	-44.28	-44.28	-45.0	-7.0989532	14.942095	6.302116	-57.629837	nan	0.1	125000	3079.004311323166
50	-43.5	-43.5	-50.0	-6.8990417	14.620149	7.305668	-59.565998	nan	0.0	127500	3138.997524499893
51	-49.74	-49.74	-45.0	-6.313449	13.692868	5.9817767	-56.603077	nan	0.1	130000	3199.398145675659
52	-46.82	-46.82	-45.0	-5.870727	12.8109865	4.123136	-56.41072	nan	0.1	132500	3259.736287355423
53	-48.0	-48.0	-50.0	-5.66398	12.2485	3.2490826	-55.80711	nan	0.0	135000	3320.192376613617
54	-47.0	-47.0	-45.0	-5.9082084	12.574848	4.2387757	-59.285378	nan	0.1	137500	3380.903243303299
55	-46.0	-46.0	-50.0	-6.121857	12.896401	5.3849406	-55.06056	nan	0.0	140000	3441.0201485157013
56	-47.0	-47.0	-50.0	-6.197585	13.043314	7.640289	-57.060444	nan	0.0	142500	3501.423974752426
57	-47.0	-47.0	-45.0	-6.349879	13.382659	3.7090364	-62.12846	nan	0.1	145000	3562.053667783737
58	-46.0	-46.0	-50.0	-6.3004794	13.360576	5.547722	-57.37994	nan	0.0	147500	3622.353679418564
59	-46.3	-46.3	-40.0	-6.13526	13.142068	8.86016	-56.38161	nan	0.2	150000	3683.4991278648376
60	-47.0	-47.0	-50.0	-6.047734	12.990505	5.215473	-55.623917	nan	0.0	152500	3744.9803326129913
61	-48.0	-48.0	-50.0	-6.2617106	13.244603	6.6048384	-58.52365	nan	0.0	155000	3805.8472139835358
62	-43.88	-43.88	-45.0	-6.488032	13.737929	4.305445	-57.16617	nan	0.1	157500	3866.5856800079346
63	-47.0	-47.0	-45.0	-6.7749867	14.257447	6.881637	-60.52705	nan	0.1	160000	3927.017378091812
64	-47.0	-47.0	-50.0	-6.818648	14.399588	9.2478	-56.048798	nan	0.0	162500	3988.07292509079
65	-49.0	-49.0	-45.0	-6.71684	14.228644	5.2216926	-55.874607	nan	0.1	165000	4049.9756944179535
66	-46.0	-46.0	-45.0	-6.6221657	14.073431	7.3497844	-59.856983	nan	0.1	167500	4111.498553276062
67	-49.0	-49.0	-45.0	-6.6119704	13.996281	4.2360106	-61.17933	nan	0.1	170000	4172.668361186981
68	-48.0	-48.0	-50.0	-6.6061363	13.975361	5.20697	-57.87271	nan	0.0	172500	4234.157501220703
69	-46.0	-46.0	-40.0	-6.6024194	14.032632	4.1446695	-55.88751	nan	0.2	175000	4295.814938545227
70	-45.72	-45.72	-35.0	-6.5499773	13.985462	6.586345	-59.229515	nan	0.3	177500	4356.740933418274
71	-43.22	-43.22	-50.0	-6.498978	13.944039	9.600583	-57.5653	nan	0.0	180000	4418.078620672226
72	-46.74	-46.74	-50.0	-6.4740105	13.919271	5.58254	-56.31165	nan	0.0	182500	4479.566035747528
73	-47.0	-47.0	-45.0	-6.6240287	14.137423	5.857054	-54.413322	nan	0.1	185000	4539.716578722
74	-49.98	-49.98	-50.0	-6.7073226	14.205961	10.779874	-55.472134	nan	0.0	187500	4602.153077125549
75	-42.04	-42.04	-50.0	-6.739275	14.246009	7.323568	-56.813744	nan	0.0	190000	4663.233223199844
76	-43.92	-43.92	-45.0	-6.764766	14.296054	15.899672	-57.474495	nan	0.1	192500	4724.208263158798
77	-47.0	-47.0	-50.0	-6.6782293	14.151672	17.023302	-56.800114	nan	0.0	195000	4785.4115788936615
78	-46.88	-46.88	-50.0	-6.5269785	13.839696	4.4310927	-58.13354	nan	0.0	197500	4848.561594486237
79	-48.06	-48.06	-50.0	-6.2455378	13.3804455	6.9049425	-57.297554	nan	0.0	200000	4910.441312789917
80	-48.42	-48.42	-45.0	-6.1001945	13.058282	4.2161555	-57.14824	nan	0.1	202500	4971.923757076263
81	-47.5	-47.5	-40.0	-6.1943316	13.206498	4.242959	-59.1328	nan	0.2	205000	5033.44824051857
82	-44.64	-44.64	-45.2	-6.272707	13.353175	4.3790116	-58.678364	nan	0.1	207500	5094.272232294083
83	-48.0	-48.0	-50.0	-6.0965867	13.009864	12.173612	-63.043945	nan	0.0	210000	5154.284615278244
84	-45.56	-45.56	-45.0	-5.9817944	12.723591	4.5881515	-70.32537	nan	0.1	212500	5216.162405490875
85	-45.0	-45.0	-48.7	-5.684484	12.013949	5.3741126	-55.878967	nan	0.0	215000	5277.70734834671
86	-47.0	-47.0	-45.0	-5.20902	11.06292	4.889667	-55.964874	nan	0.1	217500	5338.957416772842
87	-47.74	-47.74	-50.0	-5.152765	10.963752	11.4836855	-55.360825	nan	0.0	220000	5400.110990047455
88	-47.0	-47.0	-50.0	-5.427876	11.419774	2.707247	-60.271656	nan	0.0	222500	5461.549478530884
89	-46.0	-46.0	-45.7	-5.4282722	11.412483	2.6714537	-57.538963	nan	0.1	225000	5522.803504228592
90	-46.18	-46.18	-45.0	-5.5168276	11.515179	1.6033957	-57.44302	nan	0.1	227500	5583.290230512619
91	-48.0	-48.0	-40.399998	-5.7379107	12.026319	1.5546589	-57.561928	nan	0.2	230000	5644.064990997314
92	-49.0	-49.0	-45.0	-5.8042135	12.30055	2.416282	-70.354866	nan	0.1	232500	5705.114043474197
93	-47.2	-47.2	-45.0	-5.839441	12.445978	2.0794046	-66.78352	nan	0.1	235000	5765.434525966644
94	-44.16	-44.16	-40.0	-5.799365	12.317572	1.6056765	-58.761158	nan	0.2	237500	5825.913815975189
95	-43.16	-43.16	-50.0	-5.538801	11.839244	2.0232596	-57.272408	nan	0.0	240000	5886.935974121094
96	-46.84	-46.84	-50.0	-5.298388	11.444985	2.9545352	-63.583874	nan	0.0	242500	5947.086785078049
97	-46.44	-46.44	-40.0	-5.237938	11.335151	3.465826	-56.831047	nan	0.2	245000	6007.86353468895
98	-47.42	-47.42	-45.0	-5.204651	11.269072	4.80278	-57.141895	nan	0.1	247500	6067.884868860245
99	-46.14	-46.14	-47.1	-5.2285075	11.330633	4.90147	-58.534187	nan	0.1	250000	6129.37203836441
100	-47.0	-47.0	-45.0	-5.2090225	11.183747	3.7027512	-66.99487	nan	0.1	252500	6189.285699605942
101	-45.3	-45.3	-45.0	-5.4819813	11.622737	2.895709	-56.567158	nan	0.1	255000	6250.744160413742
102	-49.0	-49.0	-50.0	-5.602162	11.7973585	2.1429558	-57.242138	nan	0.0	257500	6313.19682765007
103	-43.98	-43.98	-45.0	-5.4598794	11.543256	1.8048825	-58.690464	nan	0.1	260000	6373.820727348328
104	-46.0	-46.0	-50.0	-4.978204	10.5753765	10.591215	-57.845245	nan	0.0	262500	6435.034172773361
105	-48.0	-48.0	-40.0	-4.3428164	9.2046	11.872344	-55.056404	nan	0.2	265000	6496.463576555252
106	-46.64	-46.64	-35.0	-4.012666	8.513442	1.8463166	-55.202854	nan	0.3	267500	6558.029474020004
107	-46.3	-46.3	-50.0	-4.3991446	9.221105	2.3680556	-57.264595	nan	0.0	270000	6619.3940987586975
108	-49.0	-49.0	-40.0	-4.8053236	10.090285	1.3985325	-56.788395	nan	0.2	272500	6680.884770393372
109	-47.8	-47.8	-45.0	-4.9820905	10.61429	0.9678791	-55.73582	nan	0.1	275000	6741.398165225983
110	-48.94	-48.94	-35.0	-4.888473	10.587828	1.1625854	-55.489162	nan	0.3	277500	6803.314574241638
111	-46.44	-46.44	-50.0	-4.770912	10.359162	3.5645695	-56.58576	nan	0.0	280000	6864.454243183136
112	-46.0	-46.0	-50.0	-4.6086493	9.922832	4.1343436	-55.236847	nan	0.0	282500	6926.615190029144
113	-44.44	-44.44	-45.0	-4.7852755	10.143534	3.5423026	-67.6246	nan	0.1	285000	6988.81513094902
114	-47.0	-47.0	-45.0	-5.1497483	10.8318615	2.0046813	-65.71174	nan	0.1	287500	7051.057062149048
115	-46.0	-46.0	-50.0	-5.526775	11.581297	2.3788216	-60.498154	nan	0.0	290000	7112.437790393829
116	-43.48	-43.48	-45.0	-5.743808	12.024137	1.9351994	-59.16202	nan	0.1	292500	7173.66517496109
117	-45.54	-45.54	-50.0	-5.8253617	12.229809	1.3773669	-58.254463	nan	0.0	295000	7235.541803598404
118	-46.72	-46.72	-45.0	-5.857332	12.283539	2.8822389	-62.866974	nan	0.1	297500	7296.387713670731
119	-46.0	-46.0	-40.0	-5.697116	12.030747	2.8157856	-57.492523	nan	0.2	300000	7358.126394748688
120	-43.54	-43.54	-45.0	-5.50192	11.64668	2.0313678	-55.006218	nan	0.1	302500	7418.855980634689
121	-47.82	-47.82	-45.8	-5.152695	11.01591	1.9793105	-54.154793	nan	0.1	305000	7480.449786901474
122	-46.34	-46.34	-50.0	-5.1629434	10.993139	1.3104564	-57.86997	nan	0.0	307500	7542.793879985809
123	-47.0	-47.0	-45.0	-5.525655	11.585503	1.1841029	-57.99991	nan	0.1	310000	7603.610430240631
124	-46.24	-46.24	-50.0	-5.72872	11.9546385	2.4625301	-56.153675	nan	0.0	312500	7663.480542182922
125	-43.94	-43.94	-50.0	-5.8136535	12.11053	2.009254	-55.725334	nan	0.0	315000	7722.998251199722
126	-46.5	-46.5	-41.399998	-5.6543093	11.895732	1.3682135	-57.222733	nan	0.1	317500	7784.756462335587
127	-48.22	-48.22	-42.600002	-5.553332	11.648577	2.6039226	-67.83487	nan	0.2	320000	7847.2320828437805
128	-45.0	-45.0	-45.0	-5.4411683	11.396618	2.6546865	-56.589417	nan	0.1	322500	7908.149845123291
129	-46.34	-46.34	-35.0	-5.3554034	11.263048	3.9501653	-54.781723	nan	0.3	325000	7968.952917575836
130	-45.9	-45.9	-40.0	-5.4858227	11.542479	3.230849	-56.374943	nan	0.2	327500	8030.071613073349
131	-44.06	-44.06	-45.2	-5.6240954	11.811264	3.8274336	-61.54007	nan	0.1	330000	8093.36797952652
132	-48.0	-48.0	-39.8	-5.5249267	11.664801	5.455738	-55.93115	nan	0.3	332500	8154.9561104774475
133	-46.78	-46.78	-50.0	-5.1684275	10.964323	1.8708265	-57.68405	nan	0.0	335000	8216.546325445175
134	-45.58	-45.58	-45.0	-4.976615	10.580033	3.2724388	-56.420975	nan	0.1	337500	8278.138093948364
135	-47.42	-47.42	-32.399998	-5.141712	10.827843	3.8091016	-64.58892	nan	0.4	340000	8339.921965122223
136	-46.44	-46.44	-45.0	-5.2240567	11.00783	7.2977533	-63.787933	nan	0.1	342500	8401.053093194962
137	-45.0	-45.0	-35.0	-5.316422	11.198637	2.5496929	-63.607265	nan	0.3	345000	8462.542973041534
138	-47.8	-47.8	-50.0	-5.3044877	11.26458	2.5245404	-56.066204	nan	0.0	347500	8524.808985948563
139	-48.0	-48.0	-45.0	-5.3560586	11.38614	1.1787881	-57.682392	nan	0.1	350000	8585.64057803154
140	-44.56	-44.56	-50.0	-5.43321	11.559046	1.762059	-58.45542	nan	0.0	352500	8647.54671382904
141	-45.62	-45.62	-50.0	-5.405255	11.555989	1.8314062	-55.3193	nan	0.0	355000	8711.110336780548
142	-45.2	-45.2	-50.0	-5.3974056	11.491916	0.6750381	-55.88066	nan	0.0	357500	8774.1700360775
143	-48.0	-48.0	-41.0	-5.2904453	11.256935	1.5523802	-58.365414	nan	0.2	360000	8835.724803447723
144	-44.3	-44.3	-45.100002	-5.3435197	11.308399	1.5082341	-58.89047	nan	0.1	362500	8897.839786052704
145	-47.16	-47.16	-43.5	-5.2785974	11.20316	2.8556445	-58.179974	nan	0.1	365000	8958.77665066719
146	-46.48	-46.48	-39.899998	-5.1852145	10.963882	1.6143306	-59.832184	nan	0.2	367500	9019.621983766556
147	-45.6	-45.6	-42.399998	-5.0282645	10.593074	2.0109856	-56.178898	nan	0.2	370000	9080.880078077316
148	-44.78	-44.78	-45.0	-5.1334724	10.812127	1.1240145	-56.385895	nan	0.1	372500	9142.006118774414
149	-47.56	-47.56	-50.0	-5.1295156	10.866872	1.804022	-54.82857	nan	0.0	375000	9203.140459537506
150	-47.74	-47.74	-50.0	-4.714282	10.331611	5.418554	-57.66371	nan	0.0	377500	9263.602580785751
151	-46.62	-46.62	-29.5	-4.2521133	9.5231495	1.8872986	-58.533306	nan	0.4	380000	9323.948917388916
152	-46.36	-46.36	-45.0	-3.9088707	8.550529	2.7676623	-55.777924	nan	0.1	382500	9385.169205904007
153	-45.24	-45.24	-45.0	-3.8562264	8.266987	0.71052057	-54.74224	nan	0.1	385000	9445.178743839264
154	-42.6	-42.6	-40.0	-4.132864	8.683643	2.401336	-59.47922	nan	0.2	387500	9505.005467414856
155	-47.14	-47.14	-45.600002	-4.3534718	9.183328	6.6377225	-59.83905	nan	0.1	390000	9566.802911520004
156	-46.9	-46.9	-49.9	-4.0804815	8.707966	4.5971546	-54.087593	nan	0.0	392500	9626.46119260788
157	-46.22	-46.22	-50.0	-3.6835942	7.860304	3.1723778	-55.18718	nan	0.0	395000	9687.265810012817
158	-44.18	-44.18	-40.2	-4.006802	8.370179	0.4320808	-54.9473	nan	0.2	397500	9749.15331864357
159	-43.02	-43.02	-40.0	-4.3022585	8.998195	1.0540829	-59.856846	nan	0.2	400000	9810.367757081985
160	-45.12	-45.12	-33.0	-4.525609	9.530005	2.406561	-60.355846	nan	0.4	402500	9869.912940740585
161	-44.3	-44.3	-45.100002	-4.4775486	9.457201	4.213694	-62.15742	nan	0.2	405000	9930.793151855469
162	-44.58	-44.58	-50.0	-4.2793045	8.986858	2.6640923	-63.855865	nan	0.0	407500	9990.131647348404
163	-46.36	-46.36	-41.2	-4.2432017	8.945732	0.6395611	-59.31625	nan	0.2	410000	10049.800378799438
164	-44.18	-44.18	-50.0	-4.417765	9.256966	0.58211434	-58.154377	nan	0.0	412500	10109.621114969254
165	-41.9	-41.9	-43.7	-4.4792604	9.383527	0.5726973	-57.066322	nan	0.2	415000	10168.72864484787
166	-45.54	-45.54	-41.3	-4.2725453	8.944333	0.798476	-60.24693	nan	0.2	417500	10228.565616607666
167	-44.6	-44.6	-50.0	-4.0366917	8.521269	1.790835	-54.641796	nan	0.0	420000	10288.179432630539
168	-46.0	-46.0	-41.0	-4.038614	8.539411	3.510585	-60.739216	nan	0.3	422500	10348.044234991074
169	-45.76	-45.76	-45.8	-4.250054	8.954148	3.476511	-60.95967	nan	0.1	425000	10409.129427909851
170	-47.86	-47.86	-39.899998	-4.4072247	9.315333	0.9435401	-58.91571	nan	0.3	427500	10470.503754377365
171	-43.66	-43.66	-50.0	-4.47065	9.416438	0.6680421	-55.70151	nan	0.0	430000	10530.532226085663
172	-42.04	-42.04	-39.0	-4.497981	9.406621	0.08475522	-55.365322	nan	0.3	432500	10591.061791658401
173	-39.28	-39.28	-40.899998	-4.4609776	9.325556	1.3768511	-66.23452	nan	0.2	435000	10651.528114080429
174	-42.8	-42.8	-42.2	-4.3961897	9.247978	1.8736782	-60.447845	nan	0.2	437500	10713.443060159683
175	-45.24	-45.24	-43.5	-4.4104238	9.313154	1.6168433	-56.42969	nan	0.2	440000	10772.913390159607
176	-44.3	-44.3	-45.0	-4.534082	9.56403	2.644216	-55.275635	nan	0.1	442500	10833.59735751152
177	-45.8	-45.8	-45.0	-4.56989	9.704587	0.66926533	-61.34213	nan	0.1	445000	10894.710441112518
178	-45.32	-45.32	-41.7	-4.5333114	9.614163	0.25120106	-58.335663	nan	0.2	447500	10956.198948383331
179	-42.62	-42.62	-40.0	-4.4343777	9.4211	1.8203447	-56.415737	nan	0.2	450000	11018.018286705017
180	-43.96	-43.96	-50.0	-4.3899164	9.342699	-0.08003704	-57.965733	nan	0.0	452500	11080.043532848358
181	-37.16	-37.16	-43.100002	-4.3696294	9.341664	0.26153347	-53.485447	nan	0.2	455000	11143.097391366959
182	-42.18	-42.18	-45.0	-4.34919	9.3095	0.97221357	-55.503307	nan	0.1	457500	11205.413661003113
183	-44.3	-44.3	-19.199999	-4.362098	9.322224	0.0501919	-53.823345	nan	0.7	460000	11267.236374616623
184	-41.48	-41.48	-38.399998	-4.3477497	9.29554	2.4300303	-53.4888	nan	0.3	462500	11328.150069952011
185	-41.4	-41.4	-46.7	-4.3430743	9.314528	-0.11400098	-53.23212	nan	0.2	465000	11388.092565774918
186	-39.6	-39.6	-47.4	-4.308598	9.205028	-0.11650865	-56.709435	nan	0.1	467500	11449.772410154343
187	-41.54	-41.54	-31.7	-4.250072	9.052782	-0.11495532	-53.890705	nan	0.4	470000	11511.127901792526
188	-43.64	-43.64	-43.8	-4.1976323	8.884276	-0.11187494	-55.097885	nan	0.1	472500	11571.848221302032
189	-40.56	-40.56	-49.6	-4.0599074	8.535584	-0.10901829	-56.937225	nan	0.0	475000	11633.058498620987
190	-40.04	-40.04	-41.100002	-3.8709412	8.020969	-0.11136773	-55.842014	nan	0.2	477500	11694.772394418716
191	-40.2	-40.2	-43.3	-3.7683904	7.694194	-0.10987046	-54.412327	nan	0.3	480000	11757.090985298157
192	-43.34	-43.34	-42.8	-3.6602588	7.382462	0.5407367	-57.071682	nan	0.3	482500	11820.525146722794
193	-43.88	-43.88	-40.600002	-3.6752205	7.3824153	0.3479092	-55.14403	nan	0.3	485000	11882.513725757599
194	-43.56	-43.56	-40.600002	-3.657561	7.3097606	-0.12328391	-56.42516	nan	0.3	487500	11944.773856163025
195	-39.4	-39.4	-40.5	-3.6270945	7.228781	-0.11876861	-53.13827	nan	0.3	490000	12007.396748781204
196	-37.6	-37.6	-38.100002	-3.6593294	7.2815104	0.07039291	-53.50317	nan	0.5	492500	12070.9546148777
197	-38.78	-38.78	-37.899998	-3.7089167	7.3999686	-0.12997219	-54.041473	nan	0.3	495000	12133.042493104935
198	-41.04	-41.04	-34.399998	-3.664418	7.273261	-0.13413428	-52.79084	nan	0.4	497500	12195.162672758102
199	-38.02	-38.02	-34.5	-3.583543	7.1059294	-0.13083765	-53.497005	nan	0.4	500000	12257.671828508377
200	-39.44	-39.44	-33.2	-3.5449255	6.9614654	-0.13118386	-55.57123	nan	0.4	502500	12320.282593011856
201	-36.78	-36.78	-40.899998	-3.5615673	6.976279	-0.12780347	-63.846798	nan	0.2	505000	12379.924695014954
202	-39.24	-39.24	-34.3	-3.5394208	6.869816	-0.13645487	-54.82017	nan	0.4	507500	12440.43045949936
203	-38.86	-38.86	-35.2	-3.4619768	6.703555	3.277076	-56.541485	nan	0.5	510000	12500.836306810379
204	-41.04	-41.04	-31.4	-3.412492	6.6098247	-0.13843906	-55.623924	nan	0.5	512500	12561.630523204803
205	-39.76	-39.76	-41.5	-3.393058	6.523482	-0.13454966	-52.7744	nan	0.2	515000	12622.594957113266
206	-39.0	-39.0	-27.5	-3.3722832	6.4163885	-0.14083748	-56.696987	nan	0.6	517500	12682.342428207397
207	-36.88	-36.88	-26.6	-3.3470633	6.2860627	-0.1530015	-61.253914	nan	0.5	520000	12744.06557393074
208	-37.32	-37.32	-33.399998	-3.3600967	6.2944126	-0.15230727	-55.675194	nan	0.5	522500	12806.05634713173
209	-38.56	-38.56	-34.7	-3.3250444	6.2184205	-0.15461662	-59.534336	nan	0.5	525000	12868.184849739075
210	-38.2	-38.2	-39.2	-3.3059244	6.166731	-0.15291123	-60.371773	nan	0.4	527500	12929.665956020355
211	-36.62	-36.62	-38.0	-3.2822762	6.0348587	-0.16607773	-64.20244	nan	0.3	530000	12991.427333831787
212	-39.2	-39.2	-44.3	-3.2716262	5.97183	-0.16794519	-58.83903	nan	0.2	532500	13052.427231788635
213	-35.72	-35.72	-23.8	-3.3007019	6.0023804	-0.17792334	-58.83125	nan	0.7	535000	13114.740339279175
214	-40.42	-40.42	-21.300001	-3.2356281	5.878408	3.2784038	-61.099277	nan	0.8	537500	13177.538174152374
215	-33.52	-33.52	-18.300001	-3.239647	5.841759	-0.10713016	-63.315994	nan	0.7	540000	13238.66120505333
216	-38.18	-38.18	-29.5	-3.1914983	5.7498217	-0.17563868	-68.205444	nan	0.5	542500	13300.709816932678
217	-37.24	-37.24	-27.0	-3.133643	5.6161346	0.0604129	-71.36681	nan	0.6	545000	13361.914445877075
218	-37.4	-37.4	-28.8	-3.178488	5.6600294	-0.19302112	-57.313274	nan	0.6	547500	13423.884640932083
219	-32.58	-32.58	-28.6	-3.1465285	5.5312114	-0.19325276	-63.989323	nan	0.5	550000	13485.80685544014
220	-38.0	-38.0	-33.0	-3.1277354	5.4679165	-0.20823167	-61.22671	nan	0.4	552500	13547.159320116043
221	-34.74	-34.74	-28.3	-3.1315954	5.431459	-0.20654818	-60.227085	nan	0.7	555000	13608.637384176254
222	-38.98	-38.98	-19.800001	-3.1158636	5.3934083	-0.21248455	-59.35902	nan	0.8	557500	13671.52044081688
223	-34.28	-34.28	-24.1	-3.088501	5.3089185	0.001976341	-53.63005	nan	0.6	560000	13733.302104234695
224	-31.96	-31.96	-30.6	-3.055175	5.2316904	-0.20826733	-57.85143	nan	0.5	562500	13793.559829950333
225	-36.2	-36.2	-23.3	-3.0698602	5.2577157	-0.20813113	-60.082043	nan	0.8	565000	13853.170738458633
226	-31.72	-31.72	-17.699999	-3.0582407	5.196366	-0.21042302	-63.643745	nan	0.8	567500	13914.253242015839
227	-33.32	-33.32	-16.699999	-3.0880847	5.19384	-0.22092265	-66.824554	nan	0.9	570000	13976.407040119171
228	-35.42	-35.42	-35.600002	-3.0988245	5.209126	-0.21137995	-59.684883	nan	0.5	572500	14038.316452980042
229	-35.36	-35.36	-15.6	-3.0793464	5.133746	-0.21247636	-58.374176	nan	1.0	575000	14099.478895902634
230	-28.6	-28.6	-22.199999	-3.0357444	5.017572	-0.11469411	-55.822445	nan	0.8	577500	14160.883209466934
231	-36.38	-36.38	-31.0	-3.0736852	5.083694	-0.212719	-56.23013	nan	0.7	580000	14222.126130104065
232	-32.16	-32.16	-28.6	-3.0214543	4.9646425	-0.21820633	-55.594387	nan	0.7	582500	14283.565081357956
233	-34.0	-34.0	-33.100002	-3.0369244	4.933379	-0.23156422	-56.830414	nan	0.4	585000	14343.813298225403
234	-30.66	-30.66	-27.4	-3.00898	4.8900733	-0.2252153	-54.861004	nan	0.6	587500	14404.94795370102
235	-32.88	-32.88	-28.2	-3.023024	4.852387	-0.23216721	-52.703068	nan	0.7	590000	14464.891710042953
236	-30.98	-30.98	-19.6	-3.0001602	4.8021436	-0.23578647	-55.63189	nan	1.0	592500	14525.218167304993
237	-33.2	-33.2	-11.7	-2.986675	4.7324347	-0.23776639	-53.784916	nan	1.0	595000	14586.595941781998
238	-34.22	-34.22	-39.0	-2.9876235	4.68619	-0.23301259	-56.894897	nan	0.3	597500	14647.454728364944
239	-29.54	-29.54	-10.900001	-2.9789643	4.645452	-0.23223412	-52.274925	nan	1.0	600000	14707.339022874832
240	-26.34	-26.34	-23.4	-2.9991922	4.684763	-0.22136514	-54.93258	nan	0.8	602500	14767.430983304977
241	-31.34	-31.34	-32.100002	-2.980513	4.649969	-0.22787406	-57.44528	nan	0.5	605000	14827.754716157913
242	-32.0	-32.0	-19.699999	-2.9878345	4.640226	-0.24043062	-56.179886	nan	0.8	607500	14887.761266708374
243	-30.16	-30.16	-38.0	-2.9501	4.5817924	-0.23288527	-55.080513	nan	0.4	610000	14950.329162836075
244	-31.46	-31.46	-17.0	-2.967076	4.6044135	-0.23093735	-59.35647	nan	0.9	612500	15010.98045873642
245	-31.26	-31.26	-21.300001	-2.9390845	4.562889	-0.22988805	-54.05677	nan	0.8	615000	15070.976773738861
246	-27.04	-27.04	-26.1	-2.9403694	4.511532	-0.23501337	-58.517944	nan	0.6	617500	15131.906569242477
247	-26.84	-26.84	-21.300001	-2.9388669	4.5300155	-0.23458213	-57.884315	nan	0.7	620000	15192.221121549606
248	-29.92	-29.92	-14.0	-2.9026208	4.448707	-0.23586258	-62.63457	nan	0.9	622500	15252.764276981354
249	-27.48	-27.48	-15.0	-2.9070814	4.465159	-0.23832056	-56.57634	nan	0.9	625000	15313.522155761719
250	-31.42	-31.42	-21.800001	-2.9188516	4.460608	-0.24479674	-61.69686	nan	0.8	627500	15373.806266784668
251	-32.38	-32.38	-23.7	-2.916947	4.462042	-0.23797874	-57.91491	nan	0.7	630000	15434.885288238525
252	-26.2	-26.2	-24.2	-2.9185674	4.4519925	-0.2532321	-64.35609	nan	0.6	632500	15495.850581169128
253	-28.96	-28.96	-17.9	-2.9150863	4.4267306	0.28069803	-62.099102	nan	0.8	635000	15555.679806470871
254	-29.7	-29.7	-20.4	-2.9314287	4.442119	-0.24629807	-59.316544	nan	0.8	637500	15617.044805526733
255	-29.84	-29.84	-25.5	-2.8940527	4.365038	-0.24743906	-63.87483	nan	0.7	640000	15678.053310394287
256	-27.26	-27.26	-22.9	-2.8913982	4.327266	-0.24576843	-62.03606	nan	0.7	642500	15737.794179677963
257	-26.36	-26.36	-17.0	-2.872039	4.2921624	-0.24318959	-54.13022	nan	1.0	645000	15799.331274271011
258	-28.06	-28.06	-18.6	-2.8913264	4.30639	-0.2502271	-58.52124	nan	0.9	647500	15859.403898954391
259	-29.68	-29.68	-16.699999	-2.8789866	4.3235493	-0.24458349	-58.99867	nan	1.0	650000	15920.248357534409
260	-32.36	-32.36	-26.0	-2.884295	4.314596	-0.25356165	-60.333626	nan	0.7	652500	15980.250145673752
261	-24.82	-24.82	-21.6	-2.8689616	4.311041	3.2913394	-56.531227	nan	0.7	655000	16040.415202617645
262	-28.18	-28.18	-18.1	-2.8659961	4.281071	-0.24284188	-63.568066	nan	0.8	657500	16101.801296710968
263	-26.16	-26.16	-14.6	-2.8780534	4.265819	-0.23941137	-57.453484	nan	0.9	660000	16162.905215024948
264	-28.76	-28.76	-12.7	-2.8645284	4.2365327	-0.24702543	-59.60451	nan	0.9	662500	16223.273827075958
265	-29.58	-29.58	-20.4	-2.880707	4.213473	-0.24935287	-60.447132	nan	0.9	665000	16284.215142965317
266	-28.08	-28.08	-19.300001	-2.9044416	4.2430053	-0.24668372	-59.068775	nan	0.9	667500	16344.333539962769
267	-26.1	-26.1	-19.300001	-2.895737	4.250507	-0.21676044	-66.908	nan	0.9	670000	16405.042196035385
268	-23.32	-23.32	-16.699999	-2.8655033	4.1908917	-0.23946062	-56.932957	nan	0.9	672500	16465.520133018494
269	-26.7	-26.7	-21.699999	-2.8730483	4.1787276	-0.23786359	-61.239567	nan	0.7	675000	16525.44619011879
270	-31.34	-31.34	-25.5	-2.8327987	4.106923	10.272056	-54.92046	nan	0.7	677500	16586.509570598602
271	-26.0	-26.0	-15.2	-2.8507495	4.0915647	8.40636	-52.70796	nan	1.0	680000	16647.77598953247
272	-31.52	-31.52	-17.699999	-2.8413017	4.062379	-0.24670632	-55.1219	nan	0.9	682500	16709.05140376091
273	-27.92	-27.92	-7.1	-2.8394866	4.0683184	-0.24577789	-54.383926	nan	1.0	685000	16768.770654916763
274	-32.82	-32.82	-26.3	-2.8541546	4.056446	-0.24687706	-53.32807	nan	0.7	687500	16829.760954856873
275	-29.06	-29.06	-22.1	-2.8505054	4.0373273	-0.24476127	-60.250042	nan	0.9	690000	16891.56103038788
276	-30.92	-30.92	-15.5	-2.8565383	3.9927773	1.4941407	-68.29476	nan	1.0	692500	16951.735867977142
277	-26.28	-26.28	-15.8	-2.8330383	3.9475002	-0.24176702	-49.24494	nan	1.0	695000	17012.913043498993
278	-27.56	-27.56	-26.2	-2.8429058	3.9576476	-0.24607362	-55.0472	nan	0.6	697500	17074.017180919647
279	-25.76	-25.76	-17.699999	-2.8277335	3.960612	-0.24254271	-67.59529	nan	0.9	700000	17134.6841609478
280	-26.9	-26.9	-14.7	-2.8251536	3.938649	5.1888	-49.879227	nan	1.0	702500	17194.92378640175
281	-25.02	-25.02	-15.3	-2.8255844	3.960425	0.41780406	-51.685287	nan	0.9	705000	17254.26217865944
282	-29.52	-29.52	-13.3	-2.8129375	3.9955397	-0.23107238	-59.993458	nan	1.0	707500	17314.011976480484
283	-27.14	-27.14	-22.699999	-2.793586	3.937756	-0.2368506	-51.08319	nan	0.8	710000	17374.183495283127
284	-25.66	-25.66	-14.9	-2.7836907	3.8289351	0.45119232	-48.414864	nan	1.0	712500	17435.15605711937
285	-28.62	-28.62	-12.3	-2.744252	3.6834579	-0.22841515	-42.205044	nan	0.9	715000	17496.482313156128
286	-23.66	-23.66	-17.1	-2.7047982	3.593972	-0.23293503	-32.80731	nan	1.0	717500	17557.29124569893
287	-24.92	-24.92	-15.6	-2.722712	3.5991263	0.8934714	-37.5577	nan	1.0	720000	17619.388852357864
288	-22.86	-22.86	-15.5	-2.705204	3.6038518	-0.19976452	-51.363316	nan	0.9	722500	17680.633999347687
289	-26.9	-26.9	-19.300001	-2.7168808	3.6383727	-0.22995849	-55.89858	nan	0.8	725000	17741.85214447975
290	-24.86	-24.86	-14.9	-2.6998994	3.654291	1.82517	-59.402046	nan	0.9	727500	17802.16627407074
291	-25.92	-25.92	-17.9	-2.733368	3.7087178	-0.22741166	-57.29022	nan	0.9	730000	17865.10682940483
292	-24.36	-24.36	-21.4	-2.7382874	3.7064488	0.40995824	-50.937733	nan	0.7	732500	17927.141882419586
293	-27.04	-27.04	-15.0	-2.7149005	3.693303	3.9748943	-48.16056	nan	0.9	735000	17988.453816890717
294	-22.98	-22.98	-20.6	-2.70045	3.6810718	4.190096	-52.4426	nan	0.9	737500	18050.60530281067
295	-23.7	-23.7	-26.9	-2.705155	3.754104	0.24468906	-44.83951	nan	0.6	740000	18113.146328687668
296	-23.74	-23.74	-18.6	-2.7214653	3.8299348	-0.1895329	-51.845787	nan	0.9	742500	18174.041165828705
297	-29.64	-29.64	-19.5	-2.7431624	3.9025326	2.7010868	-52.9882	nan	0.8	745000	18235.24967765808
298	-23.88	-23.88	-13.2	-2.7426586	3.8271058	-0.19815236	-48.431885	nan	0.9	747500	18296.36098217964
299	-27.84	-27.84	-14.6	-2.7173584	3.7567365	1.9526863	-47.445152	nan	1.0	750000	18358.0100979805
300	-25.18	-25.18	-13.8	-2.7359638	3.7914917	-0.18810137	-46.84971	nan	1.0	752500	18419.82331609726
301	-23.5	-23.5	-17.699999	-2.6842773	3.7021844	-0.18944305	-58.01161	nan	0.8	755000	18481.734007120132
302	-24.0	-24.0	-22.6	-2.6556325	3.630631	5.758746	-45.748035	nan	0.7	757500	18543.53479719162
303	-23.98	-23.98	-10.2	-2.6332514	3.5974872	-0.18241146	-37.48708	nan	1.0	760000	18604.825587034225
304	-25.56	-25.56	-17.699999	-2.6282368	3.593169	1.4149033	-34.797287	nan	0.9	762500	18666.84025669098
305	-23.9	-23.9	-17.6	-2.6353834	3.6191359	-0.18050718	-36.18823	nan	1.0	765000	18728.207144498825
306	-24.06	-24.06	-12.8	-2.646229	3.6513507	0.8749601	-37.733486	nan	1.0	767500	18789.710934638977
307	-25.2	-25.2	-23.5	-2.6382992	3.6636124	-0.18186915	-45.575134	nan	0.8	770000	18851.474661827087
308	-22.8	-22.8	-9.2	-2.621941	3.674468	-0.1704589	-49.19103	nan	1.0	772500	18913.171298503876
309	-24.62	-24.62	-14.0	-2.6089754	3.6720717	-0.17556074	-46.514206	nan	0.9	775000	18974.563923358917
310	-26.28	-26.28	-14.6	-2.5952392	3.6266544	0.89836735	-43.469032	nan	1.0	777500	19035.94222831726
311	-24.56	-24.56	-14.6	-2.5775754	3.5664797	-0.17585348	-43.44901	nan	0.9	780000	19097.204297542572
312	-22.52	-22.52	-19.6	-2.5680177	3.5581539	8.123218	-39.44158	nan	0.7	782500	19157.567297935486
313	-22.0	-22.0	-28.4	-2.5846112	3.6182787	1.8641318	-43.13471	nan	0.7	785000	19219.424492836
314	-21.64	-21.64	-17.6	-2.5768929	3.6351445	5.9073796	-45.594437	nan	0.9	787500	19279.741419315338
315	-27.2	-27.2	-10.900001	-2.583211	3.6000242	8.893918	-44.494823	nan	1.0	790000	19340.659997701645
316	-23.28	-23.28	-14.5	-2.5916061	3.6499972	-0.17491093	-51.151745	nan	1.0	792500	19401.68578362465
317	-24.7	-24.7	-14.3	-2.5783176	3.6597464	-0.17169504	-56.89122	nan	0.9	795000	19462.538058519363
318	-24.56	-24.56	-12.0	-2.5632327	3.6686068	-0.005764514	-52.763077	nan	1.0	797500	19523.713110923767
319	-23.62	-23.62	-14.4	-2.571433	3.6946552	-0.1666246	-51.135254	nan	1.0	800000	19584.38592529297
320	-21.22	-21.22	-15.9	-2.5366576	3.6539173	3.8605971	-52.724506	nan	0.8	802500	19644.628707885742
321	-25.28	-25.28	-13.9	-2.5515292	3.6760263	-0.16116406	-56.173504	nan	1.0	805000	19705.138194799423
322	-22.6	-22.6	-13.3	-2.5430317	3.6434412	1.2142484	-55.740936	nan	1.0	807500	19765.44824028015
323	-24.34	-24.34	-13.5	-2.5453155	3.6154423	-0.044846103	-53.917297	nan	1.0	810000	19826.810294866562
324	-25.24	-25.24	-7.5	-2.5230098	3.5639138	10.736492	-71.85116	nan	1.0	812500	19887.39661860466
325	-24.88	-24.88	-13.4	-2.520921	3.580872	2.344279	-52.51389	nan	0.9	815000	19948.64595413208
326	-23.78	-23.78	-20.5	-2.4972303	3.5385957	9.790003	-50.46341	nan	0.8	817500	20009.273559570312
327	-26.44	-26.44	-22.199999	-2.494854	3.5656116	-0.15795757	-52.85949	nan	0.7	820000	20070.839848279953
328	-28.24	-28.24	-18.699999	-2.5005834	3.5396025	-0.1633238	-54.40322	nan	0.9	822500	20133.154632091522
329	-24.04	-24.04	-21.300001	-2.5047998	3.5669422	2.8669589	-50.078255	nan	0.8	825000	20195.845207452774
330	-22.66	-22.66	-19.0	-2.4952495	3.5889294	5.166419	-57.379578	nan	0.9	827500	20258.75461292267
331	-24.76	-24.76	-16.199999	-2.502089	3.579001	2.8963284	-43.48342	nan	0.9	830000	20320.614674806595
332	-23.88	-23.88	-16.800001	-2.4907131	3.5701723	4.5866804	-43.182125	nan	0.8	832500	20382.16056036949
333	-22.52	-22.52	-13.3	-2.5081544	3.5969152	3.1983373	-50.394424	nan	1.0	835000	20443.12148666382
334	-26.36	-26.36	-12.7	-2.5241625	3.6339083	4.8360767	-48.353615	nan	1.0	837500	20505.221436977386
335	-20.62	-20.62	-16.300001	-2.4873414	3.615197	1.4035766	-49.145218	nan	1.0	840000	20565.943467378616
336	-22.7	-22.7	-10.400001	-2.4861584	3.6219468	5.913748	-59.89605	nan	1.0	842500	20627.996204853058
337	-21.36	-21.36	-16.199999	-2.4821215	3.581993	-0.15113634	-55.22426	nan	0.9	845000	20689.50410246849
338	-24.32	-24.32	-24.3	-2.475103	3.56479	0.31973428	-50.87825	nan	0.8	847500	20751.069286584854
339	-22.32	-22.32	-13.9	-2.4962974	3.6066506	2.019503	-64.97472	nan	1.0	850000	20813.520848751068
340	-20.94	-20.94	-12.4	-2.4655297	3.546446	6.875186	-48.560596	nan	1.0	852500	20874.824774503708
341	-25.88	-25.88	-8.8	-2.4509044	3.5176032	7.139185	-52.302326	nan	1.0	855000	20936.165297985077
342	-21.92	-21.92	-14.1	-2.4355497	3.4688993	2.8861823	-44.081734	nan	0.9	857500	20995.374124526978
343	-24.46	-24.46	-14.3	-2.4418294	3.4704635	0.9099525	-52.314335	nan	0.9	860000	21055.952703237534
344	-21.16	-21.16	-13.8	-2.4297554	3.4547935	4.365463	-43.997795	nan	0.9	862500	21116.31993508339
345	-23.06	-23.06	-11.3	-2.4280071	3.4612205	1.3639503	-45.862717	nan	1.0	865000	21175.96745157242
346	-19.74	-19.74	-22.5	-2.4093947	3.462145	8.877465	-38.299908	nan	0.7	867500	21236.928728342056
347	-21.74	-21.74	-20.1	-2.4184074	3.4935763	1.9511535	-42.658016	nan	0.9	870000	21298.038442134857
348	-22.7	-22.7	-9.7	-2.4151025	3.5232267	-0.13773976	-42.72149	nan	1.0	872500	21358.35067987442
349	-25.98	-25.98	-14.5	-2.4264846	3.589617	10.907128	-57.279602	nan	0.9	875000	21419.719341039658
350	-19.6	-19.6	-10.099999	-2.4171584	3.6067617	6.8558526	-51.816444	nan	1.0	877500	21481.239921569824
351	-23.02	-23.02	-19.199999	-2.4124014	3.563219	-0.13794516	-51.855785	nan	0.9	880000	21543.434938669205
352	-22.86	-22.86	-15.1	-2.4043539	3.5492847	-0.14117935	-54.65107	nan	0.9	882500	21605.564450502396
353	-22.68	-22.68	-18.6	-2.3729792	3.506487	4.027827	-51.997643	nan	0.9	885000	21665.883757591248
354	-20.54	-20.54	-18.4	-2.3512325	3.448068	0.7846485	-62.655273	nan	0.9	887500	21726.1597905159
355	-21.94	-21.94	-10.3	-2.3557773	3.4432535	9.86239	-54.653084	nan	1.0	890000	21786.29112625122
356	-23.8	-23.8	-12.3	-2.3370256	3.40635	-0.13678788	-46.156624	nan	1.0	892500	21846.703765630722
357	-22.0	-22.0	-10.599999	-2.3135493	3.3775349	8.089658	-45.985588	nan	1.0	895000	21906.3577439785
358	-23.38	-23.38	-13.2	-2.3076982	3.3522341	-0.13238291	-48.83298	nan	1.0	897500	21967.75022172928
359	-22.32	-22.32	-15.4	-2.2905622	3.359829	-0.12064107	-48.674442	nan	1.0	900000	22027.43891620636
360	-22.02	-22.02	-10.7	-2.2626362	3.3243086	6.870773	-46.317127	nan	1.0	902500	22088.37393951416
361	-22.36	-22.36	-17.6	-2.252388	3.3210511	-0.11893023	-50.000862	nan	0.8	905000	22148.307609796524
362	-25.56	-25.56	-11.7	-2.2812448	3.375791	0.7376627	-47.317505	nan	1.0	907500	22209.725338935852
363	-21.92	-21.92	-16.0	-2.287577	3.35772	7.4942327	-43.820515	nan	0.8	910000	22270.95813846588
364	-23.5	-23.5	-13.5	-2.296666	3.3794825	3.9836688	-48.027946	nan	0.9	912500	22331.193355083466
365	-26.66	-26.66	-14.1	-2.2796264	3.355211	3.2418394	-45.122623	nan	1.0	915000	22392.074697732925
366	-23.56	-23.56	-18.300001	-2.264622	3.3392577	2.2440312	-47.959213	nan	0.8	917500	22452.679118156433
367	-23.62	-23.62	-13.1	-2.2576005	3.3345897	3.8541114	-43.99066	nan	0.9	920000	22512.790367603302
368	-22.06	-22.06	-17.800001	-2.2508352	3.3303034	2.640943	-42.825184	nan	1.0	922500	22572.308503866196
369	-23.86	-23.86	-16.300001	-2.2757647	3.3776283	-0.114242174	-45.551434	nan	1.0	925000	22633.804389715195
370	-23.64	-23.64	-11.9	-2.280005	3.3848028	7.490623	-39.14266	nan	1.0	927500	22694.622860193253
371	-23.24	-23.24	-13.2	-2.2739027	3.3742793	0.47027895	-42.632854	nan	0.9	930000	22752.74311542511
372	-23.9	-23.9	-16.6	-2.2582266	3.3532174	3.9241617	-42.43996	nan	0.9	932500	22811.625443935394
373	-19.9	-19.9	-14.0	-2.272859	3.3859959	2.6767948	-41.37725	nan	1.0	935000	22871.52974820137
374	-23.36	-23.36	-11.400001	-2.2799668	3.4199357	-0.032536842	-40.977394	nan	1.0	937500	22932.038578033447
375	-25.2	-25.2	-14.4	-2.2833705	3.4158032	10.366883	-44.212112	nan	1.0	940000	22992.48384833336
376	-21.8	-21.8	-18.699999	-2.2661192	3.381408	0.06886231	-36.516136	nan	0.9	942500	23051.671397447586
377	-22.06	-22.06	-10.900001	-2.2586489	3.3930454	2.3379016	-45.451614	nan	1.0	945000	23111.661070108414
378	-27.0	-27.0	-13.6	-2.2391722	3.3458471	13.501607	-38.81543	nan	1.0	947500	23171.134439706802
379	-23.78	-23.78	-15.0	-2.2491918	3.368272	-0.110355824	-41.61615	nan	0.9	950000	23231.539761066437
380	-26.06	-26.06	-9.7	-2.2485158	3.3790393	3.484115	-37.91081	nan	1.0	952500	23291.649727344513
381	-24.46	-24.46	-18.0	-2.250916	3.3883407	4.1517034	-41.380795	nan	0.9	955000	23351.15979743004
382	-21.5	-21.5	-10.900001	-2.2526367	3.3840954	4.782055	-40.976517	nan	1.0	957500	23411.212028503418
383	-22.46	-22.46	-11.8	-2.2606733	3.38319	4.2385116	-36.87771	nan	0.9	960000	23472.62710094452
384	-20.82	-20.82	-7.8	-2.2640252	3.413779	10.101034	-38.40865	nan	1.0	962500	23532.35354590416
385	-23.42	-23.42	-13.7	-2.253682	3.4041653	4.2350473	-33.957607	nan	1.0	965000	23592.036386728287
386	-23.44	-23.44	-6.2	-2.2541173	3.3981426	7.8426986	-37.706318	nan	1.0	967500	23651.079219818115
387	-25.5	-25.5	-14.1	-2.254007	3.3827407	5.550437	-55.096874	nan	1.0	970000	23711.627115011215
388	-20.26	-20.26	-10.400001	-2.2492008	3.376604	2.6199017	-49.12414	nan	1.0	972500	23771.447308540344
389	-21.2	-21.2	-12.7	-2.23238	3.3636193	2.5141165	-35.91844	nan	1.0	975000	23831.035405874252
390	-23.54	-23.54	-12.9	-2.2319372	3.3388717	9.599139	-39.09391	nan	0.9	977500	23891.346632242203
391	-22.98	-22.98	-10.900001	-2.2316778	3.3250444	1.4257555	-29.47391	nan	1.0	980000	23950.616659879684
392	-21.58	-21.58	-11.099999	-2.216493	3.2959392	7.1258645	-30.348816	nan	1.0	982500	24010.762196540833
393	-25.98	-25.98	-15.3	-2.2109892	3.3050032	1.5077002	-35.95825	nan	1.0	985000	24069.415763378143
394	-23.88	-23.88	-14.2	-2.2138066	3.3090541	-0.110591	-35.098106	nan	0.9	987500	24128.2058532238
395	-19.4	-19.4	-12.6	-2.2150342	3.285228	2.0268517	-35.53981	nan	1.0	990000	24187.10471534729
396	-23.86	-23.86	-19.199999	-2.2260044	3.2996836	-0.11570967	-38.924286	nan	0.8	992500	24246.501370191574
397	-22.94	-22.94	-12.6	-2.2054856	3.2780323	1.645675	-40.201363	nan	0.9	995000	24306.28774380684
398	-24.54	-24.54	-14.7	-2.191196	3.2967587	1.5383084	-37.87105	nan	1.0	997500	24366.200214385986
399	-28.58	-28.58	-16.300001	-2.222561	3.33045	2.3882332	-37.950478	nan	0.9	1000000	24425.924845933914
400	-22.04	-22.04	-13.1	-2.2210832	3.3275774	0.77088636	-39.945297	nan	1.0	1002500	24485.687072515488
401	-24.02	-24.02	-11.400001	-2.2265265	3.3356605	-0.11037593	-39.27318	nan	1.0	1005000	24544.411115169525
402	-20.02	-20.02	-12.6	-2.2112455	3.311418	0.9016106	-34.703537	nan	1.0	1007500	24603.16516470909
403	-22.3	-22.3	-15.4	-2.2062674	3.3186383	0.40450388	-39.46356	nan	1.0	1010000	24662.177767515182
404	-23.3	-23.3	-11.099999	-2.1998985	3.2873714	1.345839	-31.798868	nan	1.0	1012500	24722.947713136673
405	-23.12	-23.12	-9.599999	-2.1987796	3.2866824	-0.0988982	-29.866657	nan	1.0	1015000	24782.51771211624
406	-25.82	-25.82	-17.300001	-2.1896815	3.2685049	1.2197641	-28.315115	nan	0.8	1017500	24841.803790569305
407	-21.44	-21.44	-14.6	-2.1817904	3.2703917	0.4520537	-33.655743	nan	0.9	1020000	24901.683043956757
408	-21.14	-21.14	-10.900001	-2.1870208	3.2905583	1.5287462	-36.074482	nan	1.0	1022500	24962.367143154144
409	-22.0	-22.0	-13.5	-2.1924634	3.2984118	1.294779	-39.10446	nan	1.0	1025000	25022.375597000122
410	-23.22	-23.22	-12.1	-2.1927474	3.2976975	0.5084364	-37.794247	nan	1.0	1027500	25082.52459192276
411	-23.48	-23.48	-11.3	-2.1961842	3.3125818	-0.098507725	-38.672165	nan	0.9	1030000	25141.855729341507
412	-20.26	-20.26	-10.7	-2.1712263	3.2812736	-0.09612308	-38.29524	nan	1.0	1032500	25201.82520341873
413	-23.72	-23.72	-14.2	-2.1866002	3.3104284	3.7332757	-44.923138	nan	1.0	1035000	25261.572882413864
414	-22.28	-22.28	-18.699999	-2.1692088	3.288149	-0.098819725	-44.43065	nan	0.8	1037500	25322.683228969574
415	-24.34	-24.34	-14.3	-2.1849768	3.3086746	-0.09785849	-40.228252	nan	0.9	1040000	25383.336518526077
416	-22.0	-22.0	-11.8	-2.1723847	3.2774913	-0.10214841	-37.786034	nan	1.0	1042500	25443.49606180191
417	-20.84	-20.84	-9.8	-2.1817517	3.3264668	3.679631	-44.154728	nan	1.0	1045000	25504.195754766464
418	-22.38	-22.38	-13.2	-2.1813822	3.3481803	-0.08851095	-50.98106	nan	1.0	1047500	25566.099323511124
419	-21.82	-21.82	-12.0	-2.179167	3.3447146	-0.09393571	-51.51386	nan	1.0	1050000	25626.43164253235
420	-24.12	-24.12	-12.4	-2.1944804	3.3408914	7.144729	-48.41728	nan	1.0	1052500	25687.14784860611
421	-19.54	-19.54	-12.4	-2.1913636	3.347811	-0.096985616	-51.792885	nan	1.0	1055000	25747.29476761818
422	-22.78	-22.78	-13.2	-2.1885657	3.3715904	-0.095233075	-52.95045	nan	1.0	1057500	25808.78962612152
423	-23.5	-23.5	-11.3	-2.2009861	3.4001718	2.1755693	-51.72211	nan	1.0	1060000	25868.387620925903
424	-22.88	-22.88	-12.7	-2.1872642	3.37678	7.669793	-46.91092	nan	1.0	1062500	25930.08093905449
425	-22.12	-22.12	-9.099999	-2.1697483	3.2965999	-0.09799652	-39.12997	nan	1.0	1065000	25991.054529428482
426	-19.24	-19.24	-8.5	-2.1747732	3.3119326	-0.09454917	-40.067806	nan	1.0	1067500	26051.062625169754
427	-19.5	-19.5	-17.1	-2.1697946	3.3217518	3.966455	-41.449768	nan	1.0	1070000	26112.0699532032
428	-21.42	-21.42	-11.9	-2.167113	3.3424182	-0.09315339	-44.904095	nan	0.9	1072500	26172.82155609131
429	-22.68	-22.68	-9.599999	-2.1753345	3.3196776	-0.09264171	-39.80664	nan	1.0	1075000	26234.401038885117
430	-19.64	-19.64	-18.0	-2.1490777	3.29727	-0.08669063	-39.831673	nan	1.0	1077500	26295.83905529976
431	-21.78	-21.78	-11.400001	-2.156999	3.2686973	9.202989	-37.18061	nan	1.0	1080000	26357.495480298996
432	-20.6	-20.6	-11.9	-2.1436982	3.2637386	-0.09335328	-36.1764	nan	1.0	1082500	26418.328698396683
433	-20.66	-20.66	-8.3	-2.1411915	3.297536	4.7355437	-40.504883	nan	1.0	1085000	26479.054848909378
434	-21.88	-21.88	-12.9	-2.1409326	3.2749076	0.08158413	-39.41388	nan	1.0	1087500	26540.527173042297
435	-23.8	-23.8	-11.8	-2.1441493	3.2684774	8.183875	-38.943	nan	1.0	1090000	26599.922838926315
436	-19.68	-19.68	-11.599999	-2.155231	3.276311	-0.090783425	-32.07988	nan	1.0	1092500	26657.536570310593
437	-23.68	-23.68	-12.4	-2.150473	3.2658994	0.6276468	-35.759884	nan	1.0	1095000	26717.771379947662
438	-23.8	-23.8	-10.8	-2.158272	3.275058	2.933492	-45.332645	nan	1.0	1097500	26776.717666864395
439	-22.22	-22.22	-11.2	-2.1398728	3.2378802	-0.08736696	-42.691334	nan	1.0	1100000	26836.29175925255
440	-22.46	-22.46	-15.2	-2.1523855	3.2583334	4.390436	-43.792088	nan	1.0	1102500	26895.052802801132
441	-19.78	-19.78	-10.900001	-2.168334	3.320773	6.150816	-52.028748	nan	1.0	1105000	26954.731662273407
442	-23.26	-23.26	-8.599999	-2.1678622	3.3768072	2.2872255	-56.364437	nan	1.0	1107500	27012.939173221588
443	-22.4	-22.4	-13.2	-2.1620429	3.3639116	-0.08822179	-55.61086	nan	1.0	1110000	27072.115366458893
444	-22.2	-22.2	-13.3	-2.173651	3.3399148	1.9409689	-46.230793	nan	1.0	1112500	27131.639054775238
445	-19.96	-19.96	-11.2	-2.1717546	3.330417	-0.089693815	-53.266186	nan	1.0	1115000	27189.261484861374
446	-21.86	-21.86	-12.6	-2.1687703	3.3087108	0.34295422	-44.855553	nan	0.9	1117500	27247.44762778282
447	-21.4	-21.4	-9.8	-2.1563165	3.2815707	3.2779472	-60.74954	nan	1.0	1120000	27305.41224217415
448	-20.84	-20.84	-11.599999	-2.1341863	3.2601328	9.47933	-52.14516	nan	1.0	1122500	27362.14767718315
449	-22.42	-22.42	-10.8	-2.1415858	3.2701256	2.7179923	-47.55143	nan	1.0	1125000	27416.3707382679
450	-18.08	-18.08	-9.599999	-2.1416595	3.279197	-0.089342244	-39.425453	nan	1.0	1127500	27468.66711997986
451	-19.86	-19.86	-14.5	-2.1328058	3.2790058	-0.094468266	-57.64733	nan	0.9	1130000	27519.14529490471
452	-22.7	-22.7	-17.199999	-2.1436183	3.329116	0.045910954	-39.859234	nan	0.9	1132500	27570.831797122955
453	-21.82	-21.82	-9.400001	-2.1207714	3.3282824	2.0403967	-53.21156	nan	1.0	1135000	27619.928462266922
454	-22.0	-22.0	-14.5	-2.116981	3.3140476	1.599703	-51.99901	nan	0.9	1137500	27668.860753774643
455	-20.26	-20.26	-11.400001	-2.1224227	3.3367355	2.222067	-53.393803	nan	1.0	1140000	27715.76959013939
456	-21.48	-21.48	-10.2	-2.1070397	3.3500304	8.838196	-49.802086	nan	1.0	1142500	27760.543754339218
457	-23.28	-23.28	-7.9	-2.117708	3.3466911	1.9904454	-51.56029	nan	1.0	1145000	27804.360820531845
458	-22.48	-22.48	-11.400001	-2.101879	3.2468758	6.6383905	-46.46402	nan	1.0	1147500	27848.56439781189
459	-22.6	-22.6	-17.1	-2.099959	3.1997426	8.127281	-40.57424	nan	1.0	1150000	27893.05950641632
460	-22.92	-22.92	-10.8	-2.0992715	3.2144725	2.123233	-50.39444	nan	1.0	1152500	27936.447445631027
461	-19.46	-19.46	-11.400001	-2.083367	3.2053556	1.6655879	-40.689327	nan	1.0	1155000	27980.092177391052
462	-21.92	-21.92	-13.4	-2.091087	3.2235255	-0.08541429	-42.97046	nan	1.0	1157500	28023.262969255447
463	-22.34	-22.34	-19.4	-2.0943418	3.2362642	2.925161	-40.60278	nan	0.8	1160000	28067.49898505211
464	-22.22	-22.22	-13.9	-2.0704615	3.193806	0.73322153	-36.049614	nan	1.0	1162500	28111.65174627304
465	-19.5	-19.5	-11.0	-2.0740716	3.1979742	-0.08801252	-35.646187	nan	1.0	1165000	28152.80248427391
466	-23.28	-23.28	-16.9	-2.072267	3.1542315	4.989121	-33.865967	nan	0.9	1167500	28195.504711151123
467	-19.54	-19.54	-11.0	-2.0582945	3.1099072	1.8133701	-33.986813	nan	1.0	1170000	28237.780765533447
468	-21.7	-21.7	-9.400001	-2.0625157	3.1427824	7.014165	-35.849686	nan	1.0	1172500	28280.294637918472
469	-21.68	-21.68	-14.5	-2.0528195	3.1385815	5.481897	-35.7391	nan	1.0	1175000	28322.78454017639
470	-22.0	-22.0	-9.7	-2.0454848	3.1049669	-0.07677632	-34.413967	nan	1.0	1177500	28364.514855623245
471	-20.92	-20.92	-13.9	-2.0356667	3.0978465	1.2699469	-36.301807	nan	0.9	1180000	28405.07455277443
472	-18.44	-18.44	-12.7	-2.037925	3.098723	5.304012	-35.566525	nan	1.0	1182500	28447.7031955719
473	-20.5	-20.5	-8.2	-2.0635777	3.1699293	0.5017743	-38.463642	nan	1.0	1185000	28490.09363436699
474	-24.2	-24.2	-8.8	-2.0834568	3.281933	2.0996184	-58.46564	nan	1.0	1187500	28531.743890047073
475	-20.06	-20.06	-15.0	-2.082459	3.3165538	6.749916	-47.134975	nan	0.9	1190000	28573.480218172073
476	-22.48	-22.48	-16.699999	-2.0770547	3.3571355	4.2991147	-52.522087	nan	0.9	1192500	28615.337323904037
477	-21.92	-21.92	-9.400001	-2.0936916	3.420369	0.9290069	-56.94871	nan	1.0	1195000	28657.099298477173
478	-21.7	-21.7	-14.5	-2.1078155	3.489548	6.194347	-59.55294	nan	0.9	1197500	28699.19208097458
479	-23.0	-23.0	-10.8	-2.0858114	3.4925172	-0.08658936	-57.463062	nan	1.0	1200000	28740.970119953156
480	-20.62	-20.62	-10.099999	-2.1089435	3.5193377	3.941467	-53.847584	nan	1.0	1202500	28783.02414751053
481	-22.58	-22.58	-12.2	-2.0865157	3.4940112	1.0619854	-61.02166	nan	1.0	1205000	28824.877951145172
482	-22.78	-22.78	-13.6	-2.089814	3.500453	1.8136833	-53.218655	nan	0.9	1207500	28866.972519159317
483	-25.72	-25.72	-9.5	-2.1033251	3.5164328	1.5097744	-59.47874	nan	1.0	1210000	28909.67096734047
484	-23.14	-23.14	-10.7	-2.10606	3.5067425	9.01281	-67.12422	nan	1.0	1212500	28952.21097636223
485	-17.58	-17.58	-15.6	-2.0911052	3.4810724	2.3139935	-55.484238	nan	1.0	1215000	28994.944522857666
486	-21.46	-21.46	-15.6	-2.0802417	3.3976538	3.9688294	-65.64064	nan	0.9	1217500	29036.726150512695
487	-18.76	-18.76	-14.4	-2.075105	3.305834	2.4779816	-55.31635	nan	0.9	1220000	29077.793145895004
488	-22.2	-22.2	-9.7	-2.0537093	3.2258005	1.5296499	-41.6089	nan	1.0	1222500	29120.52262353897
489	-18.56	-18.56	-18.300001	-2.0265813	3.164048	6.585992	-41.689503	nan	0.8	1225000	29163.085203647614
490	-21.34	-21.34	-11.3	-2.0184293	3.105682	0.3589268	-34.957108	nan	0.9	1227500	29205.20681977272
491	-18.52	-18.52	-11.9	-2.0142713	3.1008973	0.8726144	-39.052013	nan	1.0	1230000	29247.28187274933
492	-19.16	-19.16	-17.0	-2.0137267	3.1238744	0.51791453	-36.322254	nan	0.9	1232500	29288.921964883804
493	-22.58	-22.58	-10.7	-2.0066311	3.1660485	4.4773426	-41.363914	nan	1.0	1235000	29331.313779354095
494	-19.1	-19.1	-10.7	-2.0398731	3.258994	-0.08374649	-59.999332	nan	1.0	1237500	29373.86335325241
495	-19.78	-19.78	-15.7	-2.0311477	3.3020213	2.1617095	-50.08813	nan	1.0	1240000	29415.09166431427
496	-18.5	-18.5	-10.8	-2.033344	3.3091292	2.1891632	-53.99388	nan	1.0	1242500	29452.99388408661
497	-20.6	-20.6	-15.8	-2.043365	3.342892	8.193729	-53.71764	nan	1.0	1245000	29491.794815301895
498	-21.78	-21.78	-18.5	-2.0411024	3.3712296	6.9972763	-60.51534	nan	0.8	1247500	29531.09204339981
499	-20.14	-20.14	-10.599999	-2.0413418	3.3321466	1.3703902	-53.194115	nan	1.0	1250000	29569.313695907593
