Epoch	EpRet	EpRealRet	TestEpRet	AverageQ1	StdQ1	MaxQ1	MinQ1	Q2	TestSuccess	TotalEnvInteracts	TotalTime
0	-49.0	-49.0	-50.0	-0.97175765	2.0312912	1.6345233	-11.912144	-0.97175765	0.0	2500	29.270182609558105
1	-50.0	-50.0	-50.0	-2.1942115	4.4495907	0.58895063	-20.615614	-2.1942115	0.0	5000	59.06514239311218
2	-50.0	-50.0	-50.0	-3.1326044	6.35961	0.8957279	-35.63276	-3.1326044	0.0	7500	88.58409094810486
3	-50.0	-50.0	-50.0	-3.9968135	8.015834	1.2607789	-46.293903	-3.9968135	0.0	10000	118.80737638473511
4	-49.84	-49.84	-50.0	-4.745015	9.437877	1.4010206	-52.670994	-4.745015	0.0	12500	148.94116830825806
5	-49.46	-49.46	-45.0	-5.188006	10.4269495	1.4060745	-54.51976	-5.188006	0.1	15000	179.68754768371582
6	-50.0	-50.0	-50.0	-5.657621	11.323749	1.8708687	-53.511845	-5.657621	0.0	17500	209.62752866744995
7	-49.0	-49.0	-49.9	-6.043339	12.064385	1.754804	-56.464104	-6.043339	0.0	20000	240.3327968120575
8	-49.88	-49.88	-50.0	-6.308356	12.55635	2.4927537	-52.863693	-6.308356	0.0	22500	270.9522159099579
9	-49.96	-49.96	-50.0	-6.459632	12.835338	3.013725	-57.24917	-6.459632	0.0	25000	301.36466097831726
10	-49.74	-49.74	-49.7	-6.6278496	12.969388	2.827451	-54.204967	-6.6278496	0.0	27500	331.9663772583008
11	-49.3	-49.3	-50.0	-6.5565524	12.860412	3.372211	-55.135544	-6.5565524	0.0	30000	363.1019763946533
12	-49.96	-49.96	-50.0	-6.6721306	12.951845	2.9860516	-58.664516	-6.6721306	0.0	32500	393.8540041446686
13	-49.9	-49.9	-50.0	-6.7335186	13.00379	2.4253566	-53.252743	-6.7335186	0.0	35000	424.5406665802002
14	-49.42	-49.42	-50.0	-6.780057	13.045727	3.0943947	-52.103916	-6.780057	0.0	37500	454.35982513427734
15	-49.54	-49.54	-50.0	-6.838355	13.055691	9.759666	-53.013863	-6.838355	0.0	40000	483.4832684993744
16	-49.94	-49.94	-49.2	-6.9340916	13.174978	4.480335	-62.16962	-6.9340916	0.0	42500	514.4690346717834
17	-49.84	-49.84	-50.0	-7.04762	13.264078	4.0399694	-57.857437	-7.04762	0.0	45000	545.0424978733063
18	-49.9	-49.9	-50.0	-7.1047883	13.276107	4.777722	-54.061054	-7.1047883	0.0	47500	575.3507213592529
19	-49.72	-49.72	-45.0	-7.1495233	13.2706585	3.6462705	-56.900887	-7.1495233	0.1	50000	606.1499335765839
20	-49.86	-49.86	-50.0	-7.2372055	13.325536	4.6203084	-52.546925	-7.2372055	0.0	52500	636.5736811161041
21	-49.76	-49.76	-50.0	-7.2569475	13.288414	3.624383	-53.77094	-7.2569475	0.0	55000	667.4151329994202
22	-49.44	-49.44	-50.0	-7.2988453	13.240852	4.52384	-52.937656	-7.2988453	0.0	57500	698.1165812015533
23	-50.0	-50.0	-50.0	-7.3397026	13.25977	3.7973938	-53.395424	-7.3397026	0.0	60000	728.1720447540283
24	-49.52	-49.52	-50.0	-7.3535504	13.262157	4.4837384	-55.31501	-7.3535504	0.0	62500	759.4320690631866
25	-49.08	-49.08	-50.0	-7.355326	13.18268	3.618405	-55.608173	-7.355326	0.0	65000	789.8926637172699
26	-49.56	-49.56	-49.8	-7.3868947	13.145417	4.259195	-61.729534	-7.3868947	0.0	67500	820.6446831226349
27	-48.44	-48.44	-50.0	-7.377868	13.087915	4.5526733	-56.15692	-7.377868	0.0	70000	851.2126433849335
28	-49.52	-49.52	-47.5	-7.452245	13.078655	5.02277	-54.93829	-7.452245	0.1	72500	881.8921008110046
29	-48.9	-48.9	-49.4	-7.4479275	13.054704	8.501791	-57.48769	-7.4479275	0.1	75000	912.628613948822
30	-49.74	-49.74	-50.0	-7.4612117	13.008623	4.404318	-56.921993	-7.4612117	0.0	77500	943.3207378387451
31	-49.6	-49.6	-49.1	-7.5036826	12.958977	4.7283745	-56.825157	-7.5036826	0.0	80000	972.9124176502228
32	-49.58	-49.58	-45.0	-7.4750857	12.84925	5.9462175	-53.871796	-7.4750857	0.2	82500	1003.7542517185211
33	-49.82	-49.82	-45.2	-7.5167284	12.846898	4.947159	-55.890057	-7.5167284	0.1	85000	1033.6393921375275
34	-49.72	-49.72	-50.0	-7.5461736	12.837826	5.4147587	-55.21776	-7.5461736	0.0	87500	1064.4186387062073
35	-49.54	-49.54	-50.0	-7.6233187	12.929508	5.1140585	-57.484333	-7.6233187	0.0	90000	1095.094407081604
36	-49.18	-49.18	-47.4	-7.6266813	12.982863	6.120942	-56.502575	-7.6266813	0.1	92500	1125.3640706539154
37	-49.38	-49.38	-49.3	-7.682338	13.050847	4.1284986	-56.411236	-7.682338	0.0	95000	1155.9295058250427
38	-49.88	-49.88	-49.3	-7.732853	13.119701	4.940139	-56.356464	-7.732853	0.0	97500	1186.5793039798737
39	-49.46	-49.46	-50.0	-7.783396	13.12837	5.847948	-62.454926	-7.783396	0.0	100000	1216.826756477356
40	-48.72	-48.72	-46.399998	-7.8019705	13.113467	3.8887484	-56.404636	-7.8019705	0.1	102500	1247.1981961727142
41	-48.98	-48.98	-49.4	-7.837075	13.141867	4.3629284	-62.9896	-7.837075	0.0	105000	1277.345668554306
42	-49.1	-49.1	-48.7	-7.8990893	13.190897	3.8069477	-56.502594	-7.8990893	0.0	107500	1308.020404100418
43	-49.68	-49.68	-49.7	-7.9297447	13.217386	4.7557445	-58.343132	-7.9297447	0.0	110000	1338.3792233467102
44	-49.46	-49.46	-50.0	-8.036508	13.300842	4.665407	-57.793407	-8.036508	0.0	112500	1369.3426797389984
45	-47.96	-47.96	-47.2	-8.03132	13.260858	4.7545605	-59.617393	-8.03132	0.1	115000	1399.9122142791748
46	-47.5	-47.5	-47.7	-8.01927	13.165901	3.442339	-61.646446	-8.01927	0.0	117500	1430.1835565567017
47	-48.28	-48.28	-48.1	-8.089867	13.19481	5.228871	-58.429157	-8.089867	0.0	120000	1458.6953809261322
48	-49.92	-49.92	-48.4	-8.059942	13.127633	4.8874683	-57.40627	-8.059942	0.1	122500	1489.157900094986
49	-49.32	-49.32	-48.7	-8.198945	13.2327	5.3008246	-64.04009	-8.198945	0.1	125000	1519.680876493454
50	-48.76	-48.76	-46.8	-8.202278	13.198314	4.451574	-57.581184	-8.202278	0.0	127500	1549.9759092330933
51	-48.3	-48.3	-49.6	-8.175611	13.185083	5.2748623	-57.218597	-8.175611	0.0	130000	1580.7313809394836
52	-49.06	-49.06	-46.9	-8.270131	13.298786	7.0368557	-62.63767	-8.270131	0.1	132500	1611.3781657218933
53	-47.56	-47.56	-49.9	-8.29487	13.322736	5.667821	-59.32441	-8.29487	0.0	135000	1642.400795698166
54	-49.74	-49.74	-50.0	-8.279562	13.278582	4.385001	-67.66299	-8.279562	0.0	137500	1673.6355319023132
55	-49.58	-49.58	-49.5	-8.354959	13.328587	6.0180163	-62.18642	-8.354959	0.0	140000	1704.3530805110931
56	-48.98	-48.98	-50.0	-8.310928	13.292534	5.336358	-57.3241	-8.310928	0.0	142500	1735.2984807491302
57	-49.08	-49.08	-50.0	-8.336881	13.325794	6.3703876	-58.255726	-8.336881	0.0	145000	1766.371913433075
58	-48.6	-48.6	-49.6	-8.397308	13.370966	6.3541617	-58.213898	-8.397308	0.0	147500	1796.3788380622864
59	-48.9	-48.9	-50.0	-8.385606	13.332522	4.882555	-55.35202	-8.385606	0.0	150000	1826.6887395381927
60	-48.64	-48.64	-48.3	-8.437504	13.364483	7.2507925	-56.22146	-8.437504	0.0	152500	1856.6732196807861
61	-49.24	-49.24	-49.1	-8.476732	13.382367	6.638206	-59.56135	-8.476732	0.1	155000	1886.4850521087646
62	-49.66	-49.66	-46.399998	-8.466592	13.361551	5.2666245	-61.58708	-8.466592	0.1	157500	1916.7765488624573
63	-48.58	-48.58	-48.6	-8.485489	13.386172	6.527548	-57.356647	-8.485489	0.0	160000	1947.341937303543
64	-46.72	-46.72	-49.6	-8.532734	13.415638	6.52509	-62.178513	-8.532734	0.0	162500	1978.1077499389648
65	-48.56	-48.56	-49.7	-8.539487	13.397896	6.4187794	-58.644497	-8.539487	0.0	165000	2008.5016763210297
66	-49.06	-49.06	-48.3	-8.503703	13.294889	8.182575	-57.248463	-8.503703	0.0	167500	2039.7189376354218
67	-49.34	-49.34	-47.4	-8.499752	13.270932	4.584254	-57.214333	-8.499752	0.0	170000	2070.565366268158
68	-48.64	-48.64	-46.5	-8.483204	13.232128	8.238487	-57.910984	-8.483204	0.0	172500	2101.258508682251
69	-47.8	-47.8	-49.6	-8.482955	13.227386	4.668265	-58.378525	-8.482955	0.0	175000	2132.1389067173004
70	-48.54	-48.54	-49.7	-8.513995	13.218047	7.416142	-55.27347	-8.513995	0.0	177500	2163.275183200836
71	-48.46	-48.46	-50.0	-8.506026	13.15864	4.2961755	-59.853104	-8.506026	0.0	180000	2195.254057407379
72	-48.7	-48.7	-46.0	-8.536459	13.174962	5.7099566	-59.108852	-8.536459	0.2	182500	2225.8570783138275
73	-48.68	-48.68	-48.3	-8.520297	13.108224	11.309817	-55.13041	-8.520297	0.0	185000	2255.842434167862
74	-48.52	-48.52	-48.2	-8.52155	13.07123	7.442597	-60.462624	-8.52155	0.0	187500	2285.8083531856537
75	-49.04	-49.04	-45.7	-8.5312805	13.046926	6.1901345	-58.86113	-8.5312805	0.1	190000	2316.081354856491
76	-48.2	-48.2	-49.7	-8.543279	13.025917	10.233738	-61.07193	-8.543279	0.0	192500	2346.4246706962585
77	-48.44	-48.44	-49.7	-8.51628	12.948297	8.627572	-59.38037	-8.51628	0.0	195000	2376.088097333908
78	-49.36	-49.36	-46.3	-8.4963045	12.895071	8.781339	-56.743374	-8.4963045	0.1	197500	2406.092962026596
79	-47.4	-47.4	-47.9	-8.489627	12.862848	9.782428	-56.832172	-8.489627	0.1	200000	2435.8811860084534
80	-49.18	-49.18	-48.5	-8.493427	12.830763	7.713628	-60.23216	-8.493427	0.0	202500	2466.205874443054
81	-48.02	-48.02	-49.6	-8.476684	12.802943	5.291034	-58.458977	-8.476684	0.0	205000	2496.735600709915
82	-48.36	-48.36	-48.3	-8.505266	12.801069	6.5661707	-59.275864	-8.505266	0.0	207500	2526.968154668808
83	-48.92	-48.92	-47.5	-8.576509	12.868856	4.3435297	-58.10158	-8.576509	0.1	210000	2556.8419284820557
84	-49.06	-49.06	-48.9	-8.582547	12.857217	4.951578	-56.96558	-8.582547	0.0	212500	2587.06613945961
85	-48.48	-48.48	-46.5	-8.604386	12.811256	9.113799	-60.361645	-8.604386	0.2	215000	2616.6929743289948
86	-47.76	-47.76	-45.100002	-8.623475	12.781948	10.129765	-58.821835	-8.623475	0.1	217500	2646.6708812713623
87	-48.82	-48.82	-46.6	-8.682601	12.823026	7.7139964	-63.67933	-8.682601	0.1	220000	2677.700679540634
88	-49.48	-49.48	-47.6	-8.756699	12.894585	6.2248282	-55.844402	-8.756699	0.0	222500	2708.293991088867
89	-49.42	-49.42	-48.0	-8.820433	12.939455	11.073498	-58.824154	-8.820433	0.1	225000	2738.584002494812
90	-48.9	-48.9	-46.6	-8.908924	13.014275	6.642354	-57.701347	-8.908924	0.1	227500	2769.554724216461
91	-48.96	-48.96	-45.3	-8.942867	13.007566	3.982111	-60.458294	-8.942867	0.0	230000	2797.754925966263
92	-48.32	-48.32	-46.7	-8.892724	12.948602	8.7377	-57.780357	-8.892724	0.1	232500	2828.385353565216
93	-49.46	-49.46	-47.6	-8.927655	12.928825	3.280004	-57.514362	-8.927655	0.1	235000	2859.1398735046387
94	-46.8	-46.8	-47.7	-8.969323	12.903609	5.279497	-56.730045	-8.969323	0.0	237500	2889.944981813431
95	-48.3	-48.3	-48.4	-8.970186	12.876205	6.2800903	-59.288235	-8.970186	0.0	240000	2921.2970218658447
96	-48.62	-48.62	-49.0	-8.86833	12.7319765	7.9425592	-63.326454	-8.86833	0.0	242500	2951.974353790283
97	-49.14	-49.14	-48.3	-8.804821	12.5614805	3.700881	-59.47869	-8.804821	0.0	245000	2983.588205099106
98	-48.3	-48.3	-48.5	-8.710322	12.388838	3.6471524	-58.464363	-8.710322	0.1	247500	3013.7066020965576
99	-47.88	-47.88	-47.2	-8.649679	12.286002	11.100381	-60.10396	-8.649679	0.1	250000	3044.4246611595154
100	-48.84	-48.84	-49.6	-8.669648	12.253176	3.1931229	-57.90654	-8.669648	0.0	252500	3074.8736293315887
101	-49.48	-49.48	-48.5	-8.725755	12.299174	3.365589	-60.49174	-8.725755	0.0	255000	3105.409793138504
102	-48.26	-48.26	-49.4	-8.745825	12.299838	3.842239	-59.698284	-8.745825	0.0	257500	3136.235656261444
103	-47.36	-47.36	-50.0	-8.726566	12.20546	2.5239518	-59.16079	-8.726566	0.0	260000	3166.5172872543335
104	-48.5	-48.5	-48.0	-8.77314	12.196696	12.780755	-58.684082	-8.77314	0.1	262500	3197.2290647029877
105	-48.18	-48.18	-47.9	-8.820839	12.242428	4.469565	-59.244507	-8.820839	0.0	265000	3227.0311810970306
106	-47.4	-47.4	-46.9	-8.896451	12.305794	7.4089737	-61.859653	-8.896451	0.1	267500	3257.6398186683655
107	-48.0	-48.0	-44.2	-8.929	12.345425	6.6004467	-66.854385	-8.929	0.2	270000	3287.588339805603
108	-47.64	-47.64	-48.6	-8.888072	12.281087	4.6534038	-62.046406	-8.888072	0.0	272500	3317.7911553382874
109	-48.38	-48.38	-47.5	-8.915202	12.288694	5.36631	-57.531773	-8.915202	0.0	275000	3347.5675864219666
110	-48.96	-48.96	-45.100002	-8.978085	12.323804	4.5107946	-72.31236	-8.978085	0.0	277500	3378.0843048095703
111	-47.72	-47.72	-46.8	-9.032317	12.347417	4.3491836	-65.69884	-9.032317	0.1	280000	3408.4574797153473
112	-48.14	-48.14	-45.0	-9.0002365	12.313672	5.4014955	-71.75665	-9.0002365	0.2	282500	3439.2581357955933
113	-49.1	-49.1	-50.0	-9.005997	12.280839	8.175917	-60.168335	-9.005997	0.0	285000	3469.847720861435
114	-48.88	-48.88	-49.3	-9.021149	12.337924	7.1933274	-60.046295	-9.021149	0.0	287500	3500.2667758464813
115	-47.48	-47.48	-49.7	-9.022006	12.349019	8.775338	-61.425816	-9.022006	0.1	290000	3531.0475273132324
116	-48.5	-48.5	-49.5	-9.022954	12.334508	13.764154	-63.752956	-9.022954	0.0	292500	3561.6279244422913
117	-47.86	-47.86	-46.5	-9.040278	12.325287	12.377536	-67.60035	-9.040278	0.1	295000	3592.025332212448
118	-48.36	-48.36	-47.5	-9.064828	12.284175	6.481191	-59.64316	-9.064828	0.0	297500	3622.489560365677
119	-47.74	-47.74	-44.5	-9.086234	12.324945	8.367622	-57.793633	-9.086234	0.1	300000	3652.993665456772
120	-48.38	-48.38	-47.7	-9.136167	12.341392	6.971402	-68.53396	-9.136167	0.0	302500	3684.681265592575
121	-48.82	-48.82	-47.6	-9.098182	12.293908	11.893632	-60.438633	-9.098182	0.1	305000	3715.3810176849365
122	-47.84	-47.84	-48.7	-9.140532	12.308526	6.6912823	-58.595383	-9.140532	0.2	307500	3746.4309499263763
123	-48.76	-48.76	-45.3	-9.167626	12.31585	14.241229	-60.245804	-9.167626	0.2	310000	3777.095989704132
124	-48.78	-48.78	-46.7	-9.180326	12.324376	7.206229	-58.712986	-9.180326	0.1	312500	3807.7828254699707
125	-47.72	-47.72	-46.100002	-9.193885	12.341316	12.5074	-62.0185	-9.193885	0.1	315000	3838.026866912842
126	-49.3	-49.3	-47.1	-9.17962	12.361439	13.780619	-57.44081	-9.17962	0.0	317500	3868.334496498108
127	-47.34	-47.34	-45.600002	-9.211956	12.439885	13.766555	-70.3311	-9.211956	0.1	320000	3899.0955107212067
128	-47.98	-47.98	-46.399998	-9.216039	12.432273	7.649619	-63.827274	-9.216039	0.0	322500	3929.7865583896637
129	-47.96	-47.96	-46.399998	-9.224546	12.450593	7.8509064	-58.445477	-9.224546	0.1	325000	3960.4961211681366
130	-48.48	-48.48	-48.6	-9.186391	12.43099	13.335297	-60.03793	-9.186391	0.1	327500	3991.9584834575653
131	-48.18	-48.18	-47.1	-9.233715	12.475325	10.729795	-59.53709	-9.233715	0.0	330000	4022.7329952716827
132	-48.48	-48.48	-43.7	-9.224753	12.414609	7.7050858	-65.070114	-9.224753	0.2	332500	4053.0577142238617
133	-48.0	-48.0	-46.3	-9.249553	12.415517	10.24551	-64.55759	-9.249553	0.1	335000	4084.3465230464935
134	-46.7	-46.7	-48.5	-9.277428	12.431271	9.445879	-62.64618	-9.277428	0.0	337500	4114.887870788574
135	-47.96	-47.96	-48.5	-9.277544	12.468829	9.399432	-61.781	-9.277544	0.1	340000	4144.505385160446
136	-46.98	-46.98	-48.5	-9.307721	12.452749	6.332568	-58.249084	-9.307721	0.1	342500	4175.646956682205
137	-47.78	-47.78	-49.2	-9.354475	12.50935	8.445364	-59.803516	-9.354475	0.0	345000	4205.947683334351
138	-49.52	-49.52	-47.0	-9.308076	12.50195	7.226484	-63.874302	-9.308076	0.1	347500	4236.222403287888
139	-47.28	-47.28	-49.7	-9.324315	12.494016	10.373208	-62.50089	-9.324315	0.0	350000	4266.304654121399
140	-48.3	-48.3	-42.399998	-9.334657	12.501751	16.6276	-58.279934	-9.334657	0.2	352500	4296.470691680908
141	-46.68	-46.68	-47.7	-9.266624	12.447217	7.453312	-64.776535	-9.266624	0.0	355000	4327.082639455795
142	-47.44	-47.44	-46.7	-9.299973	12.462234	5.208149	-58.88632	-9.299973	0.2	357500	4357.717234134674
143	-47.36	-47.36	-46.7	-9.306449	12.462694	7.8526716	-65.08535	-9.306449	0.2	360000	4387.774887561798
144	-47.3	-47.3	-43.8	-9.30996	12.483077	7.2945123	-58.888283	-9.30996	0.2	362500	4417.647926568985
145	-47.96	-47.96	-42.3	-9.2784195	12.418479	5.762649	-67.4748	-9.2784195	0.2	365000	4448.448506832123
146	-48.78	-48.78	-50.0	-9.317029	12.430597	4.6055393	-69.653915	-9.317029	0.0	367500	4479.834918260574
147	-46.48	-46.48	-47.3	-9.3108635	12.408915	9.302759	-63.264908	-9.3108635	0.1	370000	4510.449695825577
148	-47.94	-47.94	-46.8	-9.328109	12.476637	12.548021	-64.769905	-9.328109	0.2	372500	4540.712862730026
149	-45.88	-45.88	-45.100002	-9.326377	12.485316	5.939705	-66.01467	-9.326377	0.0	375000	4570.839907407761
150	-47.58	-47.58	-48.6	-9.291799	12.429964	6.2960577	-59.445152	-9.291799	0.0	377500	4600.9613444805145
151	-47.58	-47.58	-43.899998	-9.324007	12.429262	6.0468245	-59.53362	-9.324007	0.2	380000	4631.502351999283
152	-46.2	-46.2	-47.7	-9.355266	12.462023	5.5357275	-64.46818	-9.355266	0.0	382500	4662.231250762939
153	-48.44	-48.44	-44.7	-9.250809	12.342867	6.5687838	-61.129574	-9.250809	0.3	385000	4692.884817838669
154	-46.1	-46.1	-44.2	-9.231986	12.29842	6.612812	-58.310143	-9.231986	0.2	387500	4723.35874581337
155	-46.56	-46.56	-46.9	-9.237689	12.286599	8.754681	-61.675476	-9.237689	0.1	390000	4753.2642567157745
156	-47.92	-47.92	-46.5	-9.151846	12.170592	5.5015497	-61.456062	-9.151846	0.1	392500	4784.002226829529
157	-47.46	-47.46	-46.7	-9.059304	12.064157	4.206841	-72.30083	-9.059304	0.0	395000	4814.809135437012
158	-46.42	-46.42	-41.600002	-8.984359	11.925444	7.140019	-67.764275	-8.984359	0.3	397500	4845.226983547211
159	-48.24	-48.24	-48.2	-8.926091	11.845737	4.492068	-65.18949	-8.926091	0.0	400000	4875.903411388397
160	-49.34	-49.34	-49.4	-8.899083	11.765521	5.955938	-60.41978	-8.899083	0.0	402500	4906.583233356476
161	-47.7	-47.7	-49.0	-8.846798	11.705903	4.426542	-60.052826	-8.846798	0.0	405000	4937.7740161418915
162	-48.4	-48.4	-44.600002	-8.874578	11.743542	5.8645315	-64.949394	-8.874578	0.3	407500	4968.904665231705
163	-47.9	-47.9	-44.2	-8.821051	11.735942	3.9622812	-62.407364	-8.821051	0.0	410000	4999.074900865555
164	-47.16	-47.16	-39.899998	-8.901981	11.84178	13.458601	-60.209732	-8.901981	0.4	412500	5029.371150255203
165	-47.6	-47.6	-47.0	-8.96357	11.989829	10.788181	-58.846176	-8.96357	0.1	415000	5059.634596347809
166	-47.24	-47.24	-43.899998	-9.074404	12.1216	8.620829	-58.76477	-9.074404	0.1	417500	5090.833140850067
167	-48.06	-48.06	-47.1	-9.060487	12.184726	8.709579	-75.90374	-9.060487	0.0	420000	5121.47239780426
168	-48.04	-48.04	-37.5	-9.152352	12.327212	9.180546	-60.462437	-9.152352	0.3	422500	5151.959144592285
169	-47.82	-47.82	-48.4	-9.207152	12.427181	8.387499	-77.99939	-9.207152	0.2	425000	5182.578668355942
170	-49.0	-49.0	-45.8	-9.257533	12.531908	7.165308	-59.99338	-9.257533	0.1	427500	5213.118645191193
171	-46.7	-46.7	-45.7	-9.32712	12.6271715	15.6928	-61.735744	-9.32712	0.2	430000	5244.277529716492
172	-47.76	-47.76	-43.3	-9.37028	12.716046	18.95604	-60.20852	-9.37028	0.2	432500	5275.004587888718
173	-47.38	-47.38	-42.7	-9.360002	12.756725	8.046619	-61.39892	-9.360002	0.2	435000	5305.158600568771
174	-45.46	-45.46	-44.399998	-9.370387	12.791339	14.766216	-63.978508	-9.370387	0.1	437500	5336.018346786499
175	-44.9	-44.9	-43.2	-9.333979	12.753225	12.682648	-62.34843	-9.333979	0.3	440000	5366.647353172302
176	-47.78	-47.78	-42.7	-9.29356	12.602498	6.261056	-68.08171	-9.29356	0.3	442500	5397.155298233032
177	-46.44	-46.44	-46.7	-9.161115	12.385451	8.36215	-63.307068	-9.161115	0.1	445000	5427.858790874481
178	-47.46	-47.46	-42.0	-9.11215	12.267144	7.932056	-58.603767	-9.11215	0.2	447500	5457.629625082016
179	-46.5	-46.5	-43.5	-9.079635	12.229802	10.669596	-60.741024	-9.079635	0.2	450000	5488.604248523712
180	-46.32	-46.32	-47.8	-9.08485	12.208742	7.836954	-58.591278	-9.08485	0.1	452500	5518.400960445404
181	-46.96	-46.96	-40.0	-9.095498	12.244948	6.1302223	-66.08191	-9.095498	0.6	455000	5547.779415607452
182	-46.86	-46.86	-43.8	-9.209932	12.365895	6.0451965	-62.88721	-9.209932	0.1	457500	5579.291026353836
183	-44.98	-44.98	-39.399998	-9.246816	12.422465	8.989862	-58.666164	-9.246816	0.4	460000	5609.1866710186005
184	-46.84	-46.84	-39.399998	-9.292059	12.477789	11.480335	-60.220337	-9.292059	0.4	462500	5638.724598169327
185	-48.0	-48.0	-44.5	-9.288861	12.47349	13.6384735	-60.18874	-9.288861	0.2	465000	5668.728297948837
186	-45.36	-45.36	-44.5	-9.235382	12.402426	6.3252606	-62.220245	-9.235382	0.2	467500	5699.771340370178
187	-46.54	-46.54	-35.899998	-9.21622	12.420367	9.14369	-65.54747	-9.21622	0.4	470000	5730.287337779999
188	-47.14	-47.14	-45.0	-9.211699	12.408429	8.422063	-67.959274	-9.211699	0.0	472500	5760.438014507294
189	-48.2	-48.2	-44.100002	-9.166874	12.380355	9.779714	-62.132095	-9.166874	0.0	475000	5790.428808450699
190	-46.04	-46.04	-42.8	-9.227352	12.413146	9.295462	-58.92522	-9.227352	0.3	477500	5821.343542337418
191	-47.3	-47.3	-41.100002	-9.259488	12.472843	4.9042993	-59.276207	-9.259488	0.3	480000	5852.131400346756
192	-47.64	-47.64	-38.3	-9.318667	12.54808	14.968159	-60.61774	-9.318667	0.4	482500	5882.474009990692
193	-46.9	-46.9	-47.3	-9.366263	12.646981	15.491012	-60.551437	-9.366263	0.0	485000	5913.159339189529
194	-44.84	-44.84	-42.600002	-9.397605	12.716035	11.8033285	-58.96834	-9.397605	0.1	487500	5943.637441396713
195	-46.08	-46.08	-47.7	-9.472295	12.84933	11.901167	-60.11771	-9.472295	0.3	490000	5974.355263948441
196	-46.92	-46.92	-46.6	-9.566555	12.949272	6.1089096	-57.26104	-9.566555	0.1	492500	6004.593960046768
197	-46.42	-46.42	-46.2	-9.553333	12.991327	10.080326	-57.04284	-9.553333	0.4	495000	6035.51375079155
198	-46.96	-46.96	-41.2	-9.655491	13.083348	9.4099045	-60.313343	-9.655491	0.4	497500	6066.618376493454
199	-45.32	-45.32	-43.100002	-9.642453	13.067218	10.942538	-66.7167	-9.642453	0.2	500000	6097.809523820877
200	-45.68	-45.68	-45.3	-9.644315	13.079553	8.306723	-56.173286	-9.644315	0.1	502500	6128.40357542038
201	-47.84	-47.84	-37.399998	-9.643301	13.066657	15.699076	-57.38716	-9.643301	0.5	505000	6158.824599266052
202	-46.78	-46.78	-43.7	-9.5976515	12.997066	7.1013045	-61.42602	-9.5976515	0.2	507500	6189.492627382278
203	-45.44	-45.44	-40.8	-9.567374	12.9496155	10.753787	-60.369095	-9.567374	0.5	510000	6219.758513450623
204	-46.66	-46.66	-46.9	-9.636205	13.030216	8.4934845	-63.56785	-9.636205	0.2	512500	6250.040396928787
205	-45.7	-45.7	-45.0	-9.640193	13.101553	5.059249	-59.432228	-9.640193	0.1	515000	6280.035334587097
206	-46.78	-46.78	-45.2	-9.709983	13.212833	5.756992	-59.73556	-9.709983	0.2	517500	6309.672398090363
207	-46.38	-46.38	-47.8	-9.771711	13.311512	7.5608606	-67.66504	-9.771711	0.2	520000	6341.073650836945
208	-46.62	-46.62	-45.7	-9.7601595	13.328383	4.1627097	-60.84599	-9.7601595	0.1	522500	6371.058100700378
209	-47.54	-47.54	-49.0	-9.782041	13.365749	6.058353	-60.86064	-9.782041	0.1	525000	6401.188645362854
210	-46.98	-46.98	-40.0	-9.798457	13.389861	7.4954824	-68.04267	-9.798457	0.1	527500	6431.652535676956
211	-46.44	-46.44	-38.3	-9.815008	13.435131	6.6027117	-62.755768	-9.815008	0.5	530000	6462.6391887664795
212	-47.04	-47.04	-41.2	-9.82265	13.431997	14.801876	-63.351074	-9.82265	0.2	532500	6493.032062292099
213	-47.56	-47.56	-47.4	-9.858562	13.455063	8.275565	-69.83299	-9.858562	0.2	535000	6523.7381410598755
214	-48.6	-48.6	-43.399998	-9.894022	13.444692	14.3832035	-66.03154	-9.894022	0.2	537500	6553.3638644218445
215	-46.36	-46.36	-45.399998	-9.960462	13.543065	11.456201	-89.44439	-9.960462	0.0	540000	6583.471134185791
216	-47.56	-47.56	-42.899998	-9.931383	13.521174	6.802207	-69.701744	-9.931383	0.5	542500	6613.887058734894
217	-45.84	-45.84	-48.8	-9.949749	13.5350895	10.165855	-65.102104	-9.949749	0.0	545000	6644.819336891174
218	-46.32	-46.32	-44.8	-9.951173	13.494684	4.7966356	-82.664986	-9.951173	0.2	547500	6675.210553646088
219	-46.54	-46.54	-47.8	-9.99472	13.5546	7.3181753	-60.76319	-9.99472	0.1	550000	6706.139811515808
220	-46.9	-46.9	-41.899998	-10.016095	13.620822	5.512768	-61.776165	-10.016095	0.3	552500	6736.867968082428
221	-46.86	-46.86	-47.0	-10.0580635	13.722858	4.931302	-83.7318	-10.0580635	0.0	555000	6767.583158016205
222	-47.68	-47.68	-41.7	-9.989213	13.665721	6.641471	-68.643906	-9.989213	0.3	557500	6798.5614540576935
223	-46.34	-46.34	-45.0	-9.992869	13.63458	13.093612	-61.706257	-9.992869	0.1	560000	6829.523366451263
224	-47.02	-47.02	-46.100002	-9.88921	13.540342	4.7027645	-59.74843	-9.88921	0.1	562500	6860.388046264648
225	-46.24	-46.24	-45.2	-9.990984	13.530602	13.268714	-63.81633	-9.990984	0.2	565000	6892.758268594742
226	-46.84	-46.84	-45.2	-9.915161	13.424963	12.713454	-60.64708	-9.915161	0.3	567500	6923.18318939209
227	-46.52	-46.52	-42.899998	-9.836194	13.281098	15.693409	-63.308388	-9.836194	0.2	570000	6953.648715257645
228	-45.92	-45.92	-45.0	-9.759998	13.126053	5.97841	-64.6697	-9.759998	0.2	572500	6984.6016800403595
229	-47.98	-47.98	-46.2	-9.762868	13.089363	7.5106277	-65.44719	-9.762868	0.2	575000	7015.386667728424
230	-45.0	-45.0	-47.6	-9.713874	13.041357	10.9665365	-62.052696	-9.713874	0.2	577500	7046.524967670441
231	-46.06	-46.06	-40.5	-9.733552	13.04305	11.3127775	-57.881996	-9.733552	0.3	580000	7076.591660022736
232	-45.52	-45.52	-44.2	-9.677704	13.03843	8.302189	-74.79926	-9.677704	0.1	582500	7107.612113237381
233	-47.88	-47.88	-39.2	-9.717357	13.07237	9.374508	-69.03194	-9.717357	0.3	585000	7138.282021284103
234	-46.68	-46.68	-48.3	-9.7526	13.124837	9.882915	-63.006226	-9.7526	0.1	587500	7168.4984395504
235	-47.2	-47.2	-43.899998	-9.814398	13.189631	9.066821	-67.18994	-9.814398	0.2	590000	7196.763931512833
236	-47.1	-47.1	-39.2	-9.833568	13.259682	8.978063	-58.4697	-9.833568	0.1	592500	7225.2261707782745
237	-47.02	-47.02	-41.3	-9.899334	13.353082	8.926586	-64.10296	-9.899334	0.2	595000	7255.837149858475
238	-46.34	-46.34	-47.1	-9.948716	13.444736	13.732412	-63.151936	-9.948716	0.2	597500	7286.374657869339
239	-46.46	-46.46	-48.2	-9.961929	13.527407	7.6102505	-69.38567	-9.961929	0.1	600000	7317.079549312592
240	-47.04	-47.04	-44.399998	-10.042365	13.621481	5.969431	-64.598045	-10.042365	0.2	602500	7347.913312911987
241	-47.44	-47.44	-41.899998	-10.048494	13.625081	5.9608955	-61.222122	-10.048494	0.4	605000	7379.800840139389
242	-47.72	-47.72	-44.100002	-10.141886	13.668066	7.8476486	-80.03895	-10.141886	0.3	607500	7411.061952114105
243	-47.64	-47.64	-47.0	-10.139481	13.688157	10.421997	-67.250916	-10.139481	0.2	610000	7441.221089601517
244	-48.88	-48.88	-42.2	-10.192655	13.716347	10.496404	-73.85111	-10.192655	0.2	612500	7471.776213884354
245	-45.98	-45.98	-42.7	-10.241315	13.7774105	10.447082	-83.80589	-10.241315	0.2	615000	7503.046180725098
246	-46.32	-46.32	-46.399998	-10.219261	13.777014	10.71231	-70.37919	-10.219261	0.2	617500	7533.870913505554
247	-48.56	-48.56	-39.5	-10.250008	13.753677	11.316393	-74.28246	-10.250008	0.3	620000	7565.31738948822
248	-44.78	-44.78	-49.8	-10.259617	13.764378	6.52884	-64.61988	-10.259617	0.1	622500	7597.064359903336
249	-46.22	-46.22	-40.8	-10.2746935	13.770741	6.0986567	-63.34647	-10.2746935	0.2	625000	7628.539165735245
250	-45.98	-45.98	-40.399998	-10.335659	13.8615885	7.702485	-70.120674	-10.335659	0.3	627500	7659.4977850914
251	-45.58	-45.58	-46.100002	-10.356407	13.843802	11.384649	-61.548473	-10.356407	0.1	630000	7690.447783231735
252	-46.88	-46.88	-48.1	-10.343769	13.850289	15.263803	-64.283455	-10.343769	0.0	632500	7720.85967373848
253	-47.36	-47.36	-44.5	-10.3015785	13.788575	10.345731	-63.062786	-10.3015785	0.3	635000	7752.420505285263
254	-46.2	-46.2	-45.100002	-10.3372	13.757055	12.759064	-80.5655	-10.3372	0.2	637500	7783.0579226017
255	-47.32	-47.32	-41.2	-10.298852	13.726146	13.261754	-66.04675	-10.298852	0.3	640000	7813.8104593753815
256	-45.7	-45.7	-50.0	-10.308293	13.723586	13.94778	-63.812325	-10.308293	0.0	642500	7844.801237821579
257	-45.24	-45.24	-46.0	-10.300495	13.6914015	14.813105	-66.12548	-10.300495	0.1	645000	7875.870306015015
258	-47.32	-47.32	-47.1	-10.359423	13.772441	10.627791	-60.279285	-10.359423	0.1	647500	7907.172638654709
259	-45.08	-45.08	-42.2	-10.396603	13.794358	10.918176	-62.647934	-10.396603	0.3	650000	7938.1508066654205
260	-46.68	-46.68	-45.899998	-10.412669	13.831013	10.272915	-66.00446	-10.412669	0.2	652500	7969.749632358551
261	-47.04	-47.04	-42.600002	-10.372663	13.801699	12.134758	-66.10822	-10.372663	0.3	655000	8001.002825021744
262	-46.72	-46.72	-48.5	-10.342518	13.759267	8.501257	-63.442722	-10.342518	0.0	657500	8031.537341117859
263	-46.06	-46.06	-45.899998	-10.341625	13.727329	7.7648935	-71.23671	-10.341625	0.0	660000	8062.3353016376495
264	-47.3	-47.3	-40.0	-10.3584585	13.753134	11.345201	-77.26605	-10.3584585	0.4	662500	8093.719638347626
265	-46.5	-46.5	-41.100002	-10.386537	13.737656	11.00501	-70.40562	-10.386537	0.3	665000	8124.313862085342
266	-46.9	-46.9	-38.0	-10.368645	13.692261	7.9454794	-62.404472	-10.368645	0.3	667500	8155.2803020477295
267	-48.0	-48.0	-42.8	-10.322739	13.695631	9.795594	-77.28118	-10.322739	0.0	670000	8185.731441020966
268	-45.44	-45.44	-45.899998	-10.339969	13.702009	8.904771	-61.99471	-10.339969	0.1	672500	8216.212801218033
269	-44.92	-44.92	-45.899998	-10.3462305	13.681019	8.502082	-68.878105	-10.3462305	0.2	675000	8247.314939975739
270	-45.98	-45.98	-44.100002	-10.265995	13.6341915	16.50523	-67.17591	-10.265995	0.1	677500	8277.21463060379
271	-47.4	-47.4	-46.399998	-10.255734	13.600024	8.140273	-64.3504	-10.255734	0.2	680000	8307.412054538727
272	-46.32	-46.32	-39.7	-10.246273	13.586912	27.447739	-65.72902	-10.246273	0.3	682500	8337.569105148315
273	-45.58	-45.58	-44.899998	-10.266577	13.605218	22.381454	-81.66208	-10.266577	0.3	685000	8368.394617080688
274	-47.16	-47.16	-34.8	-10.312749	13.646834	20.534813	-61.342678	-10.312749	0.2	687500	8398.8643450737
275	-47.98	-47.98	-38.2	-10.309326	13.626578	6.741865	-75.677574	-10.309326	0.2	690000	8429.296793699265
276	-46.96	-46.96	-44.2	-10.371686	13.688458	10.792981	-68.100044	-10.371686	0.1	692500	8459.696880817413
277	-46.96	-46.96	-40.100002	-10.371115	13.707088	8.787269	-90.825066	-10.371115	0.2	695000	8490.380013227463
278	-47.2	-47.2	-40.8	-10.442337	13.766487	7.894223	-76.64524	-10.442337	0.3	697500	8520.77430486679
279	-47.84	-47.84	-46.7	-10.386769	13.725561	9.620023	-65.448784	-10.386769	0.1	700000	8550.92086648941
280	-47.72	-47.72	-42.5	-10.41546	13.743162	9.332003	-65.2991	-10.41546	0.3	702500	8581.176392793655
281	-47.88	-47.88	-42.399998	-10.395613	13.71384	6.860751	-67.09288	-10.395613	0.3	705000	8612.360582113266
282	-46.54	-46.54	-50.0	-10.399577	13.721491	11.573128	-67.45084	-10.399577	0.0	707500	8643.96156167984
283	-47.84	-47.84	-48.6	-10.342187	13.601348	10.487202	-62.825817	-10.342187	0.1	710000	8674.439340114594
284	-46.5	-46.5	-34.7	-10.297527	13.523233	7.142906	-70.05072	-10.297527	0.2	712500	8705.280959367752
285	-46.14	-46.14	-39.3	-10.362752	13.591102	9.666291	-66.51882	-10.362752	0.3	715000	8735.255350351334
286	-48.12	-48.12	-45.600002	-10.3762665	13.6576185	7.245264	-69.99732	-10.3762665	0.1	717500	8765.414659023285
287	-47.32	-47.32	-48.4	-10.3688545	13.656573	8.119897	-63.81194	-10.3688545	0.1	720000	8796.461439847946
288	-46.88	-46.88	-42.8	-10.433276	13.721741	7.182144	-76.429695	-10.433276	0.3	722500	8827.578106164932
289	-46.94	-46.94	-41.2	-10.37365	13.62512	13.664452	-70.86582	-10.37365	0.2	725000	8857.339836359024
290	-47.1	-47.1	-42.0	-10.299077	13.516718	10.306236	-82.44283	-10.299077	0.3	727500	8888.05146431923
291	-47.3	-47.3	-48.0	-10.239707	13.430871	12.705745	-65.789856	-10.239707	0.1	730000	8918.788212060928
292	-48.26	-48.26	-46.6	-10.251125	13.4431	11.716077	-60.364365	-10.251125	0.2	732500	8949.464216947556
293	-47.4	-47.4	-45.100002	-10.234311	13.396794	8.096732	-66.47639	-10.234311	0.1	735000	8979.697059392929
294	-47.72	-47.72	-44.100002	-10.219605	13.363674	9.975803	-69.79062	-10.219605	0.2	737500	9010.279243946075
295	-47.08	-47.08	-41.100002	-10.190828	13.334686	9.528432	-70.92247	-10.190828	0.4	740000	9041.01896572113
296	-46.28	-46.28	-44.899998	-10.143075	13.318743	8.592339	-60.610912	-10.143075	0.1	742500	9070.54037451744
297	-44.04	-44.04	-47.3	-10.123036	13.291417	8.287107	-72.41282	-10.123036	0.1	745000	9101.246888875961
298	-47.44	-47.44	-45.0	-10.126443	13.223185	8.836311	-62.854618	-10.126443	0.3	747500	9131.169076681137
299	-47.18	-47.18	-40.899998	-10.038433	13.1472225	10.69527	-70.08493	-10.038433	0.2	750000	9161.40422797203
300	-47.52	-47.52	-36.8	-10.060972	13.145155	7.480768	-67.79	-10.060972	0.3	752500	9190.975438117981
301	-45.68	-45.68	-49.3	-10.082119	13.167066	10.857553	-58.590775	-10.082119	0.0	755000	9221.63381433487
302	-45.14	-45.14	-41.5	-10.143927	13.342076	10.853823	-68.60635	-10.143927	0.2	757500	9251.762290239334
303	-47.12	-47.12	-41.2	-10.084144	13.32112	10.416315	-62.714676	-10.084144	0.3	760000	9282.106414318085
304	-45.98	-45.98	-44.8	-10.082838	13.347975	8.413103	-76.471924	-10.082838	0.3	762500	9313.226109027863
305	-48.56	-48.56	-48.9	-10.107847	13.406353	7.0845423	-62.41654	-10.107847	0.1	765000	9343.86964583397
306	-48.42	-48.42	-43.5	-10.181823	13.435933	13.166128	-62.52234	-10.181823	0.2	767500	9375.46901011467
307	-46.3	-46.3	-36.5	-10.151522	13.407201	7.798458	-66.587845	-10.151522	0.3	770000	9405.949957847595
308	-45.56	-45.56	-40.7	-10.105955	13.333919	9.534156	-65.358826	-10.105955	0.5	772500	9436.545667171478
309	-46.28	-46.28	-48.2	-10.083489	13.265065	7.6769524	-64.18216	-10.083489	0.2	775000	9466.993052244186
310	-47.3	-47.3	-38.7	-10.082445	13.218469	12.418289	-63.305824	-10.082445	0.4	777500	9497.785690069199
311	-45.58	-45.58	-43.399998	-10.052681	13.172712	7.9310875	-65.42969	-10.052681	0.2	780000	9528.730153799057
312	-46.6	-46.6	-37.100002	-10.058033	13.238689	11.146099	-66.36365	-10.058033	0.3	782500	9559.365109682083
313	-48.04	-48.04	-41.600002	-10.113824	13.275213	12.810649	-73.763916	-10.113824	0.2	785000	9589.832206726074
314	-45.56	-45.56	-45.100002	-10.156736	13.306004	12.512689	-68.908356	-10.156736	0.1	787500	9620.802221298218
315	-48.08	-48.08	-43.399998	-10.123457	13.288066	6.52472	-65.52471	-10.123457	0.3	790000	9652.075732707977
316	-47.54	-47.54	-43.399998	-10.074563	13.216766	7.056719	-78.317604	-10.074563	0.2	792500	9683.194825649261
317	-46.48	-46.48	-44.399998	-10.126591	13.258741	7.580488	-65.78064	-10.126591	0.4	795000	9714.556962966919
318	-46.16	-46.16	-48.0	-10.101446	13.270794	7.9531384	-71.19705	-10.101446	0.1	797500	9744.831261634827
319	-47.54	-47.54	-43.7	-10.05442	13.192282	6.8629265	-73.88557	-10.05442	0.1	800000	9775.535068750381
320	-44.08	-44.08	-40.899998	-10.018551	13.172746	7.4068975	-75.597534	-10.018551	0.1	802500	9806.779553174973
321	-46.3	-46.3	-46.5	-10.081083	13.2080765	8.89266	-83.5348	-10.081083	0.1	805000	9836.978329181671
322	-45.32	-45.32	-41.0	-9.997368	13.134445	8.012538	-72.04035	-9.997368	0.3	807500	9867.313806295395
323	-47.16	-47.16	-43.5	-9.935726	13.011825	8.264666	-88.02315	-9.935726	0.1	810000	9897.39210653305
324	-45.62	-45.62	-38.100002	-9.838818	12.865456	11.510666	-75.91009	-9.838818	0.5	812500	9927.439855575562
325	-45.64	-45.64	-37.7	-9.789886	12.807767	7.374895	-62.783638	-9.789886	0.4	815000	9958.004260540009
326	-45.16	-45.16	-46.2	-9.650214	12.621548	7.6787987	-67.67287	-9.650214	0.0	817500	9988.036294698715
327	-46.38	-46.38	-44.2	-9.555169	12.538404	5.5312862	-63.324238	-9.555169	0.3	820000	10018.475338220596
328	-44.7	-44.7	-44.3	-9.537066	12.432154	10.640637	-69.40654	-9.537066	0.3	822500	10048.578343153
329	-48.32	-48.32	-47.2	-9.514129	12.313542	8.353658	-79.135994	-9.514129	0.1	825000	10079.432111501694
330	-45.66	-45.66	-39.5	-9.462288	12.237519	5.381508	-60.857376	-9.462288	0.3	827500	10109.85160279274
331	-47.86	-47.86	-44.0	-9.43744	12.121943	8.16055	-66.97703	-9.43744	0.0	830000	10140.088194608688
332	-45.78	-45.78	-44.2	-9.436628	11.999833	11.110691	-70.58	-9.436628	0.1	832500	10170.788222074509
333	-44.48	-44.48	-44.100002	-9.395582	11.9269	5.400738	-68.82162	-9.395582	0.1	835000	10201.741110086441
334	-46.66	-46.66	-42.399998	-9.355445	11.868141	13.491673	-68.90274	-9.355445	0.2	837500	10232.05075931549
335	-44.26	-44.26	-43.899998	-9.247422	11.752415	9.705303	-68.82735	-9.247422	0.1	840000	10262.761944293976
336	-46.08	-46.08	-37.600002	-9.253489	11.777421	16.633575	-74.41227	-9.253489	0.2	842500	10293.500775575638
337	-45.04	-45.04	-45.7	-9.256721	11.812932	16.213104	-61.573578	-9.256721	0.1	845000	10324.280752897263
338	-46.58	-46.58	-43.600002	-9.2387	11.820508	13.956309	-59.415154	-9.2387	0.2	847500	10354.71397781372
339	-45.98	-45.98	-36.100002	-9.326732	11.856093	14.485822	-65.81564	-9.326732	0.7	850000	10385.414024829865
340	-47.18	-47.18	-45.5	-9.309935	11.857168	21.43138	-67.57897	-9.309935	0.3	852500	10416.078379869461
341	-47.74	-47.74	-44.600002	-9.260409	11.784475	11.754101	-62.686302	-9.260409	0.3	855000	10446.85540819168
342	-46.98	-46.98	-44.5	-9.288189	11.790314	14.485246	-61.482655	-9.288189	0.3	857500	10477.682695627213
343	-46.44	-46.44	-42.0	-9.238032	11.72772	10.821777	-69.58218	-9.238032	0.1	860000	10508.45371556282
344	-45.52	-45.52	-44.399998	-9.228304	11.709587	10.130959	-91.5346	-9.228304	0.2	862500	10539.00386595726
345	-46.1	-46.1	-38.8	-9.193716	11.614302	17.246204	-66.56503	-9.193716	0.3	865000	10569.662670850754
346	-47.9	-47.9	-42.100002	-9.143917	11.583813	11.852408	-59.84068	-9.143917	0.1	867500	10600.220948457718
347	-47.7	-47.7	-43.5	-9.109491	11.535254	5.9233446	-65.19497	-9.109491	0.1	870000	10630.127487659454
348	-47.78	-47.78	-43.7	-9.034619	11.405444	8.076441	-64.71655	-9.034619	0.2	872500	10659.981883049011
349	-45.36	-45.36	-43.0	-8.934412	11.267035	7.367914	-58.64289	-8.934412	0.2	875000	10690.511885166168
350	-47.34	-47.34	-48.5	-8.864059	11.166243	13.005594	-60.015182	-8.864059	0.0	877500	10720.96474146843
351	-45.2	-45.2	-46.8	-8.894139	11.230797	8.649449	-63.35979	-8.894139	0.0	880000	10752.147022485733
352	-47.62	-47.62	-47.6	-8.954228	11.349081	7.6569567	-62.653965	-8.954228	0.1	882500	10782.5890417099
353	-47.14	-47.14	-44.100002	-8.950682	11.365617	8.881389	-68.06017	-8.950682	0.2	885000	10813.391001224518
354	-47.96	-47.96	-36.3	-9.066163	11.472839	9.6451645	-59.7924	-9.066163	0.3	887500	10843.560661554337
355	-45.42	-45.42	-42.7	-9.130452	11.595823	12.582936	-59.405838	-9.130452	0.2	890000	10872.861408472061
356	-43.34	-43.34	-42.899998	-9.18427	11.67814	8.967748	-60.992783	-9.18427	0.2	892500	10902.421785831451
357	-46.76	-46.76	-38.5	-9.2953205	11.779558	11.886331	-61.91691	-9.2953205	0.2	895000	10932.73327922821
358	-47.46	-47.46	-41.7	-9.359724	11.869223	16.44461	-71.406044	-9.359724	0.3	897500	10962.599124193192
359	-43.16	-43.16	-46.9	-9.454839	12.026002	8.39546	-63.791008	-9.454839	0.1	900000	10993.039851903915
360	-45.64	-45.64	-40.0	-9.562314	12.170695	9.017133	-62.699642	-9.562314	0.4	902500	11022.760782718658
361	-46.84	-46.84	-44.399998	-9.567976	12.257035	11.376603	-58.196037	-9.567976	0.0	905000	11052.9310464859
362	-45.6	-45.6	-40.3	-9.628924	12.32537	10.86935	-65.15632	-9.628924	0.3	907500	11082.078387498856
363	-45.46	-45.46	-40.8	-9.563877	12.263193	10.742077	-58.276764	-9.563877	0.4	910000	11113.341410636902
364	-44.24	-44.24	-40.600002	-9.495366	12.12486	17.007938	-62.736717	-9.495366	0.4	912500	11143.540708780289
365	-46.94	-46.94	-45.7	-9.44207	12.019457	8.758265	-75.57536	-9.44207	0.2	915000	11174.673791885376
366	-46.76	-46.76	-49.4	-9.350502	11.835491	7.756585	-62.964684	-9.350502	0.0	917500	11204.908905982971
367	-47.7	-47.7	-40.0	-9.26743	11.680317	13.687377	-60.14253	-9.26743	0.2	920000	11234.67154598236
368	-46.22	-46.22	-38.399998	-9.217778	11.634178	10.335233	-58.975193	-9.217778	0.4	922500	11265.109716892242
369	-46.46	-46.46	-42.3	-9.264755	11.659885	8.557355	-65.78886	-9.264755	0.3	925000	11296.43721151352
370	-46.12	-46.12	-38.5	-9.321664	11.811094	8.989963	-60.295277	-9.321664	0.3	927500	11327.75933790207
371	-45.32	-45.32	-43.0	-9.469116	12.047073	8.818611	-59.265	-9.469116	0.1	930000	11359.07655954361
372	-44.74	-44.74	-43.600002	-9.54642	12.244517	7.919119	-71.34155	-9.54642	0.3	932500	11389.571096897125
373	-46.62	-46.62	-40.600002	-9.683605	12.416758	7.3128414	-65.55441	-9.683605	0.3	935000	11420.435821771622
374	-47.28	-47.28	-42.899998	-9.797852	12.551685	9.278274	-60.899933	-9.797852	0.2	937500	11452.685371398926
375	-45.58	-45.58	-38.399998	-9.838933	12.648543	7.6472273	-58.91676	-9.838933	0.3	940000	11482.727854728699
376	-46.02	-46.02	-42.399998	-9.855134	12.709765	12.700788	-64.6984	-9.855134	0.2	942500	11513.236042499542
377	-45.14	-45.14	-45.7	-9.849351	12.793091	7.92406	-61.007725	-9.849351	0.2	945000	11542.50476884842
378	-45.64	-45.64	-41.399998	-9.942374	12.879499	8.497431	-70.78516	-9.942374	0.1	947500	11572.290423870087
379	-45.54	-45.54	-39.5	-9.9934	12.904359	9.15905	-60.069103	-9.9934	0.3	950000	11603.195172309875
380	-44.62	-44.62	-46.2	-9.976911	12.863279	9.72686	-64.95225	-9.976911	0.2	952500	11633.918075799942
381	-47.6	-47.6	-37.0	-9.864267	12.71024	11.04617	-57.65407	-9.864267	0.8	955000	11664.41017127037
382	-44.56	-44.56	-46.6	-9.808685	12.553465	7.854271	-62.89427	-9.808685	0.3	957500	11694.912196397781
383	-45.96	-45.96	-43.399998	-9.79997	12.448872	8.111267	-59.27735	-9.79997	0.2	960000	11725.376547574997
384	-45.48	-45.48	-41.8	-9.716893	12.271338	9.85763	-58.404648	-9.716893	0.2	962500	11756.378350496292
385	-43.7	-43.7	-38.899998	-9.670322	12.191094	9.731949	-66.27467	-9.670322	0.5	965000	11786.927589893341
386	-47.46	-47.46	-41.600002	-9.696655	12.2053385	8.954142	-68.481834	-9.696655	0.4	967500	11817.685733556747
387	-46.18	-46.18	-39.3	-9.775992	12.353214	11.459479	-59.740368	-9.775992	0.3	970000	11847.473563432693
388	-47.24	-47.24	-37.8	-9.840863	12.488984	10.048558	-56.163162	-9.840863	0.3	972500	11878.463973522186
389	-45.06	-45.06	-41.3	-9.92254	12.617644	13.468934	-64.04997	-9.92254	0.4	975000	11908.52554178238
390	-46.82	-46.82	-41.0	-9.991922	12.756775	10.728965	-64.49405	-9.991922	0.3	977500	11938.386022806168
391	-44.62	-44.62	-36.399998	-10.063569	12.866077	9.268349	-59.572884	-10.063569	0.5	980000	11968.764008045197
392	-46.32	-46.32	-45.0	-10.049289	12.85265	14.445731	-60.409065	-10.049289	0.1	982500	11999.265870809555
393	-45.94	-45.94	-36.5	-10.071049	12.881589	9.345129	-58.234493	-10.071049	0.4	985000	12029.633356809616
394	-43.9	-43.9	-35.399998	-10.0589075	12.896324	9.316766	-57.38567	-10.0589075	0.5	987500	12059.9625248909
395	-44.2	-44.2	-40.5	-10.081391	12.971123	11.172935	-62.00405	-10.081391	0.2	990000	12090.08740401268
396	-45.82	-45.82	-40.899998	-10.090172	12.954905	7.6025715	-59.841988	-10.090172	0.4	992500	12120.339425325394
397	-45.88	-45.88	-42.3	-10.071457	12.954393	10.5945635	-64.83041	-10.071457	0.2	995000	12150.609887838364
398	-43.4	-43.4	-43.8	-10.067059	12.903727	10.658093	-61.20612	-10.067059	0.4	997500	12181.687444448471
399	-45.38	-45.38	-39.5	-10.086573	12.891626	10.358558	-58.874123	-10.086573	0.4	1000000	12212.704697847366
400	-45.9	-45.9	-43.3	-10.027534	12.802373	10.399663	-60.88844	-10.027534	0.1	1002500	12242.742737531662
401	-46.88	-46.88	-38.7	-10.019563	12.757839	11.018447	-76.24719	-10.019563	0.5	1005000	12273.605550050735
402	-46.62	-46.62	-44.3	-10.018235	12.803955	12.511484	-64.750015	-10.018235	0.4	1007500	12302.789726018906
403	-44.88	-44.88	-42.8	-10.082294	12.8864975	12.13037	-74.17502	-10.082294	0.2	1010000	12332.757628202438
404	-44.46	-44.46	-42.5	-10.093267	12.908404	9.888711	-59.09166	-10.093267	0.4	1012500	12363.193829774857
405	-45.8	-45.8	-48.2	-10.112186	12.920015	12.217947	-85.39209	-10.112186	0.2	1015000	12394.212137460709
406	-44.6	-44.6	-33.3	-10.081421	12.953124	13.186903	-65.86104	-10.081421	0.6	1017500	12424.659383535385
407	-46.38	-46.38	-44.600002	-10.053182	12.922168	14.533647	-61.971527	-10.053182	0.1	1020000	12455.311774253845
408	-43.9	-43.9	-36.3	-10.043594	12.930219	8.654205	-80.76328	-10.043594	0.4	1022500	12485.362868070602
409	-46.92	-46.92	-49.4	-10.056867	12.969268	14.748655	-64.817894	-10.056867	0.1	1025000	12515.442343235016
410	-44.88	-44.88	-43.3	-10.086	13.011469	9.679042	-57.020462	-10.086	0.1	1027500	12546.067549943924
411	-43.9	-43.9	-40.899998	-10.105119	12.9997425	13.499083	-66.55946	-10.105119	0.3	1030000	12576.373925209045
412	-46.24	-46.24	-45.5	-10.116908	12.997586	7.238677	-58.345272	-10.116908	0.2	1032500	12607.192905426025
413	-44.74	-44.74	-38.3	-10.132202	13.078452	13.963136	-75.97697	-10.132202	0.5	1035000	12638.028504371643
414	-46.62	-46.62	-43.399998	-10.112266	13.070847	12.885759	-61.158333	-10.112266	0.4	1037500	12668.984637737274
415	-44.24	-44.24	-44.100002	-10.118978	13.066261	10.4185915	-79.02752	-10.118978	0.2	1040000	12698.863376617432
416	-46.6	-46.6	-42.399998	-10.1701975	13.123607	9.828038	-74.37774	-10.1701975	0.3	1042500	12729.168414354324
417	-45.3	-45.3	-44.3	-10.2147455	13.190101	12.035636	-69.205376	-10.2147455	0.3	1045000	12759.708893060684
418	-46.18	-46.18	-40.399998	-10.202371	13.192035	9.466795	-65.70235	-10.202371	0.3	1047500	12789.76022720337
419	-45.16	-45.16	-45.100002	-10.17334	13.196159	9.969862	-61.611347	-10.17334	0.2	1050000	12819.828008174896
420	-43.42	-43.42	-39.899998	-10.261718	13.268535	9.030485	-72.96205	-10.261718	0.3	1052500	12849.275515317917
421	-44.04	-44.04	-39.600002	-10.300683	13.369723	7.9837284	-59.604477	-10.300683	0.3	1055000	12879.488354206085
422	-44.94	-44.94	-40.8	-10.301492	13.390699	9.1812105	-66.51767	-10.301492	0.3	1057500	12909.72383236885
423	-46.64	-46.64	-40.8	-10.314271	13.370605	12.565509	-61.334457	-10.314271	0.4	1060000	12939.902595758438
424	-45.84	-45.84	-44.7	-10.343509	13.432481	12.505825	-62.523804	-10.343509	0.1	1062500	12970.032793283463
425	-46.74	-46.74	-44.399998	-10.308435	13.388827	16.523125	-60.400005	-10.308435	0.2	1065000	12998.417729377747
426	-45.36	-45.36	-41.399998	-10.3068	13.374812	8.749417	-65.11037	-10.3068	0.2	1067500	13027.012657880783
427	-44.5	-44.5	-45.2	-10.392649	13.464512	8.644594	-70.96709	-10.392649	0.2	1070000	13056.738668680191
428	-46.02	-46.02	-48.9	-10.432266	13.540195	12.199667	-71.04608	-10.432266	0.1	1072500	13087.063886165619
429	-47.18	-47.18	-44.100002	-10.486248	13.618182	12.236057	-62.63853	-10.486248	0.2	1075000	13118.537745475769
430	-46.5	-46.5	-40.899998	-10.419468	13.5695095	7.582078	-60.265717	-10.419468	0.4	1077500	13149.44718003273
431	-44.84	-44.84	-37.2	-10.40975	13.549183	9.791026	-64.43157	-10.40975	0.4	1080000	13179.962301015854
432	-46.52	-46.52	-41.7	-10.397952	13.561785	8.529523	-66.71709	-10.397952	0.4	1082500	13210.899080991745
433	-44.34	-44.34	-44.399998	-10.409043	13.587038	10.301142	-61.905327	-10.409043	0.2	1085000	13241.35026717186
434	-46.68	-46.68	-36.399998	-10.367438	13.468761	10.483298	-61.18641	-10.367438	0.5	1087500	13271.368348836899
435	-46.38	-46.38	-40.8	-10.368413	13.455662	11.853269	-75.25349	-10.368413	0.5	1090000	13302.165382862091
436	-45.6	-45.6	-35.2	-10.4278345	13.458698	13.7150955	-80.91115	-10.4278345	0.4	1092500	13332.880630970001
437	-45.12	-45.12	-38.2	-10.428147	13.473341	14.979139	-63.010525	-10.428147	0.3	1095000	13364.098713159561
438	-47.2	-47.2	-42.100002	-10.449722	13.507101	7.4956284	-70.76156	-10.449722	0.1	1097500	13394.95359659195
439	-46.2	-46.2	-40.0	-10.398337	13.466577	8.420481	-68.293976	-10.398337	0.3	1100000	13425.49311041832
440	-42.24	-42.24	-40.399998	-10.416021	13.484246	14.041679	-68.484726	-10.416021	0.2	1102500	13456.249584197998
441	-44.78	-44.78	-47.4	-10.430612	13.497349	8.867523	-63.75184	-10.430612	0.1	1105000	13487.189749717712
442	-46.78	-46.78	-38.399998	-10.487219	13.55556	10.208746	-67.663666	-10.487219	0.5	1107500	13517.963464736938
443	-46.5	-46.5	-49.4	-10.460428	13.581406	12.807708	-73.93434	-10.460428	0.1	1110000	13548.329687356949
444	-46.52	-46.52	-45.399998	-10.485485	13.607093	22.69014	-80.90764	-10.485485	0.1	1112500	13578.574351549149
445	-46.56	-46.56	-43.5	-10.505106	13.627669	16.69691	-69.1906	-10.505106	0.1	1115000	13608.979261159897
446	-45.42	-45.42	-35.5	-10.491746	13.650919	13.26368	-60.997738	-10.491746	0.3	1117500	13639.55102467537
447	-45.1	-45.1	-39.7	-10.468983	13.652013	9.167764	-66.0302	-10.468983	0.4	1120000	13669.538015842438
448	-44.58	-44.58	-46.100002	-10.463625	13.653744	7.7345924	-71.60661	-10.463625	0.0	1122500	13699.89911031723
449	-47.32	-47.32	-48.2	-10.441062	13.637724	16.723244	-62.576065	-10.441062	0.0	1125000	13729.886853456497
450	-44.12	-44.12	-42.2	-10.480087	13.675089	7.8378706	-62.37343	-10.480087	0.3	1127500	13759.789843082428
451	-47.0	-47.0	-36.100002	-10.481335	13.732681	14.913542	-61.480434	-10.481335	0.4	1130000	13790.363533258438
452	-46.94	-46.94	-33.3	-10.521176	13.796408	9.74652	-68.647896	-10.521176	0.5	1132500	13820.318286895752
453	-45.76	-45.76	-44.3	-10.476028	13.757307	12.71722	-67.25525	-10.476028	0.2	1135000	13850.567644357681
454	-46.0	-46.0	-43.600002	-10.497828	13.803485	11.305095	-61.87762	-10.497828	0.2	1137500	13880.820302963257
455	-45.28	-45.28	-43.5	-10.509692	13.776258	13.400066	-68.315605	-10.509692	0.5	1140000	13910.918370246887
456	-43.24	-43.24	-48.2	-10.518744	13.831443	12.978735	-82.178185	-10.518744	0.0	1142500	13941.517608165741
457	-47.38	-47.38	-42.899998	-10.557893	13.851425	23.814205	-77.62547	-10.557893	0.3	1145000	13972.07339310646
458	-46.12	-46.12	-43.5	-10.554705	13.902279	10.360034	-61.727222	-10.554705	0.3	1147500	14001.585624694824
459	-44.56	-44.56	-43.600002	-10.553029	13.936502	11.31246	-64.1489	-10.553029	0.2	1150000	14032.350132465363
460	-42.82	-42.82	-41.3	-10.542067	13.903408	15.670594	-67.48844	-10.542067	0.3	1152500	14062.854887485504
461	-45.74	-45.74	-38.7	-10.521153	13.841244	11.712293	-62.671463	-10.521153	0.4	1155000	14092.061311006546
462	-45.2	-45.2	-34.100002	-10.472492	13.723764	9.796326	-59.770657	-10.472492	0.4	1157500	14122.434468984604
463	-46.44	-46.44	-40.600002	-10.479396	13.671916	14.052422	-66.01995	-10.479396	0.2	1160000	14153.152621030807
464	-46.02	-46.02	-46.399998	-10.40553	13.582425	10.638457	-59.42085	-10.40553	0.0	1162500	14182.919460773468
465	-46.46	-46.46	-40.5	-10.416849	13.592458	10.689717	-73.60641	-10.416849	0.1	1165000	14213.252659797668
466	-47.54	-47.54	-33.0	-10.419291	13.591548	11.134265	-58.554527	-10.419291	0.6	1167500	14243.354489803314
467	-45.96	-45.96	-42.2	-10.397861	13.569169	12.546388	-63.218742	-10.397861	0.5	1170000	14273.187698841095
468	-47.54	-47.54	-42.899998	-10.427096	13.608311	12.276982	-70.330925	-10.427096	0.2	1172500	14303.28959107399
469	-47.04	-47.04	-43.8	-10.510597	13.6602335	9.8184	-64.40519	-10.510597	0.1	1175000	14334.323531150818
470	-47.24	-47.24	-47.0	-10.538241	13.675296	8.064059	-63.42344	-10.538241	0.0	1177500	14364.461201190948
471	-44.78	-44.78	-45.0	-10.519587	13.653571	9.866471	-65.90183	-10.519587	0.3	1180000	14395.294654130936
472	-41.94	-41.94	-44.8	-10.525714	13.65283	12.392086	-62.697933	-10.525714	0.2	1182500	14425.812567710876
473	-45.08	-45.08	-38.3	-10.575505	13.742825	8.624729	-60.9768	-10.575505	0.2	1185000	14456.535972595215
474	-44.68	-44.68	-43.899998	-10.56142	13.734334	10.718702	-61.91401	-10.56142	0.1	1187500	14487.437004327774
475	-41.94	-41.94	-38.100002	-10.60599	13.748982	9.550426	-60.975243	-10.60599	0.4	1190000	14518.292217969894
476	-45.26	-45.26	-34.2	-10.608187	13.767595	9.144812	-60.466278	-10.608187	0.5	1192500	14549.377825021744
477	-46.06	-46.06	-45.399998	-10.575711	13.7507	10.614155	-67.90231	-10.575711	0.1	1195000	14580.28513097763
478	-44.56	-44.56	-45.100002	-10.61109	13.806258	9.119597	-64.79093	-10.61109	0.1	1197500	14609.69116449356
479	-45.96	-45.96	-40.3	-10.60389	13.837333	15.324956	-72.45687	-10.60389	0.3	1200000	14638.58731842041
480	-46.02	-46.02	-47.5	-10.620427	13.893157	10.234616	-65.86467	-10.620427	0.0	1202500	14667.53091287613
481	-45.1	-45.1	-41.600002	-10.598974	13.894713	10.183617	-62.382286	-10.598974	0.3	1205000	14696.513504505157
482	-47.32	-47.32	-44.0	-10.620277	13.911543	14.479705	-63.734077	-10.620277	0.2	1207500	14725.577923297882
483	-46.62	-46.62	-45.3	-10.662219	13.976384	11.438668	-59.769707	-10.662219	0.2	1210000	14755.093070983887
484	-46.52	-46.52	-35.600002	-10.627919	13.957217	9.45033	-59.932106	-10.627919	0.5	1212500	14783.942821025848
485	-45.86	-45.86	-44.5	-10.614939	13.953385	12.348573	-62.883728	-10.614939	0.1	1215000	14812.355246543884
486	-45.88	-45.88	-34.3	-10.60303	13.948338	11.410939	-66.94419	-10.60303	0.4	1217500	14838.92195558548
487	-44.9	-44.9	-41.0	-10.598302	13.90071	10.566012	-61.05127	-10.598302	0.2	1220000	14865.026916503906
488	-46.34	-46.34	-45.8	-10.568809	13.840145	9.331258	-72.23955	-10.568809	0.1	1222500	14891.117562055588
489	-42.98	-42.98	-43.2	-10.512351	13.7433	8.595568	-61.26455	-10.512351	0.4	1225000	14916.282604455948
490	-46.46	-46.46	-34.899998	-10.429666	13.585279	9.743696	-84.58243	-10.429666	0.5	1227500	14939.185706615448
491	-46.06	-46.06	-46.7	-10.3808365	13.514586	11.0287075	-64.624146	-10.3808365	0.1	1230000	14961.328583240509
492	-45.32	-45.32	-43.100002	-10.3082695	13.436242	15.483147	-61.110832	-10.3082695	0.2	1232500	14983.022414207458
493	-45.36	-45.36	-36.2	-10.374482	13.511873	10.9074955	-60.583797	-10.374482	0.4	1235000	15004.778684139252
494	-45.36	-45.36	-43.2	-10.45662	13.619331	14.397012	-61.858246	-10.45662	0.3	1237500	15025.733784198761
495	-47.7	-47.7	-41.0	-10.516609	13.746149	8.689817	-82.42237	-10.516609	0.2	1240000	15045.585359811783
496	-44.68	-44.68	-40.7	-10.611988	13.896366	9.584696	-60.55559	-10.611988	0.4	1242500	15065.329826593399
497	-45.34	-45.34	-39.5	-10.63622	13.945765	8.956894	-65.41956	-10.63622	0.3	1245000	15085.938700675964
498	-44.38	-44.38	-39.7	-10.631262	13.95871	8.62058	-62.70261	-10.631262	0.2	1247500	15105.794282197952
499	-44.94	-44.94	-35.8	-10.583064	13.931106	8.518397	-72.30945	-10.583064	0.5	1250000	15124.430848121643
