Epoch	EpRet	EpRealRet	TestEpRet	AverageQ1	StdQ1	MaxQ1	MinQ1	Q2	TestSuccess	TotalEnvInteracts	TotalTime
0	-49.0	-49.0	-50.0	-1.2711165	1.8001701	0.7874409	-12.563838	-1.2709893	0.0	2500	25.63520312309265
1	-48.24	-48.24	-45.0	-2.1605563	4.0371947	0.991364	-21.842752	-2.160292	0.1	5000	59.12880325317383
2	-47.0	-47.0	-50.0	-3.1262853	6.34658	1.8068317	-38.845005	-3.1263099	0.0	7500	94.40780878067017
3	-50.0	-50.0	-45.0	-4.1191225	8.358962	0.9814947	-45.84305	-4.118841	0.1	10000	130.07134556770325
4	-50.0	-50.0	-50.0	-5.009753	10.122694	2.3588016	-49.75585	-5.0095005	0.0	12500	164.97131252288818
5	-48.28	-48.28	-50.0	-5.696044	11.511386	1.145305	-49.980732	-5.6959524	0.0	15000	200.60144066810608
6	-49.0	-49.0	-49.4	-6.2961626	12.715332	7.2734995	-60.534523	-6.2963023	0.0	17500	236.7632441520691
7	-50.0	-50.0	-45.0	-6.842939	13.7516985	2.8128455	-54.280838	-6.8428273	0.1	20000	271.53011751174927
8	-43.26	-43.26	-50.0	-7.2188187	14.540736	4.4130244	-55.02129	-7.2187214	0.0	22500	306.34863686561584
9	-49.0	-49.0	-50.0	-7.470791	15.16172	2.406598	-53.462948	-7.470436	0.0	25000	344.1544737815857
10	-46.16	-46.16	-50.0	-7.7855744	15.83067	3.0481758	-54.889683	-7.7855473	0.0	27500	381.44587326049805
11	-49.0	-49.0	-45.0	-8.016336	16.309961	8.556455	-56.75473	-8.016478	0.1	30000	418.6103594303131
12	-46.78	-46.78	-50.0	-8.171514	16.637356	2.4163215	-59.61386	-8.1713	0.0	32500	453.9810335636139
13	-48.0	-48.0	-44.5	-8.299002	16.898296	2.6363387	-57.516655	-8.299042	0.1	35000	489.6806492805481
14	-47.04	-47.04	-50.0	-8.330988	17.011515	3.2375083	-58.19738	-8.331006	0.0	37500	524.9634027481079
15	-48.0	-48.0	-45.0	-8.519335	17.276005	2.4579942	-61.59665	-8.519373	0.1	40000	560.5646526813507
16	-47.0	-47.0	-50.0	-8.610011	17.4232	2.5625541	-58.634575	-8.610143	0.0	42500	595.0142021179199
17	-49.0	-49.0	-50.0	-8.759811	17.603668	3.4828508	-60.723225	-8.759898	0.0	45000	630.2873027324677
18	-48.0	-48.0	-50.0	-8.759305	17.697319	3.0064092	-60.51076	-8.759519	0.0	47500	665.9051198959351
19	-49.0	-49.0	-50.0	-8.807135	17.786379	4.4888005	-66.305336	-8.807427	0.0	50000	701.6522839069366
20	-47.0	-47.0	-50.0	-8.938225	17.957993	2.945404	-64.75184	-8.938312	0.0	52500	736.4131968021393
21	-48.0	-48.0	-50.0	-9.072433	18.100204	3.8735926	-59.56543	-9.072834	0.0	55000	771.6315412521362
22	-49.52	-49.52	-40.0	-9.03627	18.05909	2.9506297	-67.31871	-9.037295	0.2	57500	807.4948420524597
23	-48.0	-48.0	-45.0	-9.094217	18.087776	2.815191	-61.930153	-9.094695	0.1	60000	843.4953260421753
24	-48.0	-48.0	-50.0	-9.111643	18.1229	4.2403345	-63.963898	-9.111687	0.0	62500	879.1002035140991
25	-49.44	-49.44	-45.0	-9.091688	18.042366	4.332786	-59.28028	-9.09162	0.1	65000	914.0153694152832
26	-49.0	-49.0	-47.6	-9.143108	18.05541	3.67833	-70.34562	-9.142972	0.0	67500	950.2022933959961
27	-45.98	-45.98	-50.0	-9.035006	17.919483	5.7428665	-66.820015	-9.03452	0.0	70000	985.6574368476868
28	-48.1	-48.1	-50.0	-9.065029	17.94602	3.6800382	-60.82791	-9.064702	0.0	72500	1021.5321581363678
29	-48.82	-48.82	-50.0	-9.0318365	17.87635	5.3325253	-61.70082	-9.031776	0.0	75000	1056.952297925949
30	-49.0	-49.0	-50.0	-9.003459	17.809309	6.013057	-58.925755	-9.003686	0.0	77500	1092.2381064891815
31	-49.38	-49.38	-45.0	-9.076199	17.850721	5.114614	-61.755882	-9.076581	0.1	80000	1128.3817920684814
32	-49.96	-49.96	-45.0	-9.171912	17.938482	6.7843676	-59.936954	-9.172473	0.1	82500	1164.8338174819946
33	-46.8	-46.8	-50.0	-9.187261	17.964289	8.269668	-59.32976	-9.187727	0.0	85000	1200.5183279514313
34	-47.98	-47.98	-50.0	-9.192832	18.000814	5.150773	-61.984333	-9.193367	0.0	87500	1236.566312789917
35	-49.9	-49.9	-45.0	-9.273183	18.084726	4.3362803	-59.261017	-9.273108	0.1	90000	1272.3531126976013
36	-49.06	-49.06	-50.0	-9.285561	18.09051	3.7292175	-63.178795	-9.285958	0.0	92500	1307.6828618049622
37	-49.0	-49.0	-35.0	-9.324317	18.128468	4.4969482	-66.209946	-9.32383	0.3	95000	1343.1939978599548
38	-46.0	-46.0	-50.0	-9.303252	18.082752	4.887643	-63.89033	-9.303464	0.0	97500	1379.2538783550262
39	-49.1	-49.1	-44.600002	-9.304567	18.075333	3.6366549	-62.18183	-9.30485	0.1	100000	1415.251852273941
40	-48.88	-48.88	-49.8	-9.293834	18.048256	3.9937093	-59.243824	-9.293924	0.0	102500	1451.386685848236
41	-47.12	-47.12	-50.0	-9.265509	17.971144	14.685565	-59.356384	-9.265275	0.0	105000	1487.2976179122925
42	-44.64	-44.64	-50.0	-9.27293	17.955666	4.5216737	-65.39127	-9.273186	0.0	107500	1523.174376964569
43	-47.98	-47.98	-49.5	-9.315135	17.951761	7.529403	-61.92443	-9.314739	0.0	110000	1558.5809261798859
44	-48.8	-48.8	-50.0	-9.274964	17.869547	4.397906	-67.75878	-9.274671	0.0	112500	1594.0189790725708
45	-45.46	-45.46	-50.0	-9.274775	17.817436	5.449362	-64.47735	-9.274565	0.0	115000	1629.6177954673767
46	-46.66	-46.66	-50.0	-9.226564	17.749287	7.0357513	-73.971	-9.226375	0.0	117500	1665.0074183940887
47	-47.28	-47.28	-44.2	-9.296103	17.780619	5.291901	-63.72642	-9.296178	0.1	120000	1699.6117045879364
48	-46.66	-46.66	-45.0	-9.217766	17.630245	6.525455	-62.51883	-9.217932	0.1	122500	1732.6172542572021
49	-45.78	-45.78	-45.0	-9.2852955	17.64865	4.533075	-63.75263	-9.285591	0.1	125000	1768.0335793495178
50	-47.32	-47.32	-41.8	-9.240725	17.575977	7.0243464	-67.73603	-9.240653	0.2	127500	1804.455727815628
51	-48.32	-48.32	-49.3	-9.171879	17.440638	7.0177784	-61.278336	-9.171757	0.0	130000	1841.0887706279755
52	-46.56	-46.56	-49.0	-9.183214	17.409258	6.993054	-62.999214	-9.183676	0.0	132500	1876.541826725006
53	-48.24	-48.24	-50.0	-9.198754	17.376333	5.1280417	-61.406887	-9.199132	0.0	135000	1912.943323135376
54	-47.06	-47.06	-41.100002	-9.1433325	17.28429	8.659302	-61.14687	-9.14357	0.2	137500	1949.5539326667786
55	-46.52	-46.52	-49.5	-9.160257	17.253431	9.650078	-61.122337	-9.160239	0.0	140000	1985.3801183700562
56	-45.02	-45.02	-44.600002	-9.126911	17.194326	4.347319	-62.88202	-9.126685	0.1	142500	2021.7240891456604
57	-49.16	-49.16	-45.399998	-9.1475525	17.171427	6.800656	-60.74494	-9.148063	0.1	145000	2057.6540455818176
58	-47.82	-47.82	-50.0	-9.167699	17.167103	7.0442395	-65.28105	-9.168301	0.0	147500	2093.633332967758
59	-44.98	-44.98	-50.0	-9.165239	17.155016	9.477076	-63.9714	-9.165737	0.0	150000	2129.3099315166473
60	-48.4	-48.4	-44.0	-9.193887	17.183283	7.667848	-61.23133	-9.194221	0.1	152500	2164.502726793289
61	-44.96	-44.96	-50.0	-9.193677	17.148607	6.186446	-58.505695	-9.194357	0.0	155000	2199.934855222702
62	-45.38	-45.38	-44.3	-9.18444	17.14717	7.223611	-61.864292	-9.185134	0.1	157500	2236.062654018402
63	-47.62	-47.62	-49.8	-9.198319	17.163004	5.5556684	-65.15327	-9.19908	0.0	160000	2272.427617788315
64	-45.76	-45.76	-45.5	-9.216483	17.151188	10.169957	-64.279495	-9.217329	0.1	162500	2307.7258954048157
65	-46.58	-46.58	-44.5	-9.181367	17.101187	6.385717	-64.068	-9.182154	0.1	165000	2343.2931406497955
66	-47.88	-47.88	-50.0	-9.163679	17.066721	5.67324	-61.454887	-9.164617	0.0	167500	2379.3080966472626
67	-47.12	-47.12	-49.8	-9.212279	17.081253	8.351181	-63.593227	-9.2132435	0.0	170000	2415.0805265903473
68	-46.82	-46.82	-49.7	-9.147331	16.997337	5.002567	-63.6239	-9.148385	0.0	172500	2450.3339364528656
69	-47.02	-47.02	-45.0	-9.135622	16.960007	9.192253	-63.28291	-9.136183	0.1	175000	2484.0159080028534
70	-47.64	-47.64	-49.7	-9.145616	16.942263	9.172642	-61.175274	-9.146121	0.0	177500	2520.048003435135
71	-43.76	-43.76	-49.9	-9.133303	16.915487	7.512634	-61.446342	-9.13432	0.0	180000	2555.556454896927
72	-43.14	-43.14	-49.9	-9.119866	16.902128	12.577391	-59.837242	-9.120934	0.0	182500	2590.515627861023
73	-47.92	-47.92	-47.0	-9.126801	16.905287	5.390519	-67.963585	-9.126989	0.1	185000	2625.8904526233673
74	-45.88	-45.88	-45.600002	-9.147824	16.90721	10.232213	-62.401184	-9.147826	0.1	187500	2661.860937356949
75	-45.76	-45.76	-44.8	-9.127323	16.863781	7.3978996	-61.886337	-9.127511	0.1	190000	2698.1070082187653
76	-43.88	-43.88	-45.899998	-9.0715685	16.795593	6.6837797	-59.582462	-9.071857	0.1	192500	2733.8607194423676
77	-42.34	-42.34	-45.2	-9.128689	16.802813	7.668906	-59.72893	-9.129319	0.1	195000	2769.6570374965668
78	-46.56	-46.56	-45.7	-9.076128	16.72245	8.250382	-62.545853	-9.076601	0.1	197500	2805.0926485061646
79	-45.14	-45.14	-33.3	-9.095835	16.711874	6.481063	-61.25671	-9.096118	0.4	200000	2840.433390855789
80	-46.26	-46.26	-47.7	-9.0780945	16.659546	6.4869103	-64.58438	-9.078602	0.0	202500	2877.2713882923126
81	-48.38	-48.38	-47.3	-9.100091	16.641386	6.228457	-65.68971	-9.101101	0.1	205000	2913.8745152950287
82	-45.76	-45.76	-41.2	-9.094414	16.652517	5.5284514	-62.89273	-9.094396	0.2	207500	2950.5832648277283
83	-44.82	-44.82	-44.899998	-9.09647	16.604063	8.832277	-66.41878	-9.097078	0.2	210000	2987.111937522888
84	-45.92	-45.92	-42.899998	-9.063262	16.532513	8.078678	-60.94155	-9.063709	0.2	212500	3023.7659792900085
85	-43.56	-43.56	-46.100002	-9.0879	16.512148	5.742878	-65.19791	-9.088176	0.1	215000	3060.3613526821136
86	-42.86	-42.86	-42.899998	-9.106378	16.499653	6.8929067	-66.4494	-9.106771	0.2	217500	3096.0618288517
87	-44.76	-44.76	-35.100002	-9.047319	16.42685	8.81958	-61.62122	-9.047449	0.4	220000	3131.9976303577423
88	-43.72	-43.72	-47.3	-9.099081	16.453547	6.812262	-63.917923	-9.099973	0.1	222500	3167.485205888748
89	-41.26	-41.26	-41.100002	-9.06046	16.404467	5.9507732	-61.90248	-9.060978	0.1	225000	3203.092106103897
90	-43.1	-43.1	-40.2	-9.070581	16.39005	6.600266	-67.249374	-9.070876	0.2	227500	3238.724352121353
91	-45.4	-45.4	-40.7	-9.070222	16.369114	11.88799	-68.21783	-9.071565	0.2	230000	3274.4341094493866
92	-46.08	-46.08	-37.8	-9.091584	16.35373	7.2561846	-66.083916	-9.092083	0.3	232500	3310.543300628662
93	-41.22	-41.22	-42.7	-9.143592	16.369148	7.087123	-60.964333	-9.144448	0.2	235000	3346.5941364765167
94	-44.5	-44.5	-37.5	-9.172037	16.348595	7.699813	-65.84234	-9.172684	0.4	237500	3382.444330215454
95	-44.74	-44.74	-48.0	-9.222763	16.366207	8.35369	-66.921555	-9.223871	0.1	240000	3418.6477315425873
96	-45.54	-45.54	-48.0	-9.182964	16.3392	6.057369	-61.06762	-9.184159	0.1	242500	3454.595299720764
97	-42.68	-42.68	-45.5	-9.199639	16.317581	8.680032	-66.02436	-9.200661	0.1	245000	3490.374297142029
98	-41.94	-41.94	-47.9	-9.188453	16.261616	4.9744925	-63.844074	-9.188876	0.1	247500	3526.5341444015503
99	-45.26	-45.26	-48.6	-9.228759	16.283237	7.6788087	-61.97626	-9.229167	0.0	250000	3563.250604867935
100	-43.76	-43.76	-48.9	-9.260731	16.265993	6.820928	-60.101036	-9.261698	0.1	252500	3599.4708828926086
101	-43.48	-43.48	-45.899998	-9.273665	16.240822	6.6573668	-64.87226	-9.274038	0.1	255000	3635.7604434490204
102	-43.66	-43.66	-41.7	-9.238158	16.18136	8.741158	-76.449005	-9.238707	0.2	257500	3672.5584399700165
103	-43.32	-43.32	-45.2	-9.2738	16.162739	7.0498695	-65.461174	-9.274464	0.1	260000	3708.44491481781
104	-47.96	-47.96	-39.899998	-9.279871	16.164087	5.2655354	-61.831898	-9.280467	0.2	262500	3744.715541124344
105	-43.02	-43.02	-45.899998	-9.304261	16.157166	5.8180737	-68.99714	-9.304531	0.2	265000	3780.4705064296722
106	-43.72	-43.72	-40.2	-9.336635	16.108942	6.833317	-65.73963	-9.335581	0.3	267500	3817.4392096996307
107	-46.6	-46.6	-39.899998	-9.319285	16.05624	11.802877	-65.43531	-9.321247	0.2	270000	3854.0657165050507
108	-45.28	-45.28	-47.2	-9.32856	16.06983	11.2309265	-64.61024	-9.329597	0.1	272500	3890.595243692398
109	-45.68	-45.68	-38.7	-9.344195	16.070677	12.965481	-61.214394	-9.3451805	0.3	275000	3926.0397868156433
110	-40.04	-40.04	-40.8	-9.402033	16.087114	12.555132	-66.45859	-9.403364	0.3	277500	3961.9670538902283
111	-45.3	-45.3	-42.600002	-9.30007	15.990138	6.908949	-65.438835	-9.301085	0.2	280000	3997.851763010025
112	-37.6	-37.6	-40.2	-9.271997	15.928301	9.218128	-65.00423	-9.273255	0.3	282500	4033.3068947792053
113	-40.0	-40.0	-39.3	-9.339361	15.921709	9.573645	-64.9014	-9.340237	0.2	285000	4069.198320388794
114	-43.04	-43.04	-45.399998	-9.299584	15.845732	7.4811997	-65.97652	-9.300651	0.1	287500	4105.077238559723
115	-39.82	-39.82	-39.8	-9.248102	15.781428	5.793088	-62.720894	-9.249842	0.3	290000	4140.934706687927
116	-43.8	-43.8	-43.5	-9.318186	15.822489	9.046434	-65.25467	-9.317926	0.2	292500	4176.862362861633
117	-43.58	-43.58	-38.100002	-9.295614	15.770507	7.2030315	-61.967724	-9.295771	0.5	295000	4212.545042276382
118	-44.24	-44.24	-41.100002	-9.279108	15.755314	6.8522415	-64.87051	-9.279861	0.2	297500	4248.200282096863
119	-41.14	-41.14	-28.5	-9.217089	15.713616	11.711716	-64.30186	-9.216946	0.5	300000	4283.432499170303
120	-44.64	-44.64	-31.2	-9.222586	15.661765	6.9927444	-60.83087	-9.223273	0.4	302500	4319.362873315811
121	-40.94	-40.94	-41.100002	-9.240644	15.678592	12.057169	-64.787254	-9.24103	0.1	305000	4354.944053173065
122	-42.24	-42.24	-45.399998	-9.228918	15.624476	7.717169	-66.96656	-9.228998	0.1	307500	4391.109903097153
123	-40.58	-40.58	-35.2	-9.211529	15.563739	7.4073753	-66.96339	-9.212174	0.3	310000	4426.331773042679
124	-43.38	-43.38	-40.100002	-9.264886	15.571932	9.311493	-64.13025	-9.265222	0.4	312500	4461.971735954285
125	-43.0	-43.0	-40.7	-9.277483	15.604133	6.553624	-62.71036	-9.278071	0.3	315000	4497.874066591263
126	-42.96	-42.96	-48.7	-9.222342	15.531344	8.433569	-61.94845	-9.223377	0.1	317500	4533.9008111953735
127	-41.34	-41.34	-41.7	-9.249119	15.545254	5.323015	-63.410347	-9.248565	0.2	320000	4569.632782697678
128	-41.38	-41.38	-42.7	-9.16418	15.409273	6.7952847	-60.588562	-9.165196	0.3	322500	4605.798071861267
129	-40.08	-40.08	-38.399998	-9.183426	15.378952	8.453449	-65.68236	-9.182896	0.4	325000	4642.128950834274
130	-41.12	-41.12	-30.8	-9.137058	15.324511	7.374493	-62.21989	-9.13781	0.5	327500	4677.972290277481
131	-43.16	-43.16	-36.5	-9.111095	15.260846	7.5311594	-62.273304	-9.112598	0.5	330000	4714.787686824799
132	-45.14	-45.14	-40.899998	-9.155107	15.291537	6.7933445	-61.145435	-9.154993	0.2	332500	4751.142614841461
133	-43.26	-43.26	-42.600002	-9.130831	15.232761	6.4172697	-63.320675	-9.13112	0.1	335000	4787.558332443237
134	-42.44	-42.44	-42.3	-9.114301	15.171999	17.537714	-63.34857	-9.115756	0.1	337500	4823.63073682785
135	-42.66	-42.66	-36.899998	-9.20199	15.19378	7.6704636	-60.499557	-9.202928	0.3	340000	4859.458712339401
136	-41.18	-41.18	-34.600002	-9.130704	15.100297	6.5984106	-60.850567	-9.131863	0.4	342500	4895.991094112396
137	-39.68	-39.68	-39.600002	-9.11996	15.071078	7.1565742	-60.71175	-9.119838	0.3	345000	4931.587752580643
138	-42.08	-42.08	-29.9	-9.068641	15.000919	17.047895	-62.18126	-9.06799	0.4	347500	4967.544148921967
139	-40.2	-40.2	-43.3	-9.043951	14.985363	8.40501	-59.91626	-9.044594	0.2	350000	5003.746437549591
140	-42.08	-42.08	-44.7	-9.074275	14.992125	12.951825	-60.54388	-9.074329	0.1	352500	5039.995096921921
141	-43.1	-43.1	-36.100002	-8.961129	14.902464	8.557314	-59.447826	-8.960933	0.3	355000	5076.09624671936
142	-42.28	-42.28	-45.2	-8.99481	14.915472	14.1080265	-63.567776	-8.995287	0.2	357500	5111.789201259613
143	-46.94	-46.94	-39.600002	-8.9529915	14.835563	11.171665	-65.31678	-8.953056	0.3	360000	5146.939289569855
144	-43.88	-43.88	-38.0	-9.000705	14.819083	9.344004	-61.073734	-9.001281	0.3	362500	5183.221506595612
145	-43.7	-43.7	-33.8	-9.011423	14.828855	16.014992	-60.40994	-9.01133	0.4	365000	5218.886405944824
146	-42.64	-42.64	-30.3	-8.989841	14.780092	10.688706	-61.915257	-8.9901085	0.6	367500	5255.462506532669
147	-40.52	-40.52	-48.4	-8.972445	14.727502	8.862867	-60.192993	-8.9729595	0.1	370000	5291.8270971775055
148	-39.96	-39.96	-33.8	-8.9935	14.743086	15.103084	-66.341225	-8.993607	0.2	372500	5328.007403612137
149	-44.58	-44.58	-43.899998	-8.998999	14.677411	12.000158	-60.922718	-8.998787	0.0	375000	5363.319117307663
150	-39.58	-39.58	-43.3	-8.987981	14.648779	17.616594	-63.42182	-8.988918	0.2	377500	5399.102313041687
151	-42.92	-42.92	-40.7	-9.067805	14.71581	15.161981	-65.58637	-9.068331	0.2	380000	5435.025128126144
152	-41.86	-41.86	-34.399998	-9.026673	14.655726	11.899612	-59.521893	-9.027011	0.4	382500	5470.619711399078
153	-41.62	-41.62	-35.100002	-9.071516	14.632174	13.621906	-62.274227	-9.071091	0.4	385000	5506.428415060043
154	-39.04	-39.04	-41.899998	-9.038324	14.555293	12.212515	-62.58302	-9.037561	0.0	387500	5542.52423787117
155	-39.4	-39.4	-38.600002	-9.101879	14.5845175	7.7745366	-66.5799	-9.102456	0.2	390000	5578.2804453372955
156	-45.76	-45.76	-43.399998	-9.042764	14.533966	10.897095	-62.364918	-9.043242	0.1	392500	5614.295531749725
157	-39.12	-39.12	-33.100002	-9.038371	14.5054455	11.672273	-62.354645	-9.038109	0.5	395000	5650.632762432098
158	-42.12	-42.12	-45.0	-8.976006	14.408796	10.004885	-61.543503	-8.976831	0.0	397500	5686.959874629974
159	-40.44	-40.44	-32.7	-8.978179	14.389758	9.862078	-65.9499	-8.978424	0.5	400000	5723.039085865021
160	-36.42	-36.42	-35.8	-8.96783	14.338563	14.335679	-67.233406	-8.968866	0.4	402500	5759.464540719986
161	-42.5	-42.5	-34.7	-8.971244	14.304211	11.5840225	-60.788376	-8.971508	0.4	405000	5796.117952823639
162	-41.66	-41.66	-35.0	-8.926937	14.239189	8.873366	-60.297356	-8.92754	0.5	407500	5832.6391088962555
163	-38.56	-38.56	-27.5	-8.914793	14.196493	13.786706	-69.313095	-8.914807	0.4	410000	5868.993603229523
164	-39.02	-39.02	-29.7	-8.870013	14.12943	8.57501	-61.883804	-8.869887	0.6	412500	5905.744103193283
165	-39.48	-39.48	-26.9	-8.926651	14.114505	10.936635	-66.762856	-8.927965	0.5	415000	5942.118145465851
166	-37.9	-37.9	-29.3	-8.947272	14.101801	9.612382	-63.49074	-8.947979	0.5	417500	5978.652606725693
167	-37.68	-37.68	-38.899998	-8.952192	14.05403	9.880312	-61.157658	-8.952095	0.3	420000	6015.068763017654
168	-41.1	-41.1	-45.2	-8.91186	14.009218	11.30155	-62.210796	-8.911771	0.1	422500	6051.5214738845825
169	-39.14	-39.14	-33.100002	-8.898472	13.931701	9.316997	-65.05572	-8.898898	0.5	425000	6087.523370027542
170	-36.32	-36.32	-43.100002	-8.900632	13.905417	7.436883	-64.1109	-8.900972	0.3	427500	6124.392627477646
171	-38.72	-38.72	-30.8	-8.919432	13.890311	10.880344	-61.583736	-8.9201565	0.6	430000	6160.143634557724
172	-37.72	-37.72	-38.399998	-8.8948345	13.850924	12.491489	-65.001	-8.895628	0.1	432500	6195.853508472443
173	-39.82	-39.82	-31.6	-8.870367	13.775079	13.029881	-59.439316	-8.870345	0.5	435000	6232.419170856476
174	-37.48	-37.48	-37.5	-8.845157	13.735925	9.107346	-65.04466	-8.84579	0.2	437500	6268.847883462906
175	-38.06	-38.06	-25.8	-8.787727	13.653922	11.397492	-62.13567	-8.787871	0.6	440000	6303.896682500839
176	-43.22	-43.22	-24.6	-8.791693	13.618011	8.52441	-66.39731	-8.791838	0.7	442500	6338.883998394012
177	-35.24	-35.24	-38.600002	-8.79264	13.578828	11.920184	-66.818504	-8.79295	0.3	445000	6374.441649675369
178	-38.8	-38.8	-28.1	-8.780472	13.522061	11.880028	-66.94008	-8.780203	0.5	447500	6410.659058570862
179	-38.2	-38.2	-32.3	-8.761338	13.467608	9.868928	-68.838554	-8.761672	0.4	450000	6446.165079593658
180	-43.18	-43.18	-32.399998	-8.716975	13.424789	6.678384	-64.67298	-8.71737	0.4	452500	6482.020846128464
181	-35.78	-35.78	-39.8	-8.763464	13.433306	6.0725965	-61.96292	-8.763183	0.2	455000	6517.604615926743
182	-37.18	-37.18	-28.7	-8.744832	13.394076	9.698283	-64.02837	-8.744664	0.5	457500	6553.175874948502
183	-35.9	-35.9	-34.8	-8.74499	13.324937	8.742975	-65.133705	-8.745508	0.3	460000	6588.75819849968
184	-37.76	-37.76	-31.4	-8.664989	13.23522	7.335693	-69.97917	-8.666252	0.4	462500	6624.276506900787
185	-35.1	-35.1	-34.100002	-8.681224	13.201158	14.803319	-66.56414	-8.68192	0.5	465000	6660.820209741592
186	-32.26	-32.26	-42.0	-8.609179	13.111866	9.639091	-70.279396	-8.60963	0.3	467500	6697.511928319931
187	-40.1	-40.1	-12.4	-8.612884	13.130772	7.6027594	-62.608166	-8.612857	0.7	470000	6732.576370000839
188	-36.08	-36.08	-32.8	-8.5532	13.016109	8.0521965	-63.369995	-8.55306	0.4	472500	6767.5434827804565
189	-39.78	-39.78	-36.100002	-8.515579	12.89816	7.5581965	-64.53359	-8.515856	0.3	475000	6803.425736427307
190	-37.1	-37.1	-26.8	-8.497682	12.79149	7.8688436	-65.291115	-8.497792	0.5	477500	6839.077264785767
191	-39.12	-39.12	-23.9	-8.458051	12.728227	9.275065	-68.26332	-8.457799	0.6	480000	6875.240508079529
192	-39.38	-39.38	-24.4	-8.382937	12.627321	8.79168	-65.76446	-8.382956	0.7	482500	6911.679616689682
193	-35.08	-35.08	-19.5	-8.384556	12.570929	8.803558	-64.83446	-8.384997	0.7	485000	6947.671421289444
194	-36.9	-36.9	-23.7	-8.31798	12.487382	9.197767	-63.880035	-8.317655	0.5	487500	6983.508747339249
195	-35.58	-35.58	-19.9	-8.292703	12.37973	7.3377943	-61.688786	-8.292534	0.7	490000	7018.971514701843
196	-38.54	-38.54	-23.6	-8.251733	12.294263	7.8599505	-84.61067	-8.2519	0.6	492500	7055.101718187332
197	-36.34	-36.34	-23.0	-8.213111	12.212727	9.497641	-63.819942	-8.21274	0.7	495000	7091.069048643112
198	-34.02	-34.02	-28.7	-8.092293	12.053115	8.945337	-67.213844	-8.092564	0.5	497500	7127.135454893112
199	-35.06	-35.06	-14.8	-8.087295	11.988892	6.9602394	-64.238884	-8.087214	0.9	500000	7163.564435720444
200	-35.44	-35.44	-15.6	-8.020479	11.865952	8.138461	-66.771385	-8.021251	1.0	502500	7199.246164321899
201	-36.12	-36.12	-25.5	-7.9417634	11.725141	7.8674564	-61.283016	-7.9414315	0.5	505000	7235.035693645477
202	-38.1	-38.1	-22.5	-7.819047	11.5053835	7.227807	-65.89643	-7.8185863	0.7	507500	7271.689624547958
203	-38.68	-38.68	-20.0	-7.7739615	11.37809	6.4859457	-71.73988	-7.773363	0.7	510000	7308.009906291962
204	-34.74	-34.74	-12.7	-7.7137156	11.286327	6.5599446	-64.427765	-7.7142043	1.0	512500	7344.847592592239
205	-38.52	-38.52	-20.800001	-7.629139	11.213732	8.828559	-64.144325	-7.62913	0.7	515000	7381.54575419426
206	-35.66	-35.66	-22.800001	-7.5527143	11.054962	8.428475	-63.595184	-7.552359	0.8	517500	7417.999747514725
207	-31.86	-31.86	-16.300001	-7.4996815	10.948918	7.1265	-69.4428	-7.4999757	0.9	520000	7454.191244602203
208	-32.62	-32.62	-16.0	-7.3784027	10.772756	9.031644	-62.148678	-7.3777375	0.9	522500	7490.9963047504425
209	-31.16	-31.16	-18.1	-7.3040304	10.674962	9.025187	-78.15065	-7.3035774	0.8	525000	7527.02050280571
210	-34.02	-34.02	-23.8	-7.2199254	10.522768	6.4091067	-64.12295	-7.2195663	0.8	527500	7564.1474187374115
211	-32.7	-32.7	-22.4	-7.1873755	10.4227705	6.0308948	-64.93897	-7.1871395	0.6	530000	7600.915100336075
212	-35.66	-35.66	-19.1	-7.158153	10.391067	9.250342	-67.684456	-7.1573367	0.9	532500	7637.612375974655
213	-37.28	-37.28	-11.3	-7.033316	10.24074	9.094832	-65.234436	-7.032814	1.0	535000	7675.141810417175
214	-28.98	-28.98	-11.099999	-7.022118	10.183079	8.162533	-65.690125	-7.021661	1.0	537500	7712.253082752228
215	-32.56	-32.56	-19.4	-6.9963984	10.1458645	6.2599587	-61.3765	-6.9959054	0.8	540000	7748.795277833939
216	-34.88	-34.88	-19.4	-6.9333677	10.060197	9.844065	-90.0292	-6.933712	0.8	542500	7785.2025847435
217	-32.88	-32.88	-12.6	-6.8699555	9.939169	7.370327	-68.235504	-6.8695903	0.9	545000	7821.46445274353
218	-34.02	-34.02	-11.9	-6.7747746	9.780851	6.036292	-64.7823	-6.7749224	1.0	547500	7857.698556423187
219	-30.8	-30.8	-10.400001	-6.72551	9.675522	13.10313	-63.35747	-6.724926	1.0	550000	7893.522487401962
220	-30.14	-30.14	-20.1	-6.619056	9.492768	6.245716	-64.7209	-6.618782	0.8	552500	7930.507652282715
221	-33.24	-33.24	-12.4	-6.5229487	9.308599	9.073623	-78.929955	-6.5222096	1.0	555000	7966.200209140778
222	-34.58	-34.58	-12.1	-6.425981	9.197919	9.901098	-66.46356	-6.4261675	1.0	557500	8002.365161657333
223	-36.34	-36.34	-19.699999	-6.388307	9.15492	5.067877	-73.088806	-6.3880844	0.8	560000	8039.154654741287
224	-33.22	-33.22	-12.0	-6.411102	9.15359	10.746475	-65.13962	-6.411495	0.9	562500	8075.464992284775
225	-34.68	-34.68	-13.9	-6.3610516	9.075834	11.5470495	-80.61112	-6.360492	0.9	565000	8112.105076551437
226	-34.58	-34.58	-9.7	-6.2935386	9.029814	8.634392	-63.623554	-6.2933125	1.0	567500	8148.532747030258
227	-30.9	-30.9	-12.6	-6.2659864	8.977508	10.0927925	-74.302246	-6.2653317	0.9	570000	8185.66179561615
228	-30.1	-30.1	-15.5	-6.200113	8.875923	6.107933	-73.904915	-6.2002225	0.9	572500	8222.032301902771
229	-30.14	-30.14	-14.8	-6.109809	8.7527075	9.472754	-63.997066	-6.1095147	0.8	575000	8257.89578294754
230	-32.98	-32.98	-10.3	-6.0343795	8.707003	8.480834	-62.697876	-6.034224	1.0	577500	8293.921309709549
231	-32.44	-32.44	-19.5	-6.0246396	8.671195	7.274138	-71.19744	-6.0239043	0.8	580000	8330.785147666931
232	-31.86	-31.86	-16.300001	-6.0232005	8.607349	13.146881	-74.28072	-6.0227256	1.0	582500	8367.906849384308
233	-31.78	-31.78	-12.0	-5.944398	8.51984	7.3973994	-72.0127	-5.944201	0.9	585000	8404.36800289154
234	-29.2	-29.2	-14.3	-5.8319354	8.370126	8.494378	-62.217323	-5.831654	1.0	587500	8441.003810405731
235	-30.44	-30.44	-30.4	-5.822323	8.3419285	8.126618	-73.61386	-5.8222156	0.5	590000	8477.682963609695
236	-30.12	-30.12	-10.2	-5.7470284	8.285011	5.911812	-69.12995	-5.746131	1.0	592500	8514.170209169388
237	-33.18	-33.18	-9.8	-5.6750245	8.230481	9.427922	-70.350746	-5.6744585	1.0	595000	8550.832590818405
238	-27.0	-27.0	-15.1	-5.674611	8.220296	7.876482	-69.52264	-5.673904	0.9	597500	8587.312476158142
239	-27.68	-27.68	-19.800001	-5.6154428	8.141649	7.0362296	-67.160835	-5.6156135	0.8	600000	8624.39189863205
240	-30.06	-30.06	-15.7	-5.597174	8.134638	10.094606	-68.720184	-5.5969605	0.9	602500	8661.500343322754
241	-28.56	-28.56	-9.3	-5.5136967	8.025312	6.781219	-75.85858	-5.512814	1.0	605000	8698.669541358948
242	-26.8	-26.8	-12.7	-5.4839272	8.017801	8.299541	-80.0425	-5.4832697	1.0	607500	8734.804992198944
243	-30.36	-30.36	-11.5	-5.449898	7.943131	7.1806517	-65.70358	-5.4494057	1.0	610000	8770.875226259232
244	-27.14	-27.14	-12.6	-5.4063663	7.9156475	6.357939	-79.00937	-5.4060607	0.9	612500	8807.248181819916
245	-27.96	-27.96	-10.599999	-5.301122	7.765344	9.780779	-65.00621	-5.3009253	1.0	615000	8843.569252252579
246	-27.02	-27.02	-10.900001	-5.2705474	7.759342	7.2650824	-67.48516	-5.269819	1.0	617500	8880.118946790695
247	-32.96	-32.96	-14.7	-5.2253714	7.693552	6.6807375	-64.95783	-5.2243977	0.9	620000	8916.555394649506
248	-33.14	-33.14	-9.3	-5.1873765	7.625538	7.458856	-62.492046	-5.187444	1.0	622500	8952.63912320137
249	-33.34	-33.34	-10.5	-5.1736884	7.6168613	5.6651	-71.400314	-5.174205	1.0	625000	8988.87569308281
250	-28.68	-28.68	-9.2	-5.116813	7.582872	12.082169	-68.38929	-5.1164665	1.0	627500	9025.63775587082
251	-30.62	-30.62	-10.8	-5.0837073	7.4984703	7.9110594	-64.501114	-5.0831184	1.0	630000	9061.964558839798
252	-30.52	-30.52	-9.099999	-5.0565176	7.490204	6.344913	-66.50526	-5.055566	1.0	632500	9098.35824918747
253	-28.56	-28.56	-9.8	-4.990886	7.43225	6.4853077	-77.68509	-4.990945	1.0	635000	9134.947813510895
254	-32.82	-32.82	-12.3	-4.9789457	7.400631	7.0953016	-70.467705	-4.9786897	1.0	637500	9172.010625362396
255	-28.04	-28.04	-9.400001	-4.9237185	7.3024673	14.248028	-67.34005	-4.9226923	1.0	640000	9208.769399166107
256	-28.38	-28.38	-9.2	-4.856529	7.2380037	6.7706037	-67.430664	-4.85602	1.0	642500	9245.344128608704
257	-31.28	-31.28	-16.199999	-4.8603935	7.259845	10.202737	-66.895226	-4.860373	0.8	645000	9282.04609131813
258	-28.84	-28.84	-13.0	-4.8066535	7.2160296	9.149318	-78.087776	-4.8060236	1.0	647500	9318.182201862335
259	-28.98	-28.98	-12.0	-4.758274	7.146481	7.1420693	-62.86428	-4.757577	1.0	650000	9355.220110654831
260	-26.54	-26.54	-12.9	-4.7190776	7.0869823	8.146297	-66.636505	-4.718599	1.0	652500	9391.882884025574
261	-31.52	-31.52	-9.900001	-4.650141	6.9772725	7.050945	-69.2228	-4.6503487	1.0	655000	9427.354022741318
262	-32.88	-32.88	-9.599999	-4.6564846	7.017548	7.6268706	-67.31021	-4.6554976	1.0	657500	9464.442266702652
263	-31.24	-31.24	-9.5	-4.6602035	6.9940968	8.924317	-73.39574	-4.660107	1.0	660000	9501.189267873764
264	-28.84	-28.84	-8.8	-4.624421	6.960657	11.463582	-67.69788	-4.6240077	1.0	662500	9538.124002218246
265	-31.24	-31.24	-6.9	-4.6116414	6.960297	6.4490185	-72.393845	-4.61145	1.0	665000	9574.935492992401
266	-33.16	-33.16	-10.400001	-4.5738935	6.8624005	11.595438	-62.409885	-4.573588	1.0	667500	9611.67047071457
267	-29.88	-29.88	-10.599999	-4.5558624	6.852549	15.870152	-68.11582	-4.555751	1.0	670000	9648.75047159195
268	-30.4	-30.4	-10.2	-4.495193	6.6946726	6.542047	-61.155777	-4.4948936	1.0	672500	9684.821841716766
269	-33.34	-33.34	-8.7	-4.4763193	6.7087207	12.518594	-69.18545	-4.4763045	1.0	675000	9720.578232049942
270	-30.88	-30.88	-11.099999	-4.4580326	6.6816506	10.786619	-61.910564	-4.457949	1.0	677500	9755.493678569794
271	-30.28	-30.28	-15.4	-4.4342155	6.67961	7.158346	-66.72364	-4.434246	0.9	680000	9788.179781198502
272	-29.12	-29.12	-13.1	-4.369534	6.5769167	8.722596	-70.6592	-4.3692126	0.9	682500	9823.449855327606
273	-31.16	-31.16	-10.3	-4.3381085	6.5531006	12.420035	-68.53328	-4.337338	1.0	685000	9858.703646183014
274	-26.14	-26.14	-9.0	-4.302919	6.4963417	7.3013425	-66.16143	-4.3023877	1.0	687500	9894.4655315876
275	-26.52	-26.52	-8.2	-4.282502	6.481933	6.327896	-72.76605	-4.2820024	1.0	690000	9930.923531293869
276	-29.9	-29.9	-13.9	-4.26943	6.478491	11.479004	-67.03235	-4.2689934	0.9	692500	9966.970319032669
277	-28.52	-28.52	-8.599999	-4.27511	6.524012	13.7955675	-68.4123	-4.2749243	1.0	695000	10002.987042427063
278	-30.12	-30.12	-10.7	-4.2326427	6.44421	14.2516165	-70.40215	-4.2321515	1.0	697500	10039.378028392792
279	-28.56	-28.56	-10.599999	-4.180006	6.413363	9.507185	-68.2375	-4.1803975	1.0	700000	10075.860194444656
280	-29.84	-29.84	-7.7	-4.169182	6.3664536	6.120194	-65.25264	-4.169153	1.0	702500	10112.616406440735
281	-28.24	-28.24	-9.099999	-4.143512	6.373682	22.329885	-72.49262	-4.143497	1.0	705000	10149.337595462799
282	-28.8	-28.8	-7.2	-4.1507735	6.3470755	12.510248	-71.940056	-4.1505775	1.0	707500	10186.112188100815
283	-26.32	-26.32	-9.400001	-4.1135283	6.304214	9.869451	-68.422745	-4.113387	1.0	710000	10222.88527417183
284	-28.88	-28.88	-8.7	-4.0660334	6.203187	14.227773	-70.769394	-4.0657396	1.0	712500	10259.956159830093
285	-31.5	-31.5	-8.7	-4.027323	6.180373	5.2541113	-66.8211	-4.0270395	1.0	715000	10295.696633577347
286	-27.7	-27.7	-7.9	-4.0321245	6.1997237	8.091988	-69.98982	-4.031948	1.0	717500	10331.511428833008
287	-26.88	-26.88	-12.7	-4.00133	6.191101	9.3609495	-79.1776	-4.000557	1.0	720000	10367.957803964615
288	-25.68	-25.68	-8.900001	-3.9561644	6.085401	9.870186	-66.29328	-3.9557862	1.0	722500	10404.228607654572
289	-29.26	-29.26	-9.5	-3.933672	6.054439	12.394223	-77.99168	-3.9331524	1.0	725000	10440.323640346527
290	-26.4	-26.4	-10.400001	-3.9229236	6.0546126	12.538841	-68.42176	-3.9230218	0.9	727500	10476.278775691986
291	-22.78	-22.78	-10.3	-3.8853555	5.997191	11.664556	-75.12011	-3.8851657	0.9	730000	10512.649945259094
292	-30.44	-30.44	-9.5	-3.8663976	5.947304	8.060667	-82.64705	-3.866167	1.0	732500	10548.613419294357
293	-32.36	-32.36	-10.0	-3.860245	5.9850845	11.993483	-73.363594	-3.8597126	1.0	735000	10584.118537902832
294	-28.92	-28.92	-9.5	-3.854463	5.9381847	6.893693	-64.21668	-3.8541772	1.0	737500	10620.498106241226
295	-30.34	-30.34	-9.2	-3.825768	5.8912425	5.0984316	-68.414375	-3.8260112	1.0	740000	10656.302896738052
296	-28.62	-28.62	-11.3	-3.8194993	5.867892	8.341855	-68.402534	-3.8188586	1.0	742500	10692.514976024628
297	-25.66	-25.66	-10.3	-3.8351448	5.923422	11.552681	-66.70714	-3.835594	1.0	745000	10728.41980957985
298	-32.12	-32.12	-9.7	-3.8017168	5.8460135	19.035833	-71.20836	-3.8012452	1.0	747500	10764.257888317108
299	-28.64	-28.64	-10.7	-3.797985	5.8368173	5.815975	-71.682945	-3.797339	1.0	750000	10800.412353992462
300	-29.02	-29.02	-8.900001	-3.7828453	5.8189616	8.89197	-70.29218	-3.7826502	1.0	752500	10837.123619556427
301	-24.74	-24.74	-11.9	-3.7523012	5.780862	10.054199	-69.68034	-3.752376	1.0	755000	10873.638362169266
302	-31.78	-31.78	-9.099999	-3.7440953	5.774437	17.142519	-70.97853	-3.7438612	1.0	757500	10909.613044500351
303	-24.92	-24.92	-13.5	-3.7606957	5.796421	7.6974254	-70.93859	-3.7610793	0.9	760000	10945.682228326797
304	-25.62	-25.62	-9.0	-3.7151732	5.7493353	12.467702	-66.05997	-3.7153103	1.0	762500	10982.674046993256
305	-28.48	-28.48	-10.5	-3.72362	5.7539845	9.82052	-69.76987	-3.723753	1.0	765000	11020.19382095337
306	-26.94	-26.94	-11.2	-3.672666	5.7037725	6.418474	-68.131485	-3.6721694	1.0	767500	11056.230672359467
307	-27.94	-27.94	-11.099999	-3.6542597	5.6853404	4.7342005	-74.00866	-3.6541274	1.0	770000	11092.941660642624
308	-31.68	-31.68	-11.8	-3.6551175	5.7087092	9.766701	-69.88533	-3.6548362	0.9	772500	11130.298371315002
309	-27.5	-27.5	-7.4	-3.673556	5.6963334	20.593756	-63.80998	-3.673566	1.0	775000	11166.998767614365
310	-29.66	-29.66	-8.0	-3.6614914	5.7186875	15.705226	-81.85894	-3.6606379	1.0	777500	11203.526036262512
311	-27.56	-27.56	-10.099999	-3.6641917	5.706199	5.971819	-65.5121	-3.664281	1.0	780000	11240.718557357788
312	-29.1	-29.1	-9.8	-3.6500723	5.6884284	8.496301	-71.0967	-3.6500852	1.0	782500	11277.521374225616
313	-26.04	-26.04	-10.7	-3.6201808	5.642914	5.761312	-74.59242	-3.6202013	1.0	785000	11314.018638134003
314	-25.6	-25.6	-9.0	-3.6065605	5.616582	9.630789	-68.23716	-3.6065674	1.0	787500	11351.2536444664
315	-25.52	-25.52	-6.8	-3.5836287	5.6069384	5.5317116	-74.39042	-3.5839593	1.0	790000	11387.958862304688
316	-26.92	-26.92	-10.0	-3.590695	5.6468015	7.317253	-65.43493	-3.5904315	1.0	792500	11424.164657831192
317	-25.86	-25.86	-7.8	-3.5824835	5.6226273	5.883134	-68.67162	-3.5820186	1.0	795000	11461.182316541672
318	-27.88	-27.88	-9.2	-3.5663526	5.5843725	8.000752	-76.11603	-3.5661936	1.0	797500	11498.55675458908
319	-27.8	-27.8	-8.400001	-3.5358822	5.4962673	9.194293	-64.39239	-3.5355341	1.0	800000	11535.576613903046
320	-29.6	-29.6	-9.2	-3.5355446	5.5258656	5.0058947	-73.701965	-3.53516	1.0	802500	11572.778830051422
321	-26.92	-26.92	-10.599999	-3.5298052	5.5009255	4.2435923	-80.76656	-3.5297213	1.0	805000	11610.137078285217
322	-29.7	-29.7	-6.3	-3.5408587	5.5044723	8.253751	-63.827732	-3.5402741	1.0	807500	11646.409461259842
323	-28.36	-28.36	-10.900001	-3.5327744	5.484356	6.2641764	-60.797123	-3.5332665	1.0	810000	11681.97490143776
324	-26.38	-26.38	-9.400001	-3.5270422	5.4835215	6.533926	-74.91912	-3.526632	1.0	812500	11717.578390836716
325	-28.5	-28.5	-10.5	-3.5010378	5.4199576	6.7667627	-66.64428	-3.5006506	1.0	815000	11753.315008163452
326	-27.04	-27.04	-6.6	-3.4955683	5.4186954	6.1054897	-73.77412	-3.495427	1.0	817500	11789.36757850647
327	-29.48	-29.48	-12.4	-3.5220644	5.483019	11.891104	-68.64118	-3.521917	1.0	820000	11824.912414550781
328	-28.26	-28.26	-10.400001	-3.5167181	5.4673147	7.9796	-81.24467	-3.5169353	1.0	822500	11860.891682624817
329	-30.42	-30.42	-8.099999	-3.5003884	5.4301724	4.920968	-67.13329	-3.5000408	1.0	825000	11897.047805309296
330	-27.72	-27.72	-8.599999	-3.4848258	5.399629	7.046282	-84.72535	-3.484337	1.0	827500	11933.242266893387
331	-28.18	-28.18	-8.5	-3.490419	5.408774	6.96875	-68.17318	-3.4908922	1.0	830000	11970.248887300491
332	-29.42	-29.42	-9.3	-3.4823303	5.3568215	12.968852	-65.37895	-3.4822123	1.0	832500	12007.353009700775
333	-28.22	-28.22	-10.099999	-3.480058	5.391079	7.4474106	-66.17667	-3.4800172	1.0	835000	12043.87719321251
334	-32.2	-32.2	-10.2	-3.470344	5.3363867	11.55046	-101.810875	-3.470153	1.0	837500	12080.536987543106
335	-27.5	-27.5	-8.3	-3.4806695	5.3718433	5.883567	-65.789986	-3.48086	1.0	840000	12117.650501966476
336	-25.2	-25.2	-8.0	-3.4757733	5.376941	13.152991	-76.22872	-3.475964	1.0	842500	12154.444796085358
337	-29.8	-29.8	-14.8	-3.477646	5.38875	11.84028	-74.33088	-3.477985	0.9	845000	12190.859870433807
338	-28.74	-28.74	-7.7	-3.470857	5.3701315	4.739431	-68.79	-3.4706857	1.0	847500	12227.481966018677
339	-30.48	-30.48	-12.4	-3.4623585	5.3812323	8.994329	-71.31663	-3.4627032	0.9	850000	12264.291399002075
340	-26.76	-26.76	-9.5	-3.476287	5.391388	8.262532	-72.05113	-3.4756117	1.0	852500	12300.581407546997
341	-26.78	-26.78	-7.3	-3.4997356	5.406163	6.59333	-78.37232	-3.49963	1.0	855000	12336.686586380005
342	-27.56	-27.56	-11.599999	-3.4773233	5.3851066	4.905298	-83.87451	-3.4772172	1.0	857500	12373.589894294739
343	-28.14	-28.14	-9.7	-3.4708223	5.3806562	7.713301	-82.48311	-3.4697247	1.0	860000	12410.416022777557
344	-28.86	-28.86	-10.400001	-3.4615412	5.373572	8.969369	-74.663956	-3.4617114	1.0	862500	12447.430072307587
345	-25.76	-25.76	-8.5	-3.444498	5.3701787	7.0624633	-77.20213	-3.4445586	1.0	865000	12484.87376499176
346	-26.26	-26.26	-8.0	-3.4474974	5.359603	9.827849	-91.90504	-3.4472857	1.0	867500	12521.385942935944
347	-29.6	-29.6	-9.8	-3.4551802	5.398594	13.200582	-75.121056	-3.4553843	1.0	870000	12557.0323138237
348	-29.18	-29.18	-9.900001	-3.4478717	5.393579	10.781054	-77.99431	-3.4479232	1.0	872500	12593.207489728928
349	-26.9	-26.9	-13.8	-3.4410264	5.3494163	8.714409	-64.13116	-3.4404268	0.9	875000	12629.667977333069
350	-27.72	-27.72	-14.1	-3.4680042	5.4192076	8.750494	-64.68031	-3.467827	0.9	877500	12666.2390832901
351	-27.06	-27.06	-11.400001	-3.4331748	5.3676486	14.731241	-69.20126	-3.4333162	1.0	880000	12702.519342660904
352	-29.16	-29.16	-9.900001	-3.4066365	5.3267026	8.295139	-74.51901	-3.4068313	1.0	882500	12738.841553211212
353	-28.4	-28.4	-9.5	-3.398849	5.3291473	6.662815	-63.519497	-3.3985634	1.0	885000	12775.518289089203
354	-30.5	-30.5	-10.3	-3.4230857	5.37314	8.771765	-75.09712	-3.4226649	1.0	887500	12812.8325278759
355	-26.68	-26.68	-10.0	-3.4121041	5.3416586	12.269984	-64.551796	-3.4127543	1.0	890000	12849.62763094902
356	-26.14	-26.14	-8.400001	-3.4141088	5.3327174	7.8313637	-67.29346	-3.413445	1.0	892500	12886.41873550415
357	-25.64	-25.64	-8.2	-3.4084783	5.305352	4.6591268	-77.28415	-3.4089518	1.0	895000	12923.827664136887
358	-29.34	-29.34	-8.7	-3.4170458	5.3129854	11.76969	-66.156166	-3.4172544	1.0	897500	12960.145095825195
359	-31.68	-31.68	-9.099999	-3.418647	5.319431	6.8351755	-65.81329	-3.4184644	1.0	900000	12997.113582134247
360	-25.48	-25.48	-8.2	-3.4209814	5.3213205	6.3560915	-80.442314	-3.4210675	1.0	902500	13033.76667714119
361	-28.62	-28.62	-14.2	-3.3837974	5.235728	6.8618326	-77.09667	-3.3840914	0.9	905000	13070.371709346771
362	-23.54	-23.54	-8.7	-3.4037626	5.290257	5.2357388	-63.75521	-3.4038324	1.0	907500	13106.536061048508
363	-28.82	-28.82	-10.099999	-3.3995402	5.2968817	5.616852	-63.46504	-3.3992846	1.0	910000	13143.463314533234
364	-24.82	-24.82	-8.400001	-3.3864121	5.270282	7.7224927	-85.31611	-3.3859744	1.0	912500	13180.384042263031
365	-31.78	-31.78	-7.6	-3.3948936	5.2725897	6.1068816	-66.68794	-3.3949063	1.0	915000	13217.416684389114
366	-28.48	-28.48	-9.599999	-3.4022338	5.291331	9.012385	-70.66895	-3.4020069	1.0	917500	13254.46529340744
367	-29.78	-29.78	-10.400001	-3.4003196	5.2667274	6.4523764	-71.01916	-3.4002163	1.0	920000	13290.628029346466
368	-29.58	-29.58	-11.599999	-3.3989904	5.2900424	4.4520273	-75.60241	-3.398857	1.0	922500	13326.591836214066
369	-25.2	-25.2	-11.400001	-3.397932	5.248255	10.247223	-71.956085	-3.3984864	1.0	925000	13363.21185183525
370	-28.82	-28.82	-8.599999	-3.4242249	5.285666	4.276986	-67.889725	-3.4239454	1.0	927500	13399.972111701965
371	-28.06	-28.06	-8.599999	-3.423923	5.2874846	7.4779644	-90.52136	-3.4237907	1.0	930000	13436.25403213501
372	-28.98	-28.98	-11.099999	-3.3965926	5.294217	12.412696	-95.21777	-3.396666	0.9	932500	13472.608549118042
373	-27.32	-27.32	-10.400001	-3.399459	5.2792263	6.389228	-65.793594	-3.3993685	1.0	935000	13508.897225379944
374	-29.84	-29.84	-8.0	-3.4413233	5.316456	3.8866086	-67.0947	-3.4416862	1.0	937500	13545.055749177933
375	-30.8	-30.8	-7.4	-3.4320204	5.3050237	6.180717	-76.87816	-3.4322846	1.0	940000	13580.815690279007
376	-26.4	-26.4	-10.900001	-3.4424624	5.3245444	5.208542	-62.932255	-3.442128	1.0	942500	13616.51326084137
377	-29.32	-29.32	-10.900001	-3.4477916	5.360925	10.202051	-66.02288	-3.4479616	1.0	945000	13652.49216890335
378	-27.66	-27.66	-10.0	-3.4275131	5.3394365	6.3104935	-67.03621	-3.4275684	1.0	947500	13688.49872469902
379	-28.54	-28.54	-10.5	-3.4279974	5.3190117	4.46301	-66.05991	-3.428701	1.0	950000	13724.810934782028
380	-24.98	-24.98	-10.8	-3.4494922	5.3916698	5.2513213	-74.19217	-3.449741	1.0	952500	13761.64935207367
381	-29.18	-29.18	-10.099999	-3.4433358	5.3862925	3.966118	-66.46845	-3.4434054	1.0	955000	13798.799911737442
382	-24.88	-24.88	-10.400001	-3.428673	5.3276124	5.01705	-65.757164	-3.4286358	1.0	957500	13835.75968503952
383	-27.62	-27.62	-9.900001	-3.4291224	5.390828	9.517711	-66.953026	-3.429187	1.0	960000	13872.623466014862
384	-28.04	-28.04	-8.8	-3.4468906	5.407606	11.008596	-73.47922	-3.4471664	1.0	962500	13909.706254005432
385	-25.88	-25.88	-11.2	-3.4074252	5.364191	6.041952	-63.720814	-3.4075174	1.0	965000	13946.88685131073
386	-28.66	-28.66	-8.3	-3.4314494	5.4137697	9.846045	-69.89412	-3.431346	1.0	967500	13983.659655570984
387	-29.56	-29.56	-10.599999	-3.435522	5.3840156	5.753876	-75.97775	-3.435835	1.0	970000	14020.623851299286
388	-27.86	-27.86	-6.3	-3.4402282	5.3851924	6.84274	-73.44335	-3.4404743	1.0	972500	14058.150393724442
389	-31.0	-31.0	-9.599999	-3.44481	5.4439497	5.7656813	-70.952484	-3.4455318	1.0	975000	14095.635507106781
390	-26.92	-26.92	-8.599999	-3.4374995	5.4327273	5.0442767	-68.1565	-3.4373302	1.0	977500	14131.284474611282
391	-28.7	-28.7	-7.8	-3.4523218	5.4496965	8.811111	-67.619354	-3.4523187	1.0	980000	14167.832602977753
392	-31.34	-31.34	-10.0	-3.4567244	5.4308963	5.617894	-79.34599	-3.4562638	1.0	982500	14204.232957601547
393	-24.3	-24.3	-10.400001	-3.4562614	5.4684553	10.270237	-71.38857	-3.4561496	1.0	985000	14241.183916330338
394	-28.5	-28.5	-7.7	-3.452353	5.4568133	8.1726885	-66.94365	-3.4523983	1.0	987500	14277.793455600739
395	-29.16	-29.16	-5.1	-3.433709	5.4464736	5.329539	-72.12759	-3.433601	1.0	990000	14315.065520763397
396	-32.8	-32.8	-7.3	-3.4551804	5.464252	7.1943183	-73.20431	-3.4552858	1.0	992500	14352.016734600067
397	-31.1	-31.1	-7.9	-3.4995456	5.507685	6.4017415	-67.817184	-3.4992573	1.0	995000	14388.655254125595
398	-28.56	-28.56	-8.900001	-3.5215104	5.5464573	6.520286	-66.27305	-3.521851	1.0	997500	14425.539224386215
399	-30.0	-30.0	-9.2	-3.5463603	5.596189	6.794364	-76.322845	-3.5465598	1.0	1000000	14462.563716888428
400	-27.52	-27.52	-7.5	-3.527986	5.565227	9.761127	-70.597885	-3.5282128	1.0	1002500	14499.50181722641
401	-24.14	-24.14	-9.0	-3.5055354	5.531554	6.1502104	-67.32548	-3.504943	1.0	1005000	14536.228647470474
402	-27.0	-27.0	-11.2	-3.539362	5.6161904	12.227329	-68.752846	-3.5399146	0.9	1007500	14573.143817663193
403	-27.24	-27.24	-7.3	-3.5416846	5.5884085	15.70315	-85.01295	-3.5409455	1.0	1010000	14610.222893238068
404	-26.42	-26.42	-8.400001	-3.5396183	5.5930853	5.890138	-65.893364	-3.5392756	1.0	1012500	14646.68541431427
405	-23.64	-23.64	-8.099999	-3.51415	5.5241337	5.3095565	-76.2977	-3.514785	1.0	1015000	14682.459485292435
406	-25.12	-25.12	-7.9	-3.5296926	5.6086626	7.9229846	-65.5363	-3.529788	1.0	1017500	14718.93091750145
407	-25.36	-25.36	-8.599999	-3.5407047	5.630304	14.368641	-68.18303	-3.5406735	1.0	1020000	14755.304116725922
408	-27.86	-27.86	-8.099999	-3.5440707	5.6159587	4.8502736	-72.78939	-3.5439568	1.0	1022500	14791.804342508316
409	-28.22	-28.22	-11.9	-3.54571	5.6087503	11.420147	-90.81718	-3.5454361	0.9	1025000	14828.13442158699
410	-27.76	-27.76	-9.2	-3.539606	5.6195087	4.714259	-65.07305	-3.539724	1.0	1027500	14863.851024389267
411	-26.46	-26.46	-9.3	-3.5338414	5.6420164	8.840654	-73.73559	-3.5343814	1.0	1030000	14900.712355136871
412	-29.88	-29.88	-8.8	-3.5335042	5.6620984	18.6117	-75.62619	-3.533558	1.0	1032500	14937.286814689636
413	-28.04	-28.04	-9.400001	-3.534201	5.654489	7.7341075	-68.09103	-3.533948	1.0	1035000	14973.381417751312
414	-30.14	-30.14	-13.0	-3.5292876	5.663912	5.273529	-72.066696	-3.529487	0.9	1037500	15009.128633975983
415	-30.54	-30.54	-9.5	-3.542322	5.6541176	11.98648	-69.595184	-3.542003	1.0	1040000	15045.166390180588
416	-24.46	-24.46	-8.900001	-3.519844	5.619124	4.721817	-72.61533	-3.519877	1.0	1042500	15081.482961416245
417	-26.78	-26.78	-9.0	-3.5201685	5.6281266	11.2983	-70.78334	-3.5198042	1.0	1045000	15117.422904729843
418	-28.12	-28.12	-8.900001	-3.5135455	5.6142364	3.78088	-68.061104	-3.513752	1.0	1047500	15153.296335697174
419	-22.48	-22.48	-10.099999	-3.5030596	5.5865746	4.112819	-72.4117	-3.5033836	1.0	1050000	15190.278568983078
420	-27.8	-27.8	-9.5	-3.5077505	5.5700083	9.527905	-77.88931	-3.5077558	1.0	1052500	15226.91628241539
421	-28.28	-28.28	-9.0	-3.500091	5.571846	4.2415953	-71.58882	-3.5000157	0.9	1055000	15264.258803129196
422	-25.98	-25.98	-9.5	-3.4716098	5.5397944	5.442444	-81.97755	-3.4716344	0.9	1057500	15300.73948597908
423	-24.78	-24.78	-7.5	-3.4632583	5.5215282	4.616726	-69.74044	-3.4627657	1.0	1060000	15337.513186454773
424	-27.78	-27.78	-9.400001	-3.4708908	5.5053577	5.1295185	-75.36725	-3.4710433	1.0	1062500	15373.896695137024
425	-25.02	-25.02	-9.3	-3.4858408	5.541203	4.7629614	-65.347275	-3.4864118	0.8	1065000	15409.59221124649
426	-29.64	-29.64	-9.599999	-3.4646394	5.5631895	9.150594	-70.79811	-3.4648042	1.0	1067500	15444.630583524704
427	-28.98	-28.98	-9.3	-3.4997346	5.5556417	5.464564	-64.845375	-3.4997985	1.0	1070000	15479.942568540573
428	-26.64	-26.64	-8.7	-3.51273	5.6054506	10.103718	-69.17174	-3.5129948	1.0	1072500	15515.434299945831
429	-27.04	-27.04	-9.599999	-3.4905663	5.5718646	5.018004	-68.17829	-3.4902277	1.0	1075000	15550.777325630188
430	-31.26	-31.26	-10.5	-3.4877968	5.5706267	5.9236097	-72.48614	-3.4880364	1.0	1077500	15586.553144216537
431	-25.42	-25.42	-11.400001	-3.4705327	5.530952	5.3921247	-67.80583	-3.4704823	1.0	1080000	15622.364320993423
432	-29.24	-29.24	-6.9	-3.4757285	5.5656343	7.685087	-65.11517	-3.4756827	1.0	1082500	15657.016448497772
433	-25.38	-25.38	-9.5	-3.4754798	5.5594583	7.5863857	-72.34171	-3.4756577	1.0	1085000	15691.91957616806
434	-29.56	-29.56	-8.8	-3.450358	5.557162	7.6206927	-104.421394	-3.4502594	1.0	1087500	15727.775431394577
435	-27.66	-27.66	-8.8	-3.4756343	5.5934525	7.5430546	-74.00271	-3.475471	1.0	1090000	15763.758967638016
436	-27.74	-27.74	-7.8	-3.4748337	5.6062717	10.1901655	-69.66937	-3.4750025	1.0	1092500	15800.039221525192
437	-27.88	-27.88	-9.2	-3.45856	5.604102	4.7610097	-81.29165	-3.458262	1.0	1095000	15835.698299884796
438	-26.3	-26.3	-8.5	-3.4715555	5.637746	8.4516735	-64.82752	-3.4710777	1.0	1097500	15871.957686185837
439	-23.18	-23.18	-9.7	-3.4516628	5.6275797	4.3322015	-67.02282	-3.4517834	1.0	1100000	15908.218339204788
440	-24.94	-24.94	-9.2	-3.4456365	5.597462	7.14095	-66.85726	-3.4454322	1.0	1102500	15944.010895967484
441	-28.98	-28.98	-8.8	-3.4482045	5.600656	5.3128223	-73.83265	-3.4475067	1.0	1105000	15980.064955472946
442	-31.92	-31.92	-10.0	-3.4544392	5.627529	5.399091	-69.8226	-3.4547453	1.0	1107500	16015.531877756119
443	-26.34	-26.34	-10.900001	-3.4380755	5.6013565	7.3276176	-74.07921	-3.437877	1.0	1110000	16051.403080940247
444	-24.88	-24.88	-7.6	-3.449025	5.5679474	6.796159	-69.231186	-3.4481518	1.0	1112500	16086.79845237732
445	-28.6	-28.6	-7.1	-3.4517603	5.6025605	5.5385866	-81.93584	-3.4520667	1.0	1115000	16122.675099372864
446	-27.38	-27.38	-12.7	-3.4478061	5.603429	8.653267	-67.44361	-3.4474323	0.9	1117500	16157.79449915886
447	-28.58	-28.58	-6.4	-3.4504483	5.608774	6.156062	-68.554474	-3.4496295	1.0	1120000	16192.947088956833
448	-26.94	-26.94	-10.5	-3.4579997	5.59542	10.473846	-69.2716	-3.4579551	1.0	1122500	16228.022976398468
449	-27.78	-27.78	-8.3	-3.4522932	5.564552	6.9150314	-67.22979	-3.4520247	1.0	1125000	16263.8341422081
450	-23.64	-23.64	-10.400001	-3.4016657	5.5049334	9.077729	-65.533165	-3.401755	1.0	1127500	16299.411380767822
451	-26.64	-26.64	-9.599999	-3.412521	5.555499	4.959717	-73.3734	-3.412954	1.0	1130000	16335.082489728928
452	-29.88	-29.88	-8.599999	-3.4101074	5.5255113	10.553356	-64.51963	-3.4103777	1.0	1132500	16370.666388750076
453	-31.0	-31.0	-9.0	-3.4086897	5.5144734	6.8226767	-67.97232	-3.4086628	1.0	1135000	16405.86887574196
454	-26.48	-26.48	-10.5	-3.432104	5.552894	5.826304	-76.37602	-3.4321187	1.0	1137500	16441.49953365326
455	-33.3	-33.3	-9.099999	-3.4428473	5.525932	4.588543	-72.75636	-3.4430358	1.0	1140000	16477.04572367668
456	-25.68	-25.68	-9.099999	-3.452248	5.5549846	4.5477	-75.28896	-3.4522042	1.0	1142500	16512.51474380493
457	-28.04	-28.04	-11.599999	-3.4330113	5.488064	8.512787	-65.51388	-3.4332175	0.9	1145000	16547.340797662735
458	-25.42	-25.42	-10.7	-3.4411206	5.537287	11.343748	-68.29819	-3.4409242	1.0	1147500	16582.566180229187
459	-31.12	-31.12	-9.2	-3.4467194	5.5542984	5.912436	-66.45493	-3.44693	1.0	1150000	16617.764229536057
460	-25.98	-25.98	-6.7	-3.4466493	5.539797	5.2359047	-76.229126	-3.446651	1.0	1152500	16652.66766142845
461	-26.98	-26.98	-9.2	-3.4372904	5.5227237	3.96953	-67.67505	-3.4371245	1.0	1155000	16687.86935734749
462	-25.38	-25.38	-10.2	-3.4328177	5.4944124	7.232109	-91.2666	-3.4328315	1.0	1157500	16722.207936763763
463	-28.68	-28.68	-10.8	-3.4310327	5.5289507	11.976082	-69.77747	-3.431097	1.0	1160000	16757.30284500122
464	-29.84	-29.84	-9.0	-3.4493496	5.5238814	6.7232456	-68.899925	-3.4492042	1.0	1162500	16792.039918661118
465	-27.9	-27.9	-11.9	-3.4344878	5.47739	24.036514	-70.626366	-3.43435	1.0	1165000	16826.72453570366
466	-25.72	-25.72	-8.8	-3.4483042	5.5091	6.911789	-74.06818	-3.44842	1.0	1167500	16861.52357316017
467	-27.32	-27.32	-7.9	-3.449724	5.5360684	8.828664	-74.89585	-3.4493792	1.0	1170000	16896.140215158463
468	-30.26	-30.26	-7.7	-3.4454243	5.4859056	6.394761	-65.749725	-3.445412	1.0	1172500	16930.987768173218
469	-28.72	-28.72	-8.099999	-3.4694514	5.5368176	21.188242	-73.895874	-3.4698393	1.0	1175000	16965.86141014099
470	-28.9	-28.9	-9.400001	-3.479843	5.5188475	14.293866	-67.692245	-3.4798048	1.0	1177500	17000.930721521378
471	-27.84	-27.84	-9.400001	-3.474901	5.5384774	8.692888	-68.920715	-3.4746802	1.0	1180000	17035.79252099991
472	-33.14	-33.14	-7.1	-3.4542892	5.4828005	5.2199116	-70.07483	-3.4546168	1.0	1182500	17071.413239479065
473	-26.38	-26.38	-10.0	-3.4647954	5.5126214	8.130647	-82.18935	-3.464647	1.0	1185000	17106.500587701797
474	-26.46	-26.46	-10.3	-3.4431999	5.469006	8.147113	-72.73156	-3.4427013	1.0	1187500	17141.8380753994
475	-26.12	-26.12	-7.5	-3.4605079	5.527051	8.632987	-74.56425	-3.4605641	1.0	1190000	17177.564381599426
476	-31.14	-31.14	-8.599999	-3.45255	5.492131	4.4626985	-78.34165	-3.4530218	1.0	1192500	17212.562732219696
477	-28.9	-28.9	-13.9	-3.4725904	5.5029845	13.506182	-71.58277	-3.4724984	1.0	1195000	17247.718339443207
478	-28.68	-28.68	-9.2	-3.4241645	5.415278	16.833477	-62.678413	-3.4242053	1.0	1197500	17283.231118679047
479	-28.4	-28.4	-8.8	-3.440326	5.4006467	8.362839	-69.67544	-3.4403605	1.0	1200000	17318.32774567604
480	-26.66	-26.66	-11.099999	-3.4331684	5.4162807	8.250526	-96.82934	-3.4334168	1.0	1202500	17353.371626138687
481	-30.34	-30.34	-7.9	-3.4066799	5.397823	7.66779	-75.75875	-3.4067612	1.0	1205000	17389.919959306717
482	-26.58	-26.58	-8.8	-3.4178674	5.408786	17.148556	-71.9804	-3.417913	1.0	1207500	17425.33865094185
483	-23.12	-23.12	-7.4	-3.412812	5.37968	22.296986	-65.83783	-3.4126751	1.0	1210000	17461.35558128357
484	-28.06	-28.06	-8.900001	-3.4149704	5.3934503	15.218217	-78.34833	-3.4154904	1.0	1212500	17497.673951387405
485	-27.28	-27.28	-7.8	-3.4256322	5.3884606	10.961812	-67.51343	-3.426009	1.0	1215000	17533.285616636276
486	-29.04	-29.04	-8.2	-3.4298077	5.419428	9.0334835	-111.06565	-3.4298487	1.0	1217500	17568.564777851105
487	-28.68	-28.68	-7.9	-3.4420779	5.4279766	5.08554	-71.66141	-3.4416184	1.0	1220000	17604.881865739822
488	-27.46	-27.46	-8.5	-3.4470923	5.4625974	10.483871	-69.15646	-3.447388	1.0	1222500	17640.633089780807
489	-27.5	-27.5	-10.900001	-3.455959	5.445113	8.952366	-67.828545	-3.4555886	1.0	1225000	17675.537915229797
490	-26.58	-26.58	-11.7	-3.4439669	5.441955	12.615223	-78.63338	-3.4438834	1.0	1227500	17711.033858299255
491	-26.84	-26.84	-10.0	-3.4549093	5.485129	6.1222897	-69.265724	-3.4551682	1.0	1230000	17745.904064178467
492	-27.9	-27.9	-8.8	-3.4480917	5.482271	5.892328	-92.05008	-3.4485416	1.0	1232500	17781.4111430645
493	-31.2	-31.2	-9.3	-3.4774456	5.56186	6.8004503	-99.161865	-3.4766562	1.0	1235000	17817.271723508835
494	-24.9	-24.9	-8.8	-3.531495	5.584444	8.872745	-70.08643	-3.530909	1.0	1237500	17852.72988295555
495	-26.92	-26.92	-11.2	-3.5487163	5.6734095	6.499747	-66.26307	-3.5485353	1.0	1240000	17887.864814519882
496	-24.78	-24.78	-8.8	-3.4900196	5.582998	7.2670364	-68.785034	-3.490134	1.0	1242500	17922.98137998581
497	-29.36	-29.36	-9.3	-3.4427545	5.4600754	5.6285596	-84.04364	-3.4427936	1.0	1245000	17958.92632675171
498	-26.56	-26.56	-7.9	-3.4646952	5.5107965	11.802206	-77.25496	-3.4644685	1.0	1247500	17993.27700471878
499	-30.28	-30.28	-8.400001	-3.4716816	5.5278993	7.267271	-68.74992	-3.4714227	1.0	1250000	18026.885882139206
