Epoch	EpRet	EpRealRet	TestEpRet	AverageQ1	StdQ1	MaxQ1	MinQ1	Q2	TestSuccess	TotalEnvInteracts	TotalTime
0	-44.0	-44.0	-50.0	-1.0300685	1.7772286	1.3344481	-15.589215	-1.0301248	0.0	2500	29.225230932235718
1	-46.0	-46.0	-45.0	-2.0774412	4.0406013	0.55829453	-23.249798	-2.077494	0.1	5000	58.60234069824219
2	-45.92	-45.92	-45.0	-3.0238602	6.2853518	0.7674912	-38.03727	-3.0239067	0.1	7500	87.66122388839722
3	-45.96	-45.96	-50.0	-3.9442768	8.317886	0.9048763	-48.128273	-3.9444087	0.0	10000	115.99262475967407
4	-49.84	-49.84	-40.0	-4.62389	9.835112	48.211918	-436.0119	-4.6239653	0.2	12500	143.88350558280945
5	-48.0	-48.0	-50.0	-5.3157415	11.119249	3.3868825	-54.357395	-5.315974	0.0	15000	172.04669380187988
6	-48.0	-48.0	-50.0	-5.9364486	12.407833	14.208618	-51.525455	-5.9365563	0.0	17500	201.47358775138855
7	-49.0	-49.0	-50.0	-6.4441843	13.4626875	15.932841	-65.33192	-6.444268	0.0	20000	231.5486364364624
8	-48.0	-48.0	-45.0	-6.9505343	14.462874	16.500729	-57.324238	-6.950654	0.1	22500	260.8932189941406
9	-47.94	-47.94	-45.0	-7.3273244	15.273313	9.845027	-58.192673	-7.3273573	0.1	25000	289.3035361766815
10	-47.96	-47.96	-50.0	-7.6659117	15.912704	23.619848	-72.06918	-7.6658764	0.0	27500	317.7161793708801
11	-45.0	-45.0	-45.0	-7.9063907	16.376955	9.158398	-56.43106	-7.906031	0.1	30000	346.2411344051361
12	-49.0	-49.0	-50.0	-8.097404	16.77464	17.328976	-61.043606	-8.09709	0.0	32500	371.80681467056274
13	-47.0	-47.0	-40.0	-8.287306	17.12437	4.325516	-60.90651	-8.2871065	0.2	35000	396.8044502735138
14	-48.0	-48.0	-49.6	-8.384161	17.34666	6.2767525	-57.99467	-8.383904	0.0	37500	422.99445128440857
15	-45.0	-45.0	-50.0	-8.578425	17.65941	5.898841	-61.00483	-8.578142	0.0	40000	451.57266306877136
16	-45.0	-45.0	-50.0	-8.6349125	17.820269	7.4001	-56.314342	-8.634538	0.0	42500	480.46167969703674
17	-47.0	-47.0	-45.0	-8.792839	18.047882	4.7226024	-61.08623	-8.792479	0.1	45000	508.75004529953003
18	-45.0	-45.0	-50.0	-8.755261	18.086851	4.3977194	-59.90427	-8.754912	0.0	47500	537.2621376514435
19	-49.0	-49.0	-50.0	-8.876711	18.252874	7.960802	-67.89202	-8.876498	0.0	50000	565.7586557865143
20	-48.88	-48.88	-50.0	-8.93633	18.354967	4.7650585	-58.198273	-8.936102	0.0	52500	594.3944363594055
21	-46.0	-46.0	-50.0	-9.059569	18.512396	3.0200496	-59.466354	-9.059276	0.0	55000	622.5921924114227
22	-49.0	-49.0	-30.0	-8.9966135	18.490377	3.9150574	-61.184757	-8.996425	0.4	57500	651.3886075019836
23	-47.0	-47.0	-50.0	-9.024497	18.54923	9.130793	-60.13199	-9.0243435	0.0	60000	680.2356207370758
24	-43.0	-43.0	-45.0	-9.021667	18.550713	3.293497	-62.535492	-9.021676	0.1	62500	708.544183254242
25	-47.16	-47.16	-50.0	-9.0473	18.57943	11.126935	-61.58155	-9.047344	0.0	65000	737.0259547233582
26	-48.0	-48.0	-50.0	-9.134463	18.658596	3.8611178	-59.697487	-9.134448	0.0	67500	766.3448090553284
27	-47.0	-47.0	-45.0	-9.082281	18.627455	2.8505073	-58.57712	-9.082548	0.1	70000	794.9460031986237
28	-46.0	-46.0	-35.0	-9.115556	18.662329	2.8658605	-62.920143	-9.115684	0.3	72500	823.94056391716
29	-47.0	-47.0	-50.0	-9.122203	18.682026	2.7149446	-59.724762	-9.122418	0.0	75000	853.3861811161041
30	-48.88	-48.88	-45.0	-9.136158	18.720385	3.2694688	-71.031296	-9.136503	0.1	77500	883.4511787891388
31	-49.0	-49.0	-45.0	-9.230822	18.81664	7.3348794	-59.43761	-9.231201	0.1	80000	916.593935251236
32	-48.86	-48.86	-45.0	-9.246666	18.834126	2.6792855	-59.596325	-9.24696	0.1	82500	949.2626166343689
33	-48.0	-48.0	-50.0	-9.248411	18.82543	4.0198674	-66.56478	-9.248696	0.0	85000	978.8865728378296
34	-45.94	-45.94	-45.0	-9.222117	18.792273	3.2639995	-63.59017	-9.222162	0.1	87500	1007.9975090026855
35	-47.0	-47.0	-50.0	-9.295409	18.864727	9.369501	-60.630695	-9.295448	0.0	90000	1036.8484342098236
36	-47.0	-47.0	-40.0	-9.272746	18.859428	3.6481633	-57.51192	-9.27274	0.2	92500	1066.0363793373108
37	-47.0	-47.0	-50.0	-9.296779	18.886572	5.6615148	-65.604744	-9.297159	0.0	95000	1094.8672573566437
38	-46.0	-46.0	-50.0	-9.300176	18.88766	5.9608374	-57.6719	-9.300419	0.0	97500	1123.9512457847595
39	-48.0	-48.0	-40.0	-9.295313	18.88986	8.891336	-61.16489	-9.2957	0.2	100000	1152.9263591766357
40	-47.0	-47.0	-50.0	-9.328826	18.916075	3.6505961	-57.910496	-9.32902	0.0	102500	1181.9340195655823
41	-46.06	-46.06	-45.0	-9.311816	18.906248	3.7235732	-68.82476	-9.312306	0.1	105000	1210.671733379364
42	-48.0	-48.0	-40.0	-9.289962	18.871616	3.0074112	-57.505882	-9.289946	0.2	107500	1239.0244224071503
43	-48.0	-48.0	-50.0	-9.291906	18.850996	3.0224214	-57.539124	-9.292265	0.0	110000	1268.0498774051666
44	-48.0	-48.0	-40.0	-9.29858	18.858894	3.1097584	-66.43784	-9.298496	0.2	112500	1293.6594505310059
45	-47.0	-47.0	-45.0	-9.315826	18.893328	3.3249743	-61.96756	-9.316017	0.1	115000	1319.1568825244904
46	-46.58	-46.58	-45.0	-9.271699	18.857815	3.9037626	-60.248543	-9.271931	0.1	117500	1344.9084296226501
47	-44.24	-44.24	-45.0	-9.32541	18.881552	3.2180336	-55.938107	-9.325345	0.1	120000	1373.7533814907074
48	-44.94	-44.94	-50.0	-9.254668	18.78876	3.3967967	-58.334167	-9.254555	0.0	122500	1402.8617632389069
49	-48.96	-48.96	-49.7	-9.341057	18.826126	3.2851171	-57.177982	-9.3409395	0.0	125000	1431.6381785869598
50	-47.92	-47.92	-50.0	-9.314689	18.783098	3.0769908	-59.053257	-9.314691	0.0	127500	1459.9441962242126
51	-45.0	-45.0	-50.0	-9.277858	18.746965	4.1202493	-56.716858	-9.277935	0.0	130000	1488.4717028141022
52	-48.0	-48.0	-44.5	-9.292508	18.75795	2.8468	-58.32411	-9.292408	0.1	132500	1517.1261167526245
53	-47.0	-47.0	-49.6	-9.341882	18.802982	3.7753716	-57.020058	-9.34186	0.0	135000	1545.8011343479156
54	-47.94	-47.94	-45.0	-9.325789	18.79535	2.755535	-57.661915	-9.325882	0.1	137500	1577.9332203865051
55	-45.76	-45.76	-40.0	-9.366564	18.839191	3.7943652	-58.228855	-9.3668585	0.2	140000	1611.2095041275024
56	-43.0	-43.0	-50.0	-9.30354	18.784222	3.8141055	-56.80623	-9.303801	0.0	142500	1640.4096007347107
57	-42.0	-42.0	-50.0	-9.350631	18.818949	2.4686737	-57.154537	-9.350578	0.0	145000	1668.7046825885773
58	-46.0	-46.0	-50.0	-9.382105	18.847002	3.1294255	-57.19327	-9.382092	0.0	147500	1697.0605425834656
59	-45.0	-45.0	-45.0	-9.402333	18.847864	3.8577085	-56.83046	-9.402761	0.1	150000	1725.3925611972809
60	-47.0	-47.0	-50.0	-9.416521	18.849104	2.8792543	-57.92619	-9.416417	0.0	152500	1754.0266828536987
61	-46.74	-46.74	-40.0	-9.387323	18.831001	2.4344478	-62.585648	-9.387499	0.2	155000	1782.53937458992
62	-47.0	-47.0	-44.7	-9.387031	18.846272	4.399484	-57.65606	-9.386987	0.1	157500	1811.2874789237976
63	-46.02	-46.02	-50.0	-9.39075	18.850197	3.3931596	-56.412296	-9.390882	0.0	160000	1840.6878125667572
64	-45.0	-45.0	-50.0	-9.429279	18.87163	3.1890597	-57.39816	-9.429289	0.0	162500	1869.4471526145935
65	-48.76	-48.76	-45.0	-9.420915	18.872253	6.902916	-60.406384	-9.421136	0.1	165000	1898.3248238563538
66	-46.92	-46.92	-40.0	-9.420391	18.867374	4.0825424	-62.175297	-9.420157	0.2	167500	1927.0013890266418
67	-47.88	-47.88	-50.0	-9.463768	18.890902	2.59551	-56.239212	-9.463994	0.0	170000	1955.7409682273865
68	-40.62	-40.62	-50.0	-9.371775	18.816425	3.1915765	-60.84018	-9.371956	0.0	172500	1986.2455151081085
69	-46.0	-46.0	-50.0	-9.415603	18.863827	3.324604	-55.898384	-9.415828	0.0	175000	2015.3144059181213
70	-45.0	-45.0	-45.0	-9.412469	18.842527	6.4897103	-57.30515	-9.412505	0.1	177500	2043.720000743866
71	-44.0	-44.0	-45.0	-9.423926	18.859125	3.882228	-56.718014	-9.424134	0.1	180000	2072.273153781891
72	-50.0	-50.0	-40.0	-9.372166	18.808475	6.0621347	-56.776276	-9.372413	0.2	182500	2100.9036791324615
73	-50.0	-50.0	-40.0	-9.3588705	18.819143	7.182077	-62.99917	-9.358998	0.2	185000	2129.5790524482727
74	-42.56	-42.56	-50.0	-9.382066	18.826744	3.9137812	-60.1638	-9.382213	0.0	187500	2159.864804506302
75	-46.0	-46.0	-45.0	-9.384789	18.799927	3.33916	-60.320236	-9.384771	0.1	190000	2190.326391220093
76	-46.92	-46.92	-50.0	-9.308693	18.72458	3.7401	-58.3654	-9.308839	0.0	192500	2219.261689186096
77	-45.08	-45.08	-45.0	-9.351446	18.758093	6.398293	-57.175884	-9.351241	0.1	195000	2248.086878299713
78	-48.16	-48.16	-46.0	-9.353336	18.764687	7.040094	-58.09283	-9.3537035	0.1	197500	2278.1620106697083
79	-47.28	-47.28	-45.0	-9.394666	18.808285	3.2062826	-56.33658	-9.394634	0.1	200000	2306.606457710266
80	-46.0	-46.0	-50.0	-9.430944	18.839401	3.0209014	-55.880325	-9.431179	0.0	202500	2335.1881942749023
81	-48.24	-48.24	-50.0	-9.469526	18.873205	3.5876093	-57.200375	-9.469754	0.0	205000	2364.0666229724884
82	-45.22	-45.22	-45.0	-9.434394	18.836943	4.299605	-58.81188	-9.4342985	0.1	207500	2392.952222585678
83	-47.7	-47.7	-45.0	-9.435229	18.835632	3.381417	-56.696625	-9.435664	0.1	210000	2421.6786725521088
84	-48.78	-48.78	-49.7	-9.447727	18.83193	2.9594862	-57.954292	-9.447837	0.0	212500	2450.507738351822
85	-47.98	-47.98	-50.0	-9.485777	18.850538	3.422189	-58.61833	-9.48606	0.0	215000	2479.2202117443085
86	-48.78	-48.78	-50.0	-9.514999	18.867535	3.9352672	-57.559025	-9.515407	0.0	217500	2507.9754333496094
87	-48.0	-48.0	-45.0	-9.44688	18.818165	3.2928681	-57.65161	-9.44707	0.1	220000	2536.2574920654297
88	-48.1	-48.1	-40.0	-9.553276	18.868979	2.4295564	-67.75903	-9.553512	0.2	222500	2564.8048329353333
89	-45.78	-45.78	-49.5	-9.541271	18.851685	4.513578	-60.236015	-9.5414295	0.0	225000	2593.931896209717
90	-45.82	-45.82	-45.0	-9.50627	18.783363	5.7293434	-58.7518	-9.506013	0.1	227500	2622.5555331707
91	-44.52	-44.52	-50.0	-9.480414	18.749498	5.2326465	-57.371925	-9.480703	0.0	230000	2650.8710849285126
92	-43.82	-43.82	-47.8	-9.477172	18.731838	5.586648	-56.786274	-9.47712	0.0	232500	2679.0978858470917
93	-42.54	-42.54	-50.0	-9.518369	18.741234	2.7114317	-58.73747	-9.5182	0.0	235000	2707.5007066726685
94	-49.0	-49.0	-40.0	-9.508826	18.707762	4.8171577	-61.27348	-9.509073	0.2	237500	2735.7779009342194
95	-47.12	-47.12	-50.0	-9.521484	18.716534	3.698966	-55.773598	-9.522015	0.0	240000	2764.099368572235
96	-48.02	-48.02	-50.0	-9.508093	18.697388	9.088849	-57.80679	-9.508439	0.0	242500	2792.815014600754
97	-48.4	-48.4	-44.2	-9.50739	18.6704	4.686662	-61.55818	-9.507403	0.1	245000	2821.248764038086
98	-45.42	-45.42	-45.0	-9.456614	18.613895	4.826564	-58.12763	-9.457146	0.1	247500	2849.575685739517
99	-48.54	-48.54	-50.0	-9.479516	18.604418	9.536638	-56.904465	-9.47945	0.0	250000	2878.22744345665
100	-44.46	-44.46	-50.0	-9.526229	18.623857	6.8495884	-58.111942	-9.526476	0.0	252500	2906.7641508579254
101	-48.26	-48.26	-49.9	-9.508917	18.580334	5.613902	-57.77717	-9.508683	0.0	255000	2935.3157107830048
102	-45.52	-45.52	-50.0	-9.471301	18.52389	3.5845068	-56.312164	-9.471143	0.0	257500	2964.04860663414
103	-47.18	-47.18	-36.8	-9.459568	18.466843	2.5958931	-60.02192	-9.459309	0.3	260000	2992.7621505260468
104	-47.34	-47.34	-45.8	-9.432511	18.432653	5.0253706	-57.07918	-9.432561	0.0	262500	3021.3974862098694
105	-48.88	-48.88	-49.9	-9.478514	18.42774	5.2376485	-58.462284	-9.478265	0.0	265000	3049.929159641266
106	-46.72	-46.72	-44.899998	-9.45804	18.3952	5.0921555	-61.81383	-9.457675	0.1	267500	3078.5090243816376
107	-47.68	-47.68	-49.8	-9.400867	18.321205	7.757116	-65.819244	-9.400334	0.0	270000	3106.86328458786
108	-45.82	-45.82	-50.0	-9.400171	18.282108	3.523624	-61.122643	-9.400295	0.0	272500	3135.3986418247223
109	-44.42	-44.42	-50.0	-9.373099	18.205626	8.350813	-60.0606	-9.372931	0.0	275000	3163.990833759308
110	-47.34	-47.34	-46.3	-9.4475565	18.193697	4.2595053	-61.870758	-9.447486	0.1	277500	3192.7874965667725
111	-45.06	-45.06	-43.399998	-9.349415	18.067102	4.111806	-58.671074	-9.350142	0.1	280000	3221.1001784801483
112	-46.86	-46.86	-46.399998	-9.325381	17.96994	7.5395155	-64.69708	-9.325383	0.1	282500	3249.714375257492
113	-49.42	-49.42	-47.1	-9.315461	17.911583	8.7953005	-58.326946	-9.315601	0.1	285000	3278.259794473648
114	-47.62	-47.62	-48.4	-9.304742	17.859835	4.1272364	-61.24029	-9.304931	0.0	287500	3306.670012950897
115	-46.0	-46.0	-45.0	-9.238963	17.73394	4.2501783	-62.205193	-9.239088	0.1	290000	3334.8293113708496
116	-43.16	-43.16	-46.3	-9.253644	17.656414	3.129653	-63.574886	-9.25412	0.1	292500	3363.1290616989136
117	-46.96	-46.96	-39.600002	-9.198093	17.519175	2.97682	-60.432713	-9.199019	0.2	295000	3391.6099424362183
118	-47.98	-47.98	-49.5	-9.203921	17.451197	4.756844	-60.56082	-9.204396	0.0	297500	3419.9658150672913
119	-45.42	-45.42	-40.600002	-9.107758	17.282902	3.4560041	-65.5828	-9.108086	0.3	300000	3451.7850592136383
120	-44.34	-44.34	-46.5	-9.065091	17.143497	3.5821495	-58.810562	-9.06453	0.1	302500	3480.3477630615234
121	-44.68	-44.68	-40.3	-9.001141	16.949171	3.4985569	-60.524303	-9.001247	0.2	305000	3508.7286529541016
122	-44.88	-44.88	-49.8	-8.843405	16.679838	5.4376507	-60.113136	-8.843581	0.0	307500	3537.100583076477
123	-45.92	-45.92	-49.8	-8.776681	16.514997	2.7849467	-61.736454	-8.777163	0.0	310000	3565.605422973633
124	-43.96	-43.96	-50.0	-8.697137	16.364092	3.6518302	-58.97915	-8.697013	0.0	312500	3593.936920404434
125	-44.28	-44.28	-50.0	-8.64768	16.232447	3.1118217	-61.913563	-8.647855	0.0	315000	3622.1283028125763
126	-43.92	-43.92	-49.8	-8.674185	16.183073	2.651022	-61.71976	-8.675023	0.0	317500	3650.1762862205505
127	-42.44	-42.44	-40.100002	-8.707213	16.18044	3.904053	-61.290516	-8.707688	0.2	320000	3678.330058813095
128	-42.34	-42.34	-40.600002	-8.64883	16.091473	3.7026806	-59.25724	-8.649032	0.2	322500	3706.330351829529
129	-44.12	-44.12	-45.8	-8.637095	16.009539	3.25078	-59.888607	-8.637515	0.1	325000	3734.5208637714386
130	-43.28	-43.28	-34.5	-8.603735	15.927041	2.9527736	-72.24208	-8.603858	0.3	327500	3762.9328117370605
131	-39.74	-39.74	-45.8	-8.564069	15.795301	2.844294	-67.21069	-8.564027	0.1	330000	3791.3397917747498
132	-44.56	-44.56	-38.100002	-8.615652	15.758586	5.037007	-62.877453	-8.616413	0.3	332500	3819.606505870819
133	-45.04	-45.04	-41.100002	-8.525148	15.563573	5.9017997	-67.501526	-8.525118	0.2	335000	3848.551490545273
134	-43.04	-43.04	-40.399998	-8.490492	15.486081	6.077608	-60.442257	-8.490488	0.3	337500	3876.9188482761383
135	-42.9	-42.9	-37.0	-8.553909	15.425806	2.8714385	-71.39966	-8.553641	0.4	340000	3904.9758009910583
136	-44.74	-44.74	-45.5	-8.464469	15.261374	5.7901134	-62.122913	-8.465323	0.1	342500	3933.836570739746
137	-43.42	-43.42	-39.899998	-8.471738	15.167796	5.108176	-63.25175	-8.471838	0.2	345000	3962.8177783489227
138	-39.56	-39.56	-32.5	-8.356467	14.92284	6.2285004	-61.557667	-8.357174	0.5	347500	3991.9138147830963
139	-38.46	-38.46	-37.100002	-8.345885	14.810186	4.2522507	-63.97797	-8.347006	0.3	350000	4021.227843284607
140	-42.76	-42.76	-41.100002	-8.3389435	14.709085	2.7084618	-63.180237	-8.338861	0.3	352500	4050.1562991142273
141	-41.9	-41.9	-43.5	-8.25418	14.506584	3.5899017	-62.54753	-8.253374	0.1	355000	4078.651513814926
142	-38.1	-38.1	-46.5	-8.267804	14.386741	3.766378	-59.17925	-8.267548	0.1	357500	4111.408794879913
143	-40.28	-40.28	-33.600002	-8.191963	14.203725	3.8317056	-61.31822	-8.192057	0.4	360000	4143.957644462585
144	-39.94	-39.94	-33.100002	-8.143928	14.088473	3.9603815	-62.695652	-8.143485	0.4	362500	4176.708297729492
145	-37.02	-37.02	-46.8	-8.122938	13.972326	3.414489	-59.101543	-8.12391	0.1	365000	4207.759792327881
146	-43.18	-43.18	-34.7	-8.089247	13.867056	3.7846322	-65.89166	-8.090232	0.4	367500	4235.980592727661
147	-41.22	-41.22	-25.8	-8.143039	13.81366	3.7242455	-59.92282	-8.142715	0.5	370000	4264.355798959732
148	-38.14	-38.14	-44.3	-8.20376	13.767153	4.913562	-64.9301	-8.204513	0.1	372500	4293.093542098999
149	-41.96	-41.96	-38.5	-8.175741	13.67576	5.594187	-60.051514	-8.177048	0.2	375000	4324.730385541916
150	-37.48	-37.48	-34.7	-8.063763	13.49339	6.576332	-59.31444	-8.064076	0.3	377500	4353.250527858734
151	-38.92	-38.92	-38.5	-8.065229	13.397203	7.665383	-61.10357	-8.066041	0.2	380000	4381.893538951874
152	-34.36	-34.36	-36.2	-8.036681	13.292312	4.11138	-61.75203	-8.036841	0.4	382500	4410.338509082794
153	-37.5	-37.5	-27.1	-8.007645	13.164739	5.1326265	-65.183815	-8.008544	0.7	385000	4439.131834745407
154	-37.2	-37.2	-37.399998	-7.9637127	13.090699	4.560322	-60.931503	-7.9634304	0.4	387500	4467.8607795238495
155	-37.86	-37.86	-45.2	-7.9472194	12.993036	5.704255	-63.933693	-7.947567	0.1	390000	4496.589927911758
156	-39.88	-39.88	-41.7	-7.9161234	12.885066	4.702282	-67.4066	-7.91614	0.2	392500	4524.830533504486
157	-35.28	-35.28	-45.0	-7.9148374	12.801475	5.2087774	-59.91491	-7.915224	0.2	395000	4553.056240081787
158	-37.94	-37.94	-34.8	-7.868107	12.678056	4.7744	-64.72293	-7.8683968	0.3	397500	4581.086287736893
159	-39.42	-39.42	-26.4	-7.838819	12.564279	7.7985435	-63.290794	-7.8388033	0.7	400000	4609.489191293716
160	-35.42	-35.42	-38.3	-7.8134246	12.45392	4.486837	-60.69137	-7.8145857	0.3	402500	4637.376540184021
161	-35.5	-35.5	-36.5	-7.7766533	12.319027	4.4142284	-64.849625	-7.7766104	0.4	405000	4665.3980123996735
162	-34.84	-34.84	-32.7	-7.773956	12.309534	4.308448	-62.15387	-7.774312	0.5	407500	4694.004063367844
163	-37.6	-37.6	-34.3	-7.7414584	12.156935	9.36438	-72.431244	-7.7405224	0.6	410000	4723.522494316101
164	-34.46	-34.46	-26.3	-7.6958036	12.012462	4.8559237	-61.071068	-7.694892	0.7	412500	4753.197921514511
165	-37.3	-37.3	-24.0	-7.7362156	11.934191	3.8682678	-59.882664	-7.736021	0.8	415000	4781.434365272522
166	-39.5	-39.5	-33.899998	-7.6981955	11.809279	4.6223435	-62.34116	-7.698274	0.6	417500	4809.648490190506
167	-32.82	-32.82	-33.3	-7.711259	11.75441	6.957969	-59.133526	-7.711052	0.5	420000	4837.707704782486
168	-38.92	-38.92	-36.3	-7.632617	11.588253	5.7296267	-61.886135	-7.6320786	0.2	422500	4866.094083547592
169	-33.78	-33.78	-23.199999	-7.6183925	11.479179	4.768006	-60.248566	-7.6184306	0.8	425000	4894.505420207977
170	-32.2	-32.2	-32.2	-7.5622754	11.374781	5.234837	-59.94969	-7.561661	0.4	427500	4922.722252130508
171	-36.46	-36.46	-35.8	-7.566859	11.286121	5.5437274	-63.09568	-7.5656567	0.5	430000	4950.836459159851
172	-33.42	-33.42	-34.100002	-7.546678	11.193789	4.774471	-63.360073	-7.547056	0.5	432500	4979.497054338455
173	-32.68	-32.68	-26.5	-7.506331	11.069197	4.451601	-63.192253	-7.505487	0.8	435000	5007.512289524078
174	-25.36	-25.36	-23.199999	-7.4703784	10.89365	5.220233	-63.17737	-7.470189	0.9	437500	5035.94641160965
175	-33.46	-33.46	-24.2	-7.3848567	10.762036	6.056184	-64.62016	-7.3845024	0.7	440000	5063.077280282974
176	-32.28	-32.28	-40.3	-7.316853	10.596648	5.53237	-63.626114	-7.315941	0.3	442500	5089.131940841675
177	-33.2	-33.2	-28.9	-7.2174654	10.434992	4.5210733	-61.176926	-7.2172074	0.5	445000	5117.313012123108
178	-34.02	-34.02	-30.3	-7.142467	10.287201	5.406864	-58.399086	-7.143198	0.5	447500	5145.3122889995575
179	-32.52	-32.52	-24.1	-7.1041746	10.122711	6.1439056	-60.40346	-7.1035733	0.6	450000	5173.344940423965
180	-35.46	-35.46	-31.6	-7.089049	10.027809	5.6452894	-61.975555	-7.088235	0.4	452500	5201.246699333191
181	-36.3	-36.3	-36.5	-7.081354	9.965331	4.2640963	-60.52372	-7.0811567	0.6	455000	5230.222927331924
182	-32.54	-32.54	-29.5	-7.0707984	9.9053335	4.279965	-62.24476	-7.069909	0.7	457500	5258.154533863068
183	-28.7	-28.7	-30.7	-7.076053	9.826045	4.4816604	-59.69816	-7.0767946	0.6	460000	5287.023151397705
184	-26.7	-26.7	-29.9	-7.011868	9.690444	3.529535	-60.6352	-7.0118966	0.5	462500	5315.056900262833
185	-31.22	-31.22	-19.199999	-6.9995403	9.622077	5.2013597	-60.47217	-6.99964	0.8	465000	5343.885819911957
186	-33.46	-33.46	-26.6	-6.995705	9.550247	4.410663	-63.691315	-6.9956217	0.5	467500	5372.445548295975
187	-30.82	-30.82	-30.0	-7.0094037	9.503428	4.0395565	-63.239666	-7.009233	0.6	470000	5400.488331317902
188	-33.38	-33.38	-15.0	-7.0132303	9.471577	4.9845934	-60.182354	-7.0129123	1.0	472500	5428.705744981766
189	-32.22	-32.22	-25.4	-7.039382	9.405972	4.7682805	-63.34972	-7.0401216	0.8	475000	5456.713680028915
190	-27.74	-27.74	-26.4	-7.0333676	9.384409	5.5841537	-64.04567	-7.033815	0.7	477500	5484.735259771347
191	-31.22	-31.22	-31.0	-6.993245	9.298464	5.6229734	-62.267967	-6.9927626	0.8	480000	5512.8764731884
192	-27.52	-27.52	-21.300001	-6.9651756	9.246015	10.818769	-62.62732	-6.9644217	0.8	482500	5540.994756937027
193	-29.8	-29.8	-18.300001	-6.9075837	9.119729	8.078786	-62.53614	-6.9076214	0.8	485000	5569.372761249542
194	-33.44	-33.44	-25.7	-6.893829	9.06052	6.476541	-69.97834	-6.8939915	0.7	487500	5597.400377511978
195	-32.38	-32.38	-26.0	-6.9270854	9.002922	5.1503825	-62.521935	-6.9271035	0.8	490000	5627.567565441132
196	-30.48	-30.48	-24.2	-6.920899	8.954771	12.0233	-60.043777	-6.920509	0.7	492500	5660.213015556335
197	-30.9	-30.9	-27.8	-6.9325953	8.902234	4.0898137	-60.903107	-6.9327197	0.7	495000	5691.479035615921
198	-29.88	-29.88	-33.0	-6.8453975	8.80445	5.092798	-59.91333	-6.8455753	0.6	497500	5720.181291341782
199	-31.76	-31.76	-26.4	-6.836439	8.773103	5.52672	-60.740505	-6.8364625	0.6	500000	5749.49254989624
200	-31.24	-31.24	-18.4	-6.809193	8.662782	4.5437794	-58.892895	-6.808908	1.0	502500	5778.519221782684
201	-27.54	-27.54	-28.3	-6.7880826	8.590736	6.6219664	-63.41709	-6.787769	0.5	505000	5810.253774166107
202	-33.06	-33.06	-23.199999	-6.794762	8.548357	7.581811	-64.15187	-6.7958183	0.9	507500	5838.799210071564
203	-29.16	-29.16	-15.4	-6.8015513	8.522132	4.77435	-59.299694	-6.801433	1.0	510000	5867.173162221909
204	-28.36	-28.36	-20.9	-6.8260407	8.502481	17.712671	-64.90745	-6.825904	1.0	512500	5895.360218286514
205	-31.28	-31.28	-24.0	-6.7945843	8.45989	4.4184504	-64.80504	-6.794672	0.7	515000	5923.633038043976
206	-32.5	-32.5	-17.0	-6.753547	8.369203	6.6744266	-62.299606	-6.7536526	0.9	517500	5951.6079823970795
207	-27.0	-27.0	-16.5	-6.7118125	8.263686	13.333631	-62.369682	-6.7118945	0.7	520000	5980.0158767700195
208	-28.44	-28.44	-26.4	-6.6782527	8.242375	4.6778727	-66.69929	-6.678307	0.6	522500	6008.204963445663
209	-25.02	-25.02	-27.6	-6.686959	8.188616	5.725637	-62.492992	-6.686875	0.6	525000	6037.949649810791
210	-28.84	-28.84	-26.7	-6.722149	8.240132	6.800491	-64.9387	-6.7231283	0.6	527500	6068.324886798859
211	-31.64	-31.64	-22.699999	-6.7636995	8.243233	4.772657	-66.80605	-6.7632303	0.8	530000	6096.90670800209
212	-27.22	-27.22	-30.2	-6.7820253	8.265834	5.264668	-60.91271	-6.782157	0.6	532500	6125.754168748856
213	-28.46	-28.46	-16.4	-6.743001	8.199938	23.975584	-62.43628	-6.7434773	1.0	535000	6154.519303560257
214	-29.18	-29.18	-19.699999	-6.7438445	8.175283	6.460184	-61.96327	-6.7435436	0.9	537500	6182.653536558151
215	-27.62	-27.62	-26.1	-6.8081303	8.224982	4.3481717	-65.55924	-6.808492	0.5	540000	6210.5508370399475
216	-28.48	-28.48	-23.5	-6.8134127	8.211487	27.121841	-61.068	-6.813654	1.0	542500	6238.720191001892
217	-26.22	-26.22	-22.6	-6.832749	8.234548	17.66825	-67.80967	-6.8332467	0.7	545000	6266.88902759552
218	-30.7	-30.7	-29.2	-6.7787867	8.174745	5.1432	-59.367863	-6.7790704	0.7	547500	6294.936044692993
219	-25.64	-25.64	-25.2	-6.8135233	8.1605835	9.769776	-64.0544	-6.813086	0.6	550000	6323.183477640152
220	-26.62	-26.62	-16.1	-6.828093	8.172106	5.702953	-83.55734	-6.8278174	0.9	552500	6351.556426048279
221	-26.54	-26.54	-23.4	-6.835954	8.156288	8.045973	-59.654987	-6.836576	0.7	555000	6379.836667537689
222	-28.56	-28.56	-27.0	-6.762793	8.067065	25.1416	-69.19541	-6.7626615	0.6	557500	6408.191694498062
223	-30.84	-30.84	-30.9	-6.8119826	8.087459	5.109452	-61.34533	-6.8126965	0.6	560000	6436.421165466309
224	-28.12	-28.12	-27.9	-6.8043284	8.059871	15.06538	-60.824486	-6.80503	0.7	562500	6465.358443975449
225	-34.04	-34.04	-22.800001	-6.8087344	8.039818	4.1280704	-59.93743	-6.808567	0.7	565000	6495.084840297699
226	-25.84	-25.84	-21.9	-6.902127	8.120174	10.447432	-60.33335	-6.902169	0.8	567500	6523.382369279861
227	-27.16	-27.16	-24.3	-6.928135	8.103321	8.689713	-60.418327	-6.9283404	0.8	570000	6551.535365343094
228	-29.76	-29.76	-20.5	-6.889126	8.061112	25.707708	-63.880283	-6.889905	0.8	572500	6579.537663698196
229	-26.42	-26.42	-23.7	-6.8871264	8.002162	17.560795	-84.06947	-6.8870873	0.8	575000	6607.676127910614
230	-28.5	-28.5	-20.199999	-6.8599615	7.989571	10.481839	-63.31177	-6.8603487	0.9	577500	6637.211414575577
231	-27.48	-27.48	-25.2	-6.8964524	8.011345	16.539324	-61.192932	-6.8973117	0.7	580000	6665.735188007355
232	-27.8	-27.8	-20.0	-6.9038587	8.021227	7.735481	-59.624626	-6.9039536	1.0	582500	6693.77948307991
233	-31.66	-31.66	-11.3	-6.877743	7.9884357	11.421129	-61.463432	-6.8780704	1.0	585000	6721.785404920578
234	-26.74	-26.74	-19.800001	-6.902073	7.9825416	12.562559	-60.122993	-6.902626	0.9	587500	6749.857311487198
235	-29.76	-29.76	-19.1	-6.942039	7.9961925	9.142117	-65.05969	-6.9421988	0.8	590000	6778.884758472443
236	-25.44	-25.44	-18.0	-6.959392	8.03954	6.055559	-62.967285	-6.960076	0.8	592500	6807.690001010895
237	-27.26	-27.26	-25.6	-6.9595027	8.071439	10.874446	-60.218143	-6.9600897	0.8	595000	6835.675836801529
238	-28.92	-28.92	-18.9	-6.96818	8.0873165	5.07428	-57.971027	-6.9680643	1.0	597500	6863.857623338699
239	-27.76	-27.76	-18.800001	-6.964074	8.037233	10.35682	-62.42113	-6.9646716	0.9	600000	6892.84315943718
240	-27.4	-27.4	-21.699999	-6.9801526	8.038553	9.080438	-64.45883	-6.980298	0.8	602500	6922.039035797119
241	-29.94	-29.94	-18.199999	-7.0140347	8.12014	10.133034	-61.7387	-7.015019	0.9	605000	6950.748349428177
242	-23.66	-23.66	-19.6	-7.029549	8.163259	8.324806	-62.425762	-7.0303564	0.9	607500	6979.258820295334
243	-27.24	-27.24	-14.8	-6.99351	8.141704	9.294304	-61.562065	-6.9943414	0.8	610000	7007.294005155563
244	-23.7	-23.7	-22.4	-6.9973135	8.15807	6.379654	-76.37232	-6.996902	0.9	612500	7035.778467416763
245	-24.48	-24.48	-16.300001	-6.9602613	8.106689	5.17245	-73.973946	-6.9610815	1.0	615000	7064.336423635483
246	-26.18	-26.18	-19.0	-6.925699	8.0887	7.81031	-63.000694	-6.9259224	0.9	617500	7092.78776717186
247	-23.68	-23.68	-20.9	-6.88459	8.06237	7.3862915	-61.275753	-6.8855133	0.8	620000	7122.152008295059
248	-27.18	-27.18	-19.300001	-6.845654	8.035507	23.975698	-64.98274	-6.8459506	0.8	622500	7151.786827802658
249	-25.66	-25.66	-14.6	-6.804809	7.973559	6.9588566	-70.05418	-6.805159	0.9	625000	7180.424397945404
250	-26.76	-26.76	-20.5	-6.8033	7.9646273	9.01965	-89.94764	-6.803098	0.7	627500	7208.6381549835205
251	-27.16	-27.16	-15.9	-6.7737384	7.953564	16.289955	-59.95184	-6.773122	0.8	630000	7236.755752801895
252	-27.22	-27.22	-19.0	-6.7473254	7.9726224	5.801669	-61.614784	-6.7480745	0.9	632500	7264.860174894333
253	-27.64	-27.64	-24.3	-6.7273464	7.9521155	7.043069	-59.703007	-6.7269473	0.7	635000	7293.177500009537
254	-23.82	-23.82	-19.9	-6.7623887	8.0379505	6.487134	-64.180824	-6.762729	0.9	637500	7321.0388469696045
255	-25.26	-25.26	-22.699999	-6.784803	8.05243	5.601302	-70.58865	-6.7847	0.7	640000	7349.0922775268555
256	-25.92	-25.92	-16.0	-6.7502494	8.016547	4.295021	-65.26591	-6.7508326	1.0	642500	7378.232623100281
257	-27.54	-27.54	-17.0	-6.7674074	8.029596	4.522724	-70.4617	-6.7672086	1.0	645000	7409.636403083801
258	-24.94	-24.94	-13.8	-6.716722	7.981583	7.962084	-62.08535	-6.716823	0.9	647500	7442.768271684647
259	-23.38	-23.38	-16.6	-6.644845	7.9527082	5.209377	-63.030975	-6.644733	1.0	650000	7475.4669280052185
260	-24.62	-24.62	-16.199999	-6.5907598	7.906988	4.719369	-102.662094	-6.590019	0.9	652500	7506.907412528992
261	-21.92	-21.92	-16.699999	-6.544618	7.893066	6.043894	-76.583206	-6.5445104	0.9	655000	7536.010262727737
262	-25.7	-25.7	-14.0	-6.4757547	7.8309245	5.2739844	-61.690876	-6.4753504	1.0	657500	7563.954351902008
263	-26.56	-26.56	-15.1	-6.441354	7.819377	6.709647	-66.56747	-6.4414253	0.9	660000	7592.0678424835205
264	-24.5	-24.5	-13.8	-6.3931937	7.7797894	5.3642154	-76.56203	-6.3929653	0.9	662500	7620.442283630371
265	-25.26	-25.26	-13.6	-6.3752995	7.760005	6.856801	-71.07416	-6.3752265	0.9	665000	7648.667773485184
266	-26.04	-26.04	-20.6	-6.349537	7.723365	6.408515	-62.183464	-6.349403	0.9	667500	7676.817906856537
267	-29.24	-29.24	-13.8	-6.298697	7.688721	5.746453	-64.36065	-6.29842	0.9	670000	7704.974891901016
268	-23.4	-23.4	-15.7	-6.2824183	7.699976	4.7899895	-64.381065	-6.2823944	1.0	672500	7733.417788982391
269	-26.26	-26.26	-14.6	-6.2659006	7.6875944	4.343103	-59.974274	-6.26559	1.0	675000	7761.412594795227
270	-21.16	-21.16	-17.199999	-6.2439165	7.6636457	8.550362	-71.02534	-6.2434964	0.9	677500	7789.543962717056
271	-20.46	-20.46	-16.9	-6.1919346	7.643617	5.4476433	-66.63903	-6.191371	1.0	680000	7817.640627145767
272	-25.52	-25.52	-18.699999	-6.158244	7.6188116	4.69171	-66.52127	-6.1583314	0.9	682500	7846.107487916946
273	-26.42	-26.42	-16.699999	-6.0896606	7.563934	4.365238	-81.64632	-6.0893807	0.9	685000	7876.423554420471
274	-23.6	-23.6	-26.0	-6.011464	7.476602	5.551204	-65.991745	-6.01156	1.0	687500	7904.754899740219
275	-23.92	-23.92	-14.0	-5.9950247	7.4647913	4.563359	-63.917595	-5.994729	1.0	690000	7933.737469434738
276	-22.6	-22.6	-10.400001	-5.960616	7.4421797	5.0079217	-67.43728	-5.9600215	1.0	692500	7961.919208526611
277	-25.08	-25.08	-18.699999	-5.899554	7.4384856	4.598779	-65.174065	-5.8986464	0.9	695000	7990.141182899475
278	-25.4	-25.4	-17.1	-5.8327856	7.388691	4.197819	-72.47902	-5.8331532	0.9	697500	8018.251954078674
279	-22.86	-22.86	-15.6	-5.767553	7.345875	3.7179143	-60.790913	-5.7676563	0.9	700000	8047.461617469788
280	-22.04	-22.04	-17.199999	-5.7291784	7.3092847	5.2879567	-74.4885	-5.7290792	0.8	702500	8076.338880300522
281	-22.48	-22.48	-7.5	-5.6636567	7.2790017	4.7869744	-69.37382	-5.6637177	1.0	705000	8104.645928859711
282	-20.06	-20.06	-14.3	-5.614716	7.2226896	11.385879	-65.55209	-5.6148453	1.0	707500	8133.102780580521
283	-23.46	-23.46	-14.9	-5.579694	7.183785	5.1228113	-61.764385	-5.5800543	1.0	710000	8161.497065067291
284	-23.22	-23.22	-10.400001	-5.5466256	7.1707053	3.7804928	-71.22246	-5.5460286	1.0	712500	8190.19642663002
285	-25.3	-25.3	-15.1	-5.5186014	7.164439	3.1414557	-63.94247	-5.5184307	1.0	715000	8218.663709163666
286	-22.24	-22.24	-16.6	-5.495076	7.1703014	6.6904397	-60.254894	-5.4943004	1.0	717500	8247.269183397293
287	-23.7	-23.7	-23.3	-5.468178	7.1113167	3.8194766	-68.884865	-5.4680347	0.8	720000	8280.016684055328
288	-20.18	-20.18	-17.9	-5.397084	7.063976	3.343739	-62.513077	-5.3974733	0.9	722500	8312.41588640213
289	-25.12	-25.12	-14.6	-5.330819	6.9944067	4.9025755	-74.85806	-5.330314	1.0	725000	8345.585539340973
290	-19.98	-19.98	-10.0	-5.2557592	6.936297	3.4317408	-62.704693	-5.2557244	1.0	727500	8378.466886997223
291	-22.9	-22.9	-15.5	-5.2231054	6.9100747	5.1142945	-62.21099	-5.223275	1.0	730000	8407.530063152313
292	-26.28	-26.28	-15.9	-5.19178	6.8959403	4.2415504	-62.30052	-5.1915755	1.0	732500	8436.467220783234
293	-21.62	-21.62	-10.7	-5.150728	6.8527493	4.8864274	-68.482315	-5.1502743	1.0	735000	8464.639986515045
294	-20.6	-20.6	-14.8	-5.114428	6.8135147	3.4324565	-67.525986	-5.113955	1.0	737500	8492.757614135742
295	-23.76	-23.76	-14.7	-5.072679	6.7804446	5.0087757	-75.826775	-5.0724573	0.9	740000	8521.291178226471
296	-25.74	-25.74	-11.099999	-5.058035	6.747533	3.7177944	-62.740517	-5.057817	1.0	742500	8549.866842985153
297	-24.12	-24.12	-10.0	-5.0277066	6.7235165	3.3037863	-67.93744	-5.0281224	1.0	745000	8578.055178880692
298	-22.5	-22.5	-12.9	-5.0102186	6.7156076	5.025882	-59.90483	-5.0098915	1.0	747500	8606.26271390915
299	-24.06	-24.06	-17.800001	-5.0185375	6.7329617	4.6441565	-63.393738	-5.0180025	0.9	750000	8634.489622831345
300	-24.64	-24.64	-19.4	-4.9647603	6.705188	4.4835567	-65.31075	-4.9645042	0.9	752500	8662.686912059784
301	-20.34	-20.34	-17.4	-4.9296217	6.6479974	3.21867	-61.839005	-4.9288416	0.8	755000	8690.862155914307
302	-23.4	-23.4	-20.300001	-4.919503	6.6569924	3.7755663	-69.14881	-4.9193563	1.0	757500	8719.62776875496
303	-20.94	-20.94	-13.7	-4.885735	6.5953536	4.728098	-62.357307	-4.8856354	1.0	760000	8747.73293018341
304	-22.2	-22.2	-15.8	-4.8158746	6.5478926	6.0848503	-65.65888	-4.816513	0.9	762500	8778.595930337906
305	-23.0	-23.0	-9.8	-4.7744517	6.528053	4.539211	-63.960297	-4.773782	1.0	765000	8807.129506349564
306	-21.32	-21.32	-9.3	-4.7299037	6.4934087	4.8234916	-112.25672	-4.729715	1.0	767500	8835.725317716599
307	-23.36	-23.36	-12.6	-4.7386293	6.523965	4.3242145	-94.21106	-4.7388887	1.0	770000	8864.704617261887
308	-22.62	-22.62	-10.099999	-4.6975665	6.4876046	3.8259664	-74.84432	-4.697339	1.0	772500	8892.925545692444
309	-22.78	-22.78	-11.599999	-4.6741657	6.4653196	7.659611	-98.50373	-4.673943	1.0	775000	8921.224257707596
310	-24.74	-24.74	-18.199999	-4.679703	6.4820857	3.6469657	-65.938095	-4.6794777	0.9	777500	8949.441608428955
311	-17.9	-17.9	-11.3	-4.645416	6.4404707	3.6413221	-59.440414	-4.645135	1.0	780000	8977.657968521118
312	-23.7	-23.7	-18.4	-4.6235337	6.4575896	2.9662962	-71.55816	-4.623151	0.9	782500	9006.06874203682
313	-23.6	-23.6	-11.5	-4.5736294	6.4166727	2.9097242	-62.766544	-4.5733504	1.0	785000	9034.150237321854
314	-22.26	-22.26	-10.400001	-4.535357	6.356541	3.5273619	-71.159744	-4.5350685	1.0	787500	9062.472250699997
315	-24.56	-24.56	-17.4	-4.4910474	6.33896	2.6498256	-65.20242	-4.490919	0.8	790000	9095.417173862457
316	-23.98	-23.98	-14.3	-4.463614	6.299071	3.8968127	-67.4606	-4.4640846	1.0	792500	9124.885882616043
317	-23.22	-23.22	-14.5	-4.478795	6.329991	3.975688	-62.25674	-4.4785113	1.0	795000	9154.407235383987
318	-22.84	-22.84	-12.0	-4.433229	6.2982216	3.6548867	-60.3985	-4.4332047	1.0	797500	9184.149793624878
319	-18.12	-18.12	-10.099999	-4.4144707	6.2855577	3.0015132	-70.3255	-4.414298	1.0	800000	9212.800832748413
320	-22.4	-22.4	-16.300001	-4.402577	6.284862	4.9521756	-74.552574	-4.4026203	0.9	802500	9240.895775794983
321	-21.24	-21.24	-13.7	-4.3682427	6.250226	5.3345766	-69.642746	-4.3685513	0.9	805000	9269.72806429863
322	-19.56	-19.56	-16.6	-4.3365397	6.200489	3.980596	-65.59193	-4.3363256	1.0	807500	9297.932057619095
323	-24.26	-24.26	-14.4	-4.265394	6.1491075	4.562512	-66.99426	-4.2659497	0.9	810000	9326.978944063187
324	-18.98	-18.98	-12.6	-4.242767	6.1295414	3.5031495	-60.281742	-4.24279	1.0	812500	9355.443151473999
325	-22.58	-22.58	-10.3	-4.226805	6.0773	3.3313107	-63.404118	-4.226848	1.0	815000	9384.671845197678
326	-24.58	-24.58	-10.3	-4.218776	6.069319	3.537034	-70.16912	-4.219206	1.0	817500	9413.49990272522
327	-24.38	-24.38	-12.3	-4.2508893	6.1033654	2.9293194	-73.48669	-4.250305	1.0	820000	9441.638530015945
328	-22.14	-22.14	-9.2	-4.2374845	6.1060452	3.3257723	-68.42585	-4.237289	1.0	822500	9469.559706687927
329	-23.26	-23.26	-14.5	-4.214362	6.104868	3.9815004	-70.98375	-4.2140565	0.9	825000	9497.739266633987
330	-22.78	-22.78	-11.599999	-4.1808195	6.078423	4.116868	-75.12348	-4.1802716	1.0	827500	9526.609636068344
331	-21.44	-21.44	-12.0	-4.1631474	6.0386596	4.9323406	-78.892654	-4.163865	0.9	830000	9554.866625785828
332	-20.02	-20.02	-11.599999	-4.154556	6.0519824	3.2734556	-58.646347	-4.154405	0.9	832500	9584.128846168518
333	-23.8	-23.8	-16.9	-4.16655	6.0530677	3.7047331	-61.717644	-4.1662645	0.9	835000	9613.528008699417
334	-21.7	-21.7	-9.3	-4.1224356	6.032253	3.275043	-65.79951	-4.122306	1.0	837500	9641.807708740234
335	-19.96	-19.96	-12.8	-4.0592732	5.910091	3.1197457	-64.38892	-4.0592637	1.0	840000	9670.02910399437
336	-20.42	-20.42	-13.0	-4.042687	5.922783	4.098591	-67.3613	-4.04316	1.0	842500	9698.32844543457
337	-19.2	-19.2	-9.599999	-4.05653	5.965217	5.528957	-66.291336	-4.0562134	1.0	845000	9726.58034324646
338	-20.52	-20.52	-14.3	-4.0444756	5.9070315	3.103662	-59.876858	-4.0450497	0.9	847500	9755.028789758682
339	-20.84	-20.84	-13.8	-4.033669	5.9020615	3.3674603	-57.78099	-4.0332265	1.0	850000	9783.69404387474
340	-21.2	-21.2	-11.400001	-3.998841	5.869761	3.3004115	-70.041115	-3.9989474	0.9	852500	9812.011999845505
341	-21.18	-21.18	-13.3	-3.977132	5.8250117	3.5644102	-65.40214	-3.977043	1.0	855000	9841.405416727066
342	-17.48	-17.48	-12.2	-3.9538722	5.8126416	4.2648287	-63.319267	-3.9541352	1.0	857500	9869.686836242676
343	-17.94	-17.94	-10.7	-3.9366026	5.794551	3.476367	-61.480797	-3.9366477	1.0	860000	9898.177621603012
344	-21.34	-21.34	-9.599999	-3.924764	5.771251	4.0496955	-70.383736	-3.9245906	1.0	862500	9927.37378001213
345	-18.84	-18.84	-11.8	-3.8654888	5.6770964	3.9102046	-94.29099	-3.865643	1.0	865000	9956.22149014473
346	-17.24	-17.24	-10.400001	-3.8311684	5.670432	3.274079	-64.44149	-3.8314514	1.0	867500	9984.781194925308
347	-19.94	-19.94	-15.7	-3.7989967	5.6389756	4.029639	-65.402466	-3.7990255	0.9	870000	10014.185186386108
348	-19.26	-19.26	-14.6	-3.7927284	5.677262	3.456897	-58.12954	-3.792995	0.9	872500	10042.396217346191
349	-21.12	-21.12	-15.4	-3.7935846	5.648027	3.3597617	-69.81573	-3.7935846	0.9	875000	10070.546611309052
350	-20.42	-20.42	-12.2	-3.7826169	5.627342	3.660956	-66.25125	-3.7832282	1.0	877500	10098.87393450737
351	-22.58	-22.58	-9.900001	-3.7621448	5.6348195	3.8903944	-62.92448	-3.7620785	1.0	880000	10126.893486499786
352	-23.38	-23.38	-9.3	-3.7459369	5.6119337	4.2684393	-62.555614	-3.7463148	1.0	882500	10154.8623213768
353	-24.32	-24.32	-11.599999	-3.730372	5.6042447	3.4851751	-68.18106	-3.7303705	1.0	885000	10183.724939107895
354	-19.16	-19.16	-14.9	-3.770002	5.6311927	8.063519	-80.26769	-3.7704108	0.9	887500	10212.572865009308
355	-20.02	-20.02	-11.2	-3.7591155	5.6318307	3.853456	-64.8989	-3.758792	1.0	890000	10240.783929347992
356	-20.5	-20.5	-10.400001	-3.7267773	5.576915	3.3915107	-57.30624	-3.7269268	1.0	892500	10269.692290067673
357	-20.82	-20.82	-13.5	-3.7384474	5.5872097	3.083459	-64.40834	-3.7381976	0.9	895000	10298.50723528862
358	-20.16	-20.16	-12.1	-3.7315347	5.584564	2.5885994	-65.289635	-3.7315176	1.0	897500	10327.648680210114
359	-22.74	-22.74	-12.2	-3.7373774	5.62012	4.155239	-75.29997	-3.7369478	1.0	900000	10355.880515098572
360	-22.16	-22.16	-14.2	-3.7186227	5.609254	3.8725314	-67.7344	-3.7185686	1.0	902500	10384.047293186188
361	-18.8	-18.8	-15.4	-3.6645567	5.5336547	3.3311198	-64.2549	-3.664653	0.9	905000	10414.3349442482
362	-18.56	-18.56	-10.3	-3.6511867	5.5222616	4.124521	-68.29623	-3.6513023	1.0	907500	10445.669549942017
363	-20.48	-20.48	-9.8	-3.6408782	5.518131	4.1423426	-59.810066	-3.6405387	1.0	910000	10474.113513469696
364	-18.2	-18.2	-10.5	-3.6289968	5.4856524	6.3649235	-63.409325	-3.6290963	1.0	912500	10504.08741235733
365	-23.32	-23.32	-10.599999	-3.6283977	5.5146275	3.2602892	-75.11541	-3.628783	1.0	915000	10532.97531580925
366	-15.7	-15.7	-11.099999	-3.6306846	5.5108037	4.366664	-63.937275	-3.6304855	1.0	917500	10561.643280267715
367	-22.18	-22.18	-15.6	-3.6156096	5.4873743	3.578419	-73.58579	-3.61543	0.9	920000	10594.394345760345
368	-18.3	-18.3	-13.1	-3.5792742	5.4249744	3.3451123	-61.259365	-3.578862	1.0	922500	10627.032621860504
369	-18.88	-18.88	-8.8	-3.5458505	5.430213	3.684702	-67.46911	-3.5453832	1.0	925000	10659.285806894302
370	-18.18	-18.18	-15.1	-3.5605168	5.4383802	3.9722357	-58.41335	-3.5602906	0.9	927500	10689.963776111603
371	-21.78	-21.78	-11.9	-3.573511	5.466501	5.249626	-81.86299	-3.5733979	1.0	930000	10719.330346345901
372	-19.94	-19.94	-15.3	-3.55623	5.441478	6.9340177	-61.400597	-3.5561414	1.0	932500	10749.514821767807
373	-19.04	-19.04	-11.3	-3.5521786	5.460977	3.9939048	-61.478546	-3.5521593	1.0	935000	10777.592881917953
374	-20.14	-20.14	-14.4	-3.5406191	5.4228654	3.364234	-61.0289	-3.540474	1.0	937500	10805.81511259079
375	-22.96	-22.96	-10.7	-3.511749	5.400351	4.327892	-68.269135	-3.5118387	1.0	940000	10833.940580368042
376	-20.9	-20.9	-10.7	-3.5347722	5.4274764	5.279267	-58.27354	-3.5349565	1.0	942500	10862.09215426445
377	-16.12	-16.12	-10.5	-3.5303442	5.4267244	3.5471423	-65.6929	-3.5302393	1.0	945000	10890.1576025486
378	-18.7	-18.7	-16.0	-3.5069757	5.387371	3.563939	-64.05934	-3.5070713	1.0	947500	10918.422799110413
379	-20.16	-20.16	-12.5	-3.4868624	5.3531747	3.3850017	-70.68182	-3.4866714	1.0	950000	10947.72574543953
380	-19.94	-19.94	-19.800001	-3.4753413	5.3203287	7.3965664	-62.630962	-3.4752872	0.8	952500	10975.772724628448
381	-21.04	-21.04	-11.5	-3.4427996	5.2895985	2.9648871	-63.844074	-3.4426684	1.0	955000	11003.73057627678
382	-19.16	-19.16	-11.2	-3.4489608	5.319676	3.5640593	-81.34724	-3.448871	1.0	957500	11031.550813913345
383	-18.52	-18.52	-15.7	-3.4340653	5.3280277	4.708829	-67.548584	-3.4343743	0.9	960000	11060.497576236725
384	-17.5	-17.5	-9.099999	-3.4396715	5.3063316	2.8708453	-73.767784	-3.4396186	1.0	962500	11089.947098255157
385	-17.08	-17.08	-8.7	-3.4001408	5.2625337	2.9389286	-65.28217	-3.3999243	1.0	965000	11119.168706417084
386	-21.18	-21.18	-12.0	-3.4060411	5.290868	3.9359567	-62.557198	-3.4060442	1.0	967500	11147.374595165253
387	-18.52	-18.52	-11.400001	-3.3898962	5.246753	3.0527062	-61.694492	-3.3897493	1.0	970000	11175.79973268509
388	-18.34	-18.34	-8.2	-3.3689835	5.240028	3.0613127	-67.27442	-3.3687763	1.0	972500	11203.896166563034
389	-17.14	-17.14	-11.400001	-3.3491623	5.1912665	3.4853127	-66.04588	-3.3490171	0.9	975000	11231.913727760315
390	-19.7	-19.7	-8.7	-3.3357737	5.172825	3.0897474	-66.66389	-3.3361313	1.0	977500	11260.020901441574
391	-19.78	-19.78	-10.5	-3.3363626	5.18118	3.8464882	-59.073483	-3.335995	1.0	980000	11288.926019191742
392	-24.46	-24.46	-10.2	-3.3401704	5.196979	3.241094	-77.970345	-3.3395956	1.0	982500	11319.023470878601
393	-18.3	-18.3	-12.8	-3.3383632	5.202563	3.256269	-60.525578	-3.338281	0.9	985000	11347.098681926727
394	-18.18	-18.18	-11.400001	-3.3266149	5.160011	3.3564234	-60.355164	-3.326732	0.9	987500	11375.210748672485
395	-20.74	-20.74	-7.4	-3.2901087	5.120058	3.9222682	-64.46894	-3.2897687	1.0	990000	11403.265633583069
396	-19.14	-19.14	-10.400001	-3.2789388	5.1010895	4.8910193	-63.97495	-3.2783358	1.0	992500	11431.42074751854
397	-17.88	-17.88	-11.7	-3.2665946	5.1154156	3.4327583	-75.94401	-3.2669818	1.0	995000	11459.575837612152
398	-19.86	-19.86	-8.8	-3.2637281	5.113246	4.6742287	-66.24903	-3.2638037	1.0	997500	11489.240045785904
399	-19.46	-19.46	-9.099999	-3.2806563	5.092572	6.683137	-105.52812	-3.2806084	1.0	1000000	11517.346670150757
400	-17.28	-17.28	-9.3	-3.2692318	5.079834	4.0241556	-58.264236	-3.2689643	1.0	1002500	11546.766571998596
401	-17.18	-17.18	-16.6	-3.2280252	5.0672054	4.7747164	-66.8098	-3.228042	0.8	1005000	11579.248157978058
402	-17.96	-17.96	-8.7	-3.2289336	5.0391617	4.32804	-73.08153	-3.2288282	1.0	1007500	11611.71736907959
403	-18.96	-18.96	-9.900001	-3.221912	5.048314	4.0898094	-79.84138	-3.2217598	1.0	1010000	11644.097141981125
404	-20.12	-20.12	-9.599999	-3.2143826	5.040318	3.894371	-60.897587	-3.214234	1.0	1012500	11676.472562789917
405	-18.14	-18.14	-10.5	-3.2020023	5.040294	4.1333523	-65.91561	-3.2018673	1.0	1015000	11708.694224357605
406	-20.0	-20.0	-14.9	-3.1712453	5.012888	4.677766	-67.86874	-3.1712704	0.9	1017500	11742.036619186401
407	-16.82	-16.82	-7.9	-3.1617813	5.0222077	4.809206	-61.425083	-3.1615899	1.0	1020000	11771.582511425018
408	-16.46	-16.46	-9.2	-3.1377532	4.9831104	4.994627	-62.71167	-3.1376357	1.0	1022500	11802.000108242035
409	-19.28	-19.28	-10.5	-3.1408134	4.960298	5.2393317	-61.354774	-3.1410658	1.0	1025000	11829.792243003845
410	-18.94	-18.94	-9.599999	-3.1275764	4.9690514	4.040773	-63.44687	-3.127363	1.0	1027500	11858.13238811493
411	-18.26	-18.26	-9.599999	-3.1066525	4.943379	5.9487543	-93.03609	-3.106663	1.0	1030000	11886.703491449356
412	-17.5	-17.5	-10.400001	-3.0797362	4.9338803	6.3719535	-67.24067	-3.0798666	1.0	1032500	11914.583660840988
413	-21.4	-21.4	-10.7	-3.0619676	4.90061	3.0932944	-65.41467	-3.0616572	1.0	1035000	11944.701889753342
414	-19.22	-19.22	-10.099999	-3.0817049	4.91301	3.207398	-61.810104	-3.0816169	1.0	1037500	11973.184300899506
415	-19.54	-19.54	-10.5	-3.0454593	4.866547	4.3711777	-68.650024	-3.0454829	1.0	1040000	12001.48582315445
416	-17.6	-17.6	-11.0	-3.0446656	4.8911233	4.792903	-62.46611	-3.0445511	1.0	1042500	12030.903769254684
417	-17.94	-17.94	-8.5	-3.0003445	4.8381944	6.405938	-65.242615	-3.000381	1.0	1045000	12059.33157324791
418	-19.6	-19.6	-9.599999	-3.0058076	4.8597574	3.6326027	-77.55217	-3.006034	1.0	1047500	12088.077142000198
419	-17.62	-17.62	-10.8	-2.9976661	4.8481336	3.2734413	-86.3346	-2.9975948	1.0	1050000	12119.215465784073
420	-21.46	-21.46	-10.0	-2.9980154	4.8546047	3.250609	-66.36658	-2.9979413	1.0	1052500	12148.240636587143
421	-15.22	-15.22	-8.599999	-2.9994667	4.8578515	4.350705	-62.664444	-2.9995792	1.0	1055000	12177.859297513962
422	-16.6	-16.6	-8.3	-2.994303	4.8415046	3.3016598	-79.32264	-2.9941938	1.0	1057500	12206.23055267334
423	-19.54	-19.54	-9.599999	-2.9944954	4.8606796	4.058366	-62.441677	-2.9941747	1.0	1060000	12235.095061779022
424	-20.72	-20.72	-9.3	-2.9823115	4.848363	5.183483	-62.491043	-2.9822252	1.0	1062500	12263.703956842422
425	-19.56	-19.56	-12.3	-2.9948018	4.8487105	4.6166716	-66.59562	-2.9947321	1.0	1065000	12291.90892624855
426	-19.02	-19.02	-8.900001	-2.9954686	4.8346562	3.2551575	-63.826256	-2.9952266	1.0	1067500	12320.32566332817
427	-18.9	-18.9	-11.3	-3.0016334	4.818824	7.4428625	-61.169876	-3.0017347	1.0	1070000	12350.032106876373
428	-18.14	-18.14	-7.2	-3.0032089	4.823271	3.3426557	-69.95788	-3.002983	1.0	1072500	12378.128957986832
429	-16.58	-16.58	-10.3	-2.9636066	4.792332	4.3530173	-61.077602	-2.9637759	1.0	1075000	12406.042572259903
430	-17.0	-17.0	-9.8	-2.9748182	4.7948375	4.8540215	-66.898605	-2.974982	1.0	1077500	12433.919360876083
431	-17.36	-17.36	-7.1	-2.9579513	4.8010745	4.5645986	-60.745007	-2.9580965	1.0	1080000	12462.068232297897
432	-18.26	-18.26	-9.7	-2.9381347	4.7875113	5.181446	-63.355927	-2.937871	1.0	1082500	12490.44575047493
433	-16.92	-16.92	-8.7	-2.9321895	4.7896748	3.1596818	-62.294064	-2.9321573	1.0	1085000	12519.695434808731
434	-17.2	-17.2	-11.400001	-2.906074	4.7550097	2.9632916	-87.86132	-2.9060376	1.0	1087500	12550.368606328964
435	-19.1	-19.1	-11.400001	-2.900667	4.7369804	5.9293766	-67.4038	-2.9008403	1.0	1090000	12581.99336361885
436	-17.6	-17.6	-13.3	-2.873138	4.707225	2.9913006	-61.275803	-2.8732238	0.9	1092500	12610.027209043503
437	-18.52	-18.52	-8.2	-2.895373	4.7525325	4.786044	-65.22597	-2.8955412	1.0	1095000	12638.216744661331
438	-17.72	-17.72	-9.3	-2.8889182	4.742314	3.9760642	-59.808853	-2.8888235	1.0	1097500	12666.245290756226
439	-15.48	-15.48	-8.8	-2.8612025	4.6829915	5.186035	-65.10009	-2.8611188	1.0	1100000	12694.446820020676
440	-18.34	-18.34	-9.0	-2.8504415	4.6786714	2.6871877	-85.15524	-2.8502953	1.0	1102500	12722.482922077179
441	-17.54	-17.54	-10.0	-2.839104	4.6481695	4.939915	-67.48695	-2.8391974	1.0	1105000	12751.398099660873
442	-19.16	-19.16	-12.2	-2.8436697	4.655172	4.137368	-69.93899	-2.8434916	1.0	1107500	12779.606325387955
443	-20.7	-20.7	-9.099999	-2.846893	4.6563163	8.915975	-58.646893	-2.846978	1.0	1110000	12807.631761550903
444	-19.56	-19.56	-10.8	-2.8513763	4.6530466	4.873916	-69.74299	-2.8513253	1.0	1112500	12836.1405980587
445	-15.82	-15.82	-12.2	-2.8578238	4.6628046	4.53373	-62.348503	-2.8576694	0.9	1115000	12864.1793384552
446	-19.68	-19.68	-8.5	-2.8614817	4.694727	4.019614	-63.439312	-2.86134	1.0	1117500	12892.206556081772
447	-18.6	-18.6	-11.9	-2.8351321	4.690034	3.5476356	-69.93675	-2.8347623	1.0	1120000	12920.261008739471
448	-16.58	-16.58	-12.4	-2.813528	4.665354	3.769617	-61.166897	-2.8135092	1.0	1122500	12948.271294593811
449	-16.74	-16.74	-13.6	-2.820127	4.695236	4.067134	-59.46579	-2.8200312	1.0	1125000	12977.73171377182
450	-18.7	-18.7	-8.3	-2.8272934	4.709232	3.4491706	-56.588947	-2.8275664	1.0	1127500	13005.738836050034
451	-17.68	-17.68	-12.5	-2.8225071	4.691117	3.4318163	-68.91317	-2.822476	1.0	1130000	13033.771738529205
452	-21.48	-21.48	-9.900001	-2.8416958	4.727072	6.528816	-59.389793	-2.8416352	1.0	1132500	13061.839085102081
453	-17.76	-17.76	-14.8	-2.8194337	4.7230835	2.7753272	-81.77862	-2.8194788	1.0	1135000	13090.628067493439
454	-15.62	-15.62	-9.8	-2.820559	4.6968412	4.7541947	-57.159927	-2.820718	1.0	1137500	13120.209783315659
455	-16.76	-16.76	-11.7	-2.8121214	4.6978035	3.5521917	-78.44824	-2.8118951	1.0	1140000	13149.473885774612
456	-16.94	-16.94	-11.400001	-2.7872486	4.657135	3.106951	-59.40718	-2.787471	1.0	1142500	13178.38434433937
457	-14.7	-14.7	-7.0	-2.793472	4.659629	3.559197	-63.229893	-2.7932658	1.0	1145000	13208.917149543762
458	-17.32	-17.32	-7.7	-2.7679265	4.627728	9.433171	-62.657322	-2.7681167	1.0	1147500	13237.770656585693
459	-18.98	-18.98	-11.7	-2.7834163	4.6432037	3.1166945	-66.21985	-2.7831707	1.0	1150000	13265.639392375946
460	-18.34	-18.34	-11.5	-2.7997417	4.668417	5.0985637	-67.04234	-2.7997017	1.0	1152500	13294.48826122284
461	-17.96	-17.96	-11.5	-2.7982066	4.6770678	4.9337053	-57.435974	-2.7979999	0.9	1155000	13322.31549501419
462	-21.42	-21.42	-11.3	-2.7886374	4.67185	3.1612954	-63.309677	-2.788773	1.0	1157500	13350.486002445221
463	-17.94	-17.94	-12.5	-2.7834396	4.648302	4.675051	-66.23332	-2.783345	1.0	1160000	13378.509202480316
464	-17.36	-17.36	-11.099999	-2.7619314	4.6163845	2.5065844	-72.67159	-2.7617285	1.0	1162500	13407.064478874207
465	-18.92	-18.92	-10.900001	-2.7486448	4.6156883	3.5377717	-60.9601	-2.748808	1.0	1165000	13435.00356388092
466	-19.02	-19.02	-7.8	-2.742956	4.598304	3.1007211	-63.083862	-2.742995	1.0	1167500	13462.642397165298
467	-16.0	-16.0	-11.0	-2.7742095	4.6287994	2.8548062	-58.25591	-2.7742965	1.0	1170000	13490.38969540596
468	-18.3	-18.3	-9.5	-2.7634172	4.6168284	3.1711426	-65.53991	-2.7632852	1.0	1172500	13518.0962266922
469	-16.48	-16.48	-12.0	-2.7582023	4.6323915	2.7717795	-60.99732	-2.758023	1.0	1175000	13547.897497177124
470	-17.76	-17.76	-9.3	-2.7482338	4.618333	4.155354	-81.80789	-2.7483418	1.0	1177500	13577.480984210968
471	-19.66	-19.66	-11.5	-2.7673697	4.619307	3.4808664	-60.50767	-2.7676551	1.0	1180000	13604.937109231949
472	-17.12	-17.12	-9.3	-2.750401	4.6205454	4.184099	-61.09435	-2.750614	1.0	1182500	13632.287625551224
473	-17.54	-17.54	-14.6	-2.7398624	4.615745	2.3361692	-78.204666	-2.7402465	0.9	1185000	13659.511887073517
474	-17.84	-17.84	-9.599999	-2.7191906	4.562846	3.946275	-57.76987	-2.7189746	1.0	1187500	13687.177080154419
475	-17.14	-17.14	-10.099999	-2.6809466	4.5022655	3.2170863	-64.06985	-2.6814241	1.0	1190000	13714.501545190811
476	-18.08	-18.08	-9.5	-2.68891	4.487024	3.2687151	-60.152386	-2.688997	1.0	1192500	13741.981568574905
477	-17.12	-17.12	-9.8	-2.6833	4.4856286	2.7225528	-68.33142	-2.6833873	1.0	1195000	13769.154531478882
478	-18.56	-18.56	-11.2	-2.6788063	4.485951	3.3037443	-60.149418	-2.6790454	1.0	1197500	13796.400974750519
479	-17.28	-17.28	-11.7	-2.6803193	4.488659	2.293424	-59.851097	-2.6806912	1.0	1200000	13823.761813402176
480	-16.86	-16.86	-9.0	-2.6823118	4.468654	3.6266751	-80.063095	-2.6823997	1.0	1202500	13851.743142604828
481	-18.28	-18.28	-8.5	-2.7036688	4.508591	2.6529336	-59.964485	-2.7034056	1.0	1205000	13881.042921066284
482	-18.88	-18.88	-9.5	-2.698294	4.491324	5.785856	-58.567715	-2.6982381	1.0	1207500	13910.64518404007
483	-17.82	-17.82	-9.400001	-2.6870658	4.467079	3.972818	-68.6115	-2.687017	1.0	1210000	13938.23239994049
484	-17.1	-17.1	-10.5	-2.7100768	4.4866757	3.5831718	-87.17204	-2.709999	1.0	1212500	13965.428140640259
485	-18.62	-18.62	-9.599999	-2.69234	4.4780207	6.4738255	-59.67457	-2.6924105	1.0	1215000	13992.656160116196
486	-15.92	-15.92	-10.5	-2.702036	4.5105467	4.9368668	-78.017654	-2.7021267	1.0	1217500	14019.824572324753
487	-18.1	-18.1	-10.099999	-2.7206366	4.528455	3.8883271	-64.35968	-2.7208035	1.0	1220000	14047.050753116608
488	-18.54	-18.54	-9.3	-2.7193396	4.540645	3.754605	-56.831215	-2.7190268	1.0	1222500	14074.169958353043
489	-18.56	-18.56	-7.6	-2.7126086	4.5173497	3.8031054	-57.066162	-2.7129526	1.0	1225000	14101.303948402405
490	-16.24	-16.24	-10.099999	-2.6926324	4.5064063	4.370176	-67.51568	-2.6925058	1.0	1227500	14128.467149019241
491	-20.6	-20.6	-14.9	-2.7069833	4.520925	4.1017613	-59.872673	-2.7067869	0.9	1230000	14155.7344353199
492	-20.02	-20.02	-8.5	-2.7010522	4.5157933	5.4125595	-59.36097	-2.7013125	1.0	1232500	14183.001187324524
493	-19.14	-19.14	-8.5	-2.697071	4.5334964	4.256383	-59.59968	-2.6970162	1.0	1235000	14210.063709020615
494	-16.32	-16.32	-9.900001	-2.7082632	4.526067	3.1497464	-56.284306	-2.7084925	1.0	1237500	14238.316629648209
495	-15.5	-15.5	-10.7	-2.710493	4.514314	3.1300821	-59.58751	-2.7101188	1.0	1240000	14266.403234481812
496	-17.26	-17.26	-8.400001	-2.700613	4.5080023	2.677761	-68.141594	-2.7008057	1.0	1242500	14296.27808713913
497	-15.8	-15.8	-9.0	-2.7119641	4.5219364	3.526168	-59.25224	-2.7118704	1.0	1245000	14325.061397075653
498	-19.52	-19.52	-11.400001	-2.7048686	4.5280447	2.969483	-56.975437	-2.7049737	0.9	1247500	14356.388105630875
499	-19.04	-19.04	-8.8	-2.7065272	4.5234575	3.603794	-69.65498	-2.7064443	1.0	1250000	14390.091004371643
