Epoch	EpRet	EpRealRet	TestEpRet	AverageQ1	StdQ1	MaxQ1	MinQ1	Q2	TestSuccess	TotalEnvInteracts	TotalTime
0	-48.54	-48.54	-50.0	0.107088104	0.07802252	0.61252886	0.004756805	0.10823143	0.0	2500	47.65069508552551
1	-50.0	-50.0	-50.0	0.32375026	0.10375888	0.7492101	0.096104324	0.32504058	0.0	5000	134.35749673843384
2	-49.58	-49.58	-50.0	0.42192376	0.15158096	1.1844087	0.12762067	0.42444947	0.0	7500	229.82260537147522
3	-50.0	-50.0	-50.0	0.5025454	0.19952141	1.508512	0.13301998	0.50368786	0.0	10000	323.5709619522095
4	-50.0	-50.0	-50.0	0.46120495	0.18351567	1.491025	0.13841645	0.46096858	0.0	12500	409.29778480529785
5	-50.0	-50.0	-44.600002	0.44132653	0.16030218	1.1783246	0.1298337	0.4401162	0.1	15000	490.85770630836487
6	-49.96	-49.96	-50.0	0.39425218	0.13511717	1.1202356	0.13844472	0.39465287	0.0	17500	573.6378266811371
7	-48.48	-48.48	-46.6	0.39757174	0.12922037	1.1913178	0.13788402	0.3965096	0.1	20000	654.6008493900299
8	-49.82	-49.82	-50.0	0.38601062	0.12581971	1.2656504	0.14598453	0.3919331	0.0	22500	736.9335737228394
9	-49.2	-49.2	-50.0	0.39420772	0.15171058	1.9045826	0.1463165	0.39428735	0.0	25000	819.8303453922272
10	-49.84	-49.84	-50.0	0.4067006	0.13412233	1.2737898	0.119567476	0.4018066	0.0	27500	902.6401002407074
11	-49.94	-49.94	-50.0	0.4219447	0.14997998	1.6608154	0.1492347	0.4202795	0.0	30000	982.9342567920685
12	-50.0	-50.0	-49.8	0.4327452	0.16106203	2.347959	0.14050144	0.4364028	0.0	32500	1059.7074048519135
13	-50.0	-50.0	-49.7	0.42861846	0.14746045	2.0024588	0.12520869	0.42430547	0.0	35000	1140.3796527385712
14	-49.98	-49.98	-50.0	0.45624298	0.17196669	2.1497626	0.15881234	0.45488212	0.0	37500	1218.3151524066925
15	-50.0	-50.0	-49.8	0.5025979	0.2109095	2.7407267	0.17099774	0.49940825	0.0	40000	1296.3182950019836
16	-49.28	-49.28	-47.9	0.50365824	0.21445628	2.5819454	0.15662444	0.5044016	0.1	42500	1375.2513144016266
17	-49.58	-49.58	-50.0	0.51094025	0.21082625	2.6033242	0.1749557	0.51972276	0.0	45000	1453.1742770671844
18	-48.76	-48.76	-50.0	0.5186367	0.23721851	2.9344802	0.1810511	0.5216081	0.0	47500	1531.311577796936
19	-49.3	-49.3	-45.0	0.5336179	0.22628589	2.3117075	0.16743416	0.5332975	0.1	50000	1610.0997824668884
20	-49.94	-49.94	-50.0	0.52576685	0.20893621	2.456654	0.16896398	0.5325448	0.0	52500	1688.1780405044556
21	-50.0	-50.0	-50.0	0.53926796	0.2693832	5.806342	0.181452	0.5444204	0.0	55000	1763.771436214447
22	-48.36	-48.36	-49.8	0.55066735	0.2612655	4.749179	0.18361545	0.55156195	0.0	57500	1838.2644686698914
23	-49.94	-49.94	-49.8	0.5601396	0.24382287	3.4103513	0.17346963	0.55622303	0.0	60000	1912.9234988689423
24	-49.52	-49.52	-49.3	0.5705408	0.28820136	6.1936297	0.20407477	0.5696898	0.0	62500	1987.3893463611603
25	-49.92	-49.92	-50.0	0.57173306	0.28398508	5.1147656	0.20590803	0.5686007	0.0	65000	2063.948988676071
26	-49.8	-49.8	-49.8	0.5746588	0.2572478	2.787698	0.232505	0.5754973	0.0	67500	2137.364865541458
27	-48.66	-48.66	-50.0	0.5938441	0.26895767	4.4409738	0.20242326	0.58115464	0.0	70000	2211.5816955566406
28	-49.2	-49.2	-49.3	0.592515	0.298912	5.5299354	0.21438834	0.59082407	0.0	72500	2278.448164701462
29	-48.46	-48.46	-50.0	0.618329	0.31042373	5.2555785	0.24035501	0.60187453	0.0	75000	2343.2363073825836
30	-49.6	-49.6	-49.2	0.6110332	0.30285543	3.7076545	0.18027568	0.59664553	0.0	77500	2408.318252801895
31	-49.14	-49.14	-48.4	0.6019115	0.2771162	3.8705842	0.19481201	0.5852124	0.1	80000	2473.307281732559
32	-49.8	-49.8	-50.0	0.6298203	0.30770406	5.008008	0.23475507	0.6174545	0.0	82500	2538.977284193039
33	-49.04	-49.04	-49.3	0.6327983	0.30233327	4.5978208	0.2105303	0.62587774	0.0	85000	2603.502298116684
34	-49.44	-49.44	-49.8	0.6428132	0.31394106	4.755317	0.22099832	0.6281744	0.0	87500	2667.505312681198
35	-48.64	-48.64	-49.9	0.6566417	0.32758522	4.8494573	0.25213188	0.6522084	0.0	90000	2730.9429652690887
36	-48.74	-48.74	-45.2	0.66524476	0.30454788	4.073809	0.22664821	0.6642817	0.2	92500	2793.987330675125
37	-49.78	-49.78	-49.3	0.6747027	0.33519363	6.053188	0.2117177	0.6635429	0.0	95000	2857.505994796753
38	-49.06	-49.06	-48.3	0.68105906	0.32949877	3.5010314	0.21499081	0.67546654	0.0	97500	2921.0726523399353
39	-49.14	-49.14	-49.0	0.7065057	0.35538214	3.8818884	0.22865197	0.6913738	0.0	100000	2985.7656733989716
40	-48.46	-48.46	-49.8	0.69808793	0.33297604	3.7841353	0.23500922	0.6997343	0.0	102500	3049.936317205429
41	-49.18	-49.18	-49.5	0.70082587	0.31270644	3.5017238	0.267842	0.6906866	0.0	105000	3114.394630432129
42	-48.44	-48.44	-48.9	0.73983145	0.42058435	8.620635	0.23661475	0.7303352	0.0	107500	3177.893321752548
43	-49.2	-49.2	-50.0	0.74513817	0.37119013	4.0043936	0.23327324	0.7425642	0.0	110000	3242.0295028686523
44	-49.36	-49.36	-47.4	0.7446139	0.38782832	7.0466585	0.23974684	0.7333662	0.1	112500	3305.2368772029877
45	-48.0	-48.0	-49.5	0.7822774	0.43674463	6.7514696	0.24616951	0.7839386	0.0	115000	3368.688634634018
46	-48.7	-48.7	-48.0	0.7722769	0.41384625	9.222639	0.2672762	0.77072877	0.0	117500	3432.799870967865
47	-48.98	-48.98	-49.6	0.77738243	0.4466592	10.5252695	0.27459788	0.76138073	0.0	120000	3496.9385311603546
48	-49.22	-49.22	-49.1	0.80107164	0.45923513	8.892147	0.26421022	0.77274996	0.0	122500	3560.479865550995
49	-48.76	-48.76	-49.7	0.7986977	0.38851133	4.3139844	0.2766257	0.7891157	0.0	125000	3624.1623318195343
50	-48.88	-48.88	-47.3	0.86395365	1.1253635	37.538635	0.27054304	0.8475399	0.1	127500	3688.133186817169
51	-49.3	-49.3	-49.0	0.86948705	0.7793042	25.045504	0.31999856	0.8606671	0.0	130000	3752.3642857074738
52	-49.16	-49.16	-41.0	0.91078144	1.0274112	31.109804	0.2809046	0.8903599	0.4	132500	3816.5091576576233
53	-49.4	-49.4	-50.0	0.9560923	1.392065	33.821663	0.25705987	0.95579004	0.0	135000	3880.1869056224823
54	-48.26	-48.26	-49.0	0.8957953	1.2340786	50.154495	0.2626857	0.87983614	0.1	137500	3944.036546230316
55	-48.78	-48.78	-48.8	0.932181	1.4040782	44.541164	0.23284474	0.92254084	0.1	140000	4008.5635142326355
56	-47.4	-47.4	-47.9	1.1140825	2.6497064	73.46671	0.30293483	1.0803353	0.1	142500	4072.4538168907166
57	-48.74	-48.74	-50.0	1.2706659	4.6787963	141.65367	0.34034726	1.2248061	0.0	145000	4136.080565214157
58	-49.18	-49.18	-48.1	1.1493438	4.0680313	125.372604	0.30511063	1.1340982	0.1	147500	4200.589509725571
59	-49.22	-49.22	-49.7	1.1650835	3.2714448	115.13905	0.3290393	1.1808845	0.0	150000	4263.899432897568
60	-48.62	-48.62	-46.8	1.241836	3.9039369	125.965645	0.31419	1.2009215	0.1	152500	4327.226104259491
61	-49.4	-49.4	-49.8	1.2810342	4.9867144	186.74792	0.34672463	1.2535537	0.0	155000	4391.63658618927
62	-48.52	-48.52	-47.9	1.1523908	1.7083209	35.25378	0.30436927	1.0754429	0.1	157500	4455.485944032669
63	-48.58	-48.58	-48.3	1.3779995	7.5213466	318.6333	0.32973477	1.3989041	0.1	160000	4519.345742940903
64	-49.26	-49.26	-48.4	1.4300905	6.1533237	239.84494	0.2903714	1.3769157	0.0	162500	4584.011408805847
65	-48.2	-48.2	-47.9	1.6319875	11.160471	414.56415	0.2711535	1.6202793	0.1	165000	4647.3503313064575
66	-48.48	-48.48	-45.7	3.1503475	41.53962	1460.5917	0.34923822	3.0446026	0.0	167500	4710.610119104385
67	-48.96	-48.96	-45.600002	2.3719833	17.163994	618.24536	0.34924406	2.286567	0.0	170000	4774.089473724365
68	-49.3	-49.3	-48.7	5.381696	57.281475	1805.3501	0.38517183	4.935346	0.0	172500	4838.66685795784
69	-47.8	-47.8	-45.399998	3.223605	33.836826	1446.1885	0.36213595	3.0723193	0.1	175000	4901.813718795776
70	-49.08	-49.08	-48.3	2.6679878	13.44635	420.35623	0.32002437	2.5156455	0.0	177500	4966.499405860901
71	-49.36	-49.36	-49.5	6.587048	100.95256	4424.7847	0.3258773	6.432508	0.0	180000	5031.4949996471405
72	-48.0	-48.0	-49.3	17.5354	190.4469	6470.2925	0.39372563	16.915792	0.0	182500	5096.567584037781
73	-49.18	-49.18	-45.899998	13.727772	182.87651	7421.078	0.39866614	13.692789	0.1	185000	5160.876470327377
74	-49.48	-49.48	-48.7	13.322092	122.4215	4772.216	0.44978276	13.149893	0.1	187500	5226.307678461075
75	-48.4	-48.4	-48.5	37.56515	451.56915	11737.1	0.4965353	37.308655	0.0	190000	5292.049810886383
76	-49.88	-49.88	-50.0	55.52326	466.39655	12276.888	0.61074793	55.403385	0.0	192500	5357.130714893341
77	-49.64	-49.64	-44.8	25.757448	72.33568	1451.2357	1.4227669	25.623224	0.1	195000	5421.5010352134705
78	-49.96	-49.96	-49.8	48.012875	290.39288	9334.047	1.6532123	48.06689	0.0	197500	5486.0127601623535
79	-49.96	-49.96	-50.0	56.61834	170.61334	6136.2104	2.2721956	57.82818	0.0	200000	5551.40777182579
80	-49.24	-49.24	-50.0	83.27778	487.36133	14122.904	2.636254	82.800186	0.0	202500	5617.358171701431
81	-50.0	-50.0	-49.7	61.655087	315.0475	11654.829	1.7869747	61.19655	0.0	205000	5681.329179286957
82	-50.0	-50.0	-50.0	43.83079	80.46441	912.91974	1.8616303	42.745163	0.0	207500	5745.619703054428
83	-49.9	-49.9	-49.7	37.065548	69.562355	836.3726	2.0285676	36.937172	0.0	210000	5810.348976135254
84	-49.0	-49.0	-49.8	36.020412	62.235653	814.40015	1.7764397	34.921642	0.0	212500	5875.729171514511
85	-48.86	-48.86	-50.0	34.64489	65.8479	1004.29517	2.7651005	34.402004	0.0	215000	5940.206283330917
86	-49.76	-49.76	-49.7	39.64719	67.08085	1111.8553	2.3817396	38.63796	0.0	217500	6004.642767906189
87	-50.0	-50.0	-50.0	47.861492	85.65902	1212.007	1.7323825	48.431805	0.0	220000	6069.669461488724
88	-49.74	-49.74	-50.0	31.13216	54.548065	746.1121	1.4140518	31.30894	0.0	222500	6133.1088037490845
89	-49.86	-49.86	-47.5	16.17152	26.384998	343.57465	1.0215724	16.07117	0.1	225000	6198.570970535278
90	-49.96	-49.96	-49.2	8.682488	17.28038	475.79547	0.7410687	9.053096	0.0	227500	6263.684247016907
91	-49.84	-49.84	-50.0	4.158806	6.6678267	96.47244	0.68556535	4.1556535	0.0	230000	6328.455855607986
92	-49.74	-49.74	-50.0	2.725916	3.860723	74.72037	0.5392663	2.6291854	0.0	232500	6393.079063653946
93	-49.3	-49.3	-50.0	1.6828989	1.5953275	18.128304	0.4173805	1.7340657	0.0	235000	6457.874267339706
94	-49.76	-49.76	-49.7	1.4589427	1.3617945	16.936132	0.3888284	1.4655849	0.0	237500	6522.152815103531
95	-49.94	-49.94	-49.7	1.4032966	1.6623425	28.76342	0.3253741	1.4009764	0.0	240000	6586.1399347782135
96	-49.56	-49.56	-50.0	1.3137163	1.3748024	20.704947	0.35100156	1.32046	0.0	242500	6649.946601390839
97	-49.94	-49.94	-50.0	1.2335186	1.1956196	11.972482	0.32035536	1.2276005	0.0	245000	6715.6580646038055
98	-49.82	-49.82	-50.0	1.2274375	1.5431895	41.806637	0.31255266	1.2102646	0.0	247500	6780.194808483124
99	-48.68	-48.68	-49.3	1.1060554	0.96392787	9.588617	0.3257972	1.1019839	0.0	250000	6845.779096841812
100	-48.54	-48.54	-46.8	1.1401176	1.0127358	11.858167	0.28584164	1.1298254	0.1	252500	6910.215130329132
101	-49.56	-49.56	-46.6	1.0522298	0.9411789	13.555706	0.25283065	1.0342771	0.1	255000	6974.5267152786255
102	-48.96	-48.96	-50.0	1.002264	0.86509746	12.620241	0.2825351	0.99638975	0.0	257500	7039.447288751602
103	-48.5	-48.5	-49.8	0.98331445	0.85064775	11.958973	0.274756	0.949312	0.0	260000	7105.163192033768
104	-48.28	-48.28	-48.6	1.0576931	0.88750243	9.047668	0.28021407	1.0338095	0.0	262500	7168.535836458206
105	-49.34	-49.34	-49.5	0.975669	0.71389043	8.007803	0.276415	0.96826893	0.0	265000	7234.674208402634
106	-47.64	-47.64	-46.3	0.9621318	0.73567086	8.662256	0.2919042	0.92793614	0.1	267500	7299.390668153763
107	-48.24	-48.24	-49.8	0.99366283	0.75237036	8.321514	0.29395056	0.9695691	0.0	270000	7363.390846014023
108	-48.16	-48.16	-50.0	1.0064862	0.73116565	9.00139	0.2631201	0.9550403	0.0	272500	7427.705448150635
109	-49.48	-49.48	-47.9	1.0182409	0.7628171	7.697201	0.23513019	0.9918949	0.0	275000	7494.617421627045
110	-49.08	-49.08	-46.8	0.98876625	0.6997977	6.6645885	0.24469271	0.9453303	0.1	277500	7560.082405328751
111	-49.34	-49.34	-46.3	1.0400048	0.7860233	10.729807	0.26739466	1.0052685	0.1	280000	7626.375711679459
112	-48.64	-48.64	-50.0	1.0876523	0.8561542	14.051755	0.30185226	1.0414593	0.0	282500	7690.711003541946
113	-48.52	-48.52	-49.4	1.0437341	0.7657698	11.6477165	0.28927836	1.0169505	0.0	285000	7754.717087984085
114	-48.76	-48.76	-46.6	1.0257967	0.7157667	8.475965	0.2877138	0.9908336	0.1	287500	7817.891555070877
115	-46.38	-46.38	-47.7	1.0342513	0.696343	7.8921046	0.3128816	1.0106505	0.1	290000	7881.451326131821
116	-49.26	-49.26	-46.3	1.1344409	0.8943579	11.042806	0.33736688	1.0893103	0.1	292500	7947.04065823555
117	-48.96	-48.96	-46.5	1.0428184	0.6958235	7.585283	0.29105532	1.0140343	0.1	295000	8012.112577199936
118	-48.08	-48.08	-46.8	1.0881155	0.7927961	11.170172	0.27165532	1.0557481	0.2	297500	8076.700127363205
119	-48.4	-48.4	-48.1	1.0539639	0.7083392	7.9539027	0.2663827	1.0374458	0.0	300000	8141.451085805893
120	-48.72	-48.72	-43.3	1.1411841	0.79003227	6.7728558	0.32854795	1.1072569	0.0	302500	8207.698959827423
121	-48.66	-48.66	-49.0	1.131313	0.7873463	8.450328	0.31066126	1.1123341	0.1	305000	8272.825543403625
122	-47.22	-47.22	-48.8	1.133367	0.76736337	8.601673	0.31173185	1.1112303	0.1	307500	8337.405557632446
123	-47.34	-47.34	-44.5	1.1319531	0.8154802	9.511389	0.28924757	1.097092	0.1	310000	8400.766291379929
124	-47.94	-47.94	-47.5	1.138175	0.84834576	10.112084	0.29344243	1.0910728	0.1	312500	8466.392179489136
125	-48.0	-48.0	-46.0	1.1062897	0.8099763	9.409442	0.26862693	1.073109	0.1	315000	8532.69133424759
126	-47.26	-47.26	-50.0	1.0853142	0.74617624	8.023158	0.29932755	1.0475961	0.0	317500	8598.784093379974
127	-47.2	-47.2	-48.3	1.0773703	0.7532494	9.63715	0.27357823	1.0476946	0.0	320000	8664.954674959183
128	-48.64	-48.64	-48.9	1.0442749	0.7145716	9.551573	0.26049423	1.012321	0.1	322500	8730.522757530212
129	-48.88	-48.88	-49.1	1.0251318	0.7775465	19.251587	0.28971657	0.9887467	0.0	325000	8795.206351995468
130	-47.84	-47.84	-46.5	1.0292134	0.6798912	8.275084	0.30631688	0.98921096	0.2	327500	8860.722661495209
131	-48.74	-48.74	-49.6	1.0552344	0.7403012	9.768008	0.32195067	1.0202193	0.0	330000	8925.398775100708
132	-47.02	-47.02	-49.2	1.08274	0.77240664	10.459554	0.28739274	1.0535779	0.1	332500	8990.410044193268
133	-48.46	-48.46	-49.1	1.0502161	0.7228648	11.945969	0.29931766	1.0125469	0.0	335000	9055.81144952774
134	-46.9	-46.9	-45.0	1.0468197	0.7603191	10.354808	0.25581217	1.0023702	0.3	337500	9121.002569913864
135	-48.58	-48.58	-42.399998	1.0376289	0.7534753	9.564933	0.30068737	1.0001295	0.3	340000	9185.916454553604
136	-48.3	-48.3	-43.7	0.99201566	0.6676612	10.001848	0.26892403	0.95591164	0.2	342500	9251.78858089447
137	-48.04	-48.04	-47.9	0.9908909	0.6232615	6.401594	0.2766013	0.95629054	0.0	345000	9317.00930404663
138	-46.2	-46.2	-38.8	0.99294984	0.6767381	8.9961	0.2511226	0.97573394	0.2	347500	9383.218263864517
139	-48.24	-48.24	-46.9	1.0132111	0.6653749	7.898674	0.26689017	0.97687423	0.2	350000	9448.976907014847
140	-47.76	-47.76	-45.899998	1.0473965	0.8089689	10.39868	0.25311232	0.9984872	0.1	352500	9515.199885845184
141	-48.16	-48.16	-43.2	0.9886709	0.69954246	9.151332	0.25926822	0.9707705	0.2	355000	9580.767676115036
142	-46.94	-46.94	-46.9	0.99190885	0.6224841	6.2709665	0.25888032	0.9590431	0.2	357500	9646.425473928452
143	-47.04	-47.04	-42.7	0.9573457	0.59027535	6.1213045	0.25305593	0.91698754	0.3	360000	9712.887659072876
144	-48.76	-48.76	-41.3	0.9706573	0.62081724	6.8295407	0.22075874	0.96146584	0.2	362500	9778.185451507568
145	-47.96	-47.96	-47.1	0.9493751	0.59541714	6.949208	0.27939507	0.94181174	0.2	365000	9843.531686782837
146	-46.0	-46.0	-48.8	0.974869	0.6449727	9.926874	0.25647792	0.95659465	0.0	367500	9908.70319890976
147	-47.3	-47.3	-46.5	0.9827155	0.67626345	10.083839	0.2595623	0.9388987	0.1	370000	9972.899810791016
148	-47.18	-47.18	-44.899998	0.93913704	0.6300876	9.153445	0.23760405	0.9005876	0.2	372500	10037.780262708664
149	-46.92	-46.92	-43.7	0.9446403	0.72503257	17.88444	0.27858597	0.92320526	0.1	375000	10103.236889362335
150	-48.12	-48.12	-43.7	0.952003	0.63120985	6.72155	0.2554536	0.90226185	0.4	377500	10168.206732034683
151	-47.76	-47.76	-44.399998	0.93954754	0.6826441	15.129123	0.23588815	0.92366964	0.2	380000	10233.2792263031
152	-46.64	-46.64	-38.600002	0.9825423	0.67645353	8.880819	0.24990663	0.9202634	0.3	382500	10298.94584608078
153	-46.98	-46.98	-44.7	0.91680837	0.57110107	6.029139	0.2855542	0.91070276	0.1	385000	10363.417512178421
154	-47.1	-47.1	-44.7	0.90092045	0.56667906	6.3466735	0.25794256	0.8720916	0.2	387500	10427.592611789703
155	-48.72	-48.72	-43.100002	0.919579	0.5837467	7.235758	0.2343679	0.8880676	0.2	390000	10491.693746328354
156	-46.06	-46.06	-40.0	0.86949396	0.5141681	5.4763484	0.25779104	0.847246	0.4	392500	10557.303156375885
157	-48.3	-48.3	-41.0	0.8706825	0.4990022	5.600566	0.25273252	0.8516011	0.3	395000	10622.470142126083
158	-46.02	-46.02	-45.600002	0.9185841	0.6211409	7.457762	0.2545364	0.89978546	0.2	397500	10686.298187971115
159	-47.8	-47.8	-47.5	0.9081088	0.5820127	6.889526	0.23829302	0.88987786	0.0	400000	10750.489629030228
160	-47.98	-47.98	-44.8	0.94514567	0.6019026	7.1783066	0.2520154	0.9127089	0.2	402500	10814.863039970398
161	-47.62	-47.62	-44.3	0.981481	0.6651565	7.9236403	0.24822333	0.94903743	0.2	405000	10879.058558702469
162	-47.14	-47.14	-43.2	0.93123716	0.57926327	5.7187705	0.24527757	0.90643734	0.2	407500	10942.815496444702
163	-46.76	-46.76	-46.5	0.9304961	0.55706567	6.341025	0.2684298	0.8881073	0.2	410000	11008.407549619675
164	-47.34	-47.34	-45.7	0.97947776	0.67521435	8.472228	0.25999224	0.9494657	0.2	412500	11074.514797449112
165	-48.56	-48.56	-46.399998	1.0310776	0.7248568	9.4391365	0.23203027	0.98948705	0.1	415000	11138.978197097778
166	-46.2	-46.2	-42.8	1.0033295	0.63370633	5.310197	0.23469475	0.9590391	0.2	417500	11203.75858426094
167	-48.26	-48.26	-49.3	0.9808279	0.6621469	6.632993	0.2591948	0.94662976	0.0	420000	11268.343866348267
168	-47.84	-47.84	-42.3	1.0220059	0.740122	9.249909	0.27078474	0.9923591	0.2	422500	11333.14160323143
169	-47.88	-47.88	-47.5	1.037791	0.728419	8.72571	0.25628793	1.0113192	0.1	425000	11397.529907941818
170	-48.6	-48.6	-48.4	1.0754704	0.8216059	11.223694	0.30655628	1.0538799	0.1	427500	11462.341250181198
171	-47.54	-47.54	-45.3	1.0584441	0.73327756	9.088133	0.29696047	1.0137421	0.2	430000	11528.176614046097
172	-46.44	-46.44	-44.3	1.0556875	0.76541173	8.633478	0.2958808	1.0398476	0.2	432500	11593.683418512344
173	-47.14	-47.14	-46.0	1.0834588	0.7567411	8.174749	0.268287	1.0373235	0.1	435000	11658.24159002304
174	-47.44	-47.44	-47.5	1.0769284	0.73681444	8.149552	0.27225745	1.0303693	0.2	437500	11723.180821180344
175	-48.7	-48.7	-41.399998	1.0485911	0.7786003	15.827837	0.30392826	1.0000327	0.5	440000	11786.33501791954
176	-48.32	-48.32	-41.7	1.0774634	0.76225734	8.216994	0.22354038	1.0267253	0.1	442500	11850.949266672134
177	-48.22	-48.22	-45.8	1.0680486	0.7408395	8.350264	0.28231212	1.0194273	0.2	445000	11916.097906589508
178	-47.58	-47.58	-44.2	1.0598326	0.74584466	8.048525	0.30609158	1.0329201	0.2	447500	11982.284528493881
179	-46.12	-46.12	-44.100002	1.0682893	0.8706889	17.649899	0.287123	1.0232341	0.3	450000	12047.461149692535
180	-47.5	-47.5	-44.0	1.0693723	0.7632447	10.31601	0.2639252	1.0231915	0.2	452500	12111.941197156906
181	-47.2	-47.2	-40.600002	1.0477101	0.77204984	10.127407	0.28125966	1.0064074	0.3	455000	12176.636898756027
182	-47.4	-47.4	-45.100002	1.0781245	0.79191995	11.026925	0.27223378	1.0336748	0.3	457500	12240.695221185684
183	-48.1	-48.1	-42.899998	1.0267382	0.6806301	6.6265135	0.28166038	1.0131298	0.2	460000	12305.50875043869
184	-45.9	-45.9	-40.5	1.0446837	0.7281429	10.233353	0.27639198	1.0253588	0.3	462500	12369.902142047882
185	-47.96	-47.96	-48.3	1.0102048	0.6762975	9.039947	0.26676756	0.9896891	0.0	465000	12435.042086839676
186	-47.04	-47.04	-46.6	1.0242916	0.67515415	6.664645	0.24247849	1.0048615	0.1	467500	12499.42704296112
187	-47.4	-47.4	-44.100002	0.99916774	0.6985977	9.104218	0.27637392	0.9703428	0.2	470000	12565.640255451202
188	-46.48	-46.48	-39.3	0.9937944	0.6770763	9.668315	0.27678072	0.958068	0.4	472500	12631.16447353363
189	-47.54	-47.54	-43.3	1.0170087	0.7084653	8.200743	0.27375495	0.9740714	0.1	475000	12696.656984567642
190	-47.2	-47.2	-40.8	1.0164509	0.66689104	6.4880896	0.27400023	0.9731034	0.2	477500	12761.06285238266
191	-47.92	-47.92	-44.100002	1.0069883	0.7495902	12.658651	0.24362476	0.9700814	0.2	480000	12825.89984202385
192	-46.1	-46.1	-42.899998	1.0052538	0.6727357	11.358509	0.27134982	0.96847445	0.2	482500	12891.594225168228
193	-47.9	-47.9	-43.0	1.0327528	0.7010082	6.9256506	0.23957059	1.0010028	0.2	485000	12956.983632087708
194	-47.18	-47.18	-42.5	1.0119159	0.67917496	6.3934717	0.2848659	0.9903811	0.2	487500	13021.848945379257
195	-47.96	-47.96	-43.899998	1.0050132	0.6964857	9.889469	0.27382487	0.9764064	0.3	490000	13087.742156028748
196	-47.82	-47.82	-44.5	1.0377483	0.6803949	5.8783326	0.26203823	0.99722815	0.5	492500	13152.415228843689
197	-47.56	-47.56	-42.3	0.98950243	0.684924	9.089554	0.27399176	0.9539266	0.5	495000	13217.642632484436
198	-46.24	-46.24	-45.5	0.99950755	0.73011994	10.97877	0.24211384	0.9742645	0.1	497500	13283.217818498611
199	-47.36	-47.36	-45.100002	0.96169007	0.6600424	7.6029596	0.25369632	0.92668843	0.1	500000	13348.007241249084
200	-47.04	-47.04	-39.899998	1.0052714	0.67413867	7.459139	0.26008123	0.96524477	0.1	502500	13414.105016946793
201	-49.12	-49.12	-40.2	0.99170744	0.7253827	9.367036	0.24493313	0.95432127	0.3	505000	13481.131776571274
202	-46.76	-46.76	-41.2	0.9706074	0.7252145	12.367657	0.2194931	0.9283818	0.1	507500	13545.651880025864
203	-47.9	-47.9	-39.0	0.93456346	0.63143617	7.1915607	0.25362432	0.9060714	0.5	510000	13611.104813337326
204	-48.5	-48.5	-45.5	0.9297317	0.63537204	6.8392715	0.2167919	0.883812	0.2	512500	13676.68281507492
205	-46.44	-46.44	-44.3	0.94826835	0.71836627	9.929167	0.21762677	0.9154012	0.3	515000	13743.13808465004
206	-47.1	-47.1	-42.600002	0.9352538	0.6261598	7.7867103	0.21300408	0.9003077	0.3	517500	13810.204086303711
207	-47.46	-47.46	-48.1	0.9414674	0.664657	7.7605953	0.24230932	0.9149441	0.1	520000	13876.281858921051
208	-47.66	-47.66	-45.399998	0.93188536	0.65385115	7.085415	0.22217667	0.89883566	0.1	522500	13941.721915960312
209	-48.74	-48.74	-47.0	0.9056191	0.59435946	7.6009417	0.22141513	0.88051337	0.1	525000	14007.074081659317
210	-47.48	-47.48	-35.8	0.92728406	0.6201554	6.614948	0.2474302	0.8834539	0.4	527500	14072.735453605652
211	-47.36	-47.36	-42.8	0.9565863	0.7006536	8.473544	0.19631903	0.9122521	0.3	530000	14137.848435163498
212	-47.02	-47.02	-43.2	0.8817418	0.5618571	5.700988	0.24261865	0.86419165	0.2	532500	14202.384625911713
213	-47.36	-47.36	-43.399998	0.9195041	0.6619302	7.1180053	0.22784472	0.88046324	0.3	535000	14267.833266019821
214	-47.62	-47.62	-43.3	0.9396626	0.64813805	7.216993	0.2289919	0.9051287	0.4	537500	14333.722049474716
215	-47.42	-47.42	-43.8	0.88912964	0.5986995	6.7395086	0.20660758	0.87839454	0.2	540000	14399.884353637695
216	-46.08	-46.08	-43.2	0.9481361	0.7162157	14.166382	0.24483797	0.90325695	0.2	542500	14464.858587026596
217	-47.18	-47.18	-37.600002	0.93690884	0.6747487	10.933803	0.23288207	0.9129589	0.4	545000	14529.511964797974
218	-47.72	-47.72	-42.600002	0.9555316	0.6610212	6.4649305	0.25193	0.92219555	0.5	547500	14593.77788734436
219	-48.64	-48.64	-42.100002	1.0106407	0.78462017	8.167361	0.18010761	0.9755238	0.3	550000	14659.47634768486
220	-46.92	-46.92	-45.0	0.9943688	0.6695758	6.0554247	0.18775156	0.96627367	0.2	552500	14724.690947055817
221	-47.56	-47.56	-41.7	1.0736927	0.875312	12.28926	0.2402353	1.0202382	0.4	555000	14789.058455467224
222	-46.28	-46.28	-41.3	1.0331618	0.7603128	10.914633	0.24498159	0.99339503	0.3	557500	14852.723768949509
223	-46.68	-46.68	-45.100002	1.09084	0.9073631	14.018577	0.2753986	1.0183556	0.1	560000	14917.25317144394
224	-48.2	-48.2	-42.8	1.0349685	0.7785722	11.718334	0.23442273	0.9770035	0.2	562500	14981.781157016754
225	-48.24	-48.24	-46.3	1.0115283	0.7989292	11.260927	0.26554286	0.96911085	0.3	565000	15046.407223463058
226	-45.76	-45.76	-42.5	1.0771544	0.92573005	21.21082	0.24902055	1.046021	0.5	567500	15111.013332605362
227	-47.86	-47.86	-45.8	0.9823583	0.7524499	14.587045	0.2683037	0.94089323	0.1	570000	15176.013989925385
228	-47.68	-47.68	-47.0	1.0399382	0.82667583	12.825697	0.22515014	1.0033517	0.1	572500	15240.75392460823
229	-45.96	-45.96	-41.7	0.9734527	0.7205103	11.418622	0.22846156	0.93909764	0.5	575000	15306.598830223083
230	-45.42	-45.42	-47.2	0.99159676	1.0839225	35.237923	0.22311702	0.9709398	0.3	577500	15371.66013598442
231	-45.82	-45.82	-46.8	0.95199853	0.72695464	8.79709	0.23847395	0.91397697	0.0	580000	15437.505887746811
232	-46.22	-46.22	-38.2	0.93718225	0.67484206	10.434044	0.21335365	0.90373045	0.4	582500	15502.542985916138
233	-46.52	-46.52	-40.7	0.9662334	0.72015727	11.35725	0.25235793	0.9130908	0.3	585000	15567.725497961044
234	-47.7	-47.7	-47.3	0.9610894	0.9187995	23.643078	0.2315967	0.96282953	0.0	587500	15632.34212064743
235	-47.14	-47.14	-47.1	0.94157493	0.74661595	14.333369	0.24270883	0.9317399	0.1	590000	15696.81362080574
236	-47.56	-47.56	-37.8	0.9869295	0.8013698	13.113913	0.21132998	0.95670295	0.4	592500	15762.062940359116
237	-47.26	-47.26	-44.399998	0.9836243	1.0249518	32.41083	0.23735192	0.9432975	0.3	595000	15827.046530485153
238	-47.6	-47.6	-38.100002	0.96159565	0.75391275	10.595404	0.24020429	0.9268556	0.7	597500	15891.514022111893
239	-46.36	-46.36	-39.600002	0.9787826	0.7261968	8.6456	0.23405704	0.9573112	0.5	600000	15958.079735994339
240	-46.1	-46.1	-36.899998	0.97795063	0.7413092	7.8663	0.22426707	0.9626698	0.5	602500	16023.042660474777
241	-46.76	-46.76	-42.399998	0.985633	0.734066	7.780171	0.26670223	0.9706567	0.2	605000	16087.783861160278
242	-47.04	-47.04	-43.899998	1.0712723	0.88588274	14.475317	0.21664786	1.0540735	0.1	607500	16152.772858858109
243	-47.74	-47.74	-40.3	1.0164279	0.7522032	8.815588	0.24028906	0.9657664	0.2	610000	16218.588154315948
244	-48.08	-48.08	-42.0	1.0289501	0.7269793	7.7245893	0.24629933	0.99374926	0.3	612500	16283.264906406403
245	-46.0	-46.0	-38.600002	1.0577488	0.7648133	11.924938	0.25336987	1.0208215	0.4	615000	16348.984817504883
246	-47.0	-47.0	-48.1	1.1011635	0.9539713	18.92533	0.29190046	1.0844657	0.1	617500	16414.15566110611
247	-47.12	-47.12	-39.2	1.116464	0.93849283	11.687478	0.30705658	1.0881687	0.4	620000	16480.10059404373
248	-47.26	-47.26	-39.2	1.1194171	0.9468366	13.532346	0.26133367	1.112298	0.4	622500	16545.03591775894
249	-48.04	-48.04	-42.3	1.0835559	0.9186502	15.477442	0.2590919	1.0238662	0.0	625000	16609.138845205307
250	-47.38	-47.38	-42.399998	1.0604451	0.85798794	11.589123	0.26738644	1.0322083	0.2	627500	16674.469445466995
251	-44.8	-44.8	-43.399998	1.0781846	0.8431099	12.330671	0.21245548	1.0296304	0.3	630000	16739.782714128494
252	-46.9	-46.9	-48.0	1.1030308	0.8616234	9.446279	0.26308066	1.0749387	0.1	632500	16805.459060192108
253	-46.62	-46.62	-38.8	1.1520239	1.1493251	28.713001	0.26970935	1.1299331	0.4	635000	16870.558279514313
254	-48.26	-48.26	-40.2	1.1501908	1.0579013	13.301854	0.2854653	1.0744671	0.2	637500	16935.74714899063
255	-47.14	-47.14	-37.899998	1.037411	0.71718097	7.0721197	0.2641071	1.0207039	0.3	640000	17000.38711500168
256	-45.72	-45.72	-43.8	1.0885108	0.85104674	9.242387	0.2844264	1.1016543	0.4	642500	17064.886731624603
257	-47.8	-47.8	-40.7	1.0688393	0.87541413	11.749393	0.28040987	1.0352608	0.1	645000	17130.275079488754
258	-47.2	-47.2	-42.600002	1.0908699	0.87157476	10.739878	0.24210802	1.0580438	0.4	647500	17195.080002307892
259	-45.22	-45.22	-39.600002	1.0423838	0.88806194	13.904173	0.28528422	1.0276145	0.4	650000	17260.531509160995
260	-45.08	-45.08	-41.0	1.1155874	0.92129683	10.653004	0.22750476	1.076022	0.4	652500	17326.447802066803
261	-47.36	-47.36	-44.399998	1.0469285	0.8437087	11.185761	0.2282269	1.0131437	0.1	655000	17392.01417183876
262	-44.36	-44.36	-40.0	1.0507286	0.77407646	10.580455	0.2521789	1.0443068	0.3	657500	17457.624678373337
263	-44.3	-44.3	-37.100002	1.0568721	0.8174313	10.559704	0.26607186	1.0239706	0.5	660000	17522.790409564972
264	-48.02	-48.02	-37.8	1.047208	0.78774244	9.320882	0.26029515	1.0378048	0.4	662500	17587.78216099739
265	-44.86	-44.86	-47.0	1.0659133	0.83206785	10.24014	0.23079565	1.0561712	0.3	665000	17653.074471712112
266	-45.46	-45.46	-41.399998	1.1530107	0.94956243	12.3324375	0.27539814	1.1062869	0.4	667500	17718.923622608185
267	-46.14	-46.14	-43.8	1.0723348	0.8312431	17.077091	0.2446453	1.0360194	0.2	670000	17783.135348320007
268	-45.64	-45.64	-37.5	1.0545379	0.8314272	12.446609	0.27400887	1.0396943	0.4	672500	17847.57490348816
269	-45.26	-45.26	-46.0	1.0699495	0.8170589	10.716616	0.26208755	1.0386811	0.1	675000	17912.81476044655
270	-47.56	-47.56	-46.0	1.0482243	0.8041395	9.877928	0.22343236	1.0608715	0.2	677500	17976.161533355713
271	-45.04	-45.04	-38.2	1.0591326	0.842583	18.739063	0.24562816	1.0307412	0.5	680000	18042.111394405365
272	-47.54	-47.54	-34.3	1.0450339	0.79007846	9.019802	0.27217466	1.044383	0.4	682500	18108.448219299316
273	-47.96	-47.96	-37.2	1.061062	0.7487832	9.213818	0.27378213	1.066126	0.5	685000	18174.091453790665
274	-46.84	-46.84	-37.8	1.0387574	0.6964516	11.080912	0.26656467	1.0318984	0.3	687500	18239.4092669487
275	-47.16	-47.16	-36.0	1.1164263	0.89844024	12.95192	0.29248542	1.0911926	0.5	690000	18304.098303079605
276	-43.84	-43.84	-47.2	1.0604031	0.7576883	9.103508	0.26804015	1.0631409	0.2	692500	18368.81662273407
277	-48.28	-48.28	-39.8	1.0647346	0.83851516	8.761647	0.24940127	1.0555642	0.3	695000	18434.03295660019
278	-47.36	-47.36	-46.7	1.0132891	0.71522397	8.550348	0.24732901	0.99035424	0.1	697500	18498.935666322708
279	-45.8	-45.8	-41.899998	1.0162724	0.734086	6.518003	0.26882762	0.9946223	0.3	700000	18564.144416093826
280	-46.88	-46.88	-43.5	1.0018959	0.74342626	7.7329707	0.21654196	0.98645526	0.2	702500	18629.20262169838
281	-45.2	-45.2	-43.3	0.97033525	0.7870971	11.98129	0.2679265	1.0078846	0.2	705000	18694.430727481842
282	-45.88	-45.88	-44.8	0.9826855	0.7964668	10.204772	0.25613832	0.99122375	0.2	707500	18760.6391787529
283	-46.8	-46.8	-33.7	0.9613534	0.74935234	11.391355	0.26460737	0.960358	0.5	710000	18825.888912439346
284	-48.2	-48.2	-33.5	0.9856999	0.78592646	10.857984	0.24559715	0.97862816	0.6	712500	18891.37212753296
285	-47.16	-47.16	-44.5	0.98528117	0.7262599	10.349819	0.2463627	0.99731094	0.2	715000	18957.708632707596
286	-46.06	-46.06	-43.600002	1.0485239	0.8434566	10.785918	0.26012114	1.0470302	0.3	717500	19022.84944009781
287	-47.82	-47.82	-35.5	1.1297065	0.91073483	10.636296	0.22387715	1.0989273	0.6	720000	19088.960543870926
288	-46.76	-46.76	-37.899998	1.1063616	0.80402917	9.47384	0.2272189	1.1418818	0.4	722500	19155.210131406784
289	-47.06	-47.06	-45.3	1.1137136	0.8423734	8.416157	0.25312093	1.1285057	0.3	725000	19220.472995996475
290	-46.9	-46.9	-43.100002	1.1754793	0.94806165	14.480612	0.24651387	1.1831374	0.2	727500	19285.86328268051
291	-46.38	-46.38	-43.2	1.1618471	0.84772974	9.470918	0.3187862	1.1458989	0.4	730000	19351.25934290886
292	-45.96	-45.96	-43.7	1.1726487	0.89230424	8.439468	0.271313	1.154076	0.2	732500	19415.42224216461
293	-47.02	-47.02	-38.899998	1.1886401	0.9497933	15.619283	0.2504921	1.1677369	0.4	735000	19480.664837360382
294	-48.24	-48.24	-39.7	1.1601099	0.8545052	8.365202	0.21657294	1.1822159	0.3	737500	19546.085294485092
295	-47.84	-47.84	-40.100002	1.1376051	0.8359625	10.177333	0.29928535	1.1444438	0.5	740000	19611.203670740128
296	-46.62	-46.62	-39.399998	1.157983	0.88913363	10.6026	0.29903233	1.1624259	0.5	742500	19675.992575883865
297	-44.62	-44.62	-42.3	1.1321118	0.8959465	9.711736	0.2573631	1.1214004	0.2	745000	19741.19330406189
298	-47.66	-47.66	-45.600002	1.0852361	0.73350257	6.5545263	0.28037578	1.1061032	0.2	747500	19805.96858048439
299	-46.16	-46.16	-40.2	1.1451536	0.9057288	10.088071	0.26235378	1.132132	0.5	750000	19870.925969600677
300	-47.12	-47.12	-38.899998	1.118604	0.861181	15.865253	0.26101568	1.1149141	0.6	752500	19937.277550458908
301	-47.88	-47.88	-44.600002	1.0553702	0.79589486	11.906609	0.2629713	1.0817758	0.2	755000	20004.41295361519
302	-45.44	-45.44	-46.100002	1.1093636	0.83091265	8.183185	0.26664132	1.0644362	0.1	757500	20070.199199914932
303	-47.54	-47.54	-43.399998	1.1254909	0.9007167	12.136868	0.2053839	1.159927	0.2	760000	20135.102182149887
304	-46.34	-46.34	-41.2	1.100289	0.8144201	11.774161	0.28127486	1.0900611	0.4	762500	20199.79950428009
305	-47.6	-47.6	-35.100002	1.1359544	0.9439917	11.137152	0.2501117	1.1146743	0.8	765000	20264.97190093994
306	-46.88	-46.88	-38.600002	1.1115034	0.8395213	10.07315	0.26481515	1.110465	0.4	767500	20330.682413339615
307	-45.52	-45.52	-35.3	1.0742238	0.8282184	8.927117	0.2780586	1.1014178	0.6	770000	20395.918771982193
308	-45.96	-45.96	-40.3	1.1224566	0.947861	14.445039	0.2787081	1.0875039	0.4	772500	20461.526005506516
309	-45.68	-45.68	-47.7	1.0723419	0.7916282	12.456156	0.23408577	1.0701134	0.1	775000	20526.414027929306
310	-48.24	-48.24	-42.0	1.0380156	0.76824504	10.87273	0.23502403	1.0329951	0.3	777500	20591.529479265213
311	-44.78	-44.78	-39.399998	1.0589348	0.8956794	15.151956	0.22545561	1.0441998	0.5	780000	20656.154006242752
312	-45.42	-45.42	-43.3	1.0815306	0.8780268	13.458145	0.25469273	1.0998933	0.3	782500	20720.92054629326
313	-45.48	-45.48	-38.3	1.0883757	0.8310777	13.518079	0.2660523	1.075989	0.5	785000	20785.51924419403
314	-46.84	-46.84	-35.8	1.0689338	0.7947619	9.745544	0.24895905	1.0630733	0.3	787500	20850.461404561996
315	-46.6	-46.6	-31.0	1.0958331	0.87975717	15.878103	0.27838826	1.0949228	0.4	790000	20917.981506824493
316	-47.14	-47.14	-41.100002	1.0458832	0.82633084	14.388136	0.27264613	1.0191731	0.2	792500	20982.947229623795
317	-46.34	-46.34	-36.8	1.0176653	0.70703197	10.492895	0.22303306	1.0343509	0.5	795000	21047.182668685913
318	-46.74	-46.74	-37.899998	1.0320593	0.7547909	8.427923	0.27217907	1.0282986	0.4	797500	21112.042722463608
319	-48.0	-48.0	-40.7	1.045147	0.79062545	15.72319	0.2947137	1.0509502	0.4	800000	21177.88905596733
320	-44.22	-44.22	-39.7	1.062978	0.7032994	6.8229	0.24329449	1.0508943	0.3	802500	21243.244483709335
321	-47.0	-47.0	-38.2	1.070044	0.85842824	14.99006	0.26448157	1.0737431	0.4	805000	21306.69705271721
322	-46.08	-46.08	-39.8	1.0129644	0.783351	14.279509	0.20960137	1.0369264	0.3	807500	21371.3669257164
323	-47.42	-47.42	-38.5	1.001613	0.7045766	12.420187	0.241354	1.0282748	0.5	810000	21435.91092157364
324	-45.98	-45.98	-33.0	0.9812709	0.71784896	17.808926	0.26897603	0.96808636	0.7	812500	21500.671662569046
325	-46.74	-46.74	-37.600002	0.93989223	0.63647497	11.386526	0.2400665	0.95190173	0.5	815000	21564.938709020615
326	-48.18	-48.18	-37.0	0.9415061	0.81692886	15.662133	0.21127966	0.9686052	0.6	817500	21630.040467739105
327	-46.3	-46.3	-35.899998	0.9078784	0.66503406	11.953469	0.23348072	0.90263015	0.3	820000	21694.952398061752
328	-44.5	-44.5	-39.100002	0.82506204	0.5688559	11.077405	0.2176973	0.8473232	0.3	822500	21760.260614156723
329	-46.82	-46.82	-45.899998	0.79538584	0.52717733	10.711253	0.23948145	0.82319397	0.0	825000	21826.475932836533
330	-47.04	-47.04	-38.5	0.806943	0.57479805	10.167169	0.2146547	0.8235668	0.5	827500	21890.301233291626
331	-47.06	-47.06	-39.399998	0.78568923	0.4784605	5.8305244	0.18288769	0.81603056	0.2	830000	21954.56662583351
332	-47.18	-47.18	-36.2	0.797442	0.72585535	20.62398	0.2370538	0.79100186	0.4	832500	22019.051299333572
333	-44.84	-44.84	-46.7	0.7561295	0.646741	10.179335	0.19078778	0.7659423	0.1	835000	22084.213133335114
334	-46.54	-46.54	-42.3	0.73620206	0.53663355	7.833124	0.1660381	0.7561637	0.2	837500	22149.21249938011
335	-46.16	-46.16	-37.0	0.7618386	0.6035055	11.388808	0.20996405	0.77004373	0.4	840000	22214.0540099144
336	-47.32	-47.32	-46.100002	0.75460774	0.5407834	7.8952427	0.21466815	0.768262	0.0	842500	22279.905651807785
337	-43.76	-43.76	-45.399998	0.751127	0.60668254	14.731146	0.18394494	0.74931836	0.1	845000	22345.159898757935
338	-47.06	-47.06	-43.899998	0.7278197	0.56463826	8.979674	0.20852047	0.7332975	0.3	847500	22408.972988843918
339	-45.56	-45.56	-36.2	0.729384	0.5263234	9.27801	0.19806027	0.742683	0.4	850000	22473.630353689194
340	-46.24	-46.24	-40.7	0.7330957	0.48561066	6.5107937	0.19083427	0.7493186	0.2	852500	22537.614666700363
341	-45.82	-45.82	-43.100002	0.72823024	0.514496	8.516918	0.19789782	0.7367273	0.2	855000	22602.3032913208
342	-46.46	-46.46	-40.899998	0.7648777	0.47009817	5.1141295	0.2027681	0.76762706	0.4	857500	22668.260348320007
343	-46.84	-46.84	-42.7	0.79169244	0.58723277	10.588982	0.1942886	0.79408896	0.2	860000	22734.918264389038
344	-45.48	-45.48	-38.100002	0.73100084	0.51858467	11.448301	0.21131146	0.74653566	0.4	862500	22799.778852701187
345	-46.56	-46.56	-41.5	0.7160446	0.40917665	4.7611074	0.16074836	0.71313184	0.0	865000	22864.976134300232
346	-47.3	-47.3	-42.100002	0.7229061	0.42880753	5.5001073	0.17868102	0.7459125	0.4	867500	22929.9101228714
347	-44.4	-44.4	-41.3	0.74116504	0.45196065	6.630435	0.18913794	0.722906	0.3	870000	22994.71736550331
348	-45.56	-45.56	-37.399998	0.76043224	0.51346654	10.327872	0.20339766	0.78090364	0.6	872500	23059.65099310875
349	-46.94	-46.94	-44.8	0.74178153	0.5206848	9.97948	0.20915301	0.755619	0.2	875000	23123.851442813873
350	-47.38	-47.38	-38.3	0.76183707	0.6293806	14.395417	0.20875764	0.7621425	0.4	877500	23189.443937778473
351	-44.54	-44.54	-42.7	0.7595203	0.5026272	8.110904	0.19274312	0.7639348	0.3	880000	23254.710923671722
352	-48.08	-48.08	-34.5	0.7562362	0.54948246	9.810666	0.15391141	0.7699528	0.4	882500	23319.62887072563
353	-47.5	-47.5	-38.8	0.7503686	0.4825262	7.930108	0.18608576	0.7409578	0.2	885000	23384.612253189087
354	-47.02	-47.02	-34.100002	0.7114214	0.46880552	9.903157	0.19529177	0.7395438	0.5	887500	23448.991699695587
355	-46.9	-46.9	-35.899998	0.7527722	0.5443618	8.651649	0.22841236	0.7637499	0.3	890000	23514.760261774063
356	-45.36	-45.36	-42.2	0.74362653	0.4546497	6.793464	0.22107512	0.74509656	0.1	892500	23581.12976360321
357	-46.46	-46.46	-37.399998	0.7120919	0.47632846	7.576794	0.18865907	0.7325887	0.5	895000	23647.060812711716
358	-47.28	-47.28	-38.399998	0.7036122	0.45303592	7.426133	0.2080488	0.704898	0.4	897500	23711.97962808609
359	-45.58	-45.58	-42.3	0.7191683	0.5840875	11.969514	0.2027266	0.7354656	0.2	900000	23777.60060620308
360	-46.16	-46.16	-39.899998	0.6923638	0.48770332	9.748273	0.18675515	0.6908158	0.3	902500	23842.65791106224
361	-46.2	-46.2	-33.100002	0.67846704	0.4867824	8.553939	0.17128493	0.6995097	0.6	905000	23907.505697250366
362	-45.26	-45.26	-37.5	0.66736865	0.44511676	8.148243	0.19393761	0.6570504	0.4	907500	23972.863349199295
363	-45.96	-45.96	-38.399998	0.64191353	0.35523257	4.2710304	0.1637579	0.64980257	0.3	910000	24037.547462701797
364	-45.46	-45.46	-37.8	0.6399932	0.36716577	4.572844	0.15999395	0.6406947	0.5	912500	24102.006366729736
365	-47.2	-47.2	-44.2	0.6605305	0.43870962	7.384358	0.19925587	0.66043043	0.3	915000	24167.034165620804
366	-46.62	-46.62	-39.3	0.64829797	0.40995556	8.423225	0.1693572	0.6446958	0.3	917500	24232.029433965683
367	-46.52	-46.52	-36.399998	0.6489126	0.38578424	5.062498	0.16114846	0.6540751	0.6	920000	24296.24364733696
368	-45.48	-45.48	-41.600002	0.6741764	0.4725806	8.178529	0.18868573	0.6861878	0.2	922500	24361.901543855667
369	-45.1	-45.1	-36.8	0.69660014	0.4641972	7.8249345	0.18465556	0.7023137	0.4	925000	24427.17526102066
370	-46.3	-46.3	-42.5	0.66705716	0.4012094	5.860452	0.18890537	0.6860382	0.2	927500	24493.304232358932
371	-45.36	-45.36	-45.5	0.65593654	0.45842302	6.8059864	0.17964552	0.67403466	0.1	930000	24558.862733840942
372	-45.64	-45.64	-41.600002	0.7046494	0.57029843	11.335606	0.19475263	0.7030996	0.2	932500	24624.790556669235
373	-46.42	-46.42	-40.399998	0.6501558	0.38153094	5.501891	0.18804134	0.6638156	0.4	935000	24690.72349047661
374	-45.78	-45.78	-46.0	0.669683	0.44323486	7.3764224	0.19570565	0.67699635	0.1	937500	24756.253178596497
375	-47.62	-47.62	-37.100002	0.6764099	0.45552683	8.169413	0.20119995	0.67986256	0.2	940000	24820.41318464279
376	-45.92	-45.92	-42.600002	0.7046841	0.549053	11.794521	0.14401157	0.7051625	0.2	942500	24885.053387403488
377	-45.36	-45.36	-43.600002	0.70189583	0.45942497	9.81024	0.21957713	0.7192159	0.2	945000	24949.70621085167
378	-45.98	-45.98	-37.100002	0.7180198	0.5164557	9.933073	0.17979598	0.72917	0.3	947500	25014.7468085289
379	-45.54	-45.54	-34.899998	0.7562554	0.47052613	5.067219	0.20708679	0.76827735	0.5	950000	25079.25131034851
380	-45.96	-45.96	-44.2	0.76308125	0.4919539	6.7243414	0.21076569	0.7742051	0.3	952500	25144.257737398148
381	-45.78	-45.78	-45.3	0.77198255	0.49618775	5.887344	0.20461133	0.765762	0.3	955000	25210.32191824913
382	-46.08	-46.08	-44.100002	0.7432725	0.46666035	6.6014457	0.19095668	0.76446384	0.5	957500	25275.865191936493
383	-46.48	-46.48	-45.7	0.7299659	0.5127361	10.06994	0.19639614	0.72115624	0.1	960000	25341.161048173904
384	-47.56	-47.56	-42.7	0.7144672	0.45973557	7.6090074	0.17556621	0.72548497	0.2	962500	25408.036014318466
385	-45.94	-45.94	-37.0	0.66991556	0.36232144	4.062758	0.19776846	0.6759661	0.4	965000	25473.463659763336
386	-46.68	-46.68	-34.399998	0.67391104	0.39701313	6.2343326	0.20183867	0.68458	0.3	967500	25538.614135980606
387	-44.8	-44.8	-36.8	0.695412	0.3828605	4.1694455	0.1823425	0.71916336	0.2	970000	25603.778831243515
388	-46.06	-46.06	-39.600002	0.6763138	0.37408826	4.2920637	0.18864152	0.6882888	0.4	972500	25669.579733133316
389	-46.4	-46.4	-38.2	0.71719086	0.45379966	8.349242	0.21031713	0.74808913	0.2	975000	25734.9128408432
390	-46.5	-46.5	-42.7	0.70857984	0.38705596	4.8963714	0.19072965	0.7234515	0.1	977500	25799.28044962883
391	-47.24	-47.24	-38.399998	0.68359023	0.3766046	4.415769	0.20179059	0.69864255	0.3	980000	25864.725871801376
392	-46.56	-46.56	-40.0	0.665496	0.36994976	3.6431723	0.18648061	0.69623405	0.3	982500	25930.728685855865
393	-47.46	-47.46	-35.600002	0.64651316	0.36822915	6.2523394	0.17406091	0.66449195	0.7	985000	25996.270865678787
394	-47.02	-47.02	-38.8	0.6563398	0.3331435	2.9122398	0.17613122	0.6664737	0.7	987500	26061.855701208115
395	-42.78	-42.78	-36.899998	0.6665282	0.43504116	10.319208	0.18320034	0.6735598	0.6	990000	26128.085202932358
396	-46.86	-46.86	-42.399998	0.6631333	0.37642685	7.125698	0.17362519	0.6923566	0.3	992500	26193.6619515419
397	-46.16	-46.16	-40.8	0.6630552	0.36514544	6.273271	0.20014179	0.68871045	0.2	995000	26258.710443258286
398	-46.76	-46.76	-43.2	0.6871033	0.45051798	10.102955	0.2136856	0.68697846	0.4	997500	26324.51535820961
399	-44.74	-44.74	-38.0	0.65602446	0.3820488	6.654651	0.17553231	0.6767807	0.4	1000000	26389.940335035324
400	-43.86	-43.86	-33.3	0.65109205	0.3749602	3.7787793	0.17006227	0.6787576	0.7	1002500	26455.22794318199
401	-46.26	-46.26	-37.100002	0.67097276	0.40337074	7.185046	0.19898976	0.6921091	0.3	1005000	26520.756888866425
402	-46.7	-46.7	-41.7	0.6705602	0.42893785	6.7638426	0.19492549	0.68206954	0.3	1007500	26585.788484811783
403	-45.36	-45.36	-41.7	0.65420794	0.38938135	5.047591	0.17634779	0.66064954	0.2	1010000	26651.106389284134
404	-46.64	-46.64	-45.2	0.63204235	0.49359322	13.214575	0.19226709	0.6611056	0.2	1012500	26716.595944404602
405	-46.94	-46.94	-40.399998	0.5706349	0.30111423	5.235158	0.16649863	0.58821064	0.4	1015000	26780.604788064957
406	-45.16	-45.16	-41.0	0.57509845	0.4275749	10.833342	0.17589632	0.5821858	0.3	1017500	26844.911286830902
407	-47.56	-47.56	-39.8	0.58633554	0.44493684	9.690046	0.18381634	0.597087	0.5	1020000	26909.232513666153
408	-44.68	-44.68	-42.5	0.586036	0.4293089	9.744105	0.1772356	0.60962516	0.2	1022500	26975.44988465309
409	-45.1	-45.1	-40.0	0.5588169	0.3202455	5.6652093	0.1570571	0.5685748	0.4	1025000	27041.73727083206
410	-45.68	-45.68	-37.600002	0.6045368	0.42842022	8.962905	0.1822084	0.6170285	0.4	1027500	27106.85248565674
411	-45.7	-45.7	-42.2	0.60759777	0.41132757	5.7278943	0.1917871	0.62711924	0.4	1030000	27172.351756334305
412	-46.8	-46.8	-45.399998	0.6200508	0.36111906	4.614913	0.16547953	0.6302542	0.3	1032500	27238.456259965897
413	-46.46	-46.46	-42.0	0.61899793	0.3963082	6.966875	0.14721474	0.6326494	0.1	1035000	27304.173273801804
414	-46.8	-46.8	-44.8	0.6198216	0.37325892	5.1382623	0.18481702	0.64289206	0.0	1037500	27369.35551595688
415	-46.0	-46.0	-42.2	0.61519104	0.36310688	4.839363	0.18710613	0.6303015	0.3	1040000	27435.034017562866
416	-44.62	-44.62	-36.5	0.6272491	0.38259086	4.590814	0.17543545	0.6431527	0.5	1042500	27499.88533091545
417	-47.22	-47.22	-34.600002	0.65232223	0.43792498	7.3457437	0.16268498	0.6538801	0.3	1045000	27565.606602191925
418	-45.14	-45.14	-41.100002	0.63622653	0.38933787	6.125105	0.18491106	0.64910036	0.3	1047500	27630.606871843338
419	-44.36	-44.36	-35.899998	0.6315924	0.38848722	5.726549	0.13133618	0.63685936	0.4	1050000	27696.054068803787
420	-44.12	-44.12	-37.600002	0.64600414	0.42927667	8.516505	0.19475627	0.66777533	0.3	1052500	27761.83696913719
421	-45.72	-45.72	-38.399998	0.66066676	0.42975911	7.997288	0.18600604	0.6697039	0.3	1055000	27827.20422387123
422	-44.72	-44.72	-45.5	0.61424416	0.34539783	3.2841792	0.16569094	0.6263888	0.2	1057500	27892.087813854218
423	-43.3	-43.3	-37.5	0.6353977	0.37910777	5.4270315	0.19255413	0.64452124	0.4	1060000	27958.267997980118
424	-45.88	-45.88	-45.0	0.62546045	0.36808434	4.0214586	0.1614713	0.63384056	0.1	1062500	28023.04667878151
425	-46.56	-46.56	-38.5	0.6124502	0.3704267	4.6798925	0.16908643	0.6396961	0.5	1065000	28089.632999897003
426	-46.8	-46.8	-41.100002	0.6265586	0.38225797	5.3103743	0.16709714	0.6366222	0.3	1067500	28155.925845384598
427	-46.7	-46.7	-38.7	0.63203263	0.3841796	5.4008784	0.16888501	0.63604826	0.3	1070000	28220.633412361145
428	-45.52	-45.52	-43.5	0.622647	0.3937295	6.8328667	0.16754885	0.6236762	0.2	1072500	28285.72142100334
429	-45.38	-45.38	-38.100002	0.61012095	0.41101035	9.139462	0.15970424	0.6249774	0.5	1075000	28351.94912147522
430	-45.36	-45.36	-36.5	0.62456876	0.41492036	8.532696	0.17691529	0.63216895	0.3	1077500	28417.398705244064
431	-44.52	-44.52	-32.600002	0.6388811	0.40353292	7.6670566	0.19729671	0.6445438	0.5	1080000	28483.84540772438
432	-46.3	-46.3	-39.5	0.63062066	0.35071358	3.5873625	0.19282965	0.6210664	0.5	1082500	28549.972502470016
433	-47.76	-47.76	-39.5	0.61485606	0.3479208	4.3547063	0.15324916	0.6269011	0.5	1085000	28609.553601503372
434	-46.44	-46.44	-43.0	0.6180718	0.3485102	3.944498	0.1800386	0.62486756	0.1	1087500	28668.49314713478
435	-46.3	-46.3	-39.5	0.6432414	0.36001486	4.547113	0.19163904	0.6478948	0.4	1090000	28728.062611818314
436	-46.88	-46.88	-36.399998	0.6286309	0.32733995	3.1135783	0.19326164	0.63110536	0.5	1092500	28786.287541627884
437	-46.16	-46.16	-38.2	0.6373615	0.3519966	5.2186975	0.18209326	0.64009815	0.4	1095000	28844.804662942886
438	-47.72	-47.72	-45.7	0.6277971	0.35541862	4.791484	0.17981327	0.62077355	0.0	1097500	28904.69011092186
439	-47.02	-47.02	-35.899998	0.6475458	0.3837077	6.6751513	0.17552185	0.6429314	0.4	1100000	28964.09040927887
440	-46.52	-46.52	-37.399998	0.6134879	0.33017907	5.434641	0.177747	0.61979496	0.4	1102500	29023.82050871849
441	-47.08	-47.08	-37.2	0.63981205	0.4071888	6.1949244	0.16224882	0.6539629	0.4	1105000	29082.663411855698
442	-45.62	-45.62	-30.4	0.62493104	0.37855148	5.070964	0.17895854	0.6170791	0.7	1107500	29141.77405190468
443	-47.68	-47.68	-40.899998	0.59197485	0.30966118	4.596071	0.17897186	0.60257536	0.4	1110000	29200.75493621826
444	-46.32	-46.32	-40.7	0.6007427	0.3485939	3.9771986	0.19085452	0.6084259	0.4	1112500	29259.754241228104
445	-47.34	-47.34	-45.2	0.5914087	0.36114576	4.9389687	0.15416771	0.593395	0.1	1115000	29318.87397480011
446	-47.08	-47.08	-40.8	0.5892607	0.32650492	4.1974535	0.17337972	0.59187937	0.2	1117500	29377.61724114418
447	-44.16	-44.16	-44.5	0.597731	0.3444894	5.246052	0.15289244	0.5904547	0.2	1120000	29436.20511341095
448	-44.74	-44.74	-42.2	0.59290236	0.3578325	5.3726807	0.1687265	0.59196734	0.2	1122500	29495.834381580353
449	-46.78	-46.78	-34.899998	0.60690325	0.35158387	4.2576475	0.1726361	0.60125804	0.6	1125000	29556.12163257599
450	-46.42	-46.42	-35.2	0.5870267	0.34019765	4.300632	0.17049284	0.6006551	0.5	1127500	29616.529734134674
451	-45.68	-45.68	-40.3	0.58294773	0.3635641	4.5721154	0.17897874	0.575246	0.3	1130000	29675.67094063759
452	-45.54	-45.54	-30.4	0.56896424	0.31904522	5.5338507	0.17009486	0.5636802	0.7	1132500	29731.900188207626
453	-45.96	-45.96	-39.899998	0.59058374	0.38221058	5.3947	0.14939424	0.58419824	0.5	1135000	29788.33151102066
454	-44.76	-44.76	-43.100002	0.5716594	0.34480953	7.407629	0.1762205	0.57702434	0.3	1137500	29846.325406312943
455	-45.04	-45.04	-34.600002	0.5718947	0.32158732	5.4742575	0.18246174	0.5617391	0.3	1140000	29903.779532909393
456	-45.08	-45.08	-38.8	0.5728605	0.3277097	3.9534028	0.15379721	0.5706814	0.2	1142500	29960.963573932648
457	-47.94	-47.94	-36.8	0.5824326	0.32565853	3.5369782	0.15490553	0.57618773	0.5	1145000	30017.31592988968
458	-45.78	-45.78	-39.399998	0.6013356	0.35849816	7.3915906	0.16878399	0.6161006	0.4	1147500	30074.498005628586
459	-46.04	-46.04	-40.2	0.5862551	0.36387673	4.390343	0.17650348	0.57174754	0.4	1150000	30130.710190296173
460	-46.52	-46.52	-40.0	0.57479376	0.36361668	5.051915	0.17194322	0.5750188	0.5	1152500	30187.935976743698
461	-44.16	-44.16	-33.3	0.573068	0.34906784	6.3117566	0.16950266	0.5650843	0.6	1155000	30245.358320236206
462	-46.52	-46.52	-31.4	0.5396626	0.32696354	5.4878306	0.15902044	0.5446344	0.5	1157500	30302.467456817627
463	-46.96	-46.96	-48.2	0.5205161	0.30925575	5.1150193	0.1726749	0.52082986	0.2	1160000	30359.618433237076
464	-44.52	-44.52	-40.2	0.54964244	0.34281692	4.88523	0.15687802	0.5364965	0.1	1162500	30417.04859662056
465	-47.6	-47.6	-32.7	0.529632	0.29493886	6.4230747	0.15497877	0.5269897	0.6	1165000	30473.66624689102
466	-45.16	-45.16	-30.5	0.5431814	0.3233543	4.908033	0.17777798	0.54526454	0.7	1167500	30530.388546705246
467	-46.86	-46.86	-41.3	0.52148855	0.26865166	4.134798	0.16448149	0.5223537	0.2	1170000	30588.10163640976
468	-46.16	-46.16	-40.5	0.5436125	0.32383054	4.565637	0.16914156	0.55024314	0.4	1172500	30644.769662618637
469	-46.48	-46.48	-40.8	0.5298988	0.29237616	5.8326073	0.15557821	0.5384257	0.4	1175000	30700.942965745926
470	-46.52	-46.52	-39.3	0.5206311	0.3035583	5.7311025	0.13378602	0.5255786	0.3	1177500	30757.53594303131
471	-45.14	-45.14	-30.8	0.5543613	0.3330727	5.690483	0.16876054	0.5548768	0.6	1180000	30814.789942979813
472	-46.52	-46.52	-33.3	0.5625916	0.35524687	5.627923	0.17652722	0.56515014	0.5	1182500	30871.09406375885
473	-45.86	-45.86	-34.100002	0.5576248	0.31986114	5.589679	0.15640834	0.5596436	0.6	1185000	30928.76379084587
474	-46.3	-46.3	-32.3	0.5836681	0.3626829	4.694277	0.16927171	0.5891187	0.5	1187500	30984.983464479446
475	-44.54	-44.54	-36.899998	0.58911955	0.3420605	5.059154	0.17996567	0.57493764	0.5	1190000	31039.10574245453
476	-47.28	-47.28	-36.100002	0.58109146	0.326729	4.2506666	0.1697615	0.57964915	0.3	1192500	31093.2578458786
477	-44.82	-44.82	-39.2	0.5820388	0.30489677	3.3654563	0.16947934	0.59051114	0.4	1195000	31147.726442813873
478	-46.24	-46.24	-39.8	0.5892643	0.36543852	6.201525	0.17304185	0.5916215	0.5	1197500	31202.946125268936
479	-45.12	-45.12	-42.600002	0.59662807	0.34361494	4.860946	0.1704557	0.5963163	0.2	1200000	31258.40575861931
480	-43.56	-43.56	-40.7	0.5843602	0.35315612	5.3444905	0.17658317	0.5888312	0.5	1202500	31312.69553732872
481	-46.24	-46.24	-39.5	0.57721996	0.3121473	5.0074735	0.15080172	0.59116656	0.5	1205000	31367.307754039764
482	-45.02	-45.02	-39.0	0.5852575	0.33778444	4.9926267	0.16867279	0.58931446	0.4	1207500	31418.59275984764
483	-47.94	-47.94	-39.2	0.60271496	0.33576843	4.535265	0.15491839	0.621895	0.5	1210000	31470.33614563942
484	-44.84	-44.84	-37.899998	0.58809155	0.3279724	5.151509	0.17626342	0.6061334	0.4	1212500	31520.484051465988
485	-46.64	-46.64	-38.399998	0.59795785	0.32222447	4.191785	0.16729452	0.6124796	0.5	1215000	31571.144585847855
486	-46.5	-46.5	-33.5	0.6008469	0.3094485	5.000764	0.1722951	0.6192179	0.7	1217500	31620.87064576149
487	-44.46	-44.46	-38.100002	0.64093614	0.37806427	4.2802024	0.17815858	0.65329283	0.4	1220000	31671.134852409363
488	-48.06	-48.06	-42.100002	0.63056475	0.38300827	9.5286255	0.16695967	0.65171874	0.2	1222500	31720.60765028
489	-44.82	-44.82	-41.899998	0.64498025	0.3574333	4.886817	0.17782207	0.6536738	0.4	1225000	31770.78271150589
490	-46.0	-46.0	-35.8	0.6426522	0.3334673	3.482387	0.20814526	0.6608929	0.4	1227500	31820.96434521675
491	-46.6	-46.6	-39.600002	0.69064075	0.33754024	2.9913006	0.2071361	0.7016704	0.5	1230000	31871.260360479355
492	-46.36	-46.36	-40.8	0.69482464	0.3540999	4.221113	0.20625243	0.70697415	0.3	1232500	31920.725828647614
493	-46.08	-46.08	-40.2	0.6959356	0.37255752	5.7097692	0.19497772	0.7103788	0.3	1235000	31971.77985739708
494	-43.76	-43.76	-36.8	0.70184463	0.38994813	7.40802	0.18283054	0.70297647	0.5	1237500	32022.185630083084
495	-44.32	-44.32	-34.899998	0.68960756	0.36515006	5.03578	0.18907255	0.69866556	0.6	1240000	32072.576065540314
496	-44.48	-44.48	-39.100002	0.6729031	0.36660016	4.0702252	0.1808329	0.6786201	0.3	1242500	32122.75755262375
497	-47.3	-47.3	-33.600002	0.65878105	0.3573707	4.388866	0.2019275	0.6631715	0.6	1245000	32171.858284235
498	-45.3	-45.3	-40.8	0.6493315	0.34312588	3.1490722	0.18854013	0.6487279	0.3	1247500	32221.037462711334
499	-46.52	-46.52	-39.0	0.6335864	0.40640035	11.047507	0.19063392	0.6331566	0.3	1250000	32270.31915807724
