Epoch	EpRet	EpRealRet	TestEpRet	AverageQ1	StdQ1	MaxQ1	MinQ1	Q2	TestSuccess	TotalEnvInteracts	TotalTime
0	-49.0	-49.0	-50.0	-0.57735413	1.297059	1.2954855	-14.745773	-0.57720464	0.0	2500	34.48260450363159
1	-50.0	-50.0	-50.0	-1.4767822	2.8106675	0.5992589	-16.87008	-1.4768296	0.0	5000	78.75221681594849
2	-50.0	-50.0	-50.0	-2.0624397	3.9067223	0.79442006	-19.118763	-2.0625942	0.0	7500	123.48245072364807
3	-49.96	-49.96	-50.0	-2.6273236	4.923203	2.6037905	-22.364262	-2.6273363	0.0	10000	167.3258593082428
4	-49.92	-49.92	-50.0	-3.1769526	5.858735	2.1557248	-38.08053	-3.1770499	0.0	12500	211.88289666175842
5	-50.0	-50.0	-45.0	-3.6706998	6.621976	1.2429786	-35.905407	-3.670621	0.1	15000	255.93405723571777
6	-49.9	-49.9	-50.0	-3.9800448	7.1888676	1.6305621	-34.902943	-3.9797223	0.0	17500	299.5592324733734
7	-49.0	-49.0	-50.0	-4.2688966	7.711777	2.513162	-40.926865	-4.2684026	0.0	20000	343.3410623073578
8	-49.32	-49.32	-50.0	-4.5302587	8.179692	3.1044962	-43.22182	-4.530288	0.0	22500	386.98789954185486
9	-49.88	-49.88	-49.2	-4.738061	8.546048	2.8359463	-45.404713	-4.7380977	0.0	25000	431.9995708465576
10	-49.68	-49.68	-50.0	-4.982868	8.930539	2.1353748	-50.2034	-4.982702	0.0	27500	475.9729542732239
11	-49.9	-49.9	-50.0	-5.1131334	9.235458	2.0363493	-44.880726	-5.1130443	0.0	30000	520.4396369457245
12	-49.96	-49.96	-50.0	-5.3248677	9.551175	2.0284564	-46.39351	-5.3245935	0.0	32500	564.9756491184235
13	-49.9	-49.9	-50.0	-5.486762	9.804256	4.8073797	-47.230618	-5.4864073	0.0	35000	608.8572254180908
14	-50.0	-50.0	-48.3	-5.621191	10.023524	2.4502487	-47.51291	-5.620788	0.0	37500	652.9319851398468
15	-49.6	-49.6	-50.0	-5.744223	10.243193	3.0930312	-64.54935	-5.7439785	0.0	40000	697.5211360454559
16	-50.0	-50.0	-50.0	-5.909604	10.510358	3.602057	-57.056557	-5.909477	0.0	42500	741.3672153949738
17	-49.44	-49.44	-50.0	-6.0462465	10.715228	2.7001352	-52.499134	-6.045923	0.0	45000	785.9891521930695
18	-49.38	-49.38	-49.8	-6.114897	10.849315	4.4114313	-56.5215	-6.114934	0.0	47500	830.0276684761047
19	-49.06	-49.06	-48.1	-6.1947613	10.955156	3.0356598	-54.648506	-6.194937	0.0	50000	874.376336812973
20	-49.3	-49.3	-46.100002	-6.309006	11.092552	4.911044	-68.138336	-6.30944	0.1	52500	918.9611988067627
21	-49.5	-49.5	-49.7	-6.3715134	11.200975	4.218373	-55.54432	-6.3714323	0.0	55000	964.2090232372284
22	-49.78	-49.78	-50.0	-6.4566917	11.303459	4.051828	-56.86386	-6.456598	0.0	57500	1008.1849484443665
23	-49.26	-49.26	-47.8	-6.5333095	11.4068775	5.9343004	-57.458107	-6.533171	0.0	60000	1052.4911789894104
24	-48.7	-48.7	-48.8	-6.5939794	11.501846	3.9872289	-59.133877	-6.5940337	0.0	62500	1096.9821982383728
25	-49.68	-49.68	-49.8	-6.6859097	11.642217	5.565752	-56.617	-6.68595	0.0	65000	1141.801617860794
26	-49.96	-49.96	-49.1	-6.779126	11.791428	4.7091613	-57.382355	-6.779229	0.0	67500	1185.880603313446
27	-49.1	-49.1	-50.0	-6.8799033	11.939316	4.69599	-61.180183	-6.880018	0.0	70000	1230.6183819770813
28	-49.4	-49.4	-45.8	-6.98582	12.0751505	5.1453447	-57.220776	-6.986017	0.1	72500	1274.47425198555
29	-48.88	-48.88	-48.7	-6.999445	12.104302	3.4333544	-60.832294	-6.9999876	0.0	75000	1318.643001317978
30	-48.56	-48.56	-48.7	-7.024549	12.14667	4.3306136	-59.16784	-7.024595	0.1	77500	1362.9022707939148
31	-49.48	-49.48	-45.399998	-7.084844	12.221919	3.9801953	-60.410603	-7.0850253	0.1	80000	1407.7856121063232
32	-49.14	-49.14	-50.0	-7.1295223	12.306442	8.307293	-69.17317	-7.129528	0.0	82500	1451.7743256092072
33	-49.52	-49.52	-46.6	-7.1590643	12.346112	8.829474	-63.650764	-7.1590357	0.0	85000	1495.8653576374054
34	-48.34	-48.34	-50.0	-7.2372837	12.420401	5.3564715	-63.961052	-7.2373624	0.0	87500	1540.5046696662903
35	-48.84	-48.84	-47.3	-7.313506	12.543939	4.7305546	-65.3834	-7.3135233	0.1	90000	1584.661584854126
36	-47.62	-47.62	-46.6	-7.3551826	12.6347065	8.909983	-68.999016	-7.355209	0.1	92500	1629.9633643627167
37	-49.74	-49.74	-47.2	-7.390927	12.729592	6.207265	-60.518482	-7.3911023	0.0	95000	1674.1011781692505
38	-49.32	-49.32	-50.0	-7.414808	12.82343	7.4537506	-63.525112	-7.4151893	0.0	97500	1717.5965003967285
39	-48.58	-48.58	-47.4	-7.48627	12.909237	8.760497	-68.41361	-7.485979	0.1	100000	1762.0398042201996
40	-49.62	-49.62	-45.899998	-7.506033	12.973344	7.387542	-59.18982	-7.5060496	0.1	102500	1806.5336949825287
41	-47.7	-47.7	-44.100002	-7.545352	13.039557	9.855328	-64.105095	-7.545432	0.1	105000	1850.9002480506897
42	-48.68	-48.68	-46.100002	-7.614468	13.156313	7.7146683	-70.58159	-7.614537	0.2	107500	1895.0685012340546
43	-49.46	-49.46	-44.100002	-7.6377616	13.227398	7.1659026	-63.048214	-7.637646	0.2	110000	1939.453189611435
44	-49.3	-49.3	-43.7	-7.7311916	13.335298	8.982793	-68.379616	-7.731377	0.2	112500	1983.3723707199097
45	-49.06	-49.06	-49.6	-7.7075815	13.339277	7.8162217	-69.5576	-7.707769	0.0	115000	2027.509836435318
46	-47.84	-47.84	-48.8	-7.710903	13.3437805	12.799417	-67.20033	-7.7108693	0.0	117500	2071.637192964554
47	-48.92	-48.92	-45.5	-7.797143	13.454958	10.406296	-63.739746	-7.7970166	0.2	120000	2115.4788904190063
48	-49.2	-49.2	-46.5	-7.807941	13.499464	12.056921	-66.82937	-7.8079057	0.1	122500	2159.2741141319275
49	-49.12	-49.12	-40.5	-7.900488	13.568974	8.494543	-68.97	-7.9001694	0.2	125000	2203.116143465042
50	-48.76	-48.76	-45.8	-7.897195	13.584032	10.981198	-68.79591	-7.897077	0.1	127500	2246.5147008895874
51	-48.78	-48.78	-50.0	-7.8870516	13.603505	5.76409	-60.97735	-7.8874702	0.0	130000	2291.077924966812
52	-49.14	-49.14	-41.100002	-7.895966	13.630238	10.070344	-63.2708	-7.8955026	0.0	132500	2336.1695728302
53	-48.76	-48.76	-50.0	-7.8841815	13.628904	7.814756	-76.12432	-7.8838215	0.0	135000	2379.548227787018
54	-48.38	-48.38	-49.1	-7.8993945	13.656445	8.909994	-61.029575	-7.8990636	0.0	137500	2422.9181683063507
55	-48.76	-48.76	-49.3	-7.9090385	13.657053	9.4974785	-59.45188	-7.908604	0.0	140000	2466.068681001663
56	-47.6	-47.6	-49.4	-7.8678064	13.621508	7.7290015	-63.731754	-7.867652	0.0	142500	2508.9905149936676
57	-48.5	-48.5	-45.5	-7.847254	13.595579	10.940393	-72.504974	-7.84711	0.1	145000	2553.657921552658
58	-48.52	-48.52	-46.0	-7.8944435	13.6441965	11.594017	-64.52038	-7.894548	0.2	147500	2597.217717409134
59	-49.66	-49.66	-50.0	-7.914471	13.672074	12.344206	-65.14644	-7.9142675	0.0	150000	2641.1555581092834
60	-48.74	-48.74	-49.2	-7.979418	13.74855	12.527563	-67.02741	-7.9791813	0.0	152500	2685.3402943611145
61	-49.14	-49.14	-50.0	-8.084749	13.858599	6.4693832	-70.2625	-8.08453	0.0	155000	2729.2632591724396
62	-48.54	-48.54	-46.9	-8.08037	13.908636	12.872642	-65.92	-8.08041	0.1	157500	2773.075548171997
63	-48.56	-48.56	-45.0	-8.139584	13.984624	9.842637	-65.716225	-8.139547	0.0	160000	2816.8955669403076
64	-48.32	-48.32	-45.899998	-8.167629	14.045228	9.160834	-62.20829	-8.16764	0.1	162500	2860.567234516144
65	-49.06	-49.06	-45.100002	-8.214086	14.084036	14.948133	-73.27012	-8.2146015	0.0	165000	2905.173759460449
66	-48.46	-48.46	-45.5	-8.187444	14.066543	6.8949704	-67.460106	-8.18727	0.1	167500	2949.559990167618
67	-49.18	-49.18	-40.2	-8.215232	14.098529	7.4939475	-64.97921	-8.215378	0.2	170000	2993.2773866653442
68	-49.12	-49.12	-44.3	-8.221704	14.136061	16.21521	-65.91205	-8.221908	0.1	172500	3038.2665898799896
69	-47.54	-47.54	-43.0	-8.235971	14.168997	8.096728	-61.981544	-8.2360115	0.1	175000	3082.499995470047
70	-46.14	-46.14	-49.7	-8.232689	14.159069	9.498127	-61.720074	-8.232737	0.0	177500	3128.729595184326
71	-47.24	-47.24	-48.4	-8.253265	14.175452	6.8222995	-60.570515	-8.253277	0.0	180000	3172.5399861335754
72	-49.22	-49.22	-43.5	-8.255297	14.1867	10.646133	-65.43709	-8.255518	0.3	182500	3217.045846939087
73	-48.2	-48.2	-41.3	-8.276888	14.220845	13.616811	-67.53684	-8.27681	0.2	185000	3260.588046312332
74	-48.8	-48.8	-47.7	-8.322808	14.288233	9.8370495	-64.9392	-8.322784	0.0	187500	3305.1001455783844
75	-48.94	-48.94	-47.0	-8.308357	14.274788	7.328033	-70.38166	-8.308855	0.0	190000	3349.103399991989
76	-48.7	-48.7	-44.100002	-8.320933	14.301325	8.587047	-72.87649	-8.321003	0.1	192500	3393.786459684372
77	-49.48	-49.48	-45.600002	-8.335255	14.322977	7.438633	-63.362988	-8.335191	0.1	195000	3436.999411344528
78	-47.98	-47.98	-50.0	-8.336516	14.332792	10.863022	-69.574425	-8.336556	0.0	197500	3480.2140469551086
79	-49.18	-49.18	-44.0	-8.315675	14.306105	7.981619	-65.50996	-8.316065	0.2	200000	3523.9322662353516
80	-48.46	-48.46	-46.399998	-8.326922	14.293886	8.109497	-65.1215	-8.327352	0.1	202500	3567.46679019928
81	-49.36	-49.36	-43.899998	-8.312099	14.293394	10.1653595	-67.69567	-8.312192	0.2	205000	3610.6366035938263
82	-49.04	-49.04	-45.2	-8.326086	14.289389	7.7265015	-65.25418	-8.325812	0.1	207500	3655.2130641937256
83	-49.28	-49.28	-43.0	-8.366887	14.305585	9.312202	-64.397064	-8.367235	0.2	210000	3699.0730669498444
84	-47.88	-47.88	-50.0	-8.38257	14.316044	9.945853	-77.37831	-8.38288	0.0	212500	3743.165261745453
85	-47.64	-47.64	-46.3	-8.371557	14.291331	10.155288	-67.12454	-8.371429	0.0	215000	3787.4745573997498
86	-49.1	-49.1	-48.9	-8.3937235	14.304015	8.71076	-65.26213	-8.393702	0.1	217500	3832.4383096694946
87	-49.22	-49.22	-43.3	-8.376153	14.315475	10.496822	-73.19911	-8.37622	0.2	220000	3876.261627674103
88	-48.16	-48.16	-50.0	-8.383043	14.3151865	9.329886	-70.223785	-8.382816	0.0	222500	3920.905284643173
89	-48.52	-48.52	-47.1	-8.374234	14.290325	9.40273	-71.09472	-8.373958	0.1	225000	3965.544540643692
90	-47.98	-47.98	-41.899998	-8.366075	14.265329	15.953401	-63.24846	-8.36611	0.1	227500	4010.0582177639008
91	-49.08	-49.08	-43.5	-8.35006	14.248132	7.0448112	-79.880905	-8.349808	0.1	230000	4053.792504310608
92	-49.02	-49.02	-48.9	-8.2943945	14.208772	13.401625	-71.986115	-8.294785	0.1	232500	4097.457996368408
93	-48.78	-48.78	-43.600002	-8.292196	14.1979	9.078326	-73.41957	-8.29195	0.2	235000	4141.5814917087555
94	-49.5	-49.5	-40.2	-8.315278	14.19564	17.67659	-66.2914	-8.315257	0.3	237500	4185.403541326523
95	-48.76	-48.76	-47.7	-8.349939	14.202305	13.700453	-79.94673	-8.350242	0.0	240000	4228.684282541275
96	-48.68	-48.68	-44.899998	-8.318849	14.158622	15.864002	-69.35085	-8.318791	0.2	242500	4272.257326126099
97	-49.2	-49.2	-43.899998	-8.375059	14.206368	12.670659	-70.48581	-8.375065	0.2	245000	4315.4336585998535
98	-48.5	-48.5	-46.3	-8.373455	14.216227	11.675301	-65.09096	-8.374036	0.2	247500	4359.267530202866
99	-46.46	-46.46	-48.5	-8.3743515	14.215563	10.803793	-65.20981	-8.374775	0.1	250000	4403.9710738658905
100	-48.46	-48.46	-49.9	-8.37543	14.219565	13.174177	-64.86296	-8.375872	0.0	252500	4447.627816438675
101	-48.66	-48.66	-47.1	-8.382853	14.224545	8.440094	-67.521614	-8.3834505	0.1	255000	4491.957719087601
102	-48.62	-48.62	-48.2	-8.3661995	14.217294	12.932012	-78.75748	-8.366367	0.0	257500	4535.904539108276
103	-48.12	-48.12	-41.0	-8.348569	14.2023535	16.874477	-69.82651	-8.348074	0.3	260000	4577.180958747864
104	-48.54	-48.54	-43.5	-8.344607	14.192634	10.629301	-67.615654	-8.344346	0.1	262500	4621.812375068665
105	-48.34	-48.34	-47.3	-8.365374	14.205735	11.790701	-68.596306	-8.365423	0.1	265000	4665.748747587204
106	-49.02	-49.02	-45.0	-8.354252	14.180878	8.70996	-69.19363	-8.353966	0.1	267500	4710.2527396678925
107	-48.4	-48.4	-47.3	-8.360792	14.191931	9.862013	-73.68669	-8.360465	0.1	270000	4755.154460906982
108	-48.64	-48.64	-49.2	-8.316992	14.152533	10.930233	-65.66726	-8.316594	0.1	272500	4798.673117160797
109	-47.26	-47.26	-50.0	-8.345629	14.169466	13.917947	-68.94769	-8.345604	0.0	275000	4843.100716352463
110	-48.64	-48.64	-47.4	-8.3596735	14.171289	15.912189	-71.10528	-8.359222	0.1	277500	4887.259984493256
111	-48.56	-48.56	-42.5	-8.36826	14.167263	9.060978	-69.60709	-8.368291	0.2	280000	4931.51343870163
112	-45.66	-45.66	-41.600002	-8.317698	14.128502	17.107845	-66.27933	-8.317146	0.3	282500	4975.8741047382355
113	-47.94	-47.94	-47.5	-8.337785	14.125887	12.7589	-89.968124	-8.337992	0.1	285000	5020.603488206863
114	-47.5	-47.5	-39.3	-8.293144	14.091285	14.53944	-71.960686	-8.292392	0.3	287500	5064.267922639847
115	-47.8	-47.8	-46.2	-8.307938	14.094828	10.828577	-67.52257	-8.307817	0.0	290000	5109.827542543411
116	-48.96	-48.96	-42.899998	-8.300913	14.102737	13.327129	-76.12682	-8.300492	0.2	292500	5154.177656173706
117	-48.48	-48.48	-42.7	-8.310135	14.111137	18.161722	-67.34041	-8.309911	0.2	295000	5197.825961112976
118	-47.44	-47.44	-50.0	-8.322356	14.124239	10.366131	-69.72374	-8.322282	0.0	297500	5241.9514083862305
119	-47.28	-47.28	-44.0	-8.316835	14.127054	9.760463	-70.47682	-8.31671	0.1	300000	5285.663460493088
120	-47.52	-47.52	-43.2	-8.291413	14.084837	11.499879	-65.56469	-8.291056	0.1	302500	5329.2078194618225
121	-47.58	-47.58	-45.899998	-8.276527	14.062519	10.960719	-69.54132	-8.276403	0.1	305000	5373.09360408783
122	-47.9	-47.9	-47.5	-8.278854	14.066702	16.30693	-71.07085	-8.278694	0.1	307500	5416.8364408016205
123	-47.48	-47.48	-45.3	-8.297322	14.064397	14.37102	-65.730255	-8.297041	0.1	310000	5460.366888523102
124	-48.84	-48.84	-44.7	-8.295939	14.061806	14.232735	-65.306885	-8.2956	0.1	312500	5503.320822238922
125	-47.92	-47.92	-46.100002	-8.28172	14.032027	8.225448	-68.80551	-8.281522	0.2	315000	5547.205854415894
126	-48.24	-48.24	-43.899998	-8.233349	14.005472	29.918756	-69.43889	-8.232597	0.1	317500	5591.837594032288
127	-47.16	-47.16	-46.5	-8.266502	14.003947	10.368493	-76.59833	-8.266071	0.1	320000	5636.4626178741455
128	-47.16	-47.16	-50.0	-8.266797	14.015451	23.667252	-66.20388	-8.266914	0.0	322500	5680.246453762054
129	-48.12	-48.12	-47.3	-8.2441	14.014477	15.807644	-72.07291	-8.243974	0.1	325000	5724.659060955048
130	-48.36	-48.36	-48.1	-8.243055	13.997253	8.6589	-76.33608	-8.2428255	0.1	327500	5768.698861122131
131	-49.38	-49.38	-42.899998	-8.250623	14.012348	15.771771	-78.218376	-8.25054	0.2	330000	5812.940519094467
132	-47.28	-47.28	-44.600002	-8.221911	13.973448	14.422129	-75.671364	-8.221771	0.2	332500	5857.551995754242
133	-47.7	-47.7	-45.100002	-8.193784	13.908034	7.833206	-67.911964	-8.193114	0.2	335000	5902.612117290497
134	-47.82	-47.82	-47.3	-8.229568	13.954762	5.136198	-69.597015	-8.229483	0.0	337500	5945.590091943741
135	-47.56	-47.56	-45.7	-8.218715	13.965373	15.832671	-103.31435	-8.218467	0.1	340000	5990.016400814056
136	-47.72	-47.72	-41.2	-8.231132	13.985553	13.814322	-65.290764	-8.230921	0.1	342500	6034.718081951141
137	-47.12	-47.12	-41.7	-8.236993	13.9717245	18.679253	-75.309105	-8.237394	0.3	345000	6078.902158498764
138	-49.06	-49.06	-37.2	-8.192201	13.93942	13.1551695	-68.4449	-8.19167	0.4	347500	6123.32474565506
139	-48.74	-48.74	-48.4	-8.198443	13.9433155	9.092872	-66.0936	-8.198168	0.1	350000	6168.256445884705
140	-48.26	-48.26	-45.5	-8.213143	13.953954	14.839511	-74.64081	-8.213191	0.0	352500	6211.950962543488
141	-46.62	-46.62	-40.2	-8.148542	13.892013	18.088078	-71.46904	-8.149054	0.3	355000	6255.825820207596
142	-48.1	-48.1	-48.1	-8.17326	13.897699	6.9468164	-69.97812	-8.173536	0.0	357500	6300.149953842163
143	-47.18	-47.18	-38.7	-8.1912365	13.913647	11.652067	-70.25103	-8.1917715	0.3	360000	6344.53599357605
144	-45.5	-45.5	-42.7	-8.167125	13.86754	16.313845	-67.85635	-8.16732	0.2	362500	6388.6114802360535
145	-47.54	-47.54	-45.399998	-8.137397	13.8364315	16.069777	-77.132	-8.13789	0.1	365000	6433.389281749725
146	-47.32	-47.32	-44.0	-8.145208	13.8529825	15.701552	-67.59673	-8.144662	0.2	367500	6476.881918668747
147	-47.8	-47.8	-45.100002	-8.14301	13.85479	6.9382353	-65.55207	-8.143522	0.2	370000	6521.1482610702515
148	-48.68	-48.68	-46.100002	-8.143263	13.852449	8.723121	-73.019775	-8.143237	0.0	372500	6564.910992860794
149	-49.04	-49.04	-49.7	-8.143676	13.834325	9.62622	-74.88026	-8.14412	0.0	375000	6609.410174369812
150	-47.5	-47.5	-42.7	-8.120664	13.802622	6.869032	-72.286476	-8.120987	0.3	377500	6653.909737825394
151	-48.74	-48.74	-43.8	-8.147824	13.827132	9.666923	-66.34189	-8.147795	0.2	380000	6698.214832544327
152	-47.78	-47.78	-42.3	-8.222983	13.907625	10.069339	-70.59954	-8.222753	0.2	382500	6742.504461765289
153	-47.42	-47.42	-49.1	-8.132187	13.840449	16.833963	-69.750946	-8.132207	0.1	385000	6786.4930629730225
154	-47.46	-47.46	-47.5	-8.1543045	13.857247	8.928453	-76.99535	-8.154326	0.1	387500	6830.107026338577
155	-47.46	-47.46	-42.0	-8.168047	13.855496	14.87569	-67.7798	-8.167698	0.3	390000	6873.986860513687
156	-45.66	-45.66	-45.899998	-8.157272	13.819197	12.028449	-73.4502	-8.156871	0.0	392500	6918.539240598679
157	-49.24	-49.24	-47.2	-8.149438	13.789618	17.181877	-70.791046	-8.1493435	0.0	395000	6962.725038290024
158	-47.94	-47.94	-36.8	-8.1309805	13.783379	9.6555195	-90.099625	-8.130552	0.5	397500	7006.555525064468
159	-49.24	-49.24	-44.8	-8.081346	13.749502	11.807317	-60.581562	-8.081394	0.1	400000	7049.661972761154
160	-49.04	-49.04	-40.899998	-8.064599	13.722862	13.654695	-68.19482	-8.064493	0.3	402500	7092.794723510742
161	-49.1	-49.1	-48.5	-8.048385	13.718786	12.954274	-64.20325	-8.048491	0.0	405000	7134.644986152649
162	-48.08	-48.08	-46.399998	-8.097541	13.75305	16.795532	-67.28862	-8.097568	0.1	407500	7178.374301195145
163	-49.16	-49.16	-49.6	-8.048447	13.719731	14.518581	-67.14232	-8.048121	0.0	410000	7221.583500862122
164	-46.58	-46.58	-43.0	-8.077926	13.755517	11.030885	-68.73432	-8.078	0.2	412500	7265.066239118576
165	-46.42	-46.42	-47.0	-8.077065	13.733175	9.232352	-64.776474	-8.0772085	0.1	415000	7309.55863070488
166	-48.2	-48.2	-50.0	-8.11753	13.784255	11.2284775	-72.3607	-8.117867	0.0	417500	7353.257495641708
167	-46.62	-46.62	-44.100002	-8.040678	13.723192	12.443123	-64.94511	-8.040828	0.2	420000	7398.333693742752
168	-49.02	-49.02	-34.899998	-8.070421	13.751624	7.073021	-73.56789	-8.070533	0.6	422500	7443.1213710308075
169	-48.24	-48.24	-48.5	-8.075691	13.748497	9.972332	-67.962456	-8.07596	0.1	425000	7486.849477291107
170	-47.58	-47.58	-43.0	-8.075549	13.746407	8.405447	-64.34171	-8.076166	0.3	427500	7531.102302789688
171	-46.94	-46.94	-37.3	-8.082455	13.733344	10.258007	-70.81817	-8.082819	0.4	430000	7575.036942243576
172	-48.4	-48.4	-43.3	-8.062974	13.707668	15.413177	-74.93085	-8.063052	0.3	432500	7618.49481010437
173	-47.3	-47.3	-44.7	-8.04046	13.681152	9.699382	-76.82984	-8.040685	0.2	435000	7663.388684511185
174	-46.36	-46.36	-50.0	-8.05982	13.702904	5.1725016	-67.25637	-8.05986	0.0	437500	7707.344371557236
175	-47.44	-47.44	-47.6	-8.047458	13.681499	36.72834	-77.57999	-8.04726	0.1	440000	7751.041008234024
176	-45.74	-45.74	-40.399998	-8.022866	13.671	12.601126	-75.9743	-8.0229025	0.3	442500	7796.076959848404
177	-47.88	-47.88	-44.600002	-8.034885	13.649224	9.184433	-70.270874	-8.034905	0.1	445000	7840.379011631012
178	-46.48	-46.48	-36.2	-8.044967	13.675267	13.1237755	-66.10259	-8.04514	0.3	447500	7884.687745094299
179	-46.0	-46.0	-43.3	-8.015685	13.649959	15.045819	-76.32368	-8.015428	0.1	450000	7928.490512371063
180	-47.88	-47.88	-43.100002	-8.030509	13.664783	12.068866	-75.83425	-8.03093	0.1	452500	7972.9527106285095
181	-46.72	-46.72	-45.600002	-7.977099	13.61022	20.38781	-64.24009	-7.97755	0.3	455000	8016.634135007858
182	-47.58	-47.58	-43.2	-7.9950495	13.608993	5.878446	-66.82197	-7.9948545	0.1	457500	8060.487517356873
183	-46.8	-46.8	-41.3	-8.026993	13.634547	15.709771	-69.0186	-8.026927	0.3	460000	8104.037340641022
184	-45.24	-45.24	-41.399998	-8.031907	13.653102	12.018072	-70.04602	-8.032049	0.1	462500	8148.787208557129
185	-47.96	-47.96	-47.6	-8.063335	13.70053	9.285526	-67.62852	-8.063271	0.2	465000	8192.753706932068
186	-47.52	-47.52	-41.899998	-8.009671	13.633347	11.730951	-68.53485	-8.009939	0.3	467500	8236.438815832138
187	-47.96	-47.96	-45.7	-8.007914	13.631961	13.860712	-72.791985	-8.008197	0.2	470000	8279.46089720726
188	-45.46	-45.46	-42.2	-8.017393	13.631725	35.622868	-71.44699	-8.016988	0.2	472500	8323.61693572998
189	-47.24	-47.24	-49.3	-7.96574	13.58841	10.148089	-67.57779	-7.965855	0.0	475000	8367.441617250443
190	-46.88	-46.88	-38.7	-7.9658585	13.5752325	11.86657	-73.76453	-7.966158	0.3	477500	8412.07504081726
191	-48.1	-48.1	-40.2	-7.9441385	13.570185	9.946861	-66.021065	-7.944324	0.3	480000	8456.122806549072
192	-47.34	-47.34	-41.8	-7.9945164	13.632679	12.837066	-65.12122	-7.9947343	0.3	482500	8500.546719312668
193	-45.82	-45.82	-45.399998	-7.9982643	13.650596	8.333448	-65.36281	-7.9982114	0.0	485000	8544.259248018265
194	-47.86	-47.86	-39.5	-7.9608893	13.600725	5.015753	-66.59212	-7.961	0.3	487500	8587.965381860733
195	-46.86	-46.86	-47.2	-7.9856076	13.621257	9.6554365	-77.81619	-7.985907	0.1	490000	8632.238722324371
196	-47.84	-47.84	-46.399998	-7.994686	13.596004	10.490313	-66.829666	-7.994692	0.1	492500	8676.042151212692
197	-48.54	-48.54	-43.600002	-7.9225793	13.513801	9.392654	-65.21561	-7.9228954	0.2	495000	8720.720988750458
198	-47.96	-47.96	-42.600002	-7.9120364	13.520379	8.124262	-65.90816	-7.911963	0.3	497500	8764.569854974747
199	-45.8	-45.8	-43.3	-7.8895197	13.512147	10.138788	-76.36986	-7.889891	0.2	500000	8808.63149356842
200	-46.0	-46.0	-45.5	-7.9138956	13.518337	6.8305907	-67.191864	-7.913984	0.1	502500	8852.63915848732
201	-48.26	-48.26	-36.899998	-7.930821	13.542141	7.3293552	-64.150925	-7.931342	0.6	505000	8895.964811086655
202	-48.44	-48.44	-41.600002	-7.902097	13.530962	5.61685	-62.70835	-7.902254	0.3	507500	8939.72550535202
203	-48.08	-48.08	-42.0	-7.9134645	13.525228	8.086685	-69.07456	-7.91385	0.2	510000	8983.024182081223
204	-48.1	-48.1	-44.600002	-7.938323	13.534896	9.443463	-79.07771	-7.9385676	0.2	512500	9026.067127227783
205	-48.06	-48.06	-46.3	-7.9103208	13.508647	13.651192	-68.54102	-7.9105783	0.1	515000	9068.99605345726
206	-47.66	-47.66	-40.3	-7.9261446	13.520337	8.922773	-68.76311	-7.9260645	0.3	517500	9111.694445848465
207	-47.64	-47.64	-44.8	-7.9204555	13.504085	8.404511	-72.751945	-7.920705	0.1	520000	9154.532906532288
208	-47.14	-47.14	-33.600002	-7.893905	13.469504	7.0549335	-72.22218	-7.8940163	0.6	522500	9198.790036916733
209	-47.48	-47.48	-48.2	-7.909303	13.5072565	10.122219	-72.06295	-7.908917	0.1	525000	9241.854533433914
210	-48.28	-48.28	-45.7	-7.9067907	13.496744	7.661491	-64.53176	-7.9070253	0.0	527500	9286.192711353302
211	-47.32	-47.32	-44.0	-7.8711534	13.452018	14.966098	-74.37597	-7.870849	0.2	530000	9330.229716539383
212	-47.1	-47.1	-46.6	-7.838401	13.394341	8.804022	-67.71339	-7.838821	0.1	532500	9374.353116989136
213	-47.98	-47.98	-44.8	-7.8267107	13.379836	7.68767	-71.32999	-7.826852	0.1	535000	9418.710053682327
214	-48.3	-48.3	-48.2	-7.8231893	13.351719	25.641	-78.61937	-7.8225613	0.0	537500	9463.087812185287
215	-46.72	-46.72	-39.399998	-7.8639255	13.392917	14.478556	-67.01575	-7.8640594	0.3	540000	9507.581634044647
216	-46.76	-46.76	-48.0	-7.8285403	13.360145	16.984692	-71.51228	-7.82833	0.0	542500	9551.342983484268
217	-47.7	-47.7	-46.9	-7.7767215	13.296569	12.367548	-80.69843	-7.7763615	0.0	545000	9596.449615955353
218	-48.02	-48.02	-47.5	-7.788931	13.300268	13.451388	-62.037945	-7.78896	0.1	547500	9639.949291467667
219	-47.34	-47.34	-48.7	-7.796087	13.324051	15.801058	-67.20571	-7.7962894	0.1	550000	9684.508339881897
220	-45.62	-45.62	-45.8	-7.7984753	13.338872	10.968343	-65.371605	-7.798747	0.1	552500	9729.536432743073
221	-47.86	-47.86	-45.7	-7.8122826	13.353242	17.933386	-71.1484	-7.812594	0.0	555000	9773.095047473907
222	-47.96	-47.96	-38.7	-7.7821927	13.334591	15.386515	-61.92584	-7.7821674	0.4	557500	9816.410131454468
223	-44.12	-44.12	-43.100002	-7.85785	13.384071	12.804448	-74.71848	-7.858005	0.2	560000	9860.014878511429
224	-47.64	-47.64	-45.899998	-7.7596135	13.299151	5.306753	-61.790985	-7.7597027	0.2	562500	9904.184558391571
225	-47.9	-47.9	-40.5	-7.8223114	13.350172	7.5139174	-61.682747	-7.82212	0.3	565000	9948.711849689484
226	-47.08	-47.08	-48.0	-7.8071413	13.346155	17.779022	-61.260693	-7.807164	0.1	567500	9993.470566749573
227	-48.4	-48.4	-37.2	-7.807318	13.355957	12.024186	-73.48065	-7.807256	0.3	570000	10037.154194116592
228	-48.7	-48.7	-42.8	-7.7781363	13.330928	14.906654	-62.41097	-7.7780814	0.3	572500	10080.743340015411
229	-47.74	-47.74	-50.0	-7.7986355	13.343919	9.8490925	-62.53937	-7.7988033	0.0	575000	10124.599548101425
230	-45.44	-45.44	-47.2	-7.7771974	13.297317	12.51579	-68.33119	-7.7770452	0.1	577500	10166.174106359482
231	-47.3	-47.3	-45.2	-7.7504807	13.229275	22.530281	-71.86308	-7.7505746	0.3	580000	10210.052036762238
232	-45.08	-45.08	-42.399998	-7.7343025	13.220649	15.69485	-68.072784	-7.7347302	0.2	582500	10254.216882944107
233	-47.98	-47.98	-43.399998	-7.731459	13.206116	6.432168	-68.449974	-7.7315083	0.4	585000	10298.495982408524
234	-46.16	-46.16	-42.3	-7.6539927	13.108554	6.2915354	-74.425186	-7.654221	0.1	587500	10343.219027757645
235	-48.38	-48.38	-44.600002	-7.668012	13.094661	9.684677	-66.054924	-7.6682916	0.2	590000	10387.330676555634
236	-46.48	-46.48	-34.0	-7.598187	13.00689	11.412679	-74.23874	-7.5982256	0.3	592500	10432.68220448494
237	-45.82	-45.82	-43.8	-7.605106	13.00253	7.1664867	-72.037155	-7.6057105	0.3	595000	10476.90898323059
238	-47.0	-47.0	-40.600002	-7.55857	12.934697	8.628753	-63.114555	-7.5587316	0.4	597500	10521.383594036102
239	-46.92	-46.92	-38.3	-7.5319505	12.882292	13.577045	-73.689125	-7.532397	0.4	600000	10565.761502742767
240	-47.52	-47.52	-44.100002	-7.4968705	12.823876	18.064404	-69.43126	-7.497006	0.0	602500	10609.192351341248
241	-48.22	-48.22	-48.1	-7.465279	12.780208	6.890882	-67.56633	-7.4654284	0.1	605000	10653.331567764282
242	-47.54	-47.54	-42.8	-7.4573455	12.73664	15.259893	-66.202225	-7.457942	0.4	607500	10696.18122959137
243	-47.56	-47.56	-46.0	-7.3904505	12.629724	12.610498	-62.6734	-7.390511	0.1	610000	10740.194666147232
244	-47.68	-47.68	-49.2	-7.401634	12.648227	13.691538	-62.390514	-7.401807	0.1	612500	10784.893483877182
245	-48.18	-48.18	-47.0	-7.4022636	12.639178	15.436632	-60.72359	-7.402464	0.0	615000	10828.866542816162
246	-47.18	-47.18	-44.100002	-7.4059267	12.634626	11.593379	-85.23145	-7.4057136	0.2	617500	10873.4038336277
247	-47.56	-47.56	-36.5	-7.3681355	12.579335	12.885873	-59.141056	-7.3683486	0.3	620000	10915.7703332901
248	-46.14	-46.14	-44.8	-7.3469753	12.55411	6.016884	-61.04801	-7.3471584	0.2	622500	10960.350925683975
249	-48.28	-48.28	-43.600002	-7.32998	12.524303	13.653922	-63.142204	-7.3299737	0.1	625000	11002.825779914856
250	-47.02	-47.02	-41.100002	-7.343694	12.535272	8.945192	-72.73207	-7.3439436	0.3	627500	11045.339801073074
251	-45.8	-45.8	-37.3	-7.3612995	12.542402	11.466985	-64.32823	-7.361713	0.3	630000	11088.813967704773
252	-47.46	-47.46	-45.0	-7.316693	12.528088	27.945688	-77.5989	-7.3166513	0.1	632500	11132.375090837479
253	-47.98	-47.98	-47.1	-7.32711	12.541009	9.199879	-65.3769	-7.3272634	0.1	635000	11175.953304052353
254	-46.62	-46.62	-48.0	-7.309924	12.486523	13.13175	-67.09053	-7.3099422	0.1	637500	11219.27593922615
255	-46.24	-46.24	-42.5	-7.2921586	12.470435	9.82203	-62.76211	-7.2923355	0.4	640000	11262.455244779587
256	-46.56	-46.56	-50.0	-7.2735825	12.450453	12.540438	-66.93333	-7.2738624	0.0	642500	11305.17052102089
257	-45.12	-45.12	-42.5	-7.3043394	12.473806	10.216829	-62.418648	-7.3043456	0.2	645000	11348.442478179932
258	-48.8	-48.8	-39.600002	-7.3136106	12.460826	10.77926	-64.14048	-7.313608	0.5	647500	11392.975397109985
259	-47.08	-47.08	-44.600002	-7.260396	12.419011	11.600908	-66.1254	-7.260374	0.1	650000	11437.506854772568
260	-47.16	-47.16	-44.100002	-7.3015203	12.446585	7.4635515	-62.154137	-7.3016343	0.3	652500	11481.717222929
261	-47.92	-47.92	-44.600002	-7.29539	12.442051	11.4414	-59.91391	-7.2954764	0.1	655000	11526.024916887283
262	-46.4	-46.4	-40.3	-7.2675095	12.425146	6.538164	-67.565796	-7.267563	0.3	657500	11569.863098621368
263	-47.1	-47.1	-44.5	-7.265442	12.428186	11.258488	-73.00439	-7.265523	0.3	660000	11614.154832839966
264	-46.78	-46.78	-38.2	-7.273833	12.429229	5.36167	-59.733345	-7.2737503	0.4	662500	11659.198792696
265	-43.5	-43.5	-43.2	-7.2901487	12.431765	10.085772	-68.49925	-7.2901363	0.3	665000	11702.710978031158
266	-48.58	-48.58	-43.5	-7.301978	12.442439	11.172711	-63.69262	-7.301881	0.2	667500	11743.650371313095
267	-46.18	-46.18	-46.399998	-7.269592	12.438581	6.2518134	-83.10964	-7.2695794	0.2	670000	11786.006716251373
268	-46.26	-46.26	-41.100002	-7.2889724	12.440901	5.0427933	-68.33098	-7.289082	0.2	672500	11830.239407777786
269	-45.62	-45.62	-41.399998	-7.296792	12.4362135	10.882385	-63.79104	-7.29664	0.3	675000	11874.44749712944
270	-48.34	-48.34	-45.100002	-7.266176	12.415015	6.4563704	-64.77123	-7.26634	0.1	677500	11918.744117498398
271	-45.98	-45.98	-49.2	-7.290371	12.427898	9.4807415	-76.91089	-7.290489	0.1	680000	11962.568251371384
272	-48.94	-48.94	-41.100002	-7.250155	12.398615	6.965516	-66.566216	-7.249988	0.2	682500	12006.213695287704
273	-45.86	-45.86	-48.9	-7.2701683	12.412287	6.8169923	-62.073418	-7.2707496	0.1	685000	12049.855298995972
274	-47.7	-47.7	-42.600002	-7.260009	12.409501	6.650169	-62.741974	-7.259593	0.2	687500	12093.073654413223
275	-47.12	-47.12	-39.5	-7.2268715	12.378679	14.623229	-66.76017	-7.2269316	0.2	690000	12137.522223472595
276	-46.42	-46.42	-40.0	-7.25091	12.403313	7.288082	-63.68783	-7.250779	0.3	692500	12181.88590836525
277	-48.26	-48.26	-45.7	-7.2895093	12.433745	11.001582	-66.690186	-7.2895765	0.1	695000	12225.817478895187
278	-47.22	-47.22	-43.399998	-7.307917	12.46018	9.173337	-75.18586	-7.3074627	0.3	697500	12270.959462881088
279	-46.54	-46.54	-46.8	-7.3214164	12.486312	8.658383	-61.35409	-7.3215723	0.1	700000	12315.078804016113
280	-47.26	-47.26	-40.399998	-7.3279243	12.495236	7.630139	-78.35687	-7.327344	0.4	702500	12359.25247001648
281	-48.32	-48.32	-45.899998	-7.301113	12.4572	9.564156	-67.5545	-7.301172	0.1	705000	12404.134463310242
282	-47.4	-47.4	-46.8	-7.322048	12.496365	8.598917	-65.94302	-7.3220363	0.2	707500	12446.430234193802
283	-47.64	-47.64	-39.7	-7.3104763	12.487215	11.838065	-66.21293	-7.310254	0.3	710000	12490.3236951828
284	-47.74	-47.74	-38.5	-7.2971826	12.4475975	6.838106	-76.72091	-7.297052	0.5	712500	12533.901053905487
285	-46.3	-46.3	-46.8	-7.3569713	12.499825	8.343985	-68.21459	-7.3567796	0.1	715000	12577.521850585938
286	-47.36	-47.36	-44.3	-7.335963	12.490336	6.353165	-60.973576	-7.335862	0.2	717500	12621.08937239647
287	-48.98	-48.98	-44.2	-7.3201294	12.486949	8.115469	-65.477	-7.319829	0.2	720000	12664.765109300613
288	-47.52	-47.52	-44.600002	-7.3482842	12.516097	5.2826147	-62.1574	-7.348343	0.2	722500	12708.042519330978
289	-48.26	-48.26	-46.5	-7.350569	12.5253	7.541696	-66.42888	-7.3503313	0.1	725000	12752.14522767067
290	-47.56	-47.56	-47.3	-7.3026466	12.464382	6.9747205	-67.87658	-7.302656	0.0	727500	12795.271814346313
291	-46.2	-46.2	-46.2	-7.2660513	12.425035	13.310287	-67.36614	-7.265687	0.1	730000	12838.472099781036
292	-44.7	-44.7	-44.2	-7.277945	12.433528	11.476501	-62.830616	-7.2782626	0.2	732500	12882.168645620346
293	-47.94	-47.94	-43.3	-7.295532	12.426667	6.1601815	-59.88907	-7.295268	0.2	735000	12926.14175248146
294	-48.42	-48.42	-38.8	-7.252862	12.405485	8.306372	-63.93376	-7.252776	0.3	737500	12970.31759762764
295	-47.14	-47.14	-41.0	-7.254982	12.404808	3.6313477	-58.84449	-7.2554107	0.3	740000	13014.464078903198
296	-46.78	-46.78	-46.3	-7.2474985	12.406841	11.600795	-67.51217	-7.2476087	0.1	742500	13057.938904762268
297	-44.9	-44.9	-47.1	-7.2666917	12.429639	7.551226	-69.35967	-7.266382	0.0	745000	13101.77720117569
298	-48.28	-48.28	-40.2	-7.279292	12.456178	8.864489	-69.878136	-7.279342	0.4	747500	13146.408624887466
299	-45.64	-45.64	-45.0	-7.26894	12.445847	7.041909	-64.70745	-7.2688227	0.1	750000	13190.95576786995
300	-47.24	-47.24	-41.899998	-7.284494	12.452437	8.32885	-68.12171	-7.28453	0.4	752500	13235.968844652176
301	-44.94	-44.94	-49.7	-7.281546	12.428908	11.459784	-68.08272	-7.2815313	0.1	755000	13280.357593297958
302	-47.62	-47.62	-37.5	-7.3021193	12.433674	6.3417573	-63.031593	-7.302085	0.5	757500	13325.055305480957
303	-48.04	-48.04	-37.399998	-7.2585664	12.403938	7.3001432	-69.10364	-7.258712	0.5	760000	13369.123923063278
304	-48.2	-48.2	-38.600002	-7.27133	12.424854	7.1394844	-78.39074	-7.2714224	0.4	762500	13414.288210391998
305	-48.54	-48.54	-46.8	-7.2864423	12.425837	4.6481395	-74.44225	-7.286147	0.1	765000	13459.100265741348
306	-47.48	-47.48	-44.100002	-7.339441	12.486267	9.333598	-67.47541	-7.339476	0.2	767500	13502.871810913086
307	-46.42	-46.42	-40.399998	-7.285695	12.452245	7.318807	-66.88443	-7.2857466	0.2	770000	13546.816259860992
308	-46.42	-46.42	-44.8	-7.2648067	12.425767	9.86683	-61.192028	-7.264851	0.2	772500	13591.341720819473
309	-46.02	-46.02	-45.399998	-7.3066726	12.455116	8.473554	-68.10644	-7.3066297	0.1	775000	13635.344365358353
310	-47.1	-47.1	-41.600002	-7.3194637	12.488245	8.478264	-75.32946	-7.319147	0.3	777500	13678.846580028534
311	-46.86	-46.86	-36.899998	-7.2891874	12.480537	11.301352	-74.78381	-7.289453	0.4	780000	13722.26024389267
312	-46.66	-46.66	-40.899998	-7.3297124	12.505154	4.665261	-78.75438	-7.3292375	0.2	782500	13766.6263589859
313	-47.6	-47.6	-39.399998	-7.320789	12.499267	5.258232	-63.12763	-7.3210936	0.4	785000	13810.861222982407
314	-46.06	-46.06	-48.2	-7.3471127	12.53324	7.11384	-63.868443	-7.3472733	0.1	787500	13855.013447999954
315	-46.88	-46.88	-43.899998	-7.360175	12.557748	4.09566	-64.209854	-7.360169	0.2	790000	13898.867005109787
316	-47.48	-47.48	-45.3	-7.3519278	12.5523	8.057849	-63.20857	-7.3520246	0.2	792500	13943.043076753616
317	-47.62	-47.62	-40.100002	-7.375685	12.545879	6.541253	-67.99016	-7.3759723	0.2	795000	13986.52211356163
318	-47.76	-47.76	-37.8	-7.362818	12.529247	4.999054	-78.69926	-7.3629227	0.2	797500	14030.917368412018
319	-48.5	-48.5	-41.7	-7.347829	12.500923	10.0345125	-80.35775	-7.347944	0.3	800000	14074.19624209404
320	-45.6	-45.6	-42.600002	-7.3390827	12.51742	11.394295	-69.69268	-7.3392806	0.3	802500	14117.662329435349
321	-45.66	-45.66	-38.7	-7.360096	12.530547	8.466888	-71.39781	-7.3605676	0.2	805000	14161.42725276947
322	-47.88	-47.88	-41.399998	-7.3098803	12.468152	9.385467	-61.775467	-7.3096952	0.2	807500	14205.852558374405
323	-47.8	-47.8	-39.100002	-7.313226	12.497067	10.218539	-62.035713	-7.313174	0.2	810000	14249.021755456924
324	-43.4	-43.4	-41.8	-7.313973	12.480454	8.7956295	-66.04864	-7.3137326	0.4	812500	14292.39545750618
325	-47.54	-47.54	-41.5	-7.344597	12.489015	11.016025	-70.59188	-7.344822	0.5	815000	14336.42414689064
326	-48.92	-48.92	-40.0	-7.307411	12.444483	7.757645	-63.98829	-7.3073835	0.3	817500	14380.536266088486
327	-46.22	-46.22	-46.2	-7.312938	12.458488	6.083869	-90.18186	-7.3128843	0.2	820000	14425.066438436508
328	-47.34	-47.34	-45.3	-7.3327966	12.479196	7.7272344	-63.38589	-7.333021	0.1	822500	14469.308094024658
329	-46.96	-46.96	-42.2	-7.3485055	12.464356	5.662718	-68.720024	-7.3486123	0.1	825000	14513.416177272797
330	-45.6	-45.6	-38.2	-7.307342	12.420551	10.428467	-69.59166	-7.3072214	0.4	827500	14558.08945608139
331	-47.5	-47.5	-44.2	-7.2830687	12.413653	9.642891	-76.08816	-7.2831564	0.4	830000	14602.237984418869
332	-46.08	-46.08	-35.5	-7.3550262	12.469661	7.8382335	-63.54663	-7.355211	0.4	832500	14645.251720190048
333	-45.76	-45.76	-46.9	-7.3131356	12.410721	8.121743	-88.074326	-7.3130336	0.0	835000	14689.014995574951
334	-48.78	-48.78	-43.3	-7.306705	12.399862	7.046334	-67.97343	-7.3069143	0.1	837500	14732.976592063904
335	-44.18	-44.18	-41.0	-7.2716875	12.374012	6.8187876	-64.1255	-7.2715197	0.3	840000	14777.036575555801
336	-48.5	-48.5	-43.5	-7.2869267	12.4069605	10.391514	-78.38607	-7.286938	0.2	842500	14820.971422672272
337	-45.32	-45.32	-47.4	-7.256165	12.363338	6.152075	-70.99034	-7.2562704	0.0	845000	14863.853138923645
338	-48.3	-48.3	-38.600002	-7.237168	12.345738	9.994667	-74.745514	-7.237828	0.4	847500	14907.322484731674
339	-47.56	-47.56	-45.0	-7.3089385	12.398755	4.0083885	-70.70246	-7.308937	0.1	850000	14950.075379371643
340	-47.6	-47.6	-39.8	-7.2762127	12.371709	10.189747	-67.94092	-7.2762895	0.4	852500	14993.851893663406
341	-47.06	-47.06	-40.5	-7.2680116	12.364188	9.9525585	-79.01395	-7.26765	0.3	855000	15037.454327583313
342	-47.62	-47.62	-47.9	-7.305662	12.394591	6.735515	-65.07972	-7.3057017	0.1	857500	15080.482009887695
343	-45.54	-45.54	-47.3	-7.243828	12.344753	5.0483217	-65.513855	-7.2436905	0.1	860000	15124.162714719772
344	-45.98	-45.98	-37.8	-7.245225	12.34318	7.048064	-63.197334	-7.2455654	0.3	862500	15168.182816028595
345	-46.84	-46.84	-47.5	-7.2777014	12.382019	6.0061765	-72.92178	-7.2781262	0.1	865000	15211.762163162231
346	-46.64	-46.64	-43.600002	-7.2763505	12.402653	9.157256	-71.40349	-7.2762575	0.3	867500	15254.710104942322
347	-46.32	-46.32	-46.399998	-7.284932	12.416471	7.0265946	-76.548294	-7.2851567	0.1	870000	15297.243461608887
348	-47.66	-47.66	-46.3	-7.286483	12.41504	6.8980837	-78.60066	-7.286432	0.1	872500	15339.843394041061
349	-46.58	-46.58	-46.3	-7.296923	12.425974	8.239817	-66.54425	-7.297254	0.1	875000	15382.90402674675
350	-49.16	-49.16	-43.7	-7.3071094	12.4402075	9.781798	-70.04055	-7.307161	0.2	877500	15425.49551153183
351	-47.14	-47.14	-41.0	-7.304452	12.4597435	10.8854065	-60.74402	-7.304334	0.3	880000	15467.473742246628
352	-47.2	-47.2	-47.1	-7.358249	12.499513	9.298694	-66.69866	-7.358711	0.1	882500	15509.442582130432
353	-47.08	-47.08	-47.9	-7.3126955	12.47558	7.1406374	-74.19952	-7.3127503	0.1	885000	15551.523565292358
354	-47.46	-47.46	-38.5	-7.317202	12.460173	5.498602	-65.337234	-7.3172264	0.3	887500	15593.15695977211
355	-46.06	-46.06	-38.7	-7.3040495	12.434947	8.46163	-80.376656	-7.304579	0.2	890000	15635.259796857834
356	-46.72	-46.72	-34.399998	-7.2812047	12.400645	12.297335	-64.74075	-7.2815294	0.5	892500	15677.848890304565
357	-46.94	-46.94	-39.899998	-7.3110104	12.420806	7.5995307	-70.27517	-7.3112297	0.3	895000	15720.373576879501
358	-46.68	-46.68	-44.2	-7.2978683	12.402918	9.21052	-68.21737	-7.2977133	0.2	897500	15764.400254249573
359	-45.66	-45.66	-47.0	-7.2891846	12.383712	6.2343855	-65.08742	-7.2894254	0.1	900000	15807.476867675781
360	-46.84	-46.84	-38.899998	-7.291467	12.373958	9.82086	-102.79568	-7.291542	0.4	902500	15849.798744916916
361	-46.36	-46.36	-45.899998	-7.2818656	12.374668	12.66889	-74.603905	-7.281846	0.2	905000	15893.305097579956
362	-45.94	-45.94	-43.2	-7.289426	12.37785	13.720995	-64.432816	-7.2894244	0.3	907500	15936.073718070984
363	-45.12	-45.12	-40.100002	-7.293017	12.3695545	10.780535	-73.28356	-7.293365	0.5	910000	15978.811306476593
364	-48.52	-48.52	-38.899998	-7.299925	12.367433	13.891362	-84.227554	-7.300103	0.3	912500	16022.115364789963
365	-47.52	-47.52	-45.100002	-7.293733	12.356472	6.5914826	-63.43396	-7.294049	0.1	915000	16064.672307491302
366	-46.36	-46.36	-42.0	-7.2567134	12.318694	9.226571	-64.219315	-7.256625	0.4	917500	16107.021775960922
367	-48.0	-48.0	-44.7	-7.250879	12.313045	15.150439	-61.648014	-7.251219	0.2	920000	16149.649873495102
368	-47.96	-47.96	-36.100002	-7.220105	12.278284	9.204049	-63.830605	-7.2203617	0.4	922500	16193.072862148285
369	-47.16	-47.16	-44.100002	-7.236435	12.266436	6.2737026	-63.199875	-7.236201	0.2	925000	16236.3680768013
370	-46.54	-46.54	-36.600002	-7.2053223	12.235699	10.747157	-60.985107	-7.2052455	0.4	927500	16279.699573278427
371	-46.18	-46.18	-43.2	-7.2218943	12.249186	13.023317	-60.21434	-7.2216463	0.3	930000	16322.646944284439
372	-47.38	-47.38	-35.0	-7.20244	12.245611	7.634507	-65.82473	-7.20256	0.5	932500	16365.79514336586
373	-47.44	-47.44	-41.0	-7.2200685	12.245685	16.861744	-86.90816	-7.2201266	0.3	935000	16408.168300151825
374	-48.88	-48.88	-48.7	-7.2105846	12.232923	11.76655	-59.95668	-7.210285	0.0	937500	16450.490273475647
375	-47.92	-47.92	-39.2	-7.2242026	12.241561	9.287338	-60.835606	-7.22453	0.3	940000	16494.491994857788
376	-46.44	-46.44	-40.5	-7.195831	12.215212	5.8363404	-67.23357	-7.195796	0.3	942500	16537.135813713074
377	-47.7	-47.7	-46.399998	-7.1796136	12.214728	8.474143	-75.99896	-7.1795993	0.1	945000	16579.258035182953
378	-48.1	-48.1	-41.600002	-7.1821485	12.217888	9.293707	-76.78699	-7.1821294	0.3	947500	16622.667984485626
379	-47.22	-47.22	-33.600002	-7.1728373	12.194133	13.686365	-66.92382	-7.173121	0.4	950000	16665.82736515999
380	-49.24	-49.24	-46.399998	-7.1957955	12.206626	8.5672865	-67.658	-7.1958976	0.2	952500	16709.03894662857
381	-46.6	-46.6	-47.2	-7.1236687	12.132356	13.485568	-69.88578	-7.123611	0.1	955000	16753.549166202545
382	-45.12	-45.12	-50.0	-7.128514	12.139855	7.3306994	-72.81608	-7.1286373	0.0	957500	16797.11373233795
383	-45.6	-45.6	-43.600002	-7.141158	12.152123	9.298522	-68.90204	-7.140937	0.1	960000	16840.52643251419
384	-47.7	-47.7	-43.600002	-7.133172	12.138877	7.958778	-65.007416	-7.1333375	0.3	962500	16883.598029613495
385	-46.78	-46.78	-41.0	-7.1022277	12.117388	3.8960085	-67.990036	-7.102185	0.3	965000	16926.037223100662
386	-46.58	-46.58	-44.8	-7.090626	12.082713	7.9748273	-70.58102	-7.0906267	0.1	967500	16967.97382426262
387	-48.12	-48.12	-41.2	-7.111811	12.1002445	32.452904	-69.1145	-7.112051	0.3	970000	17010.347127199173
388	-46.0	-46.0	-43.899998	-7.087069	12.061989	8.827098	-82.93267	-7.0870275	0.1	972500	17052.886268615723
389	-45.72	-45.72	-43.899998	-7.1324816	12.08742	15.876413	-67.16717	-7.132758	0.1	975000	17093.83929181099
390	-47.34	-47.34	-39.5	-7.118126	12.071516	7.9890094	-63.216236	-7.1183033	0.4	977500	17134.348053216934
391	-46.0	-46.0	-34.8	-7.1057644	12.063168	5.3945503	-69.06076	-7.1059475	0.4	980000	17176.986372947693
392	-43.58	-43.58	-42.600002	-7.086157	12.028509	7.9881916	-83.64573	-7.0862317	0.2	982500	17219.519234657288
393	-48.38	-48.38	-44.899998	-7.1204605	12.077458	6.109029	-65.62069	-7.120746	0.2	985000	17262.86596751213
394	-47.26	-47.26	-39.399998	-7.0775414	12.00853	25.32465	-68.720535	-7.0775127	0.3	987500	17305.871198654175
395	-45.7	-45.7	-38.7	-7.0608525	11.980399	5.165653	-62.85185	-7.0610585	0.2	990000	17348.513686418533
396	-46.2	-46.2	-42.3	-7.0807953	12.017771	4.7192435	-61.595715	-7.080961	0.2	992500	17390.49699115753
397	-48.2	-48.2	-43.0	-7.0624766	11.992929	7.2320614	-81.61703	-7.0626507	0.2	995000	17433.44665646553
398	-45.56	-45.56	-46.6	-7.101274	12.048131	6.506053	-72.31788	-7.1013784	0.2	997500	17477.42538166046
399	-45.82	-45.82	-38.3	-7.111896	12.048907	6.9135466	-72.51983	-7.1119184	0.3	1000000	17520.984572172165
400	-44.42	-44.42	-35.8	-7.1219654	12.066895	19.756083	-64.04098	-7.1225057	0.3	1002500	17564.964300632477
401	-46.72	-46.72	-42.3	-7.073896	12.018545	9.916406	-72.0306	-7.0737476	0.3	1005000	17608.98948788643
402	-47.16	-47.16	-45.0	-7.087751	12.018689	10.063452	-72.157814	-7.087648	0.2	1007500	17651.132926940918
403	-46.8	-46.8	-41.0	-7.109724	12.044949	7.0839047	-62.17567	-7.1096473	0.4	1010000	17694.85812687874
404	-46.96	-46.96	-37.399998	-7.0745397	12.002273	6.7725306	-65.91586	-7.0746617	0.3	1012500	17738.572052001953
405	-47.32	-47.32	-39.600002	-7.088807	12.007749	7.5346336	-74.3879	-7.0889754	0.3	1015000	17781.912538290024
406	-46.48	-46.48	-45.600002	-7.104398	12.024319	18.33695	-60.80292	-7.104194	0.0	1017500	17824.521072149277
407	-47.88	-47.88	-38.0	-7.106931	12.057904	15.836086	-69.87816	-7.106847	0.3	1020000	17866.595895767212
408	-47.38	-47.38	-48.3	-7.1162443	12.068626	5.678424	-74.76682	-7.1162806	0.1	1022500	17908.34247112274
409	-46.28	-46.28	-43.5	-7.114362	12.07735	11.855954	-74.493866	-7.1142254	0.1	1025000	17950.63526535034
410	-45.74	-45.74	-37.3	-7.137888	12.096595	24.391306	-68.23402	-7.1382	0.5	1027500	17992.95841383934
411	-47.94	-47.94	-42.600002	-7.1232967	12.069795	19.824015	-59.21108	-7.1234126	0.1	1030000	18035.072287082672
412	-47.24	-47.24	-42.600002	-7.1256876	12.061528	4.098793	-68.78596	-7.1256456	0.2	1032500	18076.527282238007
413	-46.26	-46.26	-35.5	-7.1239247	12.057186	19.8965	-68.96717	-7.1240726	0.5	1035000	18118.300971746445
414	-47.22	-47.22	-45.8	-7.11717	12.055083	8.510039	-71.88521	-7.1171293	0.2	1037500	18159.604688882828
415	-46.04	-46.04	-40.8	-7.094582	12.014634	7.837329	-60.570946	-7.094586	0.3	1040000	18201.031275987625
416	-47.56	-47.56	-42.5	-7.0661225	11.980646	5.742363	-65.06213	-7.066576	0.3	1042500	18244.1481590271
417	-46.38	-46.38	-38.2	-7.10757	12.023141	20.009394	-72.311905	-7.1075735	0.4	1045000	18285.909055233
418	-47.46	-47.46	-43.2	-7.1083865	12.02824	5.2519617	-65.19219	-7.1086	0.3	1047500	18327.469283103943
419	-48.92	-48.92	-41.3	-7.0829096	12.0068865	10.417142	-63.731434	-7.0827103	0.1	1050000	18369.709763526917
420	-45.08	-45.08	-43.399998	-7.0837736	11.992265	14.976975	-61.775837	-7.0837836	0.2	1052500	18410.682927131653
421	-45.12	-45.12	-36.899998	-7.125736	12.014925	8.901371	-63.54155	-7.125563	0.2	1055000	18450.544647693634
422	-46.32	-46.32	-45.7	-7.0864363	11.981593	9.473806	-71.23012	-7.086511	0.0	1057500	18490.886415719986
423	-46.04	-46.04	-47.3	-7.0916934	11.980635	7.0034323	-63.445045	-7.0920033	0.1	1060000	18532.07300901413
424	-47.98	-47.98	-46.3	-7.111835	11.988079	14.0092535	-68.35112	-7.1118736	0.0	1062500	18573.280586719513
425	-47.16	-47.16	-42.2	-7.0634637	11.945997	13.358561	-59.06623	-7.0635805	0.2	1065000	18614.94192838669
426	-46.06	-46.06	-40.0	-7.0703506	11.938559	9.695907	-61.797398	-7.0702896	0.4	1067500	18656.35483765602
427	-47.58	-47.58	-42.399998	-7.059486	11.931058	10.972763	-61.324623	-7.059787	0.3	1070000	18697.7620947361
428	-48.88	-48.88	-40.8	-7.0718236	11.933355	8.720463	-63.1472	-7.0718007	0.4	1072500	18741.402589082718
429	-46.68	-46.68	-41.899998	-7.073994	11.920754	8.291953	-67.72043	-7.073909	0.3	1075000	18782.526525259018
430	-45.46	-45.46	-41.0	-7.043851	11.905653	18.724113	-71.854675	-7.0440826	0.2	1077500	18824.059020996094
431	-45.18	-45.18	-47.9	-7.07616	11.937185	8.158147	-71.0747	-7.076439	0.1	1080000	18865.189198493958
432	-46.46	-46.46	-48.7	-7.046297	11.900146	6.9818735	-67.19877	-7.046462	0.1	1082500	18905.751229286194
433	-46.94	-46.94	-40.2	-7.0471387	11.899877	7.976517	-65.22311	-7.0471826	0.4	1085000	18947.01719737053
434	-47.8	-47.8	-37.399998	-7.0198503	11.882719	9.539625	-64.41868	-7.020035	0.3	1087500	18987.767629384995
435	-46.86	-46.86	-44.399998	-7.0024095	11.847016	6.51898	-63.516403	-7.002282	0.2	1090000	19029.01052927971
436	-46.2	-46.2	-40.600002	-7.029382	11.86426	7.8760724	-64.1281	-7.0295286	0.3	1092500	19070.5692858696
437	-45.8	-45.8	-34.7	-7.0307245	11.893197	4.7257085	-70.20456	-7.031045	0.5	1095000	19111.736498117447
438	-46.72	-46.72	-36.3	-7.0560627	11.903158	9.638142	-61.321762	-7.0563307	0.5	1097500	19153.29602122307
439	-46.64	-46.64	-37.2	-6.9888115	11.857189	6.9728603	-61.1255	-6.988544	0.6	1100000	19195.347661972046
440	-45.66	-45.66	-46.9	-7.0466456	11.906253	10.148884	-67.38635	-7.046544	0.1	1102500	19237.8247487545
441	-48.02	-48.02	-43.8	-7.046844	11.908158	4.981651	-62.673386	-7.0471864	0.2	1105000	19279.19235420227
442	-46.36	-46.36	-36.899998	-7.079658	11.939879	7.340843	-88.30332	-7.080064	0.4	1107500	19321.642389059067
443	-47.44	-47.44	-41.399998	-7.0360026	11.890863	7.9155293	-62.077404	-7.036298	0.2	1110000	19365.819803476334
444	-46.58	-46.58	-43.5	-7.024337	11.880772	6.515261	-71.70249	-7.0240088	0.2	1112500	19406.898995876312
445	-47.78	-47.78	-47.7	-7.0414815	11.874982	5.298265	-62.29271	-7.0418544	0.0	1115000	19448.718856334686
446	-46.24	-46.24	-39.2	-7.0571427	11.874745	10.193527	-65.18622	-7.056861	0.2	1117500	19491.76343512535
447	-45.54	-45.54	-42.899998	-7.0315013	11.846838	15.487823	-67.50428	-7.031558	0.2	1120000	19532.669630289078
448	-45.12	-45.12	-35.5	-7.0334873	11.845512	7.717229	-58.890038	-7.033361	0.4	1122500	19574.495876312256
449	-45.62	-45.62	-35.0	-7.0236692	11.825519	8.1886635	-62.612938	-7.0239644	0.5	1125000	19617.40397953987
450	-45.96	-45.96	-44.899998	-7.050904	11.831964	6.5323277	-62.338573	-7.0509562	0.2	1127500	19661.75431036949
451	-45.44	-45.44	-43.2	-7.013837	11.816163	6.982165	-65.30352	-7.014121	0.3	1130000	19705.33123254776
452	-46.08	-46.08	-35.7	-7.0395465	11.843917	5.0650744	-63.346024	-7.0395665	0.4	1132500	19746.319137573242
453	-47.26	-47.26	-42.8	-7.016872	11.825392	9.601211	-68.320335	-7.0168686	0.1	1135000	19787.772562503815
454	-47.14	-47.14	-37.8	-7.038616	11.8644495	8.484571	-59.97416	-7.0387816	0.4	1137500	19828.98601913452
455	-45.8	-45.8	-39.7	-7.0393305	11.856952	13.134206	-57.277657	-7.039479	0.1	1140000	19870.537714719772
456	-47.08	-47.08	-40.8	-7.0097966	11.826575	9.598551	-63.60545	-7.009815	0.2	1142500	19912.28638982773
457	-48.22	-48.22	-38.5	-7.030656	11.82473	12.676002	-62.533993	-7.030912	0.3	1145000	19953.53353214264
458	-47.92	-47.92	-42.0	-7.003381	11.817726	7.912882	-60.324955	-7.0031652	0.2	1147500	19995.002516508102
459	-47.6	-47.6	-45.2	-7.019815	11.820779	7.1233854	-60.525414	-7.02024	0.0	1150000	20036.508902072906
460	-47.1	-47.1	-44.100002	-7.01993	11.814261	13.598444	-66.773865	-7.0199523	0.2	1152500	20077.832100629807
461	-45.0	-45.0	-44.399998	-7.029423	11.824667	9.209596	-60.804504	-7.0294886	0.2	1155000	20119.007348060608
462	-45.46	-45.46	-39.100002	-6.9981837	11.770849	6.943718	-72.25934	-6.9983034	0.3	1157500	20160.916213035583
463	-47.84	-47.84	-42.899998	-7.028821	11.776479	14.403577	-65.39682	-7.0288577	0.1	1160000	20205.201736688614
464	-47.16	-47.16	-42.100002	-7.0227795	11.786525	5.603003	-68.37047	-7.02281	0.1	1162500	20247.06782054901
465	-47.72	-47.72	-43.3	-7.040906	11.804364	7.180879	-61.98768	-7.041043	0.2	1165000	20288.245598316193
466	-46.64	-46.64	-32.5	-7.0505815	11.807518	14.6842	-60.54141	-7.0505004	0.4	1167500	20329.13814353943
467	-46.92	-46.92	-44.8	-7.0156503	11.778676	13.621806	-59.21315	-7.0156045	0.2	1170000	20369.89503479004
468	-46.68	-46.68	-40.399998	-7.016591	11.791856	7.953972	-61.06148	-7.017162	0.2	1172500	20411.070229053497
469	-46.08	-46.08	-41.3	-7.0577908	11.830796	16.968847	-65.6859	-7.058475	0.3	1175000	20452.310650348663
470	-48.64	-48.64	-43.100002	-7.0794773	11.849743	6.1191225	-58.305584	-7.0793242	0.0	1177500	20493.75844693184
471	-48.42	-48.42	-42.5	-7.0339055	11.8329	7.0434346	-65.562874	-7.034202	0.3	1180000	20538.105747938156
472	-45.2	-45.2	-37.5	-7.049941	11.82008	6.117054	-59.521473	-7.0501537	0.5	1182500	20580.019840717316
473	-47.44	-47.44	-36.2	-7.068682	11.83913	5.8736944	-65.28712	-7.068545	0.5	1185000	20621.331946611404
474	-47.14	-47.14	-35.0	-7.022558	11.800188	7.426647	-61.495583	-7.022455	0.5	1187500	20662.639951705933
475	-44.4	-44.4	-39.0	-7.0246844	11.806096	10.3244915	-62.542282	-7.0247297	0.4	1190000	20703.22481918335
476	-46.98	-46.98	-45.3	-7.0419307	11.834383	7.7616773	-69.72869	-7.0419426	0.0	1192500	20745.32238984108
477	-47.58	-47.58	-44.2	-7.0046754	11.8045845	8.755408	-63.003017	-7.0044727	0.1	1195000	20786.510361909866
478	-47.68	-47.68	-44.600002	-7.0584807	11.844859	6.650756	-62.819153	-7.058606	0.2	1197500	20829.192571640015
479	-45.36	-45.36	-46.2	-7.033689	11.798971	11.224889	-71.26189	-7.033621	0.2	1200000	20870.527827501297
480	-46.46	-46.46	-41.3	-7.031788	11.805215	10.811387	-61.304337	-7.031958	0.3	1202500	20912.022797584534
481	-44.72	-44.72	-44.0	-7.0306196	11.809322	5.175169	-61.114628	-7.0304003	0.2	1205000	20957.171105146408
482	-48.18	-48.18	-38.8	-7.027603	11.82029	4.7057095	-68.26883	-7.0275908	0.4	1207500	20999.35338807106
483	-46.56	-46.56	-46.9	-7.0354176	11.822576	9.332367	-57.762363	-7.035664	0.1	1210000	21041.930397748947
484	-47.78	-47.78	-34.2	-7.0383644	11.844468	11.974587	-64.0124	-7.0382857	0.5	1212500	21083.71966266632
485	-46.26	-46.26	-44.399998	-7.0380826	11.845268	9.510088	-66.50853	-7.037973	0.3	1215000	21125.064116716385
486	-48.68	-48.68	-40.5	-7.03322	11.855024	24.577354	-57.379337	-7.0332994	0.3	1217500	21166.300209760666
487	-47.34	-47.34	-42.5	-7.066082	11.875117	17.49373	-78.60068	-7.066099	0.3	1220000	21206.872106552124
488	-47.76	-47.76	-41.5	-7.03619	11.847318	8.678343	-64.03941	-7.0358253	0.2	1222500	21247.15648651123
489	-46.7	-46.7	-45.100002	-7.0806346	11.890399	13.500981	-64.998955	-7.0806885	0.2	1225000	21282.906304359436
490	-48.68	-48.68	-40.7	-7.0595984	11.889768	8.314968	-61.324123	-7.0597057	0.5	1227500	21314.06530356407
491	-47.2	-47.2	-45.8	-7.1170382	11.929853	6.735688	-87.46951	-7.11702	0.2	1230000	21345.94091939926
492	-46.84	-46.84	-42.8	-7.095111	11.948234	9.5830765	-62.021854	-7.0952277	0.3	1232500	21375.894038438797
493	-46.7	-46.7	-41.5	-7.1124616	11.958921	7.4612436	-63.321323	-7.1123667	0.3	1235000	21405.078343868256
494	-47.36	-47.36	-43.3	-7.0833783	11.913303	6.0696945	-75.39952	-7.083591	0.1	1237500	21433.287887334824
495	-47.26	-47.26	-36.5	-7.085323	11.913638	9.939089	-59.387608	-7.0853558	0.3	1240000	21464.416147470474
496	-47.72	-47.72	-40.100002	-7.0951023	11.940881	11.493412	-62.08969	-7.0955524	0.5	1242500	21491.807418346405
497	-46.9	-46.9	-39.3	-7.0596356	11.8980055	12.32753	-62.110638	-7.059796	0.4	1245000	21519.947205781937
498	-46.62	-46.62	-39.3	-7.081944	11.910839	13.260219	-66.463104	-7.0819426	0.3	1247500	21546.755204200745
499	-45.88	-45.88	-43.8	-7.067533	11.89491	9.2394285	-70.93855	-7.0674596	0.2	1250000	21572.120752811432
