Epoch	EpRet	EpRealRet	TestEpRet	AverageQ1	StdQ1	MaxQ1	MinQ1	Q2	TestSuccess	TotalEnvInteracts	TotalTime
0	-49.9	-49.9	-50.0	-1.2905939	2.4168959	1.1411506	-13.123608	-1.2908478	0.0	2500	82.3233654499054
1	-50.0	-50.0	-50.0	-2.5705135	5.001015	0.47323248	-20.80256	-2.5706615	0.0	5000	160.21773219108582
2	-49.96	-49.96	-50.0	-3.8884907	7.44433	2.6016219	-54.826675	-3.8901653	0.0	7500	234.85215663909912
3	-50.0	-50.0	-50.0	-5.048008	9.478625	2.1141803	-54.83766	-5.049444	0.0	10000	308.19346952438354
4	-50.0	-50.0	-49.0	-5.808616	10.869773	1.7992065	-60.039078	-5.808156	0.0	12500	384.6317551136017
5	-50.0	-50.0	-50.0	-6.4905	12.040079	3.760577	-55.15707	-6.4911146	0.0	15000	460.0637333393097
6	-50.0	-50.0	-50.0	-7.175348	13.170615	3.0102868	-56.511757	-7.174585	0.0	17500	534.8723006248474
7	-49.96	-49.96	-50.0	-7.7448077	14.033791	2.8049922	-56.000916	-7.746588	0.0	20000	612.4222645759583
8	-49.0	-49.0	-50.0	-7.9288216	14.359409	9.079659	-56.717865	-7.9289317	0.0	22500	688.8768844604492
9	-49.58	-49.58	-50.0	-7.9443183	14.409312	3.6887178	-54.07425	-7.94431	0.0	25000	765.2352025508881
10	-49.6	-49.6	-50.0	-8.080639	14.730742	3.8196332	-90.6662	-8.082139	0.0	27500	842.322998046875
11	-49.86	-49.86	-48.6	-8.240471	15.07671	10.31145	-62.34082	-8.240219	0.0	30000	917.0682923793793
12	-49.76	-49.76	-50.0	-8.576879	15.605582	4.083083	-57.37233	-8.576603	0.0	32500	993.252720117569
13	-50.0	-50.0	-49.7	-8.824812	15.955934	3.5185037	-59.436474	-8.825845	0.0	35000	1068.7506906986237
14	-49.26	-49.26	-50.0	-8.983967	16.208729	3.1158834	-59.590023	-8.983673	0.0	37500	1144.0488996505737
15	-49.54	-49.54	-49.3	-9.293533	16.654387	6.9006467	-57.840824	-9.29226	0.0	40000	1218.3734014034271
16	-49.52	-49.52	-48.3	-9.458255	16.87794	5.785755	-64.05306	-9.4584465	0.0	42500	1293.3547761440277
17	-49.86	-49.86	-49.8	-9.511799	16.958214	9.746174	-62.23687	-9.509982	0.0	45000	1369.1242368221283
18	-49.92	-49.92	-49.8	-9.672257	17.119328	4.9077435	-57.16268	-9.672631	0.0	47500	1443.1374022960663
19	-50.0	-50.0	-49.6	-9.798165	17.16373	5.202488	-59.181873	-9.799852	0.0	50000	1520.0440828800201
20	-49.82	-49.82	-50.0	-9.849392	17.097124	4.5974183	-62.17958	-9.848738	0.0	52500	1594.5274958610535
21	-49.82	-49.82	-49.7	-9.924042	17.128588	4.241697	-62.524483	-9.924468	0.0	55000	1668.8126337528229
22	-49.84	-49.84	-50.0	-9.9359045	17.14419	4.5146203	-60.463905	-9.937436	0.0	57500	1746.0242590904236
23	-49.36	-49.36	-50.0	-9.979845	17.194944	4.7539363	-64.24485	-9.980519	0.0	60000	1820.5571718215942
24	-48.72	-48.72	-49.9	-10.073456	17.298538	5.322243	-64.21716	-10.074169	0.0	62500	1895.1105835437775
25	-48.66	-48.66	-50.0	-10.196373	17.376541	4.7521772	-62.315758	-10.195738	0.0	65000	1969.8397948741913
26	-49.48	-49.48	-50.0	-10.230934	17.389603	3.736552	-61.47953	-10.230591	0.0	67500	2043.8038086891174
27	-48.16	-48.16	-48.8	-10.294368	17.477535	9.802471	-59.51234	-10.294852	0.0	70000	2120.7033936977386
28	-49.82	-49.82	-50.0	-10.378903	17.557999	7.240586	-73.90015	-10.379791	0.0	72500	2192.783507347107
29	-48.48	-48.48	-49.9	-10.430324	17.580921	6.8619246	-61.65419	-10.431002	0.0	75000	2269.217641353607
30	-49.2	-49.2	-50.0	-10.457372	17.512121	3.9069748	-64.81409	-10.456586	0.0	77500	2342.070726633072
31	-49.76	-49.76	-49.4	-10.470003	17.486753	3.973618	-66.02611	-10.470754	0.0	80000	2417.1516904830933
32	-49.44	-49.44	-49.7	-10.543678	17.545424	4.489962	-61.842968	-10.5429535	0.0	82500	2491.5299434661865
33	-49.74	-49.74	-49.7	-10.612628	17.572887	5.2830763	-61.099358	-10.612176	0.0	85000	2566.454836845398
34	-49.02	-49.02	-50.0	-10.736677	17.629492	5.8852143	-67.44013	-10.734838	0.0	87500	2642.765038728714
35	-48.56	-48.56	-47.5	-10.7619505	17.606556	7.2504177	-58.25748	-10.761982	0.1	90000	2715.7061762809753
36	-48.62	-48.62	-50.0	-10.669205	17.497667	5.152324	-60.36304	-10.672256	0.0	92500	2789.2942650318146
37	-49.42	-49.42	-49.4	-10.752564	17.562256	7.9695597	-60.56531	-10.752133	0.0	95000	2860.4465873241425
38	-49.5	-49.5	-49.3	-10.824718	17.615395	8.011272	-58.24762	-10.824904	0.0	97500	2933.143712282181
39	-49.24	-49.24	-50.0	-10.86475	17.611639	6.1832986	-89.74883	-10.865742	0.0	100000	3007.5489416122437
40	-49.6	-49.6	-48.5	-10.850743	17.567535	5.869774	-64.81634	-10.85229	0.0	102500	3080.82670545578
41	-48.74	-48.74	-49.6	-10.865234	17.521423	11.60412	-70.47806	-10.863078	0.0	105000	3155.298201560974
42	-49.38	-49.38	-49.3	-10.938014	17.560186	11.749432	-67.35494	-10.938163	0.0	107500	3230.205860853195
43	-47.86	-47.86	-49.5	-10.93765	17.52461	6.922018	-64.0617	-10.939124	0.0	110000	3303.06440615654
44	-48.72	-48.72	-46.399998	-10.978387	17.556038	4.8086963	-60.242638	-10.978589	0.1	112500	3376.333382129669
45	-48.24	-48.24	-49.7	-10.964044	17.586075	12.242135	-65.87695	-10.964118	0.0	115000	3449.796054124832
46	-49.28	-49.28	-50.0	-10.957631	17.53083	6.946932	-60.80574	-10.957953	0.0	117500	3522.623580932617
47	-48.68	-48.68	-49.9	-11.021562	17.571123	8.198059	-63.79131	-11.0215845	0.0	120000	3594.887042284012
48	-49.74	-49.74	-49.4	-11.050957	17.639658	8.029433	-62.860016	-11.05166	0.0	122500	3667.665363550186
49	-48.32	-48.32	-46.6	-11.088898	17.648195	6.4655657	-64.711205	-11.090359	0.0	125000	3739.819116830826
50	-48.14	-48.14	-49.9	-11.145387	17.664549	5.3470564	-63.50394	-11.145987	0.0	127500	3812.6860358715057
51	-49.56	-49.56	-47.2	-11.108789	17.616152	4.966322	-68.64709	-11.109953	0.1	130000	3886.4189054965973
52	-46.96	-46.96	-49.7	-11.152593	17.595963	9.897523	-71.123375	-11.152705	0.0	132500	3958.127545595169
53	-49.16	-49.16	-50.0	-11.174801	17.638592	7.7185173	-65.29072	-11.174778	0.0	135000	4031.3647067546844
54	-46.98	-46.98	-48.4	-11.266594	17.718231	7.5896397	-71.31147	-11.267934	0.0	137500	4104.805257797241
55	-49.0	-49.0	-48.4	-11.274261	17.716665	5.0409794	-71.881714	-11.274734	0.1	140000	4177.407710313797
56	-49.9	-49.9	-50.0	-11.294342	17.701818	8.546083	-64.744606	-11.295528	0.0	142500	4251.509709596634
57	-49.3	-49.3	-45.8	-11.3149185	17.705578	7.265193	-68.995	-11.3154545	0.1	145000	4323.9544467926025
58	-49.62	-49.62	-46.0	-11.374538	17.696173	3.985053	-64.05534	-11.37383	0.1	147500	4397.391701936722
59	-49.54	-49.54	-48.4	-11.464046	17.776745	5.716379	-67.8316	-11.463827	0.0	150000	4470.13486289978
60	-48.84	-48.84	-48.0	-11.441258	17.724014	8.304902	-68.8626	-11.440937	0.1	152500	4542.326599359512
61	-49.28	-49.28	-47.1	-11.488329	17.723658	7.2165165	-63.13334	-11.487631	0.1	155000	4616.307164430618
62	-48.94	-48.94	-50.0	-11.454201	17.655556	6.3161073	-69.051384	-11.455717	0.0	157500	4687.06109046936
63	-48.54	-48.54	-49.2	-11.520585	17.686234	6.3620567	-60.71832	-11.520283	0.0	160000	4760.674085617065
64	-48.66	-48.66	-47.7	-11.37373	17.550894	4.548971	-63.779366	-11.372507	0.1	162500	4831.983667135239
65	-48.5	-48.5	-48.3	-11.475874	17.513025	4.5576005	-62.073303	-11.474737	0.1	165000	4904.03097653389
66	-47.6	-47.6	-45.899998	-11.482251	17.498093	6.876803	-67.46932	-11.48199	0.1	167500	4974.653752088547
67	-48.34	-48.34	-40.0	-11.591222	17.527897	7.1168385	-62.879295	-11.592923	0.2	170000	5041.9629781246185
68	-48.76	-48.76	-50.0	-11.496875	17.420792	7.19608	-61.794792	-11.495851	0.0	172500	5112.813034772873
69	-49.02	-49.02	-48.8	-11.6427	17.552868	5.6335545	-61.47908	-11.642418	0.1	175000	5182.198422431946
70	-48.5	-48.5	-49.7	-11.605649	17.552336	5.1575713	-63.482018	-11.607893	0.0	177500	5252.998106718063
71	-49.68	-49.68	-48.1	-11.657515	17.581564	10.848418	-60.725983	-11.658884	0.0	180000	5322.779093980789
72	-48.28	-48.28	-47.3	-11.639338	17.52949	8.12672	-67.412994	-11.637793	0.0	182500	5392.330134153366
73	-48.02	-48.02	-45.5	-11.696968	17.54467	6.009797	-61.386723	-11.699031	0.1	185000	5463.845601797104
74	-49.34	-49.34	-47.2	-11.760574	17.589462	7.3045464	-62.810192	-11.760986	0.1	187500	5535.574497699738
75	-47.32	-47.32	-46.2	-11.787103	17.61679	5.498332	-71.113045	-11.788624	0.1	190000	5606.042043685913
76	-47.86	-47.86	-46.8	-11.757354	17.596315	7.2106943	-66.35494	-11.75908	0.1	192500	5674.938708782196
77	-48.78	-48.78	-49.3	-11.717861	17.539558	6.298815	-64.95992	-11.71872	0.0	195000	5745.295982599258
78	-48.08	-48.08	-49.1	-11.837375	17.58484	6.733346	-68.66567	-11.838351	0.0	197500	5816.180874824524
79	-48.4	-48.4	-43.899998	-11.829298	17.604994	7.6967506	-65.977844	-11.828165	0.1	200000	5885.188153743744
80	-49.12	-49.12	-47.8	-11.846742	17.603945	4.894785	-61.34746	-11.844856	0.0	202500	5957.217131853104
81	-48.36	-48.36	-46.3	-11.987067	17.71034	6.9537086	-66.36803	-11.989227	0.1	205000	6027.898765087128
82	-47.6	-47.6	-46.6	-11.960206	17.637976	7.178608	-65.70555	-11.962389	0.1	207500	6099.4016671180725
83	-48.82	-48.82	-47.1	-11.965853	17.583849	4.1756325	-70.57646	-11.965957	0.1	210000	6169.296799898148
84	-48.0	-48.0	-41.8	-11.949756	17.552607	4.781542	-62.419014	-11.951273	0.2	212500	6240.3952350616455
85	-47.86	-47.86	-44.100002	-11.847813	17.38944	10.082289	-61.31206	-11.845815	0.1	215000	6309.755371332169
86	-47.8	-47.8	-43.600002	-11.8011265	17.259218	7.4911666	-91.03871	-11.801914	0.1	217500	6378.856267213821
87	-49.38	-49.38	-45.2	-11.771845	17.160763	6.128906	-66.538864	-11.771881	0.1	220000	6449.45712518692
88	-47.18	-47.18	-46.5	-11.800136	17.11124	14.53568	-76.76308	-11.8026085	0.1	222500	6519.027202606201
89	-48.54	-48.54	-46.0	-11.839016	17.130775	6.05756	-64.95272	-11.841276	0.1	225000	6589.662170410156
90	-48.86	-48.86	-46.0	-11.944163	17.190828	10.102439	-66.15471	-11.947316	0.0	227500	6658.594902515411
91	-48.16	-48.16	-45.8	-12.014652	17.201237	6.680992	-69.27589	-12.014103	0.1	230000	6727.090176343918
92	-48.42	-48.42	-43.8	-12.1245165	17.273762	6.906688	-75.37164	-12.125118	0.1	232500	6797.76047539711
93	-48.06	-48.06	-46.6	-12.10801	17.238148	3.6169128	-59.699127	-12.108804	0.2	235000	6868.244248628616
94	-48.14	-48.14	-47.0	-12.118781	17.23187	7.2608194	-61.00001	-12.119835	0.0	237500	6939.286301851273
95	-49.02	-49.02	-47.9	-12.2522745	17.284214	6.4008026	-64.62346	-12.252531	0.0	240000	7008.919369935989
96	-47.02	-47.02	-47.1	-12.177564	17.19042	7.78266	-63.86224	-12.179765	0.0	242500	7080.298997163773
97	-48.84	-48.84	-44.600002	-12.163421	17.116934	26.590532	-61.501755	-12.164364	0.1	245000	7150.006699085236
98	-48.2	-48.2	-46.399998	-12.058494	16.97647	8.510311	-127.49809	-12.056701	0.0	247500	7219.0124135017395
99	-48.56	-48.56	-47.5	-11.977533	16.82553	5.531808	-64.41365	-11.977152	0.1	250000	7289.992168426514
100	-48.0	-48.0	-48.6	-12.082832	16.84253	5.741443	-70.147766	-12.0831	0.0	252500	7358.841137170792
101	-46.06	-46.06	-46.9	-11.944412	16.735668	36.853836	-59.749157	-11.946262	0.1	255000	7429.266131877899
102	-46.5	-46.5	-44.899998	-12.020332	16.748308	2.959931	-63.430546	-12.019452	0.1	257500	7500.640153884888
103	-48.0	-48.0	-49.2	-12.1662035	16.859531	4.1242104	-61.803745	-12.166858	0.0	260000	7570.690465688705
104	-47.6	-47.6	-47.0	-12.259082	16.936615	4.7434616	-64.63037	-12.259149	0.1	262500	7643.000210285187
105	-48.14	-48.14	-45.399998	-12.22787	16.891512	12.943948	-65.97089	-12.229113	0.2	265000	7713.963681221008
106	-48.68	-48.68	-42.399998	-12.342319	16.97133	4.885519	-67.135925	-12.343373	0.2	267500	7785.134987592697
107	-47.32	-47.32	-39.8	-12.465706	17.079554	3.6608384	-60.616932	-12.464472	0.3	270000	7855.6672468185425
108	-48.96	-48.96	-47.3	-12.462526	17.092695	7.6504154	-64.69341	-12.465281	0.0	272500	7927.851919174194
109	-48.44	-48.44	-45.899998	-12.598463	17.160686	14.757629	-65.78883	-12.595891	0.1	275000	7997.577029943466
110	-48.32	-48.32	-47.8	-12.630415	17.141294	6.0542803	-68.67081	-12.632728	0.0	277500	8065.664902925491
111	-47.64	-47.64	-42.8	-12.61658	17.140635	3.2850738	-66.98432	-12.6165285	0.1	280000	8136.867928504944
112	-47.84	-47.84	-39.3	-12.587456	17.121265	7.4657354	-63.773632	-12.5884075	0.3	282500	8207.220957994461
113	-48.92	-48.92	-44.5	-12.596608	17.102057	8.383734	-66.5952	-12.594702	0.1	285000	8279.467228889465
114	-47.7	-47.7	-45.399998	-12.600186	17.043783	13.125549	-65.571495	-12.599097	0.2	287500	8349.482078552246
115	-46.58	-46.58	-45.399998	-12.603205	17.018646	4.9395123	-61.20004	-12.604699	0.0	290000	8418.298587560654
116	-47.54	-47.54	-41.5	-12.574262	17.003595	20.694895	-65.34151	-12.575535	0.2	292500	8489.872787475586
117	-47.88	-47.88	-43.5	-12.657769	17.054798	9.884846	-68.46734	-12.657716	0.3	295000	8557.997574329376
118	-46.32	-46.32	-48.8	-12.563363	16.943815	6.513406	-62.575314	-12.563351	0.1	297500	8629.376319169998
119	-47.32	-47.32	-48.4	-12.639996	16.998743	3.41726	-65.389275	-12.638795	0.0	300000	8700.006345272064
120	-47.5	-47.5	-41.2	-12.642367	17.014965	9.245243	-63.03158	-12.641682	0.2	302500	8770.70545244217
121	-47.54	-47.54	-47.2	-12.65829	16.898825	14.2846	-75.31922	-12.658839	0.0	305000	8839.56056022644
122	-48.7	-48.7	-46.9	-12.662358	16.849318	6.6021175	-68.69814	-12.663599	0.2	307500	8908.534073591232
123	-45.58	-45.58	-44.2	-12.7501745	16.88908	12.504279	-61.67177	-12.749397	0.1	310000	8979.522476911545
124	-47.44	-47.44	-46.6	-12.766905	16.859442	11.661832	-64.1554	-12.765934	0.1	312500	9050.717152357101
125	-48.48	-48.48	-46.7	-12.724828	16.871853	10.00238	-69.276886	-12.724655	0.1	315000	9121.559121370316
126	-47.08	-47.08	-45.2	-12.864545	16.949883	6.857692	-61.555347	-12.867553	0.1	317500	9193.220406532288
127	-47.0	-47.0	-45.7	-12.848655	16.916466	9.309078	-60.56788	-12.844506	0.0	320000	9261.771438121796
128	-48.24	-48.24	-42.899998	-12.86304	16.972103	3.4352355	-66.67039	-12.865584	0.2	322500	9331.84679555893
129	-47.78	-47.78	-45.7	-12.974754	17.049494	8.384872	-62.69321	-12.975759	0.2	325000	9402.034277200699
130	-49.1	-49.1	-45.7	-13.059952	17.115538	7.5191593	-59.806625	-13.059355	0.1	327500	9474.75548362732
131	-48.82	-48.82	-44.600002	-13.099132	17.136572	12.109501	-66.94762	-13.097854	0.0	330000	9544.948923826218
132	-47.94	-47.94	-49.1	-13.082438	17.071222	12.898341	-61.262783	-13.083324	0.0	332500	9615.741025209427
133	-47.18	-47.18	-41.8	-13.14789	17.135649	4.765421	-67.66476	-13.147327	0.3	335000	9686.138408184052
134	-47.56	-47.56	-48.3	-13.224224	17.180807	6.891477	-67.00203	-13.223871	0.1	337500	9755.735525131226
135	-46.7	-46.7	-47.4	-13.231404	17.188696	19.845953	-62.983425	-13.232507	0.0	340000	9826.42375087738
136	-47.62	-47.62	-46.8	-13.280248	17.199915	5.9034863	-63.166798	-13.282175	0.3	342500	9896.011471033096
137	-47.98	-47.98	-47.9	-13.282775	17.177809	18.900742	-66.97457	-13.283104	0.1	345000	9967.378838539124
138	-47.8	-47.8	-45.3	-13.23108	17.124245	21.742037	-62.436012	-13.227964	0.1	347500	10036.769914388657
139	-46.18	-46.18	-49.5	-13.375612	17.229435	10.116772	-62.403088	-13.374469	0.0	350000	10105.1986784935
140	-48.12	-48.12	-47.9	-13.349782	17.203772	16.075378	-63.850273	-13.351959	0.1	352500	10177.03442287445
141	-46.28	-46.28	-43.7	-13.368984	17.248085	10.155393	-70.78494	-13.369908	0.1	355000	10246.942110776901
142	-47.88	-47.88	-48.3	-13.348795	17.221508	9.745438	-61.856644	-13.353153	0.0	357500	10315.926654815674
143	-47.16	-47.16	-46.0	-13.437116	17.263464	10.073828	-62.29681	-13.436197	0.1	360000	10383.939548492432
144	-47.14	-47.14	-47.0	-13.508265	17.310373	10.508894	-63.689857	-13.5085335	0.0	362500	10454.287930250168
145	-46.86	-46.86	-46.2	-13.562872	17.374973	8.3326235	-64.34217	-13.562017	0.2	365000	10525.850345611572
146	-48.12	-48.12	-42.2	-13.51463	17.316874	8.824699	-63.964046	-13.512967	0.2	367500	10595.227237939835
147	-47.94	-47.94	-46.8	-13.481316	17.298014	9.721437	-72.660484	-13.484175	0.1	370000	10667.026823759079
148	-47.98	-47.98	-46.399998	-13.500885	17.337234	6.704072	-65.50817	-13.500257	0.3	372500	10736.742031097412
149	-48.22	-48.22	-49.2	-13.489313	17.372602	9.871487	-73.64349	-13.488364	0.0	375000	10806.851583719254
150	-48.8	-48.8	-40.8	-13.483813	17.36003	9.592252	-74.52931	-13.483673	0.4	377500	10877.294655799866
151	-46.76	-46.76	-43.5	-13.523545	17.384706	7.9448357	-72.8485	-13.524548	0.1	380000	10948.257023572922
152	-47.82	-47.82	-45.5	-13.503282	17.35813	9.109753	-63.103035	-13.503383	0.1	382500	11018.944979429245
153	-48.6	-48.6	-41.899998	-13.511747	17.373201	8.755431	-66.275764	-13.508669	0.2	385000	11089.3499853611
154	-47.8	-47.8	-42.7	-13.487128	17.33948	18.904057	-67.62331	-13.485583	0.4	387500	11160.985694408417
155	-47.78	-47.78	-48.6	-13.658222	17.478094	11.192265	-63.028564	-13.656439	0.1	390000	11229.812841653824
156	-46.26	-46.26	-48.8	-13.512939	17.421232	11.605964	-64.84169	-13.510301	0.1	392500	11299.661066293716
157	-47.76	-47.76	-37.7	-13.539735	17.412788	4.5279474	-65.12118	-13.537783	0.3	395000	11370.130645990372
158	-48.5	-48.5	-49.6	-13.561495	17.44568	15.586996	-64.53393	-13.560524	0.0	397500	11438.893788337708
159	-48.86	-48.86	-41.399998	-13.622714	17.476088	12.775393	-76.30427	-13.6219015	0.2	400000	11510.2896566391
160	-44.6	-44.6	-42.399998	-13.539987	17.42061	4.6402	-61.88286	-13.540729	0.3	402500	11580.316114664078
161	-46.78	-46.78	-48.1	-13.543159	17.45974	15.281392	-64.87247	-13.539335	0.1	405000	11650.993303775787
162	-45.16	-45.16	-40.399998	-13.47533	17.421446	4.9517612	-64.23698	-13.474623	0.2	407500	11720.944327116013
163	-48.46	-48.46	-35.8	-13.575176	17.479279	12.286065	-64.71324	-13.574615	0.1	410000	11792.673630475998
164	-47.4	-47.4	-46.5	-13.512022	17.473087	12.765832	-63.2251	-13.513235	0.0	412500	11862.37501502037
165	-47.56	-47.56	-38.600002	-13.593948	17.49886	9.661694	-70.323265	-13.594929	0.5	415000	11932.074200630188
166	-48.18	-48.18	-41.5	-13.509219	17.46538	21.532198	-61.73678	-13.507412	0.3	417500	12003.478296279907
167	-46.76	-46.76	-39.7	-13.617233	17.551405	9.5056	-63.17207	-13.618043	0.3	420000	12074.22587299347
168	-47.72	-47.72	-38.0	-13.542724	17.481544	7.0497136	-68.85722	-13.544984	0.3	422500	12144.625831365585
169	-45.68	-45.68	-46.3	-13.665506	17.57636	11.881143	-66.20055	-13.666145	0.0	425000	12213.53086733818
170	-45.74	-45.74	-43.100002	-13.576868	17.53718	9.65344	-63.809685	-13.578757	0.2	427500	12284.256588697433
171	-46.84	-46.84	-41.600002	-13.582346	17.565151	16.914696	-75.17891	-13.5813875	0.2	430000	12354.903916835785
172	-46.66	-46.66	-48.0	-13.630089	17.61625	11.353843	-66.02979	-13.629392	0.0	432500	12424.511800527573
173	-46.12	-46.12	-46.100002	-13.517652	17.549997	4.067775	-64.30932	-13.520087	0.0	435000	12494.624115943909
174	-46.72	-46.72	-38.0	-13.616996	17.59384	8.911108	-61.652733	-13.617579	0.3	437500	12563.162870407104
175	-47.1	-47.1	-40.899998	-13.490953	17.503294	13.69086	-66.70931	-13.49123	0.3	440000	12634.694799900055
176	-48.62	-48.62	-43.3	-13.440655	17.452673	3.558948	-63.535465	-13.441353	0.1	442500	12702.66299366951
177	-48.64	-48.64	-42.2	-13.497193	17.483768	7.414719	-66.39383	-13.497603	0.4	445000	12771.579313516617
178	-46.64	-46.64	-42.899998	-13.526501	17.513275	20.685917	-67.73738	-13.527758	0.3	447500	12842.002139806747
179	-46.78	-46.78	-46.5	-13.5285015	17.513905	5.5258164	-70.70118	-13.52897	0.2	450000	12910.142921924591
180	-48.06	-48.06	-44.5	-13.484803	17.531351	9.23587	-62.81653	-13.484787	0.0	452500	12980.834609031677
181	-46.84	-46.84	-41.2	-13.531862	17.555561	6.069086	-63.88405	-13.531139	0.2	455000	13050.436258792877
182	-44.92	-44.92	-40.5	-13.507204	17.563812	6.9646654	-63.2553	-13.507321	0.3	457500	13121.610763788223
183	-46.38	-46.38	-41.2	-13.544141	17.601942	10.732454	-61.455982	-13.542096	0.2	460000	13191.433227777481
184	-46.34	-46.34	-46.100002	-13.43246	17.509195	10.280119	-69.59363	-13.432075	0.0	462500	13260.409889221191
185	-46.28	-46.28	-42.899998	-13.48037	17.547522	14.57432	-70.07163	-13.482959	0.1	465000	13331.609645605087
186	-47.96	-47.96	-45.600002	-13.457938	17.539305	8.141027	-62.37456	-13.458887	0.2	467500	13400.766097545624
187	-46.72	-46.72	-45.5	-13.484657	17.583876	5.6103725	-65.83574	-13.484377	0.0	470000	13472.989019870758
188	-46.6	-46.6	-43.0	-13.508839	17.602413	5.2113748	-65.464096	-13.5085335	0.2	472500	13543.279923439026
189	-46.78	-46.78	-38.899998	-13.590594	17.65864	10.495785	-67.14943	-13.590217	0.3	475000	13614.050874710083
190	-48.56	-48.56	-41.600002	-13.651186	17.693089	7.16574	-61.590004	-13.653427	0.3	477500	13683.151801109314
191	-47.18	-47.18	-45.399998	-13.682146	17.745485	14.120485	-64.79188	-13.680628	0.0	480000	13753.880354642868
192	-46.16	-46.16	-45.399998	-13.709734	17.778957	8.288446	-68.604935	-13.709244	0.1	482500	13825.49165058136
193	-49.14	-49.14	-49.2	-13.650261	17.69006	6.3760448	-71.179184	-13.64998	0.1	485000	13894.333805799484
194	-45.4	-45.4	-49.5	-13.599011	17.666456	5.143063	-63.24831	-13.599579	0.0	487500	13965.052265167236
195	-46.4	-46.4	-42.3	-13.574622	17.646708	6.403121	-60.7582	-13.574254	0.3	490000	14033.664461374283
196	-46.82	-46.82	-41.600002	-13.6061125	17.645203	5.64834	-60.844467	-13.605877	0.1	492500	14102.130647182465
197	-46.42	-46.42	-46.9	-13.637389	17.67878	8.609796	-69.92916	-13.639095	0.0	495000	14172.669877767563
198	-47.16	-47.16	-44.5	-13.660103	17.7183	4.425716	-67.93108	-13.658969	0.2	497500	14243.431705236435
199	-46.6	-46.6	-48.1	-13.575482	17.674055	5.3567386	-68.90317	-13.577828	0.1	500000	14315.07069015503
200	-46.28	-46.28	-48.4	-13.537022	17.677242	5.861347	-70.21082	-13.533732	0.1	502500	14385.338700294495
201	-43.9	-43.9	-40.600002	-13.512981	17.61611	9.212456	-60.762405	-13.511452	0.3	505000	14453.272302389145
202	-45.18	-45.18	-47.0	-13.45903	17.512102	6.588968	-69.38288	-13.458194	0.0	507500	14524.701489686966
203	-48.22	-48.22	-43.600002	-13.365368	17.429384	5.891085	-65.064255	-13.366119	0.3	510000	14594.201107025146
204	-47.28	-47.28	-42.8	-13.316112	17.318298	5.1009083	-70.33387	-13.316823	0.2	512500	14664.60299706459
205	-47.22	-47.22	-41.100002	-13.355709	17.324028	6.6869745	-63.691692	-13.35586	0.3	515000	14733.694792509079
206	-45.56	-45.56	-43.100002	-13.306503	17.356712	10.1657715	-62.6679	-13.306476	0.2	517500	14804.243762731552
207	-47.9	-47.9	-47.7	-13.364462	17.417404	5.9529166	-64.07083	-13.363045	0.2	520000	14874.049725294113
208	-46.82	-46.82	-45.600002	-13.444526	17.5438	5.273388	-66.61542	-13.443354	0.1	522500	14943.832439661026
209	-47.5	-47.5	-37.5	-13.4377575	17.530668	8.756727	-62.375587	-13.440013	0.4	525000	15014.672197818756
210	-45.86	-45.86	-38.399998	-13.442021	17.55827	6.1712666	-65.13584	-13.440449	0.4	527500	15084.589111089706
211	-45.82	-45.82	-46.7	-13.555227	17.665968	5.153834	-67.54708	-13.557151	0.0	530000	15155.83921790123
212	-46.6	-46.6	-38.600002	-13.53893	17.674953	6.294676	-70.049355	-13.539386	0.4	532500	15225.091536283493
213	-46.42	-46.42	-44.899998	-13.502699	17.60835	9.506361	-63.367695	-13.502635	0.0	535000	15295.599294424057
214	-43.52	-43.52	-48.0	-13.37075	17.53597	4.953646	-65.95888	-13.369412	0.1	537500	15366.526277542114
215	-47.52	-47.52	-46.2	-13.4599905	17.60635	10.530294	-85.81598	-13.460402	0.0	540000	15435.823967933655
216	-46.26	-46.26	-41.2	-13.479694	17.63139	19.53825	-70.07028	-13.478305	0.2	542500	15505.970652580261
217	-46.68	-46.68	-46.2	-13.419029	17.574778	9.696049	-71.79089	-13.418361	0.0	545000	15575.037193775177
218	-47.02	-47.02	-40.399998	-13.448122	17.616724	7.130323	-62.4233	-13.448563	0.4	547500	15646.414543867111
219	-45.72	-45.72	-45.7	-13.487684	17.67158	4.703245	-77.75397	-13.487024	0.2	550000	15715.1435110569
220	-46.86	-46.86	-44.899998	-13.497988	17.683426	4.406924	-63.305534	-13.496464	0.1	552500	15784.790891885757
221	-47.24	-47.24	-37.5	-13.497689	17.71025	4.8356614	-65.6569	-13.501723	0.2	555000	15857.147771596909
222	-46.86	-46.86	-46.5	-13.569792	17.786263	5.0265756	-69.87635	-13.570676	0.0	557500	15927.41351366043
223	-48.56	-48.56	-41.8	-13.546776	17.773119	3.5195718	-62.496483	-13.548384	0.2	560000	15998.348294496536
224	-48.1	-48.1	-41.899998	-13.5885935	17.809969	7.4354615	-69.1564	-13.589944	0.2	562500	16067.61438369751
225	-47.0	-47.0	-45.2	-13.529504	17.787477	6.989575	-62.55535	-13.530868	0.1	565000	16139.540125370026
226	-46.94	-46.94	-41.0	-13.511162	17.781912	6.6219115	-64.54984	-13.513363	0.3	567500	16210.005055189133
227	-46.7	-46.7	-44.5	-13.51193	17.791073	5.7140765	-61.364594	-13.513097	0.3	570000	16279.319127321243
228	-48.0	-48.0	-45.0	-13.523242	17.809067	5.850018	-63.421535	-13.526813	0.1	572500	16350.96487236023
229	-43.42	-43.42	-42.3	-13.596088	17.866154	15.081919	-84.79157	-13.593995	0.3	575000	16420.41623353958
230	-47.08	-47.08	-43.600002	-13.593853	17.868029	3.3154206	-67.97851	-13.594999	0.2	577500	16491.40700364113
231	-47.12	-47.12	-43.8	-13.591076	17.859062	5.9951167	-61.951878	-13.593804	0.2	580000	16559.003029823303
232	-47.78	-47.78	-37.399998	-13.520534	17.840113	4.48204	-69.264435	-13.519172	0.6	582500	16629.853333234787
233	-47.02	-47.02	-38.2	-13.584967	17.89711	5.0323873	-67.35844	-13.586755	0.4	585000	16701.529573202133
234	-47.56	-47.56	-42.2	-13.544364	17.838377	5.7293916	-64.50459	-13.546841	0.4	587500	16770.20176434517
235	-49.04	-49.04	-43.8	-13.552927	17.900118	7.6444516	-67.00766	-13.552317	0.1	590000	16841.87985920906
236	-47.12	-47.12	-47.0	-13.564308	17.916962	6.3041854	-61.81546	-13.563539	0.1	592500	16912.43398118019
237	-48.16	-48.16	-44.600002	-13.541514	17.896265	8.886064	-70.24084	-13.54005	0.3	595000	16983.622715473175
238	-46.4	-46.4	-46.9	-13.578133	17.94633	4.6378345	-67.02759	-13.576053	0.1	597500	17052.303977251053
239	-48.2	-48.2	-46.6	-13.637711	17.958567	7.0979767	-82.21199	-13.637592	0.0	600000	17121.87702012062
240	-43.86	-43.86	-45.8	-13.601578	17.953775	6.645139	-64.622795	-13.60292	0.2	602500	17191.83639883995
241	-47.04	-47.04	-45.899998	-13.570719	17.926128	7.681334	-67.58009	-13.570375	0.2	605000	17260.81665468216
242	-46.48	-46.48	-36.2	-13.569839	17.91733	5.359651	-73.847946	-13.570495	0.3	607500	17331.862590312958
243	-48.92	-48.92	-48.8	-13.588678	17.951292	5.1483827	-64.198685	-13.586978	0.0	610000	17402.878234386444
244	-45.98	-45.98	-36.7	-13.634878	17.985786	5.566479	-65.2539	-13.634819	0.4	612500	17473.007164478302
245	-47.3	-47.3	-45.2	-13.586633	17.928757	6.1995564	-80.76085	-13.58752	0.1	615000	17543.928122520447
246	-45.54	-45.54	-46.8	-13.640942	17.96741	8.671733	-67.196945	-13.6395445	0.1	617500	17611.897515296936
247	-45.54	-45.54	-43.399998	-13.613857	17.967201	4.135086	-60.89554	-13.613901	0.2	620000	17682.205978393555
248	-46.72	-46.72	-40.399998	-13.588844	17.941364	7.251941	-66.49131	-13.589058	0.2	622500	17752.01629590988
249	-47.58	-47.58	-42.3	-13.583075	17.944551	4.487234	-66.34919	-13.583189	0.3	625000	17822.076225042343
250	-46.18	-46.18	-42.3	-13.617446	17.992548	5.995046	-74.573814	-13.616755	0.0	627500	17890.84080696106
251	-46.66	-46.66	-43.3	-13.608551	17.978191	6.3675027	-62.755188	-13.609241	0.2	630000	17960.637099981308
252	-46.06	-46.06	-37.8	-13.586224	17.928108	1.5676231	-67.94759	-13.587366	0.5	632500	18032.845046281815
253	-44.86	-44.86	-42.600002	-13.6138735	17.99076	4.1512675	-60.111443	-13.615882	0.3	635000	18102.10136270523
254	-46.9	-46.9	-36.8	-13.546908	17.943998	4.62787	-71.19766	-13.548357	0.3	637500	18171.896151065826
255	-47.2	-47.2	-43.600002	-13.533818	17.916208	5.0390997	-73.175026	-13.533823	0.2	640000	18241.902962446213
256	-47.52	-47.52	-37.0	-13.534538	17.927961	6.1751337	-66.09481	-13.533363	0.3	642500	18312.473192691803
257	-46.34	-46.34	-44.899998	-13.544073	17.945978	9.224446	-61.042217	-13.54259	0.1	645000	18383.177528381348
258	-46.36	-46.36	-46.5	-13.508693	17.925552	7.5160875	-60.87343	-13.50888	0.1	647500	18453.927622795105
259	-47.98	-47.98	-45.3	-13.560341	17.983511	7.4444723	-61.032562	-13.558133	0.2	650000	18525.371992111206
260	-47.92	-47.92	-48.6	-13.5350685	17.981964	5.0633225	-70.92577	-13.536123	0.0	652500	18594.262322425842
261	-48.68	-48.68	-48.0	-13.564894	17.97901	7.3069086	-65.25615	-13.564548	0.1	655000	18664.388188123703
262	-47.24	-47.24	-43.8	-13.62494	18.006792	26.565887	-62.91118	-13.625368	0.3	657500	18733.365038633347
263	-47.1	-47.1	-43.100002	-13.508285	17.90382	14.548894	-63.95561	-13.508757	0.2	660000	18803.861629724503
264	-48.76	-48.76	-47.1	-13.550939	17.927675	6.3444076	-67.55772	-13.554777	0.1	662500	18873.576685905457
265	-46.12	-46.12	-47.1	-13.499892	17.884275	14.273506	-61.07391	-13.500336	0.1	665000	18943.574106931686
266	-47.64	-47.64	-43.5	-13.545476	17.891644	5.0757656	-72.09486	-13.544653	0.3	667500	19014.708953619003
267	-48.0	-48.0	-40.5	-13.512905	17.841309	7.761344	-69.10787	-13.513732	0.2	670000	19084.984473228455
268	-48.2	-48.2	-42.100002	-13.391674	17.75366	10.197929	-69.86728	-13.393367	0.2	672500	19155.883085489273
269	-45.9	-45.9	-41.8	-13.377626	17.767628	2.7480812	-62.13566	-13.3774805	0.1	675000	19226.32821559906
270	-47.32	-47.32	-39.899998	-13.382142	17.70436	7.564655	-60.686096	-13.380087	0.2	677500	19294.98212814331
271	-48.48	-48.48	-42.2	-13.312774	17.624706	7.656566	-60.094505	-13.313366	0.3	680000	19365.506679296494
272	-47.34	-47.34	-43.399998	-13.264147	17.615337	6.5672545	-63.103027	-13.263122	0.1	682500	19434.444217443466
273	-46.88	-46.88	-42.5	-13.361476	17.641422	8.45956	-61.239925	-13.362002	0.1	685000	19506.280430078506
274	-46.62	-46.62	-45.399998	-13.300521	17.624681	7.334597	-65.03234	-13.300688	0.0	687500	19577.279004335403
275	-46.78	-46.78	-38.100002	-13.236281	17.567453	5.1643004	-81.42206	-13.23724	0.4	690000	19649.161621570587
276	-47.28	-47.28	-44.399998	-13.300129	17.595974	8.04995	-85.37751	-13.302894	0.0	692500	19718.361219644547
277	-45.76	-45.76	-47.4	-13.321295	17.6218	7.499572	-68.29447	-13.3225	0.0	695000	19786.875190734863
278	-47.82	-47.82	-41.600002	-13.369617	17.68223	7.3278394	-75.0885	-13.370484	0.2	697500	19858.707023620605
279	-48.0	-48.0	-42.899998	-13.347039	17.678782	5.122155	-66.30026	-13.345892	0.3	700000	19929.33988213539
280	-46.04	-46.04	-49.1	-13.376527	17.686338	3.910839	-62.816	-13.375351	0.0	702500	19999.55894422531
281	-48.26	-48.26	-47.0	-13.351114	17.693464	6.256167	-68.773315	-13.351305	0.2	705000	20067.352921962738
282	-45.12	-45.12	-43.600002	-13.399576	17.708185	9.308315	-65.48879	-13.400799	0.1	707500	20137.334162950516
283	-46.12	-46.12	-46.7	-13.432404	17.717146	21.623451	-71.19648	-13.434798	0.1	710000	20207.414966583252
284	-46.0	-46.0	-40.5	-13.41096	17.670652	6.473667	-93.158554	-13.411296	0.2	712500	20275.680158138275
285	-45.92	-45.92	-44.2	-13.390267	17.645828	4.322572	-74.20616	-13.389943	0.1	715000	20346.807356357574
286	-47.5	-47.5	-46.6	-13.454368	17.669567	9.045797	-102.3942	-13.454417	0.1	717500	20415.302379369736
287	-46.64	-46.64	-45.600002	-13.431048	17.650814	8.025229	-62.519096	-13.431026	0.2	720000	20486.823869228363
288	-45.28	-45.28	-40.2	-13.422256	17.639511	14.083126	-69.46576	-13.421461	0.2	722500	20555.53280711174
289	-45.62	-45.62	-42.8	-13.519438	17.701082	7.9474125	-65.19401	-13.517108	0.3	725000	20624.104776144028
290	-46.26	-46.26	-38.3	-13.451918	17.637548	18.245281	-66.546524	-13.4495945	0.4	727500	20695.47640299797
291	-46.46	-46.46	-47.7	-13.432252	17.60822	4.7080493	-73.65254	-13.432033	0.0	730000	20764.50443291664
292	-45.76	-45.76	-43.7	-13.461663	17.611345	18.0016	-68.14937	-13.46081	0.1	732500	20835.76199221611
293	-46.16	-46.16	-47.4	-13.495302	17.633478	4.149419	-71.853325	-13.493455	0.1	735000	20905.782943964005
294	-45.24	-45.24	-41.399998	-13.51996	17.623196	4.300747	-62.82766	-13.518557	0.3	737500	20977.029122829437
295	-47.36	-47.36	-46.6	-13.398123	17.534454	4.3415837	-67.871994	-13.398913	0.1	740000	21047.512843847275
296	-48.18	-48.18	-36.5	-13.407328	17.534824	3.7819777	-62.643887	-13.407595	0.4	742500	21116.61519241333
297	-45.92	-45.92	-48.8	-13.394398	17.525694	4.2512107	-66.1123	-13.394256	0.1	745000	21186.322041988373
298	-46.44	-46.44	-47.8	-13.337816	17.503342	17.156929	-61.156075	-13.3369	0.0	747500	21256.04651260376
299	-47.02	-47.02	-43.8	-13.36698	17.520601	2.841555	-64.788025	-13.368074	0.2	750000	21324.14803171158
300	-45.12	-45.12	-39.399998	-13.426317	17.568192	4.536956	-67.93086	-13.427732	0.3	752500	21394.048958063126
301	-43.34	-43.34	-46.100002	-13.45336	17.574333	8.396222	-71.75638	-13.452899	0.1	755000	21465.166027784348
302	-45.92	-45.92	-43.3	-13.413423	17.581842	9.866016	-76.55426	-13.416686	0.3	757500	21535.841238975525
303	-46.5	-46.5	-42.7	-13.435956	17.57257	16.567762	-67.85858	-13.437394	0.2	760000	21605.533215761185
304	-47.58	-47.58	-41.899998	-13.463853	17.603815	5.865665	-68.54579	-13.465719	0.2	762500	21677.27925992012
305	-46.82	-46.82	-47.7	-13.542797	17.648596	3.2934842	-73.40662	-13.540759	0.1	765000	21746.687077999115
306	-46.42	-46.42	-45.0	-13.409977	17.555143	2.9219337	-64.10788	-13.407856	0.2	767500	21817.156141996384
307	-47.44	-47.44	-36.5	-13.463341	17.600151	12.897036	-78.68671	-13.461297	0.5	770000	21887.15349173546
308	-46.98	-46.98	-37.100002	-13.508921	17.643152	14.036659	-67.71856	-13.5117855	0.5	772500	21955.48523592949
309	-47.68	-47.68	-39.2	-13.532572	17.649958	3.2681866	-64.96975	-13.533369	0.3	775000	22026.165943145752
310	-46.66	-46.66	-36.399998	-13.479022	17.585857	8.760609	-73.22501	-13.4784975	0.4	777500	22095.94191122055
311	-44.88	-44.88	-42.8	-13.565716	17.63419	8.598353	-61.55872	-13.566187	0.1	780000	22167.4688038826
312	-46.3	-46.3	-40.3	-13.515694	17.614386	3.219799	-78.24793	-13.519103	0.3	782500	22236.512500286102
313	-48.46	-48.46	-46.2	-13.521779	17.617302	6.049017	-67.19636	-13.524211	0.2	785000	22307.622213602066
314	-44.16	-44.16	-49.0	-13.513435	17.604599	20.883259	-66.99047	-13.514599	0.1	787500	22375.426273822784
315	-46.08	-46.08	-40.0	-13.506553	17.582863	13.62657	-69.65539	-13.506361	0.2	790000	22446.579049110413
316	-44.86	-44.86	-42.5	-13.538827	17.626635	3.1753578	-69.80289	-13.537768	0.4	792500	22517.142231225967
317	-47.04	-47.04	-39.3	-13.603828	17.6369	2.8293028	-66.37646	-13.60428	0.4	795000	22588.103719472885
318	-46.26	-46.26	-43.5	-13.514661	17.614279	16.868605	-65.90687	-13.513193	0.2	797500	22658.922986745834
319	-45.74	-45.74	-37.3	-13.473648	17.555527	5.951276	-65.76319	-13.472689	0.4	800000	22728.435408115387
320	-44.82	-44.82	-37.399998	-13.541191	17.60398	13.551869	-87.56246	-13.542739	0.3	802500	22797.689794778824
321	-47.92	-47.92	-40.7	-13.563139	17.582403	27.26644	-60.994076	-13.563888	0.3	805000	22867.836612701416
322	-47.0	-47.0	-41.2	-13.469774	17.542603	19.619259	-67.419395	-13.471657	0.2	807500	22936.470183610916
323	-47.82	-47.82	-44.7	-13.5630665	17.605743	8.659009	-64.076225	-13.563389	0.2	810000	23007.311199903488
324	-46.16	-46.16	-38.600002	-13.602488	17.650066	5.78306	-68.33718	-13.603983	0.4	812500	23076.387503147125
325	-46.84	-46.84	-43.7	-13.449202	17.554306	4.3393364	-74.80377	-13.450949	0.3	815000	23147.62628054619
326	-45.26	-45.26	-40.8	-13.53806	17.589014	12.974899	-79.96062	-13.53606	0.5	817500	23217.82221841812
327	-45.56	-45.56	-40.399998	-13.526005	17.558208	18.946148	-67.98956	-13.52591	0.3	820000	23286.766135692596
328	-46.58	-46.58	-39.7	-13.512079	17.543015	6.375306	-67.622734	-13.512321	0.7	822500	23357.737418174744
329	-45.12	-45.12	-37.2	-13.483121	17.544846	13.202609	-67.21918	-13.484809	0.4	825000	23428.143906354904
330	-46.72	-46.72	-43.399998	-13.488854	17.546703	12.765421	-63.44218	-13.487603	0.2	827500	23497.66846179962
331	-47.56	-47.56	-42.600002	-13.501659	17.536028	4.498353	-69.53305	-13.503759	0.2	830000	23565.537628650665
332	-47.42	-47.42	-43.7	-13.556527	17.565144	4.5167046	-94.19834	-13.554778	0.2	832500	23636.34120774269
333	-46.86	-46.86	-45.399998	-13.467709	17.507954	9.277427	-66.29331	-13.467316	0.1	835000	23706.17539191246
334	-46.24	-46.24	-40.8	-13.544037	17.550371	8.326663	-84.16315	-13.544079	0.2	837500	23775.684176921844
335	-45.88	-45.88	-42.7	-13.542386	17.577631	7.0492496	-74.71341	-13.542421	0.3	840000	23844.594651937485
336	-45.7	-45.7	-42.100002	-13.563161	17.583395	10.142532	-64.8829	-13.563727	0.3	842500	23913.662717580795
337	-47.04	-47.04	-45.600002	-13.605185	17.590048	9.455602	-78.815506	-13.605586	0.2	845000	23986.810992717743
338	-46.66	-46.66	-36.3	-13.557209	17.561958	6.897028	-63.07632	-13.560038	0.5	847500	24056.218491077423
339	-44.86	-44.86	-40.2	-13.557529	17.558064	4.641981	-68.98972	-13.557943	0.1	850000	24127.604013442993
340	-45.7	-45.7	-41.0	-13.559734	17.549353	11.555109	-64.7424	-13.559967	0.5	852500	24197.610954761505
341	-45.52	-45.52	-39.5	-13.523613	17.526358	3.721404	-66.01178	-13.521974	0.3	855000	24266.90260386467
342	-43.72	-43.72	-42.899998	-13.512516	17.514845	5.1401777	-66.034485	-13.510239	0.2	857500	24337.675931215286
343	-46.28	-46.28	-40.100002	-13.515972	17.467537	6.7499657	-75.95193	-13.515862	0.4	860000	24405.632712364197
344	-47.6	-47.6	-46.7	-13.553613	17.460482	5.9301167	-69.76101	-13.552083	0.0	862500	24477.91552376747
345	-46.5	-46.5	-44.0	-13.613889	17.523405	3.535411	-68.7171	-13.6145	0.0	865000	24545.55279660225
346	-47.52	-47.52	-44.7	-13.704177	17.589254	24.184017	-67.52583	-13.703711	0.0	867500	24615.507907390594
347	-46.34	-46.34	-46.100002	-13.676051	17.598122	4.3485336	-72.99218	-13.677115	0.1	870000	24685.83114361763
348	-45.66	-45.66	-38.100002	-13.56069	17.546364	5.774869	-72.602844	-13.56132	0.3	872500	24755.245850801468
349	-47.18	-47.18	-46.399998	-13.625717	17.562126	4.7130947	-72.155716	-13.627698	0.1	875000	24826.509512901306
350	-45.26	-45.26	-44.600002	-13.565855	17.523739	12.049513	-78.79679	-13.568514	0.2	877500	24894.590146780014
351	-44.92	-44.92	-37.899998	-13.657592	17.602467	10.2532	-65.49571	-13.655504	0.3	880000	24965.04836678505
352	-46.94	-46.94	-43.5	-13.635413	17.616777	4.686825	-77.5256	-13.634377	0.1	882500	25035.672241449356
353	-44.0	-44.0	-42.600002	-13.665614	17.599518	4.4823465	-72.228226	-13.663946	0.2	885000	25105.59201645851
354	-45.84	-45.84	-45.600002	-13.624378	17.5787	9.227771	-69.66567	-13.625096	0.1	887500	25176.691170215607
355	-45.16	-45.16	-44.2	-13.6080885	17.576187	5.9260054	-74.01616	-13.608219	0.1	890000	25246.701629400253
356	-47.42	-47.42	-38.3	-13.651488	17.588379	4.744109	-68.6737	-13.652603	0.2	892500	25318.495022296906
357	-45.98	-45.98	-43.8	-13.618651	17.572042	4.662363	-72.171	-13.618235	0.2	895000	25388.881818294525
358	-46.66	-46.66	-43.5	-13.664565	17.572586	8.573844	-73.092255	-13.664454	0.1	897500	25458.11267375946
359	-47.14	-47.14	-40.2	-13.723226	17.599506	6.63708	-64.39471	-13.722434	0.2	900000	25530.278879404068
360	-44.5	-44.5	-41.3	-13.729214	17.59903	6.878317	-76.06478	-13.73195	0.1	902500	25599.811608076096
361	-47.62	-47.62	-37.600002	-13.709035	17.631498	7.376481	-70.27565	-13.708254	0.4	905000	25668.674558877945
362	-45.02	-45.02	-40.2	-13.64791	17.603046	4.6783667	-71.1873	-13.651231	0.2	907500	25738.295189857483
363	-46.14	-46.14	-36.399998	-13.62353	17.577745	6.6865444	-74.43822	-13.6216135	0.2	910000	25810.653593301773
364	-47.94	-47.94	-43.5	-13.655195	17.590178	14.4239645	-66.338684	-13.655466	0.1	912500	25880.545662879944
365	-44.76	-44.76	-35.5	-13.64361	17.59547	7.0431824	-66.79413	-13.641327	0.3	915000	25949.74020433426
366	-46.66	-46.66	-40.399998	-13.737372	17.626156	4.8554344	-68.8074	-13.737764	0.4	917500	26019.03160905838
367	-45.2	-45.2	-42.7	-13.730181	17.629639	5.9369593	-73.8344	-13.730379	0.2	920000	26087.90360379219
368	-46.9	-46.9	-39.399998	-13.764356	17.64094	8.117757	-71.48635	-13.7646265	0.2	922500	26158.841282606125
369	-45.1	-45.1	-39.7	-13.694247	17.6003	3.5696554	-75.72104	-13.694178	0.3	925000	26228.01574587822
370	-45.32	-45.32	-45.7	-13.685219	17.612934	6.281296	-66.882706	-13.686344	0.1	927500	26298.033108472824
371	-43.1	-43.1	-41.5	-13.682138	17.584627	6.001237	-64.85515	-13.680827	0.2	930000	26367.732875823975
372	-47.54	-47.54	-44.0	-13.680935	17.571167	4.43993	-75.05437	-13.681759	0.1	932500	26438.568698883057
373	-47.08	-47.08	-34.2	-13.633445	17.573357	7.092763	-69.83333	-13.634191	0.5	935000	26507.09199976921
374	-46.68	-46.68	-44.8	-13.713298	17.611605	5.5687494	-61.93256	-13.712072	0.2	937500	26574.862644910812
375	-45.42	-45.42	-36.8	-13.729252	17.668251	4.3018665	-61.891666	-13.729791	0.3	940000	26645.67898440361
376	-46.82	-46.82	-39.100002	-13.737653	17.648264	20.53107	-67.09558	-13.738716	0.2	942500	26714.666229963303
377	-46.88	-46.88	-43.8	-13.74179	17.649593	7.564801	-63.23075	-13.74231	0.1	945000	26783.637167453766
378	-46.66	-46.66	-49.3	-13.683953	17.601488	6.5278873	-68.770004	-13.684133	0.0	947500	26852.932851076126
379	-46.92	-46.92	-40.8	-13.70972	17.581593	6.6785507	-86.63358	-13.707974	0.2	950000	26922.907714128494
380	-47.14	-47.14	-42.3	-13.6696615	17.618788	5.679446	-65.24153	-13.6694565	0.1	952500	26993.84608078003
381	-47.88	-47.88	-42.899998	-13.552686	17.526812	11.402653	-70.15685	-13.555105	0.2	955000	27061.590078353882
382	-45.94	-45.94	-39.0	-13.598614	17.549099	8.896725	-71.51487	-13.598684	0.4	957500	27132.12067604065
383	-45.16	-45.16	-39.100002	-13.610165	17.554775	4.513672	-70.179054	-13.609601	0.3	960000	27201.02366042137
384	-43.86	-43.86	-44.5	-13.608838	17.574324	3.210165	-69.45937	-13.609122	0.2	962500	27268.445996284485
385	-46.56	-46.56	-42.0	-13.648227	17.603758	7.761286	-77.42709	-13.646671	0.2	965000	27338.274414777756
386	-47.24	-47.24	-35.899998	-13.724875	17.650639	8.765575	-70.80962	-13.722449	0.4	967500	27407.332505702972
387	-46.42	-46.42	-45.399998	-13.740973	17.672796	4.0586777	-72.50137	-13.741219	0.1	970000	27476.536786079407
388	-45.66	-45.66	-43.5	-13.72973	17.638937	8.7323675	-77.31559	-13.729184	0.2	972500	27546.796353816986
389	-45.24	-45.24	-39.5	-13.7383	17.631374	4.348591	-74.93758	-13.737766	0.3	975000	27617.995292186737
390	-47.42	-47.42	-45.600002	-13.762066	17.660933	4.7981987	-66.02271	-13.763359	0.1	977500	27687.182181835175
391	-45.46	-45.46	-36.3	-13.761807	17.689053	12.215571	-66.660805	-13.762863	0.3	980000	27754.781306505203
392	-45.62	-45.62	-41.5	-13.7007475	17.622602	4.8735666	-67.18533	-13.702564	0.1	982500	27824.023458003998
393	-45.34	-45.34	-43.899998	-13.7241745	17.658049	4.784171	-70.891014	-13.725393	0.2	985000	27892.10961008072
394	-46.0	-46.0	-45.100002	-13.675031	17.605595	11.085109	-69.497894	-13.6758	0.3	987500	27963.51971912384
395	-45.16	-45.16	-47.2	-13.695035	17.580666	6.6717787	-76.02561	-13.693448	0.0	990000	28032.961626052856
396	-46.44	-46.44	-39.7	-13.677142	17.612572	4.1562777	-77.3778	-13.680062	0.3	992500	28101.202567577362
397	-45.24	-45.24	-41.399998	-13.740979	17.713623	25.079193	-79.75525	-13.740388	0.2	995000	28172.54963326454
398	-47.48	-47.48	-38.899998	-13.705456	17.665594	7.344738	-84.96945	-13.703993	0.4	997500	28244.362327575684
399	-47.7	-47.7	-42.2	-13.6725855	17.627138	5.1690607	-66.516396	-13.673253	0.4	1000000	28316.939615011215
400	-45.98	-45.98	-45.100002	-13.729019	17.667112	4.5188713	-73.7072	-13.72603	0.1	1002500	28387.865284204483
401	-47.14	-47.14	-43.399998	-13.700413	17.648275	5.0089865	-66.901634	-13.699013	0.1	1005000	28459.44127726555
402	-47.28	-47.28	-40.3	-13.733078	17.707409	2.6426897	-72.86902	-13.732281	0.1	1007500	28528.94597387314
403	-46.12	-46.12	-41.2	-13.804888	17.739985	5.249839	-67.465126	-13.802319	0.2	1010000	28600.144125699997
404	-44.92	-44.92	-44.399998	-13.761923	17.724928	15.657842	-71.41334	-13.762281	0.1	1012500	28671.087898015976
405	-45.46	-45.46	-38.100002	-13.6929865	17.685547	7.2079687	-70.27229	-13.693029	0.4	1015000	28741.413369178772
406	-45.7	-45.7	-38.600002	-13.70903	17.70142	8.759945	-70.43081	-13.710009	0.4	1017500	28812.79229283333
407	-46.36	-46.36	-38.3	-13.7291	17.69412	8.420134	-71.30513	-13.727544	0.4	1020000	28884.166538476944
408	-45.92	-45.92	-45.100002	-13.721646	17.718914	11.171385	-74.33974	-13.723428	0.2	1022500	28954.88897871971
409	-44.74	-44.74	-38.2	-13.68108	17.700304	5.913292	-67.37204	-13.679986	0.4	1025000	29027.45028567314
410	-46.6	-46.6	-36.8	-13.743992	17.759302	6.1276894	-66.60533	-13.741514	0.3	1027500	29098.033920526505
411	-46.18	-46.18	-40.399998	-13.7260895	17.744814	17.354675	-68.977066	-13.726837	0.2	1030000	29170.084599494934
412	-46.02	-46.02	-45.3	-13.777595	17.745829	7.3327246	-69.28859	-13.77566	0.1	1032500	29242.073348999023
413	-44.86	-44.86	-39.0	-13.771044	17.763037	9.604027	-63.683537	-13.77062	0.2	1035000	29315.18186187744
414	-44.96	-44.96	-33.399998	-13.800412	17.77435	5.6852837	-77.470436	-13.799406	0.6	1037500	29387.332268476486
415	-46.34	-46.34	-45.600002	-13.735001	17.736408	11.705192	-67.01183	-13.734575	0.1	1040000	29458.17892575264
416	-46.48	-46.48	-37.3	-13.765328	17.767023	7.277032	-67.75308	-13.7658	0.4	1042500	29526.591324806213
417	-46.9	-46.9	-41.2	-13.705735	17.745382	5.118984	-66.52213	-13.704353	0.2	1045000	29598.4363489151
418	-45.66	-45.66	-44.399998	-13.768269	17.79578	11.439877	-66.58189	-13.766314	0.2	1047500	29667.072665691376
419	-45.24	-45.24	-36.8	-13.692985	17.74143	9.557004	-66.58934	-13.693997	0.3	1050000	29738.83468055725
420	-45.18	-45.18	-39.8	-13.725293	17.758419	9.741969	-87.03973	-13.724732	0.4	1052500	29809.47699046135
421	-46.76	-46.76	-38.600002	-13.712652	17.753101	12.243812	-66.9874	-13.713246	0.2	1055000	29877.80951142311
422	-46.62	-46.62	-43.3	-13.7847805	17.817236	4.991458	-71.79555	-13.785448	0.2	1057500	29947.549510717392
423	-46.66	-46.66	-42.899998	-13.699336	17.784185	6.900461	-64.656876	-13.699333	0.1	1060000	30019.382732391357
424	-45.62	-45.62	-40.0	-13.716077	17.798998	9.854712	-64.0374	-13.718419	0.5	1062500	30091.860214710236
425	-44.54	-44.54	-44.5	-13.71566	17.795355	5.9700413	-69.14225	-13.71786	0.1	1065000	30163.55975651741
426	-46.6	-46.6	-37.600002	-13.791695	17.840067	4.7245636	-63.735077	-13.792311	0.3	1067500	30236.10035634041
427	-47.0	-47.0	-40.600002	-13.768604	17.848732	7.555663	-71.94894	-13.768117	0.3	1070000	30308.568873167038
428	-45.38	-45.38	-41.399998	-13.665488	17.796667	5.922881	-63.655796	-13.6675625	0.4	1072500	30380.734081745148
429	-47.06	-47.06	-35.7	-13.665729	17.795492	3.3984928	-65.26501	-13.665173	0.6	1075000	30451.701390028
430	-46.6	-46.6	-41.399998	-13.798252	17.87723	7.325947	-66.5901	-13.794399	0.3	1077500	30520.871839284897
431	-46.58	-46.58	-40.899998	-13.697603	17.820824	3.338129	-67.931366	-13.698733	0.3	1080000	30589.647110939026
432	-46.36	-46.36	-46.0	-13.707549	17.827023	6.5545063	-76.52182	-13.707504	0.0	1082500	30661.302976608276
433	-44.8	-44.8	-40.5	-13.772961	17.900478	8.245629	-64.14483	-13.771168	0.2	1085000	30732.41592645645
434	-46.48	-46.48	-44.0	-13.744592	17.88767	11.114198	-66.23006	-13.745636	0.0	1087500	30803.00069308281
435	-46.58	-46.58	-35.7	-13.726885	17.86989	7.015318	-68.52057	-13.727014	0.4	1090000	30877.01527118683
436	-45.34	-45.34	-42.5	-13.753064	17.887136	19.762894	-73.90718	-13.753471	0.3	1092500	30948.55587697029
437	-46.1	-46.1	-42.600002	-13.685731	17.829544	4.981229	-77.20758	-13.6848135	0.2	1095000	31019.95939350128
438	-47.38	-47.38	-44.0	-13.723385	17.874565	5.156069	-65.47442	-13.722892	0.2	1097500	31089.353353500366
439	-45.42	-45.42	-35.399998	-13.713536	17.875732	4.7060423	-65.74276	-13.713936	0.5	1100000	31157.865912914276
440	-47.0	-47.0	-42.0	-13.679048	17.844845	6.060336	-62.47859	-13.679719	0.3	1102500	31227.369129896164
441	-46.12	-46.12	-43.8	-13.74251	17.84434	5.22653	-65.81032	-13.741561	0.1	1105000	31298.04633116722
442	-45.52	-45.52	-38.600002	-13.759836	17.888973	4.616048	-66.64888	-13.761434	0.3	1107500	31368.74193429947
443	-45.98	-45.98	-38.399998	-13.783178	17.940115	10.847046	-71.257774	-13.78409	0.4	1110000	31436.635630369186
444	-42.78	-42.78	-41.2	-13.800129	17.946575	4.4671173	-67.14916	-13.79839	0.3	1112500	31505.61185193062
445	-44.62	-44.62	-34.3	-13.801836	17.942358	4.64112	-64.20002	-13.803164	0.5	1115000	31575.3585832119
446	-46.94	-46.94	-41.5	-13.800278	17.90996	8.630115	-64.83658	-13.79814	0.2	1117500	31643.2892472744
447	-45.6	-45.6	-42.0	-13.763545	17.889187	10.251299	-74.68751	-13.764705	0.2	1120000	31712.237024068832
448	-45.92	-45.92	-31.5	-13.876291	17.936947	11.126904	-70.00105	-13.876891	0.4	1122500	31778.850916147232
449	-45.28	-45.28	-42.3	-13.823714	17.975868	6.9019384	-63.791454	-13.821851	0.2	1125000	31846.02061676979
450	-46.12	-46.12	-45.399998	-13.824209	17.97986	10.266384	-67.13333	-13.821531	0.0	1127500	31912.378532886505
451	-45.68	-45.68	-41.399998	-13.783357	17.926079	10.977981	-63.63264	-13.783267	0.3	1130000	31978.647602796555
452	-44.22	-44.22	-40.3	-13.782818	17.923513	15.794706	-65.60877	-13.781845	0.4	1132500	32047.386629343033
453	-46.22	-46.22	-37.8	-13.847013	17.947037	4.8548203	-65.66672	-13.84659	0.5	1135000	32114.712445020676
454	-45.72	-45.72	-43.8	-13.82311	17.98816	13.0238695	-65.112366	-13.824157	0.2	1137500	32180.305565595627
455	-45.32	-45.32	-39.5	-13.807087	17.973959	4.652606	-67.85258	-13.808244	0.1	1140000	32248.266042470932
456	-46.28	-46.28	-44.899998	-13.658561	17.87153	9.571096	-63.66471	-13.658685	0.1	1142500	32314.009335279465
457	-45.16	-45.16	-40.3	-13.655343	17.87255	8.255609	-73.79216	-13.656402	0.4	1145000	32380.90189385414
458	-46.96	-46.96	-41.0	-13.693849	17.899363	7.8741207	-69.30096	-13.695913	0.3	1147500	32448.377999305725
459	-45.84	-45.84	-35.7	-13.751606	17.883514	10.309094	-68.7215	-13.752504	0.5	1150000	32514.62120771408
460	-43.98	-43.98	-46.2	-13.693338	17.845984	6.5627766	-70.99184	-13.695329	0.1	1152500	32582.137023448944
461	-46.64	-46.64	-38.7	-13.703663	17.857702	5.15318	-65.049614	-13.702231	0.2	1155000	32649.460813999176
462	-45.98	-45.98	-42.5	-13.733925	17.906174	5.84426	-66.37337	-13.736193	0.3	1157500	32717.298654794693
463	-47.02	-47.02	-36.399998	-13.685232	17.872902	9.118255	-64.095474	-13.684577	0.5	1160000	32783.54111647606
464	-46.06	-46.06	-40.600002	-13.732034	17.901136	6.3165827	-72.250374	-13.730541	0.3	1162500	32850.236902713776
465	-44.62	-44.62	-42.899998	-13.676413	17.838978	6.1044273	-62.327095	-13.677919	0.2	1165000	32917.07902884483
466	-44.94	-44.94	-43.5	-13.667391	17.816797	3.3976498	-67.36486	-13.667099	0.1	1167500	32982.329226017
467	-47.08	-47.08	-35.399998	-13.6438265	17.791653	16.20248	-68.36739	-13.645137	0.3	1170000	33049.61397051811
468	-45.56	-45.56	-42.8	-13.692166	17.839134	5.2802353	-82.80696	-13.692138	0.2	1172500	33116.463364601135
469	-44.72	-44.72	-43.399998	-13.68864	17.8511	5.381423	-64.866806	-13.6895685	0.2	1175000	33182.471251010895
470	-45.22	-45.22	-39.8	-13.650465	17.83087	9.680819	-72.06888	-13.653689	0.4	1177500	33249.477509737015
471	-45.56	-45.56	-40.2	-13.76129	17.913567	9.7026615	-69.61947	-13.759249	0.2	1180000	33315.06068634987
472	-46.56	-46.56	-43.0	-13.720193	17.913912	10.155604	-68.30013	-13.720293	0.3	1182500	33382.058445453644
473	-45.36	-45.36	-41.100002	-13.684148	17.898989	17.653542	-62.429657	-13.682045	0.1	1185000	33447.891318798065
474	-44.72	-44.72	-42.7	-13.767614	17.922169	7.6556454	-67.07126	-13.766514	0.3	1187500	33515.04361367226
475	-45.66	-45.66	-38.8	-13.715949	17.866497	6.055236	-64.75254	-13.717341	0.4	1190000	33582.22750329971
476	-45.9	-45.9	-45.899998	-13.7213125	17.884834	9.715198	-67.69322	-13.720301	0.1	1192500	33648.918232917786
477	-45.06	-45.06	-36.2	-13.718975	17.882025	5.224121	-65.845436	-13.717752	0.3	1195000	33716.566457509995
478	-44.98	-44.98	-46.2	-13.726571	17.894972	4.878522	-62.131645	-13.727952	0.1	1197500	33782.6188826561
479	-46.76	-46.76	-45.5	-13.697458	17.878458	5.6213083	-71.745346	-13.69923	0.1	1200000	33845.856097221375
480	-45.22	-45.22	-47.0	-13.776726	17.91865	4.910367	-72.31382	-13.774798	0.3	1202500	33909.07645821571
481	-45.48	-45.48	-38.5	-13.815756	17.910725	5.31923	-75.68051	-13.815955	0.4	1205000	33971.49091506004
482	-43.84	-43.84	-42.899998	-13.697129	17.804134	5.256078	-69.3536	-13.696318	0.2	1207500	34035.85997748375
483	-45.28	-45.28	-39.399998	-13.582478	17.679115	3.5089483	-66.08543	-13.581192	0.2	1210000	34099.29409837723
484	-44.1	-44.1	-39.3	-13.541975	17.630081	3.4210968	-64.0686	-13.545582	0.1	1212500	34162.44272661209
485	-45.5	-45.5	-38.899998	-13.598999	17.671844	4.7320976	-62.603683	-13.598145	0.3	1215000	34228.00770640373
486	-46.62	-46.62	-45.600002	-13.548599	17.663494	5.3374357	-63.3999	-13.552135	0.2	1217500	34292.04348254204
487	-46.78	-46.78	-36.600002	-13.6314335	17.731812	3.149953	-69.89258	-13.631556	0.4	1220000	34358.37015414238
488	-45.82	-45.82	-41.0	-13.645418	17.775436	7.7892284	-66.199524	-13.644282	0.4	1222500	34420.220655441284
489	-43.64	-43.64	-45.600002	-13.671488	17.809502	5.271702	-66.485016	-13.671674	0.1	1225000	34476.80960416794
490	-46.32	-46.32	-44.100002	-13.733864	17.874456	4.7341185	-83.638275	-13.736853	0.1	1227500	34534.320601940155
491	-44.0	-44.0	-41.0	-13.69033	17.833952	5.506915	-73.82997	-13.688972	0.1	1230000	34590.226122140884
492	-45.98	-45.98	-45.899998	-13.697468	17.859995	7.872155	-69.61555	-13.695986	0.1	1232500	34646.88945412636
493	-45.96	-45.96	-39.7	-13.738247	17.875553	3.6355476	-77.919205	-13.74123	0.3	1235000	34704.89112019539
494	-45.76	-45.76	-35.399998	-13.804454	17.935276	3.508957	-65.4242	-13.806796	0.5	1237500	34761.3388838768
495	-45.38	-45.38	-45.899998	-13.752889	17.884367	4.7042093	-77.39234	-13.755481	0.0	1240000	34817.70310378075
496	-46.34	-46.34	-39.5	-13.796387	17.910986	4.353778	-67.156265	-13.797507	0.3	1242500	34874.63129234314
497	-46.92	-46.92	-44.0	-13.895847	17.998705	5.8733597	-62.8263	-13.896405	0.3	1245000	34930.14771103859
498	-43.46	-43.46	-36.7	-13.71298	17.861967	11.069827	-74.77794	-13.712409	0.4	1247500	34985.99892091751
499	-47.0	-47.0	-44.399998	-13.755273	17.923988	3.9735146	-70.72262	-13.755108	0.1	1250000	35040.32116961479
