Epoch	EpRet	EpRealRet	TestEpRet	AverageQ1	StdQ1	MaxQ1	MinQ1	Q2	TestSuccess	TotalEnvInteracts	TotalTime
0	-50.0	-50.0	-50.0	-1.2954018	1.8183532	1.3546695	-13.108635	-1.2955629	0.0	2500	30.191098928451538
1	-47.0	-47.0	-40.0	-2.9480884	5.0889034	7.139158	-137.18777	-2.9478989	0.2	5000	64.77772521972656
2	-47.0	-47.0	-45.0	-3.562043	6.564988	0.5750803	-49.004875	-3.5619178	0.1	7500	99.38138675689697
3	-46.0	-46.0	-45.0	-4.326808	8.4678955	0.9514474	-44.60694	-4.3265934	0.1	10000	133.0351836681366
4	-48.94	-48.94	-50.0	-5.0900826	10.101777	1.6508273	-46.427982	-5.0901327	0.0	12500	166.99551153182983
5	-45.04	-45.04	-45.0	-5.758063	11.598898	4.118184	-66.8299	-5.7583346	0.1	15000	201.13083028793335
6	-45.62	-45.62	-45.0	-6.3834014	12.878583	3.9727414	-56.52384	-6.383598	0.1	17500	235.57072472572327
7	-46.06	-46.06	-45.0	-6.842307	13.960281	1.3877348	-54.398643	-6.8425913	0.1	20000	270.23211789131165
8	-47.0	-47.0	-40.0	-7.19485	14.788953	1.9350169	-55.32904	-7.1950274	0.2	22500	304.882404088974
9	-48.04	-48.04	-50.0	-7.5603857	15.54517	1.5402194	-60.51974	-7.560626	0.0	25000	340.9716520309448
10	-47.0	-47.0	-41.399998	-7.915645	16.196314	2.0524788	-56.343945	-7.915733	0.1	27500	377.34096026420593
11	-48.56	-48.56	-45.0	-8.147143	16.72248	2.325054	-60.91607	-8.147256	0.1	30000	414.205757856369
12	-49.0	-49.0	-45.0	-8.441802	17.226788	2.3267682	-61.1503	-8.441797	0.1	32500	450.43545150756836
13	-44.96	-44.96	-50.0	-8.56822	17.489874	1.945548	-58.19506	-8.568238	0.0	35000	487.73712277412415
14	-46.0	-46.0	-45.0	-8.597812	17.645224	2.4392166	-57.23825	-8.597911	0.1	37500	525.463704586029
15	-46.9	-46.9	-50.0	-8.739425	17.859102	3.1602228	-57.013084	-8.739296	0.0	40000	562.5808374881744
16	-48.0	-48.0	-45.0	-8.842636	18.031048	1.6086782	-59.687252	-8.842796	0.1	42500	600.4732902050018
17	-43.8	-43.8	-50.0	-8.893414	18.147491	6.018825	-59.8417	-8.893386	0.0	45000	637.7566123008728
18	-48.0	-48.0	-45.0	-8.990832	18.278362	3.7201781	-58.382187	-8.990602	0.1	47500	674.6427450180054
19	-48.0	-48.0	-46.399998	-9.032137	18.370058	4.3218274	-58.94718	-9.031792	0.1	50000	712.3037176132202
20	-47.0	-47.0	-45.0	-9.138419	18.482515	3.086315	-60.95269	-9.138391	0.1	52500	750.3529517650604
21	-50.0	-50.0	-50.0	-9.140697	18.501501	2.9791234	-60.737827	-9.140592	0.0	55000	788.0730972290039
22	-48.94	-48.94	-50.0	-9.21749	18.597626	2.418436	-58.554108	-9.217471	0.0	57500	825.8685176372528
23	-47.0	-47.0	-50.0	-9.178294	18.603971	2.697201	-57.779804	-9.17831	0.0	60000	862.5853922367096
24	-47.0	-47.0	-45.0	-9.204048	18.63688	2.2325885	-59.453945	-9.204025	0.1	62500	899.2013645172119
25	-48.0	-48.0	-45.0	-9.2192955	18.66452	2.8056307	-56.821297	-9.2191305	0.1	65000	937.0250165462494
26	-44.0	-44.0	-50.0	-9.243958	18.700459	3.2513099	-61.217438	-9.243839	0.0	67500	974.8539199829102
27	-46.04	-46.04	-45.0	-9.195757	18.682697	2.5128875	-62.081776	-9.195836	0.1	70000	1011.8697514533997
28	-45.96	-45.96	-45.0	-9.252798	18.738638	3.7163236	-58.680508	-9.252707	0.1	72500	1049.2805316448212
29	-48.0	-48.0	-45.0	-9.320539	18.816502	2.195025	-57.60465	-9.320675	0.1	75000	1086.0954239368439
30	-47.72	-47.72	-45.0	-9.300364	18.820623	4.9714794	-59.938602	-9.300611	0.1	77500	1123.9498586654663
31	-47.0	-47.0	-45.0	-9.290284	18.829506	6.292383	-61.317158	-9.290434	0.1	80000	1161.265174150467
32	-44.0	-44.0	-50.0	-9.289091	18.845526	3.0449972	-57.56724	-9.289248	0.0	82500	1198.5721933841705
33	-44.0	-44.0	-47.6	-9.259543	18.81305	3.1135843	-57.743465	-9.259221	0.1	85000	1234.9440455436707
34	-47.0	-47.0	-45.0	-9.34958	18.8763	5.154749	-60.88134	-9.349633	0.1	87500	1272.0976886749268
35	-45.62	-45.62	-40.0	-9.340988	18.86709	3.8952384	-57.962223	-9.340907	0.2	90000	1309.3030216693878
36	-48.9	-48.9	-45.0	-9.32928	18.851664	3.1847053	-58.5891	-9.329336	0.1	92500	1345.6260097026825
37	-48.0	-48.0	-40.0	-9.311209	18.82267	4.104261	-61.72441	-9.311396	0.2	95000	1384.0027582645416
38	-46.0	-46.0	-49.0	-9.37345	18.84821	2.3976665	-58.26205	-9.373476	0.0	97500	1421.7958402633667
39	-46.08	-46.08	-45.0	-9.313639	18.786972	5.430085	-57.931053	-9.313744	0.1	100000	1458.9082627296448
40	-47.06	-47.06	-40.0	-9.328898	18.776487	3.4413023	-57.6467	-9.328869	0.2	102500	1496.1731293201447
41	-47.9	-47.9	-40.0	-9.353317	18.767157	3.7760732	-69.201546	-9.353318	0.2	105000	1533.446985244751
42	-47.0	-47.0	-35.0	-9.358161	18.76293	4.9815526	-57.24454	-9.358406	0.3	107500	1569.926573753357
43	-46.86	-46.86	-40.0	-9.3973675	18.796917	8.7866	-56.949924	-9.397456	0.2	110000	1607.3655552864075
44	-46.06	-46.06	-50.0	-9.430553	18.82109	4.404002	-57.569675	-9.430631	0.0	112500	1644.4524619579315
45	-49.0	-49.0	-45.0	-9.400271	18.786695	4.3550305	-62.64781	-9.4002695	0.1	115000	1681.6201853752136
46	-46.46	-46.46	-50.0	-9.456326	18.834356	3.3760102	-60.359234	-9.456309	0.0	117500	1718.2641966342926
47	-47.0	-47.0	-45.0	-9.451465	18.812069	5.59447	-58.378387	-9.451484	0.1	120000	1754.2880702018738
48	-48.0	-48.0	-50.0	-9.415177	18.774656	3.7270455	-67.5205	-9.41494	0.0	122500	1791.1471552848816
49	-43.72	-43.72	-40.0	-9.411649	18.775023	4.310906	-59.770134	-9.411883	0.2	125000	1828.4780242443085
50	-47.2	-47.2	-45.0	-9.468442	18.818727	3.8691144	-64.80179	-9.4686165	0.1	127500	1866.080726146698
51	-44.94	-44.94	-45.0	-9.47326	18.800674	4.9824357	-60.194473	-9.472941	0.1	130000	1903.2539882659912
52	-44.8	-44.8	-45.0	-9.448366	18.77665	3.9045439	-58.933506	-9.448525	0.1	132500	1939.9959602355957
53	-43.36	-43.36	-45.0	-9.391473	18.731663	2.90266	-58.28623	-9.391652	0.1	135000	1977.2373015880585
54	-46.0	-46.0	-50.0	-9.392121	18.716248	3.2497156	-57.90427	-9.392171	0.0	137500	2013.7146100997925
55	-48.5	-48.5	-45.0	-9.404362	18.725073	5.3359957	-58.933918	-9.404511	0.1	140000	2051.4163987636566
56	-47.68	-47.68	-50.0	-9.387099	18.684017	3.7136798	-58.30434	-9.387589	0.0	142500	2087.4935557842255
57	-46.24	-46.24	-50.0	-9.41401	18.714115	3.3872771	-58.746155	-9.414442	0.0	145000	2124.6147656440735
58	-47.44	-47.44	-45.0	-9.405903	18.702272	4.20947	-56.090626	-9.406209	0.1	147500	2160.9361095428467
59	-46.16	-46.16	-50.0	-9.448215	18.708395	4.236705	-56.960632	-9.448468	0.0	150000	2198.014158964157
60	-47.94	-47.94	-50.0	-9.370148	18.631842	4.2176003	-60.573376	-9.370145	0.0	152500	2235.1613898277283
61	-47.34	-47.34	-39.8	-9.376195	18.606443	4.1325703	-58.05843	-9.376552	0.2	155000	2272.638226747513
62	-46.0	-46.0	-50.0	-9.336503	18.546661	2.924224	-57.446384	-9.336391	0.0	157500	2309.851686000824
63	-47.92	-47.92	-40.0	-9.422762	18.604952	3.9642828	-57.081596	-9.423034	0.2	160000	2347.8576312065125
64	-47.14	-47.14	-49.7	-9.34404	18.542915	3.6267488	-60.769978	-9.3441725	0.0	162500	2385.350084066391
65	-47.1	-47.1	-50.0	-9.388902	18.527546	3.8007526	-57.760395	-9.388952	0.0	165000	2422.1074244976044
66	-42.22	-42.22	-50.0	-9.381037	18.481956	3.1756198	-64.50813	-9.380858	0.0	167500	2459.6037106513977
67	-47.74	-47.74	-49.9	-9.3812685	18.456865	4.1469936	-59.299072	-9.381166	0.0	170000	2496.822279691696
68	-46.76	-46.76	-44.600002	-9.30371	18.345285	3.1878788	-57.18227	-9.303703	0.1	172500	2533.6555230617523
69	-46.0	-46.0	-50.0	-9.3071995	18.303288	2.9795518	-60.604446	-9.307574	0.0	175000	2570.303242444992
70	-48.3	-48.3	-39.8	-9.254688	18.242935	5.3025665	-59.531124	-9.255175	0.2	177500	2606.5356862545013
71	-43.7	-43.7	-42.399998	-9.25342	18.203535	4.367384	-59.916363	-9.253906	0.2	180000	2644.129984855652
72	-46.3	-46.3	-45.0	-9.162762	18.07486	3.720104	-61.19108	-9.163409	0.1	182500	2680.5512912273407
73	-48.82	-48.82	-50.0	-9.161162	18.003763	6.2676077	-60.11877	-9.161578	0.0	185000	2718.099227666855
74	-44.6	-44.6	-46.0	-9.173747	17.972197	5.448924	-58.34811	-9.174191	0.1	187500	2755.3933198451996
75	-49.56	-49.56	-50.0	-9.105232	17.87069	6.832336	-57.995018	-9.1057825	0.0	190000	2792.826042175293
76	-45.54	-45.54	-49.7	-9.021171	17.776869	9.16988	-59.283146	-9.021585	0.0	192500	2829.59294962883
77	-48.02	-48.02	-50.0	-9.026394	17.727654	6.0503993	-61.547512	-9.027315	0.0	195000	2867.1501462459564
78	-48.66	-48.66	-45.0	-9.031314	17.638294	4.870476	-58.921185	-9.031453	0.1	197500	2905.155469894409
79	-43.04	-43.04	-49.0	-8.993262	17.558403	2.7835555	-59.608467	-8.993344	0.0	200000	2942.2910871505737
80	-47.12	-47.12	-40.0	-8.970707	17.523228	2.1919918	-59.385944	-8.970748	0.2	202500	2978.7296934127808
81	-43.98	-43.98	-44.7	-8.972116	17.518854	5.8810315	-59.450954	-8.972733	0.1	205000	3014.9398839473724
82	-47.9	-47.9	-47.8	-8.976797	17.49143	9.775737	-60.575314	-8.9775505	0.1	207500	3051.7853655815125
83	-49.22	-49.22	-45.0	-8.991443	17.440712	2.8641138	-59.625572	-8.991811	0.1	210000	3089.05929851532
84	-47.7	-47.7	-49.8	-8.953253	17.389824	2.3999934	-59.52838	-8.953311	0.0	212500	3125.5121836662292
85	-46.7	-46.7	-40.2	-8.955182	17.397577	7.0413814	-59.4263	-8.95595	0.2	215000	3163.1628398895264
86	-44.56	-44.56	-44.5	-9.001152	17.436691	7.03249	-59.036274	-9.001462	0.1	217500	3200.89324593544
87	-47.04	-47.04	-50.0	-8.993874	17.416391	2.6790605	-59.050266	-8.994621	0.0	220000	3237.4670219421387
88	-42.24	-42.24	-50.0	-8.97082	17.37226	7.476877	-59.12613	-8.97103	0.0	222500	3275.1278603076935
89	-48.3	-48.3	-50.0	-8.995329	17.3492	6.635182	-64.28815	-8.995409	0.0	225000	3312.1718537807465
90	-45.5	-45.5	-40.0	-9.032891	17.364264	6.108904	-62.092625	-9.032699	0.2	227500	3349.0469608306885
91	-47.2	-47.2	-45.7	-9.025258	17.344385	2.8196063	-66.684715	-9.025484	0.1	230000	3386.636317253113
92	-44.0	-44.0	-45.2	-9.002651	17.315376	2.8269224	-61.680958	-9.003101	0.1	232500	3423.777906894684
93	-45.6	-45.6	-38.5	-8.94756	17.212458	7.5272217	-58.62333	-8.947493	0.3	235000	3461.0935196876526
94	-47.26	-47.26	-45.0	-8.981036	17.191093	3.5949087	-60.476574	-8.981167	0.1	237500	3497.6654980182648
95	-46.04	-46.04	-40.399998	-9.005542	17.1892	3.4666924	-61.925053	-9.004918	0.2	240000	3534.7737119197845
96	-45.54	-45.54	-47.1	-8.971768	17.138714	4.7037454	-59.51978	-8.971778	0.1	242500	3571.533536195755
97	-43.08	-43.08	-47.9	-9.0181875	17.132145	6.0623302	-60.23278	-9.018398	0.1	245000	3608.3936727046967
98	-44.9	-44.9	-43.399998	-8.9556465	17.003962	2.4384568	-61.223274	-8.955602	0.1	247500	3644.73664021492
99	-44.48	-44.48	-41.399998	-8.961484	16.943687	3.7045722	-61.165462	-8.961637	0.1	250000	3681.074517726898
100	-45.22	-45.22	-43.8	-8.936888	16.837109	3.0687237	-60.82046	-8.937026	0.1	252500	3718.1941196918488
101	-45.64	-45.64	-49.8	-8.852123	16.704784	3.5949461	-59.399326	-8.852033	0.0	255000	3755.049819469452
102	-47.0	-47.0	-39.600002	-8.767587	16.518108	2.8782997	-59.734825	-8.767423	0.4	257500	3792.3194122314453
103	-41.82	-41.82	-49.4	-8.775014	16.434484	4.5332313	-63.40661	-8.77486	0.0	260000	3829.3379714488983
104	-41.9	-41.9	-40.7	-8.762855	16.354511	3.486652	-59.539978	-8.762946	0.1	262500	3866.053589105606
105	-42.14	-42.14	-39.399998	-8.682757	16.175089	2.9682093	-59.100376	-8.682132	0.3	265000	3903.196709871292
106	-39.46	-39.46	-36.100002	-8.566415	15.955204	4.843905	-65.79018	-8.565793	0.4	267500	3940.251629590988
107	-42.32	-42.32	-44.0	-8.5443735	15.812916	3.9384594	-60.53238	-8.544412	0.2	270000	3976.943547964096
108	-41.72	-41.72	-40.899998	-8.539924	15.7342415	3.490777	-59.353535	-8.540173	0.3	272500	4013.3841257095337
109	-44.58	-44.58	-41.899998	-8.516433	15.607744	4.3522625	-59.126205	-8.5149975	0.2	275000	4050.1782565116882
110	-41.5	-41.5	-35.8	-8.459592	15.44154	4.11988	-59.45745	-8.4587145	0.3	277500	4087.5662536621094
111	-44.72	-44.72	-40.0	-8.389878	15.283431	4.3888373	-59.67749	-8.390406	0.3	280000	4124.297836780548
112	-44.56	-44.56	-46.8	-8.423254	15.271788	3.7026348	-60.288338	-8.422745	0.1	282500	4161.378151893616
113	-44.64	-44.64	-41.2	-8.394439	15.148125	5.749846	-59.465103	-8.394089	0.2	285000	4198.657546043396
114	-41.38	-41.38	-45.100002	-8.397586	15.088287	3.8755836	-62.141724	-8.397294	0.1	287500	4236.115407466888
115	-38.64	-38.64	-39.399998	-8.367639	14.970047	3.0464263	-60.5127	-8.367827	0.3	290000	4274.200949668884
116	-40.12	-40.12	-43.5	-8.279539	14.771575	5.0463104	-60.979164	-8.279671	0.2	292500	4310.729928731918
117	-41.06	-41.06	-39.3	-8.23273	14.634709	4.0535707	-59.423035	-8.232066	0.3	295000	4348.291947603226
118	-45.16	-45.16	-40.5	-8.177497	14.483365	6.899305	-59.184307	-8.177164	0.2	297500	4384.665531873703
119	-39.74	-39.74	-45.8	-8.132057	14.371642	4.4789367	-59.43013	-8.131662	0.1	300000	4421.303335905075
120	-40.94	-40.94	-38.7	-8.131964	14.256248	4.7415466	-58.351974	-8.131232	0.1	302500	4458.55486536026
121	-39.82	-39.82	-44.3	-8.1829195	14.197321	5.0331993	-60.112938	-8.183151	0.3	305000	4495.747493982315
122	-42.44	-42.44	-33.3	-8.157868	14.098307	4.672902	-61.62059	-8.157455	0.4	307500	4532.172111272812
123	-39.8	-39.8	-39.600002	-8.1674185	14.010528	5.3557544	-59.960587	-8.1672125	0.3	310000	4568.28945851326
124	-44.1	-44.1	-34.600002	-8.18528	13.990393	4.630107	-60.792572	-8.184815	0.4	312500	4605.176737070084
125	-41.86	-41.86	-44.8	-8.084039	13.780171	5.603985	-61.32345	-8.0837	0.1	315000	4642.537150144577
126	-40.5	-40.5	-32.0	-8.108484	13.71164	7.6888366	-64.172554	-8.109364	0.4	317500	4679.350107908249
127	-35.16	-35.16	-36.3	-8.110505	13.614948	5.7549706	-61.740856	-8.11088	0.3	320000	4716.051256656647
128	-39.24	-39.24	-24.9	-8.056288	13.457594	4.532253	-62.903767	-8.05629	0.6	322500	4752.478018522263
129	-39.08	-39.08	-38.100002	-8.012198	13.3436575	5.8390493	-59.602596	-8.011597	0.3	325000	4788.913455963135
130	-40.6	-40.6	-32.399998	-7.9407506	13.168704	5.6471944	-59.77689	-7.940309	0.5	327500	4825.1980011463165
131	-37.72	-37.72	-28.7	-7.925335	13.030571	4.783051	-71.92346	-7.925745	0.6	330000	4862.011597394943
132	-37.14	-37.14	-34.3	-7.8480067	12.818219	4.6210566	-59.324383	-7.84835	0.4	332500	4899.749910831451
133	-40.34	-40.34	-33.3	-7.8111935	12.734391	5.2152367	-60.414303	-7.812272	0.4	335000	4936.147777080536
134	-39.48	-39.48	-34.3	-7.857983	12.661278	8.937101	-61.649925	-7.858831	0.4	337500	4973.849047422409
135	-37.56	-37.56	-35.3	-7.8287745	12.53425	6.7268214	-62.334892	-7.8292966	0.5	340000	5011.0516357421875
136	-35.34	-35.34	-36.7	-7.84108	12.452454	6.1116114	-62.92886	-7.84222	0.4	342500	5048.466699123383
137	-38.74	-38.74	-30.2	-7.819027	12.326068	5.466139	-61.340206	-7.8201885	0.6	345000	5084.93004822731
138	-34.3	-34.3	-24.4	-7.765668	12.222283	7.2394323	-62.421146	-7.7660728	0.7	347500	5121.812610387802
139	-35.4	-35.4	-40.3	-7.8043003	12.179297	7.3822756	-63.14161	-7.8038983	0.2	350000	5158.122772216797
140	-34.64	-34.64	-36.2	-7.725862	11.962207	5.9284563	-62.443977	-7.727473	0.4	352500	5195.316045999527
141	-34.84	-34.84	-35.399998	-7.628337	11.772599	7.0961847	-60.926514	-7.63023	0.4	355000	5233.0739142894745
142	-33.14	-33.14	-28.4	-7.5872383	11.644412	5.6505804	-59.364067	-7.5861497	0.6	357500	5269.818705797195
143	-32.82	-32.82	-24.1	-7.6071525	11.573306	4.325598	-62.803024	-7.6078033	0.7	360000	5307.198701381683
144	-35.04	-35.04	-39.3	-7.584822	11.438724	4.376063	-62.94642	-7.5845113	0.3	362500	5345.058670043945
145	-36.46	-36.46	-38.8	-7.61619	11.412184	5.478799	-63.420067	-7.6165338	0.2	365000	5381.93040895462
146	-30.12	-30.12	-28.8	-7.561304	11.308838	5.9443207	-64.548035	-7.56246	0.6	367500	5419.761787414551
147	-36.88	-36.88	-27.4	-7.5407104	11.195503	4.546171	-59.81223	-7.5417824	0.8	370000	5456.9489114284515
148	-35.6	-35.6	-28.8	-7.520143	11.126856	4.5245934	-64.42036	-7.5206485	0.7	372500	5493.579600572586
149	-36.46	-36.46	-27.8	-7.553566	11.11048	8.321842	-64.47547	-7.554188	0.6	375000	5530.188095569611
150	-37.32	-37.32	-26.9	-7.586857	11.083754	6.7411327	-62.05626	-7.587833	0.6	377500	5566.898677825928
151	-34.2	-34.2	-30.3	-7.587351	11.003305	8.219122	-60.405346	-7.5878973	0.5	380000	5603.565403223038
152	-31.36	-31.36	-21.4	-7.5186024	10.835952	8.320373	-62.300026	-7.5192485	0.8	382500	5638.767581701279
153	-33.0	-33.0	-32.3	-7.579746	10.833838	6.537829	-65.709724	-7.5809436	0.5	385000	5675.876983642578
154	-27.58	-27.58	-22.9	-7.4944215	10.733312	8.824036	-62.3598	-7.495731	0.9	387500	5713.385999679565
155	-30.66	-30.66	-26.5	-7.409568	10.595234	6.586186	-61.147724	-7.4095244	0.7	390000	5751.033713102341
156	-33.6	-33.6	-32.600002	-7.2652407	10.375915	5.5236926	-58.46895	-7.2646275	0.5	392500	5786.430698871613
157	-33.82	-33.82	-40.0	-7.2058597	10.185151	5.3212194	-60.975327	-7.205363	0.3	395000	5823.115379571915
158	-32.42	-32.42	-32.0	-7.2218037	10.138644	10.408708	-62.266758	-7.2222967	0.7	397500	5858.9793474674225
159	-29.74	-29.74	-32.7	-7.176409	10.017771	5.4971685	-62.257656	-7.1768446	0.5	400000	5895.460285425186
160	-34.06	-34.06	-24.3	-7.1435847	9.967214	6.420534	-59.72988	-7.1440563	0.6	402500	5931.247800827026
161	-32.46	-32.46	-23.5	-7.170657	9.94122	20.424883	-62.559807	-7.1715198	0.8	405000	5968.245377540588
162	-34.16	-34.16	-21.300001	-7.1663933	9.878805	10.335921	-61.972015	-7.166918	0.8	407500	6004.990755558014
163	-27.32	-27.32	-22.800001	-7.1182966	9.771693	5.312065	-60.73623	-7.117862	0.9	410000	6041.737531661987
164	-30.92	-30.92	-36.0	-7.1039114	9.747465	5.4195104	-63.30587	-7.105339	0.5	412500	6078.672029256821
165	-29.1	-29.1	-30.6	-7.1081967	9.733594	8.163546	-66.489204	-7.1081495	0.8	415000	6115.777222394943
166	-27.6	-27.6	-26.3	-7.0380235	9.628822	13.234009	-58.58798	-7.0378447	0.6	417500	6153.2116940021515
167	-30.74	-30.74	-25.9	-7.057088	9.618167	6.2086606	-60.644726	-7.0579724	0.6	420000	6187.060165882111
168	-30.8	-30.8	-20.0	-7.0359325	9.530452	5.4561567	-60.03539	-7.0350266	0.9	422500	6224.200935840607
169	-32.7	-32.7	-25.4	-7.0575714	9.512563	5.1019487	-67.56036	-7.05795	0.8	425000	6260.969526052475
170	-29.22	-29.22	-25.4	-7.047087	9.475734	8.336256	-61.410828	-7.0461173	0.9	427500	6297.927822351456
171	-28.22	-28.22	-21.699999	-7.0553365	9.412319	7.8763833	-61.168507	-7.05549	0.8	430000	6335.802790641785
172	-30.22	-30.22	-28.9	-7.024178	9.359131	5.468545	-62.12402	-7.0238943	0.7	432500	6372.598888158798
173	-31.1	-31.1	-18.800001	-7.026712	9.295059	4.481274	-69.75728	-7.027182	1.0	435000	6409.190818309784
174	-28.04	-28.04	-25.3	-7.0317307	9.276764	5.6274347	-66.731804	-7.0325093	0.6	437500	6446.208824634552
175	-30.36	-30.36	-24.9	-6.9659247	9.192754	5.3990116	-62.984432	-6.9658117	0.8	440000	6482.509370565414
176	-29.66	-29.66	-22.1	-6.929081	9.092263	8.682161	-60.436626	-6.9292693	0.8	442500	6519.603214502335
177	-26.56	-26.56	-22.4	-6.910461	9.051067	4.1520834	-61.171753	-6.910872	0.7	445000	6556.552514791489
178	-32.52	-32.52	-20.300001	-6.9095197	9.010073	4.276303	-71.17307	-6.9097795	0.8	447500	6592.884674310684
179	-31.04	-31.04	-30.6	-6.8428574	8.89958	4.43935	-88.20466	-6.842823	0.6	450000	6628.434555053711
180	-29.9	-29.9	-22.4	-6.8228574	8.833939	5.3749237	-60.55414	-6.8240423	0.8	452500	6664.626990318298
181	-27.04	-27.04	-12.9	-6.8399725	8.825982	9.754551	-75.135826	-6.839979	0.9	455000	6703.408863544464
182	-27.8	-27.8	-13.0	-6.7337875	8.6740465	6.1130204	-69.44957	-6.7344756	1.0	457500	6740.8435707092285
183	-29.76	-29.76	-20.300001	-6.7104764	8.656447	14.19922	-65.768875	-6.710731	0.8	460000	6778.283728837967
184	-28.9	-28.9	-21.1	-6.69452	8.594834	13.478215	-75.72258	-6.6939783	0.9	462500	6814.968347072601
185	-25.18	-25.18	-9.7	-6.6484237	8.539932	5.4384837	-110.52299	-6.6484394	0.9	465000	6849.8183624744415
186	-29.2	-29.2	-16.9	-6.6446033	8.491558	10.637421	-62.26139	-6.645932	1.0	467500	6885.921397686005
187	-28.96	-28.96	-27.0	-6.589267	8.450142	14.842821	-67.77239	-6.588934	0.9	470000	6922.270984172821
188	-25.6	-25.6	-20.0	-6.543376	8.3913355	30.271332	-64.72606	-6.543141	0.8	472500	6958.846704006195
189	-24.48	-24.48	-22.699999	-6.484938	8.308434	13.416003	-69.6927	-6.48553	0.8	475000	6995.344762563705
190	-27.96	-27.96	-29.0	-6.5468574	8.374249	8.566382	-64.500725	-6.546873	0.6	477500	7031.677632570267
191	-27.98	-27.98	-24.4	-6.536577	8.343221	6.307295	-64.2605	-6.5362487	0.7	480000	7068.874940395355
192	-22.92	-22.92	-21.199999	-6.515219	8.319793	6.6071963	-64.6353	-6.5150175	1.0	482500	7105.709327220917
193	-24.7	-24.7	-18.300001	-6.437887	8.222002	4.717306	-58.707275	-6.437411	1.0	485000	7142.576155424118
194	-27.0	-27.0	-20.800001	-6.374606	8.130055	6.1567965	-65.50078	-6.3745522	0.9	487500	7180.063185930252
195	-23.16	-23.16	-24.6	-6.361412	8.129296	5.5244293	-63.638443	-6.3608108	0.9	490000	7216.845796823502
196	-25.04	-25.04	-20.9	-6.278688	8.027165	9.697498	-73.950516	-6.2787266	0.6	492500	7254.322051525116
197	-26.82	-26.82	-15.6	-6.2433743	7.9656224	9.959236	-62.420788	-6.2430406	0.9	495000	7290.522914171219
198	-26.08	-26.08	-18.9	-6.2268114	7.944742	4.9372854	-70.44983	-6.226562	1.0	497500	7326.687911272049
199	-22.36	-22.36	-25.3	-6.2170677	7.9155674	5.6176405	-62.449043	-6.2164283	0.7	500000	7362.922605037689
200	-26.16	-26.16	-16.5	-6.1415462	7.8109183	11.848091	-67.766945	-6.141938	0.9	502500	7399.068283081055
201	-28.8	-28.8	-24.9	-6.085057	7.7249675	9.01234	-64.49993	-6.084673	0.7	505000	7435.665084600449
202	-23.9	-23.9	-15.4	-6.1126175	7.7614098	4.64946	-70.32222	-6.1127725	1.0	507500	7472.262266159058
203	-22.92	-22.92	-14.4	-6.0302644	7.69655	6.475443	-79.288994	-6.0294037	0.9	510000	7508.200122117996
204	-26.48	-26.48	-25.6	-5.9747543	7.6354084	9.716288	-81.13299	-5.974691	0.9	512500	7544.143899440765
205	-25.16	-25.16	-16.6	-5.9486384	7.6054626	9.609073	-78.061874	-5.9480777	0.9	515000	7580.6231553554535
206	-21.56	-21.56	-19.6	-5.941179	7.578413	8.954309	-62.28826	-5.9415007	0.9	517500	7616.618984460831
207	-21.36	-21.36	-31.2	-5.8903346	7.474557	4.294693	-90.5206	-5.889956	0.7	520000	7653.4979701042175
208	-23.32	-23.32	-13.8	-5.845602	7.433201	8.672867	-65.77253	-5.846027	1.0	522500	7690.019729137421
209	-22.16	-22.16	-15.5	-5.8366566	7.44695	5.020549	-67.61291	-5.836473	0.9	525000	7727.303512334824
210	-24.12	-24.12	-13.5	-5.8004274	7.402092	11.953246	-65.41588	-5.7998605	1.0	527500	7764.392366170883
211	-24.96	-24.96	-21.300001	-5.7860923	7.3809357	14.096322	-69.4334	-5.786226	0.8	530000	7801.428236961365
212	-22.72	-22.72	-14.5	-5.717849	7.323475	7.733536	-61.691357	-5.718089	0.9	532500	7838.0890583992
213	-23.74	-23.74	-12.5	-5.68073	7.2749276	8.531112	-64.9152	-5.6798477	1.0	535000	7874.58708190918
214	-24.96	-24.96	-16.4	-5.62193	7.218858	5.7451077	-61.203114	-5.621476	0.9	537500	7911.165832519531
215	-22.96	-22.96	-13.6	-5.58561	7.190049	20.614159	-63.819504	-5.585204	0.9	540000	7948.744545698166
216	-23.66	-23.66	-12.7	-5.5634604	7.170878	6.063887	-60.14536	-5.5631294	1.0	542500	7986.6613073349
217	-21.52	-21.52	-21.1	-5.5567126	7.1674185	6.112056	-71.804	-5.556915	0.8	545000	8023.150028467178
218	-23.12	-23.12	-17.4	-5.5167003	7.1809754	8.647636	-66.98644	-5.515932	0.8	547500	8059.132940530777
219	-25.52	-25.52	-20.5	-5.4646215	7.1540675	10.914612	-77.2557	-5.464559	0.9	550000	8095.391630887985
220	-23.52	-23.52	-17.800001	-5.4650927	7.130251	8.254935	-69.26101	-5.4649115	0.9	552500	8131.923856973648
221	-23.4	-23.4	-17.9	-5.4290643	7.1126556	4.6533756	-71.70502	-5.4287567	0.9	555000	8169.54505777359
222	-22.7	-22.7	-16.5	-5.3780622	7.0938516	16.044752	-68.01638	-5.378163	1.0	557500	8206.619980573654
223	-20.86	-20.86	-15.1	-5.3149056	7.01783	17.700865	-62.188187	-5.3150454	1.0	560000	8243.29555606842
224	-24.36	-24.36	-22.300001	-5.2914076	6.9911284	16.691486	-74.4331	-5.2909226	0.8	562500	8280.821140050888
225	-24.02	-24.02	-18.0	-5.2639446	6.9556804	3.140509	-65.918076	-5.2636995	0.9	565000	8317.189678668976
226	-22.98	-22.98	-11.400001	-5.199939	6.9151273	6.728876	-75.811295	-5.200259	1.0	567500	8354.041788339615
227	-24.04	-24.04	-26.8	-5.148735	6.875287	5.403632	-58.385292	-5.14905	0.8	570000	8390.448249578476
228	-24.14	-24.14	-15.0	-5.144287	6.8792505	14.166035	-64.55814	-5.1434565	1.0	572500	8427.096365213394
229	-21.82	-21.82	-14.0	-5.116616	6.848545	7.9548616	-64.79517	-5.116826	1.0	575000	8464.064262151718
230	-27.32	-27.32	-15.8	-5.05981	6.7997103	6.504304	-59.102173	-5.0598335	1.0	577500	8500.447772026062
231	-20.06	-20.06	-19.1	-5.0113816	6.735467	26.054365	-60.95144	-5.011006	0.8	580000	8537.178633928299
232	-22.06	-22.06	-11.2	-4.949396	6.6597776	4.6643248	-64.63824	-4.949305	1.0	582500	8574.583166122437
233	-20.64	-20.64	-11.599999	-4.9276276	6.630623	6.9311366	-64.679565	-4.9282703	1.0	585000	8610.577063083649
234	-18.58	-18.58	-11.9	-4.87411	6.5770063	6.717169	-62.31623	-4.873533	1.0	587500	8646.870190620422
235	-22.3	-22.3	-14.6	-4.8381677	6.597386	6.0373087	-63.641216	-4.838022	0.9	590000	8683.327012777328
236	-21.2	-21.2	-17.5	-4.7981477	6.5410895	22.517624	-62.54077	-4.7984967	0.8	592500	8720.566945552826
237	-21.46	-21.46	-18.5	-4.787076	6.5571632	4.1956925	-68.61114	-4.7871733	1.0	595000	8757.349483728409
238	-16.86	-16.86	-17.800001	-4.7098494	6.4668794	14.226276	-71.379364	-4.7099996	0.8	597500	8794.535176992416
239	-20.1	-20.1	-15.8	-4.667333	6.434447	5.520458	-66.50287	-4.667812	0.9	600000	8831.001671552658
240	-19.48	-19.48	-11.3	-4.6659408	6.4167967	7.769107	-59.84158	-4.6657367	1.0	602500	8868.400621652603
241	-24.34	-24.34	-10.400001	-4.6394014	6.421402	10.771531	-75.47087	-4.6399155	1.0	605000	8905.53727054596
242	-25.22	-25.22	-17.4	-4.604726	6.412717	21.45801	-63.019867	-4.6044164	0.9	607500	8942.48560667038
243	-21.58	-21.58	-13.4	-4.5498004	6.3001633	4.592242	-62.39016	-4.5498066	0.9	610000	8979.69559955597
244	-21.14	-21.14	-10.0	-4.5442514	6.3207593	12.830903	-57.85986	-4.544008	1.0	612500	9016.457389354706
245	-20.76	-20.76	-10.099999	-4.5381565	6.316061	12.875988	-63.260643	-4.5377364	1.0	615000	9053.022485017776
246	-18.5	-18.5	-15.5	-4.4685836	6.22219	3.8121517	-64.26541	-4.4688764	1.0	617500	9090.331450462341
247	-23.0	-23.0	-11.3	-4.445246	6.2075834	3.5068011	-64.20376	-4.4452486	1.0	620000	9127.354053735733
248	-23.04	-23.04	-12.9	-4.4330277	6.135133	10.89639	-66.97714	-4.433532	1.0	622500	9163.500966072083
249	-20.8	-20.8	-16.4	-4.417616	6.1284814	3.446978	-78.950554	-4.417209	1.0	625000	9199.55199933052
250	-21.06	-21.06	-12.1	-4.405407	6.1436086	7.2700825	-69.856316	-4.4051967	0.9	627500	9236.637258291245
251	-19.96	-19.96	-14.5	-4.355808	6.089482	6.5756397	-80.32827	-4.3557863	0.9	630000	9272.180093050003
252	-25.66	-25.66	-10.0	-4.3266788	6.0685377	6.789418	-61.63641	-4.32702	1.0	632500	9307.931099176407
253	-21.56	-21.56	-14.9	-4.3084	6.069965	5.867556	-62.105045	-4.308166	0.9	635000	9344.535193681717
254	-20.98	-20.98	-16.1	-4.282839	6.062931	23.881279	-70.971924	-4.28297	1.0	637500	9380.936272621155
255	-22.98	-22.98	-13.0	-4.272599	6.054525	4.639941	-60.364403	-4.2722116	1.0	640000	9417.35307264328
256	-19.8	-19.8	-15.6	-4.256173	6.0232673	13.891751	-67.59279	-4.256318	0.9	642500	9452.969726800919
257	-23.02	-23.02	-14.3	-4.2232304	5.994524	3.533021	-88.20067	-4.2230067	1.0	645000	9489.291966199875
258	-20.3	-20.3	-11.400001	-4.199602	5.9604716	3.3500013	-68.97117	-4.1997967	0.9	647500	9524.653345823288
259	-21.32	-21.32	-12.2	-4.183835	5.9991827	2.7468076	-65.8506	-4.183668	1.0	650000	9561.158027172089
260	-18.54	-18.54	-9.400001	-4.173	5.970648	3.1223283	-70.895905	-4.173341	1.0	652500	9598.013590574265
261	-25.32	-25.32	-10.599999	-4.1327376	5.9312057	4.146812	-77.986176	-4.132856	1.0	655000	9634.815042257309
262	-23.06	-23.06	-9.599999	-4.121976	5.8909454	24.474453	-63.311367	-4.1218944	1.0	657500	9671.960807323456
263	-23.98	-23.98	-12.1	-4.1018796	5.8747077	5.596923	-60.700645	-4.1018586	1.0	660000	9708.274548053741
264	-20.14	-20.14	-12.1	-4.0698304	5.8290153	5.459045	-71.86534	-4.0702677	0.9	662500	9745.088836669922
265	-19.48	-19.48	-11.099999	-4.0271707	5.8057113	2.7732382	-58.202354	-4.0270777	1.0	665000	9782.356395483017
266	-22.0	-22.0	-16.199999	-4.0216017	5.81577	4.22946	-62.250347	-4.021458	0.9	667500	9818.818817853928
267	-18.46	-18.46	-14.9	-3.97969	5.765444	4.5392	-65.73117	-3.979433	1.0	670000	9855.630400180817
268	-20.42	-20.42	-12.4	-3.9446533	5.7056646	5.635275	-62.542088	-3.9444852	1.0	672500	9892.36170053482
269	-21.4	-21.4	-16.1	-3.9235117	5.6955256	4.4930696	-73.91217	-3.9233162	0.9	675000	9929.309708118439
270	-20.58	-20.58	-10.3	-3.9244366	5.7140737	3.7535787	-61.183815	-3.9244733	1.0	677500	9966.335271835327
271	-19.68	-19.68	-8.5	-3.8763008	5.6862397	3.4904537	-61.673805	-3.87621	1.0	680000	10003.353043556213
272	-18.74	-18.74	-8.3	-3.8477075	5.6743445	4.908085	-64.828285	-3.847462	1.0	682500	10041.628098249435
273	-20.84	-20.84	-13.3	-3.804163	5.615309	3.3553648	-61.132004	-3.8041599	1.0	685000	10077.792420387268
274	-21.08	-21.08	-15.8	-3.8192906	5.604648	5.921872	-59.34697	-3.8189027	0.9	687500	10115.167441129684
275	-20.62	-20.62	-10.2	-3.7812922	5.547564	5.814757	-62.715794	-3.7808316	1.0	690000	10151.895032644272
276	-19.76	-19.76	-10.900001	-3.8143506	5.6012874	3.3788624	-64.07968	-3.8148212	1.0	692500	10188.055716991425
277	-21.38	-21.38	-14.7	-3.7856677	5.588905	2.46058	-67.81671	-3.7855594	1.0	695000	10225.567841529846
278	-19.72	-19.72	-10.2	-3.7681606	5.584982	3.139052	-58.919964	-3.767999	1.0	697500	10261.590360164642
279	-21.2	-21.2	-8.3	-3.7455847	5.5593143	3.133571	-64.41231	-3.7451684	1.0	700000	10298.564830064774
280	-20.72	-20.72	-10.2	-3.7721865	5.561195	7.0120244	-60.508766	-3.7722409	1.0	702500	10335.831534862518
281	-21.06	-21.06	-16.5	-3.7509398	5.5106177	2.428543	-57.827168	-3.7507682	0.9	705000	10372.518361091614
282	-18.2	-18.2	-17.5	-3.7575283	5.5522723	5.1683154	-62.95486	-3.7576015	0.9	707500	10408.848418474197
283	-22.78	-22.78	-9.599999	-3.7445028	5.5402803	3.1883001	-58.61475	-3.7443357	1.0	710000	10445.49326467514
284	-17.94	-17.94	-10.400001	-3.7461874	5.5074286	3.2246554	-60.366386	-3.7464085	1.0	712500	10482.707086801529
285	-18.8	-18.8	-12.2	-3.7121696	5.501605	3.4794297	-59.39043	-3.7122397	0.9	715000	10520.387959718704
286	-19.88	-19.88	-8.0	-3.7263944	5.514022	5.2734003	-65.2736	-3.7261565	1.0	717500	10557.505226612091
287	-18.86	-18.86	-12.1	-3.704862	5.486954	4.514806	-70.227615	-3.705021	1.0	720000	10595.063514947891
288	-17.68	-17.68	-11.0	-3.6883075	5.467194	8.126867	-65.18773	-3.688017	1.0	722500	10632.054439544678
289	-21.44	-21.44	-8.599999	-3.6652167	5.449343	3.3331351	-66.49353	-3.6653066	1.0	725000	10668.39359998703
290	-21.12	-21.12	-10.8	-3.647273	5.4307203	4.909298	-57.79578	-3.6470704	1.0	727500	10705.613183498383
291	-17.32	-17.32	-15.3	-3.6546407	5.446785	11.205708	-57.373165	-3.6544218	1.0	730000	10742.620728731155
292	-19.96	-19.96	-9.3	-3.6430624	5.430909	3.5670147	-70.22583	-3.6428733	1.0	732500	10780.772640705109
293	-18.94	-18.94	-12.1	-3.6289272	5.4128566	4.1236024	-65.33594	-3.6291573	1.0	735000	10817.480723619461
294	-21.24	-21.24	-11.3	-3.5903494	5.3738565	3.097046	-83.66707	-3.5898564	1.0	737500	10854.937984704971
295	-18.84	-18.84	-13.6	-3.5889595	5.380795	7.6245832	-58.572887	-3.588677	1.0	740000	10890.723418474197
296	-20.78	-20.78	-10.599999	-3.5860972	5.3693523	3.6922734	-61.299328	-3.5860996	1.0	742500	10927.158432722092
297	-18.02	-18.02	-7.2	-3.5535543	5.3233852	3.596515	-72.68663	-3.5537634	1.0	745000	10963.900038719177
298	-20.46	-20.46	-10.3	-3.5309927	5.3015876	3.304635	-63.34189	-3.530902	1.0	747500	11000.224954128265
299	-18.94	-18.94	-9.099999	-3.5295815	5.2909994	3.1110313	-60.216465	-3.5296016	1.0	750000	11036.092579603195
300	-17.46	-17.46	-12.8	-3.5062978	5.260333	3.3009694	-66.54692	-3.5054686	1.0	752500	11072.847304105759
301	-17.94	-17.94	-9.400001	-3.4771707	5.211442	7.526159	-62.873207	-3.477393	1.0	755000	11109.50952219963
302	-20.9	-20.9	-7.0	-3.4727929	5.215006	3.5815136	-63.787014	-3.4727774	1.0	757500	11146.27588057518
303	-22.96	-22.96	-8.900001	-3.487436	5.2020597	3.7022924	-60.473503	-3.487462	1.0	760000	11183.580960273743
304	-16.3	-16.3	-10.3	-3.4540548	5.1588774	7.072659	-63.233173	-3.4536786	1.0	762500	11219.602864027023
305	-20.06	-20.06	-10.3	-3.4643242	5.191815	2.648218	-69.27739	-3.464358	1.0	765000	11256.061716794968
306	-22.08	-22.08	-9.0	-3.453946	5.165847	2.7232594	-72.04581	-3.4538355	1.0	767500	11292.089991092682
307	-18.96	-18.96	-10.5	-3.4283006	5.1309977	2.219166	-71.90211	-3.4283426	1.0	770000	11327.960715293884
308	-19.5	-19.5	-11.8	-3.4025784	5.098405	2.5081003	-60.19784	-3.4021945	1.0	772500	11363.312341451645
309	-17.72	-17.72	-12.4	-3.3828554	5.0661917	2.1409364	-64.76793	-3.3831131	1.0	775000	11398.983506202698
310	-22.24	-22.24	-13.8	-3.3961787	5.1047277	2.9803095	-57.844505	-3.3962545	0.9	777500	11435.624717235565
311	-21.78	-21.78	-10.900001	-3.3886907	5.092155	2.0785885	-73.0449	-3.3885744	1.0	780000	11472.276523828506
312	-15.64	-15.64	-8.5	-3.342554	5.075841	2.7225242	-62.012882	-3.3424158	1.0	782500	11508.549791812897
313	-17.82	-17.82	-10.400001	-3.3324108	5.054161	2.7600307	-66.036285	-3.3321724	1.0	785000	11545.032088041306
314	-18.7	-18.7	-13.9	-3.3065279	5.041044	3.17268	-68.126076	-3.3064878	1.0	787500	11580.553184747696
315	-18.46	-18.46	-14.1	-3.2969506	5.0381618	2.6101482	-99.782326	-3.2968419	1.0	790000	11617.259468317032
316	-15.98	-15.98	-10.2	-3.2978456	5.0239487	7.066452	-59.34022	-3.298255	1.0	792500	11653.779938936234
317	-18.78	-18.78	-9.8	-3.278146	5.0210886	2.0919795	-59.399925	-3.2781036	1.0	795000	11690.682482719421
318	-17.36	-17.36	-14.1	-3.2465458	4.9890885	4.1346774	-57.66599	-3.246624	1.0	797500	11728.05763721466
319	-18.62	-18.62	-7.9	-3.2481632	4.9870996	3.2261117	-58.187923	-3.24767	1.0	800000	11764.254837989807
320	-20.0	-20.0	-13.6	-3.2451065	4.9570923	3.2480955	-61.015354	-3.2452204	1.0	802500	11800.839013576508
321	-19.0	-19.0	-8.099999	-3.2343621	4.99136	2.6850019	-68.78384	-3.2340071	1.0	805000	11837.388477563858
322	-16.8	-16.8	-11.3	-3.197765	4.949975	2.8390899	-60.467068	-3.1974423	1.0	807500	11873.347838640213
323	-19.08	-19.08	-11.099999	-3.2027311	4.923716	2.8925538	-64.576225	-3.2028503	1.0	810000	11910.514372587204
324	-18.98	-18.98	-8.099999	-3.16584	4.888585	3.440741	-59.488667	-3.165727	1.0	812500	11947.14357304573
325	-18.94	-18.94	-14.5	-3.1457145	4.8700833	7.380911	-58.289238	-3.145895	0.9	815000	11983.665644407272
326	-16.08	-16.08	-9.599999	-3.1377182	4.865736	2.53835	-62.660034	-3.1377773	1.0	817500	12021.450456857681
327	-18.12	-18.12	-9.599999	-3.1377566	4.8625607	2.7513995	-82.879845	-3.1374443	1.0	820000	12057.544216156006
328	-21.38	-21.38	-9.400001	-3.1499815	4.876047	2.8098154	-63.115646	-3.149692	1.0	822500	12092.889854431152
329	-20.52	-20.52	-11.0	-3.1414657	4.8558316	3.1290941	-61.81692	-3.1415515	1.0	825000	12129.092306137085
330	-18.26	-18.26	-11.7	-3.1487803	4.910396	4.0593653	-60.39095	-3.1486769	1.0	827500	12166.004856824875
331	-17.38	-17.38	-9.2	-3.1224816	4.863031	2.9062672	-57.053513	-3.122253	1.0	830000	12201.372822999954
332	-17.36	-17.36	-17.300001	-3.1115575	4.8114934	3.0503983	-61.35946	-3.1114478	0.9	832500	12237.811826467514
333	-19.48	-19.48	-11.8	-3.1060913	4.810109	3.173512	-61.3918	-3.1056442	1.0	835000	12274.372416257858
334	-19.56	-19.56	-14.6	-3.093881	4.8018723	5.3299794	-64.704956	-3.0935829	0.9	837500	12310.403502464294
335	-16.72	-16.72	-13.4	-3.0771086	4.8028855	3.9692407	-57.80804	-3.0768592	0.9	840000	12345.687158584595
336	-18.3	-18.3	-9.5	-3.0710926	4.811496	3.103965	-60.714016	-3.0711055	1.0	842500	12382.577753067017
337	-16.92	-16.92	-10.400001	-3.0385668	4.747516	2.7789977	-61.058743	-3.0382283	1.0	845000	12419.026121854782
338	-19.72	-19.72	-11.7	-3.0435398	4.7422323	3.4148307	-61.65353	-3.043388	1.0	847500	12456.0271089077
339	-18.4	-18.4	-8.3	-3.039231	4.742373	4.1625843	-70.41918	-3.0388756	1.0	850000	12492.380553722382
340	-17.42	-17.42	-7.7	-3.049317	4.750945	2.961615	-62.621704	-3.0489695	1.0	852500	12529.664012670517
341	-17.1	-17.1	-12.6	-3.0202632	4.72014	2.646768	-61.61341	-3.0201786	0.9	855000	12566.31667804718
342	-17.8	-17.8	-9.2	-3.031615	4.7198167	2.39924	-58.484623	-3.0314865	1.0	857500	12603.628769636154
343	-18.1	-18.1	-12.3	-3.006162	4.7110624	2.834405	-70.44644	-3.0062885	1.0	860000	12640.08270740509
344	-17.82	-17.82	-9.900001	-2.9888003	4.6672077	2.830708	-75.44012	-2.988582	1.0	862500	12676.753484487534
345	-18.46	-18.46	-10.7	-2.9619594	4.632852	4.8722916	-60.71444	-2.962212	1.0	865000	12713.72973060608
346	-16.5	-16.5	-12.2	-2.9529598	4.6333213	2.3499784	-65.528244	-2.9528153	1.0	867500	12749.811578273773
347	-19.46	-19.46	-9.400001	-2.947552	4.6193013	2.679924	-60.8064	-2.947501	1.0	870000	12784.657691955566
348	-19.28	-19.28	-9.099999	-2.9569967	4.6295295	3.0189276	-57.933025	-2.9569666	1.0	872500	12820.775277137756
349	-18.66	-18.66	-7.8	-2.9665463	4.6301417	3.3652856	-63.5175	-2.9665747	1.0	875000	12857.312165737152
350	-19.28	-19.28	-10.099999	-2.962566	4.633454	3.124374	-65.8115	-2.9621644	1.0	877500	12893.175776958466
351	-20.32	-20.32	-10.099999	-2.9461274	4.6029625	4.0674434	-65.63861	-2.9459405	1.0	880000	12929.64934015274
352	-17.54	-17.54	-8.7	-2.935876	4.5982084	5.505373	-60.746037	-2.9357474	1.0	882500	12965.578553676605
353	-16.34	-16.34	-10.3	-2.922957	4.5503674	3.6506405	-58.03026	-2.9228606	1.0	885000	13001.469532489777
354	-18.08	-18.08	-10.599999	-2.9232292	4.559196	3.4385774	-57.48994	-2.9232142	1.0	887500	13036.800146818161
355	-18.16	-18.16	-14.1	-2.9078197	4.5455747	2.7492568	-57.945637	-2.9079006	0.9	890000	13072.54800748825
356	-16.54	-16.54	-9.400001	-2.899816	4.5203958	2.4762373	-60.17005	-2.8994687	1.0	892500	13108.549493551254
357	-19.82	-19.82	-8.8	-2.9013693	4.5491376	2.9274168	-63.22611	-2.9018807	1.0	895000	13143.831521749496
358	-17.84	-17.84	-10.5	-2.8971167	4.5332594	1.9251002	-56.340607	-2.8974402	1.0	897500	13177.393951177597
359	-19.44	-19.44	-15.0	-2.897421	4.5159674	4.1638355	-59.330177	-2.8974233	1.0	900000	13213.135462522507
360	-19.84	-19.84	-9.400001	-2.9097354	4.5360746	2.0596595	-58.708122	-2.9098425	1.0	902500	13247.694004297256
361	-16.2	-16.2	-9.099999	-2.8982813	4.530144	6.168412	-59.15882	-2.8979309	1.0	905000	13284.343942403793
362	-17.78	-17.78	-13.1	-2.883507	4.5424376	3.3883812	-58.358288	-2.8835726	1.0	907500	13320.875386953354
363	-20.18	-20.18	-10.2	-2.879096	4.530335	3.628881	-59.174118	-2.8791773	1.0	910000	13356.984930753708
364	-17.94	-17.94	-13.0	-2.884526	4.5241165	2.9498215	-60.295307	-2.884846	0.9	912500	13393.588639974594
365	-19.04	-19.04	-9.400001	-2.8854535	4.5569196	3.8146257	-57.415104	-2.8852487	1.0	915000	13429.711750984192
366	-20.16	-20.16	-15.7	-2.8915758	4.5742426	3.0016165	-59.12699	-2.8915594	0.9	917500	13466.133779764175
367	-20.24	-20.24	-11.0	-2.8867786	4.572264	2.7520864	-56.97937	-2.8868108	1.0	920000	13503.014560461044
368	-17.14	-17.14	-10.5	-2.8758247	4.5342355	3.5454476	-61.13472	-2.876205	1.0	922500	13539.65707707405
369	-18.68	-18.68	-10.7	-2.87323	4.527257	4.002632	-58.327606	-2.873288	1.0	925000	13576.666729927063
370	-19.72	-19.72	-13.0	-2.8923619	4.581173	2.3735397	-60.450794	-2.8922768	1.0	927500	13613.53410768509
371	-20.3	-20.3	-9.099999	-2.9052563	4.5778513	2.560563	-60.970036	-2.9055576	1.0	930000	13650.352810144424
372	-20.7	-20.7	-10.0	-2.8862236	4.539955	4.440684	-64.41218	-2.8862753	1.0	932500	13687.068893671036
373	-19.34	-19.34	-7.8	-2.901156	4.5646424	5.651238	-67.712364	-2.901246	1.0	935000	13724.087575912476
374	-20.26	-20.26	-8.8	-2.8848388	4.5487056	3.416158	-62.39372	-2.8849046	1.0	937500	13760.323913574219
375	-17.94	-17.94	-14.1	-2.8937726	4.5608025	2.6066358	-61.51393	-2.893788	1.0	940000	13797.03631567955
376	-18.56	-18.56	-10.0	-2.8863852	4.5280714	3.3992615	-57.57697	-2.8868983	1.0	942500	13833.016643285751
377	-17.34	-17.34	-8.099999	-2.8998916	4.5555024	4.004341	-58.64808	-2.899803	1.0	945000	13869.51554107666
378	-17.12	-17.12	-12.8	-2.9023764	4.5737967	2.8188639	-61.904358	-2.902548	0.9	947500	13907.43237566948
379	-18.42	-18.42	-8.8	-2.8985722	4.579182	3.9230776	-60.146908	-2.89859	1.0	950000	13943.684599399567
380	-19.48	-19.48	-11.2	-2.9091337	4.5979567	4.2819576	-59.027332	-2.9092293	1.0	952500	13980.620876073837
381	-19.54	-19.54	-9.900001	-2.888606	4.5665007	3.3550525	-57.612743	-2.8888338	1.0	955000	14016.683046579361
382	-17.62	-17.62	-7.6	-2.8958898	4.5895295	3.099667	-58.963943	-2.8958778	1.0	957500	14052.205770015717
383	-19.66	-19.66	-11.099999	-2.910348	4.597862	4.062051	-61.21047	-2.9103253	1.0	960000	14087.181760549545
384	-18.22	-18.22	-9.7	-2.908712	4.5878677	3.3653526	-57.76067	-2.9085515	1.0	962500	14123.119122982025
385	-17.44	-17.44	-10.0	-2.8854265	4.592654	3.2881622	-57.833374	-2.8859048	1.0	965000	14158.682080030441
386	-18.78	-18.78	-10.3	-2.8664267	4.5344634	2.8957176	-60.2364	-2.8665264	1.0	967500	14193.849271297455
387	-18.86	-18.86	-14.4	-2.8752735	4.530328	2.3716547	-59.681763	-2.875576	0.9	970000	14230.869192838669
388	-20.04	-20.04	-13.9	-2.8466814	4.527616	3.4052713	-63.490013	-2.8463206	1.0	972500	14266.743403434753
389	-19.48	-19.48	-9.3	-2.8458645	4.5190196	2.9629583	-56.65548	-2.8460183	1.0	975000	14303.246581315994
390	-18.14	-18.14	-8.8	-2.8428671	4.523863	3.2426555	-60.47681	-2.8427474	1.0	977500	14339.13205909729
391	-14.02	-14.02	-13.0	-2.841115	4.4941754	3.2856216	-69.39171	-2.8412654	1.0	980000	14375.318365812302
392	-16.9	-16.9	-10.3	-2.8240027	4.477543	2.4124837	-61.323704	-2.8242097	1.0	982500	14411.51554775238
393	-19.38	-19.38	-8.900001	-2.829966	4.477609	1.9807681	-61.706844	-2.8299832	1.0	985000	14447.570115566254
394	-17.88	-17.88	-13.3	-2.8314266	4.483931	3.5741997	-57.947144	-2.8315904	1.0	987500	14484.1785364151
395	-17.6	-17.6	-9.400001	-2.8131795	4.4490256	3.2405028	-57.553375	-2.8131933	1.0	990000	14519.706174135208
396	-17.18	-17.18	-6.2	-2.8076253	4.451765	3.4185877	-57.750935	-2.807703	1.0	992500	14555.04161810875
397	-19.76	-19.76	-10.3	-2.8169425	4.472915	2.6044507	-59.190926	-2.8167622	1.0	995000	14590.2298309803
398	-17.98	-17.98	-11.400001	-2.8351812	4.509346	2.7525036	-57.522022	-2.8351803	1.0	997500	14626.392431259155
399	-17.12	-17.12	-7.1	-2.836069	4.5101805	2.3399248	-57.645855	-2.8363767	1.0	1000000	14663.043360233307
400	-17.08	-17.08	-9.3	-2.8343115	4.5113697	2.81993	-58.226814	-2.8341892	1.0	1002500	14699.885454654694
401	-18.22	-18.22	-12.2	-2.8301308	4.5273595	3.160756	-59.49853	-2.8302362	1.0	1005000	14736.366170406342
402	-18.6	-18.6	-10.5	-2.811191	4.483273	3.4213984	-61.30493	-2.811413	1.0	1007500	14772.663370847702
403	-16.38	-16.38	-7.9	-2.815399	4.4926596	3.220385	-62.61561	-2.8156939	1.0	1010000	14809.151169538498
404	-15.96	-15.96	-10.0	-2.806523	4.503139	3.5564275	-60.107105	-2.8064744	1.0	1012500	14846.49835395813
405	-18.04	-18.04	-10.5	-2.8001611	4.469418	3.683356	-64.177025	-2.8003583	1.0	1015000	14883.742943763733
406	-17.94	-17.94	-9.5	-2.788425	4.455668	4.001823	-58.466827	-2.7883353	1.0	1017500	14920.51099038124
407	-16.1	-16.1	-11.599999	-2.77214	4.4296565	4.6768274	-57.531956	-2.7723355	1.0	1020000	14957.282425880432
408	-17.1	-17.1	-10.099999	-2.7696967	4.421151	3.0491447	-56.205967	-2.7698596	1.0	1022500	14993.652594804764
409	-15.98	-15.98	-10.599999	-2.7670434	4.41626	3.0804975	-58.915333	-2.7670598	1.0	1025000	15031.419309616089
410	-16.94	-16.94	-10.400001	-2.7352977	4.376868	3.848476	-59.22389	-2.7351472	1.0	1027500	15068.015053987503
411	-17.46	-17.46	-13.5	-2.7303996	4.4007645	2.8806155	-57.64596	-2.7304583	1.0	1030000	15104.837077856064
412	-17.16	-17.16	-9.2	-2.7366505	4.417118	2.347682	-59.685127	-2.7368171	1.0	1032500	15142.832019805908
413	-17.7	-17.7	-8.2	-2.740038	4.4284697	4.1044574	-58.534355	-2.7399414	1.0	1035000	15178.728929281235
414	-16.52	-16.52	-14.6	-2.7458298	4.411508	4.0541945	-56.561832	-2.7457564	0.9	1037500	15215.12151479721
415	-21.34	-21.34	-12.9	-2.712984	4.377479	5.1142406	-59.574272	-2.7127352	1.0	1040000	15250.271718263626
416	-19.1	-19.1	-10.0	-2.7400966	4.4213257	2.9290369	-59.703003	-2.740324	1.0	1042500	15286.404746055603
417	-16.98	-16.98	-10.599999	-2.7137222	4.3985777	4.7363915	-58.446667	-2.71372	1.0	1045000	15321.834991455078
418	-20.02	-20.02	-9.900001	-2.726054	4.401863	3.2214785	-59.44226	-2.7261045	1.0	1047500	15356.986720085144
419	-18.28	-18.28	-7.8	-2.7216206	4.432649	4.8202543	-60.174007	-2.7216995	1.0	1050000	15393.07393693924
420	-19.94	-19.94	-11.9	-2.717174	4.4311943	2.731522	-56.526443	-2.7172127	1.0	1052500	15428.813475847244
421	-19.82	-19.82	-14.7	-2.7216358	4.4307065	3.8787756	-58.076923	-2.7213545	0.9	1055000	15464.531903982162
422	-21.74	-21.74	-7.7	-2.7334256	4.4405136	3.995185	-59.516468	-2.7333226	1.0	1057500	15499.499118566513
423	-17.54	-17.54	-12.7	-2.7212496	4.430786	5.3487144	-58.591515	-2.7211657	1.0	1060000	15534.963430404663
424	-19.74	-19.74	-6.3	-2.7220156	4.409377	2.7771387	-64.602844	-2.7218485	1.0	1062500	15570.599535942078
425	-17.32	-17.32	-8.8	-2.7125974	4.406011	3.7315676	-57.647755	-2.712314	1.0	1065000	15605.843160152435
426	-15.86	-15.86	-7.0	-2.6985097	4.379926	4.4731283	-59.90704	-2.698436	1.0	1067500	15640.27853512764
427	-20.02	-20.02	-6.8	-2.7117536	4.388486	5.7535157	-56.877472	-2.7116828	1.0	1070000	15675.618221282959
428	-16.42	-16.42	-10.099999	-2.7171137	4.3992424	4.5783243	-65.04332	-2.717312	1.0	1072500	15710.786566972733
429	-20.96	-20.96	-10.7	-2.7134774	4.3930454	2.3765023	-63.00148	-2.7135623	1.0	1075000	15745.295016050339
430	-18.2	-18.2	-8.0	-2.7319627	4.432471	4.703876	-65.67602	-2.7320182	1.0	1077500	15780.022269010544
431	-18.02	-18.02	-10.900001	-2.7215855	4.4243717	3.345594	-62.026638	-2.7216103	1.0	1080000	15814.579275846481
432	-17.96	-17.96	-7.4	-2.7216792	4.422785	2.9696918	-60.464584	-2.7215872	1.0	1082500	15849.097752332687
433	-17.44	-17.44	-12.3	-2.712808	4.402062	3.1945553	-60.24542	-2.7130487	1.0	1085000	15883.825359344482
434	-17.96	-17.96	-9.7	-2.7109616	4.401665	5.85067	-62.676464	-2.7110953	1.0	1087500	15918.195608377457
435	-19.94	-19.94	-8.7	-2.699989	4.3895593	4.6023135	-56.5497	-2.7000349	1.0	1090000	15953.03774523735
436	-14.64	-14.64	-8.3	-2.6914523	4.3816166	4.18531	-56.778496	-2.6913497	1.0	1092500	15987.195242881775
437	-20.32	-20.32	-14.3	-2.698116	4.3907986	3.0798373	-60.982628	-2.6978536	0.9	1095000	16023.437487602234
438	-19.78	-19.78	-7.3	-2.7029634	4.4056354	4.53689	-63.548977	-2.7030928	1.0	1097500	16059.184990882874
439	-17.86	-17.86	-7.3	-2.7017922	4.390514	5.470303	-63.407906	-2.7017462	1.0	1100000	16094.639257192612
440	-19.52	-19.52	-10.400001	-2.696785	4.404126	4.194273	-60.73531	-2.6967962	1.0	1102500	16130.721306085587
441	-16.22	-16.22	-10.099999	-2.6952877	4.391481	3.1471758	-63.55043	-2.6954556	0.9	1105000	16166.426650047302
442	-18.12	-18.12	-10.400001	-2.6725037	4.3655167	3.498281	-61.427647	-2.672779	1.0	1107500	16201.40414404869
443	-17.66	-17.66	-10.599999	-2.6798644	4.366451	3.4484894	-58.010128	-2.6794746	1.0	1110000	16236.651992321014
444	-19.96	-19.96	-8.3	-2.6889195	4.3908253	4.1376324	-58.345978	-2.6887963	1.0	1112500	16271.264216661453
445	-18.14	-18.14	-9.099999	-2.7120695	4.4411097	2.731059	-76.24918	-2.712016	1.0	1115000	16305.792739391327
446	-16.42	-16.42	-7.7	-2.6915224	4.4426556	3.2483115	-65.10813	-2.6920223	1.0	1117500	16341.123500108719
447	-18.78	-18.78	-7.8	-2.6720204	4.4207597	4.768091	-61.257603	-2.6716065	1.0	1120000	16375.522902965546
448	-17.36	-17.36	-8.7	-2.6919577	4.452881	3.2237592	-61.96814	-2.6917264	1.0	1122500	16410.195823192596
449	-17.62	-17.62	-7.4	-2.6677585	4.4240437	4.641464	-62.52599	-2.6678147	1.0	1125000	16446.155223608017
450	-16.98	-16.98	-10.7	-2.6556594	4.393804	3.0072732	-54.982506	-2.6556647	1.0	1127500	16482.740554094315
451	-18.64	-18.64	-13.9	-2.6561356	4.3794746	2.677619	-59.93518	-2.6561837	0.9	1130000	16518.901974201202
452	-16.9	-16.9	-10.099999	-2.6707582	4.4102035	5.806825	-57.546154	-2.6704586	1.0	1132500	16555.087742567062
453	-18.4	-18.4	-9.099999	-2.6734343	4.4038982	3.0337024	-57.296875	-2.6733496	1.0	1135000	16590.615275859833
454	-16.68	-16.68	-9.5	-2.662955	4.3979797	3.1864495	-59.300182	-2.66291	1.0	1137500	16626.36699962616
455	-20.4	-20.4	-7.6	-2.6543846	4.378712	6.617315	-61.964684	-2.6544588	1.0	1140000	16661.88492512703
456	-18.82	-18.82	-9.0	-2.684756	4.4440017	2.9388733	-57.734936	-2.6845973	1.0	1142500	16697.518902778625
457	-18.64	-18.64	-8.0	-2.6667805	4.432046	4.750126	-58.245308	-2.6667428	1.0	1145000	16732.949581623077
458	-18.74	-18.74	-9.2	-2.6557264	4.4282007	3.661765	-57.759842	-2.6557293	1.0	1147500	16768.357740163803
459	-17.08	-17.08	-7.9	-2.6623025	4.430906	3.215727	-63.636166	-2.6620371	1.0	1150000	16803.974449396133
460	-17.9	-17.9	-8.900001	-2.6706126	4.438363	2.6270475	-57.936947	-2.6704514	1.0	1152500	16839.7813744545
461	-16.96	-16.96	-10.8	-2.65368	4.42286	4.805446	-59.491398	-2.6535308	1.0	1155000	16876.12824845314
462	-16.96	-16.96	-10.599999	-2.6578722	4.440254	3.1646495	-60.374203	-2.65781	1.0	1157500	16913.209557533264
463	-16.62	-16.62	-6.5	-2.6634886	4.412564	6.6792316	-64.374	-2.6633317	1.0	1160000	16949.45169210434
464	-16.96	-16.96	-8.8	-2.6557777	4.391554	4.155843	-61.145473	-2.6559365	1.0	1162500	16984.957921266556
465	-16.72	-16.72	-9.599999	-2.6448743	4.385424	4.5769496	-57.242264	-2.6448116	1.0	1165000	17021.288463830948
466	-18.14	-18.14	-10.0	-2.6210535	4.34334	4.8442593	-58.139122	-2.6211927	1.0	1167500	17057.418360233307
467	-16.82	-16.82	-7.8	-2.6421323	4.3756795	3.3241096	-56.684547	-2.6423829	1.0	1170000	17092.68411064148
468	-16.36	-16.36	-11.3	-2.637642	4.3686833	3.6215348	-63.581215	-2.6375484	1.0	1172500	17127.965936899185
469	-17.72	-17.72	-10.099999	-2.638312	4.3827996	4.949697	-56.941532	-2.638015	1.0	1175000	17163.656648397446
470	-16.3	-16.3	-10.7	-2.6365845	4.4089184	3.8893576	-57.956238	-2.6364226	1.0	1177500	17199.423211097717
471	-17.94	-17.94	-9.5	-2.6323822	4.3929853	3.85633	-60.915638	-2.6324546	1.0	1180000	17234.902142047882
472	-16.12	-16.12	-10.400001	-2.6341946	4.3995214	2.998502	-57.83033	-2.634009	1.0	1182500	17270.420055627823
473	-16.82	-16.82	-10.7	-2.6335237	4.4123735	3.1652482	-59.55966	-2.6332564	1.0	1185000	17306.08893251419
474	-19.84	-19.84	-11.9	-2.6571038	4.4464655	3.8218813	-59.095238	-2.6572635	1.0	1187500	17339.927393198013
475	-21.44	-21.44	-9.400001	-2.6585066	4.4560575	4.7791657	-68.33179	-2.6585164	1.0	1190000	17374.51674103737
476	-18.36	-18.36	-8.2	-2.6740398	4.4526253	4.54454	-56.73627	-2.6740952	1.0	1192500	17409.821228981018
477	-17.12	-17.12	-8.5	-2.6634798	4.4294157	3.031639	-57.08302	-2.6633322	1.0	1195000	17445.42446255684
478	-17.56	-17.56	-11.7	-2.689716	4.4695077	3.8212807	-60.52138	-2.68963	1.0	1197500	17483.2859518528
479	-18.06	-18.06	-7.5	-2.6695745	4.4635715	2.5996554	-73.80186	-2.6694787	1.0	1200000	17519.406906843185
480	-16.1	-16.1	-8.599999	-2.664725	4.4605646	3.4561632	-65.64627	-2.6648962	1.0	1202500	17555.719144821167
481	-18.68	-18.68	-9.900001	-2.6541424	4.428202	3.0585282	-57.877266	-2.6541126	1.0	1205000	17590.972046136856
482	-16.14	-16.14	-8.7	-2.6619375	4.439596	4.734309	-61.595024	-2.661974	1.0	1207500	17626.0696914196
483	-20.22	-20.22	-10.400001	-2.6760845	4.4497313	4.8959017	-64.71788	-2.6761613	1.0	1210000	17660.64302444458
484	-17.84	-17.84	-9.3	-2.67733	4.45426	3.7703295	-60.504593	-2.6773908	1.0	1212500	17696.40908050537
485	-16.88	-16.88	-5.5	-2.6725507	4.4527383	5.0565763	-59.415005	-2.6726685	1.0	1215000	17730.487462043762
486	-19.3	-19.3	-12.4	-2.6918492	4.4864388	3.288171	-71.26948	-2.6917174	1.0	1217500	17765.447825431824
487	-17.14	-17.14	-8.8	-2.6935997	4.4916096	2.8222706	-60.369713	-2.693407	1.0	1220000	17801.558232307434
488	-16.24	-16.24	-10.3	-2.6860805	4.4548755	3.9939826	-62.7548	-2.6861753	1.0	1222500	17837.41406083107
489	-17.32	-17.32	-12.0	-2.6778753	4.429943	4.103567	-58.17429	-2.6779733	1.0	1225000	17872.315187454224
490	-19.56	-19.56	-8.7	-2.6777172	4.440494	2.5282745	-65.68928	-2.6772275	1.0	1227500	17907.720459222794
491	-16.88	-16.88	-9.8	-2.7003555	4.4883885	5.46016	-58.72287	-2.7005825	1.0	1230000	17942.254606962204
492	-18.88	-18.88	-10.2	-2.6878781	4.476658	6.272251	-56.85696	-2.6874928	1.0	1232500	17975.073371887207
493	-19.42	-19.42	-10.7	-2.6800098	4.465696	5.254988	-59.166485	-2.6801693	1.0	1235000	18008.20497751236
494	-18.82	-18.82	-9.900001	-2.6981883	4.494719	2.8463078	-59.889816	-2.698337	1.0	1237500	18040.289026260376
495	-17.18	-17.18	-5.7000003	-2.6784167	4.454933	2.4529243	-68.20719	-2.678321	1.0	1240000	18071.95801925659
496	-15.48	-15.48	-9.099999	-2.6871042	4.481496	2.9566057	-68.85643	-2.6872978	1.0	1242500	18102.892035484314
497	-19.52	-19.52	-7.6	-2.711515	4.4714203	2.9409394	-64.7258	-2.7118847	1.0	1245000	18132.10033082962
498	-16.1	-16.1	-10.599999	-2.7155883	4.460923	4.306889	-63.31417	-2.715356	1.0	1247500	18157.96097636223
499	-17.2	-17.2	-8.0	-2.709684	4.4895453	2.5682888	-58.201225	-2.709795	1.0	1250000	18185.97893500328
