Epoch	EpRet	EpRealRet	TestEpRet	AverageQ1	StdQ1	MaxQ1	MinQ1	Q2	TestSuccess	TotalEnvInteracts	TotalTime
0	-50.0	-50.0	-50.0	-1.3421015	1.9434851	1.0747656	-12.263769	-1.342357	0.0	2500	68.28361129760742
1	-47.1	-47.1	-40.0	-2.4465437	4.4609556	1.0749377	-22.476624	-2.4468453	0.2	5000	141.71411085128784
2	-47.0	-47.0	-45.0	-3.4938552	6.8505526	1.236666	-27.32565	-3.494567	0.1	7500	216.82695031166077
3	-46.0	-46.0	-45.0	-4.328284	8.784404	2.1414168	-41.674347	-4.3278227	0.1	10000	291.85786533355713
4	-48.9	-48.9	-50.0	-4.9980135	10.305838	1.4276128	-51.96114	-4.9979086	0.0	12500	363.7270622253418
5	-46.0	-46.0	-45.0	-5.557589	11.582729	1.8356735	-53.813065	-5.5573993	0.1	15000	437.0827317237854
6	-45.0	-45.0	-45.0	-6.1057196	12.709893	3.9300084	-83.28381	-6.105469	0.1	17500	509.887948513031
7	-47.0	-47.0	-45.0	-6.6150017	13.715449	3.3178096	-58.04867	-6.6151986	0.1	20000	585.0437173843384
8	-46.98	-46.98	-40.0	-6.9427557	14.471786	1.689492	-64.51057	-6.943131	0.2	22500	658.7883965969086
9	-49.0	-49.0	-50.0	-7.2956057	15.132383	1.4841512	-60.96161	-7.2956824	0.0	25000	733.3399007320404
10	-47.0	-47.0	-45.0	-7.5510454	15.63304	1.4602871	-60.17928	-7.55094	0.1	27500	807.5902705192566
11	-47.0	-47.0	-45.0	-7.7887993	16.125158	2.9802747	-62.897808	-7.788587	0.1	30000	880.222264289856
12	-49.0	-49.0	-45.0	-8.112764	16.702473	1.5292615	-59.024876	-8.11328	0.1	32500	955.0485799312592
13	-45.74	-45.74	-50.0	-8.303644	17.100765	3.78091	-62.957653	-8.303558	0.0	35000	1027.3287236690521
14	-46.62	-46.62	-45.0	-8.423764	17.404724	2.3237994	-56.065205	-8.424001	0.1	37500	1101.8867721557617
15	-45.34	-45.34	-50.0	-8.498627	17.497265	3.5408087	-62.781364	-8.498087	0.0	40000	1176.93869805336
16	-48.0	-48.0	-45.0	-8.492958	17.4521	1.9731128	-70.622246	-8.494322	0.1	42500	1250.8643383979797
17	-42.92	-42.92	-50.0	-8.480949	17.442383	4.364073	-71.13822	-8.480773	0.0	45000	1327.4421031475067
18	-47.3	-47.3	-45.0	-8.4712925	17.450008	2.774026	-62.627716	-8.472612	0.1	47500	1402.4805510044098
19	-48.0	-48.0	-50.0	-8.531255	17.525003	1.8676972	-78.3327	-8.532449	0.0	50000	1476.0899412631989
20	-47.26	-47.26	-45.0	-8.658994	17.710308	1.399394	-66.71727	-8.659365	0.1	52500	1551.590392589569
21	-50.0	-50.0	-50.0	-8.6768875	17.795078	1.8640206	-58.455486	-8.676965	0.0	55000	1625.6359395980835
22	-48.06	-48.06	-50.0	-8.762474	17.937586	1.8543657	-64.93935	-8.761894	0.0	57500	1699.9709873199463
23	-47.0	-47.0	-50.0	-8.809032	18.033766	2.7312632	-70.27745	-8.809096	0.0	60000	1775.3472604751587
24	-47.84	-47.84	-45.0	-8.958205	18.21683	5.477127	-64.10104	-8.956636	0.1	62500	1849.4802315235138
25	-48.0	-48.0	-45.0	-9.034048	18.325077	1.9295483	-66.11651	-9.0340805	0.1	65000	1922.8407793045044
26	-44.0	-44.0	-50.0	-9.038785	18.358732	2.765672	-61.6711	-9.038068	0.0	67500	1996.1291933059692
27	-47.0	-47.0	-45.0	-9.018565	18.362167	5.286627	-61.04791	-9.018057	0.1	70000	2070.6226692199707
28	-45.34	-45.34	-45.0	-9.034579	18.382689	3.4434683	-68.94707	-9.034912	0.1	72500	2143.8476417064667
29	-48.76	-48.76	-45.0	-9.042046	18.411127	3.1534455	-57.16542	-9.042318	0.1	75000	2218.401832342148
30	-48.0	-48.0	-45.0	-9.096484	18.465645	2.3167405	-61.099148	-9.097461	0.1	77500	2291.07852602005
31	-47.0	-47.0	-45.0	-9.130771	18.529007	3.6707819	-57.92409	-9.1306715	0.1	80000	2364.04820394516
32	-43.3	-43.3	-50.0	-9.087737	18.501331	7.7809544	-73.435875	-9.088062	0.0	82500	2438.7076246738434
33	-44.36	-44.36	-50.0	-9.008882	18.378794	11.868108	-57.783	-9.0083685	0.0	85000	2513.867686510086
34	-47.56	-47.56	-44.899998	-9.0920515	18.418894	3.8746557	-55.418926	-9.091954	0.1	87500	2589.6077241897583
35	-45.12	-45.12	-40.0	-9.078775	18.395151	1.8012357	-58.4278	-9.07789	0.2	90000	2663.8583867549896
36	-48.0	-48.0	-45.0	-8.988854	18.3385	4.7460127	-68.78318	-8.988484	0.1	92500	2737.9174082279205
37	-48.0	-48.0	-40.0	-9.004118	18.370178	8.246909	-61.3624	-9.00353	0.2	95000	2812.615738630295
38	-46.0	-46.0	-45.0	-9.126999	18.485773	3.0729456	-59.836834	-9.12703	0.1	97500	2883.587722301483
39	-46.74	-46.74	-45.0	-9.090298	18.478315	3.3165162	-57.28349	-9.090384	0.1	100000	2955.210591316223
40	-46.08	-46.08	-40.0	-9.103268	18.533922	2.5844111	-64.05298	-9.102887	0.2	102500	3025.007615327835
41	-48.0	-48.0	-40.0	-9.154445	18.579155	3.919858	-62.281265	-9.154486	0.2	105000	3095.0217905044556
42	-46.86	-46.86	-35.0	-9.185817	18.600832	3.923901	-58.83317	-9.186494	0.3	107500	3165.5217576026917
43	-46.0	-46.0	-40.0	-9.248425	18.64942	1.1347249	-64.26701	-9.249089	0.2	110000	3235.6941645145416
44	-47.74	-47.74	-50.0	-9.240855	18.633862	4.466906	-57.339386	-9.241221	0.0	112500	3306.03333568573
45	-48.94	-48.94	-45.0	-9.159085	18.552998	7.2710223	-65.18452	-9.159043	0.1	115000	3377.923954486847
46	-47.04	-47.04	-50.0	-9.221199	18.604805	1.5815816	-59.775806	-9.2218075	0.0	117500	3449.9465160369873
47	-46.84	-46.84	-45.0	-9.246642	18.625807	2.6582978	-61.767265	-9.246488	0.1	120000	3521.8285489082336
48	-48.0	-48.0	-50.0	-9.244297	18.638031	2.1623955	-61.939907	-9.244119	0.0	122500	3593.1529240608215
49	-45.72	-45.72	-40.0	-9.2253275	18.632189	2.3000531	-66.79953	-9.225854	0.2	125000	3662.713958501816
50	-47.76	-47.76	-45.0	-9.3056345	18.693382	1.228387	-58.53943	-9.306561	0.1	127500	3730.44654917717
51	-43.16	-43.16	-45.0	-9.239508	18.644127	1.7895867	-62.545483	-9.238429	0.1	130000	3799.15048623085
52	-48.62	-48.62	-45.0	-9.223755	18.633055	1.7908224	-57.60854	-9.223638	0.1	132500	3869.4450101852417
53	-43.0	-43.0	-45.0	-9.209172	18.613424	2.9272356	-65.14375	-9.207489	0.1	135000	3940.4139370918274
54	-45.3	-45.3	-50.0	-9.266674	18.677118	1.8222306	-60.100338	-9.267742	0.0	137500	4008.7084834575653
55	-47.0	-47.0	-45.0	-9.240529	18.672749	2.9727209	-58.849113	-9.240082	0.1	140000	4079.927221059799
56	-48.0	-48.0	-50.0	-9.274954	18.70632	3.3611364	-60.14643	-9.275741	0.0	142500	4149.659433841705
57	-46.5	-46.5	-50.0	-9.252808	18.70049	4.1309195	-57.822395	-9.252876	0.0	145000	4221.013783693314
58	-48.0	-48.0	-45.0	-9.22443	18.663206	2.0494556	-59.461617	-9.223722	0.1	147500	4290.88894033432
59	-47.98	-47.98	-50.0	-9.282672	18.699965	2.0241477	-57.993942	-9.282273	0.0	150000	4362.352873802185
60	-48.0	-48.0	-50.0	-9.165731	18.587845	3.692265	-68.93013	-9.165913	0.0	152500	4433.839645862579
61	-48.26	-48.26	-35.0	-9.182479	18.571215	3.160053	-61.413383	-9.181656	0.3	155000	4504.635468482971
62	-46.6	-46.6	-47.3	-9.22447	18.61592	4.417016	-62.025486	-9.224615	0.1	157500	4576.422094345093
63	-46.3	-46.3	-40.0	-9.285255	18.67716	2.5680504	-59.98157	-9.284258	0.2	160000	4646.833695411682
64	-48.12	-48.12	-49.8	-9.142922	18.564575	3.3729033	-57.690884	-9.142405	0.0	162500	4718.1443684101105
65	-47.0	-47.0	-50.0	-9.281917	18.697096	2.5631528	-64.11163	-9.281722	0.0	165000	4787.785840272903
66	-44.8	-44.8	-45.2	-9.273041	18.70397	2.089086	-67.35225	-9.273321	0.1	167500	4854.332199811935
67	-48.0	-48.0	-50.0	-9.319108	18.743238	2.5955367	-67.25067	-9.318643	0.0	170000	4917.495252370834
68	-47.24	-47.24	-40.0	-9.209457	18.645058	4.553215	-60.676495	-9.209756	0.2	172500	4979.791796445847
69	-46.42	-46.42	-50.0	-9.248906	18.675678	3.8515544	-62.7488	-9.249039	0.0	175000	5038.6035277843475
70	-47.04	-47.04	-40.0	-9.224158	18.649662	2.3409464	-58.54879	-9.224705	0.2	177500	5095.526848316193
71	-43.62	-43.62	-37.600002	-9.25179	18.66401	2.0463212	-59.674866	-9.25186	0.3	180000	5153.627123832703
72	-46.02	-46.02	-45.0	-9.227409	18.639084	7.8183107	-66.95158	-9.227121	0.1	182500	5210.430138587952
73	-47.28	-47.28	-50.0	-9.288383	18.68058	3.6845899	-62.67386	-9.288306	0.0	185000	5268.505864620209
74	-44.5	-44.5	-50.0	-9.317371	18.69116	3.0055122	-57.84752	-9.317173	0.0	187500	5326.65834236145
75	-49.92	-49.92	-50.0	-9.247468	18.618086	2.1896403	-62.62163	-9.248058	0.0	190000	5383.610716819763
76	-46.9	-46.9	-45.5	-9.237396	18.596525	1.7866592	-63.822407	-9.237072	0.1	192500	5440.822049379349
77	-47.98	-47.98	-50.0	-9.185957	18.532309	2.6776662	-58.00033	-9.185926	0.0	195000	5497.048806667328
78	-49.42	-49.42	-45.0	-9.252021	18.547014	2.8902478	-62.721867	-9.252237	0.1	197500	5555.121596813202
79	-44.02	-44.02	-47.7	-9.171125	18.459373	1.9624349	-60.483585	-9.171167	0.1	200000	5611.911286830902
80	-46.02	-46.02	-37.5	-9.125969	18.42532	5.2578063	-62.8999	-9.1259775	0.2	202500	5670.278351783752
81	-43.88	-43.88	-45.0	-9.1568775	18.445896	2.3215795	-57.78376	-9.157608	0.1	205000	5726.599260568619
82	-48.32	-48.32	-45.0	-9.098224	18.402681	1.7604394	-64.25995	-9.098251	0.1	207500	5783.501717805862
83	-49.84	-49.84	-45.0	-9.157257	18.445446	3.5752149	-59.336647	-9.157042	0.1	210000	5840.864655256271
84	-47.0	-47.0	-50.0	-9.140183	18.438078	3.9941835	-63.941875	-9.1406555	0.0	212500	5898.22821521759
85	-47.52	-47.52	-40.0	-9.065539	18.36996	4.1847534	-58.26673	-9.065102	0.2	215000	5953.700572729111
86	-41.88	-41.88	-45.0	-9.112132	18.406479	3.0082083	-67.39684	-9.111248	0.1	217500	6011.881045103073
87	-47.78	-47.78	-50.0	-9.146804	18.436392	2.7882612	-72.59962	-9.147132	0.0	220000	6068.378054141998
88	-43.58	-43.58	-50.0	-9.125875	18.411434	2.9223185	-59.421043	-9.125529	0.0	222500	6126.379317522049
89	-46.72	-46.72	-50.0	-9.1066	18.391125	1.0688503	-58.030323	-9.106145	0.0	225000	6182.017325162888
90	-48.0	-48.0	-32.0	-9.145817	18.418133	1.2879808	-60.539047	-9.146212	0.4	227500	6239.7472932338715
91	-48.0	-48.0	-50.0	-9.14128	18.388338	3.0569267	-60.623413	-9.14221	0.0	230000	6296.687972545624
92	-48.3	-48.3	-50.0	-9.119279	18.33355	2.1616552	-56.970257	-9.119215	0.0	232500	6352.0837733745575
93	-47.34	-47.34	-50.0	-9.080868	18.26098	2.8567514	-72.89849	-9.080032	0.0	235000	6409.951650857925
94	-48.0	-48.0	-45.0	-9.045521	18.204622	0.8553382	-58.995564	-9.045358	0.1	237500	6466.042485713959
95	-46.5	-46.5	-45.0	-9.072613	18.209816	3.5405242	-57.493256	-9.072687	0.1	240000	6522.564059972763
96	-47.56	-47.56	-50.0	-8.973799	18.130733	2.4370155	-59.434765	-8.974175	0.0	242500	6577.973823785782
97	-39.98	-39.98	-50.0	-8.992013	18.135551	1.522792	-58.655357	-8.992573	0.0	245000	6634.7244510650635
98	-43.28	-43.28	-40.899998	-8.955786	18.059402	1.0322154	-60.558205	-8.958122	0.2	247500	6691.056690216064
99	-42.2	-42.2	-45.399998	-8.849872	17.932114	1.1000094	-59.41164	-8.849992	0.1	250000	6748.463163137436
100	-45.78	-45.78	-45.0	-8.939854	17.969536	2.00099	-64.87537	-8.939236	0.1	252500	6803.373150348663
101	-46.0	-46.0	-50.0	-8.8232975	17.83676	1.1515224	-63.32667	-8.822699	0.0	255000	6859.71250462532
102	-46.84	-46.84	-45.7	-8.758639	17.741085	3.9316072	-64.38983	-8.758108	0.1	257500	6916.365215539932
103	-45.66	-45.66	-49.1	-8.820466	17.761478	2.7931004	-64.365234	-8.820752	0.0	260000	6972.762829780579
104	-47.52	-47.52	-40.0	-8.799202	17.685259	5.2456665	-59.820885	-8.799743	0.2	262500	7030.213207960129
105	-47.14	-47.14	-45.0	-8.663325	17.521181	3.4083555	-61.090286	-8.662859	0.1	265000	7088.191317796707
106	-44.64	-44.64	-41.2	-8.664556	17.502651	5.759236	-62.80654	-8.663708	0.2	267500	7145.605268239975
107	-47.5	-47.5	-46.8	-8.748525	17.577757	0.76975954	-58.360165	-8.748307	0.1	270000	7202.826711654663
108	-42.38	-42.38	-41.7	-8.703342	17.551186	2.6629124	-61.913418	-8.703606	0.2	272500	7259.682551622391
109	-45.46	-45.46	-50.0	-8.754736	17.572554	1.0616043	-59.443222	-8.755977	0.0	275000	7316.46759557724
110	-45.2	-45.2	-41.2	-8.694949	17.501404	3.5401495	-60.75504	-8.6937685	0.2	277500	7373.8302001953125
111	-45.42	-45.42	-42.100002	-8.677859	17.430151	1.6188555	-59.44833	-8.677947	0.2	280000	7429.747811079025
112	-46.9	-46.9	-45.399998	-8.597237	17.30095	1.7694639	-60.49676	-8.596143	0.2	282500	7487.2820880413055
113	-45.02	-45.02	-45.0	-8.544678	17.18688	3.3919592	-61.312176	-8.545108	0.1	285000	7543.91394162178
114	-44.22	-44.22	-44.3	-8.524305	17.126574	1.5200096	-61.30118	-8.524373	0.2	287500	7601.203816652298
115	-44.54	-44.54	-50.0	-8.49048	17.06766	2.7073927	-62.12157	-8.490445	0.0	290000	7658.089085817337
116	-42.96	-42.96	-45.399998	-8.391115	16.949406	3.3760428	-62.06906	-8.392537	0.1	292500	7714.2956964969635
117	-43.8	-43.8	-45.0	-8.378256	16.918907	3.1501782	-58.64804	-8.379562	0.1	295000	7771.435808897018
118	-45.56	-45.56	-45.0	-8.316226	16.818356	1.6964372	-60.195442	-8.316343	0.1	297500	7828.175561904907
119	-42.82	-42.82	-47.8	-8.353295	16.835371	6.2601666	-66.01703	-8.353273	0.1	300000	7885.060010671616
120	-42.22	-42.22	-41.0	-8.271642	16.741697	3.0555816	-62.47545	-8.271588	0.2	302500	7942.14301943779
121	-43.1	-43.1	-50.0	-8.296329	16.701418	1.3950466	-67.070885	-8.298665	0.0	305000	7999.315192461014
122	-45.88	-45.88	-40.0	-8.235044	16.56394	1.6266179	-60.708076	-8.236285	0.2	307500	8056.1993496418
123	-46.16	-46.16	-46.7	-8.076469	16.279404	1.755323	-60.53357	-8.076002	0.1	310000	8112.2005026340485
124	-43.94	-43.94	-46.6	-8.077163	16.236792	3.314915	-83.867325	-8.077543	0.1	312500	8169.438666343689
125	-44.86	-44.86	-43.0	-7.9738913	16.095955	2.542107	-66.064316	-7.973132	0.2	315000	8225.668577432632
126	-43.42	-43.42	-35.5	-7.959947	15.9936285	4.3464627	-65.89589	-7.9602194	0.4	317500	8281.0619866848
127	-43.62	-43.62	-43.0	-7.9112296	15.885191	3.6779995	-64.62353	-7.9089932	0.2	320000	8338.135330438614
128	-41.46	-41.46	-35.5	-7.709067	15.53111	1.4467835	-65.2653	-7.7084713	0.4	322500	8394.180641412735
129	-43.74	-43.74	-49.8	-7.553697	15.180471	1.5961028	-62.914593	-7.5537677	0.0	325000	8451.284672021866
130	-46.86	-46.86	-44.600002	-7.3712497	14.736575	4.616751	-59.99031	-7.3695245	0.1	327500	8508.23817038536
131	-43.98	-43.98	-43.899998	-7.317819	14.567477	3.3371496	-59.52288	-7.316687	0.2	330000	8564.236066818237
132	-43.4	-43.4	-38.2	-7.3078628	14.554377	3.5786347	-66.88388	-7.305639	0.3	332500	8620.27609038353
133	-43.12	-43.12	-39.399998	-7.3275104	14.592484	3.5166092	-60.286617	-7.3286157	0.2	335000	8676.733016729355
134	-45.52	-45.52	-40.600002	-7.3652143	14.638402	5.066832	-58.886864	-7.36468	0.2	337500	8732.589843034744
135	-43.18	-43.18	-44.8	-7.288166	14.50778	3.652852	-63.28409	-7.288887	0.1	340000	8789.704247951508
136	-41.76	-41.76	-41.5	-7.2636056	14.430176	2.4148648	-62.181145	-7.264139	0.2	342500	8845.80959534645
137	-40.36	-40.36	-34.3	-7.2022777	14.29019	4.29257	-59.751076	-7.2021823	0.4	345000	8903.261877059937
138	-40.46	-40.46	-35.100002	-7.067722	14.041722	3.4091606	-64.80499	-7.0674496	0.4	347500	8960.74581861496
139	-40.64	-40.64	-36.3	-7.1335344	13.994338	6.414876	-61.33212	-7.13313	0.4	350000	9017.31629061699
140	-39.14	-39.14	-42.8	-7.0636415	13.833482	3.138144	-61.609467	-7.0641212	0.3	352500	9075.04583120346
141	-40.72	-40.72	-34.399998	-6.991731	13.793799	3.9509454	-63.731598	-6.9932384	0.3	355000	9132.202774524689
142	-38.68	-38.68	-40.899998	-6.996729	13.809998	2.950777	-62.021614	-6.997556	0.2	357500	9188.747898340225
143	-41.94	-41.94	-45.0	-7.014319	13.737194	4.3878517	-62.678947	-7.0146694	0.1	360000	9245.07344865799
144	-41.36	-41.36	-44.2	-6.9391456	13.515018	3.728258	-69.356445	-6.9390397	0.3	362500	9301.645120382309
145	-43.08	-43.08	-42.600002	-6.912434	13.393963	3.0644302	-62.370502	-6.912012	0.2	365000	9357.989473104477
146	-37.6	-37.6	-38.7	-6.827413	13.279135	2.4120467	-58.270817	-6.827144	0.3	367500	9414.943416833878
147	-38.8	-38.8	-38.399998	-6.7772474	13.136173	4.6023226	-64.92843	-6.777073	0.4	370000	9471.228352308273
148	-41.78	-41.78	-39.2	-6.634865	12.863915	2.4985938	-66.83964	-6.635703	0.3	372500	9529.226702928543
149	-36.68	-36.68	-35.5	-6.5827975	12.745167	2.7188718	-78.52081	-6.5844913	0.4	375000	9586.142642974854
150	-38.46	-38.46	-37.5	-6.4530697	12.48987	3.5678463	-60.136566	-6.4551406	0.2	377500	9643.226154327393
151	-37.5	-37.5	-31.0	-6.389587	12.237367	2.1101632	-69.228226	-6.389449	0.5	380000	9699.192650318146
152	-36.2	-36.2	-32.8	-6.3310494	12.057435	2.4026384	-59.66082	-6.3323755	0.4	382500	9757.642624378204
153	-34.04	-34.04	-28.7	-6.277018	11.815951	2.2148037	-62.439655	-6.2771797	0.7	385000	9813.668380022049
154	-35.98	-35.98	-29.5	-6.167212	11.582453	3.0127344	-62.342083	-6.1677685	0.5	387500	9871.086727380753
155	-37.96	-37.96	-34.100002	-6.1412487	11.390854	5.017305	-59.783764	-6.1425447	0.4	390000	9926.316074609756
156	-33.1	-33.1	-34.3	-6.001045	11.134569	2.2883499	-66.61686	-6.003393	0.5	392500	9984.003228664398
157	-34.84	-34.84	-35.2	-5.962216	10.985791	1.9470748	-66.36258	-5.9623995	0.5	395000	10040.666362285614
158	-33.42	-33.42	-20.6	-5.854562	10.679498	3.0982656	-58.768707	-5.8573837	0.9	397500	10096.38392329216
159	-34.64	-34.64	-34.600002	-5.774988	10.454043	3.4994352	-59.77688	-5.7750816	0.4	400000	10153.054107189178
160	-33.68	-33.68	-34.600002	-5.7453146	10.366841	1.8539603	-61.670055	-5.745447	0.5	402500	10209.229734420776
161	-35.68	-35.68	-22.800001	-5.669879	10.158441	2.7975824	-58.883408	-5.6680403	0.8	405000	10265.890658855438
162	-33.02	-33.02	-19.800001	-5.5150723	9.888617	2.4836557	-59.425934	-5.5157633	0.8	407500	10320.70842576027
163	-33.5	-33.5	-22.699999	-5.4819913	9.755423	2.4689097	-57.382835	-5.482046	0.8	410000	10378.06328368187
164	-29.68	-29.68	-23.1	-5.3607745	9.441325	2.9068282	-59.73797	-5.36338	0.8	412500	10434.15889430046
165	-28.62	-28.62	-21.9	-5.2722116	9.275476	6.0273094	-59.448666	-5.2726407	0.8	415000	10491.938658237457
166	-27.88	-27.88	-22.9	-5.1421957	9.079921	2.6079996	-59.791466	-5.1417766	0.9	417500	10549.013083696365
167	-32.38	-32.38	-19.6	-5.136816	8.966104	2.725322	-63.14498	-5.1363187	0.9	420000	10605.911777496338
168	-29.04	-29.04	-9.5	-5.099418	8.847098	2.1037436	-59.766117	-5.099129	1.0	422500	10662.600794792175
169	-27.52	-27.52	-16.300001	-5.1201553	8.815838	2.8331738	-66.2593	-5.1213026	0.9	425000	10720.503540277481
170	-28.1	-28.1	-11.3	-5.035435	8.647351	5.501607	-59.091225	-5.036197	1.0	427500	10776.891535282135
171	-26.3	-26.3	-23.0	-5.0369916	8.612755	2.0400276	-57.84018	-5.0371876	0.9	430000	10833.270883321762
172	-29.68	-29.68	-22.9	-4.958746	8.4735985	2.0600896	-59.537872	-4.958654	0.6	432500	10889.188091754913
173	-29.28	-29.28	-10.8	-4.8551517	8.261725	1.6047616	-58.808567	-4.852137	1.0	435000	10945.508465766907
174	-25.66	-25.66	-15.7	-4.8492417	8.156321	4.524488	-56.3118	-4.8485756	0.9	437500	11002.565845012665
175	-27.34	-27.34	-21.6	-4.762755	7.959022	3.5081463	-65.94069	-4.759845	0.8	440000	11058.878899097443
176	-27.22	-27.22	-17.800001	-4.7484894	7.878365	2.9481187	-56.533974	-4.7481093	1.0	442500	11115.924117803574
177	-25.24	-25.24	-14.7	-4.725935	7.7750044	2.3602378	-57.365253	-4.7239575	0.9	445000	11171.58206152916
178	-25.32	-25.32	-13.2	-4.698411	7.663762	1.9785063	-59.76603	-4.6972055	1.0	447500	11228.084693670273
179	-26.74	-26.74	-24.5	-4.6466813	7.546988	1.8998067	-57.769417	-4.6487203	0.7	450000	11283.457447767258
180	-27.9	-27.9	-15.6	-4.622569	7.483057	2.9160259	-66.19061	-4.6231365	0.9	452500	11340.811780929565
181	-21.96	-21.96	-12.8	-4.637941	7.4371333	2.2058141	-58.376984	-4.6393695	1.0	455000	11397.715096473694
182	-23.7	-23.7	-11.599999	-4.586467	7.3156967	2.5422223	-55.748665	-4.5867386	1.0	457500	11454.810791015625
183	-23.88	-23.88	-19.4	-4.5315595	7.1186996	2.1385036	-58.666096	-4.531854	0.9	460000	11511.003782510757
184	-26.08	-26.08	-11.400001	-4.5249104	7.120073	2.3396454	-58.59898	-4.5227127	1.0	462500	11567.87990283966
185	-24.46	-24.46	-4.7999997	-4.4859233	7.0141973	3.1780565	-60.120747	-4.4844236	1.0	465000	11624.507363796234
186	-26.0	-26.0	-13.9	-4.4286003	6.9486003	2.0169249	-60.629093	-4.428105	1.0	467500	11680.863701343536
187	-24.96	-24.96	-11.599999	-4.427367	6.8600597	2.2686222	-68.63435	-4.4274626	1.0	470000	11736.466997146606
188	-25.58	-25.58	-18.0	-4.4174495	6.8502645	2.7306278	-57.34905	-4.419659	0.9	472500	11793.80648612976
189	-22.36	-22.36	-18.0	-4.4095087	6.814975	2.9901953	-65.06548	-4.411083	0.9	475000	11852.172614097595
190	-26.46	-26.46	-19.699999	-4.4315352	6.7223334	2.160315	-61.253574	-4.4293656	0.9	477500	11908.210631370544
191	-25.7	-25.7	-21.0	-4.3895965	6.6593566	3.1844122	-64.62004	-4.3902016	0.8	480000	11966.436206102371
192	-20.98	-20.98	-14.0	-4.369151	6.5799	3.740623	-59.08458	-4.370215	1.0	482500	12022.747478961945
193	-24.62	-24.62	-12.9	-4.3298984	6.499159	2.0609295	-64.103096	-4.3276525	1.0	485000	12080.554299354553
194	-23.44	-23.44	-14.1	-4.2922626	6.399907	2.4207485	-56.307076	-4.29202	0.9	487500	12136.873564481735
195	-20.12	-20.12	-15.7	-4.238086	6.2995586	2.3462214	-65.558586	-4.2384	0.9	490000	12192.960372924805
196	-23.2	-23.2	-10.400001	-4.229	6.1984687	1.7431927	-58.312943	-4.2296286	1.0	492500	12249.182607650757
197	-24.0	-24.0	-16.699999	-4.1775494	6.1132827	2.349026	-72.20667	-4.176985	0.9	495000	12307.659951210022
198	-22.48	-22.48	-11.2	-4.1688805	6.079163	3.8119416	-62.15521	-4.1692214	1.0	497500	12363.71941947937
199	-20.26	-20.26	-12.2	-4.148988	6.0360956	3.0616956	-57.561874	-4.1490064	1.0	500000	12420.508472442627
200	-23.36	-23.36	-11.3	-4.120714	6.0043406	2.016055	-63.043575	-4.1201234	1.0	502500	12476.941348791122
201	-25.58	-25.58	-13.4	-4.0976853	5.9362693	2.2251976	-59.913174	-4.0972486	0.9	505000	12533.602992773056
202	-22.64	-22.64	-10.8	-4.113928	5.925835	4.0188084	-77.930145	-4.11477	1.0	507500	12588.956388950348
203	-22.12	-22.12	-13.1	-4.082933	5.862705	2.1089647	-71.53727	-4.0821376	0.9	510000	12646.231407642365
204	-21.3	-21.3	-15.9	-4.0841417	5.8007126	1.816273	-65.3525	-4.082337	0.9	512500	12702.824281930923
205	-21.8	-21.8	-8.8	-4.0872602	5.783274	2.3745918	-71.1366	-4.0858183	1.0	515000	12759.381092786789
206	-19.04	-19.04	-9.2	-4.023608	5.7104154	2.1202178	-59.799706	-4.0238657	1.0	517500	12816.497297763824
207	-18.78	-18.78	-15.8	-4.0110583	5.6615243	2.7726233	-56.664707	-4.0118484	0.9	520000	12872.343894958496
208	-24.76	-24.76	-13.2	-4.014125	5.659301	2.4939916	-58.728672	-4.011801	1.0	522500	12929.197827577591
209	-21.54	-21.54	-16.4	-3.9905012	5.5958695	1.8865619	-56.51238	-3.9902973	0.8	525000	12985.56896352768
210	-23.38	-23.38	-10.400001	-3.9545794	5.5579076	3.1629322	-65.51722	-3.954855	1.0	527500	13042.039730787277
211	-21.98	-21.98	-9.099999	-3.9875143	5.5592546	2.6283727	-57.69582	-3.9870183	1.0	530000	13098.484596729279
212	-21.34	-21.34	-17.0	-3.940368	5.4917197	2.437476	-60.307228	-3.9405491	0.8	532500	13155.400066614151
213	-23.04	-23.04	-11.7	-3.9206166	5.443012	2.3936846	-60.512135	-3.9199076	1.0	535000	13211.955537319183
214	-23.42	-23.42	-15.3	-3.9014452	5.412626	2.3763168	-55.925735	-3.9010074	0.9	537500	13269.43631029129
215	-18.38	-18.38	-9.900001	-3.8786507	5.3649707	2.0960095	-57.566734	-3.8793547	1.0	540000	13326.280840396881
216	-22.04	-22.04	-20.4	-3.901227	5.3835764	2.0186634	-67.047226	-3.9010193	0.8	542500	13384.92878818512
217	-20.42	-20.42	-14.7	-3.8152583	5.284046	3.8452384	-57.166718	-3.8146079	1.0	545000	13440.430025339127
218	-23.18	-23.18	-9.3	-3.8115592	5.273505	2.574439	-59.912945	-3.810045	1.0	547500	13497.610267162323
219	-21.06	-21.06	-12.8	-3.8165407	5.2332935	2.3564935	-57.26807	-3.8158782	1.0	550000	13554.70044708252
220	-22.34	-22.34	-12.4	-3.805926	5.227984	3.0927122	-55.638817	-3.8060024	1.0	552500	13611.409468889236
221	-19.46	-19.46	-12.2	-3.7997715	5.214641	2.201533	-63.142876	-3.7992914	1.0	555000	13667.719851970673
222	-17.58	-17.58	-12.7	-3.7841911	5.1959596	3.2117054	-58.261696	-3.785197	0.9	557500	13724.9126663208
223	-21.62	-21.62	-14.8	-3.7445686	5.1368856	1.9965451	-57.444023	-3.745422	1.0	560000	13781.552171230316
224	-22.78	-22.78	-11.3	-3.7217422	5.1173973	2.0988686	-71.84715	-3.7221868	1.0	562500	13837.68379330635
225	-21.32	-21.32	-15.4	-3.7162218	5.103313	2.3510163	-65.26195	-3.7175362	0.9	565000	13895.683004379272
226	-21.18	-21.18	-10.599999	-3.7318335	5.1170135	1.7235508	-64.60079	-3.7308738	1.0	567500	13951.820954561234
227	-19.78	-19.78	-19.199999	-3.7085264	5.0953074	4.2183785	-65.067085	-3.7092326	1.0	570000	14008.802567243576
228	-23.2	-23.2	-11.2	-3.682019	5.0556197	2.0005474	-60.181484	-3.6814833	1.0	572500	14064.557854175568
229	-21.24	-21.24	-11.7	-3.6655514	5.0140896	2.1525562	-56.571148	-3.666072	0.9	575000	14120.406411409378
230	-22.38	-22.38	-13.1	-3.674288	5.001294	2.5908012	-59.010036	-3.6750433	1.0	577500	14175.65928030014
231	-20.1	-20.1	-12.3	-3.6730442	4.9821887	1.7263038	-61.726814	-3.6725266	1.0	580000	14231.72887134552
232	-20.52	-20.52	-11.8	-3.643454	4.9475727	2.0878162	-59.816605	-3.6431856	0.9	582500	14288.047749757767
233	-22.52	-22.52	-8.7	-3.6427512	4.9433713	2.2520661	-59.149227	-3.643107	1.0	585000	14345.725703716278
234	-19.3	-19.3	-11.599999	-3.6343374	4.9355397	1.8697083	-57.07988	-3.6345558	0.9	587500	14402.017035961151
235	-19.5	-19.5	-7.1	-3.616217	4.939438	1.9151301	-58.75386	-3.616062	1.0	590000	14459.422124385834
236	-19.12	-19.12	-8.5	-3.6166384	4.945223	3.1434271	-60.609863	-3.6154113	1.0	592500	14514.84098649025
237	-26.3	-26.3	-13.9	-3.6070604	4.9305387	2.4071975	-62.423267	-3.6076238	1.0	595000	14572.442516088486
238	-20.34	-20.34	-10.2	-3.5880296	4.9411716	2.626523	-59.082397	-3.588015	1.0	597500	14629.758348226547
239	-15.88	-15.88	-9.900001	-3.5880072	4.9374013	3.1400926	-61.473743	-3.587966	1.0	600000	14685.803975582123
240	-20.9	-20.9	-10.400001	-3.5911164	4.949097	1.9722805	-68.06279	-3.5920613	1.0	602500	14743.180580615997
241	-20.68	-20.68	-8.3	-3.5792542	4.9327407	1.788507	-70.0384	-3.5783596	1.0	605000	14799.349844932556
242	-21.86	-21.86	-16.300001	-3.5896878	4.9573164	2.0742273	-60.008274	-3.5900772	1.0	607500	14856.266659259796
243	-18.8	-18.8	-11.9	-3.591417	4.998549	3.0582728	-58.144974	-3.590719	1.0	610000	14912.74958395958
244	-21.28	-21.28	-8.5	-3.5725563	4.9677215	2.0070262	-57.42457	-3.5710754	1.0	612500	14969.809430122375
245	-22.28	-22.28	-8.8	-3.5509212	4.9381485	2.1178057	-62.594414	-3.5508049	1.0	615000	15024.791989326477
246	-19.44	-19.44	-11.3	-3.5162227	4.926396	1.723424	-59.555695	-3.5163927	1.0	617500	15081.56603384018
247	-19.82	-19.82	-13.7	-3.4967003	4.8888335	2.1705523	-61.741295	-3.497154	0.9	620000	15137.592490673065
248	-21.78	-21.78	-16.300001	-3.498562	4.8628736	1.9324384	-60.165726	-3.4978442	1.0	622500	15194.440457105637
249	-19.22	-19.22	-10.7	-3.4941018	4.8663354	2.3441951	-58.13957	-3.4945855	1.0	625000	15250.144177913666
250	-19.66	-19.66	-11.8	-3.4850144	4.897156	2.4866505	-69.855934	-3.4855535	1.0	627500	15307.000188350677
251	-19.56	-19.56	-11.7	-3.4486086	4.8315487	2.2667756	-57.45962	-3.447941	1.0	630000	15362.642739534378
252	-21.04	-21.04	-8.900001	-3.442266	4.824679	1.808485	-81.34003	-3.4431062	1.0	632500	15419.081742048264
253	-21.16	-21.16	-11.599999	-3.4343297	4.8358393	1.8664272	-68.08123	-3.4335215	1.0	635000	15475.082296609879
254	-21.78	-21.78	-13.7	-3.4282076	4.7986193	2.0317004	-59.563225	-3.4288945	0.9	637500	15532.240424156189
255	-20.82	-20.82	-10.8	-3.3992522	4.735307	2.138098	-56.20633	-3.3994215	1.0	640000	15588.820178508759
256	-18.04	-18.04	-13.3	-3.3933356	4.770534	2.01175	-59.34397	-3.3936965	0.9	642500	15645.069692611694
257	-20.78	-20.78	-11.9	-3.369483	4.7794886	3.0208008	-59.440033	-3.369803	1.0	645000	15702.351502895355
258	-20.78	-20.78	-11.7	-3.3627949	4.7575336	1.5688412	-86.91165	-3.3615851	0.9	647500	15758.343413829803
259	-21.9	-21.9	-10.5	-3.3687067	4.772169	2.5186405	-56.95466	-3.3698962	1.0	650000	15814.204418420792
260	-18.04	-18.04	-8.8	-3.3661938	4.7307124	2.2023976	-55.326992	-3.368326	1.0	652500	15870.125279664993
261	-24.76	-24.76	-10.8	-3.3714042	4.7475395	2.1871054	-59.113873	-3.3709466	1.0	655000	15929.032740831375
262	-20.18	-20.18	-10.8	-3.3585327	4.7294703	2.6855178	-61.34479	-3.3576252	1.0	657500	15986.02572607994
263	-23.26	-23.26	-15.8	-3.33897	4.7284646	1.9381175	-59.38769	-3.3394086	1.0	660000	16043.681497812271
264	-21.3	-21.3	-13.1	-3.3789713	4.7865086	1.7907684	-66.633736	-3.379347	0.9	662500	16099.689753055573
265	-20.52	-20.52	-10.3	-3.3619468	4.714287	2.5305884	-57.85254	-3.3612804	1.0	665000	16156.95325922966
266	-21.74	-21.74	-14.6	-3.3617775	4.729666	1.5990655	-74.14033	-3.361227	0.9	667500	16212.855528354645
267	-19.8	-19.8	-19.4	-3.3459113	4.698597	1.5808029	-67.75874	-3.344484	0.8	670000	16270.004872322083
268	-19.86	-19.86	-11.599999	-3.3175044	4.672699	1.9493148	-57.411	-3.316437	1.0	672500	16326.062094688416
269	-20.6	-20.6	-14.2	-3.290788	4.6277723	2.3308	-57.62073	-3.2905643	1.0	675000	16384.332091331482
270	-20.74	-20.74	-10.2	-3.2943008	4.666315	2.679638	-58.079155	-3.2941804	1.0	677500	16441.781368255615
271	-20.22	-20.22	-8.900001	-3.2821763	4.6265635	2.243911	-60.687695	-3.2813287	1.0	680000	16497.748529195786
272	-16.84	-16.84	-8.3	-3.2521021	4.5923915	2.2185779	-62.105423	-3.2522204	1.0	682500	16554.536993026733
273	-22.18	-22.18	-14.9	-3.2503593	4.6173677	2.7064576	-61.729595	-3.2501695	0.9	685000	16609.7986433506
274	-20.88	-20.88	-10.2	-3.2431219	4.5988464	2.070773	-62.125927	-3.242744	1.0	687500	16667.349034786224
275	-22.08	-22.08	-8.3	-3.2347658	4.5770445	2.4789767	-58.46365	-3.2359564	1.0	690000	16725.02306342125
276	-19.6	-19.6	-8.8	-3.268053	4.640736	1.8711431	-62.010185	-3.2682197	1.0	692500	16782.064266204834
277	-18.7	-18.7	-10.8	-3.2526557	4.6447644	2.408549	-61.183735	-3.2534916	1.0	695000	16838.16949248314
278	-17.14	-17.14	-10.7	-3.226661	4.6359196	2.2014742	-56.72958	-3.2263315	1.0	697500	16895.70739221573
279	-20.48	-20.48	-7.1	-3.2178967	4.6249557	5.1528845	-61.38918	-3.2184246	1.0	700000	16951.72023153305
280	-20.52	-20.52	-10.2	-3.2269967	4.6283207	2.001613	-62.6407	-3.22911	1.0	702500	17008.204564332962
281	-19.96	-19.96	-11.7	-3.2023764	4.6009383	2.371969	-57.544968	-3.2017565	1.0	705000	17064.211166381836
282	-17.4	-17.4	-9.8	-3.224953	4.6289034	2.2709148	-59.69906	-3.2254097	1.0	707500	17120.82536840439
283	-22.3	-22.3	-10.0	-3.1990108	4.6210003	3.2904692	-57.943375	-3.198795	1.0	710000	17177.742632865906
284	-18.56	-18.56	-16.1	-3.2150865	4.6188383	1.9779968	-58.08361	-3.213605	0.9	712500	17234.468622922897
285	-22.4	-22.4	-9.599999	-3.2041063	4.611666	3.3331585	-57.842854	-3.2045517	1.0	715000	17291.348887205124
286	-21.64	-21.64	-13.6	-3.2103584	4.6104507	2.748952	-68.65364	-3.2100916	0.9	717500	17347.810057401657
287	-19.1	-19.1	-12.5	-3.2034051	4.5829515	3.3937669	-58.842262	-3.2035491	0.9	720000	17405.786390781403
288	-19.02	-19.02	-11.2	-3.2203925	4.6391234	2.6424675	-55.519344	-3.2206888	1.0	722500	17461.707345724106
289	-18.14	-18.14	-6.4	-3.2150404	4.620762	2.4364343	-58.239952	-3.2159152	1.0	725000	17518.441733837128
290	-20.44	-20.44	-11.7	-3.1936326	4.5973005	4.016149	-56.828053	-3.1945586	1.0	727500	17574.030726909637
291	-17.58	-17.58	-11.599999	-3.2018595	4.6289573	1.6415844	-64.75062	-3.202104	1.0	730000	17630.207995653152
292	-17.96	-17.96	-10.2	-3.2162495	4.633398	2.660851	-57.313934	-3.215142	1.0	732500	17685.752647161484
293	-16.08	-16.08	-11.0	-3.2221138	4.6535997	2.0149093	-62.90397	-3.2223687	1.0	735000	17742.192247629166
294	-20.34	-20.34	-13.0	-3.2068536	4.5973134	4.1752167	-56.921482	-3.2063124	0.9	737500	17796.606601953506
295	-19.66	-19.66	-10.3	-3.1821306	4.580018	2.0940728	-59.178356	-3.182327	1.0	740000	17852.86486005783
296	-21.04	-21.04	-8.599999	-3.1549811	4.5563235	2.2674408	-56.85724	-3.1538196	1.0	742500	17909.32895207405
297	-18.56	-18.56	-8.099999	-3.155271	4.5678506	2.815979	-62.12151	-3.1544633	1.0	745000	17966.0016374588
298	-20.6	-20.6	-9.3	-3.1547925	4.558088	1.8579006	-61.444767	-3.154656	1.0	747500	18022.470935821533
299	-20.06	-20.06	-8.900001	-3.1521537	4.550998	1.9511461	-61.217327	-3.1509876	1.0	750000	18081.2857503891
300	-19.32	-19.32	-12.2	-3.1341872	4.546397	3.4874835	-61.199432	-3.135416	1.0	752500	18136.84637784958
301	-19.8	-19.8	-8.3	-3.1462877	4.5497794	2.3852391	-58.628403	-3.1461852	1.0	755000	18194.259334802628
302	-20.56	-20.56	-5.5	-3.1430845	4.558068	1.5964231	-56.964832	-3.1434543	1.0	757500	18252.483812093735
303	-19.8	-19.8	-11.400001	-3.170583	4.5760975	2.0105143	-59.135994	-3.170392	1.0	760000	18310.062269449234
304	-18.98	-18.98	-9.599999	-3.1594102	4.589194	2.9645467	-58.89357	-3.1594186	1.0	762500	18366.84675502777
305	-20.32	-20.32	-10.400001	-3.1684668	4.583396	2.3299122	-58.745953	-3.1696005	1.0	765000	18423.61743736267
306	-21.46	-21.46	-9.8	-3.1653955	4.5968046	4.631559	-57.7193	-3.1652858	1.0	767500	18481.896880865097
307	-19.12	-19.12	-9.599999	-3.163002	4.6019983	3.029015	-61.52017	-3.1620176	1.0	770000	18539.092592954636
308	-21.24	-21.24	-14.8	-3.1756198	4.6284566	2.5187101	-67.75601	-3.1749332	0.9	772500	18595.643352746964
309	-17.78	-17.78	-10.900001	-3.1798368	4.6077113	1.8937769	-66.69473	-3.1797938	1.0	775000	18651.877330064774
310	-21.76	-21.76	-9.900001	-3.1591208	4.607261	2.1936917	-59.396645	-3.158962	1.0	777500	18708.66893529892
311	-22.78	-22.78	-12.7	-3.1642456	4.6169834	3.4262533	-56.180397	-3.165043	1.0	780000	18765.715397834778
312	-19.2	-19.2	-14.6	-3.1614697	4.6020975	2.613185	-55.63856	-3.1605027	0.9	782500	18822.92735505104
313	-20.2	-20.2	-11.400001	-3.156177	4.578912	2.4815035	-59.067173	-3.1556861	1.0	785000	18878.572955846786
314	-18.98	-18.98	-8.8	-3.1613238	4.6058607	1.9590683	-62.968784	-3.161064	1.0	787500	18935.362149238586
315	-18.56	-18.56	-12.0	-3.1341562	4.5654016	3.5982127	-56.369576	-3.1324484	1.0	790000	18992.842705011368
316	-18.36	-18.36	-10.2	-3.1401074	4.57107	2.0480075	-66.99308	-3.139817	1.0	792500	19050.430468559265
317	-20.2	-20.2	-9.2	-3.1497283	4.6052856	6.293074	-54.634342	-3.1491885	1.0	795000	19106.372883319855
318	-18.44	-18.44	-13.2	-3.1251824	4.5740895	2.2210317	-66.358246	-3.1245627	1.0	797500	19163.297934770584
319	-18.98	-18.98	-8.8	-3.136182	4.5851154	4.5073256	-71.10014	-3.1364043	1.0	800000	19220.34402346611
320	-19.94	-19.94	-13.8	-3.1486924	4.582649	4.6003737	-54.69578	-3.148841	1.0	802500	19276.24478840828
321	-20.28	-20.28	-8.599999	-3.158488	4.5819173	2.42699	-61.95487	-3.15826	1.0	805000	19333.175531864166
322	-18.44	-18.44	-10.599999	-3.1333807	4.5880623	2.1208262	-55.67321	-3.1323714	1.0	807500	19389.53758239746
323	-20.02	-20.02	-11.599999	-3.1167362	4.535012	2.6914582	-59.096325	-3.116248	1.0	810000	19446.568425178528
324	-17.14	-17.14	-9.7	-3.0955575	4.5147953	1.9967923	-61.182636	-3.0964189	1.0	812500	19501.88107419014
325	-17.88	-17.88	-10.7	-3.102909	4.5679092	2.8712444	-56.48281	-3.1041522	1.0	815000	19558.087780714035
326	-16.4	-16.4	-9.2	-3.1131945	4.5693693	2.2302556	-61.905796	-3.1135256	1.0	817500	19614.830313682556
327	-19.38	-19.38	-9.599999	-3.0883138	4.5613537	2.9926448	-58.234325	-3.0882049	1.0	820000	19671.547134160995
328	-22.98	-22.98	-11.400001	-3.1083095	4.584234	5.800999	-56.878258	-3.1088405	1.0	822500	19727.657804727554
329	-19.94	-19.94	-9.400001	-3.087848	4.556413	4.140769	-59.1686	-3.086772	1.0	825000	19784.46080803871
330	-19.96	-19.96	-15.4	-3.0966318	4.5527983	2.846233	-60.045624	-3.0955095	0.9	827500	19839.930362939835
331	-19.66	-19.66	-8.8	-3.0971375	4.531543	2.28788	-55.49407	-3.0982442	1.0	830000	19897.074347019196
332	-20.08	-20.08	-13.0	-3.1056647	4.547977	3.535789	-56.676666	-3.1049495	1.0	832500	19954.13966345787
333	-20.26	-20.26	-10.400001	-3.0953028	4.5464253	1.6342125	-62.246613	-3.096131	1.0	835000	20012.39372563362
334	-23.38	-23.38	-11.5	-3.106907	4.561536	2.7300344	-59.42166	-3.1063328	1.0	837500	20069.45096707344
335	-20.74	-20.74	-8.900001	-3.1079183	4.543421	6.7437234	-57.652252	-3.108721	1.0	840000	20125.132052898407
336	-18.76	-18.76	-13.1	-3.0898685	4.531273	2.3368368	-56.097218	-3.0900369	0.9	842500	20182.68683695793
337	-18.32	-18.32	-12.7	-3.106975	4.526212	2.1540804	-54.725815	-3.1068306	1.0	845000	20238.793950796127
338	-19.64	-19.64	-10.400001	-3.085583	4.507927	2.2630572	-89.3463	-3.0850284	1.0	847500	20296.735036611557
339	-21.0	-21.0	-7.5	-3.091293	4.4874077	1.9746637	-61.520264	-3.092165	1.0	850000	20351.67818379402
340	-17.4	-17.4	-7.9	-3.07627	4.463671	1.8527088	-55.208168	-3.0766966	1.0	852500	20409.005215406418
341	-19.18	-19.18	-8.8	-3.062273	4.4581494	1.9213557	-53.805298	-3.0643024	1.0	855000	20464.370552539825
342	-18.94	-18.94	-7.9	-3.062046	4.463334	2.1495214	-55.501316	-3.0617201	1.0	857500	20521.112759828568
343	-19.76	-19.76	-11.2	-3.0343015	4.4387593	1.6781368	-57.40986	-3.033718	1.0	860000	20576.742883443832
344	-17.6	-17.6	-9.0	-3.033162	4.4154553	8.615031	-54.496235	-3.0336912	1.0	862500	20633.45007944107
345	-20.24	-20.24	-10.3	-3.035275	4.412574	1.8571134	-55.900578	-3.035873	1.0	865000	20689.211711883545
346	-17.36	-17.36	-11.8	-3.0266953	4.43983	1.8279214	-63.171257	-3.0275264	1.0	867500	20746.529341459274
347	-19.28	-19.28	-7.5	-3.023472	4.435948	4.5857353	-58.349384	-3.0240345	1.0	870000	20802.29882836342
348	-19.9	-19.9	-7.8	-3.0154219	4.4407578	2.641502	-56.14615	-3.0155177	1.0	872500	20859.269503593445
349	-18.16	-18.16	-9.2	-3.0230782	4.4719696	3.8910136	-59.297424	-3.0229537	1.0	875000	20916.720249176025
350	-19.52	-19.52	-10.3	-3.0045023	4.4530935	2.760777	-61.11822	-3.004643	1.0	877500	20971.321293592453
351	-18.78	-18.78	-11.8	-3.0156133	4.5063605	1.6208429	-59.075207	-3.0154748	1.0	880000	21028.79935002327
352	-19.54	-19.54	-9.3	-3.0156288	4.4908566	1.7146153	-60.442535	-3.0159833	1.0	882500	21086.16330099106
353	-16.46	-16.46	-10.400001	-3.035513	4.525686	1.860456	-60.03376	-3.035079	1.0	885000	21143.626853466034
354	-19.3	-19.3	-9.2	-3.0507486	4.5478926	1.8157406	-57.33678	-3.0510392	1.0	887500	21199.4813644886
355	-21.64	-21.64	-14.3	-3.053748	4.554297	1.909872	-57.602135	-3.0532255	0.9	890000	21256.82018995285
356	-17.28	-17.28	-9.599999	-3.0428054	4.565964	1.9518776	-69.907814	-3.0439734	1.0	892500	21313.289491653442
357	-20.16	-20.16	-8.3	-3.0356607	4.5644183	2.9098382	-59.24827	-3.0364141	1.0	895000	21369.762911319733
358	-18.46	-18.46	-12.6	-3.0385978	4.5542145	2.3458915	-61.66896	-3.0384464	0.9	897500	21425.39198088646
359	-20.86	-20.86	-12.3	-3.0473468	4.5611544	2.775381	-58.585052	-3.0478415	1.0	900000	21482.998054265976
360	-20.98	-20.98	-8.099999	-3.0561059	4.591278	2.3845763	-65.47627	-3.0560608	1.0	902500	21539.150169849396
361	-18.18	-18.18	-8.8	-3.0489192	4.5800333	2.7929916	-57.680504	-3.049078	1.0	905000	21596.516664266586
362	-19.06	-19.06	-11.099999	-3.0477922	4.581791	1.8681417	-60.022606	-3.0472164	1.0	907500	21652.370680093765
363	-21.98	-21.98	-10.3	-3.042255	4.5749936	1.9128976	-70.05129	-3.043549	1.0	910000	21709.822865247726
364	-19.26	-19.26	-9.8	-3.053285	4.5915976	2.771576	-62.96521	-3.0532892	1.0	912500	21766.40250492096
365	-19.44	-19.44	-8.900001	-3.0389116	4.6121407	2.2147155	-58.282066	-3.0387466	1.0	915000	21823.69011235237
366	-19.94	-19.94	-9.400001	-3.035966	4.580349	1.6221056	-63.4351	-3.0357416	1.0	917500	21880.704066753387
367	-19.72	-19.72	-10.900001	-3.0403972	4.579838	1.7990417	-59.188858	-3.0408611	1.0	920000	21937.542855739594
368	-17.58	-17.58	-9.3	-3.041009	4.587269	2.0258265	-58.473804	-3.0415983	1.0	922500	21994.379843235016
369	-17.8	-17.8	-10.3	-3.0352857	4.5603485	1.9969234	-56.954346	-3.0338752	1.0	925000	22051.803124189377
370	-20.88	-20.88	-9.5	-3.0232275	4.59818	2.2497659	-59.48633	-3.0215502	1.0	927500	22109.22352695465
371	-18.5	-18.5	-10.400001	-3.047154	4.570857	1.7443404	-60.296238	-3.0479772	1.0	930000	22165.89894413948
372	-20.32	-20.32	-9.900001	-3.0358257	4.568212	1.6111617	-59.36763	-3.035379	1.0	932500	22223.72992992401
373	-18.54	-18.54	-8.7	-3.0284615	4.5973406	2.2310553	-59.37383	-3.0288045	1.0	935000	22279.34665775299
374	-18.1	-18.1	-8.900001	-3.0418372	4.598527	4.3665957	-62.228405	-3.0426958	1.0	937500	22336.662873744965
375	-20.28	-20.28	-10.3	-3.0459845	4.6053863	1.9175072	-60.893585	-3.046609	1.0	940000	22392.167464256287
376	-21.2	-21.2	-10.599999	-3.0460505	4.583671	2.0663595	-64.62421	-3.046637	1.0	942500	22448.231652498245
377	-18.6	-18.6	-8.400001	-3.0490987	4.6051188	1.8137302	-62.15905	-3.0490112	1.0	945000	22504.870448350906
378	-18.96	-18.96	-9.8	-3.056573	4.599636	1.8663049	-64.53859	-3.0571854	1.0	947500	22561.250824928284
379	-17.64	-17.64	-8.900001	-3.0446563	4.581256	2.023857	-61.31585	-3.0431733	1.0	950000	22616.773409843445
380	-19.78	-19.78	-11.599999	-3.033062	4.549523	3.7459264	-58.649036	-3.0321732	1.0	952500	22673.596791505814
381	-21.4	-21.4	-8.2	-3.0119076	4.5481553	3.05376	-58.84003	-3.0130088	1.0	955000	22730.21715903282
382	-19.92	-19.92	-8.099999	-3.0374432	4.612698	3.335291	-62.37406	-3.0382795	1.0	957500	22785.74875187874
383	-20.88	-20.88	-9.5	-3.0190942	4.5631557	2.8932729	-56.78683	-3.0199575	1.0	960000	22842.268115758896
384	-18.6	-18.6	-11.7	-3.022999	4.557726	1.7588382	-74.27522	-3.0241864	0.9	962500	22898.516578674316
385	-19.7	-19.7	-10.099999	-3.012004	4.556991	1.6923127	-65.1449	-3.011101	1.0	965000	22955.485110521317
386	-20.52	-20.52	-14.9	-3.0190442	4.558911	2.99304	-63.53017	-3.0186846	0.9	967500	23011.366807460785
387	-22.32	-22.32	-9.7	-3.0613806	4.618704	4.267433	-59.38778	-3.0612977	1.0	970000	23068.86204457283
388	-19.8	-19.8	-12.0	-3.061979	4.6376357	2.0550046	-59.0146	-3.061124	1.0	972500	23124.90425825119
389	-20.06	-20.06	-8.400001	-3.0765696	4.6507316	2.070529	-62.119328	-3.0771143	1.0	975000	23181.921001434326
390	-18.22	-18.22	-7.6	-3.087449	4.6747136	2.6060224	-62.404224	-3.0876915	1.0	977500	23238.26717543602
391	-16.56	-16.56	-11.7	-3.069946	4.621143	1.8297148	-61.5933	-3.0697422	1.0	980000	23295.220396995544
392	-19.52	-19.52	-9.5	-3.051314	4.6167192	3.8164978	-62.00023	-3.052029	1.0	982500	23352.7710146904
393	-23.16	-23.16	-11.2	-3.065098	4.606062	2.680191	-59.020065	-3.0655456	1.0	985000	23409.576919317245
394	-20.48	-20.48	-18.4	-3.0938323	4.625264	1.5772452	-68.58814	-3.0924985	0.8	987500	23466.24840784073
395	-19.8	-19.8	-8.599999	-3.113417	4.6724997	1.903337	-61.42483	-3.1134236	1.0	990000	23522.519949913025
396	-19.44	-19.44	-6.3	-3.1114619	4.6993184	2.014031	-59.477043	-3.1115806	1.0	992500	23579.89497756958
397	-20.42	-20.42	-11.3	-3.110271	4.698406	2.6399055	-62.81568	-3.109727	0.9	995000	23635.34691619873
398	-18.38	-18.38	-11.400001	-3.1057944	4.66387	3.4567246	-61.512302	-3.1063673	1.0	997500	23693.24609041214
399	-18.94	-18.94	-7.1	-3.0826218	4.64078	2.1446252	-66.00254	-3.0841956	1.0	1000000	23749.580211639404
400	-20.28	-20.28	-10.599999	-3.0837994	4.6323957	2.0543175	-56.689754	-3.0838563	1.0	1002500	23806.663116455078
401	-19.16	-19.16	-11.5	-3.0699944	4.6140165	1.6677108	-56.87934	-3.0705228	1.0	1005000	23862.8640127182
402	-19.66	-19.66	-13.3	-3.068207	4.6176805	3.3836446	-59.66861	-3.068773	1.0	1007500	23920.10630106926
403	-18.78	-18.78	-6.8	-3.0779	4.6342454	3.9271455	-63.949062	-3.076681	1.0	1010000	23976.24269104004
404	-17.16	-17.16	-12.5	-3.073367	4.6136284	6.404135	-62.384457	-3.0740156	1.0	1012500	24034.243895053864
405	-19.08	-19.08	-13.6	-3.051542	4.584005	2.508801	-58.265717	-3.0514235	1.0	1015000	24090.90561413765
406	-19.1	-19.1	-13.6	-3.0564191	4.5806518	1.6260872	-59.06321	-3.0570798	1.0	1017500	24148.494116783142
407	-20.12	-20.12	-11.099999	-3.0705242	4.5557733	2.3648033	-60.51245	-3.0703988	1.0	1020000	24205.870616197586
408	-20.24	-20.24	-9.5	-3.081854	4.595822	2.430807	-63.45341	-3.0821917	1.0	1022500	24262.00634098053
409	-17.52	-17.52	-8.8	-3.0708244	4.590861	2.7184086	-57.02144	-3.0719066	1.0	1025000	24317.725116729736
410	-16.82	-16.82	-13.5	-3.0415235	4.527725	2.4096317	-62.33075	-3.0418546	0.9	1027500	24374.224395513535
411	-18.18	-18.18	-9.7	-3.040124	4.5284123	3.2433414	-62.114178	-3.0396922	1.0	1030000	24429.173371076584
412	-21.02	-21.02	-12.9	-3.0536807	4.5503874	2.9308367	-55.89201	-3.0548294	0.9	1032500	24486.87609219551
413	-19.4	-19.4	-8.3	-3.0434637	4.528117	4.2149234	-57.806305	-3.0422542	1.0	1035000	24543.72046136856
414	-17.58	-17.58	-14.1	-3.0515842	4.533269	3.389244	-58.837234	-3.0509353	0.9	1037500	24598.66431593895
415	-19.96	-19.96	-11.5	-3.0287642	4.5361176	2.4886398	-60.74411	-3.0289028	1.0	1040000	24655.676970005035
416	-18.38	-18.38	-9.7	-3.0234773	4.490886	2.0764089	-63.274708	-3.0240297	1.0	1042500	24711.801679372787
417	-19.18	-19.18	-8.0	-3.0173182	4.4756536	2.128428	-67.23604	-3.0149288	1.0	1045000	24768.745208263397
418	-19.64	-19.64	-10.8	-3.0218933	4.520024	2.0171423	-59.164	-3.0222592	1.0	1047500	24824.84027695656
419	-18.3	-18.3	-8.2	-3.028901	4.5045815	7.846979	-61.898888	-3.0278854	1.0	1050000	24882.92746090889
420	-20.14	-20.14	-10.900001	-3.0292444	4.5051265	4.040818	-60.234837	-3.0294542	1.0	1052500	24938.19616127014
421	-20.28	-20.28	-13.2	-3.0334127	4.5303745	2.7211232	-57.002388	-3.0330255	0.9	1055000	24995.011578798294
422	-20.34	-20.34	-12.1	-3.0409446	4.5591846	1.8487167	-61.433533	-3.040576	0.9	1057500	25051.298921346664
423	-20.72	-20.72	-10.400001	-3.0439072	4.516735	2.4015307	-61.819775	-3.0444655	1.0	1060000	25108.43713617325
424	-20.68	-20.68	-6.5	-3.050448	4.555767	2.7492075	-60.422108	-3.0509167	1.0	1062500	25165.157522439957
425	-17.68	-17.68	-9.5	-3.0518935	4.5720496	3.1983442	-56.139713	-3.0523622	1.0	1065000	25221.614511966705
426	-17.4	-17.4	-7.1	-3.062935	4.5673866	2.7252707	-57.982033	-3.062395	1.0	1067500	25277.97100520134
427	-20.6	-20.6	-7.8	-3.0719924	4.586146	4.0003433	-58.35864	-3.0722988	1.0	1070000	25335.409715414047
428	-19.66	-19.66	-10.0	-3.047492	4.538977	1.7857857	-60.11741	-3.0479417	1.0	1072500	25392.03763818741
429	-20.42	-20.42	-12.2	-3.0327592	4.5398297	2.3092957	-59.76848	-3.0323467	1.0	1075000	25448.515813589096
430	-18.84	-18.84	-7.5	-3.0371153	4.5108685	2.288931	-57.270775	-3.0374393	1.0	1077500	25505.192416906357
431	-18.66	-18.66	-8.0	-3.026938	4.485297	2.4780126	-61.82141	-3.0260186	1.0	1080000	25561.987095594406
432	-19.36	-19.36	-7.9	-3.045015	4.530418	4.475512	-63.290417	-3.0460987	1.0	1082500	25619.2765147686
433	-17.96	-17.96	-9.8	-3.060403	4.563975	7.830018	-81.15249	-3.059362	1.0	1085000	25676.17958521843
434	-21.06	-21.06	-9.5	-3.0499592	4.5241013	2.8112721	-65.296295	-3.0504534	1.0	1087500	25732.97329902649
435	-20.94	-20.94	-9.2	-3.053961	4.5510592	2.9859538	-65.60403	-3.053285	1.0	1090000	25790.60456967354
436	-17.16	-17.16	-7.5	-3.0600715	4.5670495	2.9171433	-58.00711	-3.0594964	1.0	1092500	25848.64553141594
437	-21.0	-21.0	-10.0	-3.0595982	4.585007	2.2075958	-67.33768	-3.059958	1.0	1095000	25903.55846619606
438	-21.62	-21.62	-7.8	-3.0522208	4.5584674	2.6404343	-67.762245	-3.0526764	1.0	1097500	25960.655506134033
439	-18.04	-18.04	-7.2	-3.0526726	4.5485287	2.574143	-59.537544	-3.054532	1.0	1100000	26016.426633119583
440	-21.28	-21.28	-10.0	-3.039954	4.5154324	2.1342335	-56.811844	-3.0403273	1.0	1102500	26073.558160066605
441	-19.62	-19.62	-7.3	-3.075014	4.6116633	2.7059536	-67.05953	-3.076248	1.0	1105000	26129.975627422333
442	-18.08	-18.08	-11.8	-3.0574343	4.565865	3.1144838	-67.19056	-3.0574658	1.0	1107500	26187.913509368896
443	-17.64	-17.64	-11.7	-3.051333	4.520507	2.600933	-68.13793	-3.049767	1.0	1110000	26242.93750023842
444	-22.68	-22.68	-8.5	-3.0541224	4.569131	3.3760433	-63.035477	-3.0539622	1.0	1112500	26300.178481578827
445	-17.62	-17.62	-9.3	-3.049565	4.5634465	3.1146708	-64.70025	-3.0492873	1.0	1115000	26356.712921857834
446	-19.32	-19.32	-7.9	-3.0508928	4.5755734	2.5487452	-60.232143	-3.0518	1.0	1117500	26412.742770433426
447	-22.52	-22.52	-7.6	-3.0457447	4.517139	1.9742122	-66.701744	-3.0460167	1.0	1120000	26470.976967811584
448	-18.84	-18.84	-8.8	-3.0770547	4.56294	3.1345606	-59.314205	-3.075974	1.0	1122500	26526.287496328354
449	-19.34	-19.34	-9.3	-3.0461452	4.5193276	2.0021648	-55.761566	-3.046367	1.0	1125000	26582.41413617134
450	-17.76	-17.76	-9.8	-3.0366657	4.526924	2.7623029	-60.449394	-3.0368917	1.0	1127500	26638.195906162262
451	-19.88	-19.88	-10.099999	-3.045706	4.524879	6.691714	-61.855568	-3.0446112	1.0	1130000	26694.149169921875
452	-17.52	-17.52	-10.599999	-3.0512013	4.5377874	2.2493587	-65.3529	-3.052824	1.0	1132500	26749.18492937088
453	-20.72	-20.72	-10.2	-3.080278	4.523842	6.0210433	-62.888866	-3.0807686	1.0	1135000	26806.014301538467
454	-18.86	-18.86	-10.900001	-3.0777628	4.5643463	2.3722587	-58.019215	-3.0766513	1.0	1137500	26862.187464237213
455	-23.48	-23.48	-11.2	-3.075316	4.5435753	2.6429105	-61.604046	-3.0752673	0.9	1140000	26918.886036396027
456	-18.78	-18.78	-7.3	-3.0722752	4.54268	3.980814	-59.776237	-3.0726616	1.0	1142500	26974.91993021965
457	-20.48	-20.48	-16.0	-3.068896	4.541526	2.3133469	-74.33671	-3.0691655	0.8	1145000	27032.238252162933
458	-21.52	-21.52	-8.8	-3.0787728	4.542078	1.7363029	-60.95665	-3.079201	1.0	1147500	27087.616675138474
459	-17.64	-17.64	-9.900001	-3.0909185	4.551568	4.286815	-65.80836	-3.0905135	1.0	1150000	27143.111616134644
460	-18.14	-18.14	-11.9	-3.1072178	4.616444	2.6580596	-61.70091	-3.1067944	0.9	1152500	27200.229749441147
461	-19.7	-19.7	-12.0	-3.0931137	4.561578	2.36298	-60.559956	-3.0939975	1.0	1155000	27256.18111538887
462	-19.82	-19.82	-11.099999	-3.1008325	4.593402	4.005408	-60.018635	-3.1017435	1.0	1157500	27312.529587745667
463	-19.46	-19.46	-6.5	-3.0962276	4.584917	2.5316787	-64.157715	-3.0957932	1.0	1160000	27367.427095890045
464	-16.82	-16.82	-10.0	-3.1008112	4.575616	2.57477	-60.510883	-3.100631	1.0	1162500	27424.375373601913
465	-19.36	-19.36	-9.5	-3.0973558	4.579262	3.6514754	-56.35379	-3.0970628	1.0	1165000	27481.282656669617
466	-18.38	-18.38	-9.2	-3.092662	4.575912	3.0435119	-65.009705	-3.0926116	1.0	1167500	27536.72386622429
467	-16.36	-16.36	-7.9	-3.0961652	4.6040454	3.8820891	-57.502235	-3.0967696	1.0	1170000	27590.4631896019
468	-18.52	-18.52	-9.8	-3.105711	4.607315	2.125399	-71.87377	-3.1051698	1.0	1172500	27644.76670241356
469	-22.04	-22.04	-9.3	-3.0738773	4.5591683	2.4093132	-70.967026	-3.0750804	1.0	1175000	27698.08814740181
470	-17.02	-17.02	-10.3	-3.0678008	4.5337753	3.1688347	-58.31877	-3.0673409	1.0	1177500	27752.52198791504
471	-20.1	-20.1	-11.3	-3.0661895	4.535548	3.7521791	-55.89463	-3.066867	1.0	1180000	27805.300912857056
472	-18.28	-18.28	-10.8	-3.0695589	4.580743	3.5726438	-78.1291	-3.068451	1.0	1182500	27860.991887807846
473	-18.72	-18.72	-10.7	-3.0433671	4.550191	4.676002	-63.13943	-3.041782	1.0	1185000	27915.348072052002
474	-20.56	-20.56	-11.099999	-3.0637782	4.5335855	2.4536753	-63.804794	-3.0638328	1.0	1187500	27969.149980306625
475	-20.6	-20.6	-9.900001	-3.0664155	4.558026	11.208422	-58.21636	-3.0670137	1.0	1190000	28023.73086166382
476	-19.06	-19.06	-9.5	-3.0715373	4.5535173	2.1718307	-57.87654	-3.0710557	1.0	1192500	28077.20746946335
477	-18.56	-18.56	-9.0	-3.0677774	4.5719156	2.1271567	-59.776146	-3.067956	1.0	1195000	28130.88768172264
478	-18.8	-18.8	-10.099999	-3.0762117	4.573578	3.9451437	-61.45093	-3.0768924	1.0	1197500	28184.35137295723
479	-18.48	-18.48	-8.400001	-3.06477	4.5572424	2.4177442	-60.57199	-3.0657485	1.0	1200000	28236.460281848907
480	-19.52	-19.52	-8.2	-3.044105	4.536426	3.2250447	-71.00313	-3.0443397	1.0	1202500	28288.269909143448
481	-20.2	-20.2	-10.400001	-3.0524633	4.5328264	3.1527233	-79.721214	-3.052096	1.0	1205000	28341.868346452713
482	-19.6	-19.6	-9.099999	-3.0487833	4.5475497	3.564796	-63.400963	-3.0480485	1.0	1207500	28395.648749113083
483	-19.38	-19.38	-10.400001	-3.0455396	4.5575323	4.3889027	-59.987988	-3.046122	1.0	1210000	28448.16562485695
484	-20.24	-20.24	-8.7	-3.0619233	4.5758066	2.3895135	-56.84238	-3.0617945	1.0	1212500	28501.531531333923
485	-20.46	-20.46	-6.2	-3.0881999	4.6017404	2.5347047	-60.43903	-3.086924	1.0	1215000	28551.923825740814
486	-19.82	-19.82	-9.599999	-3.0895925	4.567675	2.6289654	-64.64623	-3.0883102	1.0	1217500	28604.215965509415
487	-18.8	-18.8	-10.099999	-3.0850852	4.568668	2.7753696	-63.65915	-3.085487	1.0	1220000	28656.606453180313
488	-17.08	-17.08	-11.8	-3.078171	4.5829506	2.2534347	-59.407566	-3.0781076	1.0	1222500	28709.00691652298
489	-17.88	-17.88	-11.400001	-3.062524	4.573143	2.7766461	-62.523872	-3.063706	1.0	1225000	28759.892136096954
490	-19.02	-19.02	-8.2	-3.0616052	4.5875835	1.9382424	-57.56151	-3.061438	1.0	1227500	28812.488924264908
491	-20.72	-20.72	-9.5	-3.0669146	4.588784	2.7558527	-61.381126	-3.066107	1.0	1230000	28864.55675983429
492	-20.96	-20.96	-10.8	-3.0791686	4.584993	2.4090343	-67.44983	-3.078721	1.0	1232500	28917.477204799652
493	-21.46	-21.46	-14.5	-3.101484	4.596563	8.67885	-56.41435	-3.1012583	0.9	1235000	28970.213413238525
494	-19.66	-19.66	-10.0	-3.1082938	4.620528	2.990419	-60.56717	-3.1077611	1.0	1237500	29022.449510097504
495	-20.16	-20.16	-6.4	-3.1152036	4.6067348	3.074266	-60.82633	-3.1160214	1.0	1240000	29073.938924074173
496	-17.14	-17.14	-10.900001	-3.1008282	4.625013	3.8341074	-61.75794	-3.1005776	1.0	1242500	29125.260112524033
497	-20.3	-20.3	-6.4	-3.1039655	4.6289763	3.9270139	-62.221386	-3.104158	1.0	1245000	29176.344963550568
498	-19.6	-19.6	-9.599999	-3.1274512	4.659111	2.3150334	-67.84115	-3.125348	1.0	1247500	29228.43590736389
499	-19.6	-19.6	-9.3	-3.1018348	4.6314836	3.8141923	-59.641323	-3.1018648	1.0	1250000	29278.956344127655
