Epoch	EpRet	EpRealRet	TestEpRet	AverageQ1	StdQ1	MaxQ1	MinQ1	Q2	TestSuccess	TotalEnvInteracts	TotalTime
0	-48.0	-48.0	-50.0	-0.41764954	1.002459	1.2107941	-8.683632	-0.41761032	0.0	2500	42.492998123168945
1	-49.0	-49.0	-45.0	-1.2357638	2.526176	0.56348836	-11.693728	-1.2356784	0.1	5000	85.24325323104858
2	-48.0	-48.0	-50.0	-1.8164285	3.6836674	0.8042071	-17.666628	-1.8165098	0.0	7500	127.17681241035461
3	-48.0	-48.0	-50.0	-2.2726727	4.646436	0.83864313	-19.671114	-2.272785	0.0	10000	169.06223225593567
4	-45.26	-45.26	-45.0	-2.683729	5.5014176	1.0503863	-20.905336	-2.6838121	0.1	12500	211.13648223876953
5	-50.0	-50.0	-45.0	-3.0226743	6.2156396	1.5637913	-22.374683	-3.0227273	0.1	15000	252.85477256774902
6	-49.0	-49.0	-50.0	-3.3653448	6.8700414	1.1540337	-31.879147	-3.36538	0.0	17500	295.2454743385315
7	-48.88	-48.88	-50.0	-3.6103406	7.3687377	1.591939	-30.854856	-3.6104393	0.0	20000	336.62892866134644
8	-48.0	-48.0	-50.0	-3.8451865	7.8439717	1.4441657	-33.383003	-3.8451269	0.0	22500	375.93400740623474
9	-50.0	-50.0	-45.0	-4.059862	8.269275	1.6810215	-36.858913	-4.0598507	0.1	25000	418.3854591846466
10	-47.38	-47.38	-50.0	-4.318316	8.697409	1.8550897	-43.923294	-4.3184123	0.0	27500	459.13640332221985
11	-45.88	-45.88	-50.0	-4.424526	8.972015	2.4750824	-39.619186	-4.4246197	0.0	30000	500.6534421443939
12	-47.94	-47.94	-50.0	-4.565766	9.218193	2.5559995	-40.05529	-4.5661907	0.0	32500	543.1429493427277
13	-48.0	-48.0	-50.0	-4.6588507	9.44005	3.1153567	-38.08468	-4.658916	0.0	35000	585.5894963741302
14	-49.36	-49.36	-45.0	-4.7605124	9.656032	2.3628135	-40.567627	-4.7607255	0.1	37500	627.6027891635895
15	-47.0	-47.0	-50.0	-4.845006	9.822864	3.0588162	-52.876095	-4.8449855	0.0	40000	670.3818051815033
16	-48.32	-48.32	-45.0	-4.9526224	10.001648	2.389169	-53.035877	-4.952292	0.1	42500	712.6107077598572
17	-48.8	-48.8	-40.2	-5.045777	10.15374	2.6151004	-58.258442	-5.04579	0.2	45000	754.6015870571136
18	-48.94	-48.94	-50.0	-5.158866	10.316994	2.5582633	-56.903576	-5.158764	0.0	47500	791.8930013179779
19	-46.64	-46.64	-49.0	-5.221485	10.446973	3.675952	-54.767178	-5.221479	0.1	50000	833.329514503479
20	-48.34	-48.34	-50.0	-5.28171	10.565426	2.814165	-54.48249	-5.281608	0.0	52500	870.8688838481903
21	-49.26	-49.26	-47.0	-5.35477	10.675056	4.321575	-54.137978	-5.354753	0.1	55000	912.4969794750214
22	-49.26	-49.26	-40.0	-5.4443617	10.7989	3.530129	-53.95278	-5.4441915	0.2	57500	954.744921207428
23	-45.92	-45.92	-50.0	-5.5032344	10.893969	5.6132855	-54.671192	-5.5032473	0.0	60000	996.6256458759308
24	-49.54	-49.54	-50.0	-5.540406	10.968961	3.2228234	-52.714878	-5.5405364	0.0	62500	1039.5914268493652
25	-49.98	-49.98	-50.0	-5.5788245	11.045188	5.5639825	-52.26922	-5.5789967	0.0	65000	1081.939181804657
26	-49.06	-49.06	-45.0	-5.6188884	11.097985	4.225362	-52.403675	-5.6189876	0.1	67500	1124.5798361301422
27	-46.7	-46.7	-35.600002	-5.612686	11.102813	5.052524	-52.024334	-5.61272	0.3	70000	1165.756329536438
28	-47.24	-47.24	-45.0	-5.692113	11.175165	4.0771747	-58.671753	-5.6924095	0.1	72500	1207.926916360855
29	-48.56	-48.56	-46.9	-5.6939344	11.204782	5.0034685	-54.562607	-5.6938143	0.1	75000	1250.4218709468842
30	-47.74	-47.74	-47.2	-5.718401	11.256187	3.84623	-53.780437	-5.7183065	0.1	77500	1289.1732006072998
31	-48.7	-48.7	-46.9	-5.721745	11.2754	5.8309093	-53.596584	-5.7216415	0.1	80000	1331.9619159698486
32	-47.68	-47.68	-43.0	-5.753659	11.318132	4.5359316	-55.631126	-5.753572	0.1	82500	1374.8616065979004
33	-47.7	-47.7	-47.8	-5.799423	11.37523	3.7111268	-55.75937	-5.799281	0.1	85000	1416.8365716934204
34	-48.0	-48.0	-45.0	-5.8301673	11.414028	4.1363654	-57.210106	-5.830502	0.1	87500	1457.8877210617065
35	-47.58	-47.58	-42.7	-5.8693705	11.458879	3.9666991	-60.758	-5.8692102	0.2	90000	1498.6660585403442
36	-48.98	-48.98	-47.5	-5.9010973	11.503128	3.2613747	-57.65406	-5.9015894	0.1	92500	1540.5362503528595
37	-42.66	-42.66	-41.7	-5.8957562	11.50952	3.4649897	-55.31125	-5.8954825	0.2	95000	1579.2327768802643
38	-42.04	-42.04	-50.0	-5.90119	11.530888	5.8961973	-53.756172	-5.901275	0.0	97500	1621.3669879436493
39	-48.56	-48.56	-44.7	-5.958754	11.589134	4.8676696	-57.04577	-5.958597	0.1	100000	1663.5258781909943
40	-44.88	-44.88	-45.7	-5.951446	11.60669	5.0052934	-55.72355	-5.9512296	0.1	102500	1706.0225400924683
41	-46.94	-46.94	-44.3	-5.9773617	11.644024	3.769425	-58.58747	-5.977292	0.1	105000	1748.4896931648254
42	-47.66	-47.66	-42.3	-5.99386	11.667967	5.8132386	-58.425938	-5.9934583	0.2	107500	1790.5032250881195
43	-45.92	-45.92	-41.100002	-5.997298	11.682264	4.905191	-56.4065	-5.9973016	0.2	110000	1832.778032541275
44	-45.7	-45.7	-36.5	-6.0841117	11.776792	5.306966	-58.933712	-6.0841274	0.4	112500	1874.5232872962952
45	-47.38	-47.38	-38.600002	-6.0606904	11.7688675	5.679481	-57.35142	-6.060427	0.3	115000	1916.9306745529175
46	-47.92	-47.92	-46.0	-6.0825396	11.771821	6.1044855	-62.52279	-6.082275	0.1	117500	1958.4203116893768
47	-45.8	-45.8	-45.399998	-6.089259	11.755283	4.552195	-57.54198	-6.0892415	0.1	120000	2000.5213057994843
48	-45.5	-45.5	-45.0	-6.0621514	11.733382	5.279162	-58.206833	-6.0619183	0.1	122500	2043.0262100696564
49	-46.18	-46.18	-40.5	-6.106822	11.747919	5.8033257	-58.120155	-6.1063366	0.2	125000	2085.2286710739136
50	-47.0	-47.0	-45.5	-6.1208534	11.750751	7.3667173	-58.92747	-6.1205816	0.2	127500	2127.66264462471
51	-48.98	-48.98	-42.3	-6.0981693	11.742911	6.3408756	-58.495564	-6.098156	0.2	130000	2169.9612579345703
52	-46.9	-46.9	-50.0	-6.1238146	11.771209	6.169828	-58.15693	-6.1235933	0.0	132500	2212.18247961998
53	-44.28	-44.28	-41.7	-6.1091175	11.771851	4.9339447	-59.28273	-6.109177	0.2	135000	2254.95214176178
54	-43.66	-43.66	-47.3	-6.14745	11.823571	4.934792	-64.838	-6.1475616	0.1	137500	2297.1125042438507
55	-46.38	-46.38	-36.3	-6.2026954	11.891253	6.9205527	-61.041546	-6.2026777	0.3	140000	2339.5513546466827
56	-45.84	-45.84	-31.0	-6.210658	11.90761	7.4354525	-71.1657	-6.2106495	0.4	142500	2381.9780213832855
57	-42.78	-42.78	-40.0	-6.199203	11.883182	6.624101	-80.16312	-6.199155	0.3	145000	2424.6489300727844
58	-46.5	-46.5	-43.8	-6.224261	11.886907	8.798062	-60.698494	-6.22433	0.3	147500	2467.8955516815186
59	-46.86	-46.86	-39.8	-6.214457	11.860794	6.942018	-62.94683	-6.214356	0.3	150000	2510.840064048767
60	-45.66	-45.66	-42.600002	-6.2474823	11.895778	5.1000066	-63.09946	-6.24751	0.2	152500	2553.2805507183075
61	-47.12	-47.12	-36.7	-6.2628503	11.925648	8.595516	-60.519814	-6.2627687	0.3	155000	2595.5560669898987
62	-45.4	-45.4	-34.8	-6.2362995	11.904356	7.2713637	-59.186253	-6.236495	0.3	157500	2638.4198706150055
63	-46.38	-46.38	-39.7	-6.263072	11.913227	7.043311	-60.828236	-6.2629833	0.3	160000	2681.242429494858
64	-43.2	-43.2	-45.8	-6.300978	11.944604	8.995189	-62.27365	-6.3009124	0.1	162500	2723.546109199524
65	-43.96	-43.96	-34.399998	-6.3304844	11.9816885	6.7901893	-58.38432	-6.330483	0.4	165000	2765.791412591934
66	-47.84	-47.84	-39.899998	-6.2716384	11.932504	6.5406795	-59.9978	-6.2716956	0.3	167500	2807.42258810997
67	-42.9	-42.9	-35.899998	-6.284453	11.919422	7.5316143	-59.094593	-6.2844815	0.4	170000	2849.5295147895813
68	-47.9	-47.9	-47.0	-6.260272	11.881306	9.968423	-60.15595	-6.260159	0.2	172500	2891.9065799713135
69	-46.9	-46.9	-48.8	-6.227864	11.843912	6.089393	-62.63499	-6.22801	0.1	175000	2934.851595401764
70	-46.7	-46.7	-38.5	-6.243873	11.838849	7.779357	-61.495674	-6.2437387	0.3	177500	2977.0879123210907
71	-46.18	-46.18	-39.2	-6.2607017	11.828545	5.938054	-60.512867	-6.2607226	0.3	180000	3019.062967777252
72	-43.86	-43.86	-29.3	-6.263341	11.81714	6.8653464	-58.056602	-6.263504	0.5	182500	3061.690986394882
73	-48.16	-48.16	-45.399998	-6.272866	11.797954	10.464158	-61.510536	-6.272806	0.2	185000	3104.6201124191284
74	-43.92	-43.92	-39.5	-6.292371	11.814168	9.385542	-60.653275	-6.2923326	0.2	187500	3146.950189590454
75	-42.34	-42.34	-33.5	-6.272158	11.788572	9.483675	-60.81149	-6.272168	0.5	190000	3190.2227625846863
76	-45.66	-45.66	-34.100002	-6.2723355	11.77242	8.075217	-57.95934	-6.272151	0.4	192500	3232.808346748352
77	-45.4	-45.4	-41.8	-6.2351546	11.721911	6.8364983	-76.71467	-6.235468	0.2	195000	3275.8476254940033
78	-45.38	-45.38	-32.7	-6.251689	11.746138	7.427878	-58.02783	-6.251486	0.4	197500	3319.00981593132
79	-45.08	-45.08	-42.899998	-6.2595854	11.735101	8.436172	-64.65114	-6.25948	0.3	200000	3362.2131559848785
80	-45.62	-45.62	-38.5	-6.295406	11.739945	7.350813	-72.072784	-6.295618	0.3	202500	3405.511817216873
81	-41.28	-41.28	-39.899998	-6.265182	11.720267	8.526192	-64.2639	-6.264905	0.3	205000	3448.755588054657
82	-43.46	-43.46	-32.100002	-6.233038	11.652131	10.494131	-63.085598	-6.233241	0.4	207500	3492.242630958557
83	-44.5	-44.5	-34.399998	-6.2544312	11.632094	15.112135	-68.768074	-6.254391	0.4	210000	3535.002743959427
84	-41.64	-41.64	-32.7	-6.2770333	11.630538	8.42146	-58.81764	-6.2769933	0.4	212500	3577.356036901474
85	-45.36	-45.36	-35.3	-6.25964	11.591998	6.716865	-63.32543	-6.259528	0.5	215000	3619.678955554962
86	-44.0	-44.0	-39.399998	-6.28524	11.609059	7.6709204	-61.751114	-6.285468	0.3	217500	3662.452351808548
87	-43.34	-43.34	-43.100002	-6.250288	11.5551405	12.997967	-58.864155	-6.250345	0.3	220000	3703.8526287078857
88	-42.98	-42.98	-38.3	-6.2420096	11.51703	10.337332	-61.419792	-6.24195	0.4	222500	3745.9565505981445
89	-44.24	-44.24	-38.2	-6.2337394	11.494195	8.240982	-63.332058	-6.2335806	0.3	225000	3787.7403361797333
90	-39.58	-39.58	-30.6	-6.250145	11.483185	7.026739	-61.686424	-6.250343	0.6	227500	3830.049697160721
91	-44.82	-44.82	-30.5	-6.2054462	11.446439	6.6990137	-60.076653	-6.2052293	0.4	230000	3872.200129032135
92	-43.02	-43.02	-34.399998	-6.1441402	11.350082	11.259331	-69.16187	-6.1440983	0.4	232500	3914.1533200740814
93	-43.38	-43.38	-36.3	-6.1897454	11.338468	8.601644	-57.197254	-6.1898527	0.3	235000	3954.899007320404
94	-46.48	-46.48	-39.0	-6.2224092	11.335237	6.664211	-60.186325	-6.2224097	0.3	237500	3997.4989051818848
95	-40.7	-40.7	-37.2	-6.188394	11.284055	9.71352	-64.98457	-6.18831	0.2	240000	4039.8392848968506
96	-44.26	-44.26	-36.5	-6.1417303	11.215379	9.424592	-61.54124	-6.141861	0.3	242500	4082.3674414157867
97	-45.6	-45.6	-44.600002	-6.164836	11.201508	8.43009	-62.779503	-6.1647453	0.2	245000	4124.735397100449
98	-46.98	-46.98	-29.3	-6.1734667	11.154451	8.374062	-60.237576	-6.173571	0.5	247500	4167.70512342453
99	-41.62	-41.62	-39.399998	-6.167801	11.155039	7.8244486	-61.250313	-6.1677747	0.3	250000	4210.368235111237
100	-45.34	-45.34	-38.7	-6.199043	11.18218	10.292371	-63.235622	-6.198912	0.2	252500	4252.738608837128
101	-45.32	-45.32	-35.5	-6.2102704	11.181134	6.4422665	-59.174934	-6.2103148	0.5	255000	4295.141690015793
102	-43.76	-43.76	-37.5	-6.2095656	11.179293	7.1046443	-59.535854	-6.209654	0.3	257500	4337.361865520477
103	-44.56	-44.56	-34.2	-6.1944056	11.14184	9.180702	-62.128	-6.1942844	0.4	260000	4380.1041576862335
104	-42.36	-42.36	-30.8	-6.225616	11.123026	6.669653	-63.3745	-6.225864	0.5	262500	4422.924521684647
105	-43.48	-43.48	-38.5	-6.2243595	11.136925	7.769242	-78.16073	-6.224261	0.3	265000	4465.694211244583
106	-45.14	-45.14	-44.100002	-6.212065	11.087737	15.628534	-63.37795	-6.21189	0.2	267500	4508.512404918671
107	-42.94	-42.94	-30.3	-6.1921496	11.0346	8.125935	-59.331905	-6.1921816	0.5	270000	4551.551082849503
108	-44.8	-44.8	-35.899998	-6.2053366	11.055213	12.782228	-64.35044	-6.2054768	0.3	272500	4593.6663517951965
109	-42.34	-42.34	-40.7	-6.2076554	11.0428915	10.158286	-69.96904	-6.207538	0.3	275000	4636.187436342239
110	-43.08	-43.08	-38.600002	-6.1974115	11.015256	6.1657786	-63.234142	-6.197603	0.4	277500	4678.83721280098
111	-45.52	-45.52	-27.2	-6.2064147	10.987422	7.2384634	-66.12593	-6.206149	0.6	280000	4721.060941934586
112	-43.56	-43.56	-29.8	-6.1878114	10.9577	8.959021	-67.40176	-6.188145	0.6	282500	4763.285260677338
113	-40.36	-40.36	-27.4	-6.196772	10.938291	8.0433035	-63.412617	-6.1964903	0.7	285000	4805.695905447006
114	-44.6	-44.6	-42.0	-6.1388288	10.870885	8.289397	-57.953743	-6.138999	0.2	287500	4848.015714168549
115	-43.44	-43.44	-37.0	-6.1561823	10.879529	8.975121	-77.423164	-6.1560135	0.4	290000	4890.585527896881
116	-42.6	-42.6	-31.4	-6.2019897	10.892152	6.9581637	-71.03878	-6.2021728	0.5	292500	4933.571062326431
117	-44.46	-44.46	-26.7	-6.1851554	10.864999	5.637589	-60.423912	-6.1850724	0.6	295000	4976.219157457352
118	-44.52	-44.52	-29.5	-6.17401	10.815984	9.974446	-63.67801	-6.1738224	0.6	297500	5018.970224142075
119	-39.72	-39.72	-36.2	-6.1301017	10.776679	9.304879	-60.180744	-6.1302714	0.4	300000	5060.879012823105
120	-43.78	-43.78	-31.8	-6.122444	10.72387	9.441668	-65.23238	-6.1222334	0.5	302500	5102.974700450897
121	-43.22	-43.22	-30.5	-6.109726	10.714385	7.1866784	-61.637882	-6.110097	0.3	305000	5143.8959674835205
122	-40.08	-40.08	-33.600002	-6.1088605	10.688483	12.584008	-70.11894	-6.1088705	0.4	307500	5184.984493255615
123	-44.82	-44.82	-22.800001	-6.125777	10.6861	6.449956	-58.281303	-6.125774	0.7	310000	5227.478119134903
124	-43.82	-43.82	-30.7	-6.1086464	10.662002	9.624311	-63.12763	-6.108449	0.5	312500	5269.722970485687
125	-43.0	-43.0	-34.5	-6.1389794	10.702339	9.121601	-59.749313	-6.139204	0.4	315000	5312.321422576904
126	-42.46	-42.46	-41.399998	-6.1145043	10.687889	11.795428	-63.315777	-6.1145496	0.2	317500	5355.994849681854
127	-42.14	-42.14	-32.7	-6.1599755	10.716121	8.3237095	-59.33499	-6.1599464	0.5	320000	5398.51832652092
128	-42.46	-42.46	-39.399998	-6.142658	10.68371	6.6794176	-59.187176	-6.1425242	0.4	322500	5441.509469032288
129	-40.64	-40.64	-31.9	-6.101257	10.625248	8.334689	-56.958122	-6.1011763	0.3	325000	5480.849102258682
130	-44.54	-44.54	-28.8	-6.07758	10.579168	10.360355	-62.48927	-6.0775886	0.5	327500	5519.554803609848
131	-47.78	-47.78	-34.8	-6.093473	10.57351	10.231861	-69.81157	-6.093544	0.3	330000	5562.245536804199
132	-41.98	-41.98	-34.2	-6.0870214	10.564575	6.145205	-55.45158	-6.0868354	0.5	332500	5605.515657901764
133	-42.58	-42.58	-34.8	-6.0839524	10.537876	11.10593	-70.448715	-6.084201	0.4	335000	5648.793491601944
134	-43.94	-43.94	-26.3	-6.0657077	10.532428	11.114271	-60.28378	-6.0655036	0.6	337500	5691.499521493912
135	-42.98	-42.98	-32.8	-6.056021	10.497845	11.717964	-64.29796	-6.056215	0.3	340000	5734.1715977191925
136	-42.32	-42.32	-32.100002	-6.073599	10.497965	12.234332	-58.048233	-6.0736165	0.5	342500	5776.261739492416
137	-41.7	-41.7	-36.3	-6.0809875	10.486416	6.648922	-59.05112	-6.080578	0.3	345000	5817.013735771179
138	-43.28	-43.28	-24.1	-6.044798	10.4279175	7.7994165	-62.195896	-6.0451703	0.7	347500	5859.78317284584
139	-41.3	-41.3	-38.3	-6.008664	10.384329	7.8898554	-55.35824	-6.0085135	0.4	350000	5902.342343330383
140	-44.9	-44.9	-32.7	-6.044058	10.382465	9.857677	-59.002857	-6.0440407	0.4	352500	5944.062671661377
141	-43.0	-43.0	-32.100002	-6.01262	10.359746	6.576066	-60.382477	-6.012721	0.5	355000	5986.006761074066
142	-40.42	-40.42	-21.9	-6.041759	10.351249	7.7120547	-62.78041	-6.041735	0.7	357500	6028.498063087463
143	-41.58	-41.58	-27.0	-6.0414004	10.330944	10.083812	-62.46821	-6.041459	0.6	360000	6070.845096349716
144	-41.46	-41.46	-31.4	-6.0102267	10.326573	6.7527833	-65.459305	-6.010293	0.5	362500	6113.608211994171
145	-40.68	-40.68	-26.9	-5.999277	10.280689	6.7533493	-66.097176	-5.999209	0.6	365000	6156.437536716461
146	-41.7	-41.7	-37.600002	-5.9973097	10.252018	13.065766	-62.086803	-5.99727	0.3	367500	6198.518610715866
147	-42.7	-42.7	-37.399998	-5.9676914	10.221217	7.5278206	-59.6659	-5.9678226	0.4	370000	6240.810606479645
148	-42.24	-42.24	-42.399998	-5.985692	10.230286	12.914831	-59.83951	-5.985362	0.2	372500	6283.428311109543
149	-39.66	-39.66	-29.6	-5.972528	10.215914	10.604471	-73.12896	-5.972677	0.6	375000	6326.51749420166
150	-41.66	-41.66	-25.1	-5.928409	10.173955	11.456252	-63.400223	-5.9287925	0.6	377500	6368.994389533997
151	-41.18	-41.18	-42.600002	-5.940877	10.1833935	6.6017203	-62.9311	-5.9407287	0.3	380000	6411.325694322586
152	-40.36	-40.36	-34.7	-5.975555	10.207236	8.703577	-66.94395	-5.975281	0.2	382500	6453.903218984604
153	-42.68	-42.68	-29.7	-5.8981795	10.130303	8.328346	-68.644516	-5.898514	0.5	385000	6496.839049339294
154	-43.44	-43.44	-33.399998	-5.919838	10.119233	8.335483	-60.75753	-5.919659	0.4	387500	6539.56979060173
155	-43.5	-43.5	-32.899998	-5.907821	10.10902	5.8357763	-63.04852	-5.9079003	0.4	390000	6582.35984992981
156	-43.64	-43.64	-28.3	-5.9275384	10.120856	9.391504	-60.52472	-5.927447	0.6	392500	6624.665862560272
157	-41.56	-41.56	-22.800001	-5.906273	10.104171	9.316746	-60.859573	-5.9062343	0.7	395000	6666.654984235764
158	-41.08	-41.08	-26.1	-5.9158306	10.091886	19.15239	-62.368217	-5.9156537	0.6	397500	6709.144673585892
159	-40.62	-40.62	-25.8	-5.8888144	10.072909	12.851381	-60.338417	-5.8891926	0.7	400000	6752.316141605377
160	-39.32	-39.32	-23.5	-5.919676	10.101829	12.75273	-64.661316	-5.9194083	0.7	402500	6795.276302576065
161	-41.52	-41.52	-30.0	-5.8818793	10.073998	9.300273	-66.26771	-5.8818984	0.5	405000	6837.659095287323
162	-43.6	-43.6	-24.2	-5.8989677	10.09177	8.010893	-64.36062	-5.899175	0.7	407500	6880.466209888458
163	-41.5	-41.5	-44.2	-5.8286624	10.016058	9.955441	-66.07528	-5.828402	0.2	410000	6922.947971582413
164	-40.36	-40.36	-34.0	-5.8548875	10.015788	7.70875	-60.23627	-5.855198	0.4	412500	6965.058326244354
165	-41.06	-41.06	-12.7	-5.8649807	10.022319	9.991313	-60.59309	-5.864801	1.0	415000	7007.763792991638
166	-41.94	-41.94	-28.4	-5.8858843	10.0386715	6.7697377	-58.387806	-5.8857765	0.6	417500	7051.047625541687
167	-39.24	-39.24	-22.699999	-5.8246984	9.951761	10.640688	-61.55394	-5.8245983	0.7	420000	7093.662132740021
168	-39.92	-39.92	-21.300001	-5.8601623	9.972824	12.770075	-63.96993	-5.8603916	0.7	422500	7136.435370922089
169	-43.0	-43.0	-27.0	-5.845211	9.9463415	5.789461	-66.1403	-5.845357	0.6	425000	7179.299298524857
170	-42.22	-42.22	-31.3	-5.8400116	9.947987	16.797127	-59.385754	-5.8398676	0.5	427500	7222.115968942642
171	-39.44	-39.44	-16.300001	-5.845983	9.942448	12.446294	-63.338654	-5.8460712	0.8	430000	7265.222273826599
172	-40.12	-40.12	-28.0	-5.857406	9.959204	8.781956	-56.98093	-5.8572426	0.5	432500	7307.643345832825
173	-40.72	-40.72	-31.5	-5.8383827	9.948142	9.98384	-64.84632	-5.838546	0.5	435000	7350.698781490326
174	-43.88	-43.88	-24.6	-5.8337197	9.939999	16.478601	-62.562843	-5.833639	0.7	437500	7393.21617102623
175	-40.14	-40.14	-35.7	-5.808698	9.892472	19.884928	-64.64977	-5.8088264	0.4	440000	7435.9253969192505
176	-42.2	-42.2	-25.5	-5.776127	9.84949	10.270909	-60.93872	-5.775929	0.6	442500	7478.226733207703
177	-40.2	-40.2	-23.7	-5.8068314	9.844058	10.47289	-68.87944	-5.806591	0.8	445000	7519.289462804794
178	-41.68	-41.68	-26.7	-5.7986093	9.816588	13.990209	-62.12483	-5.7988615	0.6	447500	7560.793212890625
179	-39.78	-39.78	-24.0	-5.7426147	9.750307	11.228923	-64.69267	-5.7424393	0.7	450000	7602.547799825668
180	-40.4	-40.4	-26.8	-5.7571797	9.733008	11.931299	-62.67977	-5.7574873	0.6	452500	7644.622715711594
181	-35.56	-35.56	-25.6	-5.7280774	9.685861	8.96506	-63.760002	-5.728018	0.6	455000	7686.859331846237
182	-42.58	-42.58	-23.0	-5.719363	9.65123	12.932687	-63.768375	-5.7192545	0.6	457500	7729.449018001556
183	-36.66	-36.66	-27.8	-5.670392	9.60533	16.242752	-61.87526	-5.6703773	0.6	460000	7771.956194400787
184	-36.64	-36.64	-15.8	-5.678058	9.611455	12.062704	-59.991467	-5.6780176	0.9	462500	7814.4087970256805
185	-41.52	-41.52	-20.5	-5.6631007	9.595685	9.348615	-61.801174	-5.663207	0.8	465000	7856.878742456436
186	-40.72	-40.72	-14.2	-5.6508226	9.567141	10.13568	-59.229996	-5.6508794	0.9	467500	7899.979918241501
187	-39.98	-39.98	-20.4	-5.6219325	9.536276	15.590177	-60.91012	-5.622026	0.8	470000	7942.245946407318
188	-37.36	-37.36	-23.0	-5.5996795	9.495804	8.816256	-59.85736	-5.5995746	0.7	472500	7985.2466588020325
189	-39.2	-39.2	-21.800001	-5.609218	9.481239	8.328199	-62.55083	-5.609212	0.7	475000	8027.892652750015
190	-41.36	-41.36	-22.4	-5.580905	9.406125	6.98415	-72.1705	-5.58085	0.7	477500	8071.078941106796
191	-42.16	-42.16	-23.8	-5.582893	9.411158	9.933081	-58.5199	-5.582805	0.6	480000	8114.093176841736
192	-40.08	-40.08	-22.4	-5.563877	9.357511	9.149634	-78.20211	-5.564023	0.7	482500	8156.271539926529
193	-37.14	-37.14	-16.5	-5.5328426	9.333245	12.713714	-58.36055	-5.532642	0.8	485000	8199.116713523865
194	-42.04	-42.04	-21.1	-5.502915	9.259928	13.300875	-62.650875	-5.5029316	0.7	487500	8242.278675079346
195	-34.76	-34.76	-19.699999	-5.497583	9.245001	10.6823635	-61.49887	-5.4977546	0.7	490000	8285.599910974503
196	-41.8	-41.8	-8.400001	-5.4859347	9.217255	7.324606	-61.001423	-5.4858384	1.0	492500	8328.635583639145
197	-39.92	-39.92	-29.7	-5.4528136	9.18359	13.986812	-71.69311	-5.4529138	0.5	495000	8371.278731584549
198	-37.3	-37.3	-13.7	-5.4703393	9.2132225	6.3567886	-65.100845	-5.4701834	0.9	497500	8413.722771167755
199	-38.44	-38.44	-22.199999	-5.4648256	9.188942	8.023552	-66.86748	-5.4649553	0.8	500000	8456.761708259583
200	-35.8	-35.8	-20.800001	-5.4551306	9.190288	17.599878	-71.95456	-5.455213	0.7	502500	8498.942075014114
201	-40.36	-40.36	-25.5	-5.4412656	9.15923	8.602016	-62.879272	-5.4412274	0.6	505000	8540.561016082764
202	-39.86	-39.86	-38.2	-5.4356327	9.133161	11.825006	-59.59554	-5.435466	0.3	507500	8583.001164674759
203	-40.84	-40.84	-21.4	-5.4087243	9.0660095	18.862724	-67.637474	-5.408606	0.7	510000	8624.656903028488
204	-34.46	-34.46	-16.9	-5.3749127	9.022009	9.690168	-60.979862	-5.375258	0.8	512500	8668.235547304153
205	-35.0	-35.0	-22.5	-5.334284	8.964513	7.205019	-64.393295	-5.334313	0.7	515000	8711.62337899208
206	-40.16	-40.16	-12.5	-5.3499846	8.958824	12.261478	-64.1448	-5.349694	0.9	517500	8754.804349660873
207	-40.42	-40.42	-22.4	-5.34651	8.9721575	10.744259	-62.08274	-5.346578	0.7	520000	8797.57312989235
208	-40.02	-40.02	-19.0	-5.349545	8.973423	7.3473783	-66.966675	-5.3496623	0.8	522500	8840.63066649437
209	-36.84	-36.84	-21.199999	-5.3435755	8.985228	14.089486	-64.36964	-5.343407	0.7	525000	8883.820634126663
210	-38.22	-38.22	-23.0	-5.352209	8.975808	7.1760387	-62.56628	-5.352405	0.7	527500	8926.533908843994
211	-35.9	-35.9	-27.0	-5.3420606	8.959988	9.699729	-74.03955	-5.3421354	0.6	530000	8969.19473195076
212	-36.16	-36.16	-23.1	-5.339852	8.946352	8.096485	-66.2567	-5.3396125	0.7	532500	9011.555552721024
213	-42.12	-42.12	-14.5	-5.3279676	8.959506	14.56868	-65.67627	-5.3280616	0.9	535000	9054.149169921875
214	-37.4	-37.4	-26.5	-5.326861	8.938636	23.618032	-64.86663	-5.3267536	0.6	537500	9096.794061422348
215	-38.38	-38.38	-15.5	-5.350884	8.91982	10.815529	-61.70217	-5.350908	0.8	540000	9140.342175722122
216	-37.34	-37.34	-18.300001	-5.298962	8.855759	12.79139	-69.80036	-5.2989116	0.8	542500	9181.761458158493
217	-37.54	-37.54	-30.7	-5.274415	8.820791	12.363327	-61.914223	-5.274523	0.5	545000	9224.886053323746
218	-38.44	-38.44	-25.5	-5.2990236	8.807312	18.994812	-60.179157	-5.29902	0.6	547500	9267.750948190689
219	-37.04	-37.04	-27.3	-5.274258	8.788425	8.018084	-76.75174	-5.2742953	0.5	550000	9310.457689523697
220	-37.58	-37.58	-22.300001	-5.2615237	8.7857065	13.130128	-60.041386	-5.2614245	0.7	552500	9352.979944467545
221	-35.24	-35.24	-25.1	-5.279896	8.805806	6.6209006	-59.600746	-5.2798424	0.6	555000	9395.793878555298
222	-40.06	-40.06	-13.5	-5.2411103	8.783679	8.887254	-60.590954	-5.241205	0.9	557500	9437.597767829895
223	-36.18	-36.18	-24.9	-5.252617	8.79492	7.922855	-63.233437	-5.2525306	0.6	560000	9479.778322696686
224	-35.22	-35.22	-26.3	-5.17712	8.742561	8.419945	-59.78312	-5.1772346	0.6	562500	9522.02050447464
225	-38.82	-38.82	-18.9	-5.23494	8.782863	15.73609	-61.977238	-5.2347393	0.8	565000	9564.216671943665
226	-41.7	-41.7	-29.6	-5.231764	8.760796	9.882939	-58.037357	-5.232078	0.5	567500	9607.107275247574
227	-35.6	-35.6	-18.9	-5.2155876	8.758831	12.467941	-64.566895	-5.2153316	0.8	570000	9649.88616847992
228	-39.26	-39.26	-21.699999	-5.1822367	8.715604	15.884454	-59.550278	-5.182323	0.7	572500	9693.218477487564
229	-38.64	-38.64	-23.1	-5.1874475	8.712753	12.915646	-64.17253	-5.187448	0.7	575000	9736.396083593369
230	-35.46	-35.46	-17.699999	-5.1488824	8.645996	7.029356	-65.813095	-5.148898	0.8	577500	9779.540511608124
231	-37.48	-37.48	-23.1	-5.117586	8.631241	12.216678	-58.47943	-5.1176767	0.7	580000	9822.76288819313
232	-37.36	-37.36	-15.6	-5.097609	8.58432	13.694596	-58.825714	-5.0976596	0.9	582500	9866.066180706024
233	-39.1	-39.1	-22.1	-5.09904	8.563646	8.692487	-58.35729	-5.0991535	0.7	585000	9907.82053399086
234	-38.24	-38.24	-18.800001	-5.0962057	8.548982	15.390615	-61.692684	-5.0960264	0.8	587500	9950.71548128128
235	-36.82	-36.82	-23.0	-5.095737	8.538376	10.957963	-58.977516	-5.095926	0.7	590000	9993.633652448654
236	-38.08	-38.08	-20.699999	-5.07108	8.501334	18.024572	-58.54488	-5.0709143	0.7	592500	10035.609333992004
237	-33.4	-33.4	-28.5	-5.0664754	8.4861355	5.967991	-60.099396	-5.0664635	0.5	595000	10077.738152980804
238	-40.02	-40.02	-22.0	-5.076993	8.486579	14.60739	-68.00459	-5.076922	0.7	597500	10120.400080919266
239	-40.84	-40.84	-13.4	-5.0477405	8.464088	7.013312	-59.87294	-5.0476904	0.9	600000	10163.19835472107
240	-38.62	-38.62	-23.7	-5.044919	8.451178	14.309034	-61.474483	-5.044954	0.6	602500	10205.853197336197
241	-37.32	-37.32	-24.1	-5.038399	8.442356	11.917311	-73.937706	-5.0383396	0.6	605000	10248.36903142929
242	-38.92	-38.92	-22.0	-5.0392427	8.405588	24.63798	-66.34465	-5.0394883	0.7	607500	10291.13188457489
243	-37.62	-37.62	-29.8	-5.0244217	8.437674	14.094457	-58.815674	-5.024239	0.5	610000	10333.592081069946
244	-36.36	-36.36	-10.099999	-5.008843	8.41934	12.28918	-60.4286	-5.0087605	1.0	612500	10376.26946592331
245	-36.88	-36.88	-13.9	-5.008834	8.434099	18.086403	-64.574234	-5.009064	0.8	615000	10418.462161064148
246	-41.26	-41.26	-11.7	-5.0096474	8.448515	9.5486965	-69.914314	-5.009476	0.9	617500	10461.212986469269
247	-37.92	-37.92	-21.199999	-5.0112634	8.449845	14.081896	-60.4885	-5.0113726	0.7	620000	10503.946360111237
248	-38.86	-38.86	-30.1	-4.972769	8.397506	13.578644	-61.473927	-4.972594	0.5	622500	10546.942252397537
249	-35.96	-35.96	-19.300001	-5.000563	8.418384	10.119556	-59.2	-5.0006695	0.7	625000	10590.768851041794
250	-38.1	-38.1	-23.199999	-5.0030813	8.396279	7.368682	-58.365807	-5.003233	0.7	627500	10634.541647911072
251	-34.24	-34.24	-17.300001	-4.98836	8.393674	9.754817	-68.339134	-4.988468	0.8	630000	10677.733656644821
252	-34.88	-34.88	-28.6	-4.9538198	8.328906	11.309394	-61.454796	-4.9536242	0.5	632500	10720.50968670845
253	-34.32	-34.32	-24.2	-4.9411073	8.314663	16.86622	-59.179913	-4.941085	0.6	635000	10763.473558425903
254	-34.28	-34.28	-11.2	-4.906728	8.279397	8.566109	-70.334404	-4.9066753	0.9	637500	10806.84420132637
255	-40.86	-40.86	-7.7	-4.880518	8.21194	10.270199	-77.488655	-4.880428	1.0	640000	10849.691361427307
256	-38.04	-38.04	-8.2	-4.9010587	8.204961	12.537328	-72.5949	-4.901104	1.0	642500	10892.363426208496
257	-36.94	-36.94	-16.9	-4.9125366	8.19681	8.957489	-78.34423	-4.9127936	0.8	645000	10935.015183448792
258	-31.74	-31.74	-27.9	-4.898889	8.173968	15.201558	-68.29926	-4.8984294	0.5	647500	10977.643570184708
259	-36.78	-36.78	-26.4	-4.8610873	8.152993	9.745678	-72.58861	-4.8613763	0.6	650000	11021.044296741486
260	-39.06	-39.06	-35.8	-4.883794	8.161631	12.993921	-70.14506	-4.883973	0.3	652500	11063.744647741318
261	-33.2	-33.2	-17.1	-4.8887234	8.16477	12.503061	-62.174206	-4.888683	0.8	655000	11106.646427154541
262	-35.4	-35.4	-18.0	-4.8290863	8.0900135	10.757944	-68.39243	-4.829001	0.8	657500	11149.876992464066
263	-37.56	-37.56	-15.9	-4.8279133	8.058766	11.808108	-64.081955	-4.828158	0.8	660000	11192.683373212814
264	-38.06	-38.06	-20.4	-4.8456235	8.06404	12.839806	-64.99077	-4.8452954	0.7	662500	11235.468213558197
265	-39.34	-39.34	-14.6	-4.863072	8.066294	11.490585	-67.67267	-4.8632574	0.8	665000	11277.695798397064
266	-38.44	-38.44	-18.9	-4.8765664	8.073622	16.606613	-63.391193	-4.8763375	0.8	667500	11320.292337656021
267	-38.46	-38.46	-24.1	-4.8952794	8.066482	13.842547	-62.026615	-4.895392	0.6	670000	11362.694776773453
268	-38.2	-38.2	-12.1	-4.8684764	8.011236	14.272279	-70.93364	-4.868534	0.9	672500	11405.583386421204
269	-37.02	-37.02	-24.5	-4.8560863	8.003278	13.433081	-63.635757	-4.856116	0.6	675000	11447.502999782562
270	-37.62	-37.62	-21.199999	-4.8169994	7.9540143	9.732982	-71.206635	-4.8169923	0.7	677500	11490.521797657013
271	-36.7	-36.7	-25.3	-4.8257146	7.960202	8.770158	-64.35281	-4.8258095	0.7	680000	11532.914298295975
272	-31.5	-31.5	-19.0	-4.77458	7.910355	8.490601	-74.61251	-4.774481	0.7	682500	11574.150383472443
273	-39.34	-39.34	-17.800001	-4.7674336	7.9037585	10.96752	-76.73596	-4.767288	0.8	685000	11617.15268087387
274	-37.5	-37.5	-17.5	-4.7474413	7.8625965	19.38506	-64.88462	-4.747615	0.8	687500	11660.076594352722
275	-36.4	-36.4	-14.3	-4.7199717	7.825697	9.381391	-64.97635	-4.719892	0.9	690000	11703.012491703033
276	-36.24	-36.24	-25.9	-4.7420673	7.8676157	9.063957	-68.51095	-4.742042	0.6	692500	11745.844148397446
277	-35.4	-35.4	-11.5	-4.732322	7.8335905	7.31403	-64.99253	-4.7323275	0.9	695000	11788.90533733368
278	-36.36	-36.36	-17.9	-4.7283044	7.786583	12.249685	-69.34895	-4.728223	0.9	697500	11832.516990423203
279	-35.62	-35.62	-10.2	-4.741828	7.79353	9.359238	-66.75386	-4.7421002	1.0	700000	11876.488815307617
280	-38.46	-38.46	-18.699999	-4.720645	7.752614	10.767507	-67.78336	-4.7206645	0.7	702500	11919.662751674652
281	-33.46	-33.46	-11.099999	-4.7247066	7.707484	11.555234	-63.41221	-4.7245145	1.0	705000	11962.63573217392
282	-35.0	-35.0	-11.400001	-4.680125	7.6403217	11.414513	-63.44916	-4.6802197	0.9	707500	12005.66762804985
283	-42.56	-42.56	-22.0	-4.6677184	7.594901	11.816147	-64.14104	-4.6675873	0.7	710000	12049.835733413696
284	-35.88	-35.88	-19.4	-4.6667156	7.535601	25.40873	-68.541245	-4.6666317	0.7	712500	12092.301357746124
285	-32.28	-32.28	-13.4	-4.6527934	7.513241	16.579372	-66.73981	-4.6530724	1.0	715000	12135.16939997673
286	-34.5	-34.5	-15.4	-4.676872	7.5218806	16.829157	-79.77944	-4.676591	0.8	717500	12177.682835578918
287	-37.56	-37.56	-10.8	-4.665621	7.4764495	9.864284	-63.97201	-4.6657777	0.9	720000	12220.153448343277
288	-40.52	-40.52	-16.0	-4.6836023	7.493264	10.770929	-68.07257	-4.6835995	0.8	722500	12262.828089952469
289	-32.98	-32.98	-9.8	-4.6367717	7.387505	13.8896885	-73.04217	-4.636744	1.0	725000	12305.822621583939
290	-34.82	-34.82	-21.300001	-4.63511	7.3879285	9.527709	-64.21495	-4.6350436	0.7	727500	12349.081409454346
291	-31.92	-31.92	-10.599999	-4.628487	7.360763	10.818366	-68.22133	-4.6284924	1.0	730000	12391.392318964005
292	-38.64	-38.64	-19.6	-4.61845	7.3305416	8.013806	-64.18145	-4.618361	0.7	732500	12435.085637331009
293	-39.12	-39.12	-11.599999	-4.597682	7.2691827	10.049676	-72.7361	-4.5976286	1.0	735000	12478.197571992874
294	-40.14	-40.14	-17.699999	-4.607761	7.2888875	7.5451283	-65.43181	-4.6079297	0.9	737500	12521.632234096527
295	-37.76	-37.76	-19.6	-4.585189	7.2464514	12.435283	-62.690006	-4.585221	0.8	740000	12565.355646133423
296	-37.44	-37.44	-10.7	-4.5945883	7.216647	9.427322	-73.27094	-4.594608	1.0	742500	12605.363415956497
297	-35.78	-35.78	-13.8	-4.5769978	7.1727643	15.228962	-59.517212	-4.577043	0.9	745000	12648.638620138168
298	-33.7	-33.7	-13.7	-4.5882325	7.169524	12.164577	-63.809795	-4.5882416	0.9	747500	12691.36587023735
299	-32.56	-32.56	-12.1	-4.595367	7.1675515	18.23906	-67.16781	-4.595152	0.9	750000	12734.787358522415
300	-37.32	-37.32	-14.0	-4.6033173	7.19602	8.255183	-63.649014	-4.6035676	0.9	752500	12777.214311599731
301	-34.22	-34.22	-17.199999	-4.6176896	7.1816416	15.05174	-68.51597	-4.617454	0.8	755000	12819.88972902298
302	-36.72	-36.72	-16.6	-4.606062	7.1557584	8.906148	-62.68955	-4.606162	0.9	757500	12862.616667747498
303	-33.08	-33.08	-10.5	-4.573808	7.087292	10.930451	-65.01859	-4.5738635	1.0	760000	12905.782286405563
304	-38.26	-38.26	-24.6	-4.562229	7.0675535	19.247618	-69.81236	-4.5623775	0.6	762500	12948.774243354797
305	-34.3	-34.3	-10.3	-4.584737	7.0610986	9.693938	-62.72707	-4.584527	1.0	765000	12992.235094547272
306	-32.34	-32.34	-16.300001	-4.615447	7.0779896	8.965416	-67.44323	-4.6154847	0.8	767500	13035.48555970192
307	-39.24	-39.24	-10.099999	-4.5928674	7.0640464	8.644823	-60.49285	-4.5928664	0.9	770000	13077.98652291298
308	-40.58	-40.58	-16.800001	-4.596764	7.074107	9.268874	-62.753757	-4.596865	0.8	772500	13121.179891347885
309	-35.84	-35.84	-13.4	-4.614244	7.045719	14.438185	-71.33296	-4.614218	0.9	775000	13164.383982181549
310	-40.04	-40.04	-12.9	-4.57823	7.013312	11.056481	-68.42784	-4.57831	0.9	777500	13206.937057971954
311	-31.02	-31.02	-7.7	-4.54472	6.940752	7.951178	-63.31849	-4.5448904	1.0	780000	13249.861772537231
312	-37.44	-37.44	-15.0	-4.560301	6.9233174	7.9148974	-63.338005	-4.5601325	0.9	782500	13292.251106500626
313	-35.52	-35.52	-16.4	-4.559128	6.914889	7.2449183	-65.673584	-4.5591636	0.8	785000	13335.184789419174
314	-39.6	-39.6	-14.4	-4.5930114	6.9507084	15.846293	-69.48916	-4.592984	0.9	787500	13377.967126131058
315	-37.26	-37.26	-21.4	-4.5677867	6.885567	17.337547	-75.826225	-4.5677304	0.7	790000	13421.280057907104
316	-34.64	-34.64	-14.4	-4.5485	6.8541255	12.90178	-62.203987	-4.5486236	0.9	792500	13464.564235687256
317	-33.0	-33.0	-7.9	-4.575229	6.8368034	10.632604	-62.503277	-4.575005	1.0	795000	13508.183279752731
318	-34.26	-34.26	-13.4	-4.543622	6.810488	20.823223	-64.806564	-4.543552	0.9	797500	13551.538709402084
319	-38.54	-38.54	-13.3	-4.5511103	6.8260064	14.090951	-60.820976	-4.5514207	1.0	800000	13595.026011228561
320	-36.12	-36.12	-10.5	-4.5176563	6.745434	6.4479527	-61.9597	-4.517243	0.9	802500	13638.176909446716
321	-35.12	-35.12	-12.6	-4.5368776	6.7233534	13.8721485	-66.79503	-4.5370865	0.9	805000	13681.209797620773
322	-36.78	-36.78	-10.2	-4.5358105	6.69188	10.454106	-66.12298	-4.5359654	1.0	807500	13724.623333215714
323	-37.86	-37.86	-9.099999	-4.5412016	6.708249	7.4773264	-72.680725	-4.5409026	1.0	810000	13768.521979093552
324	-37.46	-37.46	-12.8	-4.542253	6.6734886	7.0932	-66.70686	-4.5423565	1.0	812500	13810.827070951462
325	-35.34	-35.34	-12.3	-4.5366006	6.647284	10.04181	-69.123726	-4.5365796	0.9	815000	13854.5580534935
326	-34.24	-34.24	-11.9	-4.52702	6.619067	9.027931	-68.907104	-4.527021	1.0	817500	13897.628786802292
327	-35.92	-35.92	-10.3	-4.5173955	6.575886	8.679613	-65.55574	-4.5175786	1.0	820000	13939.33127117157
328	-37.88	-37.88	-21.9	-4.5231276	6.52877	7.3972335	-59.87717	-4.5227137	0.7	822500	13982.600086212158
329	-35.44	-35.44	-11.599999	-4.522406	6.512206	6.9974513	-62.634026	-4.5229454	1.0	825000	14025.939859628677
330	-38.62	-38.62	-12.2	-4.5097113	6.4833727	14.786377	-64.50743	-4.509567	0.9	827500	14069.086506605148
331	-32.86	-32.86	-8.7	-4.521657	6.472815	8.698682	-77.24911	-4.521756	1.0	830000	14111.901321411133
332	-34.08	-34.08	-9.599999	-4.5272703	6.478644	8.82886	-62.1242	-4.526864	1.0	832500	14155.27371096611
333	-37.9	-37.9	-16.0	-4.5320864	6.437302	8.997331	-60.69885	-4.5321345	0.9	835000	14198.966346263885
334	-33.88	-33.88	-13.6	-4.535119	6.4393945	8.79698	-62.34786	-4.535052	1.0	837500	14242.006078958511
335	-32.62	-32.62	-9.900001	-4.533624	6.427463	9.734128	-66.392555	-4.5336504	1.0	840000	14284.829863786697
336	-35.72	-35.72	-10.599999	-4.559175	6.4618063	16.574064	-59.504684	-4.5594316	1.0	842500	14326.993116378784
337	-32.62	-32.62	-20.1	-4.5642934	6.425861	6.8991823	-62.01209	-4.564197	0.8	845000	14370.247370481491
338	-34.9	-34.9	-11.0	-4.5487823	6.3980727	14.709521	-65.60149	-4.548845	1.0	847500	14412.996052742004
339	-34.18	-34.18	-11.2	-4.5388904	6.3900743	14.684451	-69.669624	-4.5387845	1.0	850000	14456.349971055984
340	-37.88	-37.88	-10.400001	-4.5293746	6.3507986	10.312695	-63.63607	-4.5295377	1.0	852500	14499.509872436523
341	-39.6	-39.6	-10.0	-4.507096	6.336383	12.821363	-61.808853	-4.5068674	0.9	855000	14542.574287891388
342	-35.94	-35.94	-12.1	-4.511365	6.300811	8.5592	-60.291496	-4.511424	1.0	857500	14585.649076223373
343	-36.18	-36.18	-10.900001	-4.5239425	6.29688	8.296983	-64.81231	-4.523697	1.0	860000	14628.305613517761
344	-33.06	-33.06	-9.5	-4.5142794	6.3062406	7.2217197	-70.07954	-4.5147033	1.0	862500	14669.995202064514
345	-36.46	-36.46	-7.9	-4.5008926	6.2748737	8.905488	-68.22205	-4.5007534	1.0	865000	14713.308645486832
346	-37.14	-37.14	-12.2	-4.5278034	6.263021	9.731917	-65.80366	-4.527695	1.0	867500	14755.455906152725
347	-34.28	-34.28	-12.0	-4.540696	6.3075256	8.853324	-79.8979	-4.5407968	1.0	870000	14798.589975595474
348	-36.54	-36.54	-10.599999	-4.5384464	6.2910542	12.403029	-59.045116	-4.538557	1.0	872500	14841.774357557297
349	-33.88	-33.88	-12.2	-4.5330997	6.273312	15.776107	-78.17308	-4.532981	1.0	875000	14885.208425998688
350	-38.26	-38.26	-17.300001	-4.5082145	6.2517824	13.186476	-63.413193	-4.508234	0.8	877500	14930.226999044418
351	-37.76	-37.76	-12.2	-4.5206685	6.263345	9.883352	-69.91571	-4.520599	1.0	880000	14974.351841211319
352	-33.02	-33.02	-11.400001	-4.4885597	6.1676183	12.668502	-61.26532	-4.4886084	0.9	882500	15019.490764856339
353	-37.88	-37.88	-9.7	-4.4751673	6.1583323	10.393798	-66.476906	-4.475394	1.0	885000	15062.326550483704
354	-35.36	-35.36	-9.900001	-4.503924	6.1715856	11.319419	-64.31606	-4.5037856	1.0	887500	15104.163612365723
355	-35.92	-35.92	-9.099999	-4.504797	6.1517334	9.46238	-72.440926	-4.5050178	1.0	890000	15144.643765687943
356	-39.64	-39.64	-8.400001	-4.510713	6.1584306	9.111018	-63.133778	-4.510622	1.0	892500	15186.073586940765
357	-37.14	-37.14	-8.099999	-4.5284624	6.1765137	15.164412	-62.721684	-4.52866	1.0	895000	15227.572465658188
358	-36.1	-36.1	-16.300001	-4.5183506	6.136674	18.16899	-65.27789	-4.518139	0.9	897500	15269.346321582794
359	-36.9	-36.9	-9.3	-4.508157	6.1525974	7.3566585	-63.926785	-4.507915	1.0	900000	15310.290278434753
360	-31.88	-31.88	-10.2	-4.518818	6.1845145	14.148379	-67.160095	-4.518997	1.0	902500	15352.287111520767
361	-32.88	-32.88	-7.5	-4.488686	6.1335087	6.7638383	-65.319374	-4.4887195	1.0	905000	15394.90432024002
362	-37.4	-37.4	-10.599999	-4.4709992	6.1071525	12.327173	-75.62135	-4.471011	1.0	907500	15438.594743728638
363	-34.82	-34.82	-11.599999	-4.5126863	6.13251	6.8665667	-69.40199	-4.512376	1.0	910000	15481.76846075058
364	-33.58	-33.58	-9.0	-4.4931965	6.110229	10.103389	-72.28027	-4.4934754	1.0	912500	15524.775405406952
365	-32.64	-32.64	-14.0	-4.494458	6.118702	18.600323	-63.688896	-4.494599	0.9	915000	15569.114847660065
366	-37.98	-37.98	-8.400001	-4.4732385	6.0985928	11.470338	-84.04761	-4.473064	1.0	917500	15613.455982208252
367	-34.1	-34.1	-10.2	-4.472795	6.0766892	12.917688	-63.51445	-4.4730134	1.0	920000	15656.345824956894
368	-36.48	-36.48	-12.2	-4.456815	6.060219	11.253584	-64.77863	-4.456794	0.9	922500	15700.176096200943
369	-36.64	-36.64	-10.900001	-4.471955	6.070279	11.796214	-67.15901	-4.47188	1.0	925000	15743.445261001587
370	-33.74	-33.74	-9.8	-4.4647326	6.0567274	15.441043	-76.154144	-4.464531	1.0	927500	15787.647159337997
371	-36.58	-36.58	-11.099999	-4.4872746	6.0562353	11.129358	-66.572426	-4.487327	1.0	930000	15830.875405550003
372	-32.28	-32.28	-10.8	-4.4837303	6.098971	15.08468	-69.280914	-4.484061	1.0	932500	15873.849323034286
373	-37.98	-37.98	-11.0	-4.4729342	6.063387	10.321375	-74.91336	-4.4728355	1.0	935000	15916.586313009262
374	-35.64	-35.64	-12.7	-4.4758544	6.0529494	10.581206	-65.99751	-4.4758	0.9	937500	15959.019840955734
375	-37.76	-37.76	-11.400001	-4.46914	6.0289345	6.4688306	-64.92736	-4.4691544	1.0	940000	16002.284769296646
376	-35.38	-35.38	-8.599999	-4.4683313	6.024541	10.92016	-63.916595	-4.4683695	1.0	942500	16045.428791999817
377	-38.52	-38.52	-14.2	-4.4519258	6.0049343	8.314068	-72.89465	-4.4520273	0.9	945000	16088.915795087814
378	-36.9	-36.9	-9.7	-4.4459987	5.978969	22.001074	-65.503914	-4.4459677	1.0	947500	16133.013585329056
379	-38.74	-38.74	-10.099999	-4.444036	5.9607134	9.2213955	-67.556786	-4.4437304	1.0	950000	16177.72875881195
380	-34.8	-34.8	-11.099999	-4.4402328	5.996679	7.7928495	-65.09614	-4.4403863	0.9	952500	16222.323241949081
381	-34.58	-34.58	-10.7	-4.4508796	6.003158	7.9620776	-64.31022	-4.450785	1.0	955000	16266.709490537643
382	-37.78	-37.78	-9.099999	-4.455559	5.9767814	9.3038435	-69.74682	-4.4557858	1.0	957500	16311.471628427505
383	-37.82	-37.82	-9.3	-4.464754	6.001107	8.462627	-66.5241	-4.464462	1.0	960000	16354.461755752563
384	-35.26	-35.26	-13.7	-4.4796453	6.004952	7.364101	-76.1608	-4.479851	0.9	962500	16399.326612234116
385	-36.86	-36.86	-8.900001	-4.4712157	5.989669	8.879076	-64.06869	-4.471197	1.0	965000	16443.76184439659
386	-37.26	-37.26	-12.1	-4.488942	6.0326447	9.714768	-66.658424	-4.488872	0.9	967500	16488.95321059227
387	-34.58	-34.58	-13.4	-4.485916	6.0070157	6.326008	-77.93249	-4.4860077	1.0	970000	16534.06074643135
388	-36.22	-36.22	-7.4	-4.4822707	6.0043674	7.568555	-68.97795	-4.482178	1.0	972500	16577.377576351166
389	-36.32	-36.32	-9.400001	-4.4719014	5.9889402	8.347954	-78.38843	-4.4719634	1.0	975000	16621.788862228394
390	-36.7	-36.7	-13.6	-4.4583373	5.959157	10.352615	-63.844593	-4.4583116	0.9	977500	16665.406028985977
391	-35.16	-35.16	-12.8	-4.4711366	5.972704	6.2050514	-67.84741	-4.471258	1.0	980000	16708.718400239944
392	-33.4	-33.4	-11.8	-4.4698777	5.983159	10.5713215	-68.13073	-4.4695992	1.0	982500	16752.257022619247
393	-36.76	-36.76	-10.599999	-4.4862375	6.014	10.793888	-61.437782	-4.4862533	1.0	985000	16795.35334920883
394	-35.16	-35.16	-10.5	-4.4983387	5.998736	9.6334505	-61.864483	-4.4983087	1.0	987500	16838.229174137115
395	-36.84	-36.84	-10.2	-4.494124	5.997805	7.6794386	-66.21476	-4.4939127	1.0	990000	16880.911243915558
396	-34.82	-34.82	-7.9	-4.4799542	5.9862056	8.226834	-67.40186	-4.480424	1.0	992500	16922.923697948456
397	-32.38	-32.38	-9.7	-4.429823	5.9458723	8.078139	-65.83833	-4.4296427	1.0	995000	16964.701860904694
398	-33.6	-33.6	-11.8	-4.44476	5.9945083	11.380992	-61.036057	-4.44474	1.0	997500	17006.175300598145
399	-34.9	-34.9	-8.8	-4.450015	5.966077	6.2695765	-63.06286	-4.4501114	1.0	1000000	17048.39937233925
400	-38.52	-38.52	-11.5	-4.4538116	5.980317	7.6957383	-60.60562	-4.453943	1.0	1002500	17090.687141895294
401	-37.18	-37.18	-10.400001	-4.4780297	5.994616	9.337456	-62.87108	-4.477796	1.0	1005000	17133.112473487854
402	-36.24	-36.24	-11.7	-4.479582	6.015218	5.8214393	-63.30292	-4.4799695	1.0	1007500	17175.526479005814
403	-33.52	-33.52	-9.900001	-4.462014	5.9942317	9.645109	-62.617584	-4.4615655	1.0	1010000	17218.160368442535
404	-38.5	-38.5	-11.400001	-4.450571	5.9598804	9.2524	-67.822716	-4.450877	1.0	1012500	17260.08181619644
405	-35.86	-35.86	-10.2	-4.466172	5.978748	10.424196	-61.510227	-4.4659767	1.0	1015000	17302.361814260483
406	-37.6	-37.6	-14.3	-4.45834	5.974554	10.220875	-78.32577	-4.4585347	1.0	1017500	17344.799708604813
407	-31.06	-31.06	-10.3	-4.4786186	6.027208	15.392528	-65.328705	-4.4783964	1.0	1020000	17387.37524318695
408	-37.96	-37.96	-12.0	-4.470746	6.0050764	7.8895216	-70.331474	-4.4707828	1.0	1022500	17430.491763591766
409	-36.54	-36.54	-14.6	-4.490104	6.057452	6.665159	-75.02575	-4.4903173	0.9	1025000	17473.380249738693
410	-33.6	-33.6	-13.3	-4.4712787	6.040732	6.5245647	-64.57859	-4.471183	1.0	1027500	17516.20618391037
411	-30.54	-30.54	-17.5	-4.471916	6.0373735	7.879817	-64.69684	-4.471764	0.8	1030000	17558.339047431946
412	-37.64	-37.64	-12.5	-4.4314995	5.981147	10.860815	-78.59864	-4.4318976	1.0	1032500	17600.919497728348
413	-31.88	-31.88	-10.2	-4.437304	5.9827332	7.216036	-66.99389	-4.43686	1.0	1035000	17643.45489883423
414	-37.14	-37.14	-14.6	-4.4298162	5.9813967	8.658558	-62.930386	-4.4300094	0.9	1037500	17686.42389678955
415	-33.88	-33.88	-12.2	-4.449663	6.0092015	16.305569	-63.539085	-4.4497924	1.0	1040000	17729.17579126358
416	-33.2	-33.2	-13.2	-4.454064	6.0127215	9.530775	-63.78372	-4.453659	0.9	1042500	17772.801565647125
417	-37.4	-37.4	-11.599999	-4.468802	5.9893246	10.028849	-65.63686	-4.469097	1.0	1045000	17815.17913365364
418	-32.52	-32.52	-11.2	-4.456354	5.9848866	15.242163	-71.535095	-4.4563913	0.9	1047500	17856.408375263214
419	-34.42	-34.42	-11.400001	-4.451724	5.957166	5.946208	-69.96317	-4.451719	1.0	1050000	17897.850848436356
420	-33.82	-33.82	-17.6	-4.475926	5.9754186	9.294308	-64.81401	-4.4759946	0.9	1052500	17940.58696770668
421	-32.86	-32.86	-11.3	-4.463015	5.970675	8.548684	-65.88148	-4.462926	1.0	1055000	17981.995232105255
422	-34.9	-34.9	-10.599999	-4.42098	5.9228053	7.276344	-68.77463	-4.421073	1.0	1057500	18023.4973385334
423	-37.6	-37.6	-11.5	-4.4064994	5.8936014	11.105144	-59.462334	-4.406501	1.0	1060000	18065.907962799072
424	-36.18	-36.18	-7.9	-4.4123716	5.910543	17.729563	-65.31864	-4.41227	1.0	1062500	18111.488812208176
425	-36.62	-36.62	-10.3	-4.416443	5.88672	11.490251	-58.007416	-4.416377	1.0	1065000	18154.86821937561
426	-30.14	-30.14	-9.900001	-4.4175158	5.908189	8.2895155	-60.689823	-4.417479	1.0	1067500	18196.600994586945
427	-37.64	-37.64	-10.7	-4.4058757	5.8880444	7.699832	-68.58337	-4.405978	1.0	1070000	18238.180131196976
428	-33.8	-33.8	-9.900001	-4.3803697	5.856386	6.6365786	-59.48007	-4.3801794	1.0	1072500	18279.703295707703
429	-34.44	-34.44	-11.599999	-4.3967643	5.873158	6.2659826	-75.681114	-4.396854	0.9	1075000	18320.659613847733
430	-36.44	-36.44	-13.6	-4.3976383	5.895089	7.7259603	-64.43378	-4.3977103	0.9	1077500	18363.23893404007
431	-34.58	-34.58	-9.5	-4.42499	5.9056983	11.86062	-63.092716	-4.424535	1.0	1080000	18404.843366146088
432	-35.16	-35.16	-13.9	-4.4226866	5.89802	9.784429	-68.01282	-4.4233894	0.9	1082500	18446.149636268616
433	-35.98	-35.98	-9.900001	-4.4252734	5.9352665	22.014332	-91.33592	-4.4250426	1.0	1085000	18487.209882974625
434	-35.56	-35.56	-11.7	-4.411064	5.898304	6.1332927	-60.250507	-4.4110227	1.0	1087500	18527.996814727783
435	-36.64	-36.64	-10.900001	-4.41262	5.9094377	7.375612	-65.10265	-4.412035	1.0	1090000	18568.969935655594
436	-33.1	-33.1	-12.1	-4.4639845	5.9736247	11.472237	-62.80522	-4.46477	1.0	1092500	18609.83930516243
437	-32.28	-32.28	-9.599999	-4.4363413	5.9525824	14.801369	-58.895992	-4.4360523	1.0	1095000	18652.24658513069
438	-33.28	-33.28	-10.5	-4.430335	5.954167	6.950094	-70.784706	-4.430367	1.0	1097500	18694.142733573914
439	-37.86	-37.86	-12.3	-4.407001	5.9319973	9.355396	-67.27394	-4.407066	1.0	1100000	18736.006598949432
440	-35.98	-35.98	-11.9	-4.4080634	5.9072	12.619881	-64.526085	-4.4077673	1.0	1102500	18777.21669983864
441	-33.16	-33.16	-14.3	-4.4364605	5.9645267	19.211288	-70.423744	-4.436711	0.9	1105000	18818.037449598312
442	-36.96	-36.96	-8.900001	-4.44497	5.9955487	7.4291043	-61.808353	-4.4450297	1.0	1107500	18858.487072467804
443	-38.98	-38.98	-13.7	-4.435667	5.97453	8.597301	-74.62959	-4.435705	0.9	1110000	18899.07054209709
444	-35.58	-35.58	-16.1	-4.4295745	5.9632893	11.693571	-64.6139	-4.429451	0.9	1112500	18939.75240278244
445	-32.26	-32.26	-10.7	-4.434465	5.970309	7.452054	-68.421196	-4.4344087	1.0	1115000	18980.536174297333
446	-31.88	-31.88	-11.7	-4.420569	5.9662247	8.989933	-78.76792	-4.420632	1.0	1117500	19021.593542337418
447	-38.14	-38.14	-12.5	-4.3970113	5.9247484	5.718465	-77.02173	-4.39709	0.9	1120000	19062.233516216278
448	-34.46	-34.46	-9.7	-4.415206	5.933843	10.964072	-67.58658	-4.415043	1.0	1122500	19102.765115261078
449	-36.32	-36.32	-13.1	-4.409927	5.9317355	6.46405	-69.41101	-4.4098687	0.9	1125000	19143.51741170883
450	-36.3	-36.3	-9.3	-4.429049	5.959347	14.692844	-78.0028	-4.4289966	1.0	1127500	19183.60097193718
451	-40.1	-40.1	-12.4	-4.4332204	5.9448695	6.852415	-64.76638	-4.4332814	1.0	1130000	19223.34291291237
452	-35.26	-35.26	-12.0	-4.450185	5.9446754	12.418431	-70.01952	-4.450335	1.0	1132500	19264.401897907257
453	-36.7	-36.7	-9.599999	-4.437637	5.94522	7.403918	-59.777172	-4.4373083	1.0	1135000	19304.95690345764
454	-37.74	-37.74	-12.9	-4.4642577	5.9913282	7.5508876	-68.93716	-4.4645877	0.9	1137500	19345.615436553955
455	-34.58	-34.58	-8.8	-4.4528637	5.9468455	6.681188	-66.083725	-4.452581	1.0	1140000	19386.505469322205
456	-36.72	-36.72	-11.7	-4.4536123	5.9497066	4.6710143	-69.94559	-4.4535923	1.0	1142500	19426.92573618889
457	-34.74	-34.74	-13.4	-4.4478893	5.921845	8.023883	-69.83775	-4.448042	0.9	1145000	19467.665216207504
458	-33.66	-33.66	-11.599999	-4.4330297	5.900635	12.497439	-67.19179	-4.4333043	1.0	1147500	19508.8552172184
459	-37.66	-37.66	-9.5	-4.4591985	5.9365816	8.86758	-65.83264	-4.4590044	1.0	1150000	19549.877326250076
460	-34.3	-34.3	-12.4	-4.428603	5.892493	17.118893	-60.355526	-4.42848	0.9	1152500	19591.008175373077
461	-30.56	-30.56	-8.900001	-4.421125	5.8985825	5.767237	-69.463776	-4.4211226	1.0	1155000	19632.243238687515
462	-32.96	-32.96	-9.400001	-4.4104567	5.8838954	9.536212	-68.45196	-4.4104185	1.0	1157500	19673.189728736877
463	-36.04	-36.04	-17.4	-4.4230533	5.904379	7.3350697	-61.656384	-4.423032	0.8	1160000	19713.780043125153
464	-35.38	-35.38	-11.5	-4.4003673	5.879007	13.1599045	-69.034096	-4.4006877	1.0	1162500	19754.397749185562
465	-34.42	-34.42	-9.2	-4.3944187	5.886314	6.2618613	-66.4825	-4.394036	1.0	1165000	19794.754756212234
466	-35.94	-35.94	-10.8	-4.3983936	5.8962784	10.017478	-64.52797	-4.398524	1.0	1167500	19835.54811859131
467	-34.6	-34.6	-11.599999	-4.389976	5.9135785	7.5344377	-66.958595	-4.390012	1.0	1170000	19875.294189691544
468	-36.68	-36.68	-12.9	-4.3781223	5.865555	10.553718	-66.254265	-4.3781776	1.0	1172500	19916.304010629654
469	-34.52	-34.52	-10.3	-4.4158697	5.905544	9.584607	-68.87624	-4.415755	1.0	1175000	19956.926279067993
470	-35.82	-35.82	-11.400001	-4.392061	5.897112	14.444528	-78.3361	-4.3919077	1.0	1177500	19997.687321186066
471	-33.84	-33.84	-10.8	-4.3643627	5.8709335	7.4627504	-65.88168	-4.3645043	1.0	1180000	20037.774938583374
472	-31.9	-31.9	-10.3	-4.3657365	5.850939	37.472786	-63.295708	-4.365842	1.0	1182500	20078.212343215942
473	-38.3	-38.3	-12.6	-4.3983817	5.893396	17.617243	-65.515884	-4.398259	0.9	1185000	20118.824619054794
474	-36.42	-36.42	-10.099999	-4.3965926	5.9303236	20.511305	-70.905235	-4.396542	1.0	1187500	20159.2551882267
475	-32.72	-32.72	-10.400001	-4.398533	5.9205294	8.529631	-68.483154	-4.3984747	1.0	1190000	20199.809108257294
476	-34.98	-34.98	-10.099999	-4.395134	5.932832	11.978074	-60.271187	-4.3951993	1.0	1192500	20240.604595184326
477	-35.46	-35.46	-12.2	-4.3735523	5.8763156	14.727944	-82.0693	-4.3736143	1.0	1195000	20280.90694642067
478	-35.02	-35.02	-9.8	-4.3630886	5.8918943	7.48342	-72.91596	-4.363137	1.0	1197500	20321.636340856552
479	-35.9	-35.9	-9.400001	-4.3585	5.8670745	8.581328	-61.192787	-4.3584447	1.0	1200000	20362.538209438324
480	-33.02	-33.02	-10.7	-4.353554	5.847516	6.9046717	-68.47703	-4.3537097	1.0	1202500	20403.802968502045
481	-34.66	-34.66	-11.400001	-4.3673143	5.867588	7.5384507	-60.034462	-4.3673596	1.0	1205000	20444.891382455826
482	-38.24	-38.24	-10.5	-4.349257	5.833275	8.329921	-77.30152	-4.3491273	1.0	1207500	20485.809870004654
483	-32.58	-32.58	-9.0	-4.3658595	5.861059	23.15214	-83.827545	-4.3657374	1.0	1210000	20526.472977399826
484	-37.46	-37.46	-9.2	-4.3694744	5.9049454	8.395817	-63.653797	-4.369547	1.0	1212500	20566.964683771133
485	-38.76	-38.76	-14.3	-4.364882	5.87886	15.111611	-59.631065	-4.3650985	0.9	1215000	20607.864451169968
486	-36.0	-36.0	-11.2	-4.3710985	5.8689876	8.382727	-68.12298	-4.3707027	1.0	1217500	20648.55577301979
487	-32.74	-32.74	-9.8	-4.360213	5.8317327	14.895755	-62.050373	-4.3604507	1.0	1220000	20689.339666604996
488	-35.54	-35.54	-11.099999	-4.355739	5.8341746	9.187909	-72.419785	-4.3554783	1.0	1222500	20730.133304595947
489	-34.34	-34.34	-11.9	-4.3296804	5.7897997	15.913333	-65.73417	-4.329817	1.0	1225000	20770.872868537903
490	-33.78	-33.78	-9.8	-4.3214736	5.788788	22.43358	-67.09605	-4.3217216	1.0	1227500	20811.13920211792
491	-36.12	-36.12	-11.5	-4.322914	5.788254	18.3737	-65.112206	-4.3227177	1.0	1230000	20851.21317243576
492	-33.76	-33.76	-11.3	-4.351083	5.842863	6.604013	-73.16506	-4.3510046	1.0	1232500	20891.36445403099
493	-33.26	-33.26	-9.7	-4.3552566	5.8343363	11.154926	-75.17501	-4.3554406	1.0	1235000	20931.98060822487
494	-33.36	-33.36	-10.900001	-4.3159137	5.7553983	10.66492	-67.09536	-4.3158984	1.0	1237500	20972.506701231003
495	-35.48	-35.48	-11.400001	-4.3020554	5.753965	6.6198144	-63.145313	-4.302228	1.0	1240000	21012.78708934784
496	-35.24	-35.24	-11.0	-4.3331785	5.814563	9.3728285	-72.84577	-4.333	1.0	1242500	21053.556520223618
497	-38.48	-38.48	-11.9	-4.3449697	5.8318667	7.2821016	-75.27484	-4.345005	1.0	1245000	21094.656226873398
498	-38.9	-38.9	-12.7	-4.364539	5.867121	12.312192	-68.22657	-4.3642597	0.9	1247500	21135.033814668655
499	-34.3	-34.3	-11.7	-4.356507	5.8802505	9.84113	-68.47054	-4.3563952	1.0	1250000	21175.984548807144
