Epoch	AverageEpRet	StdEpRet	MaxEpRet	MinEpRet	AverageEpRealRet	StdEpRealRet	MaxEpRealRet	MinEpRealRet	AverageTestEpRet	StdTestEpRet	MaxTestEpRet	MinTestEpRet	TotalEnvInteracts	TotalTime
20	1.1100376	1.1323645	4.2619276	0.038274974	1.1100376	1.1323645	4.2619276	0.038274974	0.5921262	0.35158038	0.9915617	0.11094322	4199	54.54014706611633
40	1.350587	1.5690386	6.0257826	0.06403143	1.350587	1.5690386	6.0257826	0.06403143	0.9751455	0.9208942	2.7886677	0.14984404	8199	103.5943353176117
60	0.44489145	0.47369903	1.5455683	0.017994968	0.44489145	0.47369903	1.5455683	0.017994968	0.9015208	1.2546687	3.6470616	0.0906651	12199	152.33215999603271
80	0.6693457	0.65222996	2.511055	0.053813785	0.6693457	0.65222996	2.511055	0.053813785	0.26731777	0.2198445	0.715886	0.038554445	16199	201.0539243221283
100	0.9613341	1.1769893	4.3639374	0.035254493	0.9613341	1.1769893	4.3639374	0.035254493	0.32772836	0.1482055	0.56151855	0.109141186	20199	249.58174753189087
120	1.4890362	1.7489963	7.220412	0.06523442	1.4890362	1.7489963	7.220412	0.06523442	0.2551084	0.12077639	0.4837321	0.14845553	24199	298.14970993995667
140	1.4077961	1.5397099	6.8210816	0.05314753	1.4077961	1.5397099	6.8210816	0.05314753	1.3969754	1.5040914	4.6773105	0.41791993	28199	347.1518540382385
160	1.490454	2.079421	8.577993	0.12925127	1.490454	2.079421	8.577993	0.12925127	0.3526323	0.29104415	0.9407281	0.05215815	32199	396.1028106212616
180	0.8277956	0.96408397	4.304998	0.04383822	0.8277956	0.96408397	4.304998	0.04383822	1.1623628	1.01758	3.2940347	0.10981691	36199	444.96167278289795
200	0.79174507	0.8733912	2.919743	0.068174794	0.79174507	0.8733912	2.919743	0.068174794	0.7166895	0.5238773	1.7635628	0.154522	40199	493.77974462509155
220	0.98859626	1.1370378	3.3544931	0.0687394	0.98859626	1.1370378	3.3544931	0.0687394	1.0257405	0.93762714	2.8625247	0.050919876	44199	542.723958492279
240	1.116715	0.89365035	3.6178467	0.095017925	1.116715	0.89365035	3.6178467	0.095017925	1.1631397	1.7503039	4.9885516	0.063242726	48199	591.8075256347656
260	1.0965197	2.047451	9.587758	0.1052857	1.0965197	2.047451	9.587758	0.1052857	1.2995502	1.1163918	3.596399	0.27233225	52199	640.8007061481476
280	1.2657723	1.238789	4.6015244	0.06576589	1.2657723	1.238789	4.6015244	0.06576589	0.72331333	0.7437716	2.3311841	0.12722352	56199	689.9943075180054
300	1.1998256	1.552382	6.3570814	0.03387931	1.1998256	1.552382	6.3570814	0.03387931	0.64049774	0.6830346	1.9502977	0.046105485	60199	739.0332436561584
320	0.75300425	0.9599288	4.430564	0.071590215	0.75300425	0.9599288	4.430564	0.071590215	0.89582115	0.6324711	2.0243452	0.12352752	64199	788.148951292038
340	1.5856673	1.7403849	6.957909	0.07318517	1.5856673	1.7403849	6.957909	0.07318517	0.4814701	0.45400682	1.1680763	0.0610492	68199	836.9805181026459
360	0.82600766	0.7769634	2.3108199	0.075430706	0.82600766	0.7769634	2.3108199	0.075430706	0.8051693	0.6024521	1.9945221	0.1679192	72199	885.484589099884
380	0.65968454	0.67362225	2.8846412	0.038686167	0.65968454	0.67362225	2.8846412	0.038686167	0.19158421	0.10073531	0.35224396	0.040032778	76199	933.9803371429443
400	0.96533805	1.1938238	4.674112	0.038714577	0.96533805	1.1938238	4.674112	0.038714577	0.38349047	0.3005908	1.036763	0.16290413	80199	982.7097361087799
420	1.0512422	1.4447736	5.041704	0.043145053	1.0512422	1.4447736	5.041704	0.043145053	0.89721566	0.90748703	2.872648	0.18956	84199	1031.6315762996674
440	1.1503607	1.8036124	8.337154	0.021698413	1.1503607	1.8036124	8.337154	0.021698413	0.22165187	0.12185904	0.42616057	0.10568405	88199	1080.5281751155853
460	1.0834692	1.8361882	6.423663	0.057041347	1.0834692	1.8361882	6.423663	0.057041347	1.0814425	1.0666314	3.1289287	0.12138397	92199	1129.2428004741669
480	1.2264603	1.5669929	5.422123	0.058012556	1.2264603	1.5669929	5.422123	0.058012556	0.23111458	0.18002222	0.51179856	0.036618732	96199	1178.0686740875244
500	0.92092216	0.93025637	2.8885128	0.08978464	0.92092216	0.93025637	2.8885128	0.08978464	0.6196644	0.45888042	1.2709262	0.042498082	100199	1227.1714720726013
520	1.0517422	1.0284954	4.357782	0.07542392	1.0517422	1.0284954	4.357782	0.07542392	0.588253	0.3844443	1.3535175	0.22655053	104199	1276.6797795295715
540	0.8119253	0.9126497	3.265823	0.05429643	0.8119253	0.9126497	3.265823	0.05429643	0.761566	0.577329	1.865592	0.03263615	108199	1325.6075177192688
560	1.986137	2.5958674	8.78899	0.100635834	1.986137	2.5958674	8.78899	0.100635834	0.22946572	0.16334707	0.55201995	0.060932685	112199	1374.6673986911774
580	1.0461721	1.167712	3.7333353	0.047779895	1.0461721	1.167712	3.7333353	0.047779895	1.2637463	1.1294167	3.1375778	0.051435567	116199	1423.247460603714
600	1.1005843	1.4346703	5.055816	0.044108514	1.1005843	1.4346703	5.055816	0.044108514	0.59447527	0.51800764	1.5889201	0.06285193	120199	1471.9423561096191
620	1.5250418	1.5899795	5.6830873	0.06057957	1.5250418	1.5899795	5.6830873	0.06057957	0.38077214	0.38657898	1.1809728	0.0402637	124199	1520.509593963623
640	0.91189563	1.2283187	4.576604	0.0150393415	0.91189563	1.2283187	4.576604	0.0150393415	0.31238016	0.24482998	0.79535806	0.09888376	128199	1569.2094717025757
660	0.81431997	0.8660232	3.3469763	0.080439135	0.81431997	0.8660232	3.3469763	0.080439135	0.8844134	0.57793593	2.0400472	0.21506636	132199	1618.1209700107574
680	0.84895813	0.78464437	2.7446961	0.05341926	0.84895813	0.78464437	2.7446961	0.05341926	0.58089525	0.39876792	1.423948	0.21851733	136199	1667.244898557663
700	0.5784613	0.60264236	2.3964102	0.034524195	0.5784613	0.60264236	2.3964102	0.034524195	1.0010356	1.600106	4.5061355	0.083998725	140199	1716.118816614151
720	1.2517643	1.7179369	6.8693533	0.036139477	1.2517643	1.7179369	6.8693533	0.036139477	0.5902322	0.71843785	2.1545794	0.091860056	144199	1765.1041040420532
740	1.1619713	1.2761589	4.5820985	0.093020104	1.1619713	1.2761589	4.5820985	0.093020104	1.0252143	0.81337464	2.4946256	0.11473983	148199	1814.5790598392487
760	0.86976975	0.6315047	2.2659616	0.047579143	0.86976975	0.6315047	2.2659616	0.047579143	0.4613078	0.35034147	1.0660851	0.050150327	152199	1863.7133181095123
780	1.0332903	1.184567	4.1045513	0.1161179	1.0332903	1.184567	4.1045513	0.1161179	0.72562414	0.40632716	1.1944344	0.12854004	156199	1912.8475773334503
800	0.60709536	0.76293606	3.046794	0.0749743	0.60709536	0.76293606	3.046794	0.0749743	0.34460518	0.19786106	0.65004355	0.11905543	160199	1962.028966665268
820	0.9598343	1.2405579	4.332159	0.118265845	0.9598343	1.2405579	4.332159	0.118265845	0.88561577	0.47695753	1.7545898	0.25902936	164199	2011.130249261856
840	1.0385705	1.2141585	3.9878163	0.08660132	1.0385705	1.2141585	3.9878163	0.08660132	0.7759602	0.79820853	2.513974	0.2368007	168199	2059.9621183872223
860	1.5733759	2.2392237	7.357726	0.04830412	1.5733759	2.2392237	7.357726	0.04830412	0.6700528	0.42779425	1.5970428	0.36899376	172199	2109.0631408691406
880	1.0637424	1.647163	6.042499	0.08264617	1.0637424	1.647163	6.042499	0.08264617	0.6189731	0.6173532	1.9067143	0.08451306	176199	2157.7717978954315
900	1.0400556	0.97576267	3.7368772	0.17476177	1.0400556	0.97576267	3.7368772	0.17476177	0.22971046	0.0716687	0.35379824	0.13565677	180199	2206.346535921097
920	1.0954247	1.3896607	5.6732187	0.101122946	1.0954247	1.3896607	5.6732187	0.101122946	1.4304761	2.1853054	6.202761	0.030423718	184199	2255.219109773636
940	1.8037754	2.4122765	8.633776	0.038884528	1.8037754	2.4122765	8.633776	0.038884528	0.17773277	0.117439285	0.3928923	0.036215995	188199	2304.3450531959534
960	1.4734523	2.0265503	7.098347	0.048817027	1.4734523	2.0265503	7.098347	0.048817027	2.4038393	2.5291567	7.359928	0.17389353	192199	2353.505006790161
980	1.0366869	1.2488246	5.4512935	0.097447805	1.0366869	1.2488246	5.4512935	0.097447805	1.2229961	1.2092472	3.4639254	0.0772534	196199	2402.3722174167633
1000	1.1024368	1.6493037	7.1810517	0.085234426	1.1024368	1.6493037	7.1810517	0.085234426	0.82381934	0.5971668	1.860253	0.11834121	200199	2451.505734682083
1020	1.1422441	1.647445	5.8957276	0.061610606	1.1422441	1.647445	5.8957276	0.061610606	1.3214658	1.1445968	3.1193554	0.103163876	204199	2500.632577419281
1040	1.1592488	1.221326	5.2411437	0.09499108	1.1592488	1.221326	5.2411437	0.09499108	1.4054146	1.7407795	5.0366945	0.05406379	208199	2549.5749797821045
1060	0.93701535	0.8857415	3.674066	0.07824662	0.93701535	0.8857415	3.674066	0.07824662	1.2736493	0.8974855	2.8634691	0.21931928	212199	2598.8063066005707
1080	1.2767398	1.616125	5.9483457	0.05852386	1.2767398	1.616125	5.9483457	0.05852386	0.76287454	0.92093635	2.7679586	0.08235709	216199	2647.871877193451
1100	1.5959648	1.8112285	5.725535	0.15487954	1.5959648	1.8112285	5.725535	0.15487954	0.6522985	0.5563784	1.7960109	0.09741064	220199	2696.7082974910736
1120	0.6422544	0.57969165	2.3035285	0.09055454	0.6422544	0.57969165	2.3035285	0.09055454	0.804583	0.7288991	2.3256848	0.14901964	224199	2745.6395366191864
1140	1.2699598	1.4234682	5.0934424	0.042176235	1.2699598	1.4234682	5.0934424	0.042176235	0.38288224	0.18506339	0.69313	0.14094724	228199	2794.2329292297363
1160	1.2672392	1.4296247	4.9238243	0.07198338	1.2672392	1.4296247	4.9238243	0.07198338	1.0069555	0.9416735	2.7816188	0.10151751	232199	2842.666913986206
1180	0.79511416	0.7914418	3.2924368	0.122517265	0.79511416	0.7914418	3.2924368	0.122517265	1.2969722	1.1406881	2.9380274	0.0871487	236199	2891.7405478954315
1200	1.0117462	1.4460466	4.6950665	0.029747171	1.0117462	1.4460466	4.6950665	0.029747171	0.330443	0.27249166	0.91445047	0.09425182	240199	2940.7883746623993
1220	1.2926446	1.3985953	5.059495	0.12166419	1.2926446	1.3985953	5.059495	0.12166419	0.31263593	0.17753905	0.641376	0.12878518	244199	2989.997495651245
1240	1.0081395	1.1052333	4.529698	0.057347376	1.0081395	1.1052333	4.529698	0.057347376	1.4050546	1.5658214	4.795472	0.1388898	248199	3039.5500881671906
1260	1.1132486	1.333003	5.2459416	0.08991109	1.1132486	1.333003	5.2459416	0.08991109	0.691462	0.5000738	1.6060292	0.1077228	252199	3089.0445051193237
1280	0.6614104	0.6928641	2.6326804	0.059464987	0.6614104	0.6928641	2.6326804	0.059464987	0.7419335	0.8134364	2.4585154	0.06880461	256199	3138.261743068695
1300	0.9399189	1.1243451	4.238782	0.04502383	0.9399189	1.1243451	4.238782	0.04502383	0.18265091	0.08543172	0.29517728	0.03191304	260199	3187.4171493053436
1320	1.1600846	1.0769355	4.7943954	0.106268585	1.1600846	1.0769355	4.7943954	0.106268585	0.24743487	0.09461492	0.4084125	0.12553218	264199	3236.4469771385193
1340	0.9694623	1.7651781	8.003343	0.07318601	0.9694623	1.7651781	8.003343	0.07318601	0.8884985	0.7954023	2.4786286	0.025731305	268199	3285.6164638996124
1360	0.9293541	0.9929608	4.9130397	0.0915429	0.9293541	0.9929608	4.9130397	0.0915429	0.8714419	0.769655	2.4140637	0.23739092	272199	3334.545547246933
1380	0.64668286	0.7568288	2.9116466	0.043311883	0.64668286	0.7568288	2.9116466	0.043311883	0.9130147	0.9584746	2.6758523	0.055150226	276199	3383.2501571178436
1400	0.8669528	1.4870393	6.5935636	0.06824724	0.8669528	1.4870393	6.5935636	0.06824724	0.8951786	0.8229133	2.601385	0.072510265	280199	3432.0686638355255
1420	0.8845047	0.92078966	4.0053997	0.08388005	0.8845047	0.92078966	4.0053997	0.08388005	0.47239384	0.2739945	0.974164	0.12181185	284199	3480.74888586998
1440	1.209941	1.6973006	6.6404614	0.10664785	1.209941	1.6973006	6.6404614	0.10664785	0.8769466	0.89445543	2.805978	0.24226032	288199	3529.8656640052795
1460	1.5854145	2.1058748	7.1455812	0.0277556	1.5854145	2.1058748	7.1455812	0.0277556	0.5064724	0.68091434	1.9918259	0.0777562	292199	3578.8153297901154
1480	0.923159	1.1095688	3.97229	0.032992613	0.923159	1.1095688	3.97229	0.032992613	0.85640854	1.0888397	3.237416	0.20292646	296199	3627.5997898578644
1500	1.1340654	1.2551078	4.166993	0.017078716	1.1340654	1.2551078	4.166993	0.017078716	1.4546372	2.0367815	5.9030247	0.17004268	300199	3676.584671497345
1520	0.55324835	0.71602243	3.1247644	0.03735903	0.55324835	0.71602243	3.1247644	0.03735903	0.81977654	0.70612603	2.0216267	0.043131806	304199	3725.4964089393616
1540	1.0844076	1.5977218	6.206272	0.04019026	1.0844076	1.5977218	6.206272	0.04019026	0.91751784	1.1214775	3.3311806	0.11283061	308199	3774.4933483600616
1560	1.2167165	1.4417183	5.641936	0.047442745	1.2167165	1.4417183	5.641936	0.047442745	1.1657768	1.0582006	3.1614876	0.0854285	312199	3823.1591053009033
1580	1.2055646	0.9508867	4.062769	0.078757785	1.2055646	0.9508867	4.062769	0.078757785	0.7418831	0.5218447	1.7643878	0.17101172	316199	3872.1583898067474
1600	0.9683053	1.491054	6.7283072	0.020690093	0.9683053	1.491054	6.7283072	0.020690093	0.4612234	0.32904837	0.96830237	0.08150323	320199	3921.0286569595337
1620	0.4016199	0.31164244	1.3182572	0.049703367	0.4016199	0.31164244	1.3182572	0.049703367	0.37446308	0.3930177	1.2103435	0.0505852	324199	3969.9533314704895
1640	0.96751153	1.5316215	6.3096843	0.06234224	0.96751153	1.5316215	6.3096843	0.06234224	1.1022058	1.0097071	2.6097403	0.052030474	328199	4018.614734888077
1660	0.56631225	0.5943004	2.4087346	0.052470814	0.56631225	0.5943004	2.4087346	0.052470814	1.2800331	1.5906098	4.7287765	0.12271241	332199	4067.3478803634644
1680	0.951769	1.2189534	4.823318	0.059296183	0.951769	1.2189534	4.823318	0.059296183	0.9428019	0.7911195	2.337	0.028292455	336199	4116.042640447617
1700	0.93455493	1.1778318	4.924794	0.034515176	0.93455493	1.1778318	4.924794	0.034515176	0.85107	0.53503567	1.7157822	0.12877291	340199	4165.5689306259155
1720	0.68448627	1.3829336	6.613897	0.08731526	0.68448627	1.3829336	6.613897	0.08731526	0.84788656	0.59488	1.726752	0.07881925	344199	4215.817876815796
1740	0.6379803	0.76079696	3.2718604	0.070973344	0.6379803	0.76079696	3.2718604	0.070973344	0.5327428	0.4026229	1.3336331	0.027708322	348199	4265.884356737137
1760	1.1436454	2.0206528	7.6241384	0.05170985	1.1436454	2.0206528	7.6241384	0.05170985	1.5408711	1.8568685	5.4590516	0.11915591	352199	4316.1158747673035
1780	0.81913745	0.8910131	2.8472261	0.017412145	0.81913745	0.8910131	2.8472261	0.017412145	0.59822637	0.6350935	1.9734849	0.07701122	356199	4366.472532272339
1800	1.0556552	1.1657745	5.2268863	0.20209849	1.0556552	1.1657745	5.2268863	0.20209849	0.720746	0.4560256	1.4601511	0.1554961	360199	4417.016304016113
1820	1.6058687	1.6141646	6.8046174	0.17546757	1.6058687	1.6141646	6.8046174	0.17546757	1.4346533	1.4868342	4.510618	0.035341647	364199	4467.134521007538
1840	1.207639	1.2169782	4.734177	0.117110215	1.207639	1.2169782	4.734177	0.117110215	0.34719673	0.24210578	0.81230545	0.099459566	368199	4517.019606113434
1860	0.906023	1.7713683	6.4829154	0.05930267	0.906023	1.7713683	6.4829154	0.05930267	0.45706466	0.26860616	1.0246545	0.23939434	372199	4567.015610933304
1880	1.0787317	1.3852909	5.0552845	0.05450574	1.0787317	1.3852909	5.0552845	0.05450574	0.2903173	0.21071236	0.5904834	0.04807087	376199	4617.171859741211
1900	0.81969774	0.917287	3.93537	0.118194155	0.81969774	0.917287	3.93537	0.118194155	0.71042055	0.6778983	2.1607914	0.07905469	380199	4667.263449907303
1920	1.7696987	1.9813892	7.207926	0.038225062	1.7696987	1.9813892	7.207926	0.038225062	1.2252895	1.2454495	3.654388	0.08992204	384199	4717.178482055664
1940	0.95689905	1.2372402	5.0676293	0.042862296	0.95689905	1.2372402	5.0676293	0.042862296	0.21799631	0.14858657	0.5195863	0.06512103	388199	4766.971560716629
1960	0.85318357	0.9979178	4.114826	0.06757531	0.85318357	0.9979178	4.114826	0.06757531	0.8181812	0.3938329	1.5306455	0.28963962	392199	4816.8471076488495
1980	1.1013117	1.2077527	4.5561438	0.16710542	1.1013117	1.2077527	4.5561438	0.16710542	0.97680396	0.7423294	2.5258594	0.34483	396199	4866.181579589844
2000	0.7066743	0.9959766	4.1820803	0.039442666	0.7066743	0.9959766	4.1820803	0.039442666	1.5081921	1.5935457	4.9237957	0.28124312	400199	4915.75931429863
2020	1.2806734	1.3052994	4.0825424	0.043942995	1.2806734	1.3052994	4.0825424	0.043942995	0.40662614	0.52989143	1.555498	0.048333306	404199	4965.224277496338
2040	1.8622267	2.676545	8.492935	0.14492053	1.8622267	2.676545	8.492935	0.14492053	0.2664998	0.1612464	0.55637383	0.122145236	408199	5014.862226486206
2060	1.1823504	1.1041337	3.9502501	0.03932398	1.1823504	1.1041337	3.9502501	0.03932398	0.31723997	0.091574326	0.43974018	0.17230435	412199	5064.563384056091
2080	0.8208879	1.4415165	6.709163	0.080394454	0.8208879	1.4415165	6.709163	0.080394454	1.5632801	1.7034794	4.9999943	0.060476877	416199	5114.091113090515
2100	1.3705034	1.4650711	4.863443	0.058411043	1.3705034	1.4650711	4.863443	0.058411043	0.90169996	0.32289907	1.5310575	0.561139	420199	5163.37021112442
2120	1.7678044	2.0324342	7.17201	0.06429726	1.7678044	2.0324342	7.17201	0.06429726	0.7751091	0.6608431	2.178033	0.10704242	424199	5212.554981946945
2140	1.5813668	1.5180027	5.453858	0.06919825	1.5813668	1.5180027	5.453858	0.06919825	0.76191884	0.95743185	2.852127	0.13829818	428199	5262.060874223709
2160	1.4064376	2.1676707	9.937009	0.057276323	1.4064376	2.1676707	9.937009	0.057276323	1.3767866	1.425434	4.38621	0.1115757	432199	5311.235247135162
2180	1.3592578	1.7991151	7.260567	0.057860307	1.3592578	1.7991151	7.260567	0.057860307	0.14086531	0.16215454	0.49453822	0.029831486	436199	5360.133707046509
2200	1.5599034	2.2991307	9.687753	0.05234204	1.5599034	2.2991307	9.687753	0.05234204	0.6481568	0.54913783	1.6965555	0.074795514	440199	5409.182771444321
2220	0.9897461	0.99963856	3.2748034	0.07168001	0.9897461	0.99963856	3.2748034	0.07168001	0.47843575	0.47882268	1.5114788	0.10290083	444199	5458.938557624817
2240	1.1831402	1.8043861	6.41874	0.076090224	1.1831402	1.8043861	6.41874	0.076090224	1.4873513	1.858831	5.52863	0.21981567	448199	5509.055636882782
2260	1.2247716	1.147949	4.038634	0.21065968	1.2247716	1.147949	4.038634	0.21065968	0.5347047	0.25214902	1.0700712	0.29826486	452199	5558.280386924744
2280	1.848156	1.5611073	4.7378774	0.0418362	1.848156	1.5611073	4.7378774	0.0418362	2.1386855	1.9108574	5.241419	0.2886389	456199	5607.4165897369385
2300	0.8880194	1.1418884	4.9386415	0.04278787	0.8880194	1.1418884	4.9386415	0.04278787	0.80491847	0.7286042	2.3843458	0.22049424	460199	5656.642216920853
2320	0.59473693	0.8803141	3.3970659	0.07006826	0.59473693	0.8803141	3.3970659	0.07006826	1.843853	2.243487	6.632258	0.15683204	464199	5705.868218421936
2340	0.88714284	0.9307196	4.0129905	0.037566874	0.88714284	0.9307196	4.0129905	0.037566874	0.119963594	0.07816312	0.28274882	0.04088482	468199	5755.242398023605
2360	1.1532581	1.2200718	4.396601	0.07237891	1.1532581	1.2200718	4.396601	0.07237891	0.59485406	0.36584038	1.0873581	0.0982302	472199	5804.673612356186
2380	1.8108345	2.4781523	8.519636	0.034083817	1.8108345	2.4781523	8.519636	0.034083817	1.1914598	0.80402595	2.8405404	0.31991157	476199	5853.918487071991
2400	1.0833347	1.0977252	4.8437233	0.032903206	1.0833347	1.0977252	4.8437233	0.032903206	1.2057487	1.0534413	3.3797321	0.10876324	480199	5903.010996103287
2420	1.1101074	0.9453749	3.333963	0.06639537	1.1101074	0.9453749	3.333963	0.06639537	0.6779142	0.42099813	1.2844925	0.08230667	484199	5952.567743062973
2440	1.4991615	1.4574113	5.488675	0.04125305	1.4991615	1.4574113	5.488675	0.04125305	1.2894245	0.9860399	2.6643586	0.18720669	488199	6001.785523414612
2460	1.5491725	1.9231497	7.0995874	0.16786833	1.5491725	1.9231497	7.0995874	0.16786833	0.14271002	0.11503802	0.3904037	0.05464255	492199	6050.869028091431
2480	0.8352667	0.93260336	3.9145467	0.01602645	0.8352667	0.93260336	3.9145467	0.01602645	1.3102432	1.5019808	4.4450645	0.12809592	496199	6100.111503124237
2500	0.5260135	0.7432837	3.3151731	0.065298826	0.5260135	0.7432837	3.3151731	0.065298826	0.8486628	0.7521355	2.3635497	0.18880777	500199	6149.938322067261
2520	1.0722597	1.3061094	3.8632596	0.052107535	1.0722597	1.3061094	3.8632596	0.052107535	0.31741962	0.1462394	0.4695079	0.03454911	504199	6199.603060245514
2540	1.039422	1.1125984	4.861102	0.08375872	1.039422	1.1125984	4.861102	0.08375872	0.550016	0.49320647	1.6068152	0.16907644	508199	6249.043123483658
2560	1.081979	1.4043086	5.5597687	0.06329377	1.081979	1.4043086	5.5597687	0.06329377	0.9337351	0.99549925	3.103776	0.2356421	512199	6298.536720991135
2580	0.7834165	1.0079999	4.4452734	0.033909407	0.7834165	1.0079999	4.4452734	0.033909407	0.46770236	0.2367573	0.8436325	0.15914539	516199	6347.850479364395
2600	0.4682564	0.48237514	1.6687669	0.04830371	0.4682564	0.48237514	1.6687669	0.04830371	1.1510838	0.8149404	2.6205974	0.07774279	520199	6396.985986709595
2620	1.3024135	2.6013343	11.760667	0.050416972	1.3024135	2.6013343	11.760667	0.050416972	1.1856127	1.4037142	4.236397	0.14634396	524199	6446.151183128357
2640	1.0894802	1.2975852	4.409842	0.03137767	1.0894802	1.2975852	4.409842	0.03137767	1.1289989	1.3298184	4.02514	0.18170422	528199	6495.581927537918
2660	0.58284914	0.91818815	3.806333	0.014624476	0.58284914	0.91818815	3.806333	0.014624476	0.92712253	0.9208665	2.3514757	0.06649781	532199	6544.897572278976
2680	0.81549597	0.9189368	3.69962	0.106578924	0.81549597	0.9189368	3.69962	0.106578924	1.2455546	1.3281645	4.0557714	0.2180234	536199	6594.335147619247
2700	0.6809715	0.7782321	2.9133875	0.07386659	0.6809715	0.7782321	2.9133875	0.07386659	1.1760107	1.3594584	4.1406984	0.20067875	540199	6643.5078155994415
2720	0.6283275	0.53696585	2.1169677	0.10218504	0.6283275	0.53696585	2.1169677	0.10218504	0.466965	0.46984532	1.4829652	0.088995	544199	6692.440555810928
2740	1.3134047	1.2728448	4.38697	0.039060984	1.3134047	1.2728448	4.38697	0.039060984	0.7780724	0.49046457	1.5646845	0.14629176	548199	6741.860751867294
2760	0.944787	1.4603885	6.4624686	0.033038795	0.944787	1.4603885	6.4624686	0.033038795	0.5994249	0.4626787	1.375911	0.029110031	552199	6791.3839066028595
2780	1.2583982	1.7992616	7.6065173	0.13479932	1.2583982	1.7992616	7.6065173	0.13479932	0.7397768	0.49797675	1.5884057	0.08546624	556199	6841.94448018074
2800	1.183948	2.461025	11.483412	0.03323972	1.183948	2.461025	11.483412	0.03323972	0.86018676	1.086175	3.2123864	0.052626267	560199	6891.694618463516
2820	1.1677849	1.3831323	4.764301	0.09438708	1.1677849	1.3831323	4.764301	0.09438708	0.8031788	0.94547224	2.8237357	0.12463886	564199	6940.8844838142395
2840	1.3437063	1.4702889	5.474143	0.029465213	1.3437063	1.4702889	5.474143	0.029465213	1.3072156	1.6396832	4.8469357	0.047932368	568199	6990.462198257446
2860	0.800975	0.9313791	3.7064173	0.020180885	0.800975	0.9313791	3.7064173	0.020180885	1.7265943	1.3558486	4.4649615	0.35262036	572199	7040.1365785598755
2880	0.88344383	0.9916833	3.781516	0.06329787	0.88344383	0.9916833	3.781516	0.06329787	0.14711489	0.08016657	0.25361252	0.044523522	576199	7089.6337060928345
2900	0.8965756	1.0476576	5.0011277	0.061720423	0.8965756	1.0476576	5.0011277	0.061720423	0.22935808	0.14566721	0.5214979	0.07735923	580199	7139.012456178665
2920	0.6462131	0.53405476	2.320406	0.11538471	0.6462131	0.53405476	2.320406	0.11538471	0.43668815	0.32769078	1.0609719	0.04226999	584199	7188.62974357605
2940	1.1274161	1.4346215	5.073619	0.04990199	1.1274161	1.4346215	5.073619	0.04990199	0.6743416	0.5270363	1.4955308	0.1057971	588199	7238.253281831741
2960	0.86849344	0.98939306	3.672492	0.03641378	0.86849344	0.98939306	3.672492	0.03641378	0.23956847	0.119526796	0.3996404	0.081101604	592199	7287.731550693512
2980	1.3350438	1.557846	5.0753946	0.055167217	1.3350438	1.557846	5.0753946	0.055167217	1.0724887	0.8477667	2.6426368	0.09639891	596199	7337.006068468094
3000	1.1220509	1.8709807	8.7021885	0.0761919	1.1220509	1.8709807	8.7021885	0.0761919	0.21860398	0.21290058	0.67054063	0.022555191	600199	7386.253157615662
3020	0.9790653	1.0886824	4.475613	0.03937016	0.9790653	1.0886824	4.475613	0.03937016	1.7515758	2.3392076	6.874838	0.38520223	604199	7436.054723501205
3040	1.2714711	1.7586732	5.7596893	0.06414537	1.2714711	1.7586732	5.7596893	0.06414537	0.30434647	0.22656374	0.76794523	0.028679172	608199	7486.760456562042
3060	1.0604322	1.5101346	6.7433443	0.070939645	1.0604322	1.5101346	6.7433443	0.070939645	0.42103782	0.22726569	0.76045656	0.14604798	612199	7538.669194936752
3080	1.1185104	2.097017	10.013954	0.14066634	1.1185104	2.097017	10.013954	0.14066634	0.5461612	0.3706203	1.1163197	0.038334478	616199	7588.749664068222
3100	0.93058026	1.4758748	6.702145	0.05716283	0.93058026	1.4758748	6.702145	0.05716283	0.35529956	0.17065364	0.513784	0.08078468	620199	7638.796718120575
3120	1.3781434	2.0247312	8.089288	0.1100053	1.3781434	2.0247312	8.089288	0.1100053	0.5238865	0.60876757	1.8439914	0.0855623	624199	7688.717350244522
3140	0.92489594	1.2105309	5.1987643	0.036102936	0.92489594	1.2105309	5.1987643	0.036102936	1.1580267	1.0266659	3.3499713	0.19420873	628199	7738.55371260643
3160	0.6037265	0.81443316	3.4676585	0.055276237	0.6037265	0.81443316	3.4676585	0.055276237	1.1453682	0.39542267	1.5139227	0.33032	632199	7788.252075433731
3180	1.3047199	1.515817	5.247441	0.04996815	1.3047199	1.515817	5.247441	0.04996815	0.974973	1.0711176	3.0358777	0.042534865	636199	7838.10182762146
3200	0.9192602	1.481518	5.142269	0.08469583	0.9192602	1.481518	5.142269	0.08469583	0.6747202	0.35777426	1.153817	0.16266197	640199	7888.10938668251
3220	0.84545696	0.8562685	2.868997	0.06732272	0.84545696	0.8562685	2.868997	0.06732272	0.6192849	0.43355376	1.2390295	0.10724642	644199	7938.26029253006
3240	1.2347339	0.99866986	3.8170447	0.034978166	1.2347339	0.99866986	3.8170447	0.034978166	0.5385166	0.47241896	1.3239865	0.07287272	648199	7987.990276098251
3260	0.6021055	0.8438309	3.5600643	0.037241142	0.6021055	0.8438309	3.5600643	0.037241142	0.3883963	0.2042265	0.80432135	0.1872651	652199	8037.921939373016
3280	1.4824656	2.4222476	10.859586	0.026951538	1.4824656	2.4222476	10.859586	0.026951538	0.9127503	1.3391385	3.8379066	0.052280504	656199	8088.073843717575
3300	0.95122594	1.2029934	4.2089643	0.03593437	0.95122594	1.2029934	4.2089643	0.03593437	0.22503449	0.17370613	0.5825375	0.029947782	660199	8138.38457608223
3320	1.4021971	1.5998011	6.1104064	0.05110037	1.4021971	1.5998011	6.1104064	0.05110037	0.45364475	0.36515614	1.158505	0.08521777	664199	8190.465613365173
3340	0.9442552	1.076945	3.3708081	0.05224067	0.9442552	1.076945	3.3708081	0.05224067	0.32333013	0.38415086	1.1567696	0.05389311	668199	8241.1046397686
3360	0.60210365	0.6814939	2.1419823	0.061959486	0.60210365	0.6814939	2.1419823	0.061959486	0.9951515	1.0747619	3.2713747	0.047544207	672199	8291.320290327072
3380	1.6173818	2.0390477	6.9856687	0.076465674	1.6173818	2.0390477	6.9856687	0.076465674	1.3105197	0.77432907	2.748542	0.32200444	676199	8341.491328001022
3400	1.4101695	1.5898979	5.188176	0.050615445	1.4101695	1.5898979	5.188176	0.050615445	0.6981223	0.5577822	1.6970972	0.14691536	680199	8391.777254581451
3420	1.6152894	1.7746491	6.5295243	0.03740355	1.6152894	1.7746491	6.5295243	0.03740355	0.32872418	0.15669195	0.5427301	0.16145585	684199	8441.799353837967
3440	0.767556	0.93630606	3.8879309	0.042833794	0.767556	0.93630606	3.8879309	0.042833794	0.58348864	0.50051177	1.6488833	0.13295338	688199	8492.05799293518
3460	1.2911612	1.864538	7.801009	0.037240982	1.2911612	1.864538	7.801009	0.037240982	0.958865	0.8400329	2.6993308	0.11193264	692199	8542.10140824318
3480	0.93376577	1.299089	5.1056023	0.025190374	0.93376577	1.299089	5.1056023	0.025190374	0.8010796	0.8051326	2.2951446	0.031189747	696199	8592.10490989685
3500	1.0403887	1.1516377	4.1586957	0.054617133	1.0403887	1.1516377	4.1586957	0.054617133	0.77707607	0.50095344	1.602006	0.10365782	700199	8642.435368537903
3520	0.9001441	1.0194751	3.658396	0.055745322	0.9001441	1.0194751	3.658396	0.055745322	1.5559868	1.9642143	5.7938046	0.07410781	704199	8692.559396266937
3540	1.267764	1.2345634	4.3793955	0.060504526	1.267764	1.2345634	4.3793955	0.060504526	0.8845276	1.0322573	3.0869217	0.116120055	708199	8742.810544013977
3560	1.3401453	1.6349185	7.094874	0.021663416	1.3401453	1.6349185	7.094874	0.021663416	0.5218305	0.384878	1.2594	0.09153192	712199	8793.209197998047
3580	0.60309917	0.5893798	2.1650774	0.040018138	0.60309917	0.5893798	2.1650774	0.040018138	0.9339721	1.1801078	3.5102067	0.16176963	716199	8844.285076618195
3600	0.764934	0.61926	2.1989307	0.09171233	0.764934	0.61926	2.1989307	0.09171233	1.0626817	0.36343116	1.7090304	0.62893933	720199	8894.808349370956
3620	0.81271994	0.74787074	2.7173314	0.048134435	0.81271994	0.74787074	2.7173314	0.048134435	0.4624336	0.3647874	1.088782	0.065048814	724199	8944.922491073608
3640	1.6256701	2.7954385	10.7084	0.054756947	1.6256701	2.7954385	10.7084	0.054756947	1.2109662	0.8545233	2.8586683	0.11417136	728199	8995.07754945755
3660	0.8283844	1.1486101	4.1672115	0.038443044	0.8283844	1.1486101	4.1672115	0.038443044	1.4590763	1.0929466	3.3495905	0.1511156	732199	9045.036436319351
3680	1.465786	2.1328666	8.194979	0.06790456	1.465786	2.1328666	8.194979	0.06790456	0.43625852	0.17369369	0.64832866	0.13636036	736199	9095.12730717659
3700	0.8701537	0.8228148	3.4440854	0.082874514	0.8701537	0.8228148	3.4440854	0.082874514	0.49587893	0.42318404	1.3784136	0.10313357	740199	9144.899633169174
3720	0.80889785	0.99181706	4.0913863	0.046818674	0.80889785	0.99181706	4.0913863	0.046818674	1.2929701	0.97789055	3.2153778	0.06408115	744199	9194.440137386322
3740	1.678819	1.8878882	7.218731	0.051156566	1.678819	1.8878882	7.218731	0.051156566	0.51336724	0.5402396	1.6665593	0.050007813	748199	9244.156085729599
3760	1.793801	2.602095	9.133242	0.096106336	1.793801	2.602095	9.133242	0.096106336	0.18599896	0.08165447	0.3057543	0.07674985	752199	9293.908604860306
3780	1.3615601	1.5402799	6.387438	0.08335198	1.3615601	1.5402799	6.387438	0.08335198	0.1886623	0.1391509	0.37737736	0.025797162	756199	9343.747854471207
3800	1.330332	1.787087	7.126982	0.04535683	1.330332	1.787087	7.126982	0.04535683	0.31977502	0.09741803	0.45674777	0.13458721	760199	9393.68826007843
3820	0.9163192	1.0087124	4.5452576	0.10299665	0.9163192	1.0087124	4.5452576	0.10299665	0.36513925	0.3894213	1.2036378	0.04617114	764199	9443.639437198639
3840	0.7023509	0.73774445	3.1764648	0.11668939	0.7023509	0.73774445	3.1764648	0.11668939	0.43204427	0.15842794	0.65327424	0.18261933	768199	9493.407667398453
3860	1.1307601	1.2528504	5.452592	0.08800663	1.1307601	1.2528504	5.452592	0.08800663	1.5984516	1.2800823	3.681158	0.04860499	772199	9543.343827962875
3880	0.48317432	0.5454167	2.44783	0.0370535	0.48317432	0.5454167	2.44783	0.0370535	0.227021	0.13456148	0.43712932	0.054676134	776199	9592.644325971603
3900	0.78016466	0.79602075	2.770819	0.057550456	0.78016466	0.79602075	2.770819	0.057550456	0.7028962	0.76064134	2.335888	0.056713764	780199	9641.739953756332
3920	1.0693533	1.507159	5.490392	0.025672002	1.0693533	1.507159	5.490392	0.025672002	0.67458385	0.85152876	2.525879	0.0959348	784199	9690.811960935593
3940	0.8770819	0.6694961	2.6593354	0.020057175	0.8770819	0.6694961	2.6593354	0.020057175	1.4027699	1.5338905	4.1243563	0.049912315	788199	9740.122569084167
3960	0.843495	1.1753366	3.8012998	0.045839254	0.843495	1.1753366	3.8012998	0.045839254	0.9606932	0.7676253	2.2633867	0.122961685	792199	9789.615758895874
3980	0.40137658	0.35153845	1.2213452	0.022891996	0.40137658	0.35153845	1.2213452	0.022891996	1.111812	1.0309626	2.9935513	0.10178991	796199	9838.791442155838
4000	0.5312142	0.5567879	2.116536	0.054171443	0.5312142	0.5567879	2.116536	0.054171443	1.1142772	0.65475434	1.7792923	0.10039624	800199	9887.984202861786
4020	1.0392075	1.8409852	8.625321	0.10549269	1.0392075	1.8409852	8.625321	0.10549269	0.94428486	1.2394692	3.6499097	0.07475598	804199	9937.346904277802
4040	1.0820395	1.5856496	6.481934	0.14671105	1.0820395	1.5856496	6.481934	0.14671105	0.8455782	0.7277317	2.3666015	0.082853325	808199	9986.90465593338
4060	0.6449648	0.5397151	2.035156	0.08429089	0.6449648	0.5397151	2.035156	0.08429089	0.9194402	0.6947702	1.9701272	0.12512413	812199	10036.153034448624
4080	1.363553	1.6201402	6.158825	0.07263783	1.363553	1.6201402	6.158825	0.07263783	0.9743333	1.023274	3.1631467	0.11999689	816199	10085.483222484589
4100	0.98072547	0.9606445	4.246246	0.083468415	0.98072547	0.9606445	4.246246	0.083468415	1.1272205	1.1060876	3.040823	0.107734926	820199	10134.9810090065
4120	0.7904837	0.6433361	2.4070306	0.11785193	0.7904837	0.6433361	2.4070306	0.11785193	1.080727	0.87948453	2.6274133	0.2729726	824199	10185.210867643356
4140	0.93929243	0.9778635	3.507994	0.05312231	0.93929243	0.9778635	3.507994	0.05312231	0.57025576	0.41252908	1.4167446	0.06676445	828199	10234.6021194458
4160	1.4466215	1.7838179	7.4663534	0.12497132	1.4466215	1.7838179	7.4663534	0.12497132	1.6921779	1.919606	5.7909713	0.09841339	832199	10284.111602544785
4180	1.0357926	1.0669442	4.294347	0.132738	1.0357926	1.0669442	4.294347	0.132738	0.5412819	0.44121802	1.4443271	0.09663831	836199	10333.234577417374
4200	0.69503176	0.7668599	3.0308669	0.050642412	0.69503176	0.7668599	3.0308669	0.050642412	0.6391239	0.5788366	1.6587509	0.06403468	840199	10382.381529331207
4220	1.3063672	1.8275452	6.58524	0.07790625	1.3063672	1.8275452	6.58524	0.07790625	0.16405849	0.0656947	0.229962	0.07207112	844199	10431.679367303848
4240	1.6018614	1.6657228	6.4897714	0.056877244	1.6018614	1.6657228	6.4897714	0.056877244	1.0411296	1.1152492	3.4173818	0.20864925	848199	10480.974795103073
4260	0.8024472	0.78255683	3.5118582	0.03901274	0.8024472	0.78255683	3.5118582	0.03901274	0.77203655	0.68384564	1.8432988	0.0919313	852199	10530.131379127502
4280	1.1129062	1.6910985	6.460594	0.018460536	1.1129062	1.6910985	6.460594	0.018460536	0.6626536	0.6494072	1.9014693	0.06379202	856199	10579.148790597916
4300	0.65506023	0.620505	2.342732	0.09264564	0.65506023	0.620505	2.342732	0.09264564	2.926297	1.7136532	6.1190333	1.1057914	860199	10628.823117017746
4320	1.1797359	1.5759337	6.305035	0.060166936	1.1797359	1.5759337	6.305035	0.060166936	1.5048133	0.975212	2.9535525	0.25610352	864199	10677.931998491287
4340	0.99933445	1.4370455	5.9480977	0.1010031	0.99933445	1.4370455	5.9480977	0.1010031	0.6527665	0.58781326	1.9105096	0.19134684	868199	10727.00171470642
4360	0.8380672	1.356801	5.841197	0.122439	0.8380672	1.356801	5.841197	0.122439	0.7098871	0.88797116	2.613313	0.02915096	872199	10776.459133148193
4380	0.7801331	1.0097723	4.2249336	0.044783473	0.7801331	1.0097723	4.2249336	0.044783473	0.37557963	0.12582843	0.56925905	0.14786232	876199	10825.375412225723
4400	0.8327756	1.0633752	3.9294744	0.07831591	0.8327756	1.0633752	3.9294744	0.07831591	0.8707671	0.6497672	2.1486888	0.28236958	880199	10874.595791101456
4420	0.7152759	0.87623036	3.1396863	0.039972786	0.7152759	0.87623036	3.1396863	0.039972786	0.25455615	0.20690021	0.6796892	0.036182128	884199	10923.85673379898
4440	1.0261707	1.1125413	4.7328315	0.12576842	1.0261707	1.1125413	4.7328315	0.12576842	0.66590005	0.9601253	2.76708	0.06490091	888199	10973.440601348877
4460	0.6779449	0.95243526	3.5098257	0.045869127	0.6779449	0.95243526	3.5098257	0.045869127	1.7595912	1.9508277	5.770886	0.114324905	892199	11022.804814815521
4480	1.3162535	1.3483465	4.535514	0.07517384	1.3162535	1.3483465	4.535514	0.07517384	0.46659684	0.5006517	1.5063057	0.045554917	896199	11072.244864702225
4500	0.9690813	1.1466516	4.608143	0.06086951	0.9690813	1.1466516	4.608143	0.06086951	0.8932664	0.528268	1.7828472	0.17325166	900199	11121.514008760452
4520	1.0807637	1.6806208	7.8718023	0.08619034	1.0807637	1.6806208	7.8718023	0.08619034	0.23130684	0.168535	0.57330066	0.02676728	904199	11170.733501672745
4540	1.5244557	1.756009	6.0595374	0.11206972	1.5244557	1.756009	6.0595374	0.11206972	1.4741822	1.6836914	4.9443283	0.080656804	908199	11220.208700418472
4560	0.91606796	1.3924961	5.9289746	0.067708515	0.91606796	1.3924961	5.9289746	0.067708515	0.2914622	0.17666256	0.5770507	0.06152355	912199	11270.025710821152
4580	1.0086417	0.91473657	3.4619925	0.037726622	1.0086417	0.91473657	3.4619925	0.037726622	0.7698879	0.32726443	1.155511	0.31952292	916199	11319.458468198776
4600	0.83316624	1.3197546	5.9183717	0.07515563	0.83316624	1.3197546	5.9183717	0.07515563	0.35692453	0.07751346	0.45236212	0.21012917	920199	11368.746033668518
4620	1.1867064	1.7176986	7.631708	0.098680735	1.1867064	1.7176986	7.631708	0.098680735	0.5902996	0.3606928	1.2441485	0.20662393	924199	11418.062287330627
4640	1.0083733	1.5591141	6.75337	0.045107726	1.0083733	1.5591141	6.75337	0.045107726	1.643922	1.0569978	2.7684379	0.068629816	928199	11467.392884016037
4660	0.8381093	0.67189926	2.9734154	0.18002485	0.8381093	0.67189926	2.9734154	0.18002485	1.5907507	2.1836553	6.3446164	0.11377169	932199	11518.30785703659
4680	0.68267244	0.57772577	2.0260324	0.047770478	0.68267244	0.57772577	2.0260324	0.047770478	1.2033647	0.49917254	1.7816331	0.42919934	936199	11569.30681681633
4700	1.0084269	0.91271126	2.548779	0.024847716	1.0084269	0.91271126	2.548779	0.024847716	0.8251026	0.83684963	2.6232705	0.06772663	940199	11618.79466342926
4720	0.9717468	0.7929828	2.7856653	0.11256863	0.9717468	0.7929828	2.7856653	0.11256863	0.52592057	0.3231431	0.94226444	0.06874675	944199	11668.183286905289
4740	0.85218793	1.0182493	4.423548	0.039494283	0.85218793	1.0182493	4.423548	0.039494283	0.50912887	0.43295515	1.3664687	0.06702086	948199	11717.530591249466
4760	1.0266087	1.259063	4.870805	0.0724114	1.0266087	1.259063	4.870805	0.0724114	2.3188076	2.3980896	6.165654	0.11251232	952199	11766.47444844246
4780	0.9426181	1.0978837	4.679251	0.07330689	0.9426181	1.0978837	4.679251	0.07330689	1.538122	1.2557985	3.8627415	0.0319296	956199	11815.613325834274
4800	0.6820901	0.4766045	1.7322185	0.0554458	0.6820901	0.4766045	1.7322185	0.0554458	1.6361262	1.2412109	3.9662201	0.1281092	960199	11864.866264104843
4820	0.56899923	0.5235494	2.2766573	0.077281564	0.56899923	0.5235494	2.2766573	0.077281564	0.66550976	0.45647395	1.5249949	0.07718679	964199	11914.032536506653
4840	1.0505579	1.093633	4.5104256	0.06085774	1.0505579	1.093633	4.5104256	0.06085774	0.7273224	0.52026016	1.6259854	0.08259496	968199	11963.146151304245
4860	0.6888873	0.5520534	1.9321406	0.08336202	0.6888873	0.5520534	1.9321406	0.08336202	1.5359908	1.4965029	4.2294383	0.036671728	972199	12012.523449420929
4880	0.88328516	1.0930141	3.7722328	0.06748214	0.88328516	1.0930141	3.7722328	0.06748214	0.5062	0.57043916	1.7424532	0.0302805	976199	12061.711351633072
4900	0.7063953	0.75113654	2.5469422	0.04164369	0.7063953	0.75113654	2.5469422	0.04164369	1.2496902	0.9684086	3.0419211	0.14469978	980199	12110.63882303238
4920	0.8858487	1.1767687	3.7465594	0.050280068	0.8858487	1.1767687	3.7465594	0.050280068	0.94035405	0.98062974	2.9546015	0.03151761	984199	12159.631912469864
4940	1.014538	1.4343504	6.7093205	0.051169593	1.014538	1.4343504	6.7093205	0.051169593	0.5273207	0.47344187	1.5042057	0.13832946	988199	12209.247164726257
4960	0.85550463	1.1239307	4.3036423	0.03667229	0.85550463	1.1239307	4.3036423	0.03667229	0.24317355	0.10369126	0.3986586	0.11442193	992199	12258.96972823143
4980	0.899879	1.0003076	4.2094135	0.07301291	0.899879	1.0003076	4.2094135	0.07301291	0.26310417	0.108595304	0.4428485	0.10735814	996199	12308.363275289536
5000	0.585045	0.63113797	2.6918905	0.06876097	0.585045	0.63113797	2.6918905	0.06876097	1.3695611	1.0348809	2.9350464	0.16132654	1000199	12357.678829431534
5020	0.62626374	1.056757	4.5806828	0.055990897	0.62626374	1.056757	4.5806828	0.055990897	0.6123995	0.827807	2.4202101	0.07100432	1004199	12407.128512144089
5040	1.381132	2.055088	7.68894	0.082579486	1.381132	2.055088	7.68894	0.082579486	1.5836698	1.2486863	3.5645401	0.088568926	1008199	12456.265070676804
5060	0.9934961	1.2067817	4.026952	0.10811516	0.9934961	1.2067817	4.026952	0.10811516	0.8091712	1.258359	3.5640004	0.05604799	1012199	12505.643450975418
5080	0.8488873	0.9539054	3.6906981	0.050942	0.8488873	0.9539054	3.6906981	0.050942	0.14477624	0.07676405	0.26283997	0.03829505	1016199	12555.00750541687
5100	1.1735435	1.0933644	4.359639	0.028097497	1.1735435	1.0933644	4.359639	0.028097497	0.8357725	0.658417	2.0619848	0.096278965	1020199	12604.463160514832
5120	0.89383584	1.1249744	5.1878605	0.15792163	0.89383584	1.1249744	5.1878605	0.15792163	1.080592	0.27502394	1.621865	0.72888225	1024199	12654.097833395004
5140	0.6909541	0.9987803	4.017107	0.041449424	0.6909541	0.9987803	4.017107	0.041449424	0.3946695	0.31458327	0.9703301	0.07947196	1028199	12703.44582414627
5160	1.1375695	1.0520606	4.8048134	0.10078256	1.1375695	1.0520606	4.8048134	0.10078256	0.48073915	0.36197558	1.0115042	0.03522106	1032199	12752.852853536606
5180	0.79380214	1.0670677	4.943059	0.026408503	0.79380214	1.0670677	4.943059	0.026408503	0.5908479	0.3675552	1.3312804	0.18476042	1036199	12802.17661857605
5200	0.87608945	1.0520025	4.5336905	0.037926696	0.87608945	1.0520025	4.5336905	0.037926696	0.6325881	0.81513596	2.4136045	0.10359682	1040199	12851.346303462982
5220	1.3845525	1.8890111	7.7598104	0.102933	1.3845525	1.8890111	7.7598104	0.102933	0.5420975	0.65871507	1.9396714	0.022877159	1044199	12901.55905532837
5240	0.8592911	0.949857	3.0315757	0.053250086	0.8592911	0.949857	3.0315757	0.053250086	0.8243956	0.5632274	1.8491738	0.18755281	1048199	12951.444063425064
5260	1.2552664	1.3399119	5.2073755	0.13839485	1.2552664	1.3399119	5.2073755	0.13839485	0.50950366	0.48039636	1.5321214	0.051362038	1052199	13000.947562456131
5280	0.9979674	1.03623	3.6167183	0.042539682	0.9979674	1.03623	3.6167183	0.042539682	0.44380382	0.36359578	1.2072693	0.112593785	1056199	13050.348737239838
5300	0.61604595	0.7658047	3.3729908	0.049503207	0.61604595	0.7658047	3.3729908	0.049503207	1.3910633	1.488845	4.442019	0.16885014	1060199	13099.829710960388
5320	1.657563	1.8351535	7.619441	0.06701501	1.657563	1.8351535	7.619441	0.06701501	1.4062119	1.175103	3.7326136	0.09295576	1064199	13149.348724842072
5340	1.0737736	1.1379052	3.9424908	0.046278	1.0737736	1.1379052	3.9424908	0.046278	0.67471963	0.5633584	1.8838055	0.15346628	1068199	13198.91371178627
5360	0.67172146	0.8927429	2.812327	0.04732412	0.67172146	0.8927429	2.812327	0.04732412	0.6377759	0.49755016	1.3723109	0.060716473	1072199	13248.5667886734
5380	1.1256135	1.7099184	7.7906046	0.049625468	1.1256135	1.7099184	7.7906046	0.049625468	0.45623317	0.31580192	1.0044585	0.16041736	1076199	13297.849548101425
5400	1.4914871	1.2530564	4.2303834	0.09874507	1.4914871	1.2530564	4.2303834	0.09874507	0.36380842	0.2262713	0.77645797	0.13784501	1080199	13347.425135850906
5420	0.7783461	0.89227295	3.8244631	0.121657625	0.7783461	0.89227295	3.8244631	0.121657625	0.36335397	0.48279092	1.4168825	0.048982214	1084199	13396.613040208817
5440	1.0775167	1.1608332	4.1961293	0.06512019	1.0775167	1.1608332	4.1961293	0.06512019	1.1109401	0.74140257	2.527226	0.07227564	1088199	13445.804275751114
5460	0.8519185	1.30391	3.9782484	0.034231782	0.8519185	1.30391	3.9782484	0.034231782	0.562247	0.33766434	1.1108853	0.15615131	1092199	13495.145513296127
5480	1.2033998	1.3707622	5.0754247	0.112906255	1.2033998	1.3707622	5.0754247	0.112906255	0.35535026	0.4615996	1.3595989	0.02403018	1096199	13544.699912309647
5500	0.75575775	1.0216454	4.3985453	0.05007712	0.75575775	1.0216454	4.3985453	0.05007712	0.37379393	0.16193484	0.61157537	0.0817969	1100199	13594.13370347023
5520	0.9418231	0.74696183	2.3832445	0.048200957	0.9418231	0.74696183	2.3832445	0.048200957	0.69853	0.5564491	1.822996	0.06482873	1104199	13643.360559940338
5540	1.088588	1.0985433	3.6597455	0.05558189	1.088588	1.0985433	3.6597455	0.05558189	1.2719096	1.0060395	3.2925317	0.10904446	1108199	13692.677602767944
5560	1.1911528	0.87702507	3.2219522	0.1370439	1.1911528	0.87702507	3.2219522	0.1370439	1.5769753	2.295522	6.594692	0.08089361	1112199	13742.12655711174
5580	0.57984906	0.49178544	1.8181262	0.02410406	0.57984906	0.49178544	1.8181262	0.02410406	1.6772443	1.5995406	4.861404	0.07907474	1116199	13791.6765229702
5600	0.73444116	0.5398022	2.0693936	0.07779118	0.73444116	0.5398022	2.0693936	0.07779118	2.3378954	1.8566275	4.6958942	0.04341182	1120199	13841.085635185242
5620	1.188976	1.3038867	4.3542504	0.12335851	1.188976	1.3038867	4.3542504	0.12335851	0.43993452	0.2971777	1.0791925	0.20641159	1124199	13890.59549164772
5640	0.9639143	1.235902	4.8391643	0.054008164	0.9639143	1.235902	4.8391643	0.054008164	1.5121499	1.0857494	3.7045095	0.3402579	1128199	13940.18996667862
5660	0.9528681	1.2230997	4.1579633	0.049283303	0.9528681	1.2230997	4.1579633	0.049283303	0.69010645	0.41165158	1.4574968	0.10418873	1132199	13989.5428109169
5680	1.3834347	1.3840703	5.9660983	0.08174662	1.3834347	1.3840703	5.9660983	0.08174662	1.0136118	0.67943275	2.0967522	0.064554244	1136199	14038.758706569672
5700	0.9764393	0.7578667	2.628558	0.21841392	0.9764393	0.7578667	2.628558	0.21841392	0.60894865	0.3447075	1.3116672	0.21202616	1140199	14087.995026111603
5720	0.6152221	1.2842953	6.130389	0.030539557	0.6152221	1.2842953	6.130389	0.030539557	2.1494324	1.1793821	3.7469854	0.5577173	1144199	14137.204457759857
5740	1.0923666	1.2944614	4.6530004	0.07318004	1.0923666	1.2944614	4.6530004	0.07318004	0.8163473	0.8877587	2.7526178	0.22785658	1148199	14187.081099748611
5760	0.6969093	0.92263085	4.032029	0.07946704	0.6969093	0.92263085	4.032029	0.07946704	0.8628028	0.64134383	2.1319346	0.18486525	1152199	14237.765423059464
5780	0.4515398	0.51351213	1.9974464	0.032234438	0.4515398	0.51351213	1.9974464	0.032234438	1.5204539	1.6012224	4.19367	0.054148372	1156199	14287.638629198074
5800	1.3454887	1.4455845	5.804746	0.05137572	1.3454887	1.4455845	5.804746	0.05137572	0.3082153	0.13205557	0.57275045	0.17643015	1160199	14337.46607542038
5820	0.7503407	1.0505315	4.4498105	0.034102753	0.7503407	1.0505315	4.4498105	0.034102753	0.40281555	0.16613938	0.73046595	0.26853713	1164199	14387.415287733078
5840	1.6146443	2.6400027	12.020896	0.04050583	1.6146443	2.6400027	12.020896	0.04050583	0.8861185	0.7771156	2.1468759	0.17436934	1168199	14437.549260377884
5860	0.7208081	0.8869085	3.1457653	0.0687494	0.7208081	0.8869085	3.1457653	0.0687494	1.5954369	1.1336467	3.1757452	0.06729815	1172199	14487.64529299736
5880	1.0371072	1.154317	4.210552	0.16604556	1.0371072	1.154317	4.210552	0.16604556	0.42428932	0.41363898	1.2270906	0.050337996	1176199	14537.94264125824
5900	0.6836336	1.0121901	4.6490707	0.049609505	0.6836336	1.0121901	4.6490707	0.049609505	0.5749395	0.7160338	2.1308036	0.06254723	1180199	14587.85466170311
5920	0.993235	1.2858132	4.75333	0.06564752	0.993235	1.2858132	4.75333	0.06564752	0.27873257	0.15295096	0.5001671	0.058184855	1184199	14637.93903374672
5940	1.0755103	1.0013182	3.4098036	0.12823375	1.0755103	1.0013182	3.4098036	0.12823375	0.1578532	0.096614264	0.34759685	0.03604271	1188199	14687.67719578743
5960	1.1647531	1.9604481	8.053508	0.056226112	1.1647531	1.9604481	8.053508	0.056226112	1.3215066	1.4840065	4.460022	0.22062302	1192199	14737.45406460762
5980	0.9596459	0.908921	3.391517	0.040530477	0.9596459	0.908921	3.391517	0.040530477	1.0730578	1.0012796	3.1201036	0.2208356	1196199	14787.224054336548
6000	0.8340033	0.8094331	3.457343	0.07529419	0.8340033	0.8094331	3.457343	0.07529419	1.0958167	1.0422438	3.0884109	0.021629214	1200199	14836.946008443832
6020	1.337401	1.7719553	5.727248	0.06423194	1.337401	1.7719553	5.727248	0.06423194	0.8795528	1.019368	3.0452096	0.0330817	1204199	14887.237956047058
6040	1.2927142	1.6756539	7.39717	0.09957617	1.2927142	1.6756539	7.39717	0.09957617	0.7282095	0.61400205	1.5671767	0.14871937	1208199	14937.207377195358
6060	0.61617565	0.56910676	2.6304328	0.04009347	0.61617565	0.56910676	2.6304328	0.04009347	0.7361916	0.56480294	1.8507109	0.10537438	1212199	14986.601474046707
6080	1.2932477	1.4845837	5.502903	0.07004967	1.2932477	1.4845837	5.502903	0.07004967	0.76040345	0.47596404	1.3235734	0.09840094	1216199	15035.6679084301
6100	0.54727924	0.6750334	3.1055174	0.06008238	0.54727924	0.6750334	3.1055174	0.06008238	0.3165634	0.18113676	0.6670374	0.10862656	1220199	15084.898408412933
6120	0.848053	1.0401818	3.6754205	0.0831889	0.848053	1.0401818	3.6754205	0.0831889	2.26536	1.9037421	5.5763597	0.08335199	1224199	15134.083936691284
6140	1.7903922	2.1151266	7.962635	0.03767533	1.7903922	2.1151266	7.962635	0.03767533	1.2180265	1.4933856	4.4664116	0.043907687	1228199	15183.2628531456
6160	1.0605816	1.0678486	3.3548417	0.0777632	1.0605816	1.0678486	3.3548417	0.0777632	0.9017458	0.6778762	2.0455973	0.1519278	1232199	15232.596997261047
6180	1.0345287	1.0635172	4.1024175	0.06584681	1.0345287	1.0635172	4.1024175	0.06584681	0.941145	0.7745958	2.5486908	0.23755807	1236199	15281.840446472168
6200	1.00803	0.93526536	3.9206085	0.12134927	1.00803	0.93526536	3.9206085	0.12134927	0.35549065	0.18230769	0.6798443	0.11781908	1240199	15330.972922325134
6220	1.3629972	1.9692835	9.249679	0.07325748	1.3629972	1.9692835	9.249679	0.07325748	1.3292193	1.3411416	3.943196	0.052576106	1244199	15380.47240948677
6240	1.5908877	2.3736565	8.981096	0.11415162	1.5908877	2.3736565	8.981096	0.11415162	0.2716019	0.15172358	0.4985607	0.05575123	1248199	15429.820480823517
6260	1.0182388	1.2772597	4.2560816	0.06197972	1.0182388	1.2772597	4.2560816	0.06197972	1.2351662	0.804295	2.921225	0.38102	1252199	15479.562477588654
6280	0.5147301	0.52254266	1.6902838	0.085604526	0.5147301	0.52254266	1.6902838	0.085604526	0.20702086	0.09206317	0.34144098	0.094193205	1256199	15529.129796743393
6300	0.8494377	0.9920171	3.7358077	0.044235773	0.8494377	0.9920171	3.7358077	0.044235773	1.6579212	1.8545946	5.4293327	0.08896884	1260199	15579.082061767578
6320	1.2047813	1.3101107	4.687991	0.052409068	1.2047813	1.3101107	4.687991	0.052409068	1.7252375	1.5522424	4.258627	0.088554405	1264199	15628.323370456696
6340	1.2358773	1.4905229	5.88881	0.09169575	1.2358773	1.4905229	5.88881	0.09169575	0.52781296	0.5788433	1.7828599	0.1287027	1268199	15678.601285219193
6360	0.47898835	0.4757936	2.00534	0.052050397	0.47898835	0.4757936	2.00534	0.052050397	1.3854303	0.9391284	2.683932	0.07534502	1272199	15728.73222374916
6380	0.94371444	1.1145687	4.577916	0.13716571	0.94371444	1.1145687	4.577916	0.13716571	1.5749464	2.5979505	7.2665787	0.12545258	1276199	15779.094360113144
6400	1.1480857	1.6933795	6.4800754	0.053203233	1.1480857	1.6933795	6.4800754	0.053203233	0.9566002	0.6734797	2.107453	0.17289439	1280199	15829.473057031631
6420	1.1141903	1.3469142	5.339455	0.09895021	1.1141903	1.3469142	5.339455	0.09895021	0.3765919	0.29643282	0.9834785	0.09622445	1284199	15879.690034627914
6440	0.8633419	0.97995925	4.2687955	0.026012696	0.8633419	0.97995925	4.2687955	0.026012696	0.4997256	0.5524252	1.69687	0.061941143	1288199	15929.917096853256
6460	0.942495	1.5632633	7.3158064	0.061149005	0.942495	1.5632633	7.3158064	0.061149005	0.56958956	0.5689825	1.7856764	0.07428232	1292199	15980.33956193924
6480	1.1355228	1.7659076	7.218132	0.03981258	1.1355228	1.7659076	7.218132	0.03981258	0.75832915	0.6314059	1.9172534	0.08900628	1296199	16030.626495599747
6500	1.1963665	1.3017815	4.6851497	0.0794987	1.1963665	1.3017815	4.6851497	0.0794987	0.32734713	0.15261316	0.59078795	0.06475045	1300199	16080.962760686874
6520	1.1747124	1.279027	4.347751	0.09994541	1.1747124	1.279027	4.347751	0.09994541	0.37861767	0.5506514	1.5842267	0.049844787	1304199	16131.419426441193
6540	0.6996704	0.6306531	2.4118018	0.09072914	0.6996704	0.6306531	2.4118018	0.09072914	1.3818827	0.9148889	2.6953983	0.058024585	1308199	16181.95121717453
6560	0.9035907	0.9551309	3.9382472	0.060315154	0.9035907	0.9551309	3.9382472	0.060315154	0.94491166	1.2678128	3.7152932	0.16040127	1312199	16233.21131849289
6580	0.840497	0.9640591	3.910986	0.06586919	0.840497	0.9640591	3.910986	0.06586919	1.0760916	0.8579203	2.6508358	0.073563986	1316199	16314.134605646133
6600	0.9595434	0.9416641	3.255428	0.03332063	0.9595434	0.9416641	3.255428	0.03332063	0.51165795	0.5178353	1.5813233	0.029359546	1320199	16399.291687965393
6620	0.7154992	0.73153305	3.272884	0.16127786	0.7154992	0.73153305	3.272884	0.16127786	1.1481471	1.1250532	3.4509869	0.15282586	1324199	16450.091154575348
6640	1.5854509	2.0841222	8.609153	0.13772509	1.5854509	2.0841222	8.609153	0.13772509	0.5898263	0.3188541	1.1646647	0.15195079	1328199	16530.205463409424
6660	1.258725	1.2009664	4.359169	0.06529851	1.258725	1.2009664	4.359169	0.06529851	0.92309767	1.0202931	3.1122785	0.068866685	1332199	16615.83153152466
6680	0.5707961	0.85411656	3.960323	0.08401185	0.5707961	0.85411656	3.960323	0.08401185	0.6134396	0.62849456	1.9369192	0.08878373	1336199	16666.19640994072
6700	1.1488034	1.1752844	3.917098	0.07964811	1.1488034	1.1752844	3.917098	0.07964811	1.320486	0.7931641	2.573819	0.11814179	1340199	16716.36849141121
6720	0.73172104	0.9465179	2.9505782	0.07022014	0.73172104	0.9465179	2.9505782	0.07022014	1.0117167	0.78623897	2.5282705	0.19182235	1344199	16767.194259405136
6740	0.72931993	0.83763486	3.170462	0.018657936	0.72931993	0.83763486	3.170462	0.018657936	0.67166615	0.51786953	1.6867324	0.1266813	1348199	16817.679446458817
6760	0.58069915	0.5424478	2.2616038	0.033315472	0.58069915	0.5424478	2.2616038	0.033315472	0.31949914	0.16029708	0.6473563	0.11575789	1352199	16904.58725452423
6780	1.1382191	1.5003123	5.94674	0.08605239	1.1382191	1.5003123	5.94674	0.08605239	0.6834853	0.30217347	1.1728406	0.14378847	1356199	16984.01144385338
6800	0.98921347	1.7285527	6.9916563	0.0778537	0.98921347	1.7285527	6.9916563	0.0778537	0.5096739	0.3779512	1.0219043	0.02740317	1360199	17035.058295488358
6820	1.502993	2.2814999	8.905145	0.08705506	1.502993	2.2814999	8.905145	0.08705506	1.0139583	0.975703	3.0158353	0.16526929	1364199	17086.008350610733
6840	0.8605043	0.66949046	2.5190556	0.10704177	0.8605043	0.66949046	2.5190556	0.10704177	0.22214103	0.0847937	0.39632165	0.1283834	1368199	17136.826463222504
6860	1.2780232	1.3981081	5.971073	0.06856581	1.2780232	1.3981081	5.971073	0.06856581	0.59681934	0.67512447	2.0614252	0.12382512	1372199	17187.400438070297
6880	0.6241301	0.819894	2.6957886	0.046359047	0.6241301	0.819894	2.6957886	0.046359047	0.4718764	0.25439125	0.73125505	0.11722983	1376199	17249.24348092079
6900	0.88861215	1.2780875	5.068774	0.057090297	0.88861215	1.2780875	5.068774	0.057090297	0.48749337	0.45961612	1.4132386	0.08803614	1380199	17300.211926221848
6920	0.8154723	1.0594833	4.1142726	0.04159759	0.8154723	1.0594833	4.1142726	0.04159759	0.78112894	0.80303603	2.5101426	0.14926834	1384199	17350.69558596611
6940	1.162891	1.363749	6.138771	0.07191347	1.162891	1.363749	6.138771	0.07191347	0.47760656	0.35153723	1.2148664	0.14343919	1388199	17401.207082271576
6960	1.1738608	1.5243653	4.99247	0.12324938	1.1738608	1.5243653	4.99247	0.12324938	0.2706463	0.096701704	0.40294638	0.11743636	1392199	17451.833971738815
6980	1.6996481	1.7419016	6.2174015	0.16143861	1.6996481	1.7419016	6.2174015	0.16143861	0.30335233	0.1176882	0.48857668	0.0878906	1396199	17502.940856933594
7000	0.5475437	0.44561875	1.6370839	0.04121315	0.5475437	0.44561875	1.6370839	0.04121315	0.1890382	0.16563207	0.5295328	0.045528997	1400199	17553.714023828506
7020	0.95824414	1.2599188	4.6133847	0.02713265	0.95824414	1.2599188	4.6133847	0.02713265	0.8133245	1.211861	3.465796	0.07816334	1404199	17604.886786937714
7040	1.0722606	1.1075507	3.764577	0.06427142	1.0722606	1.1075507	3.764577	0.06427142	0.15967071	0.09949316	0.33543998	0.05371977	1408199	17655.849219322205
7060	0.91144884	1.0123832	4.8083043	0.061755933	0.91144884	1.0123832	4.8083043	0.061755933	2.1469195	2.1642551	5.642793	0.037362322	1412199	17734.04328894615
7080	1.2013553	0.9616981	3.3392074	0.035628892	1.2013553	0.9616981	3.3392074	0.035628892	0.3028593	0.12466387	0.5227538	0.14237405	1416199	17798.613479614258
7100	0.78263754	0.8032747	2.8414726	0.02116466	0.78263754	0.8032747	2.8414726	0.02116466	1.1947006	0.88385993	2.9270277	0.27663374	1420199	17849.346987962723
7120	1.1600329	1.1340351	4.3076534	0.06900134	1.1600329	1.1340351	4.3076534	0.06900134	0.7180702	0.8064933	2.4460547	0.11203904	1424199	17900.526849269867
7140	0.9801585	1.3750898	5.74984	0.037040062	0.9801585	1.3750898	5.74984	0.037040062	0.45731294	0.3554495	0.9906648	0.043320205	1428199	17951.41127347946
7160	0.8450805	0.79902357	3.2103834	0.09566893	0.8450805	0.79902357	3.2103834	0.09566893	0.39218035	0.25361165	0.9190618	0.1372884	1432199	18006.11878013611
7180	1.0921088	1.511128	6.67001	0.03885454	1.0921088	1.511128	6.67001	0.03885454	0.6556141	0.66963327	2.0864344	0.10802931	1436199	18071.730189085007
7200	0.66554356	0.92830634	3.961338	0.037378225	0.66554356	0.92830634	3.961338	0.037378225	1.1880696	1.0459658	3.4056528	0.12552585	1440199	18139.91931128502
7220	0.8885454	0.7899005	2.8890388	0.03316742	0.8885454	0.7899005	2.8890388	0.03316742	0.71896315	0.80082995	2.3764117	0.016842261	1444199	18189.898889303207
7240	1.1302134	1.1479895	4.092882	0.09042854	1.1302134	1.1479895	4.092882	0.09042854	1.9165975	2.074671	5.7936735	0.10148203	1448199	18249.01216173172
7260	0.43240643	0.4204102	1.8177942	0.03379918	0.43240643	0.4204102	1.8177942	0.03379918	0.7383308	0.3492535	1.2170706	0.11120323	1452199	18306.522809028625
7280	0.7181307	1.0253023	3.9258833	0.024073167	0.7181307	1.0253023	3.9258833	0.024073167	0.2747917	0.15664831	0.6080186	0.12431652	1456199	18356.69074034691
7300	0.8416284	1.3385735	5.083924	0.04760386	0.8416284	1.3385735	5.083924	0.04760386	1.888501	2.0969076	6.3131704	0.068651885	1460199	18407.854115009308
7320	1.2165167	1.5647486	5.6887507	0.080537364	1.2165167	1.5647486	5.6887507	0.080537364	0.49266163	0.2884055	1.0156579	0.1034899	1464199	18458.681272745132
7340	1.1779141	1.425628	5.481459	0.068921916	1.1779141	1.425628	5.481459	0.068921916	0.2329402	0.11108688	0.45746112	0.10918123	1468199	18510.0158598423
7360	0.5825963	0.75792664	3.3614812	0.04420209	0.5825963	0.75792664	3.3614812	0.04420209	0.12153835	0.071607485	0.2304145	0.033240184	1472199	18579.391965150833
7380	1.3894904	2.0742295	6.9763417	0.07817348	1.3894904	2.0742295	6.9763417	0.07817348	0.45419976	0.4046249	1.2642137	0.09005046	1476199	18630.24542117119
7400	0.75179565	0.7236446	3.1177876	0.056416154	0.75179565	0.7236446	3.1177876	0.056416154	0.8906061	0.88132614	2.5767362	0.055447243	1480199	18681.476608991623
7420	1.2631744	1.3875388	4.757643	0.060979724	1.2631744	1.3875388	4.757643	0.060979724	2.1736603	2.0324867	6.0585337	0.17718467	1484199	18733.194729566574
7440	1.1030347	1.4429625	6.769592	0.074245736	1.1030347	1.4429625	6.769592	0.074245736	1.6597685	1.11707	3.642601	0.34700423	1488199	18818.999377012253
7460	0.7285551	0.6609012	2.8543987	0.071163744	0.7285551	0.6609012	2.8543987	0.071163744	0.63833094	0.6336346	1.8889308	0.09967664	1492199	18875.224495887756
7480	1.1238098	1.379322	5.514839	0.027936025	1.1238098	1.379322	5.514839	0.027936025	0.7416288	0.85230756	2.60604	0.20648813	1496199	18926.006728172302
7500	0.999314	1.5015515	5.150837	0.06369897	0.999314	1.5015515	5.150837	0.06369897	0.679451	0.4648837	1.6858834	0.29611233	1500199	18976.82493519783
7520	0.83711976	0.6700667	2.593629	0.065806106	0.83711976	0.6700667	2.593629	0.065806106	1.6876549	2.3114498	6.655746	0.06342318	1504199	19027.451817035675
7540	0.616369	0.70075256	2.8402414	0.053278424	0.616369	0.70075256	2.8402414	0.053278424	2.078056	2.159819	6.7057405	0.25429586	1508199	19078.295484781265
7560	1.1548994	1.2995378	5.9301677	0.061673976	1.1548994	1.2995378	5.9301677	0.061673976	0.6958346	0.6401001	1.9975477	0.065754086	1512199	19129.12392115593
7580	0.83716476	0.95893466	3.2512438	0.094667226	0.83716476	0.95893466	3.2512438	0.094667226	1.0509777	1.0191481	3.1580527	0.19682294	1516199	19180.13022494316
7600	1.0579603	2.1179504	9.062487	0.053416792	1.0579603	2.1179504	9.062487	0.053416792	1.21268	1.3990595	4.198653	0.1597282	1520199	19231.153472661972
7620	1.0914043	2.1201217	9.800429	0.049309086	1.0914043	2.1201217	9.800429	0.049309086	1.4862927	1.8112029	5.408504	0.19482909	1524199	19281.903351783752
7640	0.7597146	1.0696075	4.9841533	0.13044134	0.7597146	1.0696075	4.9841533	0.13044134	0.5385899	0.4735825	1.5384948	0.08913433	1528199	19342.528031349182
7660	0.85920554	0.9576709	3.3250134	0.061302934	0.85920554	0.9576709	3.3250134	0.061302934	1.8638583	1.6686491	4.809628	0.02800562	1532199	19426.082935094833
7680	1.029257	1.1020926	3.3989391	0.04305327	1.029257	1.1020926	3.3989391	0.04305327	0.7485153	0.51104444	1.6186823	0.09299079	1536199	19476.85134291649
7700	1.3250191	1.7983509	5.794932	0.05557226	1.3250191	1.7983509	5.794932	0.05557226	1.075497	1.2661241	3.8150735	0.16405138	1540199	19527.67579627037
7720	0.5512831	0.40191254	1.4490303	0.063417025	0.5512831	0.40191254	1.4490303	0.063417025	1.019507	0.97284776	2.9852257	0.019220633	1544199	19579.00699710846
7740	0.87043893	1.3402385	5.9251432	0.07947763	0.87043893	1.3402385	5.9251432	0.07947763	0.46768427	0.26064566	1.0316925	0.2821979	1548199	19630.169818401337
7760	0.97648776	1.0270392	3.7454388	0.07568421	0.97648776	1.0270392	3.7454388	0.07568421	0.7220542	0.49116033	1.4476148	0.07226273	1552199	19680.395189762115
7780	0.9336613	1.923734	8.6366625	0.045521483	0.9336613	1.923734	8.6366625	0.045521483	0.9019963	1.0478823	3.1595204	0.061055258	1556199	19729.727270126343
7800	1.2614522	1.4635634	6.9905605	0.08202291	1.2614522	1.4635634	6.9905605	0.08202291	1.5601743	1.7267395	4.8081355	0.081556045	1560199	19778.991260051727
7820	0.5880915	0.53648466	1.9269954	0.04264569	0.5880915	0.53648466	1.9269954	0.04264569	0.64286643	0.7259803	2.2208228	0.10126163	1564199	19828.69336271286
7840	1.679066	1.8535515	6.0758696	0.061462056	1.679066	1.8535515	6.0758696	0.061462056	1.0526115	1.3477303	3.8948445	0.039080363	1568199	19878.541665315628
7860	1.0472386	1.1933693	4.27304	0.055893235	1.0472386	1.1933693	4.27304	0.055893235	0.2362475	0.1309324	0.48652953	0.06853847	1572199	19928.005265712738
7880	0.88007927	1.2638693	4.8038635	0.060415044	0.88007927	1.2638693	4.8038635	0.060415044	0.6503382	0.6517943	1.954709	0.07116634	1576199	19977.635223388672
7900	1.0224572	1.4258205	6.4869647	0.08879328	1.0224572	1.4258205	6.4869647	0.08879328	0.9943289	0.8196301	2.510297	0.08059097	1580199	20027.428483724594
7920	1.099106	1.6019081	7.1350164	0.07491089	1.099106	1.6019081	7.1350164	0.07491089	0.78448683	0.8297572	2.4912052	0.062290445	1584199	20076.863978862762
7940	1.340357	1.5354515	5.042341	0.07009728	1.340357	1.5354515	5.042341	0.07009728	1.7838539	2.4450533	7.127187	0.2333977	1588199	20126.625328302383
7960	1.2820476	2.07508	9.959104	0.076185316	1.2820476	2.07508	9.959104	0.076185316	0.9925335	0.5865823	1.9542204	0.038739093	1592199	20176.15398788452
7980	0.77632236	0.7452117	2.900725	0.06811428	0.77632236	0.7452117	2.900725	0.06811428	0.7021664	0.534418	1.7518227	0.06706861	1596199	20225.242116212845
8000	1.1834854	2.2260714	9.777763	0.056942496	1.1834854	2.2260714	9.777763	0.056942496	0.7056977	0.41220757	1.4876796	0.0883985	1600199	20275.964606523514
8020	0.76111865	1.035133	3.9234626	0.063021086	0.76111865	1.035133	3.9234626	0.063021086	1.177651	0.85420424	2.3709319	0.047641415	1604199	20325.470559358597
8040	1.0169846	1.232853	4.5699334	0.09479468	1.0169846	1.232853	4.5699334	0.09479468	0.30784246	0.06402367	0.38730395	0.1851249	1608199	20374.954463243484
8060	0.75778043	0.79657835	3.4080844	0.04274579	0.75778043	0.79657835	3.4080844	0.04274579	0.31542507	0.23769376	0.7981069	0.054255094	1612199	20424.536733150482
8080	0.6361671	0.63248193	2.2393043	0.026676117	0.6361671	0.63248193	2.2393043	0.026676117	1.2821909	0.9369716	3.1957297	0.100759454	1616199	20474.05498600006
8100	0.7562052	0.71619785	2.8161757	0.18674538	0.7562052	0.71619785	2.8161757	0.18674538	0.41375527	0.37528244	1.1934121	0.092877276	1620199	20523.08087325096
8120	0.60300434	0.71200806	3.2047603	0.08903878	0.60300434	0.71200806	3.2047603	0.08903878	0.47347525	0.33284068	1.1323972	0.05104683	1624199	20572.579845905304
8140	0.81274873	0.70231915	3.3142936	0.05478358	0.81274873	0.70231915	3.3142936	0.05478358	0.11678583	0.052935272	0.20760038	0.03173986	1628199	20622.512133836746
8160	0.9300951	0.65179735	2.28567	0.11071785	0.9300951	0.65179735	2.28567	0.11071785	1.0784878	0.8389221	2.6391666	0.120310545	1632199	20671.65221953392
8180	0.79609346	0.9392085	3.1584606	0.09045946	0.79609346	0.9392085	3.1584606	0.09045946	0.2453639	0.15880562	0.48469275	0.05007446	1636199	20721.188144207
8200	0.6417061	0.5214456	2.2010913	0.06454558	0.6417061	0.5214456	2.2010913	0.06454558	0.52146715	0.36792862	1.0579714	0.0695617	1640199	20770.833509206772
8220	1.1954113	1.2098036	4.872734	0.06673107	1.1954113	1.2098036	4.872734	0.06673107	0.89203215	1.0315087	3.025117	0.0644765	1644199	20820.47376728058
8240	0.55500185	0.63372046	2.6956124	0.050345227	0.55500185	0.63372046	2.6956124	0.050345227	0.7311716	0.93872285	2.7778811	0.051948905	1648199	20870.230903863907
8260	0.9671256	0.93523306	3.7526617	0.0517806	0.9671256	0.93523306	3.7526617	0.0517806	0.48929623	0.48394594	1.5234078	0.054449853	1652199	20920.14857506752
8280	0.82087976	0.780623	2.5034113	0.070730165	0.82087976	0.780623	2.5034113	0.070730165	0.87394756	0.5203498	1.734077	0.0814901	1656199	20970.573792219162
8300	1.2991581	1.4914235	6.0425305	0.10966556	1.2991581	1.4914235	6.0425305	0.10966556	1.0792927	1.0360498	3.1180162	0.049977105	1660199	21020.59623813629
8320	1.2513137	1.539109	5.2390785	0.042271145	1.2513137	1.539109	5.2390785	0.042271145	0.87404996	0.45097402	1.5110879	0.26018292	1664199	21070.466454267502
8340	0.4787158	0.45367077	1.5224152	0.05237419	0.4787158	0.45367077	1.5224152	0.05237419	0.48162508	0.28881922	0.95518255	0.13491552	1668199	21120.31418943405
8360	1.0664452	1.0217738	3.446389	0.038850065	1.0664452	1.0217738	3.446389	0.038850065	0.7815085	1.0242581	3.0052745	0.046367917	1672199	21169.86858868599
8380	1.1398686	1.7756658	7.064	0.05468514	1.1398686	1.7756658	7.064	0.05468514	0.63267285	0.48653117	1.6167461	0.08805646	1676199	21219.427054405212
8400	1.1700256	1.2916914	5.624221	0.054656014	1.1700256	1.2916914	5.624221	0.054656014	0.6244051	0.36676726	1.2801523	0.07704877	1680199	21269.48463487625
8420	0.8873744	1.1067207	3.8821394	0.05288128	0.8873744	1.1067207	3.8821394	0.05288128	1.728453	1.2513717	3.8354506	0.047628842	1684199	21319.4476852417
8440	1.1117882	1.619271	6.9078817	0.06550748	1.1117882	1.619271	6.9078817	0.06550748	1.0873402	0.94191074	2.9367115	0.093273714	1688199	21369.235993623734
8460	1.1435063	1.4808402	5.886943	0.081452996	1.1435063	1.4808402	5.886943	0.081452996	0.8195389	0.7332247	1.914574	0.03813097	1692199	21419.101763010025
8480	0.9124967	1.3911395	6.0988946	0.13168482	0.9124967	1.3911395	6.0988946	0.13168482	1.4188908	1.1545609	3.3137312	0.15918301	1696199	21468.97384738922
8500	0.85147935	0.98044676	3.5135171	0.06485799	0.85147935	0.98044676	3.5135171	0.06485799	1.4657717	1.0739663	3.649855	0.19220294	1700199	21519.14661502838
8520	1.0133944	1.0941011	4.4892535	0.052270334	1.0133944	1.0941011	4.4892535	0.052270334	0.67880946	0.42959234	1.3411391	0.08608855	1704199	21568.90057849884
8540	1.2347267	1.5401144	7.065335	0.043523666	1.2347267	1.5401144	7.065335	0.043523666	0.39881906	0.24863894	0.91772777	0.14813088	1708199	21618.841031312943
8560	1.8034308	2.2719376	10.349757	0.11946522	1.8034308	2.2719376	10.349757	0.11946522	1.3097531	0.98432726	2.9357393	0.08977847	1712199	21668.157685279846
8580	1.5195006	2.3100634	8.6478405	0.103586525	1.5195006	2.3100634	8.6478405	0.103586525	0.6777646	0.68136483	2.1304805	0.15268221	1716199	21717.75155735016
8600	1.3897612	1.7141266	7.00811	0.13533074	1.3897612	1.7141266	7.00811	0.13533074	0.2953166	0.19733107	0.7065209	0.12210757	1720199	21767.405032634735
8620	1.1201448	1.4715289	5.037476	0.064816974	1.1201448	1.4715289	5.037476	0.064816974	0.8979039	0.63119805	1.9486606	0.26805356	1724199	21816.75540781021
8640	0.62999105	0.57301134	2.2717812	0.057618916	0.62999105	0.57301134	2.2717812	0.057618916	0.23850809	0.19819194	0.64871955	0.05501434	1728199	21866.179088830948
8660	1.0554297	1.1578244	4.0356574	0.047805093	1.0554297	1.1578244	4.0356574	0.047805093	0.92977184	0.6930508	2.2385888	0.09677956	1732199	21915.596863269806
8680	0.9682065	1.1297369	4.3710103	0.06315322	0.9682065	1.1297369	4.3710103	0.06315322	0.5348374	0.6205013	1.887428	0.075892776	1736199	21965.993572950363
8700	0.4410406	0.4522671	1.8238049	0.07728797	0.4410406	0.4522671	1.8238049	0.07728797	0.6429687	0.357095	1.1765776	0.120779075	1740199	22016.694935560226
8720	0.7250728	0.89750534	3.501558	0.05297192	0.7250728	0.89750534	3.501558	0.05297192	0.51669675	0.56967366	1.7554482	0.121499375	1744199	22067.58159852028
8740	1.3176339	1.6986328	5.8718987	0.03669642	1.3176339	1.6986328	5.8718987	0.03669642	0.658467	0.7066502	2.163677	0.08924424	1748199	22118.4532186985
8760	1.1152259	1.3641255	4.9717965	0.021661565	1.1152259	1.3641255	4.9717965	0.021661565	0.25108817	0.23333855	0.7299409	0.035577435	1752199	22183.65593123436
8780	1.0140722	0.93073493	3.3869827	0.094830334	1.0140722	0.93073493	3.3869827	0.094830334	1.1194806	0.8980962	2.942602	0.25212675	1756199	22261.599463939667
8800	0.46467572	0.52017707	2.2736971	0.040936537	0.46467572	0.52017707	2.2736971	0.040936537	0.25661585	0.11165529	0.46600634	0.13459925	1760199	22312.549545049667
8820	1.3906229	2.168815	9.60006	0.07536861	1.3906229	2.168815	9.60006	0.07536861	0.24087203	0.16432607	0.555135	0.049185913	1764199	22363.226035118103
8840	0.7340304	0.816524	3.3628576	0.12323159	0.7340304	0.816524	3.3628576	0.12323159	0.41230485	0.32885912	1.1220824	0.17290384	1768199	22413.33658504486
8860	0.6446322	0.49847084	2.1454992	0.10698381	0.6446322	0.49847084	2.1454992	0.10698381	0.5017552	0.48155186	1.5442733	0.10351573	1772199	22463.869145154953
8880	0.6538118	0.5290925	1.9933903	0.09430015	0.6538118	0.5290925	1.9933903	0.09430015	0.58355016	0.531813	1.6673911	0.049110238	1776199	22514.001695156097
8900	1.2504882	1.6852943	6.982674	0.0534034	1.2504882	1.6852943	6.982674	0.0534034	1.847126	2.5595236	7.420843	0.15735455	1780199	22563.640667676926
8920	1.2161947	1.615457	6.8132415	0.07895668	1.2161947	1.615457	6.8132415	0.07895668	0.2655976	0.12711883	0.4326481	0.092773676	1784199	22613.45719742775
8940	0.92644393	1.28372	4.7776184	0.028685048	0.92644393	1.28372	4.7776184	0.028685048	0.70724875	0.699678	1.6535639	0.03174714	1788199	22662.93094086647
8960	1.6248697	1.8735912	6.611039	0.05822381	1.6248697	1.8735912	6.611039	0.05822381	0.2944127	0.18645923	0.5671419	0.03632595	1792199	22713.638943195343
8980	1.3666656	1.5305537	4.7782226	0.08972409	1.3666656	1.5305537	4.7782226	0.08972409	0.75002104	0.4775628	1.7528762	0.28460023	1796199	22763.816816329956
9000	1.4559683	1.7575896	6.4607472	0.05846035	1.4559683	1.7575896	6.4607472	0.05846035	0.2995838	0.20399216	0.5825781	0.035198	1800199	22814.297743558884
9020	1.1863856	1.1984147	4.570462	0.03848629	1.1863856	1.1984147	4.570462	0.03848629	0.55072516	0.42456794	1.4546005	0.1526627	1804199	22864.723917007446
9040	1.1000283	1.3498167	4.414836	0.04547635	1.1000283	1.3498167	4.414836	0.04547635	1.2979847	1.8775878	5.405147	0.0998542	1808199	22914.823267698288
9060	0.9995343	1.2681524	4.721548	0.041130126	0.9995343	1.2681524	4.721548	0.041130126	0.7140811	0.49660936	1.3786746	0.05006212	1812199	22965.554267644882
9080	0.7576233	0.72816527	2.625324	0.040459894	0.7576233	0.72816527	2.625324	0.040459894	0.73409075	0.7461066	2.3112056	0.098002225	1816199	23016.508843660355
9100	1.3257997	1.6871401	6.224976	0.05768818	1.3257997	1.6871401	6.224976	0.05768818	0.6841245	0.5600125	1.8598727	0.22527811	1820199	23066.02272105217
9120	0.8686201	1.3951349	5.5543337	0.044362996	0.8686201	1.3951349	5.5543337	0.044362996	1.5820552	1.2656786	3.7131004	0.20382209	1824199	23115.836119174957
9140	1.200031	1.5288823	6.1897907	0.091929674	1.200031	1.5288823	6.1897907	0.091929674	0.7717348	1.0046927	2.960673	0.07317921	1828199	23165.63125681877
9160	1.1969908	1.6199194	6.1549	0.054445416	1.1969908	1.6199194	6.1549	0.054445416	2.2380292	2.0843766	5.320612	0.25240657	1832199	23215.229667425156
9180	1.1794958	1.032902	3.7994876	0.06432446	1.1794958	1.032902	3.7994876	0.06432446	0.58315974	0.24033156	0.9013588	0.28448135	1836199	23264.94531607628
9200	1.037747	1.5224643	6.519364	0.06286775	1.037747	1.5224643	6.519364	0.06286775	1.421853	2.0346212	5.8682585	0.13106538	1840199	23314.481746435165
9220	0.88851833	0.70916337	2.5613558	0.08801046	0.88851833	0.70916337	2.5613558	0.08801046	0.79507375	0.56462556	1.8383648	0.21326783	1844199	23364.94914507866
9240	1.3692032	1.5734996	5.9120812	0.06349281	1.3692032	1.5734996	5.9120812	0.06349281	1.1924607	1.1620917	3.3587992	0.12257063	1848199	23415.477732419968
9260	1.745932	2.1625082	6.686459	0.042691298	1.745932	2.1625082	6.686459	0.042691298	0.53831404	0.2545407	0.86629546	0.18861523	1852199	23466.61249423027
9280	0.97433376	1.9507595	8.9600935	0.06134334	0.97433376	1.9507595	8.9600935	0.06134334	0.51331633	0.3664457	1.0094844	0.095959984	1856199	23517.619418621063
9300	0.963707	1.001509	4.2225566	0.13528208	0.963707	1.001509	4.2225566	0.13528208	1.2800425	1.6694844	4.9228864	0.17540243	1860199	23568.219794273376
9320	1.1869934	1.8400918	8.666653	0.045549326	1.1869934	1.8400918	8.666653	0.045549326	1.1636759	1.0739224	3.3768733	0.18783835	1864199	23618.987721681595
9340	0.7373134	0.54989195	2.015378	0.102690764	0.7373134	0.54989195	2.015378	0.102690764	0.76006955	0.6137034	1.8413507	0.03942019	1868199	23670.176043510437
9360	0.6311975	1.0925388	5.1104183	0.04819685	0.6311975	1.0925388	5.1104183	0.04819685	1.3706294	1.4625872	4.4298735	0.10328744	1872199	23720.996205568314
9380	0.79349726	1.2841289	5.8740597	0.07907587	0.79349726	1.2841289	5.8740597	0.07907587	1.4166707	2.043642	5.876258	0.13429818	1876199	23771.573024511337
9400	0.41493875	0.40923268	1.5608989	0.050731864	0.41493875	0.40923268	1.5608989	0.050731864	1.3044933	2.10394	5.910921	0.031202942	1880199	23822.39769434929
9420	0.6380599	0.4931334	1.7645063	0.09840247	0.6380599	0.4931334	1.7645063	0.09840247	0.4907455	0.45451003	1.4743516	0.12577023	1884199	23871.584862709045
9440	0.9949194	0.9954582	3.64595	0.10539625	0.9949194	0.9954582	3.64595	0.10539625	1.938191	2.8345642	8.144689	0.20245704	1888199	23920.79932832718
9460	1.0253987	1.1733297	4.043414	0.046186667	1.0253987	1.1733297	4.043414	0.046186667	0.48105744	0.49997348	1.534762	0.057081047	1892199	23972.380392551422
9480	1.0733926	1.1482985	4.803598	0.043475736	1.0733926	1.1482985	4.803598	0.043475736	1.8365461	2.3864076	6.8800087	0.01980956	1896199	24055.143661260605
9500	0.8164976	1.0612987	3.9865875	0.070749365	0.8164976	1.0612987	3.9865875	0.070749365	0.802597	1.1515436	3.323814	0.11988074	1900199	24107.52089357376
9520	1.3614672	1.2095426	4.3740335	0.17091133	1.3614672	1.2095426	4.3740335	0.17091133	1.3856071	1.3818944	3.9536037	0.08471718	1904199	24155.929096460342
9540	1.3442849	1.6753567	7.359067	0.052422386	1.3442849	1.6753567	7.359067	0.052422386	0.9152298	0.9141134	2.6534905	0.038893897	1908199	24204.064990520477
9560	1.1399169	2.0942447	9.801972	0.059226625	1.1399169	2.0942447	9.801972	0.059226625	0.47539446	0.20899424	0.8952768	0.22110699	1912199	24251.092539787292
9580	0.92792284	1.1872991	4.410854	0.048006583	0.92792284	1.1872991	4.410854	0.048006583	0.91012305	1.001391	3.0448253	0.07701675	1916199	24298.080415964127
9600	0.9620241	0.95711404	3.1217542	0.05403781	0.9620241	0.95711404	3.1217542	0.05403781	0.4130681	0.33933702	1.0727786	0.037323546	1920199	24343.329426765442
9620	1.2562386	1.8755698	7.707485	0.077519044	1.2562386	1.8755698	7.707485	0.077519044	0.58235455	0.44805133	1.4025099	0.093161345	1924199	24388.816373109818
9640	1.001448	1.0948774	4.014771	0.0691438	1.001448	1.0948774	4.014771	0.0691438	0.41700235	0.41659898	1.3189813	0.11871152	1928199	24433.944715499878
9660	0.8850567	1.0625525	3.6520703	0.051573355	0.8850567	1.0625525	3.6520703	0.051573355	0.7193412	0.75004065	2.3329525	0.08348962	1932199	24478.87780857086
9680	0.8882596	1.0718246	4.6804695	0.0850006	0.8882596	1.0718246	4.6804695	0.0850006	0.6300641	0.4935206	1.6533524	0.14283143	1936199	24523.66765141487
9700	0.9757824	1.0960977	3.8761034	0.052047204	0.9757824	1.0960977	3.8761034	0.052047204	0.69646937	0.5181636	1.782291	0.22928007	1940199	24568.998000621796
9720	1.0577011	1.0815964	3.2459283	0.060049813	1.0577011	1.0815964	3.2459283	0.060049813	0.93642443	0.746559	2.0149856	0.17144644	1944199	24614.32307100296
9740	0.7156049	0.922593	3.916279	0.048251398	0.7156049	0.922593	3.916279	0.048251398	0.7089756	0.9309528	2.744857	0.08947871	1948199	24661.925132513046
9760	0.9800538	1.4524709	6.6945643	0.05656531	0.9800538	1.4524709	6.6945643	0.05656531	0.38718072	0.10701651	0.5942232	0.23247395	1952199	24709.865954637527
9780	0.61589944	0.5616334	1.8844883	0.04684627	0.61589944	0.5616334	1.8844883	0.04684627	0.70921916	0.65919	2.1262672	0.15413164	1956199	24757.656331062317
9800	1.1544704	1.0697504	3.522683	0.06289147	1.1544704	1.0697504	3.522683	0.06289147	1.8140653	1.3288287	3.8135831	0.12727752	1960199	24805.46696639061
9820	0.7326895	0.94969946	4.473842	0.09298003	0.7326895	0.94969946	4.473842	0.09298003	0.97228485	0.9234579	2.6330678	0.047801685	1964199	24852.643912553787
9840	1.3540766	1.4953495	4.6919346	0.06647111	1.3540766	1.4953495	4.6919346	0.06647111	0.7884006	0.7523392	2.408956	0.22872478	1968199	24899.87602329254
9860	0.8056696	0.96775377	3.5809138	0.052864674	0.8056696	0.96775377	3.5809138	0.052864674	0.6790664	0.98141456	2.8263137	0.07393098	1972199	24949.456206560135
9880	1.4717522	1.5538766	5.624189	0.0753088	1.4717522	1.5538766	5.624189	0.0753088	1.853199	2.1031644	6.367888	0.030534875	1976199	25027.6398499012
9900	0.53647006	0.54184455	2.465923	0.07694887	0.53647006	0.54184455	2.465923	0.07694887	0.75336164	0.6358258	2.0685418	0.141355	1980199	25079.29221224785
9920	1.0134819	1.2715862	4.4177976	0.094895	1.0134819	1.2715862	4.4177976	0.094895	0.62846184	0.6171969	1.8945048	0.036218792	1984199	25126.991555690765
9940	0.75800914	0.78629494	2.6105895	0.054432645	0.75800914	0.78629494	2.6105895	0.054432645	1.15164	1.0320443	3.2204301	0.10944158	1988199	25174.087822914124
9960	0.6859808	0.84807616	3.0685802	0.04051627	0.6859808	0.84807616	3.0685802	0.04051627	1.2887899	1.2799108	3.9700527	0.10799981	1992199	25220.749922037125
9980	1.143029	0.9927216	3.4191344	0.0656285	1.143029	0.9927216	3.4191344	0.0656285	0.68307644	0.76237464	2.3388317	0.15232393	1996199	25265.623465299606
10000	1.1015469	1.3935782	5.5889044	0.056937117	1.1015469	1.3935782	5.5889044	0.056937117	0.4822639	0.5388824	1.6522436	0.067591384	2000199	25310.353253126144
