Epoch	EpRet	EpRealRet	TestEpRet	AverageQ1	StdQ1	MaxQ1	MinQ1	Q2	TestSuccess	TotalEnvInteracts	TotalTime
0	-50.0	-50.0	-40.0	-1.1977167	2.2286959	0.48294204	-15.205955	-1.197652	0.2	2500	34.86319184303284
1	-49.0	-49.0	-50.0	-2.6018398	5.1261997	0.6349125	-31.66852	-2.6018584	0.0	5000	70.30219531059265
2	-50.0	-50.0	-50.0	-3.847473	7.6491656	0.5386613	-33.473152	-3.847404	0.0	7500	105.16828179359436
3	-50.0	-50.0	-50.0	-4.9164977	9.692786	0.7647901	-37.358006	-4.916439	0.0	10000	140.57037663459778
4	-50.0	-50.0	-50.0	-5.924837	11.451111	1.1426828	-54.476814	-5.9247417	0.0	12500	174.97353267669678
5	-49.78	-49.78	-49.9	-6.6033087	12.739476	1.6361433	-59.25039	-6.603094	0.0	15000	210.19342875480652
6	-49.76	-49.76	-50.0	-7.056491	13.541555	1.411978	-55.35082	-7.056567	0.0	17500	244.77824640274048
7	-49.88	-49.88	-50.0	-7.4501066	14.062597	9.332821	-55.25007	-7.4503574	0.0	20000	280.03073287010193
8	-50.0	-50.0	-50.0	-7.6654663	14.360295	2.9018853	-55.79185	-7.6653323	0.0	22500	316.00378918647766
9	-49.66	-49.66	-50.0	-7.797324	14.665506	2.7214603	-55.45736	-7.7974286	0.0	25000	353.04435181617737
10	-49.88	-49.88	-50.0	-8.066149	15.115305	3.437042	-57.44403	-8.066608	0.0	27500	389.40594482421875
11	-49.96	-49.96	-50.0	-8.283686	15.469683	2.180985	-61.820335	-8.283766	0.0	30000	426.6045868396759
12	-50.0	-50.0	-50.0	-8.479126	15.766732	4.1431355	-59.206593	-8.479401	0.0	32500	463.8132472038269
13	-49.84	-49.84	-50.0	-8.75203	16.135458	7.559869	-58.183067	-8.752117	0.0	35000	500.2644953727722
14	-49.92	-49.92	-50.0	-8.962622	16.448574	9.647455	-56.93211	-8.962666	0.0	37500	537.6455407142639
15	-49.3	-49.3	-49.8	-9.225054	16.833336	6.1920485	-57.4295	-9.224995	0.0	40000	574.7953419685364
16	-49.84	-49.84	-49.8	-9.47085	17.125753	4.519775	-62.80808	-9.470562	0.0	42500	612.3537821769714
17	-49.94	-49.94	-50.0	-9.787511	17.421144	3.2129707	-58.851707	-9.78734	0.0	45000	649.7798993587494
18	-49.86	-49.86	-48.3	-9.876415	17.504204	3.7248302	-59.040432	-9.875991	0.0	47500	687.7542674541473
19	-48.54	-48.54	-50.0	-10.040259	17.595913	4.5647545	-59.796913	-10.040331	0.0	50000	724.9400079250336
20	-49.74	-49.74	-49.7	-10.175586	17.692753	7.765697	-69.34418	-10.174739	0.0	52500	762.6131720542908
21	-48.24	-48.24	-49.7	-10.295542	17.66801	4.3115706	-61.89531	-10.2954645	0.0	55000	800.7764785289764
22	-49.9	-49.9	-49.7	-10.259229	17.54103	4.508545	-65.46022	-10.259877	0.0	57500	838.5506806373596
23	-49.66	-49.66	-42.8	-10.336103	17.505606	5.2968426	-62.299717	-10.335838	0.2	60000	876.1275837421417
24	-49.62	-49.62	-50.0	-10.432715	17.542862	11.732979	-62.886333	-10.432664	0.0	62500	913.0000162124634
25	-49.9	-49.9	-46.5	-10.462623	17.54053	5.831377	-58.798107	-10.462678	0.1	65000	950.9140005111694
26	-49.98	-49.98	-49.8	-10.555941	17.607079	5.3731494	-65.51597	-10.555689	0.0	67500	989.1287894248962
27	-49.28	-49.28	-50.0	-10.4488	17.503338	5.4874616	-64.12066	-10.448502	0.0	70000	1026.9228212833405
28	-48.54	-48.54	-49.5	-10.507255	17.477873	4.48333	-61.19844	-10.506759	0.0	72500	1065.1799764633179
29	-49.86	-49.86	-50.0	-10.590671	17.490541	6.925872	-69.9836	-10.590711	0.0	75000	1102.2948577404022
30	-49.48	-49.48	-50.0	-10.701085	17.526659	4.349679	-62.11816	-10.700536	0.0	77500	1139.813482761383
31	-49.94	-49.94	-50.0	-10.809214	17.575907	6.255385	-62.27832	-10.808531	0.0	80000	1176.951289653778
32	-49.74	-49.74	-49.9	-10.867162	17.587194	7.2847204	-60.782738	-10.867532	0.0	82500	1214.2400286197662
33	-49.36	-49.36	-49.4	-10.893323	17.584333	7.2397194	-66.36465	-10.893241	0.0	85000	1251.9761312007904
34	-49.6	-49.6	-48.1	-10.958818	17.572905	4.251272	-58.98659	-10.958951	0.1	87500	1289.7984020709991
35	-49.7	-49.7	-49.8	-11.058341	17.574331	6.278089	-60.487865	-11.058228	0.0	90000	1327.1734812259674
36	-48.84	-48.84	-50.0	-11.124217	17.597555	5.839251	-59.58662	-11.124636	0.0	92500	1364.5309782028198
37	-48.62	-48.62	-47.6	-11.196514	17.632286	6.919068	-61.67054	-11.1962185	0.0	95000	1402.1826479434967
38	-48.64	-48.64	-44.8	-11.214788	17.636028	5.326601	-59.189766	-11.215311	0.1	97500	1439.8935549259186
39	-49.3	-49.3	-48.6	-11.271135	17.625113	5.0606456	-67.37025	-11.270826	0.0	100000	1477.3400464057922
40	-49.14	-49.14	-49.5	-11.310917	17.654488	7.7741337	-61.752834	-11.311129	0.0	102500	1515.0019681453705
41	-48.26	-48.26	-49.2	-11.365605	17.645803	4.3631153	-59.794014	-11.364946	0.0	105000	1553.0309870243073
42	-48.16	-48.16	-48.3	-11.354019	17.589832	7.66415	-61.494843	-11.353593	0.1	107500	1590.234256029129
43	-49.78	-49.78	-49.0	-11.3493	17.56313	7.595785	-59.873787	-11.348912	0.0	110000	1628.143393278122
44	-49.24	-49.24	-49.5	-11.373943	17.52912	7.610052	-62.683334	-11.373734	0.0	112500	1665.9874835014343
45	-47.2	-47.2	-49.6	-11.415317	17.50574	8.042222	-60.032295	-11.415308	0.0	115000	1703.8072428703308
46	-48.34	-48.34	-49.4	-11.410795	17.513327	9.320525	-61.062283	-11.41019	0.0	117500	1741.4382376670837
47	-49.64	-49.64	-48.0	-11.491722	17.53624	6.1939664	-61.420834	-11.49121	0.1	120000	1779.3232719898224
48	-48.78	-48.78	-49.4	-11.47754	17.481356	10.264284	-62.883602	-11.47661	0.0	122500	1816.901540517807
49	-49.08	-49.08	-48.1	-11.59445	17.513464	8.874541	-62.57018	-11.593925	0.0	125000	1854.5176856517792
50	-47.86	-47.86	-48.0	-11.575478	17.477465	6.181424	-64.200096	-11.575476	0.0	127500	1892.9245343208313
51	-49.52	-49.52	-49.9	-11.574979	17.392754	8.404073	-60.997566	-11.575184	0.0	130000	1930.9926631450653
52	-49.12	-49.12	-50.0	-11.629548	17.367903	6.6699862	-60.286716	-11.628779	0.0	132500	1967.7829320430756
53	-48.36	-48.36	-46.9	-11.664669	17.400047	5.7939672	-62.678562	-11.664497	0.2	135000	2003.998729467392
54	-48.78	-48.78	-46.0	-11.685961	17.38107	7.3935685	-62.54603	-11.686274	0.2	137500	2040.0194861888885
55	-48.74	-48.74	-48.9	-11.757952	17.367352	5.2286396	-61.933735	-11.757929	0.0	140000	2077.242437362671
56	-47.82	-47.82	-47.6	-11.705833	17.312193	9.660034	-60.67308	-11.705566	0.1	142500	2115.391823530197
57	-48.46	-48.46	-45.5	-11.710457	17.248064	9.081943	-62.091106	-11.710597	0.1	145000	2152.487048625946
58	-47.88	-47.88	-49.7	-11.760639	17.25417	8.377688	-63.223087	-11.760261	0.0	147500	2190.121118545532
59	-48.32	-48.32	-45.899998	-11.746071	17.214235	6.2999263	-64.19335	-11.74591	0.1	150000	2226.9917283058167
60	-48.94	-48.94	-50.0	-11.803963	17.220953	7.4517155	-64.12103	-11.804263	0.0	152500	2264.180225133896
61	-49.14	-49.14	-45.100002	-11.85451	17.231882	6.229749	-62.909584	-11.853696	0.1	155000	2301.750543117523
62	-49.0	-49.0	-49.7	-11.781163	17.115147	5.7291822	-62.40727	-11.781155	0.0	157500	2339.1950488090515
63	-48.1	-48.1	-49.1	-11.757422	17.045547	6.6548386	-63.782604	-11.75757	0.0	160000	2376.819472551346
64	-48.74	-48.74	-45.5	-11.83321	17.055006	5.645928	-64.79573	-11.832924	0.1	162500	2414.3862586021423
65	-48.66	-48.66	-45.399998	-11.828588	17.04668	5.1389112	-64.81738	-11.828765	0.0	165000	2451.9516611099243
66	-48.68	-48.68	-45.100002	-11.843596	17.037727	11.766449	-64.53466	-11.843467	0.1	167500	2489.6208107471466
67	-48.56	-48.56	-46.9	-11.892216	17.075089	6.3778853	-63.91132	-11.892188	0.0	170000	2526.931347846985
68	-48.1	-48.1	-48.4	-11.821687	16.982908	8.411011	-61.97175	-11.820945	0.0	172500	2564.6592004299164
69	-48.1	-48.1	-48.8	-11.850622	16.94302	8.446459	-68.072426	-11.85056	0.0	175000	2601.3447601795197
70	-48.42	-48.42	-42.100002	-11.940231	17.000051	6.057522	-66.854805	-11.940331	0.3	177500	2638.2559037208557
71	-47.84	-47.84	-42.0	-11.962243	17.023151	8.855674	-62.761337	-11.96243	0.1	180000	2675.6239511966705
72	-49.4	-49.4	-47.6	-11.922971	16.94271	7.8241982	-65.03079	-11.922457	0.1	182500	2714.357399225235
73	-48.36	-48.36	-48.2	-11.955165	16.955475	7.671318	-63.64734	-11.955178	0.0	185000	2751.348608493805
74	-48.7	-48.7	-45.5	-12.002977	16.974234	7.037253	-61.913246	-12.002795	0.1	187500	2788.829841375351
75	-48.28	-48.28	-48.9	-12.0029335	16.961329	6.143962	-61.56853	-12.002402	0.0	190000	2826.5591728687286
76	-48.1	-48.1	-47.8	-11.942613	16.954805	16.946056	-64.941734	-11.942892	0.0	192500	2863.0680651664734
77	-48.98	-48.98	-47.8	-12.010425	16.967258	14.774487	-61.331852	-12.010319	0.1	195000	2899.8539769649506
78	-47.94	-47.94	-44.399998	-11.948799	16.906122	9.029459	-65.39171	-11.949217	0.2	197500	2936.3635866642
79	-49.08	-49.08	-47.7	-11.931822	16.822166	9.675301	-63.178795	-11.931517	0.1	200000	2972.8918142318726
80	-47.96	-47.96	-45.2	-11.926293	16.763021	15.07695	-66.67431	-11.926344	0.1	202500	3009.6885738372803
81	-49.32	-49.32	-47.8	-11.925071	16.709816	8.556673	-64.10536	-11.925535	0.0	205000	3046.9415884017944
82	-48.36	-48.36	-47.7	-11.915885	16.671898	49.479965	-62.81857	-11.915285	0.0	207500	3083.895676612854
83	-47.56	-47.56	-48.4	-11.973008	16.665583	45.7749	-59.70321	-11.972285	0.0	210000	3121.9582657814026
84	-49.08	-49.08	-49.4	-12.09177	16.727934	7.629251	-63.6819	-12.091851	0.0	212500	3160.1831288337708
85	-48.9	-48.9	-49.4	-12.132003	16.742998	43.69639	-65.418816	-12.13191	0.0	215000	3197.688363313675
86	-48.4	-48.4	-49.3	-12.184977	16.761114	41.921284	-62.433456	-12.184757	0.0	217500	3235.4918234348297
87	-48.44	-48.44	-48.4	-12.197349	16.7444	13.361322	-65.91462	-12.197984	0.0	220000	3273.6835691928864
88	-47.64	-47.64	-46.8	-12.310363	16.764269	15.058749	-71.239365	-12.310571	0.1	222500	3310.7730448246
89	-48.8	-48.8	-46.2	-12.324572	16.700193	5.0939436	-70.84508	-12.324694	0.1	225000	3347.467132091522
90	-47.58	-47.58	-48.8	-12.316775	16.657476	43.21634	-61.8934	-12.316579	0.0	227500	3384.380722284317
91	-48.44	-48.44	-48.9	-12.354058	16.666082	36.585175	-64.84556	-12.354288	0.0	230000	3422.6733107566833
92	-47.04	-47.04	-49.3	-12.434187	16.696873	11.814661	-62.194763	-12.434142	0.0	232500	3459.5610501766205
93	-48.32	-48.32	-45.8	-12.481133	16.705011	11.08876	-62.85018	-12.481688	0.1	235000	3496.366482257843
94	-48.36	-48.36	-48.8	-12.486631	16.663754	10.8248415	-60.638367	-12.486671	0.0	237500	3533.3368821144104
95	-47.9	-47.9	-48.6	-12.478665	16.615921	11.985031	-69.48402	-12.478968	0.0	240000	3570.687016248703
96	-48.54	-48.54	-46.2	-12.443363	16.520592	10.709326	-61.774635	-12.4436	0.1	242500	3608.2547192573547
97	-48.72	-48.72	-46.8	-12.490011	16.55488	15.461044	-70.94779	-12.490695	0.1	245000	3645.092108488083
98	-47.94	-47.94	-49.7	-12.573741	16.592903	13.341061	-63.480526	-12.5735655	0.0	247500	3683.0834374427795
99	-47.88	-47.88	-48.8	-12.546816	16.566944	45.1379	-64.01613	-12.547382	0.0	250000	3720.0887727737427
100	-47.72	-47.72	-48.7	-12.604974	16.577225	40.13583	-63.094315	-12.60537	0.0	252500	3756.885082960129
101	-48.2	-48.2	-46.8	-12.653489	16.588634	9.520972	-63.3116	-12.653531	0.1	255000	3793.560547351837
102	-47.62	-47.62	-47.2	-12.733587	16.636934	14.976865	-66.54152	-12.734649	0.1	257500	3830.7069466114044
103	-48.14	-48.14	-44.8	-12.712601	16.615583	37.87254	-65.45317	-12.712899	0.1	260000	3867.58620929718
104	-47.0	-47.0	-42.3	-12.668454	16.552896	7.7687526	-62.459255	-12.668858	0.2	262500	3905.634391307831
105	-48.28	-48.28	-48.7	-12.726418	16.569983	25.133808	-71.28335	-12.726889	0.0	265000	3943.6779379844666
106	-46.6	-46.6	-47.7	-12.703515	16.543493	17.699528	-72.13848	-12.703049	0.0	267500	3982.053781747818
107	-47.7	-47.7	-41.5	-12.651662	16.472092	12.584203	-61.707134	-12.65237	0.2	270000	4019.124638557434
108	-45.86	-45.86	-46.9	-12.728596	16.49789	34.39997	-63.833622	-12.728879	0.1	272500	4055.6149196624756
109	-48.48	-48.48	-47.9	-12.732637	16.557114	20.8155	-62.171066	-12.733692	0.1	275000	4093.1077556610107
110	-48.18	-48.18	-45.600002	-12.9244375	16.667501	11.256037	-78.812675	-12.925415	0.3	277500	4131.069955587387
111	-47.62	-47.62	-48.3	-12.842837	16.616634	19.688688	-64.12556	-12.842637	0.0	280000	4169.499263286591
112	-48.74	-48.74	-44.8	-12.899008	16.67409	23.327612	-68.243744	-12.90007	0.1	282500	4207.0753083229065
113	-48.42	-48.42	-48.2	-12.94434	16.704475	33.501614	-62.805943	-12.944997	0.1	285000	4244.622110843658
114	-48.12	-48.12	-47.9	-12.894688	16.650036	26.109068	-66.40969	-12.894765	0.0	287500	4282.66659617424
115	-47.88	-47.88	-48.4	-12.990021	16.698036	30.634342	-67.53665	-12.990407	0.0	290000	4320.96693277359
116	-48.6	-48.6	-46.5	-13.101341	16.796045	24.071646	-65.07599	-13.101419	0.0	292500	4358.585817337036
117	-47.92	-47.92	-48.7	-13.139578	16.826931	17.764383	-70.22858	-13.139421	0.0	295000	4395.999214887619
118	-47.22	-47.22	-43.899998	-13.183971	16.852154	9.550765	-62.225548	-13.184331	0.3	297500	4433.889906167984
119	-47.28	-47.28	-44.100002	-13.165419	16.833433	14.177381	-70.72585	-13.1648655	0.1	300000	4470.8563351631165
120	-46.44	-46.44	-47.4	-13.219386	16.858253	10.067174	-69.96975	-13.219673	0.0	302500	4509.42137670517
121	-47.36	-47.36	-48.6	-13.289517	16.937464	9.256833	-64.07509	-13.290149	0.1	305000	4547.418265104294
122	-46.72	-46.72	-36.8	-13.27435	16.973795	26.906673	-69.80318	-13.274993	0.2	307500	4585.169882774353
123	-47.14	-47.14	-48.0	-13.25853	16.964079	19.37122	-71.73693	-13.258241	0.0	310000	4621.536560297012
124	-48.1	-48.1	-41.7	-13.2553215	16.96477	20.47558	-63.35884	-13.255036	0.3	312500	4658.920880794525
125	-47.1	-47.1	-40.5	-13.252805	16.976688	12.118984	-71.24499	-13.253964	0.3	315000	4695.7558653354645
126	-48.26	-48.26	-43.3	-13.27243	16.991066	11.6102085	-67.38412	-13.273014	0.1	317500	4732.803866386414
127	-47.7	-47.7	-43.7	-13.319188	16.995712	23.562841	-63.627453	-13.319708	0.0	320000	4770.292963504791
128	-47.84	-47.84	-44.3	-13.298524	17.010046	9.791354	-65.8422	-13.298321	0.0	322500	4807.3845002651215
129	-47.32	-47.32	-42.399998	-13.280275	17.007425	16.624023	-64.06588	-13.280459	0.2	325000	4845.688126564026
130	-46.14	-46.14	-44.0	-13.236522	16.95697	12.965231	-75.81301	-13.236506	0.2	327500	4883.104334354401
131	-47.14	-47.14	-44.7	-13.2235155	16.942774	12.338284	-62.11468	-13.223506	0.1	330000	4920.625063419342
132	-47.92	-47.92	-35.899998	-13.3199	16.996174	20.984903	-69.0687	-13.319217	0.5	332500	4958.6110932827
133	-47.14	-47.14	-47.5	-13.312001	17.025871	12.640286	-63.226795	-13.311771	0.1	335000	4997.024144649506
134	-46.78	-46.78	-45.100002	-13.294306	17.02101	38.84484	-68.0842	-13.294225	0.0	337500	5034.523169517517
135	-47.74	-47.74	-48.0	-13.314626	17.025522	14.558197	-67.22713	-13.314294	0.0	340000	5072.621629953384
136	-47.42	-47.42	-40.5	-13.2575035	16.974422	16.408415	-69.765465	-13.257266	0.1	342500	5110.72830581665
137	-47.4	-47.4	-43.0	-13.305062	17.002634	20.220385	-72.82632	-13.304704	0.3	345000	5148.967123270035
138	-47.32	-47.32	-45.100002	-13.301527	17.003893	14.823048	-72.40863	-13.301406	0.2	347500	5186.005030155182
139	-45.82	-45.82	-42.7	-13.3454275	17.037313	10.311648	-66.88194	-13.34521	0.3	350000	5223.035959720612
140	-48.36	-48.36	-42.899998	-13.329826	17.010645	13.985631	-69.18496	-13.329607	0.3	352500	5260.512646436691
141	-45.74	-45.74	-47.3	-13.300506	16.986126	11.752123	-76.339165	-13.300104	0.1	355000	5298.565711259842
142	-47.62	-47.62	-38.399998	-13.371263	17.036688	13.771292	-69.60355	-13.370654	0.2	357500	5336.594339847565
143	-47.38	-47.38	-45.399998	-13.271616	17.004242	15.477051	-63.44	-13.27083	0.0	360000	5374.077707529068
144	-46.54	-46.54	-38.5	-13.267803	17.017662	14.173729	-66.155136	-13.268213	0.5	362500	5411.175101041794
145	-47.9	-47.9	-39.8	-13.282541	17.037785	15.223935	-64.15507	-13.282158	0.3	365000	5449.412627696991
146	-47.86	-47.86	-45.899998	-13.277225	17.038063	14.179765	-68.041885	-13.276735	0.1	367500	5486.611029624939
147	-48.32	-48.32	-45.2	-13.28589	17.053164	14.089552	-69.26384	-13.285468	0.1	370000	5524.011150598526
148	-47.94	-47.94	-46.100002	-13.37768	17.114502	12.198184	-65.56463	-13.377686	0.2	372500	5561.420846939087
149	-47.24	-47.24	-38.5	-13.321905	17.089823	14.508058	-78.896675	-13.3217125	0.5	375000	5599.368306398392
150	-47.44	-47.44	-47.2	-13.290635	17.07938	60.34537	-69.14042	-13.290558	0.1	377500	5636.871071577072
151	-46.72	-46.72	-37.7	-13.397304	17.143913	22.574085	-68.36124	-13.396983	0.2	380000	5673.743038654327
152	-47.16	-47.16	-44.8	-13.35044	17.142235	48.408623	-66.24927	-13.349685	0.2	382500	5711.03800201416
153	-46.08	-46.08	-43.0	-13.390636	17.174665	13.098535	-76.11787	-13.3908615	0.1	385000	5748.5464634895325
154	-46.92	-46.92	-41.100002	-13.3586235	17.149593	49.944115	-64.6429	-13.358154	0.4	387500	5785.122846603394
155	-46.88	-46.88	-40.7	-13.444103	17.217941	21.659399	-72.78687	-13.44426	0.3	390000	5822.696996212006
156	-46.06	-46.06	-43.5	-13.37803	17.20872	47.27943	-70.5646	-13.3778105	0.3	392500	5860.039949178696
157	-45.36	-45.36	-40.899998	-13.386131	17.201725	24.579435	-71.42085	-13.38576	0.4	395000	5897.540239810944
158	-44.66	-44.66	-42.3	-13.395523	17.235966	40.085007	-74.136604	-13.395405	0.3	397500	5933.25107884407
159	-44.98	-44.98	-46.399998	-13.41838	17.230404	13.832521	-71.96367	-13.417941	0.1	400000	5970.246487379074
160	-46.16	-46.16	-44.3	-13.452999	17.2682	14.700862	-65.254456	-13.452951	0.2	402500	6007.4707844257355
161	-45.16	-45.16	-45.2	-13.47287	17.302536	12.663582	-66.086945	-13.47309	0.2	405000	6044.533364772797
162	-44.92	-44.92	-46.399998	-13.472601	17.274614	32.290966	-67.84817	-13.471746	0.1	407500	6081.7875916957855
163	-48.7	-48.7	-46.8	-13.450991	17.30677	27.59889	-64.75932	-13.450821	0.1	410000	6119.362014532089
164	-47.02	-47.02	-42.2	-13.449962	17.29774	30.398571	-65.100105	-13.4499855	0.2	412500	6157.458902597427
165	-45.7	-45.7	-42.3	-13.531028	17.336773	9.460989	-74.06579	-13.530561	0.2	415000	6195.8531229496
166	-46.8	-46.8	-47.6	-13.473004	17.319803	30.894825	-71.220604	-13.473069	0.0	417500	6232.775118112564
167	-47.04	-47.04	-45.8	-13.479149	17.332752	28.876083	-65.33882	-13.479084	0.1	420000	6270.742503166199
168	-45.34	-45.34	-43.0	-13.480321	17.334549	10.519852	-79.30771	-13.480217	0.3	422500	6308.379590749741
169	-46.7	-46.7	-41.2	-13.518827	17.329035	9.829364	-67.529144	-13.518699	0.3	425000	6345.012308835983
170	-46.3	-46.3	-43.5	-13.504656	17.333485	13.329072	-65.41787	-13.504829	0.2	427500	6382.493520498276
171	-47.1	-47.1	-44.0	-13.547565	17.418854	9.4113	-69.57261	-13.547366	0.3	430000	6420.623856782913
172	-45.38	-45.38	-38.8	-13.555737	17.412333	6.8188334	-68.15231	-13.5553665	0.4	432500	6457.636103153229
173	-46.54	-46.54	-47.9	-13.496533	17.407022	36.797928	-70.95364	-13.496893	0.1	435000	6495.265056848526
174	-48.16	-48.16	-49.1	-13.48147	17.385605	29.619843	-71.08321	-13.481332	0.0	437500	6532.875645875931
175	-46.02	-46.02	-37.8	-13.512262	17.38321	10.286356	-70.54624	-13.512389	0.2	440000	6570.507148742676
176	-44.88	-44.88	-44.0	-13.527788	17.37652	25.572985	-72.65159	-13.528304	0.2	442500	6607.8527755737305
177	-46.2	-46.2	-43.399998	-13.504731	17.401722	7.289379	-68.21413	-13.504686	0.2	445000	6646.527270317078
178	-47.58	-47.58	-48.4	-13.516474	17.419863	10.08778	-69.16888	-13.516535	0.1	447500	6684.388928413391
179	-43.92	-43.92	-41.2	-13.553331	17.41804	33.45378	-67.394	-13.553055	0.3	450000	6722.246205806732
180	-46.06	-46.06	-42.399998	-13.5310545	17.392954	19.435902	-70.11463	-13.530875	0.2	452500	6759.761031627655
181	-47.0	-47.0	-38.899998	-13.5860615	17.458324	8.270201	-80.5271	-13.586062	0.4	455000	6797.49934053421
182	-48.2	-48.2	-37.2	-13.513689	17.42799	8.394446	-71.10536	-13.513562	0.7	457500	6835.36074924469
183	-46.34	-46.34	-40.7	-13.520102	17.434013	26.049952	-69.37358	-13.519989	0.2	460000	6872.210237979889
184	-44.46	-44.46	-37.0	-13.522045	17.409191	22.73937	-74.09341	-13.521516	0.5	462500	6908.923681974411
185	-46.0	-46.0	-45.399998	-13.506519	17.40804	10.1616	-69.57385	-13.506767	0.2	465000	6946.471071481705
186	-45.74	-45.74	-44.5	-13.481016	17.401817	8.866477	-65.291336	-13.481102	0.2	467500	6984.211540937424
187	-48.02	-48.02	-40.600002	-13.509627	17.418762	9.875951	-73.37271	-13.509214	0.4	470000	7022.659979343414
188	-46.36	-46.36	-43.600002	-13.491792	17.393076	29.55464	-72.303734	-13.491586	0.2	472500	7058.853048086166
189	-48.24	-48.24	-34.600002	-13.463097	17.383204	12.936566	-78.221725	-13.462819	0.5	475000	7095.507708311081
190	-47.84	-47.84	-46.3	-13.472208	17.38095	7.3539457	-74.933624	-13.472032	0.3	477500	7131.648223161697
191	-47.84	-47.84	-43.2	-13.509566	17.405867	7.069847	-78.94634	-13.508967	0.0	480000	7169.310416698456
192	-47.1	-47.1	-41.5	-13.470663	17.388845	15.04147	-67.3327	-13.470102	0.2	482500	7207.09495973587
193	-47.06	-47.06	-35.8	-13.535088	17.450893	8.778187	-72.93879	-13.535386	0.4	485000	7245.1098392009735
194	-45.86	-45.86	-42.100002	-13.554785	17.45935	26.69887	-66.0469	-13.554478	0.2	487500	7282.611359357834
195	-46.46	-46.46	-40.2	-13.555759	17.443684	8.121288	-71.355125	-13.555111	0.3	490000	7321.678143262863
196	-44.9	-44.9	-43.3	-13.552191	17.456982	6.5936975	-72.87373	-13.5517025	0.2	492500	7360.979768753052
197	-46.94	-46.94	-42.899998	-13.5958805	17.472723	12.97876	-63.637352	-13.595394	0.3	495000	7399.030025243759
198	-48.52	-48.52	-46.9	-13.55286	17.451712	12.453669	-71.13995	-13.552783	0.0	497500	7437.794104814529
199	-45.48	-45.48	-46.100002	-13.58824	17.483532	11.9953575	-68.30764	-13.588553	0.1	500000	7475.1316068172455
200	-46.54	-46.54	-43.7	-13.605991	17.49307	12.5329	-69.64743	-13.606159	0.1	502500	7511.424270391464
201	-46.26	-46.26	-48.7	-13.639712	17.526453	13.103378	-68.86273	-13.640032	0.0	505000	7548.618525981903
202	-47.28	-47.28	-45.399998	-13.58223	17.512058	8.144636	-68.419495	-13.581857	0.2	507500	7586.4942264556885
203	-46.22	-46.22	-44.2	-13.5146	17.459763	11.091533	-80.530945	-13.514982	0.2	510000	7623.766829252243
204	-45.98	-45.98	-40.3	-13.563654	17.47704	38.907345	-64.32363	-13.563526	0.3	512500	7661.387693166733
205	-47.46	-47.46	-46.2	-13.510687	17.457664	14.527556	-66.76144	-13.510629	0.2	515000	7698.738769769669
206	-47.68	-47.68	-48.0	-13.565701	17.489075	12.300879	-68.281044	-13.565608	0.1	517500	7736.37478852272
207	-48.56	-48.56	-39.2	-13.59994	17.513872	8.985272	-65.09143	-13.599351	0.3	520000	7773.42165184021
208	-44.76	-44.76	-37.399998	-13.580809	17.524658	33.8801	-65.56053	-13.580791	0.4	522500	7811.247360944748
209	-46.14	-46.14	-41.899998	-13.592164	17.524187	20.97256	-71.146164	-13.592348	0.2	525000	7848.252037763596
210	-47.64	-47.64	-42.899998	-13.572957	17.48896	8.70738	-63.18653	-13.5731325	0.2	527500	7885.644493818283
211	-47.58	-47.58	-36.8	-13.5674	17.490555	22.515371	-69.7883	-13.567671	0.4	530000	7923.337237596512
212	-46.32	-46.32	-42.5	-13.588759	17.540886	13.237484	-71.70864	-13.588836	0.2	532500	7960.721181869507
213	-45.7	-45.7	-40.0	-13.512517	17.487482	7.1353354	-70.51768	-13.512532	0.4	535000	7998.612228631973
214	-46.86	-46.86	-39.3	-13.515175	17.497866	8.099905	-73.874146	-13.515329	0.2	537500	8036.246762514114
215	-47.06	-47.06	-45.3	-13.560466	17.53601	11.866399	-80.35746	-13.560191	0.2	540000	8074.505049705505
216	-47.58	-47.58	-41.8	-13.5937195	17.594746	7.8883047	-69.76499	-13.5934925	0.2	542500	8112.405343770981
217	-45.88	-45.88	-42.7	-13.618273	17.582794	20.15549	-66.160576	-13.618764	0.1	545000	8150.051943063736
218	-46.7	-46.7	-40.8	-13.573317	17.560032	5.542548	-69.16029	-13.573051	0.2	547500	8187.8260316848755
219	-47.26	-47.26	-41.0	-13.582439	17.591122	27.964127	-69.78564	-13.582644	0.2	550000	8224.547504901886
220	-46.2	-46.2	-41.0	-13.624093	17.617378	18.362545	-67.84117	-13.62391	0.3	552500	8261.51176905632
221	-46.4	-46.4	-47.6	-13.635594	17.598267	11.186222	-73.81984	-13.635604	0.1	555000	8298.577083826065
222	-46.52	-46.52	-47.6	-13.580739	17.575277	10.221579	-82.26034	-13.580657	0.1	557500	8335.982244968414
223	-48.14	-48.14	-43.3	-13.613153	17.60131	8.771586	-70.063126	-13.612923	0.1	560000	8373.579822778702
224	-46.82	-46.82	-43.899998	-13.625707	17.619286	9.929069	-68.59397	-13.625062	0.2	562500	8411.62361073494
225	-46.3	-46.3	-47.8	-13.623608	17.642809	21.010082	-67.78045	-13.623487	0.1	565000	8448.72575879097
226	-45.32	-45.32	-45.899998	-13.595256	17.612139	13.478645	-72.81206	-13.595608	0.1	567500	8485.357381105423
227	-47.58	-47.58	-45.2	-13.659827	17.684174	19.371714	-72.58737	-13.659149	0.0	570000	8522.064579248428
228	-48.06	-48.06	-40.600002	-13.642329	17.675457	14.200519	-67.01468	-13.642341	0.1	572500	8559.294013261795
229	-45.36	-45.36	-43.600002	-13.64941	17.669596	8.041123	-64.368004	-13.649994	0.1	575000	8596.54778766632
230	-48.44	-48.44	-44.0	-13.612945	17.636015	14.863509	-66.157646	-13.613157	0.4	577500	8633.274151086807
231	-45.94	-45.94	-40.3	-13.624449	17.632545	17.256367	-70.993004	-13.624511	0.2	580000	8671.082351922989
232	-46.74	-46.74	-41.7	-13.576068	17.602247	10.537599	-66.74147	-13.575956	0.0	582500	8708.950692892075
233	-47.4	-47.4	-46.399998	-13.664386	17.68512	7.117567	-71.05546	-13.664497	0.1	585000	8746.237503767014
234	-47.06	-47.06	-37.600002	-13.623292	17.628529	12.548342	-73.669044	-13.622935	0.3	587500	8784.206099748611
235	-46.24	-46.24	-44.600002	-13.598976	17.633465	13.245729	-69.82477	-13.598832	0.2	590000	8821.934840917587
236	-44.74	-44.74	-38.899998	-13.599926	17.652023	8.755994	-67.794716	-13.599893	0.2	592500	8859.437603473663
237	-46.32	-46.32	-39.399998	-13.57671	17.665117	10.924802	-71.945595	-13.577208	0.2	595000	8896.981230974197
238	-44.74	-44.74	-41.899998	-13.611924	17.675886	9.137709	-67.130455	-13.612014	0.1	597500	8934.234689474106
239	-46.58	-46.58	-47.7	-13.626824	17.66542	13.103991	-70.88706	-13.626959	0.1	600000	8971.229587078094
240	-45.88	-45.88	-41.899998	-13.643766	17.684912	9.358133	-72.79428	-13.644029	0.3	602500	9008.835923433304
241	-46.02	-46.02	-39.8	-13.588664	17.645021	9.770263	-67.68246	-13.588328	0.3	605000	9045.953119277954
242	-46.38	-46.38	-47.0	-13.607408	17.653637	10.156652	-65.31962	-13.607332	0.1	607500	9083.21790933609
243	-46.78	-46.78	-48.0	-13.630898	17.652023	17.246712	-63.22509	-13.630786	0.1	610000	9120.866463422775
244	-45.58	-45.58	-42.7	-13.677869	17.718801	14.725523	-68.15521	-13.6774435	0.2	612500	9158.134184837341
245	-46.08	-46.08	-43.5	-13.585969	17.668276	10.041026	-65.12565	-13.5860405	0.2	615000	9193.732030153275
246	-45.3	-45.3	-41.2	-13.615144	17.686502	13.527243	-72.26158	-13.615439	0.2	617500	9230.900812387466
247	-45.54	-45.54	-42.8	-13.578826	17.671665	16.951382	-63.500484	-13.578409	0.2	620000	9268.457473278046
248	-47.86	-47.86	-40.3	-13.615722	17.679884	6.185457	-67.62855	-13.6156845	0.2	622500	9305.656305551529
249	-48.7	-48.7	-42.3	-13.564126	17.659483	16.275322	-68.273674	-13.563821	0.3	625000	9342.291313409805
250	-46.36	-46.36	-36.2	-13.625013	17.668861	8.639079	-70.464035	-13.625008	0.4	627500	9379.187121391296
251	-46.56	-46.56	-46.9	-13.598366	17.686886	10.837953	-66.33668	-13.598276	0.1	630000	9415.684349775314
252	-47.26	-47.26	-46.7	-13.630387	17.720467	13.722179	-75.0961	-13.630342	0.1	632500	9452.561192035675
253	-47.32	-47.32	-44.399998	-13.615017	17.727621	15.953911	-66.66251	-13.615446	0.1	635000	9489.291326522827
254	-45.46	-45.46	-43.100002	-13.647131	17.781107	14.6589	-79.33467	-13.647117	0.2	637500	9525.505490779877
255	-46.62	-46.62	-44.600002	-13.615363	17.743225	10.937799	-62.778435	-13.615443	0.2	640000	9562.710295438766
256	-45.56	-45.56	-47.4	-13.547894	17.69324	15.982798	-70.89706	-13.548381	0.0	642500	9599.490753412247
257	-45.9	-45.9	-46.3	-13.551352	17.684778	13.177495	-69.06153	-13.5514765	0.1	645000	9638.635362148285
258	-46.66	-46.66	-46.399998	-13.561638	17.681204	15.179516	-65.187706	-13.561563	0.0	647500	9676.035385370255
259	-45.96	-45.96	-47.8	-13.608895	17.707539	15.08304	-67.0034	-13.608967	0.0	650000	9713.384748458862
260	-48.56	-48.56	-42.2	-13.544068	17.64672	20.63798	-66.80776	-13.544145	0.1	652500	9751.181960344315
261	-44.84	-44.84	-43.0	-13.519073	17.638634	16.635796	-81.80419	-13.519129	0.1	655000	9788.85995721817
262	-48.82	-48.82	-48.1	-13.563927	17.660084	15.194508	-65.65947	-13.564545	0.1	657500	9826.176583766937
263	-46.94	-46.94	-42.600002	-13.571705	17.65564	20.255777	-83.92764	-13.572058	0.2	660000	9864.104052782059
264	-48.26	-48.26	-43.3	-13.610078	17.659765	19.237608	-72.70177	-13.609908	0.2	662500	9902.154799461365
265	-47.3	-47.3	-48.8	-13.601138	17.66783	14.895723	-63.330647	-13.601141	0.0	665000	9939.810417890549
266	-47.36	-47.36	-39.399998	-13.60421	17.67358	10.692035	-63.91375	-13.604453	0.3	667500	9977.054164648056
267	-46.38	-46.38	-43.7	-13.625485	17.686478	25.099825	-67.30114	-13.625487	0.2	670000	10014.164075136185
268	-47.18	-47.18	-45.5	-13.61977	17.68771	12.134335	-66.137596	-13.619583	0.1	672500	10051.895102977753
269	-47.04	-47.04	-48.0	-13.593003	17.68243	9.031176	-80.89998	-13.593394	0.1	675000	10089.670835971832
270	-48.58	-48.58	-46.8	-13.644346	17.707682	15.102518	-67.38417	-13.643827	0.0	677500	10126.831830263138
271	-46.56	-46.56	-45.3	-13.608085	17.682955	13.502378	-70.0453	-13.608245	0.0	680000	10164.613806724548
272	-46.22	-46.22	-38.0	-13.555585	17.644512	15.841784	-62.093235	-13.555667	0.2	682500	10201.899399995804
273	-48.16	-48.16	-48.6	-13.627639	17.655087	20.524094	-67.909676	-13.627973	0.0	685000	10239.096727609634
274	-47.36	-47.36	-49.4	-13.606584	17.601744	11.075529	-68.07042	-13.60692	0.0	687500	10276.468354701996
275	-47.02	-47.02	-46.3	-13.621898	17.6239	12.526136	-63.681416	-13.622128	0.1	690000	10314.269188404083
276	-46.2	-46.2	-47.6	-13.605852	17.58922	7.162944	-72.81365	-13.606145	0.1	692500	10351.855587005615
277	-47.24	-47.24	-46.9	-13.616795	17.589989	19.289803	-69.19383	-13.6166525	0.0	695000	10389.111486196518
278	-47.66	-47.66	-41.399998	-13.616208	17.606989	30.07098	-72.86262	-13.616741	0.3	697500	10426.771533966064
279	-47.56	-47.56	-48.1	-13.665391	17.656824	19.941446	-68.7885	-13.665645	0.0	700000	10463.437530517578
280	-46.8	-46.8	-50.0	-13.655473	17.61526	12.689812	-70.129	-13.655493	0.0	702500	10501.119817733765
281	-47.74	-47.74	-49.5	-13.625822	17.590395	11.173793	-65.07058	-13.625768	0.0	705000	10538.69343328476
282	-47.94	-47.94	-46.8	-13.596082	17.566774	11.9311285	-62.220844	-13.595559	0.0	707500	10575.330712556839
283	-47.28	-47.28	-45.7	-13.667397	17.611923	12.608684	-72.37734	-13.667583	0.0	710000	10613.007359027863
284	-47.94	-47.94	-42.3	-13.622063	17.582918	13.610523	-64.167625	-13.621523	0.2	712500	10650.598013877869
285	-47.88	-47.88	-49.1	-13.647737	17.591066	12.833097	-63.62408	-13.647687	0.0	715000	10688.231413841248
286	-47.38	-47.38	-49.0	-13.688632	17.591352	17.486235	-65.069984	-13.688056	0.0	717500	10725.589568853378
287	-48.66	-48.66	-42.100002	-13.722597	17.577593	9.434679	-71.39754	-13.722678	0.3	720000	10763.48754286766
288	-46.28	-46.28	-43.600002	-13.666263	17.52636	14.6152115	-70.2163	-13.666302	0.1	722500	10800.705800294876
289	-45.66	-45.66	-46.0	-13.593994	17.447313	9.857834	-65.16694	-13.594021	0.1	725000	10838.291615009308
290	-46.82	-46.82	-41.399998	-13.626715	17.47776	19.94764	-63.721233	-13.62697	0.2	727500	10876.053193569183
291	-47.0	-47.0	-46.3	-13.687344	17.510242	11.642739	-86.19991	-13.687338	0.1	730000	10912.075988531113
292	-48.42	-48.42	-42.5	-13.652778	17.487978	22.072306	-67.19312	-13.653089	0.3	732500	10949.150807857513
293	-46.68	-46.68	-43.899998	-13.678888	17.517412	20.969608	-68.80966	-13.678988	0.0	735000	10986.039779424667
294	-48.08	-48.08	-39.2	-13.721651	17.54091	12.976223	-70.4254	-13.721355	0.3	737500	11024.810828208923
295	-49.28	-49.28	-46.7	-13.722689	17.537523	9.272326	-66.604195	-13.722311	0.1	740000	11062.070483446121
296	-45.42	-45.42	-47.3	-13.742489	17.543705	15.719671	-65.64989	-13.741744	0.0	742500	11098.36867570877
297	-47.08	-47.08	-46.3	-13.7320175	17.521223	13.8351145	-65.514305	-13.731841	0.0	745000	11135.607631206512
298	-47.2	-47.2	-41.7	-13.667964	17.477757	9.559553	-70.108215	-13.668087	0.3	747500	11172.37259221077
299	-47.52	-47.52	-39.3	-13.717539	17.505995	25.89848	-66.29248	-13.717975	0.3	750000	11210.166047096252
300	-48.42	-48.42	-45.399998	-13.715112	17.473429	15.610315	-92.12368	-13.714756	0.0	752500	11246.90933728218
301	-47.38	-47.38	-42.7	-13.730342	17.483177	19.883232	-71.78996	-13.7298355	0.3	755000	11284.132528305054
302	-47.76	-47.76	-42.8	-13.745613	17.4973	8.121334	-66.0847	-13.74538	0.1	757500	11321.033276557922
303	-45.92	-45.92	-48.0	-13.74547	17.516512	13.630817	-64.91958	-13.7450695	0.1	760000	11357.302703857422
304	-47.04	-47.04	-43.3	-13.769678	17.501299	10.4197645	-81.21531	-13.769479	0.3	762500	11395.251396417618
305	-47.04	-47.04	-33.3	-13.777829	17.49829	10.926896	-81.09651	-13.777795	0.4	765000	11432.348815202713
306	-46.52	-46.52	-45.8	-13.691926	17.459724	11.195068	-66.10673	-13.691786	0.0	767500	11469.474072933197
307	-46.84	-46.84	-46.0	-13.710231	17.460096	12.9071245	-62.698986	-13.709779	0.1	770000	11506.500370025635
308	-47.34	-47.34	-43.8	-13.716081	17.442299	12.4279	-69.35587	-13.715562	0.1	772500	11543.47546339035
309	-47.18	-47.18	-43.899998	-13.747061	17.461704	10.851682	-71.772865	-13.7464485	0.3	775000	11580.151849031448
310	-47.38	-47.38	-47.5	-13.7048645	17.434141	9.185528	-73.871284	-13.704587	0.0	777500	11617.47950220108
311	-47.98	-47.98	-43.100002	-13.72511	17.445755	12.73461	-91.15456	-13.725252	0.3	780000	11655.28395986557
312	-46.78	-46.78	-38.100002	-13.692438	17.413437	8.628027	-69.777435	-13.691567	0.5	782500	11693.176639080048
313	-44.86	-44.86	-42.899998	-13.641513	17.388407	10.290634	-69.99598	-13.640909	0.0	785000	11730.583781003952
314	-46.52	-46.52	-43.399998	-13.629512	17.35016	16.685965	-89.03115	-13.628949	0.1	787500	11768.177139043808
315	-45.48	-45.48	-36.100002	-13.664997	17.37824	8.508345	-76.55747	-13.664679	0.3	790000	11806.121850728989
316	-47.26	-47.26	-44.399998	-13.711434	17.420801	14.239413	-67.40005	-13.710745	0.3	792500	11844.389974594116
317	-46.32	-46.32	-48.9	-13.692662	17.38224	18.052055	-66.65803	-13.692357	0.0	795000	11882.736986875534
318	-48.2	-48.2	-45.899998	-13.678179	17.402773	12.726553	-90.69842	-13.678225	0.1	797500	11919.39445400238
319	-45.08	-45.08	-40.399998	-13.710496	17.415543	14.608968	-62.41172	-13.710344	0.2	800000	11956.671705722809
320	-45.34	-45.34	-48.8	-13.708963	17.435118	17.542774	-79.73574	-13.708669	0.1	802500	11994.01017165184
321	-45.52	-45.52	-47.2	-13.670496	17.392447	12.699956	-64.97801	-13.670139	0.0	805000	12031.748907327652
322	-46.36	-46.36	-46.2	-13.720179	17.436295	13.121194	-65.824776	-13.720214	0.0	807500	12067.924477100372
323	-46.1	-46.1	-44.899998	-13.732508	17.451202	16.946877	-70.59862	-13.732485	0.3	810000	12104.206323385239
324	-46.58	-46.58	-43.2	-13.755225	17.422812	19.4839	-69.57837	-13.754445	0.2	812500	12141.498492956161
325	-47.38	-47.38	-48.3	-13.738822	17.429857	7.728071	-70.85272	-13.738252	0.1	815000	12178.978325366974
326	-45.08	-45.08	-45.3	-13.714898	17.408886	13.587706	-75.495224	-13.714836	0.1	817500	12216.969274520874
327	-46.68	-46.68	-38.2	-13.747837	17.434303	16.060402	-66.34697	-13.747644	0.2	820000	12253.782618761063
328	-45.14	-45.14	-45.399998	-13.794389	17.471876	12.427605	-79.83806	-13.793988	0.2	822500	12291.477623701096
329	-46.1	-46.1	-41.600002	-13.709146	17.427803	10.375132	-75.348694	-13.7088375	0.1	825000	12328.740064620972
330	-46.72	-46.72	-40.3	-13.7746725	17.467283	18.261518	-69.76507	-13.773788	0.2	827500	12366.183720111847
331	-47.12	-47.12	-42.3	-13.777588	17.480278	23.468725	-77.02615	-13.777757	0.2	830000	12402.151157140732
332	-46.58	-46.58	-40.899998	-13.742927	17.463234	16.438433	-68.58521	-13.743269	0.3	832500	12439.80029797554
333	-45.92	-45.92	-41.899998	-13.767946	17.449047	17.357784	-69.11938	-13.767618	0.1	835000	12477.169696092606
334	-46.36	-46.36	-43.399998	-13.734923	17.424665	18.0555	-70.03043	-13.734345	0.2	837500	12514.669369220734
335	-46.32	-46.32	-46.3	-13.751886	17.407795	15.271736	-68.62611	-13.752151	0.0	840000	12551.188039779663
336	-46.38	-46.38	-47.7	-13.724638	17.404266	10.64528	-82.14067	-13.724185	0.0	842500	12588.59486746788
337	-47.42	-47.42	-45.3	-13.783556	17.45759	14.165887	-64.13987	-13.784006	0.2	845000	12626.162134170532
338	-45.26	-45.26	-35.7	-13.851129	17.523256	11.305775	-74.61667	-13.851116	0.5	847500	12663.892446279526
339	-44.06	-44.06	-39.3	-13.832322	17.516705	9.4326	-68.667465	-13.831884	0.3	850000	12701.25380563736
340	-46.68	-46.68	-40.7	-13.829508	17.50333	10.55846	-71.90858	-13.829036	0.2	852500	12739.547414541245
341	-45.46	-45.46	-43.100002	-13.834135	17.510956	28.55348	-69.29691	-13.834068	0.0	855000	12776.917525291443
342	-45.72	-45.72	-44.8	-13.779945	17.507463	9.619333	-69.36641	-13.7797	0.2	857500	12813.761733293533
343	-46.26	-46.26	-39.899998	-13.779898	17.457235	9.070983	-76.4416	-13.779221	0.1	860000	12849.871449708939
344	-48.14	-48.14	-40.8	-13.801614	17.470081	18.195127	-72.22345	-13.801426	0.2	862500	12886.805024385452
345	-47.0	-47.0	-45.5	-13.80192	17.468634	36.770588	-70.93156	-13.801901	0.2	865000	12925.011990308762
346	-43.32	-43.32	-44.899998	-13.819323	17.44814	12.363423	-71.2047	-13.819384	0.1	867500	12961.841045856476
347	-43.56	-43.56	-43.5	-13.823146	17.462933	22.321995	-75.368065	-13.823087	0.2	870000	12999.421861410141
348	-47.44	-47.44	-46.100002	-13.814729	17.471098	12.406678	-69.19415	-13.81467	0.1	872500	13036.168596982956
349	-46.24	-46.24	-39.2	-13.832225	17.465574	11.26351	-71.06848	-13.831757	0.2	875000	13073.08102440834
350	-46.12	-46.12	-44.0	-13.856246	17.459532	12.156126	-79.45736	-13.856897	0.1	877500	13110.732845544815
351	-45.88	-45.88	-48.2	-13.874025	17.526169	14.605735	-82.43591	-13.874192	0.1	880000	13148.803768634796
352	-47.22	-47.22	-43.2	-13.88642	17.51147	11.600706	-69.39407	-13.886257	0.2	882500	13185.824674606323
353	-46.8	-46.8	-41.0	-13.894741	17.510601	23.524054	-74.17129	-13.894432	0.1	885000	13222.80954360962
354	-45.64	-45.64	-37.2	-13.941465	17.512608	10.75269	-82.40472	-13.941355	0.4	887500	13259.6603474617
355	-45.08	-45.08	-39.5	-13.904703	17.494349	11.751998	-83.318344	-13.904646	0.2	890000	13295.914984464645
356	-46.9	-46.9	-45.100002	-13.900414	17.477013	23.626083	-91.16014	-13.8997555	0.1	892500	13332.769294023514
357	-47.46	-47.46	-41.2	-13.845968	17.472294	18.412405	-79.4856	-13.846412	0.1	895000	13369.536499500275
358	-46.2	-46.2	-44.3	-13.927843	17.505829	7.460533	-72.76897	-13.927761	0.2	897500	13407.522275447845
359	-44.92	-44.92	-40.3	-13.914798	17.516836	19.738722	-70.64549	-13.91504	0.3	900000	13445.81340765953
360	-46.42	-46.42	-45.0	-13.951583	17.529594	11.848515	-71.01725	-13.952092	0.2	902500	13483.712124824524
361	-46.26	-46.26	-41.3	-13.878901	17.492266	34.04364	-70.94129	-13.878962	0.2	905000	13521.289677381516
362	-45.46	-45.46	-40.899998	-13.86958	17.503765	8.550251	-69.869736	-13.86983	0.3	907500	13558.79299378395
363	-47.1	-47.1	-45.600002	-13.851433	17.496136	7.9349165	-70.044	-13.851375	0.0	910000	13596.593203306198
364	-45.96	-45.96	-39.399998	-13.7976265	17.426924	16.053434	-67.34719	-13.797639	0.4	912500	13633.780460119247
365	-45.94	-45.94	-42.7	-13.797243	17.432077	23.67906	-73.36824	-13.797389	0.3	915000	13670.814238071442
366	-46.42	-46.42	-45.899998	-13.793808	17.41826	15.7235985	-66.45451	-13.794226	0.1	917500	13708.101985931396
367	-47.34	-47.34	-44.5	-13.815759	17.439222	13.266863	-69.958336	-13.814966	0.0	920000	13744.931967258453
368	-45.74	-45.74	-43.2	-13.786452	17.439077	27.871254	-72.188034	-13.786192	0.2	922500	13782.317923307419
369	-45.12	-45.12	-34.7	-13.766828	17.433165	25.478567	-88.53524	-13.766909	0.4	925000	13819.881560564041
370	-46.04	-46.04	-37.0	-13.742838	17.425592	18.060339	-69.87181	-13.743029	0.2	927500	13857.067342281342
371	-47.0	-47.0	-37.8	-13.769117	17.409767	13.605322	-66.0493	-13.769047	0.4	930000	13893.975103378296
372	-45.94	-45.94	-46.8	-13.812745	17.462017	23.842392	-70.91099	-13.812239	0.0	932500	13931.25694346428
373	-43.88	-43.88	-43.3	-13.842469	17.4731	15.783031	-71.28068	-13.842385	0.1	935000	13967.783024072647
374	-44.92	-44.92	-45.100002	-13.884554	17.514885	14.7104435	-67.80673	-13.884441	0.1	937500	14005.183063030243
375	-44.28	-44.28	-39.5	-13.801705	17.478603	25.787779	-69.103584	-13.80145	0.3	940000	14042.294702768326
376	-46.28	-46.28	-39.8	-13.793125	17.46923	24.504036	-72.727715	-13.793337	0.1	942500	14080.174158096313
377	-45.08	-45.08	-42.899998	-13.828541	17.490797	15.942334	-70.66795	-13.828648	0.2	945000	14116.25121498108
378	-45.52	-45.52	-37.600002	-13.815683	17.468948	9.877934	-70.72099	-13.815631	0.1	947500	14152.565459012985
379	-44.58	-44.58	-42.100002	-13.753488	17.42044	13.457939	-78.85528	-13.753751	0.1	950000	14189.122604131699
380	-47.4	-47.4	-36.100002	-13.713912	17.366405	13.334007	-72.925385	-13.714442	0.3	952500	14226.97338628769
381	-46.4	-46.4	-47.4	-13.731232	17.379942	22.070515	-69.923965	-13.731381	0.0	955000	14264.746371269226
382	-45.18	-45.18	-44.2	-13.785875	17.463081	12.123983	-77.94893	-13.786079	0.1	957500	14302.326517343521
383	-46.1	-46.1	-35.3	-13.74528	17.42204	16.223194	-83.9552	-13.745326	0.3	960000	14339.666002511978
384	-46.82	-46.82	-46.0	-13.777645	17.448116	41.464165	-78.04577	-13.777802	0.0	962500	14377.316115140915
385	-45.72	-45.72	-43.600002	-13.764969	17.474598	22.04492	-74.91118	-13.764716	0.1	965000	14415.427378416061
386	-45.7	-45.7	-42.600002	-13.747888	17.43859	8.933125	-76.16864	-13.748136	0.1	967500	14453.030547380447
387	-44.64	-44.64	-42.600002	-13.769415	17.462456	14.149486	-83.93003	-13.769707	0.3	970000	14490.335571527481
388	-46.58	-46.58	-45.2	-13.6983	17.450857	8.480516	-70.28691	-13.698136	0.1	972500	14528.515137910843
389	-47.64	-47.64	-44.7	-13.763667	17.469446	39.983902	-86.04194	-13.7639065	0.2	975000	14565.259630441666
390	-46.34	-46.34	-46.0	-13.768746	17.460423	16.447395	-77.864944	-13.768747	0.0	977500	14602.443047761917
391	-48.06	-48.06	-45.100002	-13.779615	17.483482	11.304798	-79.36772	-13.779418	0.2	980000	14639.544914484024
392	-44.76	-44.76	-40.3	-13.772959	17.488153	10.169821	-78.53987	-13.772879	0.4	982500	14677.602044582367
393	-46.56	-46.56	-47.0	-13.787623	17.490526	24.208843	-68.16126	-13.787593	0.1	985000	14715.807460546494
394	-46.04	-46.04	-41.100002	-13.814531	17.491356	13.296762	-76.602234	-13.814854	0.4	987500	14753.693670272827
395	-46.32	-46.32	-41.8	-13.845755	17.533121	16.995504	-74.96762	-13.846017	0.3	990000	14791.817795038223
396	-45.88	-45.88	-39.0	-13.823788	17.537539	35.299545	-70.183	-13.823285	0.4	992500	14829.637871026993
397	-47.1	-47.1	-44.8	-13.802133	17.502844	14.424899	-66.20697	-13.802224	0.1	995000	14868.008021593094
398	-46.6	-46.6	-40.600002	-13.788946	17.522207	17.316317	-71.42945	-13.788932	0.1	997500	14905.680812835693
399	-47.04	-47.04	-38.0	-13.815388	17.554895	9.215236	-72.44907	-13.815252	0.3	1000000	14942.847673416138
400	-46.62	-46.62	-45.399998	-13.87095	17.568022	34.022396	-65.28071	-13.8709755	0.2	1002500	14980.953620672226
401	-46.0	-46.0	-38.100002	-13.815079	17.513086	21.973272	-84.55473	-13.815113	0.4	1005000	15017.643430709839
402	-45.98	-45.98	-45.0	-13.914588	17.57616	10.903351	-68.6201	-13.914839	0.2	1007500	15054.982164859772
403	-45.72	-45.72	-43.899998	-13.881915	17.57987	23.627293	-67.657005	-13.882502	0.2	1010000	15092.330635786057
404	-46.74	-46.74	-41.5	-13.8720665	17.553045	20.421505	-74.79864	-13.871741	0.2	1012500	15128.930552721024
405	-47.22	-47.22	-43.600002	-13.88984	17.56203	29.968327	-65.85782	-13.890256	0.1	1015000	15165.975253582
406	-45.74	-45.74	-45.100002	-13.821934	17.555874	19.737576	-65.903496	-13.82227	0.0	1017500	15202.856708526611
407	-46.34	-46.34	-34.5	-13.80342	17.530968	17.677717	-95.7164	-13.803139	0.5	1020000	15240.594021320343
408	-44.7	-44.7	-39.3	-13.800776	17.525412	28.226557	-80.14549	-13.801172	0.4	1022500	15277.75570654869
409	-44.56	-44.56	-38.899998	-13.888986	17.569054	10.54808	-65.231224	-13.889254	0.3	1025000	15316.616074323654
410	-45.36	-45.36	-40.2	-13.878888	17.594952	24.917995	-78.57698	-13.878901	0.4	1027500	15353.659333705902
411	-47.14	-47.14	-33.3	-13.906045	17.598873	22.2196	-76.28853	-13.905805	0.5	1030000	15392.048555135727
412	-45.96	-45.96	-43.2	-13.894312	17.606686	12.500763	-80.711525	-13.894272	0.1	1032500	15430.467032194138
413	-47.08	-47.08	-38.100002	-13.86645	17.578814	14.755186	-69.30262	-13.866462	0.3	1035000	15466.69072341919
414	-44.78	-44.78	-42.399998	-13.897757	17.58712	19.989826	-67.09138	-13.898443	0.2	1037500	15503.346864938736
415	-45.16	-45.16	-41.600002	-13.904229	17.5864	23.410097	-68.285965	-13.903679	0.2	1040000	15539.206648111343
416	-43.24	-43.24	-47.4	-13.892982	17.597021	17.328243	-73.97259	-13.893065	0.2	1042500	15575.137373447418
417	-46.8	-46.8	-39.3	-13.851357	17.602575	19.558207	-73.76558	-13.851348	0.2	1045000	15612.53431892395
418	-45.78	-45.78	-38.2	-13.884328	17.637348	19.593397	-68.00076	-13.884779	0.3	1047500	15648.604345083237
419	-46.44	-46.44	-36.2	-13.822695	17.605892	18.04506	-80.05367	-13.823137	0.5	1050000	15684.549551963806
420	-44.76	-44.76	-34.8	-13.891563	17.61326	25.729412	-85.72835	-13.891735	0.4	1052500	15719.979725599289
421	-46.92	-46.92	-42.2	-13.829733	17.580883	21.375938	-80.741325	-13.8300495	0.3	1055000	15755.433773756027
422	-45.98	-45.98	-40.3	-13.805954	17.580063	18.521275	-76.41905	-13.805584	0.3	1057500	15790.522795677185
423	-46.82	-46.82	-37.8	-13.85429	17.612562	19.7402	-85.22002	-13.854018	0.5	1060000	15826.317182302475
424	-46.52	-46.52	-44.399998	-13.893583	17.627924	13.237024	-67.52707	-13.892985	0.1	1062500	15861.726677417755
425	-45.36	-45.36	-41.899998	-13.9159565	17.627674	19.357477	-67.17807	-13.916358	0.2	1065000	15897.495208263397
426	-44.96	-44.96	-44.100002	-13.880154	17.619047	10.913288	-70.3459	-13.879785	0.3	1067500	15933.399814128876
427	-44.0	-44.0	-42.5	-13.885076	17.641935	11.052535	-71.93915	-13.885279	0.3	1070000	15969.57295870781
428	-47.54	-47.54	-41.399998	-13.9843645	17.7135	15.164108	-78.60633	-13.984034	0.0	1072500	16006.182747840881
429	-46.2	-46.2	-43.3	-13.944454	17.701792	18.962105	-70.165	-13.944539	0.2	1075000	16041.891172409058
430	-47.22	-47.22	-37.7	-13.974148	17.694788	16.30183	-68.75978	-13.973983	0.3	1077500	16078.4103140831
431	-45.44	-45.44	-39.8	-13.906487	17.670034	18.417162	-77.06201	-13.906877	0.4	1080000	16115.8293364048
432	-46.74	-46.74	-39.899998	-13.927437	17.706156	12.359804	-83.2483	-13.927487	0.3	1082500	16151.391318559647
433	-46.34	-46.34	-42.5	-13.955625	17.75342	25.206577	-68.13631	-13.955652	0.2	1085000	16187.419373512268
434	-46.34	-46.34	-44.7	-13.929588	17.770672	23.005533	-86.88761	-13.929058	0.1	1087500	16222.991156578064
435	-45.64	-45.64	-41.899998	-13.946884	17.770117	32.31523	-64.62781	-13.947114	0.3	1090000	16258.546256542206
436	-46.58	-46.58	-42.0	-13.885781	17.755064	26.390982	-79.62053	-13.885767	0.2	1092500	16294.357889652252
437	-45.78	-45.78	-45.0	-13.964911	17.762548	21.902163	-64.72391	-13.96455	0.1	1095000	16329.619508504868
438	-46.7	-46.7	-40.100002	-14.001297	17.778408	27.089563	-80.0669	-14.000917	0.2	1097500	16365.272380828857
439	-45.26	-45.26	-39.5	-14.009897	17.783907	12.027987	-67.40955	-14.0100765	0.4	1100000	16401.145990133286
440	-45.98	-45.98	-46.3	-13.994581	17.815956	18.938564	-78.86893	-13.994727	0.1	1102500	16436.687069892883
441	-46.12	-46.12	-42.399998	-13.931553	17.785204	14.751817	-74.792854	-13.931542	0.2	1105000	16472.751121997833
442	-44.14	-44.14	-45.100002	-13.979148	17.83857	12.365012	-64.99883	-13.978944	0.1	1107500	16509.749902248383
443	-46.02	-46.02	-44.100002	-13.977252	17.798769	14.741526	-76.97106	-13.977337	0.1	1110000	16546.976179122925
444	-44.94	-44.94	-46.2	-14.011666	17.807247	17.143818	-74.18937	-14.011415	0.1	1112500	16584.273802757263
445	-46.24	-46.24	-41.0	-14.054489	17.801888	11.436834	-69.19222	-14.053946	0.3	1115000	16622.103967666626
446	-44.6	-44.6	-44.7	-14.045768	17.810987	45.462498	-71.29913	-14.0457115	0.1	1117500	16658.92689037323
447	-47.82	-47.82	-40.0	-14.001434	17.818935	23.396624	-74.32449	-14.001378	0.3	1120000	16695.83655667305
448	-46.7	-46.7	-44.899998	-13.973296	17.829723	12.758057	-84.95283	-13.972924	0.2	1122500	16733.25448870659
449	-47.34	-47.34	-43.3	-14.018993	17.84277	25.015285	-66.382454	-14.01919	0.3	1125000	16769.76282954216
450	-45.68	-45.68	-39.7	-13.971065	17.812693	15.686283	-74.622025	-13.97099	0.2	1127500	16806.456025123596
451	-46.16	-46.16	-43.8	-13.969494	17.824234	13.5005455	-67.835945	-13.969213	0.3	1130000	16843.950860738754
452	-45.66	-45.66	-37.8	-13.98069	17.846205	12.528782	-79.7847	-13.98038	0.3	1132500	16880.17115163803
453	-46.38	-46.38	-43.3	-13.923472	17.80707	9.449223	-80.594925	-13.9235115	0.2	1135000	16916.790947675705
454	-44.08	-44.08	-47.1	-14.015064	17.874567	18.576778	-67.90178	-14.014515	0.1	1137500	16955.581384181976
455	-46.8	-46.8	-47.0	-14.008575	17.864273	17.249966	-73.852875	-14.008	0.0	1140000	16992.37685775757
456	-44.94	-44.94	-43.2	-14.001908	17.87758	33.854565	-71.8942	-14.001775	0.1	1142500	17029.03313779831
457	-47.5	-47.5	-44.399998	-14.044366	17.890759	17.089901	-89.14601	-14.044314	0.1	1145000	17065.56668663025
458	-46.32	-46.32	-39.3	-14.093772	17.950521	18.156364	-66.05498	-14.093412	0.3	1147500	17102.17452287674
459	-44.92	-44.92	-43.5	-14.048104	17.918352	12.206486	-87.8323	-14.047439	0.2	1150000	17138.341324090958
460	-45.46	-45.46	-40.3	-14.076644	17.940985	17.70884	-102.4214	-14.076881	0.4	1152500	17174.460556268692
461	-47.16	-47.16	-45.399998	-13.9929495	17.888369	22.07724	-68.22333	-13.992929	0.0	1155000	17210.241275787354
462	-45.28	-45.28	-38.3	-14.0465	17.920723	19.263443	-79.198746	-14.046491	0.4	1157500	17246.93084526062
463	-47.96	-47.96	-46.3	-14.058295	17.947538	38.005844	-79.07163	-14.058094	0.1	1160000	17283.008781909943
464	-46.02	-46.02	-47.6	-14.092324	17.93205	11.1892	-78.31734	-14.092109	0.1	1162500	17319.13015270233
465	-47.36	-47.36	-47.0	-14.103272	17.934782	13.331089	-66.99589	-14.103602	0.2	1165000	17354.6250770092
466	-44.22	-44.22	-45.5	-14.069757	17.924675	15.943588	-71.87805	-14.069304	0.0	1167500	17390.34105181694
467	-46.48	-46.48	-46.2	-14.070469	17.916817	33.608482	-69.48217	-14.070602	0.1	1170000	17427.159306049347
468	-45.42	-45.42	-40.2	-14.0989685	17.934698	18.512024	-78.74026	-14.098576	0.2	1172500	17462.42803955078
469	-45.78	-45.78	-50.0	-14.049624	17.906147	19.613483	-65.250404	-14.049442	0.0	1175000	17498.035869836807
470	-47.34	-47.34	-45.5	-14.066502	17.907034	34.748672	-67.03003	-14.066118	0.1	1177500	17533.905307531357
471	-44.2	-44.2	-44.0	-14.088457	17.903208	24.031282	-75.110306	-14.087936	0.0	1180000	17569.980417966843
472	-42.6	-42.6	-43.399998	-14.077282	17.951017	9.148886	-68.4908	-14.0775585	0.2	1182500	17606.57038617134
473	-44.96	-44.96	-45.399998	-14.054705	17.913103	16.320377	-77.034134	-14.054569	0.1	1185000	17642.59533047676
474	-45.98	-45.98	-48.1	-14.035802	17.903948	20.44909	-81.4002	-14.035295	0.0	1187500	17678.1598508358
475	-46.66	-46.66	-43.399998	-14.053618	17.944355	10.750679	-78.83588	-14.053903	0.2	1190000	17714.129506111145
476	-46.88	-46.88	-44.0	-14.057591	17.940563	21.058537	-70.05482	-14.057154	0.2	1192500	17751.249298095703
477	-46.14	-46.14	-44.8	-14.050008	17.933397	19.970009	-69.28135	-14.050373	0.1	1195000	17787.925132274628
478	-47.26	-47.26	-44.100002	-13.979612	17.903547	14.384805	-72.88045	-13.978979	0.0	1197500	17824.06455039978
479	-46.74	-46.74	-47.9	-14.01113	17.914047	12.128101	-67.2792	-14.0105505	0.0	1200000	17860.0979950428
480	-45.62	-45.62	-42.7	-14.073608	17.944113	29.303867	-78.80114	-14.073758	0.2	1202500	17895.303112745285
481	-47.06	-47.06	-38.3	-14.089042	17.970303	22.807426	-63.473873	-14.089066	0.3	1205000	17930.675930976868
482	-46.92	-46.92	-50.0	-14.076905	17.952461	24.638557	-70.14178	-14.076835	0.0	1207500	17963.817723751068
483	-45.8	-45.8	-45.2	-14.112688	17.983246	11.713873	-79.946075	-14.11221	0.1	1210000	17996.67229628563
484	-45.84	-45.84	-40.8	-14.08283	17.934044	10.352623	-71.96445	-14.083242	0.3	1212500	18029.064339399338
485	-46.32	-46.32	-33.3	-14.017771	17.905596	36.269363	-72.08556	-14.017482	0.3	1215000	18061.308387994766
486	-46.64	-46.64	-47.1	-14.071734	17.941803	24.98773	-68.43077	-14.071417	0.0	1217500	18092.31346845627
487	-44.34	-44.34	-44.600002	-14.075821	17.94167	11.970817	-67.2596	-14.07561	0.0	1220000	18121.738572835922
488	-44.16	-44.16	-49.3	-14.02775	17.935364	19.781397	-70.05698	-14.027832	0.0	1222500	18151.043355464935
489	-46.28	-46.28	-47.6	-13.958125	17.886248	21.378277	-71.8088	-13.957807	0.1	1225000	18177.923642396927
490	-47.42	-47.42	-42.399998	-14.009855	17.918623	12.457545	-66.64953	-14.009978	0.1	1227500	18204.943716287613
491	-47.84	-47.84	-45.3	-14.025813	17.930338	26.843735	-69.782265	-14.025728	0.2	1230000	18231.338850021362
492	-46.02	-46.02	-42.8	-14.003233	17.923943	10.286195	-66.02611	-14.0032	0.2	1232500	18257.519080638885
493	-45.44	-45.44	-43.2	-13.993159	17.933638	32.94482	-70.00492	-13.993342	0.2	1235000	18283.751714229584
494	-47.44	-47.44	-44.899998	-13.976518	17.872076	30.066824	-71.842	-13.976024	0.0	1237500	18307.384101867676
495	-47.3	-47.3	-36.899998	-14.0381975	17.92176	24.501442	-74.013794	-14.038468	0.2	1240000	18327.17470431328
496	-42.54	-42.54	-44.7	-14.043161	17.921183	23.76006	-70.515785	-14.043168	0.2	1242500	18346.700417280197
497	-46.94	-46.94	-48.4	-14.09252	17.943682	16.969156	-77.752785	-14.092354	0.0	1245000	18366.734510183334
498	-45.04	-45.04	-43.2	-14.043187	17.919859	29.962019	-67.545746	-14.043103	0.2	1247500	18389.158732414246
499	-45.18	-45.18	-41.5	-14.051242	17.958345	22.098545	-67.1482	-14.051523	0.1	1250000	18411.35463285446
