Epoch	EpRet	EpRealRet	TestEpRet	AverageQ1	StdQ1	MaxQ1	MinQ1	Q2	TestSuccess	TotalEnvInteracts	TotalTime
0	-44.0	-44.0	-50.0	-1.40558	2.922186	1.6859235	-19.838697	nan	0.0	2500	43.48192882537842
1	-46.0	-46.0	-45.0	-2.863081	6.4139824	0.9859552	-39.161793	nan	0.1	5000	105.64374494552612
2	-46.0	-46.0	-45.0	-3.63738	8.096228	5.0495796	-180.16429	nan	0.1	7500	171.91236662864685
3	-45.76	-45.76	-50.0	-4.517951	9.988184	1.8376074	-52.918865	nan	0.0	10000	237.6820387840271
4	-48.1	-48.1	-40.0	-5.213065	11.393035	1.6961068	-55.27216	nan	0.2	12500	301.9480299949646
5	-48.0	-48.0	-50.0	-5.608071	12.24117	3.3217182	-55.92965	nan	0.0	15000	366.7549133300781
6	-48.0	-48.0	-50.0	-5.699382	12.576299	2.3930666	-56.89154	nan	0.0	17500	431.27467370033264
7	-49.0	-49.0	-50.0	-5.5804267	12.444202	3.5740921	-63.990887	nan	0.0	20000	494.1109540462494
8	-48.0	-48.0	-45.0	-5.892092	12.823564	3.003269	-58.46547	nan	0.1	22500	554.9765348434448
9	-48.0	-48.0	-45.0	-6.009165	13.086732	3.0387645	-57.07686	nan	0.1	25000	616.5763823986053
10	-48.74	-48.74	-50.0	-6.2248564	13.482967	2.8102887	-55.780838	nan	0.0	27500	678.3211133480072
11	-45.94	-45.94	-45.0	-6.320334	13.678791	4.90599	-54.148438	nan	0.1	30000	740.9679398536682
12	-49.0	-49.0	-50.0	-5.828758	12.801921	2.6001992	-53.92677	nan	0.0	32500	804.3505234718323
13	-47.0	-47.0	-44.399998	-6.157311	13.276653	2.8855531	-56.120888	nan	0.1	35000	867.06946849823
14	-48.86	-48.86	-45.0	-6.3007603	13.524089	2.517556	-53.592285	nan	0.1	37500	929.5918409824371
15	-45.0	-45.0	-50.0	-6.436071	13.698729	3.1483276	-55.836018	nan	0.0	40000	992.068514585495
16	-45.7	-45.7	-50.0	-6.173483	13.238198	4.8388023	-55.010197	nan	0.0	42500	1055.525398015976
17	-47.0	-47.0	-45.0	-6.2997518	13.4641485	3.4785945	-58.02082	nan	0.1	45000	1118.0239961147308
18	-45.86	-45.86	-50.0	-6.35708	13.655896	4.1711545	-58.0616	nan	0.0	47500	1181.6219589710236
19	-49.0	-49.0	-50.0	-6.3856854	13.681797	3.0636175	-54.463326	nan	0.0	50000	1245.2163379192352
20	-48.0	-48.0	-50.0	-6.452176	13.7557	3.0026033	-54.553528	nan	0.0	52500	1306.997100353241
21	-46.0	-46.0	-50.0	-6.505776	13.76403	5.3430324	-56.162277	nan	0.0	55000	1369.6515185832977
22	-49.84	-49.84	-34.7	-6.5922093	13.977179	3.237649	-59.12585	nan	0.2	57500	1432.2306025028229
23	-47.54	-47.54	-50.0	-6.7674823	14.326167	4.1651797	-61.515457	nan	0.0	60000	1494.0956270694733
24	-43.76	-43.76	-45.0	-6.8767333	14.5494175	3.012886	-54.47401	nan	0.1	62500	1556.2784669399261
25	-48.0	-48.0	-50.0	-6.793694	14.398483	14.227773	-60.60604	nan	0.0	65000	1619.7768905162811
26	-47.74	-47.74	-50.0	-6.843222	14.426671	4.9965854	-60.231934	nan	0.0	67500	1682.6505980491638
27	-46.4	-46.4	-45.0	-6.8520107	14.517789	2.633685	-57.59085	nan	0.1	70000	1746.1755254268646
28	-46.06	-46.06	-35.0	-6.805924	14.472193	4.1191416	-55.57325	nan	0.3	72500	1808.293987751007
29	-47.0	-47.0	-50.0	-6.705489	14.267279	3.986747	-60.347294	nan	0.0	75000	1870.3048141002655
30	-48.0	-48.0	-45.0	-6.3178883	13.50086	3.780181	-57.7848	nan	0.1	77500	1932.2319626808167
31	-49.0	-49.0	-45.0	-6.0243464	12.80273	4.19453	-59.85119	nan	0.1	80000	1996.0612306594849
32	-48.0	-48.0	-45.0	-6.0782924	12.738104	5.1547637	-60.205177	nan	0.1	82500	2059.684440135956
33	-48.0	-48.0	-50.0	-6.251607	13.088082	6.944298	-60.76109	nan	0.0	85000	2121.753071308136
34	-45.0	-45.0	-45.0	-6.3388004	13.278685	6.47781	-60.98577	nan	0.1	87500	2183.5350229740143
35	-48.22	-48.22	-50.0	-6.389276	13.315126	3.4676535	-57.98507	nan	0.0	90000	2246.340226173401
36	-46.7	-46.7	-40.0	-6.2425475	13.022835	5.9192753	-56.372463	nan	0.2	92500	2309.784151315689
37	-47.0	-47.0	-50.0	-6.352521	13.187493	2.8319633	-55.369366	nan	0.0	95000	2373.106698989868
38	-45.98	-45.98	-49.6	-6.547079	13.600962	4.016173	-54.7591	nan	0.1	97500	2435.027088880539
39	-48.84	-48.84	-40.0	-6.7136908	13.989607	3.3258824	-63.807568	nan	0.2	100000	2498.1837797164917
40	-47.0	-47.0	-50.0	-6.497802	13.603196	2.8807082	-56.13019	nan	0.0	102500	2559.389225244522
41	-45.36	-45.36	-45.0	-6.035064	12.722846	3.8344884	-55.9935	nan	0.1	105000	2622.9750723838806
42	-48.0	-48.0	-40.0	-5.661094	11.991547	4.696869	-63.402775	nan	0.2	107500	2685.8831474781036
43	-47.76	-47.76	-50.0	-5.4984565	11.686116	6.2040696	-55.448685	nan	0.0	110000	2748.7383604049683
44	-48.0	-48.0	-40.0	-5.6140604	11.917457	4.176308	-60.50074	nan	0.2	112500	2811.6500561237335
45	-47.0	-47.0	-45.0	-5.825084	12.228384	2.8045979	-55.72669	nan	0.1	115000	2874.134429693222
46	-44.06	-44.06	-45.0	-5.9915543	12.516802	3.8568537	-58.288994	nan	0.1	117500	2936.4057099819183
47	-47.54	-47.54	-45.0	-6.2419467	12.962867	2.713644	-56.183594	nan	0.1	120000	2998.1822974681854
48	-44.64	-44.64	-50.0	-6.4662766	13.471013	4.488619	-54.66258	nan	0.0	122500	3060.0930247306824
49	-48.18	-48.18	-45.2	-6.4783406	13.546251	4.4860015	-54.993492	nan	0.1	125000	3120.987411737442
50	-47.0	-47.0	-50.0	-6.0336304	12.85359	3.5182874	-53.911427	nan	0.0	127500	3182.766460418701
51	-45.0	-45.0	-50.0	-5.7655835	12.283478	2.532153	-64.63749	nan	0.0	130000	3244.1903812885284
52	-48.0	-48.0	-40.0	-5.806734	12.183281	2.772682	-56.13691	nan	0.2	132500	3307.091567516327
53	-47.0	-47.0	-45.0	-5.9121895	12.314829	2.8161511	-56.869137	nan	0.1	135000	3367.6174919605255
54	-46.72	-46.72	-42.2	-6.0409236	12.576928	3.7763317	-63.191216	nan	0.2	137500	3428.5330686569214
55	-45.0	-45.0	-40.0	-5.990309	12.513181	6.379966	-57.454967	nan	0.2	140000	3489.3251707553864
56	-43.14	-43.14	-50.0	-5.9155107	12.427246	10.734263	-58.13816	nan	0.0	142500	3549.981664657593
57	-41.32	-41.32	-50.0	-5.9814715	12.549543	2.411692	-60.21682	nan	0.0	145000	3611.448408603668
58	-45.84	-45.84	-50.0	-5.9902234	12.594239	3.2521303	-61.332363	nan	0.0	147500	3672.3128402233124
59	-45.88	-45.88	-45.0	-6.052886	12.709247	2.7547483	-62.015247	nan	0.1	150000	3733.7081463336945
60	-46.68	-46.68	-50.0	-5.6849084	12.066871	3.741371	-57.40721	nan	0.0	152500	3796.877542257309
61	-45.78	-45.78	-40.0	-5.092304	10.956545	3.185788	-60.016266	nan	0.2	155000	3858.5031373500824
62	-47.0	-47.0	-45.0	-5.196251	11.072544	3.9058838	-58.350586	nan	0.1	157500	3919.9665234088898
63	-45.96	-45.96	-50.0	-5.69167	11.91558	2.189868	-56.253143	nan	0.0	160000	3980.258912086487
64	-45.78	-45.78	-50.0	-6.05947	12.598341	2.1246428	-58.453564	nan	0.0	162500	4043.679671049118
65	-50.0	-50.0	-45.0	-6.270815	12.99242	2.1357412	-56.548843	nan	0.1	165000	4106.204750537872
66	-47.38	-47.38	-36.7	-6.4030633	13.255217	2.6343331	-57.116318	nan	0.3	167500	4169.175933122635
67	-47.88	-47.88	-50.0	-6.467843	13.297192	2.3660269	-54.66377	nan	0.0	170000	4232.152578115463
68	-39.84	-39.84	-47.4	-6.089802	12.5564785	3.02064	-59.48919	nan	0.1	172500	4294.352889299393
69	-45.96	-45.96	-49.8	-5.920679	12.194745	2.9814062	-60.532207	nan	0.0	175000	4357.222196340561
70	-45.0	-45.0	-45.0	-5.6822414	11.698405	6.1307387	-55.833416	nan	0.1	177500	4419.257979393005
71	-44.0	-44.0	-45.0	-5.720968	11.749299	2.2020845	-58.541744	nan	0.1	180000	4481.882352352142
72	-49.44	-49.44	-40.0	-5.8693852	12.098	2.9448233	-56.93074	nan	0.2	182500	4544.180045604706
73	-49.92	-49.92	-40.0	-5.8520637	12.145966	3.6766982	-56.65854	nan	0.2	185000	4606.549377918243
74	-43.0	-43.0	-50.0	-5.8638334	12.136024	2.2015162	-58.275032	nan	0.0	187500	4668.489472389221
75	-46.62	-46.62	-48.3	-5.9177713	12.192815	3.863299	-56.16684	nan	0.0	190000	4730.476881742477
76	-45.26	-45.26	-50.0	-6.0073576	12.395325	2.1778212	-59.520947	nan	0.0	192500	4792.782672166824
77	-45.52	-45.52	-45.0	-6.068333	12.522116	5.659892	-56.59391	nan	0.1	195000	4854.875859498978
78	-46.94	-46.94	-50.0	-5.7649117	12.065019	2.9876595	-56.219048	nan	0.0	197500	4918.023480176926
79	-47.9	-47.9	-45.0	-5.399167	11.515047	4.8734975	-59.095665	nan	0.1	200000	4980.367870092392
80	-46.0	-46.0	-50.0	-5.281615	11.207952	3.9800482	-57.005966	nan	0.0	202500	5042.461017131805
81	-48.0	-48.0	-50.0	-5.391473	11.328521	4.2994175	-55.402454	nan	0.0	205000	5102.915158033371
82	-45.78	-45.78	-45.0	-5.6791644	11.82804	3.28899	-58.8637	nan	0.1	207500	5164.341309309006
83	-46.3	-46.3	-45.0	-5.965959	12.353231	2.2336826	-55.29004	nan	0.1	210000	5225.613449335098
84	-48.0	-48.0	-45.0	-6.264963	12.923835	3.3382893	-55.052643	nan	0.1	212500	5287.3662140369415
85	-48.86	-48.86	-50.0	-6.4643435	13.3211975	2.42208	-56.114456	nan	0.0	215000	5349.428509950638
86	-47.36	-47.36	-47.1	-6.540634	13.537058	3.0307674	-55.94539	nan	0.1	217500	5411.366042137146
87	-47.3	-47.3	-42.399998	-6.4322367	13.389851	2.8023014	-55.143555	nan	0.2	220000	5473.24342083931
88	-48.52	-48.52	-40.0	-6.1740017	12.750716	3.04325	-60.309776	nan	0.2	222500	5534.755771398544
89	-42.46	-42.46	-45.899998	-6.0879273	12.543139	2.296607	-54.84176	nan	0.1	225000	5595.844959497452
90	-45.0	-45.0	-45.0	-6.048713	12.479926	2.7282639	-59.480453	nan	0.1	227500	5657.254430770874
91	-44.92	-44.92	-50.0	-5.955301	12.332414	3.2216253	-66.44803	nan	0.0	230000	5718.650697469711
92	-43.34	-43.34	-45.0	-5.701537	11.76546	3.032155	-55.7048	nan	0.1	232500	5779.422242641449
93	-42.86	-42.86	-46.8	-5.453203	11.19041	3.6699076	-63.036835	nan	0.1	235000	5840.9323036670685
94	-48.0	-48.0	-40.0	-5.523999	11.298971	2.9908	-57.82836	nan	0.2	237500	5903.1707220077515
95	-46.94	-46.94	-50.0	-5.6213098	11.455866	3.9782085	-58.66716	nan	0.0	240000	5963.69676566124
96	-47.78	-47.78	-50.0	-5.661575	11.526008	4.3587255	-59.4368	nan	0.0	242500	6025.5204021930695
97	-45.8	-45.8	-38.8	-5.7731175	11.748585	3.6537313	-57.604897	nan	0.3	245000	6086.253129005432
98	-44.84	-44.84	-41.2	-5.853005	11.99957	9.461211	-59.376358	nan	0.2	247500	6148.525407791138
99	-45.08	-45.08	-50.0	-5.90688	12.143442	3.9318867	-56.552658	nan	0.0	250000	6209.665129899979
100	-44.98	-44.98	-46.3	-5.796948	11.978046	4.0702677	-57.825325	nan	0.1	252500	6272.184338092804
101	-48.96	-48.96	-50.0	-5.617377	11.671385	2.6579657	-55.771355	nan	0.0	255000	6334.177100419998
102	-46.56	-46.56	-46.6	-5.3320193	11.135364	2.0878544	-55.978367	nan	0.1	257500	6393.5993475914
103	-48.62	-48.62	-36.2	-5.241629	10.891313	2.8335772	-57.84625	nan	0.3	260000	6455.775020599365
104	-44.22	-44.22	-42.399998	-5.3034234	10.992777	2.310894	-58.58406	nan	0.2	262500	6518.544437170029
105	-45.88	-45.88	-50.0	-5.487348	11.350649	2.6284094	-56.22884	nan	0.0	265000	6581.333859920502
106	-43.84	-43.84	-43.8	-5.4439926	11.267761	2.0405445	-54.112217	nan	0.1	267500	6642.368177175522
107	-45.28	-45.28	-50.0	-5.0975423	10.626536	2.5950413	-56.03076	nan	0.0	270000	6705.3123960494995
108	-44.6	-44.6	-50.0	-4.716846	9.829553	2.5845947	-53.916107	nan	0.0	272500	6768.526218891144
109	-43.44	-43.44	-45.2	-4.618313	9.563549	2.396205	-54.127617	nan	0.1	275000	6832.2216238975525
110	-45.6	-45.6	-46.0	-4.896364	10.079837	3.2011166	-57.941383	nan	0.1	277500	6894.702397346497
111	-43.76	-43.76	-45.0	-4.9947004	10.364372	1.5694656	-56.219193	nan	0.1	280000	6957.206421136856
112	-46.84	-46.84	-50.0	-4.9227877	10.229019	2.1999617	-57.42444	nan	0.0	282500	7019.257191181183
113	-49.02	-49.02	-48.2	-4.782621	9.90034	3.2386074	-57.00995	nan	0.1	285000	7082.355350017548
114	-46.0	-46.0	-40.3	-4.496135	9.314795	3.086586	-57.042126	nan	0.3	287500	7144.695324897766
115	-43.3	-43.3	-42.100002	-4.3578415	9.033933	3.3983002	-54.945713	nan	0.2	290000	7206.72727060318
116	-41.24	-41.24	-42.600002	-4.4979734	9.336432	5.2811737	-54.61859	nan	0.2	292500	7269.273317813873
117	-45.96	-45.96	-40.0	-4.6625547	9.6737385	2.8187294	-63.116295	nan	0.2	295000	7331.084639787674
118	-44.06	-44.06	-45.3	-4.733145	9.825598	3.0512333	-59.362537	nan	0.1	297500	7393.239567279816
119	-46.42	-46.42	-40.2	-4.549771	9.485307	4.0010185	-57.608116	nan	0.2	300000	7454.011672496796
120	-42.94	-42.94	-46.0	-4.569528	9.511123	3.607932	-59.132107	nan	0.1	302500	7515.141940355301
121	-44.12	-44.12	-41.0	-4.623488	9.5869875	3.352335	-56.33489	nan	0.2	305000	7576.386431932449
122	-42.06	-42.06	-42.2	-4.582239	9.524163	2.6073437	-63.987366	nan	0.2	307500	7636.567899465561
123	-46.06	-46.06	-42.399998	-4.5963607	9.530093	4.5770645	-55.69264	nan	0.2	310000	7696.777072906494
124	-42.82	-42.82	-46.8	-4.662382	9.685424	2.8439503	-55.73417	nan	0.1	312500	7758.64345908165
125	-43.66	-43.66	-47.2	-4.6416025	9.646653	2.4663506	-59.01013	nan	0.1	315000	7820.829355239868
126	-43.54	-43.54	-45.8	-4.5205865	9.494186	3.6601	-58.064926	nan	0.1	317500	7883.566403388977
127	-44.26	-44.26	-41.5	-4.5445714	9.466072	2.4019022	-64.62067	nan	0.2	320000	7946.073009490967
128	-46.26	-46.26	-37.2	-4.505766	9.407828	3.6496754	-62.800133	nan	0.3	322500	8008.430736541748
129	-46.34	-46.34	-47.5	-4.4128838	9.143272	3.038827	-55.297348	nan	0.1	325000	8070.366639137268
130	-43.9	-43.9	-35.0	-4.3380775	8.96719	2.3094845	-58.72438	nan	0.3	327500	8133.49617266655
131	-42.38	-42.38	-48.2	-4.2337036	8.732842	2.9385777	-56.670586	nan	0.1	330000	8196.889555454254
132	-44.0	-44.0	-34.600002	-4.1844616	8.5945	4.193824	-59.02638	nan	0.4	332500	8260.946125984192
133	-44.58	-44.58	-41.3	-4.15595	8.577833	3.8776665	-55.43318	nan	0.2	335000	8322.455360889435
134	-42.86	-42.86	-38.3	-4.1037793	8.512272	5.5155115	-53.486916	nan	0.4	337500	8385.181385993958
135	-41.44	-41.44	-44.899998	-4.0499635	8.350095	5.0372972	-54.651085	nan	0.1	340000	8447.000547409058
136	-44.66	-44.66	-31.4	-3.951936	8.100312	5.0489187	-56.51258	nan	0.5	342500	8509.146552085876
137	-42.12	-42.12	-38.0	-3.923925	7.8943515	8.059883	-58.806835	nan	0.3	345000	8571.087399482727
138	-39.32	-39.32	-30.2	-3.8998303	7.815216	2.4155188	-57.60067	nan	0.6	347500	8633.602969646454
139	-39.12	-39.12	-36.7	-3.7264235	7.4180517	4.266386	-54.757935	nan	0.3	350000	8695.523231267929
140	-42.06	-42.06	-33.7	-3.6421528	7.192332	4.091341	-54.641922	nan	0.4	352500	8759.237686872482
141	-41.8	-41.8	-29.5	-3.6905894	7.292663	2.8316517	-52.98243	nan	0.5	355000	8822.794663190842
142	-32.86	-32.86	-45.600002	-3.7969995	7.5469017	3.698925	-53.629936	nan	0.2	357500	8885.79053068161
143	-35.98	-35.98	-37.100002	-3.743401	7.495885	4.730028	-60.236305	nan	0.5	360000	8948.425733804703
144	-34.14	-34.14	-35.899998	-3.713843	7.4275336	4.1541004	-54.663605	nan	0.3	362500	9009.664768218994
145	-31.16	-31.16	-36.399998	-3.6951985	7.4318094	5.0860023	-54.19892	nan	0.4	365000	9071.288090705872
146	-40.6	-40.6	-34.7	-3.692262	7.4092464	3.4788036	-54.389824	nan	0.5	367500	9133.457418441772
147	-39.4	-39.4	-20.6	-3.6296747	7.2358475	2.5479069	-54.249268	nan	0.7	370000	9194.107027292252
148	-39.2	-39.2	-23.8	-3.5298545	6.960105	2.7385235	-56.14451	nan	0.6	372500	9254.563376188278
149	-38.12	-38.12	-34.5	-3.5179958	6.889199	4.0928974	-55.30554	nan	0.4	375000	9315.237290143967
150	-36.82	-36.82	-29.4	-3.4804974	6.8200674	2.4963188	-52.765205	nan	0.4	377500	9377.520934343338
151	-35.76	-35.76	-30.9	-3.5308332	6.845016	2.8302517	-55.79071	nan	0.5	380000	9438.73035287857
152	-34.0	-34.0	-17.300001	-3.5167096	6.8014	3.356886	-53.291885	nan	0.8	382500	9499.633276224136
153	-37.16	-37.16	-24.6	-3.4933236	6.733379	2.6751575	-61.168106	nan	0.6	385000	9560.89924120903
154	-35.64	-35.64	-35.3	-3.430482	6.573112	5.2426586	-53.880272	nan	0.4	387500	9622.584735870361
155	-35.38	-35.38	-40.100002	-3.368312	6.4114146	4.291708	-54.67222	nan	0.3	390000	9684.217310905457
156	-38.26	-38.26	-29.7	-3.322897	6.3008	3.3636093	-55.79406	nan	0.6	392500	9744.919204473495
157	-35.74	-35.74	-32.899998	-3.295633	6.1918354	5.1372223	-52.734314	nan	0.6	395000	9806.072056055069
158	-36.3	-36.3	-21.300001	-3.294785	6.1507955	3.2631264	-63.828213	nan	0.7	397500	9867.408185720444
159	-37.38	-37.38	-26.1	-3.268783	6.077207	3.4752712	-53.533348	nan	0.7	400000	9928.358038425446
160	-38.24	-38.24	-27.0	-3.2475467	5.9968486	3.689066	-59.012222	nan	0.6	402500	9989.57082772255
161	-30.96	-30.96	-29.3	-3.2152405	5.862736	3.3706532	-54.728947	nan	0.6	405000	10049.882407903671
162	-30.64	-30.64	-21.800001	-3.2541912	5.8964734	5.81711	-50.941895	nan	0.7	407500	10111.023112535477
163	-31.26	-31.26	-19.1	-3.1787422	5.748236	3.8823223	-53.05993	nan	0.8	410000	10170.647845745087
164	-30.94	-30.94	-21.800001	-3.150592	5.670054	3.8283138	-60.422997	nan	0.7	412500	10229.910585403442
165	-30.7	-30.7	-22.800001	-3.1346035	5.5855403	4.028473	-51.38649	nan	0.8	415000	10290.498432159424
166	-33.8	-33.8	-23.3	-3.0588923	5.4723125	3.6986504	-51.285435	nan	0.8	417500	10350.89678478241
167	-31.64	-31.64	-23.3	-3.0602024	5.412558	3.8939152	-51.429947	nan	0.7	420000	10413.004982948303
168	-33.98	-33.98	-32.2	-3.0634215	5.372186	3.0529385	-55.33989	nan	0.5	422500	10475.160883188248
169	-30.9	-30.9	-22.300001	-3.0524802	5.2997136	4.0151043	-52.801643	nan	0.7	425000	10535.726576328278
170	-34.88	-34.88	-32.399998	-3.0438797	5.2679906	3.0806217	-51.30098	nan	0.5	427500	10597.26784992218
171	-30.14	-30.14	-24.8	-3.0049303	5.1696343	3.609375	-47.47354	nan	0.7	430000	10659.50276517868
172	-28.58	-28.58	-19.800001	-2.9668865	5.078127	3.6381512	-60.70131	nan	0.8	432500	10720.78044962883
173	-30.1	-30.1	-26.8	-2.9495971	4.9836836	2.8506699	-44.088455	nan	0.6	435000	10781.342614412308
174	-23.76	-23.76	-20.800001	-2.9289644	4.9316845	2.9879093	-47.008423	nan	0.8	437500	10842.82100558281
175	-29.16	-29.16	-18.6	-2.948489	4.9376063	2.8644867	-49.91839	nan	0.8	440000	10904.693749427795
176	-31.42	-31.42	-23.7	-2.923776	4.895573	2.8590908	-52.717293	nan	0.7	442500	10967.108711719513
177	-28.8	-28.8	-19.699999	-2.9396732	4.9305487	3.7665558	-51.96362	nan	0.9	445000	11028.7722594738
178	-28.52	-28.52	-26.4	-2.872893	4.8154354	3.7392197	-55.10836	nan	0.7	447500	11091.612187623978
179	-30.7	-30.7	-12.2	-2.8750138	4.757519	2.917986	-50.959747	nan	0.9	450000	11155.139469861984
180	-33.6	-33.6	-15.3	-2.87257	4.7170076	3.8931274	-51.384705	nan	0.9	452500	11217.418117761612
181	-32.78	-32.78	-21.0	-2.9029381	4.7519946	3.1873512	-53.910336	nan	0.8	455000	11279.446297883987
182	-30.26	-30.26	-23.199999	-2.8713963	4.677944	3.8171692	-55.355392	nan	0.8	457500	11341.547092199326
183	-24.82	-24.82	-33.399998	-2.8685904	4.6519985	4.358919	-50.89232	nan	0.4	460000	11402.964687108994
184	-25.68	-25.68	-22.800001	-2.854662	4.56274	5.154648	-42.069588	nan	0.7	462500	11465.900983095169
185	-32.34	-32.34	-24.4	-2.8247764	4.5175443	3.7043343	-43.67224	nan	0.7	465000	11528.847173690796
186	-29.12	-29.12	-21.300001	-2.8554513	4.542675	4.2153397	-42.478405	nan	0.8	467500	11591.401768922806
187	-26.02	-26.02	-24.1	-2.8305972	4.506243	2.3399715	-53.39602	nan	0.7	470000	11652.410961866379
188	-28.78	-28.78	-8.8	-2.8135054	4.4600825	2.672058	-47.823654	nan	1.0	472500	11714.656541109085
189	-25.82	-25.82	-19.4	-2.837402	4.471874	2.9232273	-56.165817	nan	0.8	475000	11777.71676158905
190	-28.24	-28.24	-20.300001	-2.8332965	4.4593167	3.3634033	-58.09104	nan	0.8	477500	11841.003296375275
191	-24.88	-24.88	-30.4	-2.7879608	4.3737597	2.6495972	-47.85003	nan	0.6	480000	11903.57632303238
192	-24.08	-24.08	-14.3	-2.7696872	4.3362513	5.2966156	-44.653774	nan	1.0	482500	11966.838634490967
193	-24.48	-24.48	-12.7	-2.7995362	4.345108	4.083044	-45.64081	nan	1.0	485000	12030.040365219116
194	-27.3	-27.3	-14.6	-2.779945	4.3082747	2.3964405	-46.124695	nan	0.9	487500	12093.078066110611
195	-30.76	-30.76	-15.6	-2.7792337	4.2659693	3.3403893	-47.980736	nan	0.9	490000	12155.180045366287
196	-24.56	-24.56	-20.6	-2.7976787	4.248589	3.019659	-50.78675	nan	0.8	492500	12216.84111404419
197	-29.88	-29.88	-14.8	-2.785567	4.2315607	3.3153458	-54.28933	nan	0.9	495000	12278.280333042145
198	-25.46	-25.46	-16.6	-2.7815444	4.197472	2.7408848	-51.849304	nan	0.9	497500	12340.358283042908
199	-28.68	-28.68	-12.3	-2.7551024	4.158727	3.1461964	-56.00392	nan	1.0	500000	12401.062798261642
200	-22.44	-22.44	-22.800001	-2.741442	4.1046233	2.9006786	-50.85245	nan	0.8	502500	12461.758670806885
201	-28.34	-28.34	-16.699999	-2.7519164	4.1169615	3.2366257	-56.154907	nan	0.8	505000	12523.24565243721
202	-26.96	-26.96	-25.0	-2.7277358	4.076928	2.4099255	-53.31732	nan	0.7	507500	12584.867881774902
203	-29.54	-29.54	-15.7	-2.7309546	4.060444	2.042677	-50.90876	nan	0.9	510000	12645.624039173126
204	-24.32	-24.32	-24.6	-2.7298877	4.022234	2.1639423	-49.29695	nan	0.7	512500	12705.709924936295
205	-25.16	-25.16	-18.199999	-2.7025135	3.9955928	3.4673157	-53.66446	nan	0.9	515000	12768.004606962204
206	-28.24	-28.24	-14.2	-2.7051072	3.9954665	2.0275478	-51.920403	nan	0.9	517500	12829.620474338531
207	-22.44	-22.44	-10.599999	-2.7182193	4.0163684	3.5707932	-54.50065	nan	0.9	520000	12891.274923801422
208	-23.24	-23.24	-19.199999	-2.7190623	4.0129166	2.346321	-53.454166	nan	0.9	522500	12952.801774263382
209	-21.8	-21.8	-23.8	-2.7074063	3.9934459	2.7786503	-51.219883	nan	0.7	525000	13014.658363342285
210	-21.74	-21.74	-15.1	-2.71921	4.0093265	2.9939632	-60.7287	nan	0.9	527500	13077.936579704285
211	-31.28	-31.28	-22.0	-2.7022326	3.9843245	3.6507797	-58.333103	nan	0.8	530000	13141.097429037094
212	-24.28	-24.28	-18.1	-2.7202291	3.9715693	3.4514828	-50.203346	nan	0.8	532500	13203.14372587204
213	-22.82	-22.82	-11.400001	-2.7038214	3.9520435	3.3263245	-51.33116	nan	1.0	535000	13265.023644924164
214	-25.28	-25.28	-12.4	-2.7053027	3.948897	2.1192303	-57.01633	nan	1.0	537500	13327.610238075256
215	-23.88	-23.88	-11.5	-2.6995096	3.9489243	2.565897	-52.29625	nan	1.0	540000	13389.748008012772
216	-23.24	-23.24	-20.800001	-2.706063	3.9730186	2.7731571	-58.382263	nan	0.8	542500	13451.553664207458
217	-22.26	-22.26	-10.400001	-2.6904092	3.950322	2.438448	-53.697258	nan	1.0	545000	13513.42030286789
218	-23.72	-23.72	-22.300001	-2.685136	3.9324205	3.082941	-53.17237	nan	0.7	547500	13575.047203063965
219	-22.76	-22.76	-14.3	-2.650183	3.8643568	2.2718945	-56.962875	nan	1.0	550000	13636.73295879364
220	-24.12	-24.12	-19.5	-2.6711974	3.9451742	3.9633179	-59.676163	nan	0.8	552500	13698.899828910828
221	-23.66	-23.66	-16.5	-2.7070296	3.9928105	2.5281143	-55.96983	nan	0.9	555000	13761.247394323349
222	-27.74	-27.74	-25.2	-2.6591265	3.885463	2.0803032	-51.2715	nan	0.7	557500	13823.035121917725
223	-24.9	-24.9	-11.2	-2.6652524	3.8309774	3.4136734	-53.137383	nan	0.9	560000	13884.298830986023
224	-22.96	-22.96	-11.7	-2.6834164	3.8457212	3.3969803	-46.567726	nan	1.0	562500	13946.046664953232
225	-25.42	-25.42	-12.8	-2.665093	3.848462	2.3549366	-52.950867	nan	1.0	565000	14007.832945108414
226	-22.0	-22.0	-19.199999	-2.6537235	3.8459442	2.7272148	-45.550404	nan	1.0	567500	14070.438828706741
227	-23.96	-23.96	-21.6	-2.6744337	3.8408327	3.462143	-45.01194	nan	0.8	570000	14132.315507650375
228	-21.52	-21.52	-18.699999	-2.6851215	3.8532524	2.782957	-41.41726	nan	0.8	572500	14194.60707449913
229	-25.24	-25.24	-8.8	-2.668606	3.837245	2.523882	-39.58871	nan	1.0	575000	14255.125164031982
230	-26.86	-26.86	-11.8	-2.6546474	3.7884388	2.3276806	-36.340935	nan	1.0	577500	14316.761670827866
231	-26.12	-26.12	-8.599999	-2.7061121	3.829825	1.9852409	-40.676193	nan	1.0	580000	14378.338755846024
232	-27.54	-27.54	-18.4	-2.6943238	3.817679	2.6406345	-41.38983	nan	1.0	582500	14440.315824508667
233	-26.8	-26.8	-12.0	-2.6776464	3.816638	3.6509895	-38.525208	nan	1.0	585000	14500.662338495255
234	-25.5	-25.5	-16.1	-2.686454	3.802135	2.5717316	-39.24935	nan	1.0	587500	14561.666250228882
235	-21.84	-21.84	-11.2	-2.682352	3.8078194	3.4980164	-38.57955	nan	1.0	590000	14622.080079555511
236	-22.96	-22.96	-9.7	-2.6854815	3.8361106	2.3069744	-45.648575	nan	1.0	592500	14682.783871650696
237	-24.8	-24.8	-13.3	-2.6736302	3.8233476	3.6127186	-44.03392	nan	1.0	595000	14743.233657121658
238	-24.9	-24.9	-18.6	-2.6631691	3.8102937	3.063181	-39.91574	nan	0.7	597500	14803.590734243393
239	-27.76	-27.76	-16.6	-2.6660159	3.8496058	4.4462852	-42.324894	nan	0.9	600000	14864.00972533226
240	-21.92	-21.92	-18.9	-2.6862636	3.9376042	3.2348099	-52.24997	nan	0.8	602500	14925.834204435349
241	-24.88	-24.88	-18.4	-2.6714468	3.9225793	3.3448849	-49.77526	nan	0.8	605000	14988.324252843857
242	-21.56	-21.56	-12.5	-2.6682653	3.9108996	2.802927	-45.49019	nan	0.9	607500	15048.839764356613
243	-23.64	-23.64	-17.0	-2.6667416	3.941007	2.9468822	-44.03794	nan	0.9	610000	15109.207520484924
244	-22.5	-22.5	-16.4	-2.691387	3.9645963	2.9912395	-52.429657	nan	0.9	612500	15169.84193277359
245	-20.62	-20.62	-18.4	-2.645489	3.8827164	3.2252522	-57.911964	nan	0.9	615000	15230.555304765701
246	-20.48	-20.48	-13.9	-2.6436617	3.8967414	3.442442	-56.474194	nan	1.0	617500	15291.15690779686
247	-23.94	-23.94	-8.0	-2.6545408	3.887092	3.2032757	-53.541534	nan	1.0	620000	15351.640788555145
248	-21.12	-21.12	-12.2	-2.6461773	3.9107535	3.3922462	-54.430466	nan	1.0	622500	15412.551110744476
249	-23.1	-23.1	-10.7	-2.6359208	3.9069831	4.109743	-57.884308	nan	1.0	625000	15473.297091245651
250	-22.84	-22.84	-13.2	-2.6414678	3.8274913	3.3918114	-46.23831	nan	1.0	627500	15533.764492988586
251	-21.94	-21.94	-9.099999	-2.619021	3.8413806	3.5672684	-48.91241	nan	1.0	630000	15593.628744602203
252	-21.44	-21.44	-11.099999	-2.6069036	3.8479614	2.8847141	-49.532898	nan	1.0	632500	15654.096203565598
253	-23.46	-23.46	-18.199999	-2.6005867	3.8908026	2.7872353	-51.32058	nan	0.9	635000	15715.176459312439
254	-23.44	-23.44	-12.2	-2.604429	3.8446307	3.8870087	-60.65651	nan	1.0	637500	15777.177582740784
255	-23.04	-23.04	-10.900001	-2.6047752	3.8090372	2.930273	-43.140373	nan	1.0	640000	15838.86802983284
256	-20.82	-20.82	-11.8	-2.5915005	3.797254	3.1176033	-45.476387	nan	1.0	642500	15900.29854130745
257	-22.46	-22.46	-13.0	-2.5900939	3.8516285	2.7850895	-41.08618	nan	1.0	645000	15959.96480345726
258	-24.02	-24.02	-9.099999	-2.5984354	3.8635051	2.8506832	-48.635773	nan	1.0	647500	16021.02466917038
259	-23.3	-23.3	-15.0	-2.5954351	3.8716955	3.130453	-51.089336	nan	0.8	650000	16081.596932649612
260	-22.92	-22.92	-12.4	-2.5898612	3.872376	4.1019077	-55.198757	nan	1.0	652500	16142.502488136292
261	-18.26	-18.26	-11.400001	-2.5662687	3.7635198	2.5242348	-37.691936	nan	1.0	655000	16204.562232494354
262	-23.4	-23.4	-9.5	-2.562097	3.7365654	2.3171902	-35.594902	nan	1.0	657500	16264.897060871124
263	-24.38	-24.38	-10.2	-2.534818	3.7110515	3.312931	-41.564415	nan	1.0	660000	16326.330979824066
264	-18.86	-18.86	-9.900001	-2.507742	3.683212	3.7327232	-44.714752	nan	1.0	662500	16386.944314956665
265	-22.86	-22.86	-13.1	-2.531552	3.7014036	3.8878498	-41.273674	nan	0.9	665000	16447.77478122711
266	-24.32	-24.32	-15.1	-2.5398755	3.7271698	3.8004723	-39.3519	nan	1.0	667500	16508.078818559647
267	-23.18	-23.18	-15.0	-2.5240304	3.7202475	3.6281052	-46.367912	nan	0.9	670000	16568.836221694946
268	-21.56	-21.56	-10.2	-2.5136497	3.6959329	2.4261627	-44.71244	nan	1.0	672500	16629.490274190903
269	-21.7	-21.7	-13.4	-2.4963145	3.6590958	2.2723694	-44.41869	nan	1.0	675000	16690.426372289658
270	-20.74	-20.74	-11.099999	-2.4982388	3.663735	2.8962078	-41.013947	nan	1.0	677500	16752.376628637314
271	-20.1	-20.1	-12.9	-2.485596	3.6620462	3.7481499	-34.270676	nan	1.0	680000	16813.358991622925
272	-24.6	-24.6	-19.1	-2.4697363	3.6368308	2.8551178	-38.84044	nan	0.8	682500	16874.496661424637
273	-22.12	-22.12	-11.7	-2.469476	3.6632726	4.2748394	-44.53105	nan	1.0	685000	16934.225739240646
274	-22.44	-22.44	-16.300001	-2.471707	3.6855195	3.5897312	-44.769627	nan	0.9	687500	16995.19678544998
275	-22.32	-22.32	-18.699999	-2.4740837	3.6646998	2.885395	-51.49209	nan	0.8	690000	17055.70890069008
276	-17.9	-17.9	-9.0	-2.4488258	3.6337771	2.4664993	-43.17738	nan	1.0	692500	17116.112680912018
277	-22.46	-22.46	-17.199999	-2.427413	3.598637	2.5397453	-46.96169	nan	0.9	695000	17177.041288614273
278	-21.76	-21.76	-11.099999	-2.4376981	3.6040187	2.454523	-53.95395	nan	1.0	697500	17237.327916622162
279	-23.82	-23.82	-9.400001	-2.4278083	3.5842922	2.8503647	-52.105473	nan	1.0	700000	17296.92397093773
280	-20.48	-20.48	-9.400001	-2.43622	3.606791	2.4200306	-64.9238	nan	1.0	702500	17357.820366621017
281	-19.6	-19.6	-8.099999	-2.391139	3.5616293	3.0473518	-53.02572	nan	1.0	705000	17418.651076316833
282	-24.1	-24.1	-15.5	-2.4008908	3.558581	3.1273575	-45.756744	nan	0.9	707500	17481.04984664917
283	-19.3	-19.3	-9.599999	-2.404362	3.5662982	3.3971329	-43.807594	nan	1.0	710000	17542.853736639023
284	-21.86	-21.86	-8.7	-2.3556683	3.515578	1.955822	-36.423355	nan	1.0	712500	17604.84733939171
285	-21.22	-21.22	-9.900001	-2.3590627	3.521358	3.179245	-35.0519	nan	1.0	715000	17666.451220035553
286	-21.72	-21.72	-12.7	-2.3792396	3.5307164	2.9538002	-34.821884	nan	1.0	717500	17729.320288658142
287	-21.32	-21.32	-13.8	-2.346574	3.4875557	3.3159065	-37.843918	nan	0.9	720000	17791.861516952515
288	-20.32	-20.32	-14.3	-2.3438933	3.4967735	2.400425	-35.216747	nan	1.0	722500	17853.73426413536
289	-25.36	-25.36	-14.0	-2.365438	3.5166502	3.4023342	-31.276806	nan	1.0	725000	17915.11767554283
290	-20.52	-20.52	-12.0	-2.349332	3.506521	3.7944584	-36.661148	nan	1.0	727500	17977.961881160736
291	-24.34	-24.34	-21.4	-2.3639238	3.5210307	2.3512955	-39.21287	nan	0.8	730000	18040.69019460678
292	-20.24	-20.24	-15.0	-2.3557777	3.5125992	3.2617092	-35.529495	nan	0.9	732500	18102.761321783066
293	-20.48	-20.48	-11.7	-2.3440263	3.5148442	2.9874783	-56.12284	nan	1.0	735000	18164.870953559875
294	-20.36	-20.36	-12.5	-2.3426206	3.5324495	2.5329952	-58.89329	nan	0.9	737500	18226.512070178986
295	-21.04	-21.04	-12.9	-2.333716	3.5195713	2.4874878	-48.540237	nan	1.0	740000	18288.25616455078
296	-23.4	-23.4	-11.5	-2.339674	3.5071263	2.2898254	-43.084538	nan	0.9	742500	18350.019204616547
297	-20.84	-20.84	-9.900001	-2.3443449	3.5210707	2.449398	-33.86348	nan	1.0	745000	18411.880020856857
298	-24.46	-24.46	-10.3	-2.3330092	3.5015209	2.7670383	-31.16425	nan	1.0	747500	18473.713694810867
299	-20.62	-20.62	-9.099999	-2.3325386	3.5165396	3.2743511	-32.37683	nan	1.0	750000	18535.76204943657
300	-20.28	-20.28	-11.599999	-2.3074257	3.4940503	3.1205578	-36.54592	nan	1.0	752500	18598.662722826004
301	-20.96	-20.96	-10.599999	-2.3165507	3.4829268	3.142336	-37.00632	nan	1.0	755000	18660.827694416046
302	-18.22	-18.22	-11.8	-2.3174734	3.4962876	2.6886654	-32.093277	nan	1.0	757500	18722.707384586334
303	-18.56	-18.56	-21.800001	-2.3025813	3.4675407	2.3263206	-32.2265	nan	0.7	760000	18785.541234254837
304	-19.9	-19.9	-11.599999	-2.28822	3.459095	2.5325432	-38.650455	nan	1.0	762500	18848.137028694153
305	-20.16	-20.16	-14.2	-2.2846603	3.4707391	3.061802	-47.933052	nan	1.0	765000	18908.71742963791
306	-21.6	-21.6	-12.9	-2.288394	3.4844346	2.9435234	-61.58712	nan	0.9	767500	18969.924812078476
307	-23.56	-23.56	-12.3	-2.2657177	3.4533567	2.8066845	-35.550667	nan	1.0	770000	19031.235171556473
308	-21.58	-21.58	-13.8	-2.2513075	3.4319227	2.4659348	-44.5478	nan	0.9	772500	19092.282550811768
309	-21.48	-21.48	-12.3	-2.2674456	3.453435	3.7554111	-53.13314	nan	1.0	775000	19153.96606016159
310	-22.18	-22.18	-17.699999	-2.26061	3.4448738	3.4986668	-44.324722	nan	0.9	777500	19215.12424492836
311	-20.34	-20.34	-13.3	-2.2544909	3.4465153	3.404543	-51.23354	nan	0.9	780000	19275.61943411827
312	-22.46	-22.46	-15.7	-2.2588685	3.4429603	2.321844	-58.404495	nan	0.9	782500	19336.453154563904
313	-23.32	-23.32	-12.9	-2.2400715	3.4253452	2.868517	-49.251945	nan	1.0	785000	19398.44546532631
314	-22.3	-22.3	-10.599999	-2.2356017	3.4116647	3.6794891	-49.439888	nan	1.0	787500	19459.95778608322
315	-24.04	-24.04	-17.1	-2.223168	3.4036286	3.1146774	-59.582138	nan	1.0	790000	19521.87679696083
316	-24.38	-24.38	-10.400001	-2.2404473	3.432586	2.197197	-52.323227	nan	1.0	792500	19582.969771385193
317	-21.44	-21.44	-10.3	-2.2418697	3.430843	3.2320538	-57.894447	nan	1.0	795000	19644.552535533905
318	-23.06	-23.06	-14.2	-2.2302654	3.420463	2.4467735	-44.524155	nan	0.9	797500	19705.714727163315
319	-19.76	-19.76	-14.2	-2.2275088	3.4203892	2.4096165	-52.83191	nan	0.9	800000	19767.043885469437
320	-22.34	-22.34	-12.5	-2.2165704	3.4194188	3.843935	-64.38814	nan	1.0	802500	19828.414504766464
321	-23.24	-23.24	-15.4	-2.2091978	3.4230206	2.2240658	-55.543068	nan	0.9	805000	19889.764495134354
322	-19.64	-19.64	-13.2	-2.2179601	3.4467185	2.316265	-53.283325	nan	1.0	807500	19950.655287265778
323	-21.72	-21.72	-14.2	-2.190473	3.4154081	1.8586521	-49.939274	nan	1.0	810000	20012.69962477684
324	-20.9	-20.9	-14.7	-2.2063742	3.4236565	3.0397072	-54.177208	nan	0.9	812500	20074.309382915497
325	-21.64	-21.64	-10.099999	-2.2033303	3.4210067	2.127224	-60.157444	nan	1.0	815000	20137.10964536667
326	-24.0	-24.0	-6.6	-2.1876602	3.4068646	2.4533176	-67.46819	nan	1.0	817500	20200.04466366768
327	-24.04	-24.04	-10.8	-2.1954682	3.393075	2.377964	-41.371628	nan	1.0	820000	20262.824508428574
328	-20.66	-20.66	-6.9	-2.212761	3.4170272	2.1862698	-67.487946	nan	1.0	822500	20325.912980556488
329	-22.66	-22.66	-12.3	-2.2018347	3.4198973	1.9614353	-54.03562	nan	1.0	825000	20388.784046173096
330	-21.92	-21.92	-15.8	-2.1945727	3.396404	1.8051014	-45.450092	nan	0.9	827500	20451.4172911644
331	-18.84	-18.84	-11.099999	-2.193134	3.3989296	3.2288723	-47.828568	nan	1.0	830000	20514.093569755554
332	-20.84	-20.84	-10.400001	-2.181546	3.381895	2.4489155	-46.0866	nan	1.0	832500	20575.64931488037
333	-20.62	-20.62	-17.0	-2.1966226	3.3973358	2.452488	-44.07698	nan	0.9	835000	20638.75462412834
334	-23.7	-23.7	-10.7	-2.1834717	3.3870058	2.3804264	-45.992603	nan	1.0	837500	20701.20966744423
335	-21.0	-21.0	-12.0	-2.170125	3.3797426	1.9529743	-49.59298	nan	1.0	840000	20763.617999076843
336	-18.6	-18.6	-13.8	-2.1781888	3.3960533	2.2677536	-51.541	nan	1.0	842500	20827.240337848663
337	-20.54	-20.54	-12.1	-2.1722214	3.394109	1.7310524	-48.37941	nan	1.0	845000	20889.886547088623
338	-21.52	-21.52	-12.3	-2.192385	3.4524086	1.6500912	-58.229027	nan	1.0	847500	20951.73050928116
339	-23.92	-23.92	-12.3	-2.1859753	3.434736	2.2659206	-50.685303	nan	1.0	850000	21013.920926332474
340	-17.84	-17.84	-10.3	-2.173948	3.4202173	2.8816376	-51.87413	nan	1.0	852500	21075.73910188675
341	-20.68	-20.68	-12.4	-2.1635401	3.415876	3.6579227	-56.73346	nan	1.0	855000	21137.555701971054
342	-20.02	-20.02	-10.3	-2.168589	3.4758596	2.2057781	-60.362953	nan	1.0	857500	21198.331677913666
343	-20.34	-20.34	-17.6	-2.1603887	3.4432282	1.9926682	-51.572243	nan	0.8	860000	21258.29337000847
344	-19.7	-19.7	-10.400001	-2.1578815	3.3922486	2.5552177	-51.228374	nan	1.0	862500	21319.973108530045
345	-21.92	-21.92	-10.5	-2.14242	3.385261	1.86306	-51.53569	nan	1.0	865000	21381.497352838516
346	-19.4	-19.4	-11.599999	-2.1470623	3.377326	2.9081268	-48.614815	nan	1.0	867500	21444.0100812912
347	-20.88	-20.88	-14.9	-2.1422787	3.3741946	2.6671505	-50.2102	nan	0.9	870000	21505.739134550095
348	-20.54	-20.54	-10.0	-2.1378613	3.3791971	1.9116535	-44.497402	nan	1.0	872500	21567.915644407272
349	-22.54	-22.54	-12.6	-2.1435215	3.388059	2.3124294	-49.396812	nan	1.0	875000	21630.34934234619
350	-20.62	-20.62	-15.6	-2.1448863	3.3921602	2.7140942	-51.13748	nan	0.9	877500	21691.338065624237
351	-21.2	-21.2	-10.900001	-2.1404707	3.4005895	1.8975029	-49.586567	nan	1.0	880000	21751.350355625153
352	-23.54	-23.54	-10.099999	-2.1373081	3.3864765	2.5290604	-48.77887	nan	1.0	882500	21812.52475309372
353	-20.8	-20.8	-11.2	-2.124084	3.4205713	2.1979008	-48.49953	nan	1.0	885000	21872.73172211647
354	-22.62	-22.62	-12.3	-2.151526	3.4397445	2.984497	-46.937492	nan	0.9	887500	21933.34960246086
355	-22.74	-22.74	-15.1	-2.1418698	3.4145124	2.6848545	-46.376694	nan	0.9	890000	21994.053032636642
356	-20.3	-20.3	-14.7	-2.1370182	3.4039602	2.3216572	-53.11924	nan	0.9	892500	22055.316893339157
357	-18.8	-18.8	-11.5	-2.1405146	3.4064517	2.3155308	-42.21044	nan	1.0	895000	22116.432874441147
358	-23.4	-23.4	-11.3	-2.1406388	3.3947437	2.31489	-55.56876	nan	1.0	897500	22178.9240193367
359	-24.78	-24.78	-11.3	-2.146936	3.4144118	2.3297138	-53.275566	nan	1.0	900000	22239.895815849304
360	-22.94	-22.94	-13.0	-2.1460483	3.382891	1.8318748	-54.35002	nan	1.0	902500	22301.411521434784
361	-23.76	-23.76	-14.1	-2.1359417	3.37698	2.1453743	-46.216682	nan	0.9	905000	22363.01917886734
362	-20.32	-20.32	-13.2	-2.1261692	3.3734474	1.7370777	-52.011635	nan	0.9	907500	22423.105930566788
363	-23.86	-23.86	-15.9	-2.1361372	3.3784785	2.3818054	-45.083458	nan	0.9	910000	22484.731868982315
364	-22.4	-22.4	-9.8	-2.1420214	3.3948143	2.4059868	-47.32738	nan	1.0	912500	22544.91887640953
365	-23.56	-23.56	-11.8	-2.1668763	3.4424875	2.4463482	-41.156017	nan	0.9	915000	22605.6641228199
366	-20.04	-20.04	-11.8	-2.1565046	3.4535198	2.595005	-42.63271	nan	1.0	917500	22666.658071041107
367	-22.34	-22.34	-12.7	-2.1566396	3.4465125	2.6000881	-43.797203	nan	0.9	920000	22727.12403321266
368	-21.62	-21.62	-13.0	-2.1533308	3.4582012	1.3613548	-50.360474	nan	0.9	922500	22786.524711847305
369	-19.24	-19.24	-11.7	-2.1602144	3.4507906	2.4212303	-48.914032	nan	1.0	925000	22846.854440927505
370	-21.04	-21.04	-11.7	-2.1626372	3.4321163	2.2403355	-53.600883	nan	1.0	927500	22907.246426343918
371	-24.26	-24.26	-9.099999	-2.1431758	3.4068608	3.070322	-46.746483	nan	1.0	930000	22967.873463630676
372	-18.1	-18.1	-12.5	-2.1533597	3.4105868	1.8912983	-49.25769	nan	1.0	932500	23027.651220560074
373	-21.24	-21.24	-13.4	-2.142211	3.3967676	2.2023182	-41.06185	nan	1.0	935000	23088.93398833275
374	-20.34	-20.34	-12.3	-2.1575527	3.4098125	1.9751072	-44.12812	nan	1.0	937500	23149.840931892395
375	-21.68	-21.68	-10.400001	-2.1424425	3.3949676	2.5419216	-44.97515	nan	1.0	940000	23211.078491926193
376	-21.22	-21.22	-12.4	-2.1411386	3.4173384	2.2918549	-39.86509	nan	1.0	942500	23270.688771247864
377	-19.08	-19.08	-17.1	-2.142518	3.4105606	2.7593021	-45.448563	nan	0.8	945000	23331.538790225983
378	-20.68	-20.68	-13.0	-2.1419532	3.4446516	2.6321068	-41.595554	nan	1.0	947500	23392.740861177444
379	-22.12	-22.12	-11.9	-2.1328254	3.4549482	2.6116447	-39.04907	nan	1.0	950000	23453.17569231987
380	-23.84	-23.84	-11.3	-2.134455	3.4497972	1.5075798	-42.64132	nan	1.0	952500	23513.94777393341
381	-21.64	-21.64	-10.900001	-2.1119275	3.398239	2.4534893	-37.36384	nan	1.0	955000	23573.513570547104
382	-17.28	-17.28	-12.2	-2.12262	3.369509	2.9792805	-37.59835	nan	1.0	957500	23634.203317642212
383	-21.66	-21.66	-11.400001	-2.1307642	3.383343	2.5862656	-34.74753	nan	1.0	960000	23693.983271837234
384	-19.02	-19.02	-10.0	-2.1343558	3.3836317	2.1843166	-36.080853	nan	1.0	962500	23754.303879737854
385	-16.54	-16.54	-8.0	-2.1134038	3.359847	1.9718475	-39.65252	nan	1.0	965000	23814.544354200363
386	-19.0	-19.0	-16.800001	-2.1155849	3.371987	3.469389	-34.43198	nan	0.9	967500	23875.12825846672
387	-19.06	-19.06	-11.9	-2.1107285	3.351284	2.12648	-36.60384	nan	1.0	970000	23935.250834941864
388	-20.82	-20.82	-14.7	-2.1027243	3.355237	1.8619537	-34.256733	nan	0.9	972500	23995.7272400856
389	-20.92	-20.92	-22.199999	-2.1060624	3.360093	2.446682	-37.428043	nan	0.7	975000	24055.621168851852
390	-22.7	-22.7	-8.2	-2.1020176	3.3634868	2.390396	-36.52938	nan	1.0	977500	24115.379160642624
391	-20.0	-20.0	-9.400001	-2.104014	3.3563213	2.7086582	-31.572338	nan	1.0	980000	24175.323292970657
392	-21.64	-21.64	-15.0	-2.1065853	3.3615613	3.667942	-34.01099	nan	0.9	982500	24235.66890501976
393	-19.54	-19.54	-10.099999	-2.1076005	3.3703585	1.5554409	-40.245995	nan	1.0	985000	24295.782723665237
394	-21.24	-21.24	-10.099999	-2.1131132	3.3601358	1.887043	-37.207355	nan	1.0	987500	24355.72008085251
395	-19.34	-19.34	-8.0	-2.1091542	3.3805375	1.831562	-40.06463	nan	1.0	990000	24416.654863595963
396	-20.8	-20.8	-12.4	-2.0938332	3.3544745	2.3047905	-37.153927	nan	1.0	992500	24476.755518436432
397	-19.0	-19.0	-11.2	-2.091684	3.3617249	2.1785927	-36.011482	nan	1.0	995000	24537.40840601921
398	-18.82	-18.82	-13.6	-2.082344	3.3614407	2.8447456	-37.16811	nan	1.0	997500	24597.11058306694
399	-19.86	-19.86	-11.0	-2.08636	3.359749	2.8370686	-38.88529	nan	1.0	1000000	24656.969972133636
400	-22.18	-22.18	-17.300001	-2.0878446	3.3644066	2.0228767	-34.261757	nan	0.8	1002500	24716.44473004341
401	-22.4	-22.4	-9.900001	-2.069117	3.3314629	2.457615	-35.78917	nan	1.0	1005000	24777.665060043335
402	-18.68	-18.68	-11.0	-2.0821211	3.3676822	1.9338379	-41.095695	nan	1.0	1007500	24837.93632388115
403	-21.38	-21.38	-12.9	-2.06678	3.3557234	3.6242332	-40.28122	nan	1.0	1010000	24897.161557912827
404	-22.58	-22.58	-12.8	-2.0819106	3.3713033	2.456646	-36.862953	nan	1.0	1012500	24958.300407409668
405	-20.84	-20.84	-10.400001	-2.086353	3.3932886	2.6299744	-38.147537	nan	1.0	1015000	25018.93931531906
406	-23.28	-23.28	-13.4	-2.076441	3.4073288	1.9155922	-44.68125	nan	0.9	1017500	25079.576879501343
407	-19.68	-19.68	-7.6	-2.085636	3.4061995	2.9564266	-49.23709	nan	1.0	1020000	25139.209834575653
408	-17.26	-17.26	-13.5	-2.0588932	3.3634834	2.825449	-45.684296	nan	0.9	1022500	25199.601206064224
409	-24.52	-24.52	-15.0	-2.0579286	3.3536453	3.1019993	-46.06449	nan	1.0	1025000	25260.844137191772
410	-21.96	-21.96	-9.5	-2.0653732	3.3591897	3.2877426	-46.800495	nan	1.0	1027500	25321.41354417801
411	-21.34	-21.34	-10.5	-2.0704794	3.3633273	2.7967072	-55.281162	nan	1.0	1030000	25382.215757846832
412	-22.2	-22.2	-10.900001	-2.0694573	3.358351	2.7873764	-48.097614	nan	1.0	1032500	25442.90812087059
413	-26.92	-26.92	-9.8	-2.0774431	3.3766034	2.8110714	-34.912148	nan	1.0	1035000	25503.89733314514
414	-20.6	-20.6	-14.1	-2.0975733	3.3975286	2.5605297	-39.426517	nan	0.9	1037500	25564.907955646515
415	-23.04	-23.04	-10.400001	-2.089252	3.3716488	2.2937126	-40.95455	nan	1.0	1040000	25625.906378507614
416	-16.6	-16.6	-11.8	-2.0775144	3.361917	3.1553326	-35.739254	nan	1.0	1042500	25687.291980028152
417	-22.86	-22.86	-7.4	-2.090477	3.384685	2.0369148	-33.827103	nan	1.0	1045000	25748.34988641739
418	-23.2	-23.2	-10.5	-2.083608	3.3794494	2.8166447	-37.79042	nan	1.0	1047500	25810.026043891907
419	-21.6	-21.6	-13.8	-2.0869472	3.3788834	1.9473953	-41.543343	nan	1.0	1050000	25870.943033456802
420	-23.32	-23.32	-9.900001	-2.0744133	3.347096	2.786745	-42.810627	nan	1.0	1052500	25933.093222379684
421	-19.48	-19.48	-10.8	-2.0719223	3.369699	1.9471798	-47.094994	nan	1.0	1055000	25994.989085435867
422	-20.18	-20.18	-7.6	-2.086557	3.4243586	3.1650658	-49.160477	nan	1.0	1057500	26056.029358148575
423	-21.24	-21.24	-8.900001	-2.081846	3.3881803	2.7616005	-55.392105	nan	1.0	1060000	26117.549985408783
424	-20.66	-20.66	-7.6	-2.0817122	3.361224	1.9575901	-44.810875	nan	1.0	1062500	26178.390543699265
425	-24.68	-24.68	-9.3	-2.0883765	3.3511987	2.1276665	-55.685703	nan	1.0	1065000	26240.336421966553
426	-21.16	-21.16	-9.099999	-2.0792553	3.3386538	2.9806614	-57.460854	nan	1.0	1067500	26302.193689107895
427	-23.14	-23.14	-11.7	-2.0955927	3.3648531	3.0799103	-42.82283	nan	1.0	1070000	26363.105933904648
428	-21.76	-21.76	-7.2	-2.1036606	3.3793335	5.098665	-41.764664	nan	1.0	1072500	26424.84437060356
429	-19.7	-19.7	-11.599999	-2.1054032	3.377845	2.936283	-40.343468	nan	1.0	1075000	26486.382578849792
430	-19.64	-19.64	-11.8	-2.0881233	3.3472614	2.6305313	-37.489704	nan	1.0	1077500	26547.867393493652
431	-20.42	-20.42	-12.9	-2.0746536	3.3407493	1.9929562	-44.865368	nan	0.9	1080000	26607.358397245407
432	-22.48	-22.48	-10.8	-2.0827951	3.346834	2.3411388	-43.63015	nan	1.0	1082500	26665.939628124237
433	-18.96	-18.96	-10.599999	-2.0870893	3.3632748	2.5753632	-43.726883	nan	1.0	1085000	26726.544572114944
434	-19.62	-19.62	-9.5	-2.085172	3.3624806	3.0043297	-45.51113	nan	1.0	1087500	26785.167283058167
435	-18.84	-18.84	-10.3	-2.0953856	3.3708835	2.479002	-32.80258	nan	1.0	1090000	26845.178363084793
436	-21.86	-21.86	-10.400001	-2.0726075	3.3470044	3.8397255	-29.153366	nan	1.0	1092500	26903.63647866249
437	-22.28	-22.28	-10.099999	-2.0648618	3.3301175	3.0663548	-30.446394	nan	1.0	1095000	26962.580739974976
438	-18.0	-18.0	-13.7	-2.0786393	3.3344848	3.3188229	-36.03398	nan	0.9	1097500	27021.757997512817
439	-18.84	-18.84	-13.5	-2.0684204	3.314914	4.3545113	-39.925697	nan	0.9	1100000	27080.72171831131
440	-21.78	-21.78	-11.7	-2.0706172	3.3358166	2.5736256	-34.734085	nan	1.0	1102500	27140.47469973564
441	-18.58	-18.58	-14.2	-2.0723739	3.3341737	1.8864841	-32.474823	nan	0.9	1105000	27198.85060787201
442	-21.98	-21.98	-18.5	-2.052652	3.32504	1.5902653	-36.405113	nan	0.8	1107500	27257.906187534332
443	-23.78	-23.78	-16.1	-2.067728	3.3265111	5.4424896	-36.925728	nan	0.9	1110000	27317.412109851837
444	-20.08	-20.08	-10.099999	-2.0532317	3.3232388	2.2924366	-37.8525	nan	1.0	1112500	27375.33954691887
445	-17.86	-17.86	-9.8	-2.0581076	3.3170667	2.5581493	-35.292236	nan	1.0	1115000	27431.41884803772
446	-22.26	-22.26	-9.099999	-2.046937	3.3135624	4.1196213	-36.5647	nan	1.0	1117500	27484.39289188385
447	-19.98	-19.98	-13.7	-2.0395634	3.3060682	2.7686062	-38.476166	nan	0.9	1120000	27535.45707464218
448	-19.9	-19.9	-10.3	-2.041149	3.3058536	2.5394306	-32.21368	nan	1.0	1122500	27586.88761162758
449	-18.26	-18.26	-14.7	-2.0560894	3.3380382	2.1986618	-32.525436	nan	0.9	1125000	27638.97608065605
450	-19.58	-19.58	-7.7	-2.0450315	3.310634	1.9101467	-31.548653	nan	1.0	1127500	27688.64225745201
451	-17.96	-17.96	-13.6	-2.0147634	3.2723196	2.8104305	-34.0627	nan	1.0	1130000	27736.903302907944
452	-22.36	-22.36	-12.5	-2.0292099	3.302743	3.0098934	-34.543526	nan	1.0	1132500	27783.514033555984
453	-19.24	-19.24	-10.900001	-2.0209506	3.300851	2.868311	-33.066116	nan	1.0	1135000	27828.91923737526
454	-17.92	-17.92	-8.5	-2.0246425	3.297438	3.593607	-34.32189	nan	1.0	1137500	27874.737832069397
455	-20.14	-20.14	-11.2	-2.0195901	3.2868307	3.5072384	-30.48367	nan	1.0	1140000	27919.942653894424
456	-17.42	-17.42	-15.2	-2.011409	3.2924242	2.728321	-31.160805	nan	0.9	1142500	27965.5656747818
457	-21.18	-21.18	-8.8	-2.0188234	3.292429	2.2874527	-30.46628	nan	1.0	1145000	28010.385595798492
458	-21.66	-21.66	-11.099999	-2.0115867	3.279017	2.335043	-34.726795	nan	0.9	1147500	28056.56816625595
459	-21.3	-21.3	-14.8	-2.0323448	3.3261764	2.9447556	-30.856781	nan	0.9	1150000	28101.91115283966
460	-20.08	-20.08	-13.2	-2.0268462	3.3010857	2.640318	-30.654757	nan	1.0	1152500	28145.723482131958
461	-21.16	-21.16	-10.7	-2.0335472	3.3158355	2.394043	-32.085674	nan	0.9	1155000	28189.36080479622
462	-20.98	-20.98	-16.699999	-2.0310075	3.3233566	3.7795486	-30.618898	nan	0.8	1157500	28232.59513282776
463	-22.02	-22.02	-12.9	-2.0335052	3.3144867	2.6835613	-32.52237	nan	1.0	1160000	28275.977819919586
464	-18.56	-18.56	-8.7	-2.037958	3.3260846	2.7177944	-35.862896	nan	1.0	1162500	28320.437043190002
465	-20.36	-20.36	-11.599999	-2.0295637	3.3140187	1.7798557	-30.734936	nan	1.0	1165000	28361.99967980385
466	-21.36	-21.36	-9.099999	-2.0157032	3.2904499	2.587656	-31.570555	nan	1.0	1167500	28403.80188393593
467	-18.44	-18.44	-12.1	-2.0375998	3.3221345	2.106636	-31.676638	nan	1.0	1170000	28446.49126434326
468	-22.0	-22.0	-13.7	-2.0330675	3.3183641	2.6078987	-32.157032	nan	0.9	1172500	28489.57887840271
469	-21.24	-21.24	-14.6	-2.0293026	3.3266857	2.067583	-32.44861	nan	0.9	1175000	28530.853520154953
470	-17.84	-17.84	-11.3	-2.0431805	3.3417838	3.0413342	-33.91861	nan	1.0	1177500	28571.177655935287
471	-23.26	-23.26	-17.800001	-2.0448627	3.3302174	1.7637596	-36.506496	nan	1.0	1180000	28610.913248300552
472	-18.3	-18.3	-10.5	-2.0447333	3.3266683	2.6503773	-31.54367	nan	1.0	1182500	28651.05035853386
473	-21.1	-21.1	-17.699999	-2.0311446	3.315692	2.8104782	-34.55381	nan	0.9	1185000	28691.302810907364
474	-20.18	-20.18	-12.9	-2.0343738	3.3231916	2.6242085	-32.12532	nan	1.0	1187500	28730.400775432587
475	-19.12	-19.12	-17.0	-2.02522	3.3216646	2.1627808	-31.565533	nan	0.9	1190000	28769.376832723618
476	-20.9	-20.9	-13.9	-2.0284557	3.3179297	2.8700428	-33.59449	nan	0.9	1192500	28808.533567905426
477	-20.5	-20.5	-10.599999	-2.0411491	3.3491657	2.310608	-32.249985	nan	1.0	1195000	28847.922813415527
478	-19.72	-19.72	-13.4	-2.0168765	3.3210008	2.1402893	-30.689793	nan	1.0	1197500	28887.221828699112
479	-22.82	-22.82	-14.5	-2.033579	3.3283796	2.1598587	-40.832863	nan	0.9	1200000	28927.241644620895
480	-21.18	-21.18	-11.599999	-2.044337	3.3415403	2.0157719	-34.40394	nan	1.0	1202500	28966.27298760414
481	-23.02	-23.02	-10.8	-2.0576844	3.3502502	2.4361534	-31.60428	nan	0.9	1205000	29005.29141521454
482	-23.66	-23.66	-10.3	-2.048093	3.3420806	2.21389	-32.099167	nan	1.0	1207500	29044.007643461227
483	-21.22	-21.22	-10.599999	-2.0371222	3.3249662	2.0367107	-33.563988	nan	1.0	1210000	29083.034267902374
484	-21.68	-21.68	-9.900001	-2.0599153	3.3490276	3.567852	-38.75316	nan	1.0	1212500	29122.742711782455
485	-18.16	-18.16	-10.7	-2.0423057	3.3285737	4.256607	-33.53326	nan	1.0	1215000	29162.40526676178
486	-20.72	-20.72	-10.099999	-2.0440707	3.3332129	2.9056473	-32.473534	nan	1.0	1217500	29201.018394947052
487	-21.22	-21.22	-15.1	-2.0433028	3.3220656	2.5456429	-44.768295	nan	0.9	1220000	29240.062124729156
488	-21.86	-21.86	-11.8	-2.0510674	3.3410459	2.9923916	-33.55976	nan	1.0	1222500	29279.096698999405
489	-19.92	-19.92	-11.0	-2.0564084	3.337433	2.5844269	-33.966827	nan	1.0	1225000	29317.955707788467
490	-22.32	-22.32	-10.5	-2.0430527	3.3157008	2.343193	-33.938217	nan	1.0	1227500	29357.829236507416
491	-20.0	-20.0	-11.8	-2.0504	3.3368075	3.496067	-35.3452	nan	1.0	1230000	29397.639998674393
492	-23.24	-23.24	-9.5	-2.0346453	3.3107624	2.4218903	-31.64545	nan	1.0	1232500	29435.88880777359
493	-21.22	-21.22	-10.7	-2.0293686	3.3116632	2.8694172	-34.876263	nan	1.0	1235000	29473.963061332703
494	-21.18	-21.18	-13.9	-2.042725	3.3291438	1.7827396	-32.06688	nan	1.0	1237500	29512.87104654312
495	-20.44	-20.44	-13.7	-2.0441267	3.3310914	3.242237	-35.47045	nan	0.9	1240000	29551.14741873741
496	-21.46	-21.46	-10.0	-2.039689	3.3269703	2.01655	-36.219048	nan	1.0	1242500	29588.21984410286
497	-19.2	-19.2	-9.599999	-2.0418987	3.326166	3.3074932	-56.977936	nan	1.0	1245000	29627.229749917984
498	-20.52	-20.52	-9.0	-2.0361712	3.3090365	2.2943077	-33.764618	nan	1.0	1247500	29664.559469223022
499	-22.22	-22.22	-7.7	-2.0329428	3.3211586	2.777357	-33.328934	nan	1.0	1250000	29702.017857074738
