Epoch	EpRet	EpRealRet	TestEpRet	AverageQ1	StdQ1	MaxQ1	MinQ1	Q2	TestSuccess	TotalEnvInteracts	TotalTime
0	-45.04	-45.04	-50.0	4.0081472	8.276253	344.7523	0.37380573	4.0099797	0.0	2500	95.4469723701477
1	-48.48	-48.48	-45.0	8.738572	2.0966253	20.930813	3.8730128	8.6926985	0.1	5000	181.18739914894104
2	-46.0	-46.0	-50.0	7.3266287	1.7597792	13.496719	3.3696952	7.230923	0.0	7500	267.3438684940338
3	-45.0	-45.0	-50.0	5.0780325	1.2815455	11.263878	1.9685625	4.987763	0.0	10000	349.1300308704376
4	-46.0	-46.0	-50.0	3.1547055	0.8479336	6.8650026	1.1432554	3.0962696	0.0	12500	432.2177951335907
5	-45.62	-45.62	-45.0	1.9267452	0.49669892	5.6451616	0.84812593	1.88404	0.1	15000	515.086656332016
6	-48.0	-48.0	-45.0	1.2531147	0.30783138	3.0285616	0.41005397	1.2274302	0.1	17500	596.3056628704071
7	-48.0	-48.0	-45.0	0.8338179	0.1992867	1.953902	0.35338527	0.8180082	0.1	20000	680.5460290908813
8	-44.0	-44.0	-35.0	0.59740114	0.15237	1.7051737	0.26596376	0.5882888	0.3	22500	763.5301375389099
9	-46.6	-46.6	-50.0	0.4413734	0.11382929	1.2982132	0.20566037	0.43254614	0.0	25000	847.72656416893
10	-48.0	-48.0	-40.0	0.32058713	0.07825351	0.9311111	0.15349749	0.3140191	0.2	27500	929.4324316978455
11	-48.0	-48.0	-50.0	0.27799717	0.10211295	1.4680383	0.1371938	0.26708853	0.0	30000	1008.3637495040894
12	-47.0	-47.0	-45.0	0.2297282	0.09079082	1.1841826	0.10598409	0.2178571	0.1	32500	1086.2930054664612
13	-48.82	-48.82	-50.0	0.21050473	0.10276545	2.2475014	0.09283148	0.20302951	0.0	35000	1164.3980300426483
14	-46.66	-46.66	-50.0	0.20058113	0.10585248	1.2617022	0.07493502	0.18693875	0.0	37500	1244.6699550151825
15	-48.02	-48.02	-40.0	0.19788447	0.12199022	1.4472651	0.06584966	0.18616122	0.2	40000	1324.241923570633
16	-47.32	-47.32	-50.0	0.21486974	0.14527313	1.843837	0.0696646	0.19979452	0.0	42500	1405.3267254829407
17	-47.32	-47.32	-45.0	0.23402843	0.17599025	3.1618893	0.05310766	0.22351456	0.1	45000	1486.713505744934
18	-46.56	-46.56	-45.0	0.23938708	0.15537113	1.414975	0.062013723	0.23015799	0.1	47500	1566.2870588302612
19	-46.34	-46.34	-46.0	0.25093883	0.17808515	2.9525504	0.059920114	0.23489228	0.1	50000	1646.3236899375916
20	-46.88	-46.88	-45.0	0.2490293	0.18012144	2.8016002	0.062475175	0.23711717	0.1	52500	1724.4639105796814
21	-46.16	-46.16	-45.5	0.24930786	0.18045072	2.9140546	0.067351826	0.22969827	0.1	55000	1804.00674533844
22	-47.96	-47.96	-50.0	0.23563765	0.16336432	1.752007	0.056247573	0.21533355	0.0	57500	1883.4693276882172
23	-45.96	-45.96	-45.0	0.245514	0.1875723	2.7654982	0.04352396	0.22869985	0.1	60000	1963.8546755313873
24	-46.96	-46.96	-50.0	0.24325351	0.17846294	2.435732	0.053915203	0.21552256	0.0	62500	2042.702156305313
25	-49.0	-49.0	-49.3	0.29434752	0.23077637	2.4844239	0.054534912	0.2614841	0.0	65000	2123.1255915164948
26	-49.0	-49.0	-44.600002	0.2746634	0.22076373	2.7132812	0.06562019	0.24706589	0.1	67500	2200.799857378006
27	-47.16	-47.16	-50.0	0.3062785	0.32757607	5.2117395	0.0759727	0.28134805	0.0	70000	2280.3360295295715
28	-47.0	-47.0	-50.0	0.32098284	0.3440451	4.5919347	0.055890568	0.2961807	0.0	72500	2356.679761648178
29	-48.96	-48.96	-50.0	0.3553819	0.40422624	7.7938046	0.066907965	0.32982323	0.0	75000	2435.5376217365265
30	-47.24	-47.24	-50.0	0.35124195	0.3472815	3.5610998	0.055241644	0.32273737	0.0	77500	2512.4498839378357
31	-46.0	-46.0	-50.0	0.31741112	0.42165163	12.175679	0.054444674	0.28008318	0.0	80000	2588.4275081157684
32	-44.98	-44.98	-50.0	0.2730104	0.24213754	2.6436477	0.06145158	0.24525215	0.0	82500	2665.3253512382507
33	-48.2	-48.2	-44.7	0.29790014	0.43119276	13.645213	0.053520545	0.28246284	0.1	85000	2741.815376996994
34	-43.36	-43.36	-45.0	0.27680025	0.27545604	4.4823666	0.0468584	0.27287447	0.1	87500	2818.2682209014893
35	-50.0	-50.0	-50.0	0.2916141	0.33515057	5.6270027	0.055568144	0.27547827	0.0	90000	2896.197735309601
36	-47.9	-47.9	-50.0	0.29578698	0.34661025	6.4813	0.0644179	0.28098884	0.0	92500	2971.994777202606
37	-43.3	-43.3	-50.0	0.360389	0.47865954	6.857338	0.07284345	0.34365836	0.0	95000	3050.893529176712
38	-46.04	-46.04	-50.0	0.31527746	0.3722601	5.923797	0.0574963	0.2963141	0.0	97500	3127.8597507476807
39	-46.0	-46.0	-50.0	0.33862603	0.37440446	5.355865	0.053750426	0.3309832	0.0	100000	3207.6062495708466
40	-43.12	-43.12	-50.0	0.3140153	0.39428958	7.7034516	0.050533596	0.30112588	0.0	102500	3284.6285400390625
41	-47.98	-47.98	-50.0	0.3107829	0.34881565	5.104196	0.046653718	0.29217142	0.0	105000	3361.02459859848
42	-47.2	-47.2	-50.0	0.3449533	0.37609726	6.5573235	0.055706143	0.3157844	0.0	107500	3437.1970598697662
43	-44.92	-44.92	-45.0	0.33047372	0.33201134	4.2806454	0.044314288	0.30979103	0.1	110000	3512.5361421108246
44	-46.14	-46.14	-50.0	0.37311402	0.47493947	7.825931	0.06831679	0.33285376	0.0	112500	3590.1983273029327
45	-49.3	-49.3	-45.0	0.3905869	0.46847096	9.112168	0.06394313	0.36163142	0.1	115000	3665.315818786621
46	-45.64	-45.64	-40.0	0.39152473	0.4767791	6.678281	0.0616006	0.3660924	0.2	117500	3741.774787425995
47	-41.96	-41.96	-45.0	0.3500912	0.36800763	5.07281	0.07267302	0.32794237	0.1	120000	3819.6952106952667
48	-47.0	-47.0	-46.6	0.34425935	0.43351585	9.915139	0.062226426	0.31840882	0.1	122500	3899.1636419296265
49	-42.76	-42.76	-45.0	0.3523209	0.4201646	6.1525636	0.058574807	0.33152214	0.1	125000	3974.1797099113464
50	-42.82	-42.82	-45.899998	0.38915324	0.4540549	5.510782	0.054833774	0.3672324	0.1	127500	4049.031061410904
51	-49.5	-49.5	-49.5	0.38400328	0.45785475	8.277558	0.05722693	0.36581677	0.0	130000	4125.728082418442
52	-45.46	-45.46	-44.399998	0.4323221	0.50518876	8.108662	0.07116595	0.40666425	0.1	132500	4199.976983547211
53	-48.44	-48.44	-41.100002	0.42260674	0.57856965	14.121334	0.07917158	0.4002417	0.2	135000	4275.620342731476
54	-46.9	-46.9	-45.0	0.42063147	0.48308745	8.316599	0.07118246	0.3823111	0.1	137500	4354.12055182457
55	-47.04	-47.04	-50.0	0.49418142	0.6694855	9.3615055	0.07652106	0.4661761	0.0	140000	4428.197133779526
56	-46.6	-46.6	-50.0	0.45167944	0.61060196	12.099535	0.07978466	0.4236806	0.0	142500	4504.428493976593
57	-45.7	-45.7	-45.0	0.5983392	1.3000625	38.577984	0.08463459	0.58304507	0.1	145000	4580.513187408447
58	-45.34	-45.34	-50.0	0.7151881	2.0988944	56.00519	0.0884587	0.6904571	0.0	147500	4654.763424873352
59	-45.52	-45.52	-42.8	0.7408719	1.648462	38.157707	0.106967956	0.69790816	0.1	150000	4729.577680110931
60	-46.38	-46.38	-50.0	0.6807767	1.3616887	24.609842	0.09553325	0.6507071	0.0	152500	4804.665981531143
61	-48.4	-48.4	-50.0	0.6151111	1.209821	27.306122	0.09139131	0.6000872	0.0	155000	4878.598755836487
62	-42.32	-42.32	-45.0	0.53788584	1.0731841	33.39019	0.08951785	0.506943	0.1	157500	4954.921838760376
63	-45.76	-45.76	-49.5	0.5628978	0.95753187	14.809828	0.0899396	0.5225499	0.0	160000	5029.8390073776245
64	-44.34	-44.34	-50.0	0.47989643	0.49945682	6.0420156	0.094315544	0.4390279	0.0	162500	5106.126599788666
65	-49.64	-49.64	-45.0	0.5313538	0.8030786	17.758944	0.08387412	0.50100917	0.1	165000	5181.419356584549
66	-46.86	-46.86	-40.899998	0.4878391	0.59348404	9.115278	0.0860296	0.4498808	0.2	167500	5256.394659280777
67	-46.8	-46.8	-37.7	0.51891196	0.6966367	11.880698	0.09036416	0.48472536	0.3	170000	5329.900646209717
68	-46.9	-46.9	-50.0	0.5293203	0.7116854	11.440327	0.09195648	0.49381718	0.0	172500	5403.80345582962
69	-46.28	-46.28	-40.0	0.53011084	0.771908	22.406563	0.081080236	0.49386445	0.2	175000	5478.3629994392395
70	-44.12	-44.12	-31.1	0.67338735	2.2884152	85.41795	0.09333913	0.6378068	0.4	177500	5554.507134914398
71	-43.3	-43.3	-50.0	0.93554187	3.3779569	83.91822	0.10368801	0.8970812	0.0	180000	5629.762588024139
72	-46.04	-46.04	-50.0	0.9159922	3.224106	86.54644	0.10444186	0.8670815	0.0	182500	5703.2198004722595
73	-46.36	-46.36	-44.7	0.850896	1.4906563	32.4203	0.12948969	0.7863728	0.1	185000	5778.935419797897
74	-48.54	-48.54	-50.0	0.81437886	1.4369859	36.31897	0.12589994	0.77434576	0.0	187500	5853.767552852631
75	-44.06	-44.06	-50.0	0.80194515	1.4565398	29.206333	0.104546726	0.78339577	0.0	190000	5927.972534656525
76	-44.9	-44.9	-45.0	0.94476634	2.6160011	75.4021	0.13125363	0.940204	0.1	192500	6002.893158912659
77	-45.12	-45.12	-50.0	1.0887713	3.369736	85.554146	0.12434691	1.0424658	0.0	195000	6078.2980897426605
78	-45.2	-45.2	-50.0	1.1389304	3.8520322	114.63729	0.12013797	1.1148201	0.0	197500	6152.10494184494
79	-46.28	-46.28	-50.0	1.1554152	4.0723333	113.02579	0.12754822	1.1109084	0.0	200000	6227.800989866257
80	-46.2	-46.2	-40.7	0.9796729	2.8816307	80.30047	0.11632571	0.94679844	0.2	202500	6300.934142589569
81	-43.38	-43.38	-33.8	0.883979	1.7311667	52.79811	0.11579031	0.83173996	0.4	205000	6375.648859739304
82	-42.74	-42.74	-50.0	0.9574313	0.9964667	11.157217	0.13906178	0.87872314	0.0	207500	6448.696268796921
83	-46.1	-46.1	-50.0	1.0166675	1.4695914	27.94036	0.14279799	0.96548575	0.0	210000	6522.0225965976715
84	-45.04	-45.04	-45.0	0.9136916	1.3776168	34.02838	0.1276112	0.8719278	0.1	212500	6594.682136774063
85	-44.44	-44.44	-40.0	0.80882716	0.8978203	20.195795	0.11273873	0.7510341	0.2	215000	6669.935898542404
86	-46.42	-46.42	-45.0	0.8101482	0.8182981	15.940193	0.13192807	0.7530399	0.1	217500	6744.862317323685
87	-46.1	-46.1	-50.0	0.78547627	0.85139984	13.122801	0.14745584	0.7163765	0.0	220000	6818.754668712616
88	-45.64	-45.64	-50.0	0.8458502	0.98999363	21.021017	0.13769498	0.7909539	0.0	222500	6893.009789466858
89	-43.26	-43.26	-45.8	0.79447496	0.8523723	14.829877	0.10007474	0.7590376	0.1	225000	6968.041344881058
90	-44.08	-44.08	-45.0	0.81183994	0.86888975	10.924197	0.0849714	0.76681215	0.1	227500	7042.978094816208
91	-44.04	-44.04	-45.0	0.80621326	0.8549716	15.36459	0.12959048	0.7643059	0.1	230000	7117.72375869751
92	-46.34	-46.34	-36.3	0.7701952	0.8546685	12.962891	0.107418336	0.7384857	0.4	232500	7190.190079689026
93	-42.9	-42.9	-39.899998	0.8261701	0.922104	10.788686	0.13114713	0.79954934	0.2	235000	7263.0422620773315
94	-42.26	-42.26	-32.7	0.7564632	0.8542899	17.186811	0.10182602	0.7052761	0.4	237500	7337.2605175971985
95	-44.48	-44.48	-45.899998	0.76321405	0.8485117	14.685309	0.07991013	0.73120874	0.1	240000	7411.323888301849
96	-43.86	-43.86	-35.0	0.71392846	0.7269731	7.995372	0.10568225	0.69012463	0.4	242500	7484.709745645523
97	-45.96	-45.96	-34.100002	0.69947165	0.6801719	7.7555017	0.11583115	0.674445	0.5	245000	7559.4464473724365
98	-43.36	-43.36	-34.100002	0.7206037	0.78209007	12.26816	0.12303066	0.6898429	0.4	247500	7636.672580718994
99	-41.64	-41.64	-35.5	0.70421094	0.77591646	10.452416	0.109015	0.6745718	0.3	250000	7710.422894001007
100	-43.22	-43.22	-41.7	0.75566137	0.79225034	12.25574	0.11286959	0.71513027	0.4	252500	7785.663615465164
101	-41.5	-41.5	-30.4	0.7547414	0.76951915	12.2761135	0.134933	0.7271443	0.4	255000	7861.478652477264
102	-42.88	-42.88	-37.8	0.71161455	0.7973434	13.30008	0.13988432	0.694026	0.3	257500	7936.127346038818
103	-38.52	-38.52	-48.5	0.7535571	0.80310994	10.198014	0.118932426	0.7191371	0.0	260000	8009.868306875229
104	-40.58	-40.58	-40.600002	0.7806394	0.7755441	8.588533	0.11212676	0.7556836	0.2	262500	8083.674815654755
105	-41.42	-41.42	-30.7	0.7754691	0.807254	15.8239155	0.13369952	0.7558771	0.4	265000	8158.641752481461
106	-37.42	-37.42	-39.0	0.80981886	0.88414896	15.0452795	0.14640725	0.7987909	0.2	267500	8234.111189126968
107	-42.3	-42.3	-44.600002	0.8132797	0.7565593	9.250392	0.15382373	0.7940111	0.4	270000	8307.71977519989
108	-42.62	-42.62	-33.600002	0.80291843	0.6795665	6.8189306	0.12530103	0.7823491	0.3	272500	8381.571038246155
109	-38.52	-38.52	-42.899998	0.81676567	0.7714233	11.4575815	0.13345115	0.79581267	0.1	275000	8455.852962493896
110	-41.02	-41.02	-27.5	0.906368	0.88078916	10.494527	0.17490095	0.87278247	0.5	277500	8529.66794848442
111	-40.92	-40.92	-40.5	0.9866536	0.9298676	13.352777	0.15448198	0.9522223	0.3	280000	8602.747438669205
112	-36.96	-36.96	-45.899998	0.97546935	1.0887293	18.843763	0.16391546	0.927499	0.2	282500	8677.80417895317
113	-36.1	-36.1	-37.7	0.9911865	1.2234148	28.205965	0.15004358	0.968809	0.3	285000	8751.319058656693
114	-38.24	-38.24	-40.100002	1.0176529	1.0410987	18.37746	0.16126308	0.9856015	0.3	287500	8824.92994427681
115	-40.66	-40.66	-27.9	1.0290395	1.020112	26.946207	0.20168456	0.989167	0.6	290000	8898.606083154678
116	-36.06	-36.06	-40.3	1.0605898	0.8781916	13.068285	0.19787587	1.0182152	0.2	292500	8973.65777516365
117	-36.22	-36.22	-32.5	1.0922817	0.9474059	13.5859375	0.19179854	1.0586945	0.5	295000	9047.884392261505
118	-40.08	-40.08	-30.7	1.2345551	1.1401889	12.388592	0.20918222	1.1791131	0.5	297500	9121.797119617462
119	-39.42	-39.42	-25.5	1.2103788	1.0473208	19.388689	0.23561066	1.1760082	0.6	300000	9196.43399810791
120	-34.92	-34.92	-31.8	1.2502437	1.0934685	14.911811	0.2587654	1.2118497	0.4	302500	9269.100768089294
121	-38.8	-38.8	-33.3	1.2794805	1.0711306	14.573372	0.28860766	1.2368374	0.3	305000	9342.608656644821
122	-37.18	-37.18	-34.8	1.329106	1.1889689	14.167857	0.2423611	1.2869917	0.4	307500	9416.167910575867
123	-33.64	-33.64	-30.7	1.4115195	1.304207	17.981144	0.27684337	1.3606358	0.6	310000	9488.676896095276
124	-34.74	-34.74	-28.1	1.4790118	1.3954788	17.474579	0.2791	1.4313309	0.6	312500	9562.180632829666
125	-34.56	-34.56	-37.100002	1.3977671	1.1242825	15.343145	0.299173	1.3608164	0.5	315000	9638.152763843536
126	-35.42	-35.42	-28.2	1.3378137	1.0217428	11.993957	0.31656212	1.2997359	0.6	317500	9712.102808237076
127	-38.78	-38.78	-31.4	1.3778187	1.1302991	13.226686	0.28152198	1.3277466	0.5	320000	9786.903778791428
128	-32.04	-32.04	-30.3	1.2960159	1.0099318	11.095273	0.31114566	1.2557044	0.6	322500	9862.202342033386
129	-39.12	-39.12	-31.3	1.3784989	1.0745908	14.561436	0.28934258	1.3442132	0.4	325000	9937.911750793457
130	-35.58	-35.58	-27.6	1.3125371	1.1415901	16.351276	0.28458908	1.2452968	0.5	327500	10013.779379606247
131	-33.34	-33.34	-26.8	1.3231612	1.1004179	13.533779	0.25724941	1.2877929	0.5	330000	10087.811561584473
132	-35.82	-35.82	-31.1	1.2970095	1.0438445	18.459469	0.29716563	1.2710308	0.4	332500	10162.341023921967
133	-33.26	-33.26	-33.899998	1.365053	1.1242427	15.549439	0.29271853	1.3156434	0.5	335000	10236.790280342102
134	-30.6	-30.6	-28.0	1.4446542	1.240137	15.785212	0.31851292	1.415845	0.6	337500	10311.310587644577
135	-33.68	-33.68	-30.8	1.430834	1.1783235	16.860868	0.36978722	1.3899201	0.4	340000	10383.688816785812
136	-34.06	-34.06	-23.8	1.4286983	1.064286	12.765626	0.33639902	1.4020451	0.7	342500	10457.234766721725
137	-34.38	-34.38	-25.3	1.5278064	1.2568237	18.67731	0.29833254	1.4890053	0.5	345000	10531.314326286316
138	-35.08	-35.08	-22.300001	1.4695426	1.2481651	19.690544	0.33868164	1.4234328	0.9	347500	10606.618251800537
139	-35.36	-35.36	-20.0	1.4912975	1.1800472	20.873983	0.38922226	1.4459962	0.8	350000	10681.626811742783
140	-30.72	-30.72	-32.899998	1.5568501	1.218526	22.324656	0.29738498	1.4944023	0.5	352500	10756.550545692444
141	-33.3	-33.3	-25.9	1.6094468	1.2675531	21.446823	0.41029024	1.5328581	0.8	355000	10832.735290050507
142	-26.44	-26.44	-27.7	1.5584922	1.3538592	25.27036	0.3710732	1.513418	0.6	357500	10908.415093660355
143	-31.68	-31.68	-25.2	1.5330603	1.2362761	24.130602	0.3068652	1.4733001	0.6	360000	10984.742111206055
144	-28.1	-28.1	-27.7	1.5126975	1.1596203	17.073183	0.3725455	1.47145	0.5	362500	11060.16841173172
145	-31.12	-31.12	-29.1	1.5392843	1.2775867	28.948305	0.3713054	1.5339626	0.5	365000	11136.000854253769
146	-30.38	-30.38	-28.2	1.5369602	1.2778078	20.359238	0.35011446	1.5254956	0.5	367500	11212.667717218399
147	-27.76	-27.76	-31.1	1.5221927	1.2881538	26.243765	0.35882968	1.4945947	0.5	370000	11288.937200307846
148	-27.24	-27.24	-32.100002	1.4871585	1.3062501	22.607576	0.34298068	1.4508035	0.4	372500	11363.547857522964
149	-32.92	-32.92	-21.199999	1.591096	1.5291569	21.450714	0.368706	1.5377798	1.0	375000	11440.494997501373
150	-30.62	-30.62	-37.7	1.5321423	1.3156042	19.251873	0.3487038	1.4980662	0.4	377500	11515.998903274536
151	-28.64	-28.64	-13.2	1.4935498	1.3839211	18.660738	0.41171384	1.440887	0.8	380000	11592.781600236893
152	-27.66	-27.66	-17.9	1.4581065	1.254956	21.38557	0.31733432	1.4284918	0.8	382500	11668.91978931427
153	-26.46	-26.46	-28.6	1.4901023	1.1640459	18.295452	0.38287956	1.4361672	0.7	385000	11743.525023698807
154	-26.04	-26.04	-17.6	1.5191734	1.2171947	18.96028	0.42696893	1.4933751	0.8	387500	11818.542252779007
155	-24.74	-24.74	-22.300001	1.5161979	1.1908237	21.257948	0.36868593	1.4550557	0.9	390000	11893.182522058487
156	-22.62	-22.62	-28.8	1.428009	1.2987764	19.447355	0.40874445	1.3607329	0.6	392500	11968.529539346695
157	-28.48	-28.48	-29.3	1.3809991	1.1846702	17.65134	0.38081497	1.3150786	0.4	395000	12043.739611387253
158	-26.98	-26.98	-18.300001	1.4438796	1.3020345	21.40929	0.41828895	1.4084184	0.8	397500	12119.23998618126
159	-23.94	-23.94	-13.9	1.3861611	1.1317433	20.903513	0.38375098	1.3664926	0.9	400000	12195.62268614769
160	-25.62	-25.62	-11.400001	1.3530117	1.2851877	33.35742	0.35315478	1.2930577	0.9	402500	12270.921747207642
161	-30.52	-30.52	-18.0	1.3717347	1.3050112	23.625036	0.35668945	1.3141531	0.9	405000	12347.560683488846
162	-25.64	-25.64	-20.699999	1.3913342	1.1046906	12.733544	0.36739168	1.3549021	0.9	407500	12422.444044351578
163	-27.28	-27.28	-18.6	1.3045627	1.0373883	15.274797	0.3649105	1.2524041	0.7	410000	12498.1237783432
164	-25.16	-25.16	-30.7	1.3130107	1.1601849	17.087856	0.35979795	1.2637469	0.9	412500	12573.748521089554
165	-29.7	-29.7	-23.0	1.2821349	1.1925367	18.923315	0.3993459	1.2344575	0.8	415000	12649.460050582886
166	-25.62	-25.62	-20.9	1.2415266	0.9782295	13.747271	0.3764968	1.1993825	0.7	417500	12723.55414056778
167	-27.72	-27.72	-15.9	1.2074995	0.9593246	16.141182	0.29730156	1.1768521	0.9	420000	12799.980180978775
168	-26.54	-26.54	-20.699999	1.2777605	1.0698576	14.570109	0.32413787	1.2557243	0.7	422500	12874.514778852463
169	-24.64	-24.64	-17.5	1.2438242	1.050255	15.124039	0.29775468	1.1982443	0.9	425000	12949.617785692215
170	-27.24	-27.24	-19.4	1.3306446	1.1360542	17.222824	0.37006456	1.3044145	0.8	427500	13024.583892822266
171	-25.62	-25.62	-23.7	1.3278741	1.0188528	11.693855	0.38122362	1.2981807	0.7	430000	13098.4347717762
172	-24.4	-24.4	-10.3	1.2763171	0.9576668	11.46737	0.32569999	1.2293369	1.0	432500	13172.220060825348
173	-21.62	-21.62	-16.0	1.2318537	0.9291455	11.578044	0.36193728	1.1821734	0.9	435000	13245.328285455704
174	-23.2	-23.2	-19.9	1.2246995	0.93154126	12.8518305	0.36256415	1.2005916	0.9	437500	13318.866711139679
175	-26.16	-26.16	-21.9	1.1566355	0.8933871	16.32053	0.32138383	1.1554785	0.7	440000	13393.719012498856
176	-25.34	-25.34	-15.1	1.2161514	1.0250537	13.98315	0.33438063	1.2052128	0.9	442500	13466.225450515747
177	-22.1	-22.1	-20.699999	1.1749153	1.0112251	18.667532	0.30721247	1.1517786	0.8	445000	13539.364398241043
178	-25.58	-25.58	-19.199999	1.1519482	0.97453535	19.119778	0.26914155	1.1165955	0.8	447500	13613.538690805435
179	-20.88	-20.88	-14.3	1.1134671	0.945625	17.402815	0.3547925	1.095894	0.9	450000	13689.338983535767
180	-20.24	-20.24	-13.1	1.105862	0.88184434	15.762703	0.33877993	1.072664	1.0	452500	13762.928233623505
181	-20.62	-20.62	-12.3	1.0730674	0.85485995	14.358724	0.3087867	1.0361669	1.0	455000	13839.486775398254
182	-27.2	-27.2	-14.7	1.0488003	0.79805434	12.130543	0.3293069	1.0154487	1.0	457500	13912.947788953781
183	-23.96	-23.96	-7.4	1.056218	0.7460681	11.303592	0.30976275	1.0423706	1.0	460000	13988.857079744339
184	-24.66	-24.66	-12.7	1.1021512	0.94459915	14.47419	0.29110986	1.0552472	1.0	462500	14065.945942163467
185	-23.84	-23.84	-17.5	1.0510446	0.9152672	21.436613	0.26564673	1.0404931	0.8	465000	14142.27025794983
186	-21.88	-21.88	-12.9	1.1135696	0.8288911	9.833843	0.3106295	1.0864569	1.0	467500	14219.583154678345
187	-21.22	-21.22	-9.2	1.1367508	0.96339935	19.632608	0.29215315	1.1058296	1.0	470000	14298.906594276428
188	-22.06	-22.06	-13.2	1.1686546	1.324523	20.535795	0.26096326	1.159674	0.8	472500	14374.261773586273
189	-24.84	-24.84	-15.0	1.1600242	1.1770453	19.070929	0.25358006	1.1432177	0.9	475000	14451.06101346016
190	-17.4	-17.4	-19.5	1.1558284	2.3166568	94.73581	0.34792143	1.12083	0.9	477500	14527.641981124878
191	-20.5	-20.5	-18.800001	1.1240823	2.7630835	116.03264	0.33165717	1.1145217	1.0	480000	14604.077019453049
192	-24.52	-24.52	-14.3	1.1446666	1.2254692	24.735767	0.2716822	1.1278106	1.0	482500	14679.216569423676
193	-21.92	-21.92	-17.4	1.089605	1.7993895	70.37733	0.27587402	1.0914824	1.0	485000	14755.251818656921
194	-19.66	-19.66	-14.5	1.1156603	2.0736365	70.23998	0.35930824	1.1045926	1.0	487500	14828.618322372437
195	-22.88	-22.88	-13.8	1.0884589	1.61258	58.335716	0.26853168	1.0378234	0.9	490000	14904.894048213959
196	-18.66	-18.66	-9.5	1.054479	0.95939434	21.070654	0.33306742	1.0630051	1.0	492500	14979.946379899979
197	-20.18	-20.18	-18.0	1.0871363	1.0026028	19.747774	0.30723202	1.0785007	0.9	495000	15055.662053108215
198	-20.88	-20.88	-13.6	1.0422063	0.77542466	10.257638	0.293975	1.0349263	0.9	497500	15130.12596154213
199	-20.96	-20.96	-16.800001	0.9759476	0.83838594	20.51698	0.30181706	0.94032156	0.8	500000	15207.107930898666
200	-20.94	-20.94	-9.3	0.94392335	0.71359175	11.195061	0.2827003	0.96622264	1.0	502500	15283.166651248932
201	-20.38	-20.38	-21.199999	0.99471056	0.99296904	23.322786	0.26190317	0.9962954	0.8	505000	15359.535799503326
202	-20.66	-20.66	-13.8	0.91723365	0.82018334	18.158852	0.2763761	0.93053687	0.9	507500	15434.684050321579
203	-21.58	-21.58	-14.7	0.9753076	1.1697042	38.542877	0.23707126	0.93818784	1.0	510000	15510.312872171402
204	-21.38	-21.38	-15.8	1.0238514	1.9115187	58.686108	0.28556848	1.0464435	1.0	512500	15585.180146932602
205	-23.84	-23.84	-16.699999	1.0120318	1.1801065	34.755943	0.29755425	1.034422	1.0	515000	15660.845240592957
206	-24.6	-24.6	-11.400001	0.9800498	0.8151411	14.179356	0.27803737	0.97286814	1.0	517500	15735.441015005112
207	-21.72	-21.72	-15.1	1.0124513	0.9281075	19.369267	0.2780453	1.0290667	0.9	520000	15811.488191604614
208	-20.04	-20.04	-18.4	0.98555017	0.80186	12.906928	0.26627785	0.98100793	0.8	522500	15887.127754926682
209	-22.44	-22.44	-20.4	0.9204908	0.6954546	10.463396	0.26683977	0.9292843	0.7	525000	15962.386978387833
210	-22.64	-22.64	-20.199999	0.93895787	0.9326165	16.718046	0.2875413	0.9339039	0.8	527500	16037.678256750107
211	-23.06	-23.06	-13.0	0.89019614	1.2954533	52.22937	0.21569726	0.8932116	1.0	530000	16112.89220070839
212	-22.48	-22.48	-14.5	0.90037096	0.8626556	21.048283	0.29243976	0.8842689	0.9	532500	16188.134260892868
213	-24.94	-24.94	-10.7	0.84964025	0.69169	13.531691	0.24444309	0.8660652	1.0	535000	16265.901332378387
214	-25.36	-25.36	-11.0	0.88414353	0.74798024	13.255033	0.23090468	0.88667226	1.0	537500	16340.942260980606
215	-19.46	-19.46	-10.8	0.8788626	1.2319248	46.13478	0.2407358	0.8973926	1.0	540000	16417.97956609726
216	-21.2	-21.2	-14.6	0.8308082	0.7746437	13.177946	0.25840196	0.8230722	1.0	542500	16492.857117176056
217	-20.94	-20.94	-10.8	0.7609751	0.55049527	9.348785	0.24383005	0.74419475	1.0	545000	16568.54500722885
218	-20.64	-20.64	-16.699999	0.7408079	0.8642797	29.413177	0.18187737	0.7457257	0.9	547500	16645.46848511696
219	-20.64	-20.64	-11.8	0.6735428	0.4855287	10.923924	0.22580968	0.68169415	1.0	550000	16721.73014640808
220	-21.72	-21.72	-13.6	0.6710912	0.5587257	13.438037	0.21359035	0.67997676	0.9	552500	16796.383149147034
221	-21.24	-21.24	-16.699999	0.66273993	0.6909557	21.929375	0.18060389	0.65908587	0.9	555000	16871.14820098877
222	-21.96	-21.96	-12.0	0.63114697	0.39554313	4.9972486	0.20559369	0.62001187	0.9	557500	16947.22518157959
223	-21.0	-21.0	-11.0	0.63891023	0.46147794	8.214387	0.20668292	0.6349989	1.0	560000	17022.49349617958
224	-17.8	-17.8	-14.6	0.6151411	0.3828981	6.799034	0.15008157	0.62447035	0.9	562500	17098.248597860336
225	-23.24	-23.24	-17.699999	0.6193311	0.44934362	8.754447	0.19654554	0.62825084	0.9	565000	17174.34114408493
226	-20.18	-20.18	-11.0	0.63417906	0.76478	23.471312	0.21582168	0.63099927	0.9	567500	17251.22199988365
227	-24.92	-24.92	-9.400001	0.61039644	0.4520905	8.557205	0.20411074	0.61532426	1.0	570000	17331.020126581192
228	-22.2	-22.2	-20.199999	0.60281175	0.3877952	6.5956993	0.19822748	0.593848	0.9	572500	17406.555549144745
229	-23.14	-23.14	-11.7	0.60077256	0.40946487	5.733069	0.20706344	0.60097057	0.9	575000	17481.92350101471
230	-18.46	-18.46	-10.7	0.584566	0.346402	4.9556584	0.19394013	0.5878425	1.0	577500	17558.86337852478
231	-23.42	-23.42	-14.9	0.5994061	0.44071046	7.5430937	0.18816088	0.58699036	0.9	580000	17635.216103315353
232	-21.4	-21.4	-12.9	0.6724502	0.6191162	11.307122	0.20071474	0.6680525	0.9	582500	17711.666216373444
233	-19.92	-19.92	-9.8	0.6422323	0.47797796	6.3596473	0.16696516	0.6471395	1.0	585000	17788.176025629044
234	-18.42	-18.42	-11.8	0.6482384	0.53739804	9.6786	0.21968338	0.6390245	1.0	587500	17864.24143218994
235	-17.9	-17.9	-12.7	0.6460548	0.46421397	6.814891	0.16723639	0.6385113	1.0	590000	17941.87086367607
236	-20.3	-20.3	-13.9	0.659203	0.52869004	12.645308	0.1979019	0.66038495	0.9	592500	18021.123931646347
237	-21.98	-21.98	-7.6	0.6930309	0.8554876	26.955544	0.19699933	0.6854255	1.0	595000	18098.454944610596
238	-21.26	-21.26	-14.4	0.68129474	0.91836154	32.954918	0.20529026	0.67814076	1.0	597500	18174.349729537964
239	-21.88	-21.88	-14.7	0.77820385	1.4802239	40.497906	0.20737687	0.7868683	0.8	600000	18250.732315778732
240	-20.06	-20.06	-10.3	0.7499442	0.850719	19.432436	0.22116402	0.7686636	1.0	602500	18327.003170251846
241	-20.86	-20.86	-9.2	0.7198571	0.6113927	10.57636	0.2176031	0.71265954	1.0	605000	18403.820686101913
242	-21.72	-21.72	-12.0	0.7222609	0.94229865	23.730526	0.21126169	0.7110575	0.9	607500	18478.868552923203
243	-17.14	-17.14	-16.199999	0.7044397	0.7642165	12.4754715	0.18745083	0.71134377	1.0	610000	18554.517839193344
244	-22.9	-22.9	-9.400001	0.71399474	1.0238721	25.389482	0.22039947	0.72031355	1.0	612500	18630.554312705994
245	-20.66	-20.66	-11.5	0.7402539	0.9794805	24.403412	0.21133289	0.7391595	1.0	615000	18706.75585746765
246	-19.36	-19.36	-17.699999	0.66796	0.8001658	18.016737	0.2159524	0.66239977	0.8	617500	18781.88839840889
247	-17.4	-17.4	-9.0	0.65189624	0.82864404	22.515762	0.18770814	0.6483923	1.0	620000	18856.041149139404
248	-22.34	-22.34	-7.4	0.6922794	0.69647706	11.220768	0.19453892	0.67523795	1.0	622500	18934.224899291992
249	-18.14	-18.14	-12.0	0.67735285	0.70360523	12.465397	0.17410448	0.6459673	1.0	625000	19011.329402685165
250	-19.24	-19.24	-10.3	0.62703526	0.68388736	12.3728	0.17493978	0.6307797	1.0	627500	19086.760434150696
251	-19.08	-19.08	-14.6	0.65582466	0.79893464	23.436316	0.18854257	0.6640183	1.0	630000	19163.202696800232
252	-18.06	-18.06	-11.400001	0.66764367	0.7409664	14.274203	0.19922532	0.65268433	1.0	632500	19238.2772128582
253	-21.1	-21.1	-8.3	0.6727831	0.73734194	12.71988	0.20152897	0.7068518	1.0	635000	19314.207060813904
254	-21.46	-21.46	-9.900001	0.715515	1.0966754	24.745287	0.20623595	0.7262264	1.0	637500	19390.504954576492
255	-19.0	-19.0	-14.6	0.74933493	1.141453	24.831917	0.1939173	0.7621383	1.0	640000	19465.90405011177
256	-23.5	-23.5	-14.3	0.6625543	0.868534	22.049109	0.18206537	0.6398524	1.0	642500	19544.826951503754
257	-20.62	-20.62	-12.4	0.6389077	0.71800387	15.693239	0.18420607	0.6307897	1.0	645000	19620.46243953705
258	-22.8	-22.8	-14.0	0.63028	0.76366246	19.14824	0.1887724	0.6411947	1.0	647500	19696.262563467026
259	-18.28	-18.28	-12.3	0.6361288	0.6185876	10.446819	0.19946943	0.63998646	1.0	650000	19773.16186952591
260	-23.3	-23.3	-14.7	0.64027905	0.71749073	16.121773	0.15609235	0.63872397	1.0	652500	19850.92302751541
261	-18.24	-18.24	-13.5	0.5999485	0.8280539	23.095695	0.16393057	0.582431	0.9	655000	19929.641736984253
262	-18.72	-18.72	-12.7	0.5505663	0.5402215	11.80766	0.18384269	0.5349942	0.9	657500	20006.316235542297
263	-20.06	-20.06	-10.5	0.5158058	0.39034525	7.1359515	0.17416866	0.51969796	1.0	660000	20083.03072667122
264	-19.66	-19.66	-6.5	0.5111815	0.521835	14.219301	0.16661626	0.519641	1.0	662500	20158.87314939499
265	-21.88	-21.88	-18.699999	0.51872706	0.58294225	18.242926	0.15777129	0.53295696	0.9	665000	20234.732013225555
266	-20.3	-20.3	-14.0	0.49501798	0.4772972	13.474918	0.1670106	0.48967645	1.0	667500	20309.80381822586
267	-18.02	-18.02	-12.6	0.5138303	0.78900856	21.577848	0.14973445	0.48062208	1.0	670000	20385.82830309868
268	-21.38	-21.38	-11.3	0.47754467	0.56939393	15.493572	0.13363615	0.46549037	1.0	672500	20461.227328538895
269	-20.28	-20.28	-12.5	0.47829705	0.3285454	3.9134786	0.11500109	0.4769611	0.9	675000	20534.171991586685
270	-20.2	-20.2	-15.7	0.49942803	0.6197612	17.172558	0.14762363	0.48434442	0.9	677500	20611.85190463066
271	-20.06	-20.06	-7.0	0.4549553	0.33954126	6.471014	0.1533536	0.4608939	1.0	680000	20689.630453824997
272	-19.96	-19.96	-14.0	0.46082228	0.49828726	12.981281	0.14559288	0.44596893	0.9	682500	20764.252987384796
273	-19.56	-19.56	-16.0	0.46903294	0.44700262	8.707016	0.1446127	0.47005838	0.8	685000	20840.77140712738
274	-18.84	-18.84	-14.6	0.47226182	0.4639817	10.501378	0.14623405	0.45434073	0.9	687500	20915.6514043808
275	-18.26	-18.26	-13.8	0.47883844	0.6262635	14.092498	0.16374204	0.4566494	1.0	690000	20992.391582012177
276	-22.2	-22.2	-13.9	0.4472234	0.3793319	8.802123	0.13649553	0.4305032	0.9	692500	21066.747997522354
277	-17.62	-17.62	-14.2	0.42840308	0.42644086	10.125034	0.14709216	0.40994295	0.9	695000	21142.85899424553
278	-20.14	-20.14	-15.9	0.41644824	0.2532082	3.5591574	0.14726144	0.41527504	0.9	697500	21216.755662679672
279	-18.78	-18.78	-12.8	0.4307269	0.30083105	5.1270742	0.1561383	0.41835138	1.0	700000	21290.645444393158
280	-19.26	-19.26	-11.5	0.44736785	0.39689136	5.7617645	0.13025883	0.4361907	1.0	702500	21365.980479955673
281	-17.56	-17.56	-12.8	0.4531737	0.64119595	16.114227	0.12688896	0.4427941	1.0	705000	21440.190616607666
282	-19.46	-19.46	-10.2	0.44243518	0.41006616	9.412177	0.12782493	0.4175138	1.0	707500	21515.963817834854
283	-18.98	-18.98	-9.900001	0.44520855	0.3733464	9.030247	0.11920601	0.4437043	1.0	710000	21591.23029899597
284	-20.26	-20.26	-12.1	0.48255298	0.59909153	10.690968	0.13380726	0.46012712	1.0	712500	21667.456071138382
285	-18.38	-18.38	-11.7	0.43693304	0.42654637	7.659253	0.12886667	0.42748028	0.9	715000	21743.697992563248
286	-20.62	-20.62	-12.2	0.43089643	0.4146358	10.379395	0.11986873	0.42088208	1.0	717500	21819.946396112442
287	-18.88	-18.88	-14.8	0.4722438	0.60355335	14.436749	0.13720575	0.46748316	1.0	720000	21893.31649041176
288	-16.5	-16.5	-10.5	0.40842602	0.37073645	10.360875	0.1353831	0.39927453	1.0	722500	21967.95036816597
289	-18.8	-18.8	-13.9	0.40741572	0.38538393	10.476845	0.13355163	0.3995321	0.9	725000	22042.29410624504
290	-16.62	-16.62	-9.8	0.42260015	0.5079473	10.989831	0.12904586	0.41457066	1.0	727500	22114.9976978302
291	-18.34	-18.34	-14.8	0.42201814	0.45347866	8.910851	0.1192915	0.40885454	0.8	730000	22189.130386829376
292	-17.34	-17.34	-10.900001	0.43761876	0.5274449	14.466922	0.13266107	0.4267887	1.0	732500	22264.295224666595
293	-19.96	-19.96	-13.1	0.4202768	0.36306047	6.900018	0.13149446	0.4186587	1.0	735000	22338.128826141357
294	-17.56	-17.56	-20.800001	0.43705004	0.7910909	24.808355	0.13262787	0.41919556	0.7	737500	22411.114643096924
295	-18.82	-18.82	-14.9	0.3836975	0.3004811	4.151627	0.13971972	0.3740816	0.9	740000	22486.70942735672
296	-17.54	-17.54	-10.2	0.3810472	0.2828395	5.894873	0.11776477	0.3772715	1.0	742500	22562.511244535446
297	-18.32	-18.32	-11.8	0.3979672	0.46122193	11.476386	0.11044707	0.39135417	1.0	745000	22639.820999860764
298	-16.9	-16.9	-9.8	0.37205672	0.40337908	8.892609	0.12068705	0.36908758	1.0	747500	22713.75929403305
299	-19.0	-19.0	-11.5	0.37327358	0.33327258	8.897103	0.11982986	0.3776991	1.0	750000	22790.608648777008
300	-18.88	-18.88	-12.8	0.39466843	0.37172118	7.643155	0.10984177	0.3849543	1.0	752500	22863.216411828995
301	-18.46	-18.46	-8.3	0.39961365	0.4306706	10.203356	0.109101504	0.3823725	1.0	755000	22938.31098508835
302	-17.68	-17.68	-11.599999	0.42385784	0.5303851	11.32992	0.105341695	0.40493008	1.0	757500	23012.615644931793
303	-17.98	-17.98	-8.3	0.42877644	0.53004414	10.422094	0.11519649	0.41909876	1.0	760000	23085.71815085411
304	-17.8	-17.8	-15.1	0.39712396	0.4136978	8.336037	0.1236572	0.39343208	1.0	762500	23162.358850955963
305	-18.22	-18.22	-8.900001	0.40166178	0.39691955	6.609482	0.11347897	0.3874018	1.0	765000	23237.400461673737
306	-18.98	-18.98	-11.099999	0.41210285	0.3851777	9.637199	0.13587427	0.39630237	1.0	767500	23313.95142364502
307	-18.42	-18.42	-11.7	0.37901464	0.26980942	4.46648	0.099896505	0.37569755	1.0	770000	23387.718831539154
308	-16.6	-16.6	-14.1	0.38414	0.33911347	6.024354	0.1065157	0.39052212	0.9	772500	23462.289085388184
309	-20.42	-20.42	-8.400001	0.44105244	0.40596032	7.363936	0.1192908	0.44377926	1.0	775000	23536.59478855133
310	-20.38	-20.38	-15.7	0.46336445	0.5844742	11.442525	0.13806105	0.47308475	1.0	777500	23611.357706069946
311	-20.42	-20.42	-9.099999	0.46258703	0.52867526	9.7207365	0.12953043	0.44464165	1.0	780000	23687.909832715988
312	-19.9	-19.9	-11.400001	0.48191324	0.5554453	11.375015	0.12600076	0.44510084	1.0	782500	23764.267061948776
313	-16.0	-16.0	-13.4	0.4336664	0.61178446	19.921724	0.12677309	0.4146524	1.0	785000	23840.299688577652
314	-15.8	-15.8	-12.6	0.47206715	0.44618338	5.557726	0.12712914	0.46091834	1.0	787500	23915.603380441666
315	-21.12	-21.12	-11.9	0.5032474	0.4846807	9.446184	0.1385504	0.49328506	0.9	790000	23990.303992271423
316	-20.8	-20.8	-10.8	0.5871411	0.97934	20.163855	0.13346301	0.58019847	1.0	792500	24065.28666615486
317	-19.84	-19.84	-10.099999	0.58499867	0.9838604	23.526636	0.12832564	0.58102393	1.0	795000	24140.266308307648
318	-18.84	-18.84	-10.599999	0.50778496	0.91643655	24.94537	0.12294242	0.49723703	1.0	797500	24214.278643846512
319	-17.68	-17.68	-13.9	0.50743574	0.7968103	19.794785	0.1281729	0.48730853	0.9	800000	24288.846044778824
320	-18.88	-18.88	-8.5	0.51466507	0.8644069	29.63011	0.12131099	0.5092855	1.0	802500	24366.854350805283
321	-19.54	-19.54	-10.2	0.60243994	1.4474479	42.594494	0.1339702	0.5576519	1.0	805000	24442.77160024643
322	-18.34	-18.34	-16.4	0.5628205	1.4150339	47.670856	0.13575871	0.53935987	0.9	807500	24518.649020195007
323	-17.28	-17.28	-15.1	0.5250012	1.1954315	29.643866	0.13485081	0.48925862	0.9	810000	24593.996779203415
324	-19.7	-19.7	-7.8	0.41699865	0.44615805	10.322396	0.12658806	0.4062722	1.0	812500	24668.587201356888
325	-16.48	-16.48	-10.599999	0.40183687	0.43025059	8.845646	0.12217656	0.4125993	0.9	815000	24741.76488995552
326	-17.26	-17.26	-11.7	0.38074738	0.39101946	11.973574	0.10500714	0.37997413	1.0	817500	24815.36656475067
327	-20.14	-20.14	-9.400001	0.3798711	0.62048244	17.750553	0.12280774	0.3723607	0.9	820000	24890.04144024849
328	-19.06	-19.06	-11.099999	0.37545562	0.3870249	10.69729	0.11488233	0.37464073	1.0	822500	24966.399972200394
329	-19.48	-19.48	-13.9	0.35128668	0.22191185	3.4475532	0.09199107	0.33730587	1.0	825000	25043.08701968193
330	-18.04	-18.04	-12.8	0.35015672	0.2757244	6.577837	0.10807702	0.33987984	0.9	827500	25118.517965078354
331	-18.32	-18.32	-10.599999	0.3558056	0.36525857	11.23107	0.12219196	0.34891212	1.0	830000	25192.139140605927
332	-19.9	-19.9	-11.599999	0.36912397	0.33251038	8.79513	0.1189198	0.3641817	1.0	832500	25267.559000730515
333	-17.08	-17.08	-13.0	0.36513376	0.42416188	10.529914	0.11759205	0.35433954	1.0	835000	25341.46586871147
334	-20.04	-20.04	-13.6	0.37522283	0.44035152	8.801069	0.10619883	0.36249462	0.9	837500	25416.07514977455
335	-15.1	-15.1	-16.300001	0.37679073	0.31283244	7.1389008	0.11008093	0.36889976	0.9	840000	25489.936986207962
336	-18.76	-18.76	-17.0	0.3712495	0.38999954	6.937616	0.11784935	0.35727915	0.9	842500	25564.27768278122
337	-15.42	-15.42	-12.0	0.38304377	0.39566016	10.994885	0.1074788	0.3734386	1.0	845000	25640.73008775711
338	-19.16	-19.16	-9.2	0.35856974	0.3128173	6.83255	0.117509864	0.34941918	1.0	847500	25717.514912366867
339	-17.46	-17.46	-9.599999	0.38624072	0.3543172	6.908512	0.12259337	0.38459864	1.0	850000	25793.135898828506
340	-16.54	-16.54	-13.6	0.3947639	0.43129483	10.026866	0.115937725	0.38331702	1.0	852500	25871.07684803009
341	-18.18	-18.18	-9.0	0.39427307	0.43569636	10.278072	0.10654408	0.38108745	1.0	855000	25947.00011062622
342	-17.66	-17.66	-12.1	0.40051585	0.5275414	12.287638	0.11852285	0.3879843	1.0	857500	26021.31061911583
343	-19.1	-19.1	-9.7	0.43196937	0.42116147	11.206961	0.09577234	0.434259	1.0	860000	26095.890172958374
344	-18.62	-18.62	-7.2	0.40355432	0.40391868	10.20328	0.113823615	0.41853255	1.0	862500	26171.453620672226
345	-15.96	-15.96	-8.2	0.43295833	0.502528	11.48365	0.104432695	0.4455375	1.0	865000	26246.941552639008
346	-18.78	-18.78	-10.3	0.39835978	0.36842	6.2957473	0.121964075	0.39663464	1.0	867500	26323.361238718033
347	-16.62	-16.62	-13.1	0.43176344	0.4152502	6.490573	0.12028372	0.4285626	0.9	870000	26396.9320499897
348	-19.24	-19.24	-9.5	0.4008188	0.37841225	11.503098	0.10919299	0.3924305	1.0	872500	26472.727113723755
349	-19.7	-19.7	-9.7	0.42509446	0.783104	31.166393	0.12778361	0.42148218	1.0	875000	26547.994458198547
350	-16.36	-16.36	-9.3	0.42659473	0.39851144	7.168257	0.12017901	0.41794133	1.0	877500	26623.196437120438
351	-19.4	-19.4	-13.3	0.4418692	0.4841115	11.655119	0.14081773	0.43970442	1.0	880000	26697.587661981583
352	-16.78	-16.78	-13.1	0.5056	0.6653633	12.773542	0.1381316	0.48669782	1.0	882500	26773.42013502121
353	-16.1	-16.1	-13.9	0.5182769	0.571731	9.047043	0.14375718	0.48718995	1.0	885000	26848.784079790115
354	-17.9	-17.9	-11.599999	0.46789226	0.5865931	14.346968	0.13043219	0.46082655	1.0	887500	26923.394624471664
355	-16.12	-16.12	-10.3	0.57853407	0.9966692	26.731829	0.12456858	0.5861317	1.0	890000	26998.984608650208
356	-17.54	-17.54	-12.2	0.56591684	0.9306655	27.601576	0.12746173	0.5757136	1.0	892500	27073.561661720276
357	-16.76	-16.76	-9.900001	0.67294383	1.1071529	17.605646	0.13328803	0.6010703	1.0	895000	27147.40455698967
358	-19.32	-19.32	-11.099999	0.64579624	1.084842	20.30881	0.15148908	0.6294857	1.0	897500	27223.473665714264
359	-18.26	-18.26	-10.099999	0.5905458	1.3273857	47.432034	0.15022713	0.5884475	1.0	900000	27298.692983150482
360	-17.18	-17.18	-7.9	0.69526255	1.7680426	55.021446	0.13363743	0.62482786	1.0	902500	27373.05679011345
361	-16.92	-16.92	-11.0	0.49443114	0.7865944	23.557314	0.14157489	0.46156174	1.0	905000	27447.031911611557
362	-17.6	-17.6	-11.400001	0.45393074	1.016256	28.282076	0.12120673	0.44059414	1.0	907500	27522.527711629868
363	-19.48	-19.48	-9.900001	0.51358086	1.6272002	61.49466	0.11685862	0.46371093	1.0	910000	27596.88083100319
364	-18.14	-18.14	-11.8	0.6652925	1.2146034	19.251474	0.11565316	0.6457294	0.9	912500	27673.808853387833
365	-19.66	-19.66	-11.5	0.7858047	2.3237703	46.046505	0.13914678	0.7633504	1.0	915000	27750.836774110794
366	-19.38	-19.38	-10.2	0.65088415	1.5044177	32.30857	0.13156983	0.61151576	1.0	917500	27823.880220890045
367	-17.98	-17.98	-8.0	0.5399306	1.3168268	25.25139	0.12468099	0.5459926	1.0	920000	27897.615261793137
368	-20.8	-20.8	-11.599999	0.42987537	0.49106172	9.847646	0.10818255	0.42480952	1.0	922500	27973.92851805687
369	-17.52	-17.52	-22.9	0.4471385	0.63054156	13.994782	0.113410786	0.44141334	0.7	925000	28052.53533434868
370	-17.0	-17.0	-9.3	0.50863785	1.2137309	32.946304	0.122136116	0.48931047	1.0	927500	28126.775129318237
371	-18.4	-18.4	-8.400001	0.5572229	1.9267691	52.37397	0.09250677	0.47348735	1.0	930000	28199.39977478981
372	-17.42	-17.42	-11.9	0.3819297	0.3930199	7.3899226	0.1042977	0.4061086	1.0	932500	28273.469984531403
373	-16.22	-16.22	-11.8	0.5370402	2.0521972	67.255066	0.11153893	0.42835188	1.0	935000	28346.679064035416
374	-17.94	-17.94	-10.0	0.5405149	1.6385716	49.673275	0.115794435	0.5462781	1.0	937500	28421.843107700348
375	-19.62	-19.62	-12.7	0.5488104	1.5325757	35.880875	0.11227438	0.5662818	1.0	940000	28499.3689558506
376	-17.46	-17.46	-14.2	0.7458629	3.2248445	70.495514	0.13193116	0.52719456	1.0	942500	28574.3111205101
377	-17.84	-17.84	-9.7	0.4673606	0.69840807	16.104399	0.121044196	0.57943696	1.0	945000	28650.266568422318
378	-20.54	-20.54	-11.2	0.45074254	1.0638599	34.151962	0.109919295	0.46255445	1.0	947500	28724.637197971344
379	-17.18	-17.18	-11.8	0.43153408	1.2421882	44.780506	0.11257135	0.4107445	1.0	950000	28799.861629724503
380	-21.86	-21.86	-12.8	0.45015776	1.4747981	52.69358	0.10514139	0.45931867	0.9	952500	28874.17272543907
381	-17.66	-17.66	-14.1	0.5385783	1.4957961	37.407078	0.10836278	0.5142231	0.9	955000	28947.714148521423
382	-18.94	-18.94	-9.0	0.44315448	1.0687418	23.09677	0.09911932	0.46138042	1.0	957500	29021.69044160843
383	-18.68	-18.68	-12.4	0.68545115	5.3657193	201.98167	0.10995052	0.47584465	0.9	960000	29094.11069583893
384	-17.56	-17.56	-7.1	0.40316144	0.678824	21.27642	0.106125474	0.46851617	1.0	962500	29167.484365701675
385	-18.0	-18.0	-8.2	0.49739784	2.1794612	65.02578	0.106013194	0.46737927	1.0	965000	29238.80330848694
386	-17.88	-17.88	-11.400001	0.41152003	0.9564547	23.00231	0.09990452	0.4135214	0.9	967500	29310.034180641174
387	-21.2	-21.2	-14.6	0.39086163	0.9619451	27.275274	0.09753673	0.35585967	0.9	970000	29382.866213321686
388	-15.82	-15.82	-9.400001	0.45429766	2.8310523	119.30091	0.11234217	0.36498603	1.0	972500	29457.543837547302
389	-19.04	-19.04	-10.400001	0.3862523	0.6132669	9.710743	0.099972814	0.3494662	1.0	975000	29531.48975777626
390	-18.18	-18.18	-8.900001	0.37183753	0.831758	28.283644	0.08711374	0.36736122	1.0	977500	29605.525133132935
391	-17.84	-17.84	-9.7	0.3622437	0.5202257	11.062431	0.091589995	0.33903375	1.0	980000	29675.99708223343
392	-20.4	-20.4	-12.2	0.35421887	0.6595354	18.60187	0.10360663	0.3387892	1.0	982500	29748.776133298874
393	-17.56	-17.56	-12.8	0.34315234	0.60879534	20.351667	0.11392911	0.33395913	1.0	985000	29820.27349305153
394	-19.94	-19.94	-12.0	0.32772216	0.48192638	13.829702	0.09953694	0.31251344	0.9	987500	29891.80925822258
395	-16.26	-16.26	-11.400001	0.34441575	0.57923585	22.839209	0.09956992	0.33744532	1.0	990000	29961.06602215767
396	-19.52	-19.52	-11.599999	0.342902	0.52893466	12.671512	0.079278	0.3328793	1.0	992500	30030.190586328506
397	-18.22	-18.22	-9.3	0.32279867	0.29968974	9.815503	0.08552067	0.32841668	1.0	995000	30100.188856124878
398	-20.34	-20.34	-9.2	0.34757566	0.5484502	11.389738	0.09623707	0.33045202	1.0	997500	30170.768515348434
399	-18.32	-18.32	-15.4	0.40418634	0.6576096	14.737647	0.106644824	0.34504002	1.0	1000000	30238.609237909317
400	-17.8	-17.8	-7.9	0.42370915	0.84311986	27.388784	0.119873285	0.4024982	1.0	1002500	30307.615175008774
401	-19.1	-19.1	-10.400001	0.46718463	1.1026946	32.587868	0.11450069	0.39580536	1.0	1005000	30376.27273964882
402	-19.84	-19.84	-13.0	0.43439245	0.78844965	26.816965	0.115566835	0.38008246	0.9	1007500	30444.830452919006
403	-17.86	-17.86	-11.099999	0.46268922	0.67153174	18.363691	0.10536343	0.41899866	1.0	1010000	30513.042420864105
404	-16.66	-16.66	-9.400001	0.41717613	0.70902455	18.962757	0.10676718	0.39731643	1.0	1012500	30582.633760213852
405	-16.2	-16.2	-12.2	0.39248043	0.55023164	18.996037	0.109463364	0.36671102	0.9	1015000	30651.46235847473
406	-17.18	-17.18	-10.400001	0.38194788	0.5327339	15.381009	0.11374691	0.37445295	1.0	1017500	30720.447827100754
407	-18.44	-18.44	-10.400001	0.37480438	0.48498502	12.488385	0.10358227	0.35967115	1.0	1020000	30788.547118663788
408	-16.38	-16.38	-10.400001	0.3795376	0.53684944	17.74374	0.10895531	0.36431593	1.0	1022500	30860.549726247787
409	-16.52	-16.52	-9.900001	0.3896335	0.7111093	13.591794	0.089363605	0.36813855	1.0	1025000	30930.082493543625
410	-18.86	-18.86	-11.7	0.3495769	0.3129649	5.3715916	0.095261484	0.3346958	1.0	1027500	30999.301195144653
411	-17.98	-17.98	-11.400001	0.3788247	0.7721586	20.302082	0.10436405	0.3449577	0.9	1030000	31069.67857146263
412	-15.36	-15.36	-14.4	0.37809473	0.5946869	14.332239	0.09765967	0.3619529	0.8	1032500	31142.17697405815
413	-20.16	-20.16	-13.1	0.36203057	0.5722947	13.151017	0.10125761	0.3533406	1.0	1035000	31210.84686112404
414	-18.38	-18.38	-10.599999	0.38970208	0.579683	18.42481	0.10422778	0.37199342	1.0	1037500	31280.714518547058
415	-18.08	-18.08	-9.8	0.41032416	1.0156192	32.022224	0.10783482	0.3800735	1.0	1040000	31347.46333837509
416	-15.46	-15.46	-10.099999	0.35174927	0.42455667	11.135474	0.09569302	0.33136654	1.0	1042500	31418.838740825653
417	-18.7	-18.7	-10.900001	0.37254503	0.7478959	22.578888	0.09964035	0.33801928	1.0	1045000	31487.07951927185
418	-17.9	-17.9	-14.4	0.35166126	0.45320448	14.438914	0.09732099	0.34003654	1.0	1047500	31551.309242248535
419	-20.3	-20.3	-12.8	0.37722224	0.7612178	16.263458	0.09435914	0.3584054	1.0	1050000	31615.95733976364
420	-19.06	-19.06	-10.400001	0.40876502	0.6395958	12.236641	0.11062536	0.3900407	1.0	1052500	31682.7982981205
421	-14.16	-14.16	-13.5	0.34548023	0.4020049	10.161708	0.09855089	0.3273061	1.0	1055000	31749.46785902977
422	-17.28	-17.28	-9.5	0.33009437	0.39378902	9.4772625	0.08642856	0.3030769	1.0	1057500	31813.408352136612
423	-17.86	-17.86	-13.6	0.33067	0.40029892	8.590684	0.097539954	0.32297307	1.0	1060000	31875.485041618347
424	-17.5	-17.5	-10.3	0.31386235	0.34297875	10.60357	0.086730555	0.2986244	1.0	1062500	31934.9968187809
425	-18.32	-18.32	-9.3	0.34471652	0.5658551	14.142437	0.087135985	0.33093044	1.0	1065000	31994.661423444748
426	-18.96	-18.96	-8.3	0.34996912	0.6676191	20.657572	0.09320424	0.32809857	1.0	1067500	32051.40058875084
427	-18.1	-18.1	-11.2	0.3662025	0.8618297	24.310278	0.09455754	0.35086188	1.0	1070000	32107.143596172333
428	-17.06	-17.06	-9.400001	0.33869708	0.7095173	24.592432	0.09264271	0.31636053	1.0	1072500	32163.640783309937
429	-18.04	-18.04	-8.5	0.33564547	0.4668066	11.884934	0.09070684	0.31617326	1.0	1075000	32222.54008460045
430	-18.78	-18.78	-11.2	0.38283762	1.0333287	27.781593	0.09483506	0.37152204	1.0	1077500	32283.369982481003
431	-18.1	-18.1	-8.2	0.31972346	0.3529355	8.76406	0.07929915	0.31107494	1.0	1080000	32341.65997815132
432	-15.56	-15.56	-11.400001	0.35849047	0.764943	17.93712	0.08592576	0.34928122	1.0	1082500	32398.40227818489
433	-14.62	-14.62	-11.0	0.2997254	0.2817165	6.8686256	0.09444801	0.28149256	0.9	1085000	32457.35264468193
434	-16.98	-16.98	-12.2	0.3443672	0.634836	16.958977	0.081527	0.31372595	1.0	1087500	32512.97029018402
435	-16.08	-16.08	-12.4	0.32997742	0.5412498	14.701497	0.0787012	0.31785548	0.9	1090000	32568.42387008667
436	-15.12	-15.12	-8.5	0.31161872	0.37884426	11.838849	0.09278625	0.29485798	1.0	1092500	32622.986835956573
437	-17.4	-17.4	-10.099999	0.30548853	0.4052212	11.796452	0.092792094	0.29612043	1.0	1095000	32675.498837709427
438	-16.92	-16.92	-11.3	0.2986096	0.43105093	14.27565	0.087726794	0.292406	1.0	1097500	32728.6796169281
439	-18.9	-18.9	-8.400001	0.3047141	0.4770984	11.769075	0.075425714	0.27606568	1.0	1100000	32782.848806619644
440	-17.0	-17.0	-10.7	0.31707144	0.620497	12.486266	0.08747937	0.30368316	1.0	1102500	32834.93281555176
441	-18.24	-18.24	-11.099999	0.30949798	0.53733635	17.1917	0.076095484	0.28708437	1.0	1105000	32885.97231054306
442	-20.9	-20.9	-12.4	0.29681957	0.2913895	7.7600236	0.07665725	0.2826169	1.0	1107500	32939.67040467262
443	-16.8	-16.8	-10.099999	0.35236782	0.64294416	14.550277	0.08378478	0.31997633	1.0	1110000	32993.273577690125
444	-18.44	-18.44	-11.599999	0.37560242	0.7470786	15.219771	0.083266936	0.35023654	1.0	1112500	33046.06549215317
445	-17.06	-17.06	-12.3	0.30581903	0.4506289	10.013046	0.07222088	0.2818382	0.9	1115000	33098.220308065414
446	-18.62	-18.62	-10.8	0.3013987	0.49537754	9.138317	0.07396274	0.2881463	1.0	1117500	33150.19908976555
447	-17.16	-17.16	-10.3	0.29329067	0.39012575	11.587622	0.08125688	0.27770734	1.0	1120000	33204.652826309204
448	-17.64	-17.64	-13.5	0.30027628	0.46595845	9.926762	0.09428595	0.2899671	0.9	1122500	33257.74579524994
449	-19.12	-19.12	-11.5	0.30619752	0.49020818	12.157509	0.09006222	0.29386103	1.0	1125000	33308.57599568367
450	-15.62	-15.62	-12.8	0.31483227	0.40430367	8.228778	0.08798786	0.29625738	0.9	1127500	33359.39908719063
451	-15.8	-15.8	-10.400001	0.36924407	0.7820623	20.938858	0.08141661	0.34752116	1.0	1130000	33412.5539355278
452	-17.38	-17.38	-13.9	0.30814475	0.31802022	5.710553	0.063081264	0.29097027	1.0	1132500	33463.54489159584
453	-16.28	-16.28	-8.0	0.3084817	0.46737394	13.124564	0.08863357	0.29202184	1.0	1135000	33517.19565629959
454	-18.94	-18.94	-9.2	0.32429412	0.604259	19.016283	0.08136611	0.30685607	1.0	1137500	33571.16938877106
455	-15.16	-15.16	-7.9	0.31475365	0.45892498	12.002318	0.09181592	0.29808685	1.0	1140000	33622.85911512375
456	-16.52	-16.52	-12.8	0.28218952	0.37514114	12.613689	0.08511235	0.273255	0.9	1142500	33677.165135622025
457	-18.32	-18.32	-6.9	0.29193595	0.47918153	10.539864	0.085415274	0.27077502	1.0	1145000	33731.30741858482
458	-16.16	-16.16	-10.2	0.28271976	0.4793285	10.637433	0.083709955	0.2735303	1.0	1147500	33784.5528857708
459	-15.16	-15.16	-11.0	0.30831257	0.49496862	10.014421	0.071021244	0.2967016	1.0	1150000	33836.21100950241
460	-14.5	-14.5	-12.5	0.28609088	0.36743647	8.368877	0.093705796	0.27016222	1.0	1152500	33888.29964017868
461	-19.24	-19.24	-12.6	0.2851078	0.35394576	8.451966	0.08451926	0.27585068	0.9	1155000	33940.27781224251
462	-17.9	-17.9	-12.2	0.37729403	0.6343987	12.609135	0.07873327	0.3372877	1.0	1157500	33994.31536889076
463	-15.8	-15.8	-10.900001	0.3689574	0.7568339	18.874716	0.09223293	0.3479414	1.0	1160000	34048.68523168564
464	-16.88	-16.88	-17.5	0.31070563	0.50742996	15.755399	0.086235516	0.29208806	0.9	1162500	34103.43946623802
465	-15.64	-15.64	-13.5	0.33336785	0.76590014	20.485453	0.08597475	0.32247704	0.9	1165000	34155.444893836975
466	-19.88	-19.88	-12.3	0.3088256	0.59018743	14.41428	0.08896657	0.29191756	1.0	1167500	34208.652734041214
467	-16.64	-16.64	-8.900001	0.34855023	0.7022872	12.66335	0.07628465	0.31924775	1.0	1170000	34261.27019691467
468	-15.94	-15.94	-7.4	0.29536974	0.54292625	13.454486	0.07823539	0.27951807	1.0	1172500	34313.587616205215
469	-15.48	-15.48	-10.599999	0.29633063	0.47568664	8.858656	0.084565744	0.27883112	1.0	1175000	34366.49281835556
470	-16.64	-16.64	-8.599999	0.2578012	0.29571664	8.732417	0.068252996	0.24980694	1.0	1177500	34418.335733413696
471	-16.04	-16.04	-10.2	0.26774365	0.25815955	4.1918883	0.07867018	0.26280695	1.0	1180000	34470.37592411041
472	-15.82	-15.82	-10.7	0.25994813	0.24080254	4.8228097	0.08155459	0.2552804	1.0	1182500	34523.712847948074
473	-17.06	-17.06	-6.9	0.28236258	0.4652628	10.702949	0.082777664	0.2705942	1.0	1185000	34576.76755070686
474	-17.34	-17.34	-8.400001	0.26996297	0.39399007	7.758273	0.06076825	0.2589858	1.0	1187500	34631.07314133644
475	-15.4	-15.4	-10.599999	0.2698816	0.37829965	8.246626	0.0874667	0.26097667	1.0	1190000	34682.41927623749
476	-17.58	-17.58	-10.8	0.27714992	0.38914678	7.30339	0.06303944	0.26242808	1.0	1192500	34734.67538714409
477	-16.46	-16.46	-6.9	0.27281296	0.3986818	11.447188	0.07255653	0.2684717	1.0	1195000	34786.36724805832
478	-15.2	-15.2	-9.0	0.27848598	0.40703502	13.193137	0.073433146	0.2672288	1.0	1197500	34836.69508934021
479	-17.56	-17.56	-9.7	0.28025922	0.37218165	8.389234	0.07818736	0.27124682	1.0	1200000	34886.64562916756
480	-17.34	-17.34	-10.0	0.27393788	0.3907906	8.362323	0.074022084	0.26050365	1.0	1202500	34940.72590923309
481	-16.16	-16.16	-10.400001	0.2893973	0.33397445	7.4660187	0.070388705	0.28224427	1.0	1205000	34995.85426259041
482	-15.74	-15.74	-9.900001	0.28205487	0.31785342	6.9725766	0.065046415	0.272771	1.0	1207500	35050.049206495285
483	-18.8	-18.8	-13.1	0.25520164	0.28016227	9.266746	0.071710244	0.23954077	0.9	1210000	35100.1317756176
484	-18.56	-18.56	-10.3	0.24502018	0.2670057	4.781999	0.080278546	0.23642214	1.0	1212500	35152.45472931862
485	-16.18	-16.18	-9.8	0.2501022	0.2568555	5.0912485	0.07431226	0.24055429	1.0	1215000	35203.93884205818
486	-18.32	-18.32	-9.0	0.24201109	0.1780268	4.1475487	0.07119486	0.22986816	1.0	1217500	35254.39006996155
487	-13.48	-13.48	-9.2	0.24138136	0.1933952	4.344021	0.07954014	0.22629412	1.0	1220000	35307.601083278656
488	-16.66	-16.66	-8.400001	0.23724642	0.22487564	3.6667624	0.07349679	0.23021688	1.0	1222500	35361.76802492142
489	-17.24	-17.24	-10.5	0.22670704	0.19103464	3.370827	0.056288503	0.21458036	1.0	1225000	35413.51003551483
490	-17.84	-17.84	-7.7	0.23685813	0.21162386	4.041704	0.060080145	0.2258493	1.0	1227500	35464.9357419014
491	-15.88	-15.88	-9.3	0.24495667	0.19841895	4.2677207	0.058300957	0.23706257	1.0	1230000	35519.07378220558
492	-15.66	-15.66	-11.9	0.267959	0.348148	9.325826	0.081650555	0.25527284	1.0	1232500	35573.34939742088
493	-15.54	-15.54	-8.099999	0.24340123	0.23070368	5.428133	0.060946796	0.2291818	1.0	1235000	35627.667473077774
494	-17.04	-17.04	-9.0	0.25190353	0.27193892	4.733872	0.06573427	0.23972635	1.0	1237500	35682.259452819824
495	-16.0	-16.0	-12.5	0.26610193	0.2989499	5.037096	0.070322156	0.25817713	1.0	1240000	35733.154886484146
496	-16.56	-16.56	-13.4	0.2503795	0.25153327	6.716246	0.064821884	0.23859662	1.0	1242500	35786.94901704788
497	-16.22	-16.22	-8.0	0.23869014	0.19763422	3.052953	0.06530855	0.22556056	1.0	1245000	35843.046464681625
498	-17.96	-17.96	-11.099999	0.25585347	0.279591	5.4104753	0.071394384	0.24164666	1.0	1247500	35897.6958091259
499	-16.6	-16.6	-8.900001	0.24173869	0.23143817	5.3013105	0.066818	0.22816338	1.0	1250000	35947.804401397705
