Epoch	EpRet	EpRealRet	TestEpRet	AverageQ1	StdQ1	MaxQ1	MinQ1	Q2	TestSuccess	TotalEnvInteracts	TotalTime
0	-50.0	-50.0	-50.0	-0.45969486	0.98749983	0.57496464	-6.095695	-0.45964596	0.0	2500	41.39934015274048
1	-46.22	-46.22	-40.0	-1.1231611	2.322545	1.819957	-10.809758	-1.1232506	0.2	5000	83.38658475875854
2	-47.0	-47.0	-45.0	-1.7542387	3.574179	1.7984935	-14.911126	-1.7541686	0.1	7500	126.28279852867126
3	-46.0	-46.0	-45.0	-2.2590048	4.6354227	1.1713755	-20.23599	-2.258998	0.1	10000	168.5824990272522
4	-48.52	-48.52	-50.0	-2.7008197	5.5446286	1.4605182	-39.476006	-2.7007565	0.0	12500	210.7132568359375
5	-45.94	-45.94	-45.0	-3.075993	6.315014	1.8908083	-33.770782	-3.0759764	0.1	15000	253.29503321647644
6	-45.0	-45.0	-45.0	-3.3649116	6.928056	2.220164	-34.01656	-3.364909	0.1	17500	295.36271834373474
7	-47.0	-47.0	-47.2	-3.605766	7.4606886	2.0542252	-40.65987	-3.6056879	0.0	20000	337.62857842445374
8	-47.0	-47.0	-40.0	-3.8140674	7.8994226	2.3601742	-41.80911	-3.8140345	0.2	22500	380.0635178089142
9	-49.0	-49.0	-50.0	-4.005995	8.289304	2.946622	-46.680897	-4.0058813	0.0	25000	423.1328945159912
10	-47.0	-47.0	-40.600002	-4.19808	8.649027	3.1086946	-51.31734	-4.198052	0.2	27500	465.216295003891
11	-47.84	-47.84	-45.0	-4.33517	8.949542	2.2830112	-53.29719	-4.335177	0.1	30000	507.75373888015747
12	-49.0	-49.0	-45.0	-4.4991455	9.247951	2.5415432	-54.228603	-4.4991655	0.1	32500	551.1049242019653
13	-44.04	-44.04	-50.0	-4.59847	9.45713	2.1397967	-54.875446	-4.59844	0.0	35000	594.0434803962708
14	-45.98	-45.98	-45.0	-4.6375904	9.60067	3.0043163	-54.899826	-4.6376195	0.1	37500	636.6370146274567
15	-46.88	-46.88	-50.0	-4.7331295	9.776658	2.0433629	-53.97766	-4.733086	0.0	40000	679.56578373909
16	-48.0	-48.0	-45.0	-4.825701	9.939495	3.141076	-50.203022	-4.825699	0.1	42500	722.0045392513275
17	-43.0	-43.0	-50.0	-4.884201	10.076359	2.8956232	-53.1417	-4.8841224	0.0	45000	763.9638500213623
18	-48.0	-48.0	-45.0	-4.948066	10.199209	2.421315	-52.629	-4.947978	0.1	47500	806.6761467456818
19	-48.0	-48.0	-50.0	-4.991302	10.299914	2.6629598	-57.66138	-4.9912276	0.0	50000	849.0661687850952
20	-47.0	-47.0	-45.0	-5.0877376	10.440078	3.5826914	-54.197414	-5.0875916	0.1	52500	892.1481308937073
21	-50.0	-50.0	-50.0	-5.1265783	10.532569	2.498187	-58.66449	-5.126495	0.0	55000	934.102459192276
22	-49.0	-49.0	-50.0	-5.192522	10.634648	3.0918677	-58.42923	-5.192514	0.0	57500	976.5363042354584
23	-47.0	-47.0	-50.0	-5.2002215	10.694623	3.250389	-55.907944	-5.200034	0.0	60000	1018.8415324687958
24	-47.68	-47.68	-45.0	-5.270236	10.793208	2.9301183	-53.222595	-5.2700944	0.1	62500	1061.3212854862213
25	-47.82	-47.82	-45.0	-5.296783	10.844641	2.8672807	-57.467335	-5.2967663	0.1	65000	1103.7569909095764
26	-43.36	-43.36	-50.0	-5.323333	10.896727	2.9726138	-54.151676	-5.323025	0.0	67500	1146.3453874588013
27	-47.36	-47.36	-45.0	-5.3142624	10.919423	3.5846748	-54.750053	-5.3141522	0.1	70000	1189.182503938675
28	-46.16	-46.16	-44.7	-5.3697777	10.985607	3.8879714	-54.890812	-5.3696556	0.1	72500	1231.3908624649048
29	-48.94	-48.94	-45.0	-5.4073734	11.051827	3.747609	-55.17984	-5.407192	0.1	75000	1273.9227783679962
30	-48.0	-48.0	-45.0	-5.4300623	11.098216	2.5924034	-54.66598	-5.430049	0.1	77500	1316.9063477516174
31	-47.0	-47.0	-45.0	-5.435357	11.1304035	5.0931334	-56.200226	-5.4352818	0.1	80000	1359.4919521808624
32	-43.96	-43.96	-50.0	-5.454129	11.163944	3.7099276	-57.58805	-5.4541473	0.0	82500	1402.4542717933655
33	-44.12	-44.12	-50.0	-5.451835	11.184102	3.758231	-55.083332	-5.451628	0.0	85000	1444.8901906013489
34	-46.74	-46.74	-40.5	-5.519952	11.264051	3.8415332	-53.508076	-5.519914	0.2	87500	1487.88693857193
35	-45.48	-45.48	-40.0	-5.5111766	11.27502	3.2670484	-54.416492	-5.511194	0.2	90000	1530.64062166214
36	-48.48	-48.48	-48.7	-5.516788	11.300557	3.4928293	-53.491158	-5.516525	0.0	92500	1573.121989250183
37	-47.28	-47.28	-40.0	-5.5222306	11.332692	6.8621964	-51.193207	-5.5220647	0.2	95000	1615.4871108531952
38	-46.16	-46.16	-45.0	-5.580533	11.39962	4.909973	-52.560783	-5.580366	0.1	97500	1658.3612229824066
39	-46.4	-46.4	-45.0	-5.5567145	11.401905	3.4751544	-53.239094	-5.5566483	0.1	100000	1701.0388977527618
40	-46.4	-46.4	-38.899998	-5.577845	11.427744	4.1074123	-55.16238	-5.5778	0.2	102500	1743.7846310138702
41	-47.88	-47.88	-40.0	-5.601205	11.467995	3.3785882	-59.045837	-5.6010466	0.2	105000	1785.9923627376556
42	-47.0	-47.0	-35.0	-5.6182528	11.48978	4.227328	-61.30553	-5.6180143	0.3	107500	1829.072553396225
43	-46.5	-46.5	-40.0	-5.6438885	11.523092	3.873596	-54.95173	-5.6437387	0.2	110000	1870.5794665813446
44	-46.88	-46.88	-50.0	-5.6820917	11.572505	4.5973597	-53.40537	-5.6820354	0.0	112500	1913.2931742668152
45	-49.02	-49.02	-45.0	-5.6640325	11.568883	4.0580554	-54.963127	-5.663945	0.1	115000	1955.7798318862915
46	-48.08	-48.08	-50.0	-5.7023015	11.604452	4.707426	-54.570393	-5.702156	0.0	117500	1999.4476087093353
47	-47.64	-47.64	-45.0	-5.685455	11.586854	4.4323425	-59.411816	-5.685219	0.1	120000	2042.764178276062
48	-48.0	-48.0	-46.8	-5.6674986	11.573589	3.0472276	-56.134285	-5.667423	0.1	122500	2085.3055849075317
49	-45.16	-45.16	-40.0	-5.6688056	11.568832	4.7985306	-55.536087	-5.668808	0.2	125000	2126.1154630184174
50	-48.98	-48.98	-45.0	-5.6855316	11.587502	6.8125763	-56.1193	-5.685221	0.1	127500	2168.463944673538
51	-44.24	-44.24	-45.0	-5.7022676	11.617594	3.691604	-55.125057	-5.7022133	0.1	130000	2210.9040796756744
52	-47.62	-47.62	-45.0	-5.70343	11.620907	3.8866374	-55.17914	-5.7035236	0.1	132500	2253.614147424698
53	-44.92	-44.92	-45.0	-5.6894326	11.610153	8.611532	-54.641308	-5.6891155	0.1	135000	2296.6173300743103
54	-46.0	-46.0	-50.0	-5.709086	11.631423	5.322807	-53.74917	-5.7090535	0.0	137500	2339.461522102356
55	-46.56	-46.56	-45.0	-5.7214284	11.646389	3.6615472	-59.048153	-5.7215033	0.1	140000	2382.405764579773
56	-48.1	-48.1	-50.0	-5.720798	11.652257	5.0496182	-56.689625	-5.7208376	0.0	142500	2425.154705762863
57	-45.42	-45.42	-50.0	-5.740955	11.671787	3.15798	-58.307434	-5.74071	0.0	145000	2468.263959646225
58	-47.58	-47.58	-45.0	-5.750034	11.676453	4.1540036	-56.34316	-5.7498226	0.1	147500	2511.9129836559296
59	-47.86	-47.86	-50.0	-5.779701	11.712954	4.890023	-56.42886	-5.7798615	0.0	150000	2555.291153907776
60	-47.22	-47.22	-49.7	-5.7356954	11.675547	4.4376984	-75.60675	-5.7355204	0.0	152500	2597.9227697849274
61	-47.94	-47.94	-35.0	-5.759624	11.700178	4.646429	-62.295242	-5.7596707	0.3	155000	2641.2564458847046
62	-45.72	-45.72	-50.0	-5.7510114	11.700353	3.8400435	-59.491047	-5.750855	0.0	157500	2684.342999458313
63	-46.8	-46.8	-40.0	-5.8074856	11.759592	4.7057285	-57.719067	-5.8073196	0.2	160000	2727.672406435013
64	-49.08	-49.08	-45.3	-5.758256	11.729185	6.077839	-61.180576	-5.758287	0.1	162500	2770.0610370635986
65	-47.16	-47.16	-40.899998	-5.7757688	11.730362	3.6120274	-57.284626	-5.775602	0.2	165000	2812.208544254303
66	-45.44	-45.44	-49.8	-5.7659616	11.720364	6.161107	-60.68907	-5.765976	0.0	167500	2855.4141149520874
67	-47.98	-47.98	-45.399998	-5.783771	11.730832	4.9661417	-61.15251	-5.7835526	0.1	170000	2897.822783946991
68	-47.98	-47.98	-40.0	-5.7761927	11.726384	5.3534203	-57.04223	-5.7759433	0.2	172500	2941.1162271499634
69	-46.26	-46.26	-50.0	-5.806339	11.7627325	7.0904217	-60.295578	-5.806002	0.0	175000	2984.6656324863434
70	-47.68	-47.68	-35.8	-5.7953606	11.772862	5.5591626	-55.960777	-5.7951975	0.3	177500	3027.893090724945
71	-43.08	-43.08	-40.2	-5.8074408	11.782135	6.568319	-57.457115	-5.8074913	0.2	180000	3071.0213389396667
72	-44.58	-44.58	-44.899998	-5.787493	11.773722	6.288828	-55.891636	-5.7873063	0.1	182500	3111.95276927948
73	-46.5	-46.5	-48.5	-5.830708	11.805902	6.6460905	-56.607212	-5.830173	0.0	185000	3150.1829183101654
74	-44.0	-44.0	-40.3	-5.853807	11.839936	4.6018295	-56.669666	-5.853882	0.3	187500	3188.441192626953
75	-48.04	-48.04	-50.0	-5.86971	11.860919	6.413327	-56.68422	-5.8693514	0.0	190000	3230.2809176445007
76	-46.8	-46.8	-45.399998	-5.838902	11.841556	5.246631	-57.18905	-5.838554	0.1	192500	3273.996152162552
77	-45.74	-45.74	-50.0	-5.8571606	11.866619	4.4178815	-63.200977	-5.857027	0.0	195000	3317.049771308899
78	-49.32	-49.32	-45.0	-5.8875575	11.890986	5.191413	-56.924194	-5.887633	0.1	197500	3360.436857700348
79	-45.08	-45.08	-47.2	-5.886367	11.903432	5.6137705	-61.024	-5.8861804	0.1	200000	3403.7723331451416
80	-45.34	-45.34	-40.0	-5.889164	11.911977	6.9751287	-56.860065	-5.889099	0.2	202500	3447.1343450546265
81	-44.22	-44.22	-45.0	-5.9005456	11.927022	7.1047177	-59.852493	-5.900649	0.1	205000	3490.7672917842865
82	-46.8	-46.8	-45.0	-5.9222856	11.953829	6.3075547	-61.940186	-5.9221463	0.1	207500	3534.285665988922
83	-49.92	-49.92	-45.0	-5.9313207	11.961326	4.2371693	-59.891823	-5.9313755	0.1	210000	3576.9214119911194
84	-47.54	-47.54	-50.0	-5.910033	11.9321165	4.4399605	-58.134857	-5.909847	0.0	212500	3619.372444152832
85	-45.98	-45.98	-40.0	-5.8957477	11.920714	5.810286	-63.947815	-5.895671	0.2	215000	3661.572229862213
86	-43.06	-43.06	-45.0	-5.9178433	11.944549	5.530461	-57.740993	-5.9175873	0.1	217500	3704.261463165283
87	-47.98	-47.98	-46.7	-5.898974	11.918103	5.038826	-57.80256	-5.898669	0.1	220000	3747.3334188461304
88	-43.36	-43.36	-50.0	-5.9008837	11.908124	6.271265	-55.621376	-5.9007306	0.0	222500	3789.7023375034332
89	-45.36	-45.36	-50.0	-5.9025493	11.90678	5.0901194	-58.891216	-5.902414	0.0	225000	3832.2179334163666
90	-47.24	-47.24	-40.0	-5.927139	11.921964	8.306641	-61.366634	-5.926896	0.2	227500	3874.9081563949585
91	-46.72	-46.72	-50.0	-5.9398336	11.934342	5.953946	-61.03116	-5.9396176	0.0	230000	3918.4733097553253
92	-46.3	-46.3	-50.0	-5.93366	11.916336	8.320431	-66.767586	-5.9336534	0.0	232500	3961.3625679016113
93	-46.9	-46.9	-50.0	-5.9091105	11.876281	5.056582	-60.13997	-5.9089336	0.0	235000	4004.089400291443
94	-46.9	-46.9	-45.0	-5.884998	11.820025	5.0783434	-60.003357	-5.8850737	0.1	237500	4047.346357345581
95	-46.44	-46.44	-41.0	-5.8866277	11.806569	7.4426427	-60.16389	-5.886365	0.2	240000	4090.958832502365
96	-45.24	-45.24	-50.0	-5.858962	11.789811	4.0284815	-58.976543	-5.8586874	0.0	242500	4134.625242948532
97	-38.86	-38.86	-50.0	-5.845621	11.747083	4.578286	-60.247055	-5.845504	0.0	245000	4177.951727628708
98	-42.06	-42.06	-45.0	-5.785055	11.669147	5.3160567	-61.62694	-5.78498	0.1	247500	4220.975978851318
99	-43.22	-43.22	-39.399998	-5.782872	11.644427	5.8076277	-59.76637	-5.7829027	0.3	250000	4264.079435825348
100	-44.64	-44.64	-41.2	-5.769285	11.599153	6.8477364	-56.942448	-5.7691603	0.2	252500	4307.120878458023
101	-44.86	-44.86	-50.0	-5.741081	11.567334	5.228857	-59.002434	-5.741023	0.0	255000	4350.4419140815735
102	-46.28	-46.28	-50.0	-5.6835113	11.498263	4.560257	-62.65041	-5.6833696	0.0	257500	4394.555391788483
103	-45.5	-45.5	-45.0	-5.6888037	11.482691	3.6671343	-63.936264	-5.6887136	0.1	260000	4437.665502786636
104	-44.3	-44.3	-36.600002	-5.6868024	11.438149	7.8780546	-65.66984	-5.6863832	0.3	262500	4481.006930351257
105	-44.38	-44.38	-42.3	-5.6425266	11.362355	6.012266	-64.41064	-5.642633	0.2	265000	4524.495535612106
106	-42.06	-42.06	-34.600002	-5.5964046	11.268667	6.9589314	-61.1498	-5.5961375	0.4	267500	4567.853992700577
107	-45.64	-45.64	-50.0	-5.5848827	11.241694	5.953381	-59.484722	-5.584695	0.0	270000	4610.497077226639
108	-36.84	-36.84	-44.100002	-5.594468	11.239271	3.408869	-60.283817	-5.594376	0.2	272500	4652.921240568161
109	-43.58	-43.58	-46.8	-5.5975957	11.230725	3.6283326	-59.885117	-5.5972733	0.1	275000	4694.849041223526
110	-42.08	-42.08	-33.899998	-5.589237	11.20072	3.586152	-62.83767	-5.5886927	0.4	277500	4737.037397861481
111	-41.76	-41.76	-35.7	-5.545651	11.128787	4.5017114	-57.47258	-5.545214	0.4	280000	4780.191322565079
112	-43.7	-43.7	-50.0	-5.540431	11.089724	4.836947	-62.52899	-5.5403924	0.0	282500	4823.197423696518
113	-41.64	-41.64	-31.7	-5.5060363	11.025725	5.130796	-58.512535	-5.5059648	0.5	285000	4865.925975561142
114	-41.2	-41.2	-41.2	-5.4849977	10.988784	5.473708	-65.9118	-5.484588	0.2	287500	4909.063386440277
115	-37.7	-37.7	-41.0	-5.4657483	10.948517	4.4917493	-58.257843	-5.465497	0.3	290000	4951.713078022003
116	-37.98	-37.98	-42.2	-5.4197607	10.876355	6.2375345	-58.197964	-5.419816	0.1	292500	4994.8606905937195
117	-40.98	-40.98	-37.5	-5.408715	10.8329115	5.028103	-61.994324	-5.408642	0.3	295000	5037.396662473679
118	-41.68	-41.68	-39.600002	-5.3490853	10.740218	4.971859	-59.78131	-5.349275	0.2	297500	5079.98103761673
119	-39.86	-39.86	-46.3	-5.3028812	10.6500845	4.771674	-62.915146	-5.302716	0.1	300000	5121.200311422348
120	-37.08	-37.08	-38.899998	-5.2838745	10.586208	5.034784	-60.39464	-5.283606	0.3	302500	5164.834003448486
121	-37.48	-37.48	-34.8	-5.276974	10.541019	4.030146	-67.455605	-5.276263	0.5	305000	5206.76965713501
122	-42.88	-42.88	-27.9	-5.248538	10.482002	4.7934813	-64.81511	-5.2482204	0.5	307500	5249.77910900116
123	-39.96	-39.96	-34.600002	-5.2284145	10.415936	4.153163	-57.763233	-5.228102	0.4	310000	5293.3398678302765
124	-39.66	-39.66	-24.9	-5.187616	10.326333	5.814779	-63.6696	-5.187003	0.8	312500	5336.575030326843
125	-39.76	-39.76	-34.100002	-5.146346	10.229414	4.015499	-58.165882	-5.145578	0.4	315000	5379.782338142395
126	-39.8	-39.8	-17.800001	-5.1417627	10.185093	5.140849	-81.64884	-5.1415076	0.9	317500	5423.623385190964
127	-36.42	-36.42	-20.800001	-5.113901	10.118165	4.9768066	-65.55063	-5.1132545	0.8	320000	5467.652890920639
128	-37.64	-37.64	-13.9	-5.0812263	10.028065	5.1501484	-61.50753	-5.080675	1.0	322500	5511.174842119217
129	-38.1	-38.1	-35.3	-5.018055	9.878838	8.501556	-63.76144	-5.0177426	0.4	325000	5554.566030740738
130	-38.34	-38.34	-20.199999	-4.9558907	9.740648	4.5000377	-74.32162	-4.955758	0.8	327500	5598.1072909832
131	-39.0	-39.0	-25.9	-4.8932285	9.610843	4.8938766	-66.74315	-4.8930826	0.6	330000	5641.1655995845795
132	-40.1	-40.1	-21.800001	-4.8522477	9.521699	6.575177	-60.42829	-4.852158	0.8	332500	5684.6320104599
133	-38.98	-38.98	-30.3	-4.8243465	9.437118	4.0237427	-68.82126	-4.82431	0.6	335000	5726.891972064972
134	-39.06	-39.06	-19.199999	-4.8429456	9.400948	4.7661505	-57.959114	-4.843111	0.9	337500	5771.075070381165
135	-38.98	-38.98	-20.800001	-4.8268495	9.358817	6.455248	-60.22566	-4.826307	0.7	340000	5812.944633483887
136	-36.66	-36.66	-18.0	-4.8113046	9.321249	3.8052752	-66.012184	-4.8112183	0.9	342500	5855.790158510208
137	-32.52	-32.52	-20.9	-4.748681	9.20763	3.3954375	-59.785282	-4.748846	0.8	345000	5898.569395542145
138	-34.04	-34.04	-29.5	-4.679676	9.0837755	6.18924	-60.533443	-4.6797247	0.5	347500	5941.591693162918
139	-35.1	-35.1	-20.199999	-4.705116	9.0636835	4.966528	-61.37852	-4.7044845	0.9	350000	5984.257373094559
140	-38.74	-38.74	-20.800001	-4.6427326	8.94384	4.935762	-72.80898	-4.642258	0.8	352500	6027.41126203537
141	-32.78	-32.78	-16.199999	-4.564665	8.809189	4.458303	-63.928185	-4.564056	0.9	355000	6070.658872842789
142	-31.68	-31.68	-19.699999	-4.4843216	8.666112	4.821951	-60.752205	-4.4842396	0.8	357500	6113.565946817398
143	-34.04	-34.04	-24.2	-4.4685745	8.568471	7.1340203	-69.76949	-4.468972	0.7	360000	6156.272133350372
144	-35.36	-35.36	-22.1	-4.425457	8.469412	5.208371	-65.37945	-4.425538	0.8	362500	6198.103634595871
145	-39.84	-39.84	-38.100002	-4.4121876	8.407783	4.449266	-58.63279	-4.412463	0.4	365000	6241.3350918293
146	-32.94	-32.94	-21.199999	-4.3957806	8.360755	5.4450045	-66.08044	-4.3964496	0.8	367500	6284.086620569229
147	-35.0	-35.0	-26.9	-4.3543997	8.282554	6.423566	-66.0591	-4.3545346	0.7	370000	6326.6949853897095
148	-38.1	-38.1	-27.6	-4.3148675	8.183945	4.199962	-58.45097	-4.3147984	0.8	372500	6370.616735458374
149	-33.62	-33.62	-28.4	-4.3182206	8.146548	6.1434937	-62.500973	-4.3183136	0.6	375000	6413.49271774292
150	-35.92	-35.92	-22.4	-4.3005476	8.075971	7.108788	-75.14525	-4.3001466	0.8	377500	6456.299768447876
151	-32.68	-32.68	-16.699999	-4.2815886	8.010354	5.149013	-60.697853	-4.281651	1.0	380000	6499.381531715393
152	-29.84	-29.84	-15.3	-4.2354198	7.887555	5.737009	-62.456024	-4.2350893	0.9	382500	6542.541723012924
153	-30.52	-30.52	-28.5	-4.2163825	7.803958	5.6162467	-66.269005	-4.2165546	0.6	385000	6585.559801101685
154	-31.42	-31.42	-20.300001	-4.145919	7.7178016	4.011342	-59.763393	-4.14624	0.8	387500	6628.592148780823
155	-32.74	-32.74	-11.5	-4.1096425	7.6364536	4.943314	-58.83344	-4.109862	1.0	390000	6671.298678159714
156	-28.26	-28.26	-13.9	-4.0733166	7.55257	5.365016	-61.998047	-4.073724	1.0	392500	6714.033490419388
157	-34.62	-34.62	-24.2	-4.0703897	7.4881	3.6524575	-61.48894	-4.0705705	0.7	395000	6756.708554506302
158	-33.28	-33.28	-17.1	-4.0749936	7.4551907	4.5542903	-59.518147	-4.075228	0.9	397500	6800.156364917755
159	-31.52	-31.52	-22.699999	-4.064245	7.4005394	4.4273343	-66.08751	-4.064872	0.9	400000	6844.223707914352
160	-30.52	-30.52	-19.199999	-4.0281897	7.325023	5.244958	-60.347702	-4.0287027	0.9	402500	6887.547968149185
161	-34.22	-34.22	-15.1	-3.971952	7.1974163	4.063994	-57.98692	-3.9715707	1.0	405000	6930.1896505355835
162	-32.94	-32.94	-17.9	-3.958248	7.1676755	3.8857117	-64.60362	-3.9581978	1.0	407500	6974.043704509735
163	-34.38	-34.38	-22.800001	-3.9506013	7.0804396	5.506138	-62.632874	-3.9514494	0.8	410000	7017.210646867752
164	-31.44	-31.44	-16.6	-3.9444478	7.018227	4.940017	-61.611954	-3.944445	1.0	412500	7060.817797899246
165	-31.16	-31.16	-21.0	-3.9238236	6.9714994	5.170204	-64.48968	-3.924139	0.8	415000	7104.431269168854
166	-31.36	-31.36	-20.5	-3.9040267	6.899585	6.4253397	-55.324387	-3.9038806	0.8	417500	7148.207874536514
167	-31.02	-31.02	-20.300001	-3.8883834	6.8420644	4.1431365	-57.423244	-3.8889892	0.8	420000	7191.269313097
168	-32.2	-32.2	-10.7	-3.8675783	6.760652	4.01927	-64.14986	-3.8676937	1.0	422500	7234.376102209091
169	-32.22	-32.22	-13.3	-3.869061	6.738111	5.979577	-57.674328	-3.8692095	1.0	425000	7277.933646917343
170	-32.74	-32.74	-18.800001	-3.859549	6.7044806	4.9692907	-57.478718	-3.859818	0.8	427500	7321.723192691803
171	-30.8	-30.8	-21.9	-3.8686934	6.6875806	4.8203845	-56.23951	-3.8685625	0.8	430000	7365.475068569183
172	-30.48	-30.48	-20.699999	-3.864978	6.632203	4.1362295	-62.545265	-3.8650546	0.8	432500	7408.881555318832
173	-32.86	-32.86	-18.1	-3.850743	6.6017203	5.529764	-61.553272	-3.8509588	0.9	435000	7451.528238773346
174	-30.2	-30.2	-12.4	-3.8650093	6.574425	4.8104186	-56.4348	-3.8651958	1.0	437500	7494.526882410049
175	-31.9	-31.9	-15.0	-3.8409579	6.5241914	4.4904165	-62.817234	-3.8411314	1.0	440000	7537.056556224823
176	-30.4	-30.4	-16.6	-3.8202486	6.4758706	4.561332	-59.484814	-3.8202627	0.9	442500	7579.5824909210205
177	-33.04	-33.04	-13.7	-3.8221729	6.4481106	4.712904	-57.119827	-3.822376	1.0	445000	7622.255367517471
178	-28.06	-28.06	-16.199999	-3.8234556	6.427017	4.5527077	-56.341393	-3.8234987	1.0	447500	7664.69785284996
179	-31.74	-31.74	-18.4	-3.8541424	6.441384	4.9272575	-58.9682	-3.8540866	0.9	450000	7707.598201036453
180	-30.96	-30.96	-14.7	-3.8443172	6.422059	5.7083883	-55.828262	-3.844723	1.0	452500	7751.230145215988
181	-28.02	-28.02	-9.2	-3.8392193	6.367741	4.637674	-58.796005	-3.8392527	1.0	455000	7794.215254068375
182	-31.88	-31.88	-20.5	-3.8132362	6.310149	4.619767	-56.641956	-3.8132904	0.8	457500	7835.191089630127
183	-32.42	-32.42	-17.9	-3.7888894	6.2522936	4.134141	-60.085026	-3.7889898	0.9	460000	7878.008942127228
184	-30.04	-30.04	-13.8	-3.7666457	6.191294	5.592785	-64.21918	-3.766829	1.0	462500	7921.398723125458
185	-31.62	-31.62	-13.5	-3.740889	6.1174192	6.691301	-61.321693	-3.740891	0.8	465000	7964.44929432869
186	-27.8	-27.8	-16.800001	-3.7150192	6.061882	7.001714	-56.519474	-3.71469	0.9	467500	8007.418057918549
187	-28.3	-28.3	-11.3	-3.6793091	5.990805	4.1083035	-54.247185	-3.6794438	1.0	470000	8050.777423143387
188	-29.2	-29.2	-17.300001	-3.6830702	5.9829373	4.894557	-55.506615	-3.6831806	0.9	472500	8094.0978882312775
189	-28.72	-28.72	-17.199999	-3.70633	5.9777946	7.352555	-55.748466	-3.7062714	0.9	475000	8137.3554084300995
190	-32.16	-32.16	-13.9	-3.7397974	5.994174	5.989886	-57.015472	-3.7398236	1.0	477500	8180.647308111191
191	-29.56	-29.56	-20.5	-3.7184255	5.942493	3.6309772	-63.816486	-3.7183526	0.8	480000	8224.692188501358
192	-27.36	-27.36	-17.9	-3.6698346	5.8517194	4.159892	-57.318573	-3.6700108	0.9	482500	8268.320397615433
193	-29.24	-29.24	-15.0	-3.6659493	5.8220935	4.1279063	-58.63557	-3.6658454	1.0	485000	8311.224112987518
194	-30.58	-30.58	-15.3	-3.64925	5.793304	7.193403	-56.94444	-3.649706	1.0	487500	8353.767503023148
195	-27.14	-27.14	-26.3	-3.639201	5.768181	4.4970956	-60.769855	-3.639185	0.6	490000	8396.73336315155
196	-28.92	-28.92	-17.800001	-3.644921	5.737175	3.9102895	-61.9065	-3.6447923	0.8	492500	8439.65737581253
197	-29.54	-29.54	-10.7	-3.6435692	5.731032	4.1591253	-63.031673	-3.6437142	1.0	495000	8481.840523958206
198	-29.32	-29.32	-18.800001	-3.6555643	5.7067747	8.047712	-54.54953	-3.6554298	0.9	497500	8524.935809135437
199	-29.58	-29.58	-21.1	-3.6346276	5.6760745	6.1547995	-57.508533	-3.6348984	0.8	500000	8568.230412006378
200	-30.48	-30.48	-11.3	-3.6331787	5.6735616	6.452623	-56.17746	-3.6333601	1.0	502500	8610.98350405693
201	-30.52	-30.52	-12.0	-3.6169364	5.624631	6.246264	-55.58186	-3.6168585	1.0	505000	8653.829276323318
202	-28.56	-28.56	-11.9	-3.6047335	5.5994644	3.3740077	-58.457607	-3.6047118	1.0	507500	8697.031121253967
203	-26.12	-26.12	-9.099999	-3.6063678	5.594656	6.78935	-61.311737	-3.6067176	1.0	510000	8740.794428110123
204	-31.46	-31.46	-12.6	-3.5895832	5.5553627	7.5016146	-57.362766	-3.5891666	1.0	512500	8784.201790094376
205	-29.34	-29.34	-10.099999	-3.580506	5.5283303	5.195717	-56.216522	-3.5804753	1.0	515000	8827.575553417206
206	-26.66	-26.66	-15.7	-3.5623596	5.514606	3.5233624	-72.58793	-3.5626314	0.9	517500	8870.618314743042
207	-29.76	-29.76	-21.4	-3.5549567	5.4727592	5.89515	-56.54043	-3.554971	0.8	520000	8913.845264434814
208	-28.24	-28.24	-17.300001	-3.5468981	5.442951	4.7503514	-55.1042	-3.5466182	0.9	522500	8956.514691114426
209	-30.6	-30.6	-12.1	-3.5498476	5.4649706	3.7713542	-55.564438	-3.5497909	1.0	525000	8998.874205827713
210	-27.38	-27.38	-18.300001	-3.5150318	5.4033613	3.9752052	-71.11519	-3.5150244	0.9	527500	9042.73834323883
211	-27.98	-27.98	-17.4	-3.520589	5.3884935	5.184898	-57.34431	-3.5206707	0.8	530000	9086.713621377945
212	-29.62	-29.62	-11.7	-3.5283675	5.3766475	5.911303	-56.27853	-3.528514	1.0	532500	9130.199641227722
213	-30.14	-30.14	-17.800001	-3.5138826	5.351011	5.572642	-65.44005	-3.5137436	0.8	535000	9174.702859163284
214	-30.76	-30.76	-15.8	-3.516855	5.3569527	4.012158	-61.475933	-3.5169196	1.0	537500	9219.014026165009
215	-29.54	-29.54	-15.0	-3.4693751	5.306282	5.912722	-57.33227	-3.4694738	0.9	540000	9262.114240407944
216	-29.44	-29.44	-11.3	-3.4750376	5.3124533	4.05527	-56.365337	-3.4749177	1.0	542500	9303.761711835861
217	-26.94	-26.94	-17.199999	-3.4476056	5.2582326	3.9127243	-58.39533	-3.4480865	0.9	545000	9346.349165678024
218	-30.04	-30.04	-14.8	-3.462474	5.277883	4.5414658	-56.891094	-3.4627254	0.9	547500	9389.199495792389
219	-29.5	-29.5	-25.8	-3.4593623	5.2636933	4.006477	-61.447197	-3.4590924	0.7	550000	9431.854627847672
220	-26.92	-26.92	-19.300001	-3.4520655	5.245717	3.151649	-54.06485	-3.4522572	0.9	552500	9475.032912254333
221	-29.9	-29.9	-18.9	-3.4306889	5.217292	5.53866	-60.84967	-3.430682	0.9	555000	9517.735215187073
222	-31.46	-31.46	-11.0	-3.4234805	5.1789145	7.9754853	-56.4221	-3.4235232	1.0	557500	9560.538907051086
223	-27.36	-27.36	-13.7	-3.4136517	5.151323	3.2746692	-53.32412	-3.4139247	1.0	560000	9603.24649477005
224	-31.64	-31.64	-17.0	-3.4336312	5.1719112	2.8357456	-58.70626	-3.4335647	0.9	562500	9646.525333881378
225	-29.4	-29.4	-13.3	-3.4342718	5.1807013	3.3080769	-57.492245	-3.4343512	1.0	565000	9690.045800924301
226	-31.12	-31.12	-12.5	-3.4309819	5.156159	5.3838215	-57.25898	-3.431487	1.0	567500	9732.597755432129
227	-30.7	-30.7	-20.1	-3.4262252	5.152991	2.7574263	-59.681217	-3.4261348	1.0	570000	9776.667903661728
228	-30.44	-30.44	-12.6	-3.4288805	5.1442904	2.9720378	-60.26019	-3.4285848	1.0	572500	9820.399386882782
229	-28.68	-28.68	-11.0	-3.419596	5.131518	3.4611812	-57.453285	-3.4197118	1.0	575000	9863.743825674057
230	-31.98	-31.98	-13.3	-3.4040082	5.11077	4.1690307	-55.328754	-3.4039633	1.0	577500	9906.508785486221
231	-27.18	-27.18	-14.2	-3.3929632	5.1074386	3.5295606	-62.275463	-3.3928757	1.0	580000	9949.245482444763
232	-30.72	-30.72	-13.1	-3.383921	5.099111	2.8765254	-55.622948	-3.3841171	1.0	582500	9992.176968812943
233	-29.2	-29.2	-10.099999	-3.403201	5.102395	4.6140065	-55.135384	-3.4031262	1.0	585000	10034.812655210495
234	-25.98	-25.98	-11.3	-3.4055727	5.091064	3.7872622	-57.50138	-3.405545	1.0	587500	10078.438797950745
235	-28.18	-28.18	-11.599999	-3.391844	5.0770907	2.7635808	-62.129086	-3.392238	0.9	590000	10122.065533399582
236	-27.06	-27.06	-8.7	-3.376004	5.0518875	4.3696394	-56.88272	-3.375935	1.0	592500	10165.44061923027
237	-28.52	-28.52	-15.5	-3.3670812	5.0156155	3.780318	-54.49689	-3.3668256	1.0	595000	10208.499802589417
238	-25.4	-25.4	-12.1	-3.359164	5.0165215	3.5728767	-61.211586	-3.359214	1.0	597500	10251.6372692585
239	-25.5	-25.5	-11.599999	-3.362522	5.011775	4.5423408	-59.27883	-3.3625636	1.0	600000	10294.693572759628
240	-27.56	-27.56	-11.400001	-3.35011	5.000199	4.1023536	-57.303135	-3.3501647	1.0	602500	10337.783530712128
241	-29.84	-29.84	-12.5	-3.329381	4.9764524	2.933508	-55.230312	-3.3296018	0.9	605000	10380.31063914299
242	-30.0	-30.0	-16.300001	-3.3153088	4.9691243	3.6221974	-58.987278	-3.3153172	1.0	607500	10422.954971075058
243	-26.16	-26.16	-13.3	-3.3011146	4.9452324	2.8608408	-55.502743	-3.3012943	1.0	610000	10466.205086708069
244	-28.44	-28.44	-9.599999	-3.297149	4.924354	4.108543	-56.057	-3.297015	1.0	612500	10509.526280164719
245	-28.04	-28.04	-11.5	-3.2846186	4.907439	3.4000716	-55.60597	-3.2845092	1.0	615000	10551.90126156807
246	-26.96	-26.96	-12.5	-3.2740169	4.894444	2.7479036	-60.93097	-3.2738218	1.0	617500	10595.455112457275
247	-29.44	-29.44	-14.5	-3.270031	4.890967	2.6751544	-77.627815	-3.270109	0.9	620000	10638.789919376373
248	-31.12	-31.12	-17.9	-3.2665684	4.860742	3.2752304	-55.792183	-3.2667217	0.9	622500	10682.874032974243
249	-26.62	-26.62	-16.9	-3.2475235	4.84261	3.636489	-59.24118	-3.2477562	0.8	625000	10726.235555887222
250	-27.62	-27.62	-12.8	-3.2474773	4.840507	2.8973165	-63.35482	-3.2473917	1.0	627500	10769.66421365738
251	-26.1	-26.1	-11.8	-3.2451952	4.8395963	2.7886245	-57.426468	-3.2453163	1.0	630000	10813.252355575562
252	-30.8	-30.8	-9.099999	-3.2469652	4.8343024	3.0472033	-56.0476	-3.2468464	1.0	632500	10856.795496463776
253	-30.7	-30.7	-11.8	-3.2540777	4.829822	2.7564342	-56.456326	-3.2538526	1.0	635000	10900.80936717987
254	-27.94	-27.94	-11.5	-3.2596402	4.860218	3.2175498	-55.53518	-3.2598767	1.0	637500	10944.133927583694
255	-30.24	-30.24	-15.4	-3.2509048	4.861425	10.529858	-57.87927	-3.250949	0.9	640000	10987.6655960083
256	-25.34	-25.34	-11.5	-3.2328808	4.834688	2.3073292	-54.302807	-3.232587	1.0	642500	11030.89271903038
257	-25.22	-25.22	-12.9	-3.234655	4.8386893	2.9061484	-55.17703	-3.234757	1.0	645000	11074.73893904686
258	-26.28	-26.28	-11.7	-3.2379098	4.828581	3.4442203	-57.66571	-3.237718	1.0	647500	11118.512784719467
259	-29.4	-29.4	-15.6	-3.2305775	4.814397	3.2196956	-55.99522	-3.230737	0.9	650000	11161.926996707916
260	-23.66	-23.66	-10.599999	-3.2119114	4.796197	7.719203	-60.885857	-3.2119792	1.0	652500	11205.326084136963
261	-34.58	-34.58	-18.1	-3.1958885	4.7778096	3.4971204	-58.832638	-3.195975	0.8	655000	11249.059614181519
262	-29.94	-29.94	-11.7	-3.2081807	4.7823772	4.276162	-56.904305	-3.208426	1.0	657500	11291.78131723404
263	-28.12	-28.12	-17.6	-3.2062957	4.772137	3.0381021	-54.745815	-3.2062185	1.0	660000	11334.581631422043
264	-28.04	-28.04	-10.400001	-3.2191217	4.791365	6.0662446	-55.96971	-3.2190657	1.0	662500	11377.618816137314
265	-27.52	-27.52	-15.4	-3.2131026	4.7871737	2.9968195	-55.82826	-3.2132351	0.9	665000	11420.06769824028
266	-30.62	-30.62	-19.300001	-3.1993008	4.7596965	2.5465202	-54.229733	-3.1991801	0.8	667500	11462.632036209106
267	-30.06	-30.06	-17.4	-3.192937	4.7618203	8.943452	-53.127754	-3.1927283	0.9	670000	11505.643820762634
268	-28.46	-28.46	-11.7	-3.2076316	4.784945	5.3874507	-57.546165	-3.2076719	1.0	672500	11548.990350484848
269	-28.58	-28.58	-16.199999	-3.2041514	4.776846	2.8716745	-55.295715	-3.2040257	0.9	675000	11591.590093374252
270	-27.44	-27.44	-12.8	-3.2077675	4.7813287	2.5035274	-65.496475	-3.20793	1.0	677500	11635.023177862167
271	-29.88	-29.88	-13.9	-3.2074242	4.788757	2.9600127	-54.340816	-3.207354	0.9	680000	11678.524864673615
272	-25.56	-25.56	-9.900001	-3.2101812	4.790196	4.677994	-70.83815	-3.2098706	1.0	682500	11721.760937690735
273	-29.58	-29.58	-15.8	-3.2070787	4.783631	4.893126	-56.207676	-3.207119	0.9	685000	11765.041576862335
274	-28.26	-28.26	-19.0	-3.2128057	4.7996945	7.9680657	-58.08352	-3.2128882	0.9	687500	11808.693181753159
275	-30.3	-30.3	-15.0	-3.2105193	4.8022313	4.599529	-54.901703	-3.2104285	0.9	690000	11852.219736099243
276	-25.74	-25.74	-14.2	-3.2348802	4.8219957	3.0965524	-55.413353	-3.234986	0.9	692500	11895.113977193832
277	-27.76	-27.76	-14.5	-3.2171953	4.803728	5.968018	-55.429604	-3.2171218	1.0	695000	11938.414803981781
278	-26.72	-26.72	-14.2	-3.2193155	4.798641	3.0297651	-55.307987	-3.2192237	0.9	697500	11981.662170171738
279	-27.24	-27.24	-12.2	-3.206673	4.793786	3.7227287	-54.552982	-3.2064874	0.9	700000	12024.964453220367
280	-29.52	-29.52	-14.8	-3.2174513	4.799221	10.277538	-58.02928	-3.2178016	0.9	702500	12068.524510622025
281	-28.44	-28.44	-15.0	-3.2058692	4.7873235	9.886163	-56.77529	-3.2058878	0.9	705000	12112.040137529373
282	-26.98	-26.98	-11.3	-3.2026687	4.7727695	7.859091	-52.99504	-3.2027535	1.0	707500	12154.852327823639
283	-30.14	-30.14	-9.099999	-3.1855602	4.7510056	2.5333304	-54.680515	-3.1855745	1.0	710000	12198.230377197266
284	-27.72	-27.72	-15.2	-3.199729	4.7447643	10.435752	-54.789726	-3.199662	0.9	712500	12241.453827142715
285	-25.92	-25.92	-10.2	-3.179727	4.718494	2.3070683	-57.465664	-3.1797934	1.0	715000	12284.95775938034
286	-30.26	-30.26	-8.900001	-3.184415	4.7306256	2.975702	-61.8581	-3.1842532	1.0	717500	12328.706643819809
287	-27.04	-27.04	-10.3	-3.1730278	4.7248793	3.515054	-59.89747	-3.1730168	1.0	720000	12371.961481332779
288	-26.2	-26.2	-13.4	-3.1834846	4.7212152	6.996491	-59.676353	-3.183462	1.0	722500	12415.464570522308
289	-24.8	-24.8	-8.5	-3.200098	4.7550097	9.016744	-56.76045	-3.2001157	1.0	725000	12458.890243530273
290	-28.36	-28.36	-11.599999	-3.2112112	4.7409763	5.9328938	-53.20457	-3.2113774	1.0	727500	12502.637702465057
291	-24.62	-24.62	-24.6	-3.187682	4.741003	3.0058603	-53.881123	-3.187485	0.7	730000	12546.570742368698
292	-25.14	-25.14	-12.7	-3.1716182	4.715882	2.9960985	-59.933075	-3.1717963	0.9	732500	12588.904564142227
293	-25.9	-25.9	-16.5	-3.184086	4.7064314	11.667674	-57.906494	-3.1839814	0.9	735000	12632.020406723022
294	-26.68	-26.68	-12.1	-3.166182	4.6950235	6.236687	-55.200966	-3.1661527	1.0	737500	12675.03486275673
295	-31.7	-31.7	-10.900001	-3.1733913	4.729106	3.272419	-67.69952	-3.173771	1.0	740000	12717.874869346619
296	-28.26	-28.26	-10.5	-3.1642413	4.6969905	3.2711897	-57.366962	-3.1638	1.0	742500	12761.668556690216
297	-28.6	-28.6	-8.7	-3.1611235	4.7010007	2.2418482	-56.340073	-3.1611488	1.0	745000	12805.239517450333
298	-26.94	-26.94	-9.400001	-3.1696293	4.709727	4.5623646	-68.51308	-3.16969	1.0	747500	12848.41436123848
299	-29.14	-29.14	-9.400001	-3.1551728	4.675912	2.1638055	-60.971523	-3.1551723	1.0	750000	12891.665288686752
300	-26.42	-26.42	-13.6	-3.1487715	4.6613393	3.0353465	-54.555668	-3.1486628	1.0	752500	12935.23136973381
301	-24.84	-24.84	-14.6	-3.1381109	4.6592646	4.6679516	-55.322296	-3.1383204	0.9	755000	12979.148284196854
302	-29.76	-29.76	-6.8	-3.1350868	4.670899	9.590337	-53.856956	-3.1350727	1.0	757500	13022.480418920517
303	-27.82	-27.82	-11.599999	-3.1636806	4.6879797	7.118989	-59.77525	-3.1637204	1.0	760000	13066.412240743637
304	-24.74	-24.74	-12.3	-3.147148	4.697956	3.8142889	-58.159786	-3.1468945	1.0	762500	13109.290213823318
305	-28.82	-28.82	-15.3	-3.143744	4.691162	3.1995676	-56.080784	-3.1439455	0.9	765000	13151.388585090637
306	-27.86	-27.86	-11.0	-3.1361392	4.684263	13.8876505	-55.11368	-3.1360195	1.0	767500	13194.189752101898
307	-28.68	-28.68	-15.1	-3.1043267	4.654935	5.488543	-55.404823	-3.10447	0.9	770000	13236.547082424164
308	-30.02	-30.02	-16.199999	-3.1089633	4.6500173	5.5333056	-55.02006	-3.108831	0.9	772500	13279.183966875076
309	-27.82	-27.82	-11.0	-3.1177912	4.666558	8.421122	-56.570568	-3.1178472	1.0	775000	13322.262425899506
310	-28.7	-28.7	-10.599999	-3.123658	4.671659	3.4903429	-59.26075	-3.1234155	1.0	777500	13365.07436299324
311	-29.94	-29.94	-11.7	-3.1288626	4.674116	3.092656	-56.157192	-3.1287653	1.0	780000	13407.926387310028
312	-27.02	-27.02	-11.7	-3.118136	4.677957	2.7602973	-76.8651	-3.1180763	1.0	782500	13451.56615281105
313	-28.26	-28.26	-14.8	-3.119158	4.680585	7.0359435	-74.18921	-3.1192558	0.9	785000	13495.610920190811
314	-28.58	-28.58	-10.8	-3.1071332	4.653969	4.471113	-62.285305	-3.107165	1.0	787500	13538.359287261963
315	-29.66	-29.66	-18.300001	-3.1016345	4.6518297	3.4309583	-61.534767	-3.1015294	0.9	790000	13582.252611160278
316	-21.52	-21.52	-14.2	-3.0874991	4.630382	6.897513	-57.679504	-3.0875413	0.9	792500	13622.856922864914
317	-27.96	-27.96	-9.8	-3.069681	4.603999	7.4318447	-61.9501	-3.0697515	1.0	795000	13666.673699378967
318	-25.7	-25.7	-17.199999	-3.077457	4.623807	7.111055	-68.30393	-3.0773864	0.9	797500	13710.335151195526
319	-27.86	-27.86	-9.2	-3.0936007	4.64136	3.162605	-53.801197	-3.093523	1.0	800000	13754.014949083328
320	-28.76	-28.76	-18.5	-3.0752904	4.62134	9.726474	-60.027897	-3.0752046	0.8	802500	13797.943390130997
321	-23.24	-23.24	-9.400001	-3.081553	4.626902	3.5594893	-56.43555	-3.0815363	1.0	805000	13841.42398571968
322	-23.12	-23.12	-13.9	-3.0773013	4.6319513	3.5029747	-60.776993	-3.0771985	1.0	807500	13884.610365629196
323	-26.08	-26.08	-16.4	-3.0753877	4.6278515	6.009099	-61.128555	-3.0753176	0.9	810000	13927.16040611267
324	-27.0	-27.0	-9.099999	-3.0567408	4.607427	6.334983	-59.266586	-3.05692	1.0	812500	13970.688511133194
325	-26.02	-26.02	-14.7	-3.055734	4.610663	5.6273108	-57.974533	-3.055383	0.9	815000	14014.856004476547
326	-23.1	-23.1	-10.0	-3.041462	4.600123	8.556775	-68.85377	-3.041318	1.0	817500	14058.37759590149
327	-27.56	-27.56	-11.599999	-3.0516071	4.6118436	4.068666	-69.907005	-3.0518668	1.0	820000	14101.276230812073
328	-29.38	-29.38	-11.9	-3.076432	4.631761	3.138055	-59.420933	-3.0764596	1.0	822500	14145.087843418121
329	-26.06	-26.06	-9.8	-3.0584009	4.6311364	2.5310473	-57.296505	-3.058128	1.0	825000	14188.90951180458
330	-27.26	-27.26	-12.2	-3.034788	4.6112657	4.2343097	-61.814453	-3.0347288	1.0	827500	14232.24968457222
331	-23.56	-23.56	-10.099999	-3.0454204	4.609202	4.6839213	-57.199116	-3.0454774	1.0	830000	14275.968790769577
332	-25.76	-25.76	-13.5	-3.044368	4.6092777	3.6518095	-65.615005	-3.0443954	1.0	832500	14318.996885061264
333	-26.96	-26.96	-11.599999	-3.0428255	4.6167235	3.6177459	-69.11525	-3.042769	1.0	835000	14361.876177310944
334	-30.58	-30.58	-12.5	-3.0445683	4.607265	7.6988883	-55.83011	-3.0446446	1.0	837500	14404.227074861526
335	-27.14	-27.14	-10.3	-3.0438254	4.618259	6.087913	-59.798206	-3.0438313	1.0	840000	14447.621289014816
336	-28.06	-28.06	-10.5	-3.030521	4.5988054	14.473632	-56.77632	-3.03052	1.0	842500	14491.542658805847
337	-25.76	-25.76	-10.8	-3.0285408	4.622787	4.559641	-57.16277	-3.0284324	1.0	845000	14533.534827947617
338	-25.56	-25.56	-10.400001	-3.0314474	4.6205044	7.104466	-73.26266	-3.0315843	1.0	847500	14577.534665107727
339	-31.3	-31.3	-8.400001	-3.026686	4.614312	2.804927	-55.367744	-3.0267723	1.0	850000	14620.660127401352
340	-24.74	-24.74	-9.0	-3.0236068	4.6069884	3.9584346	-63.68011	-3.0232573	1.0	852500	14663.508241891861
341	-24.16	-24.16	-9.099999	-3.016709	4.6179967	6.1173577	-58.599026	-3.0167046	1.0	855000	14706.319726228714
342	-26.56	-26.56	-9.900001	-3.0452354	4.6165767	5.7293353	-55.31091	-3.045266	1.0	857500	14748.532984495163
343	-28.3	-28.3	-12.1	-3.01776	4.599033	7.468089	-56.941162	-3.0177653	1.0	860000	14791.933902740479
344	-24.3	-24.3	-14.5	-3.022428	4.58302	3.0817437	-74.16567	-3.0223	0.9	862500	14834.833654642105
345	-27.98	-27.98	-12.1	-3.0100956	4.5765505	2.9774227	-64.387505	-3.0099556	1.0	865000	14878.71011042595
346	-22.04	-22.04	-14.1	-2.9870698	4.568917	4.340548	-64.69425	-2.9871354	1.0	867500	14922.658342599869
347	-25.54	-25.54	-9.900001	-2.9677374	4.536396	2.851447	-56.1481	-2.9678607	1.0	870000	14965.239975690842
348	-28.3	-28.3	-9.099999	-2.9640849	4.53165	3.041562	-60.866077	-2.9638662	1.0	872500	15007.33416223526
349	-24.96	-24.96	-10.0	-2.9687603	4.528435	10.364709	-58.28851	-2.9685395	1.0	875000	15048.664947509766
350	-27.0	-27.0	-11.8	-2.9458783	4.488181	3.7661111	-54.23909	-2.9460382	1.0	877500	15090.265065431595
351	-25.86	-25.86	-12.7	-2.9454055	4.5034175	3.4939482	-59.501125	-2.9453087	1.0	880000	15131.920349359512
352	-25.78	-25.78	-10.099999	-2.9323723	4.4947824	2.5043657	-56.018795	-2.9322088	1.0	882500	15173.464980125427
353	-21.66	-21.66	-15.2	-2.9394937	4.501257	5.1947713	-59.59386	-2.9394941	0.9	885000	15216.001045942307
354	-24.84	-24.84	-10.900001	-2.9337854	4.505505	4.217857	-56.939842	-2.9337697	1.0	887500	15257.981227397919
355	-28.02	-28.02	-11.8	-2.94424	4.5085444	3.409449	-53.73183	-2.9442492	1.0	890000	15299.83263540268
356	-24.06	-24.06	-15.1	-2.9328747	4.496321	3.0265164	-59.316998	-2.9330313	0.9	892500	15341.40010380745
357	-29.06	-29.06	-11.400001	-2.9223466	4.4693723	2.9604309	-57.937355	-2.9223564	1.0	895000	15383.898376464844
358	-24.54	-24.54	-14.7	-2.9225874	4.4922314	3.2953343	-52.412987	-2.9226565	0.9	897500	15426.637398958206
359	-24.78	-24.78	-18.6	-2.9243562	4.487708	3.0999236	-59.279305	-2.9243395	0.9	900000	15468.97927904129
360	-26.66	-26.66	-14.4	-2.90464	4.4674582	2.431532	-60.85835	-2.9047492	0.9	902500	15511.256433486938
361	-25.34	-25.34	-10.900001	-2.900499	4.4674335	3.2116888	-55.146698	-2.9003124	1.0	905000	15553.806062221527
362	-27.32	-27.32	-11.5	-2.899052	4.478924	4.201225	-56.602253	-2.8988435	1.0	907500	15595.647803544998
363	-29.86	-29.86	-10.8	-2.9076602	4.479632	2.388823	-55.90575	-2.9079626	1.0	910000	15638.375945806503
364	-26.62	-26.62	-10.400001	-2.9088857	4.473339	2.572369	-53.13362	-2.908737	1.0	912500	15680.660526752472
365	-26.38	-26.38	-12.6	-2.9119887	4.486749	3.6578426	-64.97344	-2.911776	0.9	915000	15722.820829868317
366	-27.44	-27.44	-14.9	-2.9198155	4.4975276	2.4290316	-54.487274	-2.9197307	0.9	917500	15764.50078868866
367	-26.6	-26.6	-12.7	-2.922231	4.497851	3.1628854	-54.860645	-2.9222558	1.0	920000	15805.671043157578
368	-26.52	-26.52	-14.1	-2.9105673	4.4880385	2.4632347	-69.03838	-2.910537	0.9	922500	15847.733614683151
369	-26.46	-26.46	-12.8	-2.9147236	4.4950356	3.2753074	-66.118385	-2.9147148	1.0	925000	15889.19807600975
370	-24.76	-24.76	-15.5	-2.9149334	4.511331	2.7575803	-69.42737	-2.9148567	0.9	927500	15931.04383778572
371	-26.78	-26.78	-11.599999	-2.9187863	4.5072746	2.9753416	-61.63295	-2.9186585	0.9	930000	15973.40422654152
372	-28.96	-28.96	-15.2	-2.9000242	4.4945865	3.4001856	-59.9048	-2.8999486	0.9	932500	16015.961639881134
373	-26.74	-26.74	-8.8	-2.907445	4.504803	8.939239	-70.63785	-2.907289	1.0	935000	16058.227496862411
374	-24.18	-24.18	-9.8	-2.8963017	4.500219	3.0842686	-61.227345	-2.8963952	1.0	937500	16100.565759181976
375	-27.02	-27.02	-13.8	-2.911558	4.529694	2.1753726	-55.9965	-2.9113545	1.0	940000	16141.679465532303
376	-28.22	-28.22	-11.9	-2.908279	4.492973	2.5311487	-63.37232	-2.9080756	1.0	942500	16182.867089509964
377	-23.7	-23.7	-10.099999	-2.914258	4.5167284	5.306955	-58.779953	-2.914448	1.0	945000	16224.252905130386
378	-24.84	-24.84	-14.5	-2.9108968	4.513262	3.8617857	-57.613766	-2.9107602	0.9	947500	16265.761800527573
379	-27.72	-27.72	-18.300001	-2.9004242	4.4973073	4.0066195	-55.352493	-2.9002252	0.8	950000	16306.93480873108
380	-26.12	-26.12	-15.4	-2.9024353	4.4945602	3.490953	-61.272354	-2.9024894	0.9	952500	16348.250158786774
381	-27.18	-27.18	-9.599999	-2.9029887	4.498746	3.3997734	-65.51303	-2.902749	1.0	955000	16388.799430847168
382	-26.46	-26.46	-9.599999	-2.8888428	4.4754686	2.7359488	-59.562084	-2.8888137	1.0	957500	16429.75313782692
383	-26.22	-26.22	-10.900001	-2.889565	4.4761386	2.619293	-63.29995	-2.8897321	1.0	960000	16471.173698186874
384	-26.66	-26.66	-16.4	-2.9064615	4.497357	2.7418354	-61.685913	-2.906333	0.9	962500	16512.606312274933
385	-26.5	-26.5	-11.8	-2.8916879	4.494139	3.227978	-61.776016	-2.891768	1.0	965000	16554.03288078308
386	-28.32	-28.32	-12.1	-2.9009297	4.501511	3.5538952	-64.71911	-2.900797	1.0	967500	16595.481398820877
387	-30.0	-30.0	-11.9	-2.9072773	4.5003567	2.5591128	-55.18499	-2.907223	1.0	970000	16636.96305322647
388	-27.34	-27.34	-12.6	-2.888473	4.4993086	3.0064702	-56.21033	-2.8882747	1.0	972500	16677.698130130768
389	-27.82	-27.82	-10.3	-2.909024	4.503176	3.312962	-56.66931	-2.9091566	1.0	975000	16714.70007419586
390	-27.34	-27.34	-10.0	-2.9036515	4.5112987	5.523832	-71.747696	-2.9035573	1.0	977500	16751.647982120514
391	-23.74	-23.74	-12.8	-2.9039774	4.499079	3.7110271	-66.45619	-2.9037676	1.0	980000	16792.94750380516
392	-26.22	-26.22	-16.300001	-2.8866324	4.470294	3.0389514	-56.483765	-2.8867717	0.9	982500	16835.013613462448
393	-28.44	-28.44	-11.400001	-2.8983595	4.4953203	3.9664445	-70.470695	-2.8982973	1.0	985000	16877.023856639862
394	-28.04	-28.04	-12.4	-2.9057086	4.4925556	2.6347947	-58.919853	-2.9056013	1.0	987500	16919.1076335907
395	-28.18	-28.18	-9.900001	-2.9255471	4.520074	7.206568	-63.18163	-2.9254727	1.0	990000	16960.7512652874
396	-23.82	-23.82	-7.0	-2.909751	4.4966455	3.718108	-63.431484	-2.9094498	1.0	992500	17001.34808421135
397	-28.88	-28.88	-11.5	-2.9174595	4.5184665	5.5381827	-54.722363	-2.9176834	1.0	995000	17042.009217739105
398	-27.88	-27.88	-14.7	-2.927033	4.5256133	4.102309	-60.83256	-2.9269862	1.0	997500	17084.44947195053
399	-27.46	-27.46	-8.3	-2.9167917	4.5176077	2.5295978	-57.46817	-2.9166577	1.0	1000000	17126.492774248123
400	-29.06	-29.06	-11.2	-2.9195492	4.522931	3.5064764	-62.17801	-2.9196022	1.0	1002500	17168.95664525032
401	-24.2	-24.2	-14.1	-2.928691	4.542421	2.7805476	-55.84773	-2.9285784	1.0	1005000	17211.311514377594
402	-26.58	-26.58	-12.0	-2.9376721	4.545866	3.3786697	-55.83537	-2.9373517	1.0	1007500	17253.06010580063
403	-22.58	-22.58	-7.7	-2.932497	4.5294	2.664429	-59.473198	-2.9324727	1.0	1010000	17295.073150634766
404	-22.16	-22.16	-12.9	-2.9258366	4.537793	3.8020523	-57.7741	-2.9258523	1.0	1012500	17337.96643590927
405	-24.46	-24.46	-11.2	-2.9071546	4.504645	4.8985868	-56.624584	-2.9072459	1.0	1015000	17379.348671913147
406	-26.64	-26.64	-11.8	-2.907228	4.500264	3.782092	-57.447247	-2.9072275	1.0	1017500	17420.96787428856
407	-27.22	-27.22	-14.4	-2.9038453	4.473256	2.8094914	-67.72036	-2.9039366	1.0	1020000	17461.596616744995
408	-25.26	-25.26	-11.2	-2.9110038	4.4920564	3.7745805	-68.70905	-2.9111507	1.0	1022500	17503.87257695198
409	-20.18	-20.18	-17.300001	-2.8992448	4.47358	3.3300161	-67.98884	-2.8994646	0.8	1025000	17545.481097459793
410	-25.9	-25.9	-11.400001	-2.8902876	4.476987	4.2553606	-53.89324	-2.8901956	1.0	1027500	17587.068421125412
411	-25.06	-25.06	-11.599999	-2.8737395	4.4599285	5.1890683	-54.129047	-2.873739	1.0	1030000	17629.627670526505
412	-29.84	-29.84	-9.2	-2.8813913	4.488761	4.7144604	-57.360268	-2.8814437	1.0	1032500	17670.589174747467
413	-28.4	-28.4	-10.400001	-2.881967	4.4882636	3.053748	-61.607952	-2.882008	1.0	1035000	17711.86858201027
414	-23.46	-23.46	-11.599999	-2.887455	4.470685	4.279799	-54.883125	-2.8871713	1.0	1037500	17753.874237775803
415	-28.06	-28.06	-13.7	-2.878076	4.457334	3.832435	-55.16163	-2.8780649	1.0	1040000	17795.18619632721
416	-27.06	-27.06	-10.2	-2.896892	4.488751	2.3665185	-61.014797	-2.8967814	1.0	1042500	17836.534872055054
417	-27.68	-27.68	-9.900001	-2.887132	4.494033	2.5174305	-56.665024	-2.8870454	1.0	1045000	17878.45455646515
418	-28.36	-28.36	-15.3	-2.8912194	4.4914207	2.8735766	-62.204937	-2.8908958	0.9	1047500	17920.094021081924
419	-23.46	-23.46	-10.099999	-2.9115362	4.5243187	2.4722123	-54.802868	-2.9115918	1.0	1050000	17961.34082365036
420	-28.58	-28.58	-12.9	-2.9178548	4.5299687	3.3975747	-78.8297	-2.9180088	1.0	1052500	18002.097759723663
421	-28.94	-28.94	-13.4	-2.899721	4.4997168	3.5583045	-56.555157	-2.89955	1.0	1055000	18042.932462215424
422	-25.98	-25.98	-11.5	-2.9026175	4.497981	4.4564795	-69.779884	-2.902786	1.0	1057500	18083.49199438095
423	-26.9	-26.9	-15.8	-2.9192762	4.515435	4.2702694	-57.948257	-2.919188	0.9	1060000	18123.934892416
424	-28.0	-28.0	-10.599999	-2.9208577	4.5343833	3.0001886	-57.53842	-2.9207728	1.0	1062500	18164.125938892365
425	-27.6	-27.6	-10.8	-2.922941	4.5454397	4.982167	-56.651382	-2.9230118	1.0	1065000	18205.084320783615
426	-26.44	-26.44	-12.5	-2.9284914	4.544051	3.3437068	-58.263264	-2.9282293	0.9	1067500	18245.377876520157
427	-30.48	-30.48	-9.400001	-2.967965	4.5957155	2.8270311	-64.30062	-2.9680233	1.0	1070000	18286.005611419678
428	-25.7	-25.7	-13.8	-2.9697223	4.582005	4.3190536	-53.3443	-2.9697647	1.0	1072500	18326.23619580269
429	-28.58	-28.58	-11.8	-2.952706	4.574483	3.147477	-57.09391	-2.9526439	1.0	1075000	18366.710021972656
430	-23.52	-23.52	-12.4	-2.9586473	4.573232	4.0653973	-55.499054	-2.9584756	0.9	1077500	18407.792730808258
431	-28.16	-28.16	-10.400001	-2.9509697	4.5655665	5.7950997	-59.481953	-2.951164	1.0	1080000	18448.142961978912
432	-25.34	-25.34	-9.3	-2.9509099	4.5810885	3.44885	-59.40359	-2.9509094	1.0	1082500	18488.348341703415
433	-23.62	-23.62	-14.1	-2.9486222	4.5586057	3.1244023	-59.326668	-2.9487956	1.0	1085000	18529.0068962574
434	-28.74	-28.74	-10.599999	-2.956417	4.5795984	3.8357723	-68.74061	-2.9564393	1.0	1087500	18569.557329893112
435	-27.24	-27.24	-11.0	-2.9582412	4.5867357	4.176571	-57.145664	-2.9583454	1.0	1090000	18609.889302015305
436	-25.88	-25.88	-8.3	-2.93985	4.5585546	2.6105258	-59.55007	-2.9398277	1.0	1092500	18651.10369515419
437	-26.92	-26.92	-10.099999	-2.9428928	4.580468	2.6828485	-56.575367	-2.942763	1.0	1095000	18692.688566446304
438	-27.24	-27.24	-7.9	-2.9452815	4.579973	2.4995215	-57.519684	-2.9451065	1.0	1097500	18733.65873003006
439	-24.1	-24.1	-8.8	-2.9394038	4.5740514	4.2598357	-61.28616	-2.9392104	1.0	1100000	18775.377519607544
440	-29.6	-29.6	-15.5	-2.939925	4.561335	2.711868	-56.623768	-2.9399323	0.9	1102500	18816.44472336769
441	-26.1	-26.1	-8.099999	-2.9560125	4.589184	3.0592928	-63.44967	-2.9560897	1.0	1105000	18858.93345451355
442	-27.82	-27.82	-13.0	-2.9628444	4.593654	4.927401	-59.091675	-2.9628508	1.0	1107500	18900.76244044304
443	-22.82	-22.82	-12.2	-2.9701128	4.5854945	4.0320964	-59.801655	-2.9701731	1.0	1110000	18942.425139188766
444	-27.4	-27.4	-10.400001	-2.9513514	4.573574	2.257053	-59.697327	-2.9513223	1.0	1112500	18984.94015932083
445	-26.82	-26.82	-11.9	-2.9575918	4.5786285	2.7072268	-60.87584	-2.9574962	1.0	1115000	19029.18270111084
446	-25.18	-25.18	-9.0	-2.9642208	4.5899982	2.4783726	-60.10052	-2.9641106	1.0	1117500	19071.375594854355
447	-27.22	-27.22	-9.099999	-2.9652033	4.600687	3.4927866	-58.485004	-2.9651046	1.0	1120000	19112.32966732979
448	-25.8	-25.8	-10.400001	-2.9847925	4.6160502	3.2585704	-55.407673	-2.985209	1.0	1122500	19154.301270723343
449	-26.72	-26.72	-8.2	-2.9716704	4.6054406	7.5163155	-60.514923	-2.9715557	1.0	1125000	19195.48668909073
450	-24.9	-24.9	-16.0	-2.9628289	4.6082	2.802454	-57.039524	-2.9629312	0.9	1127500	19236.62966299057
451	-28.2	-28.2	-14.8	-2.9792757	4.6212826	3.4684327	-67.499115	-2.9788368	1.0	1130000	19277.318477392197
452	-24.28	-24.28	-10.7	-2.965303	4.608361	3.0282967	-65.05933	-2.9652903	1.0	1132500	19317.566088438034
453	-26.14	-26.14	-14.8	-2.966461	4.5844626	3.1582448	-56.643364	-2.966301	0.9	1135000	19358.020206928253
454	-24.1	-24.1	-16.1	-2.9542787	4.577538	4.447391	-58.21182	-2.9544358	0.9	1137500	19400.203738451004
455	-29.0	-29.0	-8.400001	-2.9689035	4.597851	3.2207778	-55.93276	-2.9685693	1.0	1140000	19441.18668603897
456	-27.54	-27.54	-17.9	-2.9727564	4.601138	4.5844874	-58.587532	-2.9725847	0.8	1142500	19482.687182426453
457	-26.82	-26.82	-10.3	-2.9770873	4.6188164	3.357325	-55.835243	-2.9771035	1.0	1145000	19523.80993628502
458	-27.76	-27.76	-9.8	-2.9705217	4.64031	3.4235945	-58.950634	-2.9706743	1.0	1147500	19564.958494901657
459	-24.8	-24.8	-9.400001	-2.9833288	4.616796	4.777085	-57.67458	-2.9829733	1.0	1150000	19606.09296274185
460	-25.42	-25.42	-11.8	-2.9897428	4.6497617	3.743301	-77.35139	-2.9897377	1.0	1152500	19647.658344507217
461	-27.26	-27.26	-13.2	-2.9720657	4.6091013	3.961917	-58.277496	-2.972047	1.0	1155000	19689.226095199585
462	-26.64	-26.64	-14.7	-2.9769442	4.624995	5.214352	-59.338676	-2.976907	0.9	1157500	19730.27903032303
463	-25.64	-25.64	-8.8	-2.9792037	4.6331377	4.512313	-57.646626	-2.979115	1.0	1160000	19771.889145851135
464	-24.48	-24.48	-11.3	-2.9593606	4.5988836	3.4178782	-57.387215	-2.9593952	1.0	1162500	19813.494994163513
465	-26.72	-26.72	-10.3	-2.9681575	4.618811	3.160692	-58.75878	-2.9678867	1.0	1165000	19854.307168722153
466	-27.78	-27.78	-11.0	-2.9765546	4.6091747	5.3339076	-60.206856	-2.9765003	1.0	1167500	19894.880961179733
467	-28.3	-28.3	-7.6	-3.001049	4.6542773	4.344513	-56.97549	-3.0009654	1.0	1170000	19936.35550570488
468	-25.18	-25.18	-9.2	-2.9859335	4.6282926	4.1243725	-56.47511	-2.9858227	1.0	1172500	19976.56735444069
469	-24.86	-24.86	-10.400001	-2.9629884	4.6085367	3.2044506	-57.41265	-2.962928	1.0	1175000	20017.52610707283
470	-21.8	-21.8	-14.3	-2.9391727	4.567815	5.079024	-63.57538	-2.9394867	1.0	1177500	20059.028794527054
471	-23.98	-23.98	-12.4	-2.9603555	4.6211743	3.8653495	-53.330055	-2.9604518	1.0	1180000	20100.6702542305
472	-26.4	-26.4	-14.0	-2.9580693	4.5924225	3.6162193	-58.70474	-2.9582067	1.0	1182500	20142.08680009842
473	-23.94	-23.94	-12.1	-2.9275148	4.566108	3.9961073	-66.80315	-2.9274347	1.0	1185000	20182.967369794846
474	-28.56	-28.56	-12.8	-2.931232	4.5471425	3.6096892	-57.256477	-2.9313934	1.0	1187500	20225.563326358795
475	-28.1	-28.1	-11.5	-2.9339335	4.545093	3.4281824	-59.6519	-2.933802	1.0	1190000	20266.760576486588
476	-28.36	-28.36	-15.1	-2.9269485	4.5452023	5.6088367	-57.503384	-2.9267757	0.9	1192500	20311.621651172638
477	-26.18	-26.18	-9.5	-2.9252598	4.530996	4.6592536	-69.698135	-2.9251478	1.0	1195000	20352.390570878983
478	-24.94	-24.94	-12.3	-2.9371226	4.5391526	5.9315023	-57.1884	-2.9368925	1.0	1197500	20393.465413093567
479	-24.46	-24.46	-8.8	-2.928456	4.5540905	7.1525884	-59.484985	-2.9286683	1.0	1200000	20434.91358947754
480	-25.68	-25.68	-14.1	-2.916958	4.5346856	4.1206465	-62.66369	-2.9170034	0.9	1202500	20476.642283201218
481	-29.5	-29.5	-11.8	-2.9211655	4.544979	3.6704204	-57.105396	-2.921287	1.0	1205000	20517.229677200317
482	-25.26	-25.26	-10.099999	-2.9203446	4.549736	3.6468048	-55.95933	-2.9204764	1.0	1207500	20558.089693069458
483	-26.62	-26.62	-13.1	-2.918822	4.559925	3.2347941	-59.576927	-2.91879	1.0	1210000	20599.407208919525
484	-28.42	-28.42	-9.900001	-2.9174433	4.550272	5.066192	-55.778515	-2.917583	1.0	1212500	20640.41699528694
485	-26.38	-26.38	-7.7	-2.9381392	4.570981	4.335239	-64.20133	-2.9381604	1.0	1215000	20682.278313159943
486	-27.06	-27.06	-15.2	-2.9284382	4.5545287	5.6029916	-54.9292	-2.9283154	0.9	1217500	20723.10364842415
487	-23.92	-23.92	-11.3	-2.9524033	4.55834	3.100092	-57.818066	-2.9523232	1.0	1220000	20764.205424785614
488	-23.64	-23.64	-11.7	-2.9301386	4.540262	3.9925966	-56.990562	-2.9301338	1.0	1222500	20804.780494451523
489	-24.68	-24.68	-16.9	-2.9423585	4.5595555	3.249104	-55.60995	-2.9423814	0.9	1225000	20845.878927230835
490	-26.3	-26.3	-11.7	-2.9353504	4.5471263	3.3357065	-60.923145	-2.9353855	1.0	1227500	20886.695340633392
491	-26.46	-26.46	-10.599999	-2.936784	4.5249767	5.353071	-53.213207	-2.9366052	1.0	1230000	20928.02887415886
492	-26.24	-26.24	-16.1	-2.914024	4.492477	4.2531457	-54.05227	-2.9137635	0.9	1232500	20970.021541118622
493	-28.86	-28.86	-15.7	-2.9304662	4.517455	3.4761512	-56.64131	-2.930714	0.9	1235000	21011.633627176285
494	-25.84	-25.84	-14.3	-2.9380007	4.508188	2.7633414	-58.865707	-2.9379704	1.0	1237500	21055.984233617783
495	-22.86	-22.86	-7.5	-2.9237967	4.4993396	4.370996	-53.56558	-2.9238358	1.0	1240000	21097.29080748558
496	-22.82	-22.82	-12.1	-2.906945	4.477322	4.753504	-54.10755	-2.907124	1.0	1242500	21139.593399763107
497	-29.04	-29.04	-10.7	-2.9336896	4.502647	4.878791	-54.941566	-2.9337296	0.9	1245000	21183.690850496292
498	-25.78	-25.78	-10.0	-2.9477754	4.5314384	3.1266906	-55.718185	-2.9477754	1.0	1247500	21223.647906303406
499	-27.3	-27.3	-10.900001	-2.9341903	4.536753	3.3880837	-56.47626	-2.934235	1.0	1250000	21258.76722884178
