Epoch	EpRet	EpRealRet	TestEpRet	AverageQ1	StdQ1	MaxQ1	MinQ1	Q2	TestSuccess	TotalEnvInteracts	TotalTime
0	-49.0	-49.0	-50.0	-0.9894116	1.6371783	0.8410052	-11.318881	-0.9894116	0.0	2500	26.234360694885254
1	-48.0	-48.0	-45.0	-1.7519615	3.7571175	0.29900008	-18.995556	-1.7519615	0.1	5000	56.18710970878601
2	-47.0	-47.0	-50.0	-2.7748466	5.9849896	0.31575355	-31.41511	-2.7748466	0.0	7500	85.81601095199585
3	-50.0	-50.0	-45.0	-3.7023237	7.855701	0.46190992	-34.365067	-3.7023237	0.1	10000	115.57073903083801
4	-50.0	-50.0	-50.0	-4.5080953	9.413291	0.7532737	-36.862774	-4.5080953	0.0	12500	145.8128478527069
5	-49.0	-49.0	-50.0	-5.1133914	10.63273	0.70488554	-59.987526	-5.1133914	0.0	15000	175.57539129257202
6	-49.0	-49.0	-49.7	-5.585144	11.598768	2.8553932	-60.207375	-5.585144	0.0	17500	205.26187014579773
7	-50.0	-50.0	-45.0	-5.871089	12.198173	1.1985059	-54.528194	-5.871089	0.1	20000	235.25597715377808
8	-44.84	-44.84	-50.0	-6.0672975	12.671475	0.9309442	-52.00992	-6.0672975	0.0	22500	264.7673406600952
9	-49.92	-49.92	-50.0	-6.207167	13.038609	1.6336455	-65.98029	-6.207167	0.0	25000	294.8508949279785
10	-47.0	-47.0	-50.0	-6.4231625	13.42631	4.3459163	-55.02326	-6.4231625	0.0	27500	324.8432216644287
11	-48.94	-48.94	-45.0	-6.6219845	13.81745	1.0856299	-76.0156	-6.6219845	0.1	30000	354.79927277565
12	-47.0	-47.0	-50.0	-6.766814	14.101275	1.8340616	-65.90181	-6.766814	0.0	32500	385.7276244163513
13	-48.0	-48.0	-40.0	-6.903654	14.381104	3.2144365	-55.25985	-6.903654	0.2	35000	415.59493613243103
14	-47.0	-47.0	-50.0	-6.9960494	14.620394	1.0865955	-56.821472	-6.9960494	0.0	37500	445.59571981430054
15	-48.0	-48.0	-49.5	-7.1769233	14.914711	1.8488476	-54.70618	-7.1769233	0.0	40000	475.5934429168701
16	-46.34	-46.34	-50.0	-7.2401958	15.066696	2.609603	-53.484806	-7.2401958	0.0	42500	505.3253507614136
17	-49.0	-49.0	-50.0	-7.3575616	15.224407	1.9864103	-53.103867	-7.3575616	0.0	45000	534.7150490283966
18	-48.0	-48.0	-50.0	-7.3623953	15.318292	1.9926237	-56.359325	-7.3623953	0.0	47500	565.076299905777
19	-49.0	-49.0	-49.9	-7.463098	15.493128	2.8023295	-60.077312	-7.463098	0.0	50000	595.5140826702118
20	-47.0	-47.0	-50.0	-7.5319757	15.608194	2.4277496	-58.335903	-7.5319757	0.0	52500	626.459894657135
21	-48.9	-48.9	-50.0	-7.6404366	15.757467	2.5836382	-55.534348	-7.6404366	0.0	55000	656.5613086223602
22	-50.0	-50.0	-40.0	-7.5970106	15.73704	1.8624735	-53.757042	-7.5970106	0.2	57500	685.6487121582031
23	-48.84	-48.84	-45.0	-7.591321	15.733866	3.421686	-56.73309	-7.591321	0.1	60000	716.142683506012
24	-48.0	-48.0	-50.0	-7.557337	15.709307	3.2143633	-59.680954	-7.557337	0.0	62500	746.4440085887909
25	-50.0	-50.0	-45.0	-7.5610313	15.699783	2.0091562	-59.201836	-7.5610313	0.1	65000	776.6918277740479
26	-48.14	-48.14	-49.8	-7.624373	15.734479	5.7371264	-58.701042	-7.624373	0.0	67500	806.7955331802368
27	-46.0	-46.0	-50.0	-7.5205874	15.603181	2.9560618	-63.581436	-7.5205874	0.0	70000	836.120299577713
28	-48.98	-48.98	-50.0	-7.504335	15.574603	4.571677	-56.405598	-7.504335	0.0	72500	865.6942329406738
29	-47.0	-47.0	-50.0	-7.486336	15.543926	3.221733	-53.53471	-7.486336	0.0	75000	895.2192595005035
30	-49.0	-49.0	-45.600002	-7.43433	15.434381	1.7398704	-54.159092	-7.43433	0.1	77500	922.9334740638733
31	-49.96	-49.96	-49.5	-7.447365	15.369248	6.0967	-60.243988	-7.447365	0.0	80000	952.674441576004
32	-50.0	-50.0	-45.0	-7.4140005	15.301847	3.750931	-53.583855	-7.4140005	0.1	82500	981.5749151706696
33	-46.8	-46.8	-50.0	-7.402911	15.273797	2.6004357	-63.86581	-7.402911	0.0	85000	1012.0855083465576
34	-48.0	-48.0	-49.0	-7.3787284	15.243129	2.4440289	-56.278004	-7.3787284	0.1	87500	1041.6332604885101
35	-50.0	-50.0	-45.0	-7.416715	15.23099	4.5206285	-61.536278	-7.416715	0.1	90000	1071.3256077766418
36	-48.44	-48.44	-50.0	-7.3252077	15.060539	3.955392	-63.938908	-7.3252077	0.0	92500	1101.283495426178
37	-49.0	-49.0	-39.600002	-7.3032045	14.997278	3.1743038	-57.07775	-7.3032045	0.2	95000	1130.8557329177856
38	-46.0	-46.0	-50.0	-7.246731	14.895638	2.9247983	-56.09658	-7.246731	0.0	97500	1160.449036359787
39	-49.94	-49.94	-40.0	-7.234339	14.846437	2.4632244	-54.93292	-7.234339	0.2	100000	1189.92782497406
40	-48.9	-48.9	-50.0	-7.1730127	14.70077	3.4456391	-56.293995	-7.1730127	0.0	102500	1220.2104666233063
41	-47.12	-47.12	-50.0	-7.1045246	14.598481	7.665504	-54.867496	-7.1045246	0.0	105000	1250.0090935230255
42	-45.92	-45.92	-50.0	-7.1205144	14.624152	7.6008115	-55.203945	-7.1205144	0.0	107500	1279.4824850559235
43	-47.66	-47.66	-49.9	-7.1214423	14.589527	9.082429	-58.008736	-7.1214423	0.0	110000	1309.5469896793365
44	-48.96	-48.96	-50.0	-7.088354	14.496814	2.8888202	-55.84487	-7.088354	0.0	112500	1339.3327548503876
45	-46.0	-46.0	-50.0	-7.0702395	14.450871	6.2071095	-55.45414	-7.0702395	0.0	115000	1368.2111916542053
46	-48.64	-48.64	-50.0	-7.055134	14.443357	6.450829	-57.071487	-7.055134	0.0	117500	1397.425415277481
47	-48.86	-48.86	-45.0	-7.1113796	14.501122	4.4535894	-57.199856	-7.1113796	0.1	120000	1427.1874096393585
48	-48.46	-48.46	-40.8	-7.080531	14.468663	4.49143	-55.853172	-7.080531	0.2	122500	1457.2245469093323
49	-47.98	-47.98	-45.0	-7.119155	14.48046	7.2002254	-54.53608	-7.119155	0.1	125000	1487.2157428264618
50	-46.86	-46.86	-50.0	-7.107213	14.477609	4.691715	-63.457714	-7.107213	0.0	127500	1517.7489867210388
51	-47.8	-47.8	-46.0	-7.012375	14.3400755	6.3250103	-61.43834	-7.012375	0.1	130000	1547.921819448471
52	-47.64	-47.64	-45.0	-7.030598	14.361798	4.3002915	-57.001038	-7.030598	0.1	132500	1577.6113829612732
53	-47.74	-47.74	-50.0	-7.050558	14.353261	5.061125	-55.840282	-7.050558	0.0	135000	1606.8468980789185
54	-48.22	-48.22	-45.0	-7.01054	14.284599	7.4405336	-57.81365	-7.01054	0.1	137500	1636.5325572490692
55	-47.26	-47.26	-49.9	-7.0214715	14.263482	5.045895	-56.24778	-7.0214715	0.0	140000	1666.7448766231537
56	-45.46	-45.46	-50.0	-6.963178	14.184845	4.602739	-58.664753	-6.963178	0.0	142500	1695.9703063964844
57	-49.94	-49.94	-49.9	-6.928746	14.104087	5.1324005	-55.410534	-6.928746	0.0	145000	1726.0052375793457
58	-46.64	-46.64	-49.9	-6.906488	13.990052	2.9144468	-55.279083	-6.906488	0.0	147500	1755.1545991897583
59	-46.92	-46.92	-46.399998	-6.911242	13.9618435	4.7053475	-56.29893	-6.911242	0.1	150000	1784.6439418792725
60	-44.22	-44.22	-50.0	-6.8904953	13.928414	3.9247687	-57.272923	-6.8904953	0.0	152500	1814.2042837142944
61	-47.32	-47.32	-49.8	-6.8514295	13.845057	3.9337769	-57.27313	-6.8514295	0.0	155000	1843.8651728630066
62	-45.32	-45.32	-47.2	-6.7725253	13.763	7.978985	-57.217747	-6.7725253	0.0	157500	1873.1913464069366
63	-49.92	-49.92	-50.0	-6.757753	13.712179	4.0400925	-56.45513	-6.757753	0.0	160000	1902.0931191444397
64	-47.56	-47.56	-45.7	-6.7535195	13.684758	2.8426366	-56.316353	-6.7535195	0.1	162500	1931.723848104477
65	-46.44	-46.44	-40.600002	-6.736311	13.661007	2.6394775	-57.122944	-6.736311	0.2	165000	1961.7239446640015
66	-49.82	-49.82	-49.6	-6.759711	13.6939335	3.0909767	-59.655724	-6.759711	0.0	167500	1991.736008644104
67	-48.82	-48.82	-50.0	-6.758029	13.679346	2.869536	-59.727356	-6.758029	0.0	170000	2022.1693370342255
68	-48.14	-48.14	-50.0	-6.728655	13.677089	3.2598884	-56.97294	-6.728655	0.0	172500	2052.907919883728
69	-48.04	-48.04	-44.8	-6.754169	13.679843	5.363006	-59.4314	-6.754169	0.1	175000	2083.0115497112274
70	-48.96	-48.96	-50.0	-6.7439246	13.642784	5.336171	-58.490726	-6.7439246	0.0	177500	2114.0760011672974
71	-46.56	-46.56	-50.0	-6.7516885	13.642314	5.1981378	-55.17593	-6.7516885	0.0	180000	2143.346787929535
72	-46.44	-46.44	-50.0	-6.701646	13.56926	3.117515	-57.991035	-6.701646	0.0	182500	2172.6341745853424
73	-48.38	-48.38	-42.3	-6.683052	13.507967	3.9547784	-58.43822	-6.683052	0.2	185000	2203.046152114868
74	-45.56	-45.56	-49.7	-6.6678247	13.439957	3.714146	-55.314213	-6.6678247	0.0	187500	2233.435930967331
75	-47.32	-47.32	-36.8	-6.6430025	13.367662	4.268607	-53.133713	-6.6430025	0.3	190000	2263.6436665058136
76	-44.86	-44.86	-50.0	-6.587927	13.243724	4.502871	-55.155743	-6.587927	0.0	192500	2293.912209033966
77	-46.12	-46.12	-49.3	-6.5504875	13.133365	2.7370443	-57.86521	-6.5504875	0.0	195000	2324.22088265419
78	-47.38	-47.38	-49.9	-6.45897	12.996606	4.2008543	-54.39178	-6.45897	0.0	197500	2354.386521100998
79	-47.16	-47.16	-45.0	-6.4828405	13.016951	2.862267	-55.559666	-6.4828405	0.1	200000	2384.596919298172
80	-47.42	-47.42	-49.5	-6.507528	13.060154	2.8772435	-58.63317	-6.507528	0.0	202500	2413.4674875736237
81	-48.8	-48.8	-50.0	-6.527353	13.078982	5.374543	-56.787907	-6.527353	0.0	205000	2442.7922065258026
82	-48.38	-48.38	-44.899998	-6.5376	13.10079	2.8556857	-59.63945	-6.5376	0.1	207500	2472.3327910900116
83	-47.78	-47.78	-50.0	-6.5117164	13.041847	4.1190224	-56.645447	-6.5117164	0.0	210000	2502.134950876236
84	-46.84	-46.84	-47.0	-6.4908175	12.980558	3.9221892	-57.756275	-6.4908175	0.1	212500	2531.580943107605
85	-46.26	-46.26	-47.9	-6.505142	12.958589	2.8131034	-55.972904	-6.505142	0.0	215000	2561.515588283539
86	-48.24	-48.24	-45.7	-6.548953	12.992388	3.486772	-58.53348	-6.548953	0.1	217500	2591.301915884018
87	-46.72	-46.72	-46.8	-6.545163	13.063618	4.0197387	-60.4049	-6.545163	0.1	220000	2621.767459154129
88	-47.56	-47.56	-50.0	-6.6674867	13.209331	4.095174	-56.926407	-6.6674867	0.0	222500	2651.215649366379
89	-46.98	-46.98	-49.3	-6.718196	13.2793255	4.199521	-58.736355	-6.718196	0.0	225000	2680.8264355659485
90	-46.74	-46.74	-49.4	-6.7550764	13.3614025	4.8394876	-58.15449	-6.7550764	0.0	227500	2711.3114886283875
91	-46.64	-46.64	-45.2	-6.752305	13.39356	3.806694	-59.990932	-6.752305	0.1	230000	2741.293202638626
92	-47.3	-47.3	-40.5	-6.7689414	13.426237	3.8147116	-58.10751	-6.7689414	0.2	232500	2770.465098619461
93	-43.36	-43.36	-49.2	-6.7828383	13.422444	6.6435003	-59.287502	-6.7828383	0.0	235000	2799.9318861961365
94	-47.64	-47.64	-49.4	-6.7979994	13.434788	3.4642737	-57.60144	-6.7979994	0.0	237500	2830.1623346805573
95	-45.32	-45.32	-44.7	-6.804047	13.389449	4.535895	-57.003727	-6.804047	0.1	240000	2860.4867062568665
96	-46.04	-46.04	-45.899998	-6.744622	13.280036	4.759921	-61.03299	-6.744622	0.1	242500	2889.3900022506714
97	-47.22	-47.22	-49.5	-6.715004	13.193413	7.812671	-55.82923	-6.715004	0.0	245000	2918.6296315193176
98	-45.08	-45.08	-46.100002	-6.6558814	13.066338	2.9630797	-58.683926	-6.6558814	0.1	247500	2949.045814037323
99	-47.94	-47.94	-38.600002	-6.683257	13.057112	5.576628	-60.39229	-6.683257	0.3	250000	2978.7959475517273
100	-46.76	-46.76	-47.1	-6.6416755	12.928167	3.7279153	-55.916286	-6.6416755	0.2	252500	3008.8779973983765
101	-47.0	-47.0	-49.5	-6.6533084	12.894321	3.3737106	-58.34103	-6.6533084	0.0	255000	3038.1905109882355
102	-44.78	-44.78	-47.1	-6.6073065	12.842364	2.5288193	-56.736816	-6.6073065	0.1	257500	3067.8721191883087
103	-43.78	-43.78	-45.3	-6.6038737	12.833987	4.7061906	-63.109257	-6.6038737	0.1	260000	3097.100685119629
104	-47.56	-47.56	-42.399998	-6.607285	12.799442	5.321808	-59.349377	-6.607285	0.2	262500	3127.07399725914
105	-46.2	-46.2	-45.899998	-6.6354337	12.806416	4.555142	-60.67406	-6.6354337	0.1	265000	3156.117551088333
106	-45.54	-45.54	-46.9	-6.64643	12.784958	4.37908	-59.927723	-6.64643	0.1	267500	3185.8219656944275
107	-48.02	-48.02	-39.899998	-6.5952473	12.746034	4.5621977	-59.323143	-6.5952473	0.3	270000	3215.3324842453003
108	-46.28	-46.28	-45.8	-6.635295	12.773432	5.6793933	-61.673405	-6.635295	0.1	272500	3244.5415329933167
109	-44.82	-44.82	-43.399998	-6.6324167	12.73127	4.027859	-60.383175	-6.6324167	0.1	275000	3274.240131855011
110	-43.26	-43.26	-46.2	-6.717469	12.800776	4.1315813	-61.63239	-6.717469	0.1	277500	3303.777229309082
111	-46.14	-46.14	-38.100002	-6.68097	12.766211	5.422661	-64.610985	-6.68097	0.4	280000	3332.7873396873474
112	-42.54	-42.54	-42.2	-6.6737695	12.710402	8.92722	-59.997726	-6.6737695	0.2	282500	3362.5188817977905
113	-42.66	-42.66	-41.2	-6.681802	12.659929	3.5398774	-59.47423	-6.681802	0.3	285000	3391.5919137001038
114	-45.46	-45.46	-49.4	-6.627627	12.56677	2.8270237	-59.029022	-6.627627	0.0	287500	3421.341053009033
115	-46.32	-46.32	-45.100002	-6.563155	12.471991	5.205318	-59.46057	-6.563155	0.1	290000	3450.9559926986694
116	-44.84	-44.84	-49.8	-6.6140223	12.468552	3.02126	-57.689716	-6.6140223	0.0	292500	3480.6825983524323
117	-45.16	-45.16	-36.5	-6.5920663	12.435534	4.938898	-57.59419	-6.5920663	0.4	295000	3510.7548060417175
118	-46.42	-46.42	-43.100002	-6.5869355	12.424774	3.0257444	-60.122143	-6.5869355	0.2	297500	3540.2080221176147
119	-41.9	-41.9	-42.600002	-6.5252404	12.33124	3.921346	-58.657276	-6.5252404	0.2	300000	3569.70804810524
120	-46.66	-46.66	-46.399998	-6.49594	12.247704	8.284797	-58.296593	-6.49594	0.0	302500	3599.87118434906
121	-42.94	-42.94	-44.100002	-6.5194864	12.260762	3.2483115	-56.970436	-6.5194864	0.1	305000	3628.813501596451
122	-45.0	-45.0	-43.7	-6.530224	12.255251	3.6508253	-57.105064	-6.530224	0.2	307500	3658.953672170639
123	-43.44	-43.44	-39.899998	-6.543803	12.249211	3.7555149	-55.034153	-6.543803	0.3	310000	3689.007153749466
124	-43.5	-43.5	-42.8	-6.500732	12.21151	9.069181	-63.061325	-6.500732	0.4	312500	3718.766429424286
125	-45.18	-45.18	-34.5	-6.573735	12.256406	4.420704	-59.726665	-6.573735	0.4	315000	3748.010545015335
126	-43.2	-43.2	-46.6	-6.523276	12.160716	4.606097	-63.005295	-6.523276	0.2	317500	3777.363331079483
127	-44.32	-44.32	-44.899998	-6.542081	12.169816	5.972559	-60.933613	-6.542081	0.1	320000	3806.7848694324493
128	-41.38	-41.38	-44.5	-6.5111203	12.09377	8.630797	-60.243435	-6.5111203	0.2	322500	3837.009695291519
129	-44.78	-44.78	-37.899998	-6.4638186	11.978066	5.9994435	-62.455456	-6.4638186	0.2	325000	3865.1287875175476
130	-45.32	-45.32	-41.899998	-6.4533467	11.907081	4.616891	-63.235966	-6.4533467	0.2	327500	3893.34921002388
131	-42.54	-42.54	-45.8	-6.468567	11.870233	4.5220346	-60.161156	-6.468567	0.1	330000	3923.117840051651
132	-44.62	-44.62	-47.1	-6.5269804	11.947009	4.688524	-59.12221	-6.5269804	0.0	332500	3952.780330657959
133	-46.34	-46.34	-39.5	-6.506818	11.942686	5.607692	-57.652958	-6.506818	0.3	335000	3982.1662209033966
134	-46.76	-46.76	-33.3	-6.4851356	11.936271	4.7387085	-56.647343	-6.4851356	0.4	337500	4012.385294675827
135	-44.1	-44.1	-47.7	-6.551009	11.969862	5.702735	-56.34168	-6.551009	0.1	340000	4041.9606578350067
136	-45.1	-45.1	-45.5	-6.497885	11.824489	5.3408413	-58.25242	-6.497885	0.1	342500	4071.216861963272
137	-42.8	-42.8	-37.7	-6.4856563	11.758703	9.360784	-57.483715	-6.4856563	0.4	345000	4101.397997140884
138	-45.14	-45.14	-35.600002	-6.4506116	11.660504	9.408206	-66.93497	-6.4506116	0.3	347500	4130.872764348984
139	-42.28	-42.28	-45.100002	-6.4220266	11.546128	6.8039265	-59.332165	-6.4220266	0.3	350000	4160.580178022385
140	-45.88	-45.88	-46.100002	-6.3974776	11.453319	7.487082	-62.995388	-6.3974776	0.1	352500	4190.7011930942535
141	-46.56	-46.56	-44.399998	-6.293053	11.266531	8.834246	-59.394592	-6.293053	0.1	355000	4218.64235830307
142	-47.02	-47.02	-43.5	-6.339206	11.255026	6.1908474	-57.26593	-6.339206	0.2	357500	4246.852449417114
143	-44.44	-44.44	-45.2	-6.278826	11.12404	9.158007	-59.528763	-6.278826	0.1	360000	4277.530070066452
144	-45.82	-45.82	-45.5	-6.265534	11.024824	6.5655746	-63.63996	-6.265534	0.1	362500	4306.863507509232
145	-47.48	-47.48	-39.8	-6.223292	10.936856	4.8924603	-66.65466	-6.223292	0.3	365000	4336.555197715759
146	-43.92	-43.92	-39.3	-6.213181	10.909375	4.6151314	-63.076454	-6.213181	0.2	367500	4366.032055616379
147	-45.46	-45.46	-50.0	-6.2204385	10.895888	4.720184	-63.605778	-6.2204385	0.0	370000	4395.151790142059
148	-42.7	-42.7	-32.100002	-6.3255973	10.993	3.8681514	-61.95259	-6.3255973	0.5	372500	4425.180975198746
149	-45.18	-45.18	-49.4	-6.321768	10.971302	5.6195107	-59.97983	-6.321768	0.0	375000	4455.37895822525
150	-43.38	-43.38	-37.2	-6.3061004	10.9829645	4.238284	-62.692192	-6.3061004	0.4	377500	4485.821583986282
151	-43.2	-43.2	-41.100002	-6.3548574	10.995656	5.0218515	-61.979633	-6.3548574	0.2	380000	4515.390007257462
152	-44.1	-44.1	-43.0	-6.358525	10.993392	5.013571	-69.57216	-6.358525	0.2	382500	4544.907073020935
153	-41.54	-41.54	-40.899998	-6.3438125	10.96696	5.2361603	-64.976685	-6.3438125	0.3	385000	4575.116930007935
154	-41.44	-41.44	-41.600002	-6.3391576	10.988246	4.9176884	-67.55461	-6.3391576	0.2	387500	4605.5528156757355
155	-41.56	-41.56	-46.7	-6.4032745	11.035305	5.9203587	-57.943565	-6.4032745	0.2	390000	4634.896290063858
156	-44.48	-44.48	-40.0	-6.3695107	10.938818	4.5981064	-60.066284	-6.3695107	0.3	392500	4664.323807954788
157	-41.8	-41.8	-39.0	-6.3881073	10.984019	4.69073	-60.101524	-6.3881073	0.4	395000	4694.498111963272
158	-44.62	-44.62	-45.600002	-6.3495464	10.9499655	6.589423	-61.874184	-6.3495464	0.2	397500	4724.257453680038
159	-42.24	-42.24	-37.2	-6.3253427	10.879126	5.397081	-59.73966	-6.3253427	0.3	400000	4754.14714217186
160	-42.44	-42.44	-35.2	-6.3300843	10.870102	7.573024	-58.300404	-6.3300843	0.3	402500	4783.899729251862
161	-42.7	-42.7	-44.3	-6.3584924	10.917238	4.518447	-59.186653	-6.3584924	0.2	405000	4813.313397169113
162	-40.74	-40.74	-46.0	-6.3395185	10.834569	6.558675	-64.300156	-6.3395185	0.2	407500	4843.831377029419
163	-39.0	-39.0	-35.5	-6.304788	10.750177	4.719999	-60.71851	-6.304788	0.4	410000	4873.529541492462
164	-43.5	-43.5	-33.600002	-6.300251	10.677362	6.0368385	-61.584705	-6.300251	0.4	412500	4903.543953418732
165	-41.8	-41.8	-36.399998	-6.282631	10.6154785	5.83507	-62.49743	-6.282631	0.4	415000	4934.039430856705
166	-39.56	-39.56	-28.1	-6.258105	10.567607	5.941176	-64.4407	-6.258105	0.4	417500	4964.29522061348
167	-38.38	-38.38	-44.7	-6.186759	10.435777	9.491939	-60.30767	-6.186759	0.1	420000	4992.351142883301
168	-39.94	-39.94	-37.8	-6.123754	10.2895565	7.4285	-61.021645	-6.123754	0.3	422500	5022.289005041122
169	-40.94	-40.94	-33.399998	-6.049054	10.017633	5.3411207	-61.396675	-6.049054	0.4	425000	5052.051137447357
170	-38.52	-38.52	-44.3	-5.9919543	9.805005	12.423024	-62.86246	-5.9919543	0.2	427500	5081.883028745651
171	-42.7	-42.7	-42.0	-5.8920193	9.56159	5.0435324	-57.378307	-5.8920193	0.3	430000	5112.017709970474
172	-42.54	-42.54	-37.7	-5.861108	9.428402	8.561717	-57.306023	-5.861108	0.2	432500	5141.8682379722595
173	-41.0	-41.0	-29.7	-5.8567934	9.384243	4.883058	-61.112198	-5.8567934	0.5	435000	5170.867676258087
174	-39.54	-39.54	-44.2	-5.884421	9.41868	5.009778	-61.50883	-5.884421	0.2	437500	5201.5494430065155
175	-37.58	-37.58	-27.4	-5.9122643	9.410333	5.2854104	-60.097164	-5.9122643	0.4	440000	5232.055166721344
176	-39.94	-39.94	-30.7	-5.8975143	9.436861	5.829672	-58.13311	-5.8975143	0.5	442500	5261.919967651367
177	-41.28	-41.28	-38.3	-5.912455	9.428521	4.4182644	-55.555748	-5.912455	0.2	445000	5292.301717996597
178	-41.12	-41.12	-37.600002	-5.8923435	9.38926	5.830825	-57.632088	-5.8923435	0.2	447500	5322.111289978027
179	-37.08	-37.08	-33.600002	-5.845305	9.309764	7.251997	-54.582108	-5.845305	0.3	450000	5352.821847677231
180	-43.96	-43.96	-40.100002	-5.847328	9.243883	5.7190323	-55.937912	-5.847328	0.2	452500	5383.757508993149
181	-38.96	-38.96	-42.5	-5.827056	9.173389	6.5931444	-57.040977	-5.827056	0.2	455000	5413.648707151413
182	-42.16	-42.16	-38.100002	-5.79066	9.076333	9.431866	-64.351234	-5.79066	0.3	457500	5443.157376766205
183	-39.76	-39.76	-42.2	-5.771085	9.009266	4.172085	-66.32733	-5.771085	0.2	460000	5472.955766677856
184	-40.08	-40.08	-28.3	-5.7698736	9.038291	5.104494	-64.97124	-5.7698736	0.4	462500	5503.1247181892395
185	-43.42	-43.42	-34.600002	-5.819801	9.152152	5.534656	-57.76299	-5.819801	0.2	465000	5532.632456541061
186	-37.28	-37.28	-42.2	-5.7876463	9.100552	4.398123	-65.297104	-5.7876463	0.2	467500	5562.353468418121
187	-43.18	-43.18	-23.0	-5.830232	9.129671	6.4807596	-59.29694	-5.830232	0.6	470000	5591.775789260864
188	-37.64	-37.64	-37.100002	-5.829815	9.176096	5.2372446	-62.14129	-5.829815	0.3	472500	5621.188017845154
189	-41.16	-41.16	-40.8	-5.822986	9.166668	5.773467	-64.309204	-5.822986	0.2	475000	5650.919516086578
190	-39.64	-39.64	-29.3	-5.867006	9.193173	12.987318	-59.585785	-5.867006	0.5	477500	5679.8465924263
191	-39.54	-39.54	-23.9	-5.835049	9.1247835	10.815959	-58.6846	-5.835049	0.6	480000	5709.345452308655
192	-40.34	-40.34	-33.8	-5.794106	9.028874	4.3695164	-59.21839	-5.794106	0.3	482500	5738.421958208084
193	-36.52	-36.52	-26.1	-5.7773643	8.975633	9.457287	-58.220074	-5.7773643	0.5	485000	5768.479455947876
194	-42.04	-42.04	-37.3	-5.757286	8.913856	4.8663826	-60.935066	-5.757286	0.2	487500	5798.288096904755
195	-41.36	-41.36	-37.0	-5.754235	8.902913	5.887574	-71.262184	-5.754235	0.2	490000	5828.344008207321
196	-40.34	-40.34	-34.600002	-5.775387	8.940451	4.9556503	-72.15818	-5.775387	0.3	492500	5857.909673452377
197	-38.46	-38.46	-29.0	-5.7903323	8.960847	6.373784	-58.68103	-5.7903323	0.6	495000	5887.736319541931
198	-39.14	-39.14	-25.1	-5.807755	8.991391	11.33749	-65.417946	-5.807755	0.6	497500	5917.199320077896
199	-44.36	-44.36	-19.6	-5.835942	9.038076	8.605405	-64.34331	-5.835942	0.8	500000	5946.939163208008
200	-38.26	-38.26	-20.6	-5.8255754	9.008452	9.440567	-60.974205	-5.8255754	0.8	502500	5976.981059789658
201	-37.9	-37.9	-36.8	-5.824776	8.94777	8.798693	-68.478516	-5.824776	0.5	505000	6007.648126125336
202	-39.62	-39.62	-35.2	-5.7699127	8.841713	6.7801714	-61.913937	-5.7699127	0.4	507500	6038.0354816913605
203	-41.22	-41.22	-25.1	-5.7165217	8.748406	8.33786	-61.52374	-5.7165217	0.6	510000	6067.226064920425
204	-39.52	-39.52	-17.4	-5.7134953	8.724987	10.850838	-66.81666	-5.7134953	0.8	512500	6097.235713481903
205	-41.16	-41.16	-34.399998	-5.670572	8.652501	11.889841	-60.76936	-5.670572	0.5	515000	6127.191513299942
206	-36.28	-36.28	-30.6	-5.6568785	8.60058	9.426478	-65.3203	-5.6568785	0.5	517500	6156.901621580124
207	-39.34	-39.34	-20.1	-5.661315	8.582201	6.3179455	-66.234024	-5.661315	0.7	520000	6186.598839521408
208	-34.94	-34.94	-27.8	-5.6331215	8.512234	9.61586	-62.244465	-5.6331215	0.5	522500	6216.676514148712
209	-35.62	-35.62	-31.2	-5.5623455	8.357629	10.555048	-61.595398	-5.5623455	0.6	525000	6246.357023715973
210	-38.9	-38.9	-29.9	-5.4963923	8.198606	6.498343	-61.45969	-5.4963923	0.4	527500	6276.374694347382
211	-34.1	-34.1	-25.6	-5.475159	8.156445	8.883908	-56.850998	-5.475159	0.6	530000	6305.978315591812
212	-37.6	-37.6	-33.600002	-5.5058517	8.145488	10.755043	-58.499043	-5.5058517	0.6	532500	6335.773783683777
213	-38.56	-38.56	-23.3	-5.4773173	8.086031	11.39351	-59.044586	-5.4773173	0.7	535000	6365.487121343613
214	-35.36	-35.36	-26.6	-5.4278235	8.03651	7.563307	-62.95861	-5.4278235	0.6	537500	6396.325299024582
215	-36.78	-36.78	-18.5	-5.410562	7.9354305	5.98429	-62.331467	-5.410562	0.8	540000	6426.363162755966
216	-37.24	-37.24	-31.9	-5.4111686	7.9447155	10.577426	-67.33313	-5.4111686	0.3	542500	6455.711584568024
217	-38.28	-38.28	-23.4	-5.381089	7.868973	14.731631	-63.326813	-5.381089	0.7	545000	6485.689420700073
218	-38.38	-38.38	-26.3	-5.376751	7.873787	6.4240484	-71.79249	-5.376751	0.6	547500	6515.7142469882965
219	-37.8	-37.8	-21.0	-5.375044	7.869519	10.55691	-60.170033	-5.375044	0.6	550000	6545.439287185669
220	-34.08	-34.08	-26.3	-5.354693	7.8136897	7.4614954	-64.020874	-5.354693	0.7	552500	6575.251251459122
221	-34.46	-34.46	-23.199999	-5.287984	7.7118373	15.561529	-68.15611	-5.287984	0.6	555000	6605.230147123337
222	-38.7	-38.7	-28.5	-5.238057	7.67487	8.457114	-59.95699	-5.238057	0.5	557500	6635.155070781708
223	-38.54	-38.54	-22.6	-5.228906	7.62854	7.8691754	-59.22296	-5.228906	0.6	560000	6665.152705192566
224	-35.24	-35.24	-13.2	-5.2278757	7.6233897	11.707361	-63.55394	-5.2278757	0.8	562500	6694.520196199417
225	-40.12	-40.12	-25.9	-5.179693	7.54927	10.787439	-59.080173	-5.179693	0.4	565000	6725.102514505386
226	-39.24	-39.24	-20.5	-5.157443	7.502038	9.286074	-64.28935	-5.157443	0.8	567500	6755.6130521297455
227	-37.74	-37.74	-21.5	-5.1954265	7.560402	7.8183565	-59.273643	-5.1954265	0.6	570000	6786.205838680267
228	-37.44	-37.44	-19.6	-5.205773	7.585817	9.05777	-58.505497	-5.205773	0.7	572500	6816.828704833984
229	-35.96	-35.96	-23.7	-5.206377	7.599392	6.581757	-58.71457	-5.206377	0.6	575000	6847.075626850128
230	-39.92	-39.92	-21.800001	-5.1764975	7.5774784	9.319116	-69.32963	-5.1764975	0.7	577500	6876.458273410797
231	-37.78	-37.78	-28.5	-5.1989226	7.5811305	9.838147	-70.97116	-5.1989226	0.6	580000	6906.2499079704285
232	-38.6	-38.6	-25.6	-5.165452	7.5073376	3.7550583	-65.649414	-5.165452	0.6	582500	6936.70760512352
233	-37.62	-37.62	-33.0	-5.140025	7.484008	6.700586	-66.912544	-5.140025	0.4	585000	6966.9101638793945
234	-35.38	-35.38	-16.6	-5.10846	7.4562645	6.482658	-58.74132	-5.10846	0.9	587500	6996.3197429180145
235	-34.54	-34.54	-27.4	-5.102965	7.486557	7.524555	-65.728096	-5.102965	0.6	590000	7026.243449687958
236	-35.08	-35.08	-21.1	-5.0805225	7.452669	4.467611	-64.85071	-5.0805225	0.7	592500	7056.307499170303
237	-37.4	-37.4	-24.8	-5.059378	7.400333	5.818041	-67.0013	-5.059378	0.6	595000	7085.988555908203
238	-33.78	-33.78	-15.4	-5.0554485	7.386	13.567705	-64.70551	-5.0554485	0.8	597500	7115.246542215347
239	-28.6	-28.6	-26.4	-5.0395722	7.333463	8.4824295	-64.299095	-5.0395722	0.7	600000	7144.863175392151
240	-34.98	-34.98	-29.1	-5.040707	7.38685	6.7186556	-62.261948	-5.040707	0.4	602500	7175.197829723358
241	-31.58	-31.58	-18.699999	-5.002061	7.3990726	6.098454	-76.88498	-5.002061	0.8	605000	7206.141388654709
242	-34.6	-34.6	-26.5	-4.9810395	7.374227	14.232887	-62.28427	-4.9810395	0.4	607500	7235.843737602234
243	-34.28	-34.28	-25.5	-4.992962	7.427438	10.09909	-61.491127	-4.992962	0.7	610000	7265.716256141663
244	-34.08	-34.08	-17.9	-4.981469	7.4719143	6.733896	-64.18112	-4.981469	0.7	612500	7294.729863166809
245	-34.48	-34.48	-18.699999	-4.961745	7.438438	7.2436943	-62.726643	-4.961745	1.0	615000	7324.97837805748
246	-30.72	-30.72	-21.0	-5.008044	7.5306964	4.454312	-62.56794	-5.008044	0.6	617500	7355.558480262756
247	-37.64	-37.64	-21.800001	-5.0006905	7.517347	11.44489	-60.27614	-5.0006905	0.6	620000	7385.786926031113
248	-38.9	-38.9	-15.2	-4.9345236	7.418316	7.565407	-61.636326	-4.9345236	0.5	622500	7415.745466470718
249	-38.6	-38.6	-26.3	-4.9525414	7.4592166	11.913688	-62.0262	-4.9525414	0.5	625000	7445.951401948929
250	-33.5	-33.5	-15.1	-4.9137855	7.423489	7.933709	-64.67671	-4.9137855	0.7	627500	7476.007633924484
251	-36.6	-36.6	-19.4	-4.8890467	7.381185	6.49157	-67.824684	-4.8890467	0.7	630000	7506.352860927582
252	-36.82	-36.82	-18.800001	-4.867502	7.32538	6.2347517	-71.04197	-4.867502	0.8	632500	7537.218267917633
253	-32.72	-32.72	-12.1	-4.8552566	7.2834806	6.5380316	-63.235115	-4.8552566	0.9	635000	7567.057359695435
254	-41.08	-41.08	-28.9	-4.8166585	7.2233686	7.261736	-65.24894	-4.8166585	0.4	637500	7597.5019454956055
255	-32.86	-32.86	-16.300001	-4.774409	7.134826	6.541058	-57.169693	-4.774409	0.8	640000	7628.100298643112
256	-35.72	-35.72	-12.8	-4.7599454	7.0754204	8.756346	-60.87432	-4.7599454	0.8	642500	7658.322480201721
257	-36.82	-36.82	-18.199999	-4.7489853	6.985577	9.2111	-59.69919	-4.7489853	0.7	645000	7687.876811265945
258	-32.28	-32.28	-18.6	-4.718434	6.9284205	6.487703	-69.18705	-4.718434	0.6	647500	7717.527368783951
259	-31.28	-31.28	-18.9	-4.715955	6.9436836	8.232889	-57.904156	-4.715955	0.6	650000	7747.308317661285
260	-33.5	-33.5	-22.800001	-4.6601996	6.8436127	4.756952	-60.779156	-4.6601996	0.7	652500	7777.794607162476
261	-35.68	-35.68	-20.199999	-4.6273036	6.8136406	19.729143	-59.58335	-4.6273036	0.5	655000	7808.214054822922
262	-38.24	-38.24	-20.9	-4.6431007	6.824132	4.867961	-62.215965	-4.6431007	0.6	657500	7838.198648929596
263	-32.26	-32.26	-16.300001	-4.6561203	6.910934	10.678745	-72.16171	-4.6561203	0.8	660000	7868.719675540924
264	-35.0	-35.0	-13.2	-4.6411986	6.9671116	8.484892	-61.08429	-4.6411986	0.9	662500	7899.1894772052765
265	-35.82	-35.82	-17.6	-4.627692	6.981764	5.0221457	-65.3576	-4.627692	0.7	665000	7929.525068998337
266	-38.44	-38.44	-20.1	-4.6224337	7.018032	7.1903615	-67.34655	-4.6224337	0.7	667500	7959.5343136787415
267	-35.36	-35.36	-17.0	-4.6328773	7.015886	21.430515	-60.929184	-4.6328773	0.7	670000	7989.292382955551
268	-33.42	-33.42	-18.0	-4.626661	7.0073175	11.818897	-71.08101	-4.626661	0.8	672500	8019.713351964951
269	-35.9	-35.9	-8.7	-4.5770464	6.8749976	6.8535867	-64.308105	-4.5770464	0.9	675000	8050.195770740509
270	-36.44	-36.44	-19.5	-4.541932	6.7295213	10.57498	-69.003845	-4.541932	0.9	677500	8080.847280740738
271	-33.9	-33.9	-17.5	-4.498476	6.63894	9.095871	-74.5918	-4.498476	0.9	680000	8111.582626104355
272	-34.72	-34.72	-17.4	-4.4154963	6.541669	11.7929535	-64.3988	-4.4154963	0.8	682500	8142.460300683975
273	-36.1	-36.1	-17.5	-4.419122	6.57064	10.790804	-64.709984	-4.419122	0.5	685000	8172.674219608307
274	-33.68	-33.68	-14.8	-4.394698	6.536321	7.4621005	-54.091335	-4.394698	0.9	687500	8203.167646169662
275	-30.2	-30.2	-18.300001	-4.376992	6.454823	15.620738	-66.42527	-4.376992	0.8	690000	8233.410879135132
276	-34.32	-34.32	-16.6	-4.3674974	6.4411583	4.741791	-59.80241	-4.3674974	0.5	692500	8263.19173669815
277	-32.44	-32.44	-10.099999	-4.3289237	6.351306	6.2840242	-63.750076	-4.3289237	1.0	695000	8292.685058116913
278	-32.12	-32.12	-17.300001	-4.2873497	6.2348833	3.7914886	-61.514187	-4.2873497	0.7	697500	8322.326447725296
279	-33.62	-33.62	-15.0	-4.270857	6.2217984	6.5122194	-70.8373	-4.270857	0.8	700000	8352.306909561157
280	-34.04	-34.04	-13.3	-4.2042975	6.0923414	7.37942	-56.77643	-4.2042975	0.6	702500	8382.022351026535
281	-34.84	-34.84	-17.4	-4.177658	6.094439	9.569267	-57.924664	-4.177658	0.8	705000	8412.25628900528
282	-35.06	-35.06	-15.6	-4.1669545	6.0357313	13.019478	-58.95112	-4.1669545	0.8	707500	8442.681433200836
283	-31.84	-31.84	-12.8	-4.1358056	5.940903	7.0632644	-78.61238	-4.1358056	0.9	710000	8472.302095890045
284	-33.6	-33.6	-14.5	-4.1100016	5.871239	10.378527	-53.91617	-4.1100016	0.9	712500	8502.62524175644
285	-36.04	-36.04	-10.3	-4.079518	5.8168564	11.092079	-59.401054	-4.079518	1.0	715000	8533.092568397522
286	-30.36	-30.36	-11.7	-4.055761	5.766	8.708633	-61.392128	-4.055761	0.8	717500	8563.798184156418
287	-31.94	-31.94	-20.199999	-4.030277	5.717713	6.979339	-53.83981	-4.030277	0.8	720000	8591.712861776352
288	-29.48	-29.48	-13.6	-3.9922314	5.714198	6.609234	-59.75372	-3.9922314	0.9	722500	8622.010086774826
289	-35.36	-35.36	-15.1	-3.9685705	5.6761694	6.0770993	-69.27322	-3.9685705	0.8	725000	8652.564909934998
290	-30.62	-30.62	-7.5	-3.9678178	5.686329	7.0807858	-58.523483	-3.9678178	1.0	727500	8683.27191066742
291	-29.56	-29.56	-11.8	-3.9419987	5.6286244	8.255247	-55.443836	-3.9419987	0.9	730000	8712.748175621033
292	-32.46	-32.46	-16.800001	-3.9225478	5.5460114	9.416115	-55.68389	-3.9225478	0.7	732500	8743.269140958786
293	-36.72	-36.72	-16.9	-3.9241848	5.5843477	6.4660807	-56.603714	-3.9241848	0.8	735000	8773.667861938477
294	-32.66	-32.66	-12.7	-3.9202566	5.6177235	13.48991	-66.56767	-3.9202566	1.0	737500	8803.764298677444
295	-35.2	-35.2	-12.2	-3.9167337	5.6411815	4.3363285	-62.04101	-3.9167337	0.9	740000	8834.274061918259
296	-31.26	-31.26	-16.800001	-3.8985677	5.595686	5.4744067	-60.047203	-3.8985677	0.8	742500	8864.36176109314
297	-28.14	-28.14	-11.5	-3.9106767	5.61044	8.248408	-55.714012	-3.9106767	1.0	745000	8893.841855764389
298	-32.02	-32.02	-15.0	-3.8917477	5.552782	6.2662463	-55.489494	-3.8917477	0.8	747500	8923.443455696106
299	-29.64	-29.64	-11.0	-3.8647184	5.548634	6.8677263	-64.72545	-3.8647184	1.0	750000	8952.861367940903
300	-33.22	-33.22	-14.0	-3.8439977	5.5687594	6.4245605	-57.480213	-3.8439977	0.9	752500	8982.603376865387
301	-28.9	-28.9	-12.0	-3.8571205	5.632614	6.2199497	-57.41047	-3.8571205	1.0	755000	9011.824397563934
302	-36.12	-36.12	-10.7	-3.8757322	5.717527	4.871315	-55.0198	-3.8757322	1.0	757500	9041.772187709808
303	-32.4	-32.4	-11.3	-3.868114	5.7431335	6.8634987	-67.71116	-3.868114	1.0	760000	9071.526290178299
304	-29.36	-29.36	-15.7	-3.8496156	5.747049	4.137805	-64.366646	-3.8496156	0.9	762500	9101.183057069778
305	-30.52	-30.52	-17.0	-3.8499749	5.7559476	5.9105988	-65.60597	-3.8499749	0.8	765000	9130.411814212799
306	-30.9	-30.9	-12.2	-3.8478224	5.773323	6.2711115	-58.203476	-3.8478224	1.0	767500	9160.246651649475
307	-32.06	-32.06	-10.099999	-3.849135	5.792397	6.2752986	-71.93418	-3.849135	1.0	770000	9191.67047905922
308	-33.62	-33.62	-13.9	-3.8158405	5.6772575	5.2867007	-73.60885	-3.8158405	0.9	772500	9221.077590227127
309	-31.0	-31.0	-9.0	-3.8127663	5.719323	5.6083064	-66.42514	-3.8127663	1.0	775000	9250.359209537506
310	-28.4	-28.4	-8.5	-3.787692	5.731228	4.354621	-56.326958	-3.787692	1.0	777500	9280.491573572159
311	-31.0	-31.0	-13.1	-3.7714427	5.6660037	9.24782	-57.22933	-3.7714427	0.9	780000	9310.372534513474
312	-31.1	-31.1	-14.8	-3.745967	5.615433	6.4355288	-54.12803	-3.745967	0.8	782500	9339.900607585907
313	-27.3	-27.3	-11.2	-3.6948512	5.566822	5.4742556	-67.65509	-3.6948512	1.0	785000	9370.045179605484
314	-29.42	-29.42	-9.599999	-3.6881642	5.5231013	4.831501	-57.53516	-3.6881642	1.0	787500	9400.265778541565
315	-29.88	-29.88	-7.9	-3.6581206	5.472461	6.3608007	-69.64655	-3.6581206	0.9	790000	9430.43133020401
316	-30.46	-30.46	-10.0	-3.645748	5.4521065	5.2533145	-62.63273	-3.645748	1.0	792500	9460.496404886246
317	-29.46	-29.46	-8.3	-3.629592	5.4118776	9.137312	-62.582584	-3.629592	1.0	795000	9490.345863342285
318	-29.44	-29.44	-10.3	-3.5984116	5.3694844	10.234268	-57.02652	-3.5984116	1.0	797500	9520.460703611374
319	-27.48	-27.48	-8.099999	-3.577912	5.30335	5.246202	-62.331776	-3.577912	1.0	800000	9551.32419848442
320	-33.46	-33.46	-9.900001	-3.5726058	5.293289	9.6566	-57.840233	-3.5726058	1.0	802500	9581.955956697464
321	-29.64	-29.64	-11.0	-3.5525753	5.2071457	10.191516	-59.25576	-3.5525753	1.0	805000	9612.65196967125
322	-34.06	-34.06	-8.400001	-3.5509572	5.1942425	5.9745545	-56.882366	-3.5509572	1.0	807500	9642.809468984604
323	-33.28	-33.28	-11.8	-3.5721772	5.2340937	5.790229	-65.4273	-3.5721772	1.0	810000	9673.112752914429
324	-29.62	-29.62	-15.5	-3.5364382	5.119739	5.2467074	-55.01104	-3.5364382	0.8	812500	9704.231661558151
325	-32.76	-32.76	-12.0	-3.5193555	5.096799	7.1790366	-61.21173	-3.5193555	1.0	815000	9734.585151195526
326	-31.22	-31.22	-7.1	-3.4868457	5.033323	7.542546	-60.252842	-3.4868457	1.0	817500	9765.151389598846
327	-31.52	-31.52	-16.699999	-3.5035298	5.0484314	7.190283	-62.172966	-3.5035298	0.9	820000	9795.272880792618
328	-30.66	-30.66	-14.2	-3.5127704	5.08654	5.6760216	-56.906162	-3.5127704	0.9	822500	9824.269824504852
329	-32.02	-32.02	-13.2	-3.500113	5.0565586	6.103121	-64.002335	-3.500113	0.9	825000	9853.177405834198
330	-29.24	-29.24	-13.5	-3.4756887	5.0522623	5.129603	-55.38586	-3.4756887	0.9	827500	9883.22307062149
331	-29.62	-29.62	-9.400001	-3.4765768	5.1142797	5.9346123	-56.159187	-3.4765768	0.9	830000	9912.89082956314
332	-30.8	-30.8	-11.5	-3.4472992	5.033638	6.85275	-58.848774	-3.4472992	0.9	832500	9943.45616865158
333	-31.68	-31.68	-13.3	-3.422367	5.0315094	5.3426986	-58.441185	-3.422367	1.0	835000	9974.334556818008
334	-32.1	-32.1	-14.8	-3.4395041	5.062706	4.856448	-60.329113	-3.4395041	0.9	837500	10004.531929016113
335	-26.34	-26.34	-9.099999	-3.4541385	5.1343126	3.8980594	-72.6272	-3.4541385	1.0	840000	10033.982326030731
336	-27.74	-27.74	-7.9	-3.421557	5.0700965	3.2051473	-59.23328	-3.421557	1.0	842500	10064.514332771301
337	-29.76	-29.76	-12.1	-3.4213395	5.0541186	7.129277	-57.506306	-3.4213395	1.0	845000	10095.207986593246
338	-29.8	-29.8	-8.7	-3.4022865	5.0573277	6.3622804	-63.93073	-3.4022865	1.0	847500	10125.272329568863
339	-29.3	-29.3	-14.1	-3.3848803	5.081446	5.689098	-60.70759	-3.3848803	0.8	850000	10155.254879236221
340	-29.04	-29.04	-10.3	-3.3746202	5.0445766	8.240168	-54.629128	-3.3746202	1.0	852500	10185.933976888657
341	-28.98	-28.98	-7.8	-3.373553	5.023842	7.6647267	-65.648285	-3.373553	1.0	855000	10217.059878349304
342	-30.42	-30.42	-11.400001	-3.3737185	5.0544343	7.8018026	-53.10549	-3.3737185	1.0	857500	10248.204370260239
343	-29.66	-29.66	-10.8	-3.3447971	4.9662824	4.6005635	-64.86222	-3.3447971	1.0	860000	10279.268055915833
344	-30.14	-30.14	-10.5	-3.3248346	4.928113	6.1884856	-54.896374	-3.3248346	1.0	862500	10309.375072956085
345	-30.48	-30.48	-12.0	-3.2787774	4.842742	7.5087013	-60.4425	-3.2787774	1.0	865000	10339.996164798737
346	-24.96	-24.96	-8.2	-3.2768278	4.8243065	6.9671464	-69.39086	-3.2768278	1.0	867500	10370.278162002563
347	-32.68	-32.68	-9.7	-3.271639	4.839554	4.235371	-58.192337	-3.271639	1.0	870000	10401.073729991913
348	-31.12	-31.12	-10.8	-3.237887	4.774336	6.1369786	-69.647705	-3.237887	1.0	872500	10431.59157204628
349	-28.4	-28.4	-16.0	-3.2309098	4.789638	7.5292244	-54.990463	-3.2309098	0.6	875000	10462.045213460922
350	-29.8	-29.8	-10.400001	-3.2338226	4.789952	5.6840725	-66.28908	-3.2338226	0.9	877500	10491.972589731216
351	-30.0	-30.0	-13.0	-3.2132714	4.779034	13.489788	-67.6066	-3.2132714	0.9	880000	10522.404077291489
352	-34.44	-34.44	-10.8	-3.2494826	4.8895025	8.625664	-55.146103	-3.2494826	1.0	882500	10552.281817674637
353	-31.74	-31.74	-11.099999	-3.2446969	4.9238834	4.7313924	-60.431263	-3.2446969	1.0	885000	10581.902390003204
354	-33.28	-33.28	-12.5	-3.2573705	4.9722815	5.5133624	-68.09087	-3.2573705	0.9	887500	10611.725852489471
355	-31.62	-31.62	-13.3	-3.2663612	5.013263	5.839571	-62.311104	-3.2663612	0.9	890000	10642.017907857895
356	-27.08	-27.08	-11.2	-3.2642808	4.9984345	4.2766113	-59.098618	-3.2642808	1.0	892500	10672.300825119019
357	-28.92	-28.92	-9.3	-3.2729802	5.0426297	14.5871105	-56.13109	-3.2729802	1.0	895000	10702.125020503998
358	-31.68	-31.68	-9.099999	-3.26749	5.073049	22.839703	-57.861355	-3.26749	1.0	897500	10732.46429848671
359	-34.12	-34.12	-11.0	-3.2624602	5.128295	5.346666	-60.318207	-3.2624602	1.0	900000	10762.798791408539
360	-28.16	-28.16	-10.2	-3.2740264	5.1341395	7.3098564	-61.11635	-3.2740264	1.0	902500	10793.205557823181
361	-32.44	-32.44	-11.2	-3.259169	5.0809674	4.6689057	-62.615456	-3.259169	1.0	905000	10823.286382198334
362	-25.82	-25.82	-9.2	-3.2592542	5.106654	5.196512	-67.96568	-3.2592542	1.0	907500	10853.276723861694
363	-31.58	-31.58	-13.0	-3.2241087	5.0745144	8.466193	-59.385704	-3.2241087	0.9	910000	10883.46331501007
364	-29.32	-29.32	-9.099999	-3.2384994	5.1428623	8.533924	-58.95148	-3.2384994	1.0	912500	10913.780586242676
365	-34.68	-34.68	-8.8	-3.228519	5.110944	4.566425	-59.271885	-3.228519	1.0	915000	10943.162036895752
366	-30.34	-30.34	-15.8	-3.2579696	5.1702433	4.054895	-60.232132	-3.2579696	0.8	917500	10973.265114545822
367	-30.72	-30.72	-12.3	-3.2418659	5.1551595	15.046509	-57.64288	-3.2418659	1.0	920000	11003.582571029663
368	-30.74	-30.74	-16.300001	-3.2314498	5.1774297	4.259084	-61.46453	-3.2314498	0.9	922500	11033.534593343735
369	-26.2	-26.2	-15.4	-3.246147	5.228489	6.002148	-60.070095	-3.246147	0.9	925000	11062.982220172882
370	-33.6	-33.6	-12.0	-3.2597568	5.2396226	5.7262897	-66.50132	-3.2597568	0.9	927500	11091.345679998398
371	-31.08	-31.08	-8.7	-3.2431288	5.2134953	6.6135855	-80.0316	-3.2431288	1.0	930000	11121.107370615005
372	-32.32	-32.32	-14.3	-3.2347016	5.2060804	17.084602	-62.232502	-3.2347016	0.9	932500	11150.711283445358
373	-28.24	-28.24	-10.7	-3.248056	5.226845	3.5862865	-62.521534	-3.248056	1.0	935000	11180.573877811432
374	-32.34	-32.34	-7.9	-3.2808974	5.2918396	5.649341	-62.71613	-3.2808974	1.0	937500	11209.833716869354
375	-32.66	-32.66	-8.5	-3.2654521	5.2815843	3.2803097	-65.80797	-3.2654521	1.0	940000	11239.601630687714
376	-25.72	-25.72	-12.4	-3.2476592	5.241879	6.3763876	-63.16992	-3.2476592	1.0	942500	11268.525727510452
377	-29.06	-29.06	-13.8	-3.2325444	5.239039	5.043345	-58.610657	-3.2325444	0.8	945000	11297.602888584137
378	-31.32	-31.32	-10.7	-3.2285504	5.2469463	3.433052	-67.99809	-3.2285504	0.9	947500	11327.081679344177
379	-31.56	-31.56	-13.3	-3.2388194	5.262458	3.953734	-76.466896	-3.2388194	1.0	950000	11356.817094564438
380	-28.54	-28.54	-11.2	-3.2407641	5.2839184	5.7292285	-60.12091	-3.2407641	1.0	952500	11387.123020410538
381	-29.42	-29.42	-11.7	-3.245434	5.3252482	5.551228	-65.75238	-3.245434	1.0	955000	11418.06087064743
382	-27.82	-27.82	-12.0	-3.2622643	5.349354	7.4116836	-75.60777	-3.2622643	1.0	957500	11448.573346376419
383	-30.58	-30.58	-10.900001	-3.2592278	5.3649044	4.8473835	-66.73806	-3.2592278	0.9	960000	11478.715124368668
384	-30.72	-30.72	-10.7	-3.2506304	5.3598776	4.62339	-67.07268	-3.2506304	1.0	962500	11509.072242498398
385	-28.22	-28.22	-13.6	-3.243541	5.355292	5.5472307	-61.041492	-3.243541	1.0	965000	11539.326097726822
386	-28.62	-28.62	-13.9	-3.245415	5.290288	6.556759	-58.352875	-3.245415	0.9	967500	11569.51953291893
387	-32.32	-32.32	-12.3	-3.2320597	5.220247	7.2845883	-60.385605	-3.2320597	1.0	970000	11599.3786444664
388	-31.34	-31.34	-6.5	-3.2180674	5.175998	4.109371	-55.1003	-3.2180674	1.0	972500	11627.971348047256
389	-30.56	-30.56	-9.900001	-3.1977363	5.1001344	6.5465045	-61.72823	-3.1977363	1.0	975000	11657.784179210663
390	-28.6	-28.6	-9.400001	-3.18848	5.053674	6.466375	-55.538544	-3.18848	1.0	977500	11687.26549077034
391	-29.5	-29.5	-10.099999	-3.1812847	5.0571294	7.987002	-58.267723	-3.1812847	1.0	980000	11717.344316244125
392	-30.92	-30.92	-14.9	-3.1877954	5.0232234	4.281945	-56.643772	-3.1877954	0.9	982500	11747.300740718842
393	-27.72	-27.72	-11.3	-3.1872077	5.0325165	7.122579	-63.558216	-3.1872077	1.0	985000	11777.2258310318
394	-30.38	-30.38	-8.7	-3.1954355	5.0740676	9.586874	-64.28438	-3.1954355	1.0	987500	11807.819691181183
395	-30.36	-30.36	-5.7999997	-3.1956744	5.054529	12.222653	-63.614765	-3.1956744	1.0	990000	11837.633932828903
396	-32.46	-32.46	-7.6	-3.1831388	5.009667	5.418676	-60.010925	-3.1831388	1.0	992500	11867.725944042206
397	-30.04	-30.04	-8.400001	-3.1984272	5.034496	4.6822457	-59.538902	-3.1984272	1.0	995000	11897.850172996521
398	-31.9	-31.9	-9.099999	-3.1897562	5.0158634	8.449608	-74.32654	-3.1897562	1.0	997500	11927.585507392883
399	-34.6	-34.6	-22.1	-3.196931	5.0005074	5.2452583	-74.8702	-3.196931	0.7	1000000	11958.069577932358
400	-32.44	-32.44	-7.9	-3.2025354	5.0140915	4.4266167	-60.032707	-3.2025354	1.0	1002500	11987.949119567871
401	-27.06	-27.06	-9.599999	-3.2148688	5.035457	5.928899	-60.610847	-3.2148688	1.0	1005000	12017.475858449936
402	-30.02	-30.02	-13.5	-3.21826	5.030325	4.9553537	-59.342697	-3.21826	0.9	1007500	12047.285280227661
403	-29.24	-29.24	-7.2	-3.1986976	4.9662166	5.2502112	-55.33817	-3.1986976	1.0	1010000	12076.8488945961
404	-29.74	-29.74	-8.900001	-3.2046092	4.981274	6.409415	-60.29452	-3.2046092	1.0	1012500	12106.863028049469
405	-28.14	-28.14	-7.7	-3.1673503	4.9608207	9.05511	-54.47211	-3.1673503	1.0	1015000	12136.375802278519
406	-26.08	-26.08	-14.4	-3.1791692	5.030876	7.8654184	-62.903435	-3.1791692	0.7	1017500	12166.628446817398
407	-29.14	-29.14	-8.599999	-3.2037213	5.12714	5.4419127	-62.593025	-3.2037213	1.0	1020000	12196.809716463089
408	-29.18	-29.18	-8.2	-3.2014062	5.1346364	4.961933	-53.59532	-3.2014062	1.0	1022500	12226.450718641281
409	-29.06	-29.06	-13.9	-3.2245734	5.1611094	6.2816296	-59.66623	-3.2245734	0.9	1025000	12257.699454784393
410	-30.02	-30.02	-10.400001	-3.205497	5.2198305	8.108082	-59.11557	-3.205497	1.0	1027500	12288.784652471542
411	-27.12	-27.12	-10.400001	-3.2101126	5.2209315	6.558131	-64.819	-3.2101126	1.0	1030000	12318.620657205582
412	-30.46	-30.46	-16.699999	-3.2029896	5.20533	7.8945456	-59.24992	-3.2029896	0.8	1032500	12348.879456281662
413	-30.5	-30.5	-9.900001	-3.200906	5.188804	10.128122	-65.659706	-3.200906	1.0	1035000	12379.438152074814
414	-30.82	-30.82	-9.2	-3.2204254	5.2688107	7.7767215	-56.50039	-3.2204254	1.0	1037500	12408.934555053711
415	-32.36	-32.36	-9.900001	-3.221637	5.286517	7.473595	-62.956406	-3.221637	1.0	1040000	12439.204569339752
416	-28.22	-28.22	-9.2	-3.2107122	5.227074	4.873295	-58.472366	-3.2107122	1.0	1042500	12469.306951761246
417	-30.72	-30.72	-8.900001	-3.2168489	5.235706	8.219566	-57.21692	-3.2168489	1.0	1045000	12498.907790184021
418	-31.58	-31.58	-11.0	-3.2325077	5.282797	7.111605	-60.92429	-3.2325077	1.0	1047500	12527.89414858818
419	-25.36	-25.36	-10.2	-3.2390838	5.335525	5.653546	-56.736103	-3.2390838	0.9	1050000	12557.571430206299
420	-28.78	-28.78	-9.599999	-3.2408917	5.355178	12.258359	-69.85984	-3.2408917	0.9	1052500	12587.912826061249
421	-32.94	-32.94	-13.3	-3.2328408	5.3100047	8.003338	-58.344727	-3.2328408	0.9	1055000	12618.19325017929
422	-29.44	-29.44	-8.3	-3.2212298	5.3258686	5.05581	-65.840454	-3.2212298	1.0	1057500	12648.57109093666
423	-27.26	-27.26	-11.5	-3.2076998	5.2811265	12.326799	-67.44571	-3.2076998	0.9	1060000	12678.225959539413
424	-28.36	-28.36	-14.3	-3.2104378	5.302007	6.7215	-57.580795	-3.2104378	0.9	1062500	12707.734786987305
425	-28.56	-28.56	-7.6	-3.205197	5.337433	11.935445	-57.450752	-3.205197	1.0	1065000	12737.486017227173
426	-28.48	-28.48	-10.0	-3.1897962	5.3161597	4.976912	-62.715767	-3.1897962	1.0	1067500	12766.247271299362
427	-31.92	-31.92	-14.6	-3.2171323	5.3169208	8.897865	-57.70297	-3.2171323	0.9	1070000	12794.916880607605
428	-26.76	-26.76	-9.099999	-3.2287035	5.3300614	7.5453334	-58.619717	-3.2287035	1.0	1072500	12824.087835073471
429	-29.96	-29.96	-14.2	-3.2282064	5.346131	7.7081423	-70.24729	-3.2282064	0.9	1075000	12853.1255235672
430	-33.48	-33.48	-14.7	-3.2040398	5.243604	10.07851	-61.96058	-3.2040398	0.9	1077500	12882.496587276459
431	-26.76	-26.76	-12.4	-3.1924045	5.1749415	12.5698395	-58.745224	-3.1924045	1.0	1080000	12912.72323513031
432	-29.28	-29.28	-11.3	-3.1887968	5.1646905	6.113948	-59.41429	-3.1887968	0.9	1082500	12942.779817581177
433	-26.24	-26.24	-10.099999	-3.1921515	5.160598	10.498964	-64.39686	-3.1921515	1.0	1085000	12973.114724636078
434	-32.78	-32.78	-9.400001	-3.2011912	5.196699	7.1860495	-57.059563	-3.2011912	1.0	1087500	13003.451419591904
435	-29.14	-29.14	-9.8	-3.2125947	5.2798414	5.366469	-63.04583	-3.2125947	1.0	1090000	13033.939367771149
436	-29.08	-29.08	-7.9	-3.1702144	5.220905	7.1450906	-60.060978	-3.1702144	1.0	1092500	13063.859570264816
437	-28.76	-28.76	-13.6	-3.1742826	5.204764	6.277899	-58.013973	-3.1742826	0.9	1095000	13094.481787204742
438	-28.72	-28.72	-9.3	-3.162122	5.1664734	5.6090083	-60.567352	-3.162122	1.0	1097500	13124.337939977646
439	-26.78	-26.78	-10.0	-3.1497698	5.08361	9.990404	-60.18859	-3.1497698	1.0	1100000	13155.175742387772
440	-27.7	-27.7	-12.3	-3.1444945	5.050678	4.054981	-56.907227	-3.1444945	0.9	1102500	13185.628529071808
441	-29.66	-29.66	-9.099999	-3.127688	5.012427	6.4213214	-57.374424	-3.127688	1.0	1105000	13215.553267478943
442	-32.06	-32.06	-9.599999	-3.1177363	4.9771013	5.5193877	-59.191025	-3.1177363	1.0	1107500	13245.05098438263
443	-27.6	-27.6	-11.5	-3.1215162	4.992669	10.552316	-58.34941	-3.1215162	1.0	1110000	13275.205409765244
444	-27.32	-27.32	-7.8	-3.136128	5.048955	8.95526	-60.805157	-3.136128	1.0	1112500	13305.721608638763
445	-29.52	-29.52	-7.4	-3.1601486	5.1004124	6.427682	-58.817024	-3.1601486	1.0	1115000	13335.891251087189
446	-30.74	-30.74	-14.3	-3.1673882	5.1038427	7.49276	-57.840473	-3.1673882	0.9	1117500	13366.948769807816
447	-29.92	-29.92	-6.5	-3.1081545	5.0124464	6.3266606	-74.300865	-3.1081545	1.0	1120000	13397.065180301666
448	-28.58	-28.58	-15.3	-3.0800755	4.9676466	8.983784	-62.209316	-3.0800755	0.9	1122500	13426.496629476547
449	-28.64	-28.64	-9.099999	-3.093076	4.965969	5.2683387	-61.435497	-3.093076	1.0	1125000	13455.933350801468
450	-26.84	-26.84	-10.599999	-3.0752652	4.923992	8.564404	-57.078773	-3.0752652	1.0	1127500	13486.02429151535
451	-32.04	-32.04	-10.099999	-3.076265	4.93599	5.8674936	-57.382732	-3.076265	1.0	1130000	13515.42571091652
452	-31.96	-31.96	-7.5	-3.0605197	4.873536	7.1101	-63.69929	-3.0605197	1.0	1132500	13545.177985191345
453	-33.66	-33.66	-9.400001	-3.0408952	4.836872	3.717218	-69.19489	-3.0408952	1.0	1135000	13575.0503988266
454	-28.64	-28.64	-14.4	-3.0441606	4.8153806	4.529345	-52.9873	-3.0441606	0.9	1137500	13604.675061941147
455	-33.6	-33.6	-9.7	-3.0655992	4.849446	3.7711082	-71.12536	-3.0655992	1.0	1140000	13634.395639896393
456	-26.2	-26.2	-9.599999	-3.0668023	4.80479	4.9910707	-60.045837	-3.0668023	1.0	1142500	13664.143459558487
457	-28.82	-28.82	-11.5	-3.0691552	4.7963405	9.621456	-67.18	-3.0691552	1.0	1145000	13694.307050466537
458	-30.52	-30.52	-13.2	-3.0810838	4.8306274	5.647392	-60.284073	-3.0810838	1.0	1147500	13724.685023546219
459	-31.92	-31.92	-10.0	-3.0716372	4.822752	5.2730727	-58.166042	-3.0716372	1.0	1150000	13754.83849811554
460	-27.58	-27.58	-7.9	-3.0840843	4.8521667	6.4163976	-59.514282	-3.0840843	1.0	1152500	13784.70257139206
461	-30.02	-30.02	-13.9	-3.0540977	4.755781	10.205645	-72.69374	-3.0540977	0.9	1155000	13815.601655244827
462	-29.12	-29.12	-10.8	-3.0598366	4.7861266	7.5175576	-74.016785	-3.0598366	1.0	1157500	13845.073922395706
463	-28.8	-28.8	-12.8	-3.0592318	4.7934237	6.993759	-79.832375	-3.0592318	1.0	1160000	13874.897621393204
464	-30.3	-30.3	-10.0	-3.083912	4.8204846	4.942645	-57.1223	-3.083912	1.0	1162500	13904.589375257492
465	-29.32	-29.32	-13.9	-3.1039057	4.9009	4.4142127	-67.1682	-3.1039057	1.0	1165000	13934.306611061096
466	-27.26	-27.26	-11.0	-3.0995708	4.883956	5.5520387	-54.796085	-3.0995708	1.0	1167500	13964.708391189575
467	-29.04	-29.04	-8.7	-3.0814655	4.870978	8.519892	-54.256405	-3.0814655	1.0	1170000	13994.40095448494
468	-30.42	-30.42	-8.599999	-3.0674398	4.8241773	11.242845	-69.73193	-3.0674398	1.0	1172500	14024.373346567154
469	-30.12	-30.12	-8.900001	-3.0390215	4.802934	5.5815144	-54.96777	-3.0390215	1.0	1175000	14054.718930482864
470	-28.96	-28.96	-10.900001	-3.057323	4.8608828	5.4227996	-62.296673	-3.057323	1.0	1177500	14084.692002534866
471	-29.86	-29.86	-13.3	-3.0694172	4.889904	10.759797	-61.4897	-3.0694172	1.0	1180000	14115.079740047455
472	-34.16	-34.16	-7.8	-3.0523064	4.79605	4.3922825	-57.22113	-3.0523064	1.0	1182500	14144.98801279068
473	-25.36	-25.36	-11.2	-3.0933082	4.9036345	5.1642175	-62.71276	-3.0933082	1.0	1185000	14174.551195383072
474	-28.5	-28.5	-12.4	-3.0830662	4.9160204	9.177893	-57.862434	-3.0830662	1.0	1187500	14204.243104457855
475	-27.38	-27.38	-7.1	-3.0615735	4.880569	6.77269	-55.10309	-3.0615735	1.0	1190000	14233.928020954132
476	-33.8	-33.8	-9.400001	-3.0616515	4.879021	6.210115	-57.34528	-3.0616515	1.0	1192500	14262.905905246735
477	-31.24	-31.24	-16.300001	-3.064478	4.875624	8.896378	-58.325863	-3.064478	0.9	1195000	14291.710762262344
478	-28.42	-28.42	-9.400001	-3.0558147	4.8637977	6.178905	-74.3658	-3.0558147	1.0	1197500	14321.739653587341
479	-28.84	-28.84	-11.9	-3.0756428	4.890895	5.926281	-57.030727	-3.0756428	1.0	1200000	14351.659320116043
480	-29.36	-29.36	-13.9	-3.0897171	4.9029665	13.208017	-53.81543	-3.0897171	1.0	1202500	14381.470962285995
481	-32.64	-32.64	-9.7	-3.1207786	4.9751873	7.082987	-69.186195	-3.1207786	1.0	1205000	14411.891355276108
482	-28.46	-28.46	-10.3	-3.090084	4.9478693	14.55784	-80.54553	-3.090084	1.0	1207500	14441.119329452515
483	-26.64	-26.64	-7.9	-3.0362618	4.852937	5.7657404	-61.030064	-3.0362618	1.0	1210000	14470.700717687607
484	-26.12	-26.12	-9.400001	-3.0312457	4.8724017	4.681871	-58.610836	-3.0312457	1.0	1212500	14500.153187036514
485	-31.1	-31.1	-9.7	-3.0483673	4.937737	5.220449	-56.37476	-3.0483673	1.0	1215000	14530.61334490776
486	-29.98	-29.98	-9.5	-3.0501587	4.9064975	5.234076	-58.919937	-3.0501587	1.0	1217500	14560.96091389656
487	-29.58	-29.58	-8.099999	-3.0482686	4.9047127	11.735949	-63.97091	-3.0482686	1.0	1220000	14590.590244054794
488	-30.54	-30.54	-9.900001	-3.022701	4.8289065	8.289481	-58.272137	-3.022701	1.0	1222500	14619.120047807693
489	-29.26	-29.26	-13.2	-3.0443997	4.818536	7.503203	-65.020424	-3.0443997	1.0	1225000	14647.506321430206
490	-28.36	-28.36	-12.6	-3.0574515	4.8751397	4.688576	-59.640484	-3.0574515	1.0	1227500	14676.007655620575
491	-26.42	-26.42	-11.2	-3.060513	4.874513	12.743114	-65.47906	-3.060513	1.0	1230000	14704.374675035477
492	-29.7	-29.7	-9.5	-3.0495822	4.836352	5.6093884	-59.20579	-3.0495822	1.0	1232500	14732.634271144867
493	-30.78	-30.78	-8.599999	-2.992391	4.7305036	8.21285	-59.71782	-2.992391	1.0	1235000	14761.595383167267
494	-27.0	-27.0	-8.2	-3.0030649	4.7591877	11.420019	-84.51439	-3.0030649	1.0	1237500	14790.769897222519
495	-27.24	-27.24	-11.8	-2.9926608	4.738942	16.028673	-65.07629	-2.9926608	1.0	1240000	14818.874655246735
496	-26.44	-26.44	-9.5	-2.9914205	4.6802526	12.500921	-66.96805	-2.9914205	1.0	1242500	14846.329141139984
497	-29.84	-29.84	-9.099999	-2.9840207	4.6690073	9.817621	-55.82336	-2.9840207	1.0	1245000	14871.721766233444
498	-27.82	-27.82	-7.7	-2.9559453	4.627633	7.5974007	-57.252167	-2.9559453	1.0	1247500	14897.923874616623
499	-31.14	-31.14	-9.8	-2.9556682	4.5996137	14.025274	-63.2113	-2.9556682	1.0	1250000	14922.750586748123
