Epoch	EpRet	EpRealRet	TestEpRet	AverageQ1	StdQ1	MaxQ1	MinQ1	Q2	TestSuccess	TotalEnvInteracts	TotalTime
0	-50.0	-50.0	-40.0	-1.0855962	2.114109	0.28172886	-12.880717	-1.0855962	0.2	2500	31.507272243499756
1	-48.98	-48.98	-50.0	-2.3670754	4.6658325	0.50615156	-28.016214	-2.3670754	0.0	5000	62.545170307159424
2	-50.0	-50.0	-50.0	-3.3793893	6.6123614	0.6716341	-36.718136	-3.3793893	0.0	7500	92.68242812156677
3	-49.96	-49.96	-50.0	-4.206311	8.216966	0.9580512	-34.100933	-4.206311	0.0	10000	123.54168796539307
4	-49.92	-49.92	-50.0	-4.8535566	9.337313	1.2178631	-41.122486	-4.8535566	0.0	12500	153.29756259918213
5	-50.0	-50.0	-50.0	-5.458033	10.17959	1.0592943	-54.19904	-5.458033	0.0	15000	183.41503882408142
6	-49.32	-49.32	-50.0	-5.8308587	10.567597	1.7380867	-52.089954	-5.8308587	0.0	17500	212.89488220214844
7	-49.86	-49.86	-50.0	-5.996377	10.693706	3.7192538	-51.837463	-5.996377	0.0	20000	243.19480419158936
8	-49.94	-49.94	-49.8	-6.1340814	10.751256	1.2573261	-51.368927	-6.1340814	0.0	22500	272.9989814758301
9	-49.9	-49.9	-49.6	-6.279695	10.892427	1.4660666	-53.462234	-6.279695	0.0	25000	303.6601519584656
10	-49.52	-49.52	-50.0	-6.4712	11.024657	1.8806828	-54.594448	-6.4712	0.0	27500	333.23538088798523
11	-49.84	-49.84	-49.7	-6.641204	11.120977	1.7071104	-54.644753	-6.641204	0.0	30000	363.0725610256195
12	-49.88	-49.88	-50.0	-6.773187	11.257238	1.7292298	-53.160057	-6.773187	0.0	32500	392.92882466316223
13	-49.48	-49.48	-50.0	-6.846592	11.287649	2.7357104	-51.85583	-6.846592	0.0	35000	423.00276803970337
14	-49.72	-49.72	-49.9	-6.81587	11.205944	2.112998	-52.324207	-6.81587	0.0	37500	452.526575088501
15	-49.16	-49.16	-49.8	-6.852822	11.145557	2.6355963	-55.271587	-6.852822	0.0	40000	482.47931838035583
16	-49.56	-49.56	-49.6	-6.90754	11.116048	2.453061	-55.236084	-6.90754	0.1	42500	512.006716966629
17	-49.66	-49.66	-49.2	-7.0093665	11.175583	3.0168068	-53.517128	-7.0093665	0.0	45000	541.6430447101593
18	-49.86	-49.86	-50.0	-7.0091424	11.188911	2.9803388	-53.55119	-7.0091424	0.0	47500	571.6365416049957
19	-49.52	-49.52	-49.8	-7.1079893	11.219517	4.483697	-54.094296	-7.1079893	0.0	50000	601.6387000083923
20	-49.54	-49.54	-49.8	-7.2014246	11.251558	3.3406012	-55.392406	-7.2014246	0.0	52500	631.4420564174652
21	-48.0	-48.0	-50.0	-7.331619	11.347375	2.7522664	-59.34089	-7.331619	0.0	55000	661.150185585022
22	-49.48	-49.48	-49.3	-7.3036647	11.259067	3.0999417	-53.248158	-7.3036647	0.0	57500	690.6764535903931
23	-49.66	-49.66	-49.0	-7.347129	11.20216	3.0433912	-54.672844	-7.347129	0.0	60000	720.1545338630676
24	-49.86	-49.86	-50.0	-7.3879814	11.1746855	3.3046331	-61.258377	-7.3879814	0.0	62500	749.8297991752625
25	-49.28	-49.28	-49.5	-7.4146624	11.138927	2.9846418	-57.812515	-7.4146624	0.0	65000	779.3246233463287
26	-48.98	-48.98	-49.6	-7.517808	11.170563	4.737894	-65.92368	-7.517808	0.0	67500	808.481684923172
27	-47.82	-47.82	-49.2	-7.485808	11.070268	4.5082498	-54.85251	-7.485808	0.0	70000	838.0576367378235
28	-49.16	-49.16	-48.0	-7.4737983	11.01779	4.9894214	-57.14356	-7.4737983	0.1	72500	868.019392490387
29	-49.14	-49.14	-49.6	-7.4586587	10.975639	4.0805173	-59.76924	-7.4586587	0.0	75000	896.0426669120789
30	-48.82	-48.82	-49.4	-7.496021	10.951157	5.2660055	-60.976727	-7.496021	0.0	77500	925.9447798728943
31	-48.8	-48.8	-46.8	-7.5560837	10.956716	4.1942596	-56.069817	-7.5560837	0.1	80000	956.3123285770416
32	-49.14	-49.14	-50.0	-7.5793414	10.9468565	3.618311	-55.79405	-7.5793414	0.0	82500	986.1399142742157
33	-49.0	-49.0	-48.4	-7.6304855	10.9854145	3.442757	-69.73046	-7.6304855	0.1	85000	1015.5284016132355
34	-49.1	-49.1	-47.9	-7.731361	11.0588255	4.1025567	-56.27513	-7.731361	0.0	87500	1045.8413405418396
35	-48.44	-48.44	-49.3	-7.7860675	11.113474	3.9319367	-56.321922	-7.7860675	0.0	90000	1075.5588610172272
36	-49.22	-49.22	-46.5	-7.812919	11.109768	3.0573242	-57.06367	-7.812919	0.0	92500	1105.3011872768402
37	-49.56	-49.56	-48.4	-7.833357	11.075686	3.5265388	-57.897373	-7.833357	0.0	95000	1134.4164164066315
38	-48.8	-48.8	-47.4	-7.796347	10.992101	4.6190443	-57.975582	-7.796347	0.0	97500	1164.6724226474762
39	-49.32	-49.32	-44.3	-7.847197	11.025231	4.6428866	-64.03224	-7.847197	0.2	100000	1194.227299451828
40	-47.72	-47.72	-47.2	-7.899495	11.05409	4.5491376	-54.53343	-7.899495	0.0	102500	1223.445280790329
41	-48.2	-48.2	-49.1	-7.946249	11.093136	5.5070834	-55.25987	-7.946249	0.0	105000	1252.190755367279
42	-48.32	-48.32	-46.9	-8.019444	11.196897	3.9390295	-58.157627	-8.019444	0.1	107500	1281.4359014034271
43	-49.32	-49.32	-46.6	-8.086893	11.327767	4.3502336	-64.81965	-8.086893	0.1	110000	1311.3768837451935
44	-48.6	-48.6	-49.6	-8.137404	11.398363	6.250866	-56.765415	-8.137404	0.0	112500	1341.1479003429413
45	-49.36	-49.36	-46.9	-8.16418	11.430226	4.2216067	-57.29682	-8.16418	0.1	115000	1370.8320939540863
46	-49.08	-49.08	-47.4	-8.133826	11.403502	6.693524	-64.14351	-8.133826	0.0	117500	1400.995599269867
47	-48.02	-48.02	-48.0	-8.190088	11.459011	3.8106422	-60.793575	-8.190088	0.0	120000	1430.6980798244476
48	-48.76	-48.76	-49.5	-8.1921835	11.457043	4.7149763	-60.017727	-8.1921835	0.0	122500	1460.924250125885
49	-49.08	-49.08	-45.8	-8.290365	11.509636	2.923807	-56.71644	-8.290365	0.1	125000	1490.598769903183
50	-48.02	-48.02	-47.9	-8.30612	11.520887	4.3766413	-58.967834	-8.30612	0.0	127500	1520.1362862586975
51	-48.6	-48.6	-48.9	-8.292807	11.493329	3.5260608	-57.05345	-8.292807	0.0	130000	1551.2080500125885
52	-48.38	-48.38	-46.5	-8.335465	11.538044	3.6417599	-63.445747	-8.335465	0.1	132500	1581.9120967388153
53	-48.64	-48.64	-49.4	-8.382049	11.637825	4.9605412	-58.386898	-8.382049	0.0	135000	1611.2567014694214
54	-49.0	-49.0	-46.3	-8.331781	11.601187	6.5644755	-57.71627	-8.331781	0.1	137500	1641.5004696846008
55	-48.2	-48.2	-49.5	-8.408804	11.615486	3.651585	-62.79097	-8.408804	0.0	140000	1671.2483055591583
56	-48.72	-48.72	-48.9	-8.4161	11.603631	3.648865	-65.015175	-8.4161	0.0	142500	1700.572897195816
57	-47.68	-47.68	-49.7	-8.465431	11.649159	4.022409	-55.465347	-8.465431	0.0	145000	1730.8295652866364
58	-49.02	-49.02	-44.7	-8.470791	11.628328	7.753028	-57.61606	-8.470791	0.2	147500	1760.1591484546661
59	-48.3	-48.3	-46.7	-8.496433	11.613065	4.1865835	-58.203606	-8.496433	0.0	150000	1789.7511203289032
60	-48.32	-48.32	-49.1	-8.513836	11.664971	5.182642	-56.129776	-8.513836	0.0	152500	1819.2157497406006
61	-48.68	-48.68	-48.4	-8.517208	11.65272	3.931922	-68.64584	-8.517208	0.0	155000	1849.2203798294067
62	-49.16	-49.16	-49.6	-8.545773	11.705103	3.6944714	-59.2091	-8.545773	0.0	157500	1879.1493906974792
63	-49.1	-49.1	-47.6	-8.571006	11.759193	3.8095386	-61.028515	-8.571006	0.1	160000	1909.1774077415466
64	-49.46	-49.46	-49.1	-8.615397	11.795455	4.3786774	-79.47236	-8.615397	0.0	162500	1939.5520160198212
65	-47.9	-47.9	-41.2	-8.635002	11.799371	5.4599	-56.962383	-8.635002	0.2	165000	1969.8967072963715
66	-48.66	-48.66	-49.3	-8.644363	11.776124	4.1143155	-58.508186	-8.644363	0.0	167500	2000.109787940979
67	-48.28	-48.28	-42.600002	-8.694264	11.8369055	5.0028505	-62.948517	-8.694264	0.1	170000	2030.687527179718
68	-47.48	-47.48	-46.8	-8.632315	11.796769	4.714463	-64.95757	-8.632315	0.0	172500	2061.0619530677795
69	-46.7	-46.7	-47.9	-8.620245	11.779441	5.242675	-56.990475	-8.620245	0.0	175000	2091.353785276413
70	-48.58	-48.58	-42.3	-8.629711	11.774408	4.931647	-58.21878	-8.629711	0.2	177500	2121.7121748924255
71	-48.32	-48.32	-47.3	-8.649425	11.781097	4.640471	-56.75456	-8.649425	0.0	180000	2151.3881084918976
72	-47.58	-47.58	-46.5	-8.62324	11.766797	7.7188873	-58.118774	-8.62324	0.2	182500	2180.6948919296265
73	-47.9	-47.9	-45.3	-8.562576	11.700999	6.4457436	-59.608967	-8.562576	0.2	185000	2210.631153821945
74	-48.8	-48.8	-44.0	-8.594654	11.674773	5.4919477	-56.696053	-8.594654	0.2	187500	2240.4175062179565
75	-47.74	-47.74	-49.8	-8.577244	11.624331	4.404394	-62.752052	-8.577244	0.0	190000	2270.9184534549713
76	-48.48	-48.48	-49.6	-8.543694	11.574847	6.845207	-59.915874	-8.543694	0.0	192500	2301.0153946876526
77	-47.5	-47.5	-48.2	-8.554253	11.507725	5.420141	-58.212967	-8.554253	0.1	195000	2331.363532304764
78	-48.86	-48.86	-46.6	-8.4842615	11.432845	6.204297	-57.85497	-8.4842615	0.2	197500	2361.2049837112427
79	-48.92	-48.92	-45.3	-8.538819	11.470213	4.071746	-60.06423	-8.538819	0.1	200000	2391.377852201462
80	-49.24	-49.24	-49.1	-8.543485	11.440843	4.6214294	-57.421646	-8.543485	0.0	202500	2421.909422159195
81	-48.98	-48.98	-46.8	-8.584533	11.450625	4.1755505	-58.130756	-8.584533	0.1	205000	2452.3536188602448
82	-47.9	-47.9	-46.399998	-8.606505	11.448594	3.131574	-73.68322	-8.606505	0.0	207500	2482.734150648117
83	-47.86	-47.86	-45.7	-8.65372	11.424406	4.293971	-57.287437	-8.65372	0.2	210000	2513.172512292862
84	-46.86	-46.86	-45.0	-8.65573	11.39364	4.1964164	-61.26483	-8.65573	0.3	212500	2543.9163706302643
85	-48.1	-48.1	-49.5	-8.737604	11.4254465	4.3844557	-61.595184	-8.737604	0.0	215000	2574.797518491745
86	-47.16	-47.16	-48.6	-8.830539	11.527581	3.5258484	-63.36245	-8.830539	0.0	217500	2605.021759748459
87	-49.2	-49.2	-42.5	-8.835849	11.540966	6.82019	-64.15297	-8.835849	0.3	220000	2635.469907283783
88	-46.86	-46.86	-43.8	-8.953527	11.622529	3.0224993	-60.884975	-8.953527	0.0	222500	2665.6895730495453
89	-47.1	-47.1	-49.2	-8.975905	11.642348	3.659283	-60.32965	-8.975905	0.0	225000	2695.9271416664124
90	-48.86	-48.86	-49.6	-8.996737	11.649818	3.8271203	-59.681084	-8.996737	0.0	227500	2726.29932308197
91	-46.52	-46.52	-48.7	-8.981365	11.621086	3.6684184	-70.29244	-8.981365	0.0	230000	2755.9621634483337
92	-47.6	-47.6	-47.7	-9.028591	11.642525	4.167164	-56.890255	-9.028591	0.1	232500	2786.5195610523224
93	-48.1	-48.1	-42.100002	-9.023332	11.60597	3.9138653	-60.579823	-9.023332	0.3	235000	2816.513916492462
94	-46.56	-46.56	-47.6	-8.96597	11.514836	5.776971	-59.83826	-8.96597	0.1	237500	2846.3763720989227
95	-47.26	-47.26	-41.3	-8.951986	11.427688	3.8106387	-59.3003	-8.951986	0.3	240000	2876.6257605552673
96	-47.38	-47.38	-46.399998	-8.936506	11.350432	8.529452	-56.87482	-8.936506	0.1	242500	2906.600652217865
97	-47.9	-47.9	-47.3	-8.848886	11.293338	3.7214134	-60.584435	-8.848886	0.0	245000	2936.5876817703247
98	-47.48	-47.48	-45.899998	-8.819444	11.235817	4.314953	-57.700356	-8.819444	0.1	247500	2967.243626356125
99	-47.74	-47.74	-48.7	-8.802537	11.176105	6.049934	-58.60096	-8.802537	0.0	250000	2996.3102004528046
100	-46.58	-46.58	-48.9	-8.84583	11.158876	6.284439	-70.91917	-8.84583	0.0	252500	3027.126421689987
101	-49.28	-49.28	-45.899998	-8.870707	11.146425	6.1026735	-58.85671	-8.870707	0.2	255000	3057.5666801929474
102	-46.74	-46.74	-47.1	-8.96417	11.265021	5.3903036	-62.20821	-8.96417	0.2	257500	3088.1615805625916
103	-45.98	-45.98	-46.2	-9.028721	11.367807	8.104063	-60.715286	-9.028721	0.2	260000	3118.943173646927
104	-46.8	-46.8	-46.3	-9.125144	11.540776	7.5775366	-62.51994	-9.125144	0.0	262500	3149.045068502426
105	-49.1	-49.1	-48.7	-9.280565	11.776972	7.88914	-58.354553	-9.280565	0.0	265000	3179.0347094535828
106	-47.42	-47.42	-49.9	-9.378874	11.962766	5.39196	-62.748055	-9.378874	0.0	267500	3209.3316946029663
107	-48.42	-48.42	-47.2	-9.386487	12.100945	21.139915	-62.878975	-9.386487	0.3	270000	3239.9101107120514
108	-48.26	-48.26	-48.3	-9.493018	12.190588	5.29407	-69.3205	-9.493018	0.0	272500	3270.8634152412415
109	-47.24	-47.24	-48.8	-9.462713	12.190002	4.6719303	-60.19519	-9.462713	0.0	275000	3301.84836268425
110	-45.42	-45.42	-48.9	-9.54596	12.212799	5.2278376	-61.03406	-9.54596	0.0	277500	3332.421605348587
111	-46.68	-46.68	-47.5	-9.432096	12.090999	7.8582478	-61.096207	-9.432096	0.1	280000	3363.374638080597
112	-46.94	-46.94	-40.899998	-9.414448	12.056693	9.634873	-60.347893	-9.414448	0.4	282500	3394.0498099327087
113	-46.42	-46.42	-47.4	-9.407808	12.051199	2.9906735	-58.94848	-9.407808	0.2	285000	3425.3454716205597
114	-46.68	-46.68	-45.899998	-9.393302	12.028674	7.4097576	-62.691624	-9.393302	0.0	287500	3456.3053851127625
115	-46.28	-46.28	-38.7	-9.417127	12.004107	5.7724175	-58.144478	-9.417127	0.4	290000	3487.647869348526
116	-47.24	-47.24	-50.0	-9.462696	12.07867	8.467375	-58.395798	-9.462696	0.0	292500	3518.1945395469666
117	-47.02	-47.02	-50.0	-9.46332	12.098132	11.465475	-63.88944	-9.46332	0.0	295000	3549.120054244995
118	-48.0	-48.0	-47.0	-9.46908	12.112943	11.368895	-60.01648	-9.46908	0.1	297500	3579.6609127521515
119	-47.96	-47.96	-43.899998	-9.498998	12.1488085	8.27238	-61.7254	-9.498998	0.1	300000	3609.489181280136
120	-47.9	-47.9	-48.0	-9.548432	12.1946125	7.4833183	-58.50146	-9.548432	0.0	302500	3640.337563276291
121	-46.98	-46.98	-47.7	-9.53493	12.194678	4.6203747	-57.66304	-9.53493	0.0	305000	3670.458186149597
122	-47.62	-47.62	-40.600002	-9.540665	12.192966	7.283056	-72.94299	-9.540665	0.2	307500	3700.005037546158
123	-47.88	-47.88	-45.8	-9.570045	12.238482	7.08558	-60.1388	-9.570045	0.2	310000	3730.7144887447357
124	-47.46	-47.46	-48.6	-9.596204	12.274155	6.7710977	-60.1398	-9.596204	0.0	312500	3759.7324957847595
125	-45.46	-45.46	-42.3	-9.641002	12.348506	6.505347	-57.13409	-9.641002	0.3	315000	3789.975075006485
126	-45.52	-45.52	-45.600002	-9.613848	12.335345	6.212669	-67.952835	-9.613848	0.1	317500	3819.7773344516754
127	-48.7	-48.7	-40.3	-9.626118	12.333724	10.163231	-67.47621	-9.626118	0.2	320000	3849.315670490265
128	-47.26	-47.26	-49.5	-9.608014	12.328061	5.8856187	-62.09873	-9.608014	0.0	322500	3879.2369933128357
129	-44.74	-44.74	-44.5	-9.621606	12.331981	10.560547	-68.401375	-9.621606	0.2	325000	3909.2667236328125
130	-46.92	-46.92	-41.600002	-9.578507	12.309368	10.079425	-59.98684	-9.578507	0.4	327500	3939.170527935028
131	-48.1	-48.1	-48.0	-9.608871	12.368447	8.624447	-58.610264	-9.608871	0.1	330000	3968.923872947693
132	-47.06	-47.06	-41.3	-9.681308	12.4316635	8.154373	-63.689484	-9.681308	0.5	332500	3999.373967409134
133	-45.86	-45.86	-47.8	-9.636624	12.390415	6.932816	-62.799095	-9.636624	0.0	335000	4029.362234354019
134	-47.44	-47.44	-39.3	-9.66091	12.447563	9.403274	-59.42186	-9.66091	0.3	337500	4059.7327694892883
135	-47.56	-47.56	-43.2	-9.712407	12.511716	7.167402	-63.434597	-9.712407	0.4	340000	4089.621593236923
136	-45.8	-45.8	-40.0	-9.718716	12.554863	7.664011	-68.30219	-9.718716	0.2	342500	4120.340133428574
137	-47.74	-47.74	-48.0	-9.774522	12.623423	10.877558	-60.55729	-9.774522	0.1	345000	4150.993013143539
138	-46.1	-46.1	-45.8	-9.759953	12.625902	5.509132	-56.846745	-9.759953	0.1	347500	4181.310981988907
139	-46.22	-46.22	-47.5	-9.778039	12.638126	7.563635	-78.79318	-9.778039	0.0	350000	4212.121378660202
140	-47.36	-47.36	-50.0	-9.774587	12.654435	9.157074	-60.319317	-9.774587	0.0	352500	4243.589577674866
141	-47.34	-47.34	-46.8	-9.776532	12.661705	9.928214	-57.908806	-9.776532	0.0	355000	4272.555734157562
142	-48.96	-48.96	-37.7	-9.839598	12.744262	7.404114	-65.46051	-9.839598	0.3	357500	4302.199882745743
143	-45.5	-45.5	-43.2	-9.804569	12.767188	5.9695	-57.33059	-9.804569	0.2	360000	4332.604407310486
144	-47.96	-47.96	-42.600002	-9.843221	12.799131	8.043868	-57.470005	-9.843221	0.2	362500	4363.177688837051
145	-47.02	-47.02	-39.5	-9.808257	12.7374325	9.3386755	-59.532597	-9.808257	0.2	365000	4393.763401508331
146	-46.22	-46.22	-43.0	-9.795653	12.708251	18.208559	-63.173454	-9.795653	0.2	367500	4423.521102428436
147	-45.82	-45.82	-47.2	-9.806561	12.709923	5.212127	-58.206184	-9.806561	0.1	370000	4453.569895267487
148	-47.76	-47.76	-42.899998	-9.832794	12.750534	7.544364	-59.13552	-9.832794	0.2	372500	4483.445209980011
149	-46.3	-46.3	-50.0	-9.85163	12.789592	6.9865932	-62.108902	-9.85163	0.0	375000	4513.379559278488
150	-45.3	-45.3	-42.100002	-9.823717	12.807684	9.675683	-63.516083	-9.823717	0.2	377500	4543.667883872986
151	-46.98	-46.98	-46.6	-9.912494	12.892898	12.010436	-58.828568	-9.912494	0.1	380000	4574.549477100372
152	-46.96	-46.96	-45.100002	-9.895777	12.8719425	10.428168	-59.656548	-9.895777	0.1	382500	4604.138117074966
153	-45.94	-45.94	-41.3	-9.896563	12.867675	7.013862	-61.66144	-9.896563	0.2	385000	4634.156781435013
154	-48.48	-48.48	-43.0	-9.891888	12.868853	9.459213	-65.94453	-9.891888	0.2	387500	4664.100114107132
155	-48.02	-48.02	-41.100002	-9.929714	12.876672	8.38095	-63.95615	-9.929714	0.3	390000	4694.24537229538
156	-46.18	-46.18	-43.100002	-9.883638	12.814906	11.915702	-70.02486	-9.883638	0.2	392500	4724.486418962479
157	-44.38	-44.38	-48.1	-9.871845	12.784576	5.1814885	-62.88759	-9.871845	0.0	395000	4754.824571847916
158	-46.36	-46.36	-42.7	-9.800525	12.713408	8.861343	-58.31785	-9.800525	0.3	397500	4784.242874145508
159	-44.72	-44.72	-43.3	-9.807901	12.703584	14.987034	-61.217953	-9.807901	0.1	400000	4813.811854362488
160	-46.6	-46.6	-40.3	-9.846673	12.724471	11.320299	-60.846573	-9.846673	0.4	402500	4843.678054094315
161	-44.78	-44.78	-42.600002	-9.882143	12.783578	9.900978	-62.834076	-9.882143	0.1	405000	4873.676949501038
162	-45.2	-45.2	-43.899998	-9.898409	12.836473	7.1476192	-61.183567	-9.898409	0.2	407500	4904.565362215042
163	-47.48	-47.48	-45.3	-9.939259	12.936138	6.980776	-57.33783	-9.939259	0.0	410000	4934.178208589554
164	-45.5	-45.5	-46.9	-9.967923	13.018749	6.6593914	-61.254784	-9.967923	0.3	412500	4963.721659183502
165	-46.76	-46.76	-42.8	-10.091213	13.176424	10.403904	-65.22079	-10.091213	0.3	415000	4994.295246839523
166	-45.48	-45.48	-43.100002	-10.101394	13.272115	8.603514	-66.08768	-10.101394	0.1	417500	5024.033921480179
167	-45.04	-45.04	-44.100002	-10.109921	13.317048	6.506356	-58.43017	-10.109921	0.3	420000	5054.282943487167
168	-45.66	-45.66	-44.8	-10.129523	13.340608	5.0905595	-58.89275	-10.129523	0.2	422500	5084.751723527908
169	-46.72	-46.72	-40.399998	-10.155915	13.326276	9.827879	-61.83897	-10.155915	0.2	425000	5114.912879228592
170	-46.44	-46.44	-40.899998	-10.1159725	13.298887	5.5815268	-64.946785	-10.1159725	0.3	427500	5145.252929925919
171	-46.96	-46.96	-36.399998	-10.108694	13.277262	5.1987753	-61.569386	-10.108694	0.3	430000	5175.928719043732
172	-46.84	-46.84	-46.6	-10.156182	13.284703	5.4127097	-61.375645	-10.156182	0.0	432500	5205.993535995483
173	-47.12	-47.12	-41.7	-10.065996	13.163983	5.96674	-61.552246	-10.065996	0.4	435000	5236.204489469528
174	-46.24	-46.24	-47.5	-10.013861	13.071103	16.991007	-62.07165	-10.013861	0.0	437500	5266.173629999161
175	-46.94	-46.94	-38.399998	-9.970478	12.996183	8.963227	-62.30519	-9.970478	0.3	440000	5295.782487630844
176	-46.2	-46.2	-42.3	-9.915737	12.919399	7.2115946	-61.246346	-9.915737	0.3	442500	5326.116908788681
177	-46.84	-46.84	-41.600002	-9.872395	12.900272	8.270515	-76.10069	-9.872395	0.1	445000	5356.0013546943665
178	-47.92	-47.92	-46.5	-9.893162	12.945953	5.3650265	-67.848785	-9.893162	0.0	447500	5386.681962966919
179	-42.28	-42.28	-43.2	-9.924186	12.964391	7.9059906	-66.99673	-9.924186	0.2	450000	5417.473905086517
180	-45.84	-45.84	-41.7	-9.953888	12.978729	7.558673	-63.76995	-9.953888	0.2	452500	5447.681433439255
181	-45.46	-45.46	-39.8	-10.036636	13.119973	6.687765	-63.2527	-10.036636	0.4	455000	5477.343760251999
182	-45.64	-45.64	-42.100002	-10.111225	13.241205	6.298094	-61.190556	-10.111225	0.3	457500	5507.923213481903
183	-47.22	-47.22	-40.100002	-10.103824	13.282313	5.5303965	-60.441162	-10.103824	0.5	460000	5537.799208402634
184	-46.36	-46.36	-43.100002	-10.151443	13.384219	7.6355305	-65.341934	-10.151443	0.3	462500	5567.85369515419
185	-46.34	-46.34	-47.4	-10.1666355	13.42025	7.1020994	-59.957405	-10.1666355	0.0	465000	5597.467520713806
186	-46.24	-46.24	-41.600002	-10.242362	13.517093	9.367967	-59.89568	-10.242362	0.4	467500	5628.396084070206
187	-46.46	-46.46	-41.7	-10.297094	13.57613	11.307317	-63.51569	-10.297094	0.2	470000	5658.794992685318
188	-46.0	-46.0	-39.5	-10.279791	13.569346	10.117901	-70.17064	-10.279791	0.4	472500	5689.052059412003
189	-46.0	-46.0	-40.5	-10.300593	13.588377	13.70357	-62.9625	-10.300593	0.3	475000	5719.100439786911
190	-46.62	-46.62	-45.100002	-10.340908	13.634638	6.2480173	-62.411316	-10.340908	0.4	477500	5749.751120567322
191	-47.56	-47.56	-39.3	-10.36793	13.662914	6.4870253	-63.051453	-10.36793	0.3	480000	5779.867965936661
192	-46.5	-46.5	-48.8	-10.379943	13.669793	6.275464	-63.71462	-10.379943	0.0	482500	5809.612142562866
193	-45.98	-45.98	-39.7	-10.38284	13.726766	6.6801186	-68.16694	-10.38284	0.4	485000	5839.6511862277985
194	-45.26	-45.26	-46.6	-10.34922	13.695462	12.135881	-60.870224	-10.34922	0.0	487500	5869.500002384186
195	-46.24	-46.24	-45.7	-10.322362	13.683684	8.998989	-64.28603	-10.322362	0.1	490000	5900.27130317688
196	-45.68	-45.68	-50.0	-10.376991	13.719506	6.6767397	-61.95663	-10.376991	0.0	492500	5929.948476314545
197	-45.72	-45.72	-42.7	-10.423072	13.753055	13.880345	-60.052383	-10.423072	0.2	495000	5960.873905420303
198	-46.22	-46.22	-45.399998	-10.386698	13.738995	12.655623	-77.210556	-10.386698	0.2	497500	5990.812810659409
199	-46.8	-46.8	-44.7	-10.364176	13.714472	6.4569674	-69.202995	-10.364176	0.2	500000	6020.022166013718
200	-43.9	-43.9	-38.600002	-10.364165	13.676072	9.081328	-64.53793	-10.364165	0.4	502500	6050.142111539841
201	-44.7	-44.7	-43.399998	-10.37544	13.664983	6.789317	-64.47196	-10.37544	0.3	505000	6080.177132368088
202	-47.34	-47.34	-45.7	-10.359713	13.706329	11.408285	-66.50778	-10.359713	0.2	507500	6109.869292497635
203	-46.38	-46.38	-37.3	-10.365493	13.705609	9.366102	-58.971672	-10.365493	0.4	510000	6139.826446771622
204	-47.7	-47.7	-43.3	-10.396883	13.729298	15.820458	-60.919308	-10.396883	0.4	512500	6169.675852060318
205	-48.3	-48.3	-44.3	-10.365031	13.750639	8.133226	-69.459145	-10.365031	0.2	515000	6199.538947582245
206	-46.18	-46.18	-43.100002	-10.377306	13.690227	9.487596	-62.87135	-10.377306	0.2	517500	6229.237580299377
207	-45.88	-45.88	-44.3	-10.276279	13.471176	6.177767	-66.53666	-10.276279	0.4	520000	6259.556557416916
208	-43.8	-43.8	-38.0	-10.160151	13.300463	9.496585	-74.99045	-10.160151	0.4	522500	6288.747060060501
209	-44.86	-44.86	-37.399998	-10.061734	13.129625	10.647425	-63.76543	-10.061734	0.2	525000	6318.858236789703
210	-46.2	-46.2	-47.8	-9.985605	13.016472	12.301295	-67.311745	-9.985605	0.1	527500	6349.221946001053
211	-47.18	-47.18	-38.100002	-9.946539	13.035103	7.4352617	-59.63965	-9.946539	0.1	530000	6378.919185876846
212	-45.08	-45.08	-40.8	-9.995904	13.125856	5.416952	-64.44646	-9.995904	0.3	532500	6409.270619869232
213	-43.1	-43.1	-41.100002	-9.95149	13.152639	8.28807	-66.66187	-9.95149	0.3	535000	6437.242130994797
214	-45.82	-45.82	-44.600002	-9.999268	13.232972	7.929265	-60.37497	-9.999268	0.1	537500	6465.198418140411
215	-44.78	-44.78	-42.399998	-10.051386	13.304915	9.382768	-70.40088	-10.051386	0.1	540000	6493.574377775192
216	-46.66	-46.66	-39.0	-10.130003	13.403076	12.2270975	-62.58634	-10.130003	0.1	542500	6524.151757240295
217	-46.52	-46.52	-46.2	-10.230616	13.5278	11.030242	-62.387592	-10.230616	0.2	545000	6554.338228464127
218	-45.98	-45.98	-38.899998	-10.235316	13.594675	12.689263	-62.33452	-10.235316	0.4	547500	6584.873283863068
219	-46.1	-46.1	-41.600002	-10.239561	13.629673	12.043178	-76.6426	-10.239561	0.4	550000	6615.077482223511
220	-45.64	-45.64	-43.100002	-10.317995	13.682492	9.025651	-61.14202	-10.317995	0.4	552500	6645.374982357025
221	-46.06	-46.06	-46.3	-10.363072	13.750379	11.610958	-64.283424	-10.363072	0.1	555000	6675.215507745743
222	-46.54	-46.54	-39.8	-10.34095	13.765689	11.717854	-64.3603	-10.34095	0.3	557500	6705.673053264618
223	-44.02	-44.02	-40.7	-10.383653	13.791903	5.7630835	-65.3521	-10.383653	0.3	560000	6735.626793622971
224	-45.98	-45.98	-37.3	-10.436108	13.867351	14.187801	-62.97918	-10.436108	0.6	562500	6765.860849618912
225	-43.44	-43.44	-41.600002	-10.421201	13.868713	14.587302	-64.943825	-10.421201	0.1	565000	6796.223433732986
226	-47.76	-47.76	-45.3	-10.464226	13.878949	23.153172	-66.03594	-10.464226	0.3	567500	6826.785411119461
227	-45.24	-45.24	-40.600002	-10.535934	13.937076	7.545085	-81.01257	-10.535934	0.4	570000	6856.957913160324
228	-48.06	-48.06	-42.8	-10.523844	13.915741	12.499684	-65.56668	-10.523844	0.5	572500	6887.477938890457
229	-46.58	-46.58	-41.5	-10.442707	13.747787	6.7667875	-67.81156	-10.442707	0.2	575000	6917.40820813179
230	-47.58	-47.58	-30.9	-10.332169	13.54688	25.133526	-63.16931	-10.332169	0.5	577500	6947.772263288498
231	-46.94	-46.94	-40.399998	-10.284506	13.464842	13.2449045	-66.68486	-10.284506	0.3	580000	6978.226435422897
232	-46.38	-46.38	-30.8	-10.258754	13.411201	6.2872753	-69.27482	-10.258754	0.6	582500	7007.741601705551
233	-44.06	-44.06	-39.399998	-10.3118	13.515879	13.758749	-65.85618	-10.3118	0.4	585000	7037.747606992722
234	-46.22	-46.22	-35.2	-10.330125	13.5783615	11.83206	-69.751114	-10.330125	0.4	587500	7068.278892040253
235	-45.2	-45.2	-43.0	-10.370862	13.661631	11.285602	-65.87457	-10.370862	0.1	590000	7098.86106801033
236	-45.16	-45.16	-33.8	-10.369673	13.687354	10.995767	-72.22002	-10.369673	0.7	592500	7129.2661209106445
237	-46.16	-46.16	-35.399998	-10.3964205	13.743613	12.841971	-73.932655	-10.3964205	0.4	595000	7159.18931722641
238	-43.8	-43.8	-47.4	-10.465096	13.81517	11.2337265	-62.574863	-10.465096	0.2	597500	7189.287889003754
239	-46.82	-46.82	-41.3	-10.478269	13.873092	10.832387	-64.51588	-10.478269	0.5	600000	7219.817469120026
240	-46.64	-46.64	-43.100002	-10.498481	13.919986	11.010417	-65.90756	-10.498481	0.2	602500	7250.009909152985
241	-47.98	-47.98	-36.100002	-10.487137	13.918633	6.9431114	-61.65605	-10.487137	0.4	605000	7280.420166254044
242	-47.04	-47.04	-45.2	-10.528338	13.973766	12.193471	-68.78202	-10.528338	0.2	607500	7311.11324930191
243	-46.56	-46.56	-44.600002	-10.5909395	14.057692	14.605723	-64.07168	-10.5909395	0.2	610000	7341.077198505402
244	-47.2	-47.2	-40.5	-10.654426	14.1326065	11.437034	-72.69351	-10.654426	0.4	612500	7371.0041716098785
245	-47.6	-47.6	-42.600002	-10.606335	14.098615	8.512263	-74.805084	-10.606335	0.3	615000	7400.915446996689
246	-46.54	-46.54	-37.2	-10.643818	14.142713	10.7416935	-61.47344	-10.643818	0.4	617500	7430.6504447460175
247	-47.7	-47.7	-39.100002	-10.588878	14.152691	4.95261	-68.81696	-10.588878	0.2	620000	7459.948074102402
248	-47.56	-47.56	-43.100002	-10.65442	14.175351	11.128111	-68.1922	-10.65442	0.2	622500	7489.3701820373535
249	-47.92	-47.92	-42.7	-10.657019	14.171872	8.032967	-74.62811	-10.657019	0.5	625000	7519.315508365631
250	-46.12	-46.12	-35.100002	-10.699049	14.2056265	14.587263	-63.694687	-10.699049	0.4	627500	7548.606172084808
251	-45.42	-45.42	-38.399998	-10.699896	14.22161	8.233896	-61.48034	-10.699896	0.2	630000	7578.670502901077
252	-47.16	-47.16	-38.7	-10.68534	14.232406	8.961805	-65.04064	-10.68534	0.2	632500	7608.189388036728
253	-46.52	-46.52	-41.8	-10.683725	14.215344	12.325261	-62.244205	-10.683725	0.3	635000	7638.209465265274
254	-46.52	-46.52	-41.899998	-10.7172985	14.262336	8.800176	-63.066124	-10.7172985	0.0	637500	7667.872354507446
255	-46.68	-46.68	-47.8	-10.72767	14.252245	7.934532	-66.20463	-10.72767	0.0	640000	7697.532445907593
256	-46.36	-46.36	-43.899998	-10.667995	14.2124605	15.8079815	-71.94989	-10.667995	0.2	642500	7727.676078557968
257	-44.1	-44.1	-46.7	-10.730996	14.283314	8.485538	-67.371544	-10.730996	0.1	645000	7758.472517967224
258	-45.84	-45.84	-46.6	-10.717814	14.295915	6.2154083	-76.592575	-10.717814	0.0	647500	7788.709013462067
259	-42.72	-42.72	-40.600002	-10.749193	14.308052	5.5215244	-67.74033	-10.749193	0.2	650000	7819.09672999382
260	-47.6	-47.6	-39.8	-10.750566	14.336438	5.1222363	-64.08767	-10.750566	0.3	652500	7849.29722905159
261	-43.82	-43.82	-40.7	-10.725445	14.35154	6.535325	-71.77373	-10.725445	0.3	655000	7878.797072172165
262	-45.46	-45.46	-43.100002	-10.760254	14.3473425	8.755418	-63.333366	-10.760254	0.4	657500	7908.5252730846405
263	-44.38	-44.38	-36.100002	-10.724005	14.295728	15.759363	-66.042435	-10.724005	0.3	660000	7938.2229199409485
264	-45.16	-45.16	-44.8	-10.690934	14.261715	6.5946035	-59.68675	-10.690934	0.2	662500	7968.402578353882
265	-45.68	-45.68	-37.399998	-10.694118	14.251586	14.493276	-70.118095	-10.694118	0.6	665000	7998.4883987903595
266	-48.24	-48.24	-42.0	-10.662195	14.219057	7.95428	-70.80075	-10.662195	0.3	667500	8028.7749445438385
267	-46.04	-46.04	-42.0	-10.646386	14.155558	7.1598406	-65.77023	-10.646386	0.2	670000	8059.118075847626
268	-45.66	-45.66	-47.3	-10.620355	14.09698	14.306947	-67.43208	-10.620355	0.0	672500	8089.300021886826
269	-47.44	-47.44	-41.2	-10.612936	14.083371	13.8903265	-74.530525	-10.612936	0.3	675000	8120.11244893074
270	-47.48	-47.48	-34.899998	-10.680745	14.112051	5.8761835	-79.860016	-10.680745	0.6	677500	8150.27903676033
271	-46.68	-46.68	-45.399998	-10.648525	14.042759	5.966078	-69.77442	-10.648525	0.2	680000	8180.654027938843
272	-45.34	-45.34	-45.7	-10.521347	13.944289	14.742007	-63.118706	-10.521347	0.0	682500	8210.950670480728
273	-48.2	-48.2	-39.7	-10.538627	13.9629345	14.459372	-68.58832	-10.538627	0.3	685000	8241.370149612427
274	-46.8	-46.8	-43.2	-10.507962	13.954886	10.513514	-64.61183	-10.507962	0.2	687500	8270.85017490387
275	-47.7	-47.7	-42.100002	-10.5477295	13.963889	7.0787582	-69.48106	-10.5477295	0.4	690000	8299.994802713394
276	-47.5	-47.5	-46.3	-10.531011	13.943359	16.230312	-63.65971	-10.531011	0.1	692500	8330.776811122894
277	-47.28	-47.28	-46.6	-10.520798	13.975061	8.114177	-64.898254	-10.520798	0.0	695000	8360.868168592453
278	-48.06	-48.06	-46.2	-10.575714	14.0505295	5.968445	-68.9172	-10.575714	0.0	697500	8389.638304710388
279	-46.72	-46.72	-43.3	-10.604936	14.077061	12.87216	-73.004364	-10.604936	0.3	700000	8420.064881801605
280	-46.24	-46.24	-50.0	-10.615629	14.086451	9.750224	-65.795334	-10.615629	0.0	702500	8450.733395814896
281	-46.76	-46.76	-46.7	-10.596418	14.08753	5.8373976	-69.39739	-10.596418	0.2	705000	8480.995904684067
282	-48.12	-48.12	-37.600002	-10.586671	14.02041	10.434809	-64.02269	-10.586671	0.3	707500	8511.078878879547
283	-46.18	-46.18	-42.899998	-10.635245	14.044044	7.038474	-61.487022	-10.635245	0.2	710000	8541.162744522095
284	-47.28	-47.28	-32.2	-10.5496645	13.971212	7.712551	-64.70787	-10.5496645	0.5	712500	8571.026765346527
285	-47.3	-47.3	-33.2	-10.557374	13.978092	10.11739	-70.55179	-10.557374	0.3	715000	8601.084425210953
286	-46.52	-46.52	-42.899998	-10.627235	14.016269	12.247735	-61.644035	-10.627235	0.2	717500	8630.98604440689
287	-47.26	-47.26	-48.1	-10.646676	14.086409	10.745686	-67.62317	-10.646676	0.0	720000	8660.673754453659
288	-45.86	-45.86	-44.899998	-10.626426	14.105608	9.05769	-66.48366	-10.626426	0.1	722500	8690.40241599083
289	-45.82	-45.82	-44.399998	-10.636784	14.108101	5.7842712	-84.9533	-10.636784	0.1	725000	8721.46811580658
290	-46.26	-46.26	-42.899998	-10.646259	14.131324	11.569328	-64.69464	-10.646259	0.1	727500	8751.806542634964
291	-46.66	-46.66	-45.899998	-10.648406	14.117001	12.118623	-66.06485	-10.648406	0.0	730000	8782.446278095245
292	-46.7	-46.7	-43.899998	-10.550635	13.9919405	10.510261	-77.78223	-10.550635	0.2	732500	8813.638354063034
293	-48.32	-48.32	-42.600002	-10.537678	13.915853	9.068521	-58.622757	-10.537678	0.3	735000	8844.424709558487
294	-44.78	-44.78	-43.5	-10.516547	13.862172	10.47325	-68.09949	-10.516547	0.2	737500	8874.936103343964
295	-46.94	-46.94	-44.3	-10.404858	13.726873	13.379648	-70.302	-10.404858	0.2	740000	8906.334795475006
296	-46.06	-46.06	-38.399998	-10.35283	13.641115	9.278949	-67.83056	-10.35283	0.2	742500	8936.553366661072
297	-47.54	-47.54	-45.8	-10.276947	13.48689	6.754691	-73.18937	-10.276947	0.0	745000	8967.259617328644
298	-46.2	-46.2	-48.6	-10.149431	13.347486	5.2077513	-68.88973	-10.149431	0.1	747500	8997.688416719437
299	-46.72	-46.72	-37.8	-10.0589905	13.190864	5.963977	-65.03845	-10.0589905	0.3	750000	9028.233925104141
300	-46.72	-46.72	-37.100002	-9.874665	12.973246	9.976934	-64.78819	-9.874665	0.4	752500	9058.779948949814
301	-46.88	-46.88	-39.399998	-9.77685	12.819657	5.8308954	-64.1707	-9.77685	0.5	755000	9088.938096523285
302	-46.5	-46.5	-37.5	-9.746644	12.73449	11.020952	-83.286064	-9.746644	0.3	757500	9119.730237483978
303	-45.96	-45.96	-39.2	-9.741599	12.682554	9.121606	-67.84947	-9.741599	0.2	760000	9149.945398569107
304	-45.24	-45.24	-47.2	-9.707927	12.614365	6.055811	-79.13555	-9.707927	0.1	762500	9180.634109020233
305	-46.34	-46.34	-43.3	-9.658201	12.492246	10.17482	-67.417336	-9.658201	0.1	765000	9211.838619470596
306	-47.12	-47.12	-42.8	-9.590586	12.360617	4.3915415	-69.30701	-9.590586	0.2	767500	9242.614820480347
307	-45.56	-45.56	-43.0	-9.666332	12.40267	7.028224	-64.14061	-9.666332	0.2	770000	9273.493672132492
308	-45.66	-45.66	-46.6	-9.742043	12.513244	7.359769	-61.5484	-9.742043	0.1	772500	9303.284801959991
309	-47.98	-47.98	-44.600002	-9.84857	12.670515	7.5392838	-65.28458	-9.84857	0.2	775000	9332.899655103683
310	-47.24	-47.24	-46.0	-9.877026	12.764445	7.2068624	-70.998085	-9.877026	0.0	777500	9362.890639305115
311	-46.98	-46.98	-42.899998	-9.955185	12.877152	5.4044647	-68.07728	-9.955185	0.1	780000	9392.304754018784
312	-47.72	-47.72	-42.7	-9.967398	12.892979	7.508498	-71.48849	-9.967398	0.2	782500	9421.770121335983
313	-45.8	-45.8	-40.7	-10.0076065	12.980793	14.385937	-77.76991	-10.0076065	0.3	785000	9451.486933231354
314	-45.84	-45.84	-41.5	-10.0678005	13.050754	9.303115	-73.27142	-10.0678005	0.2	787500	9481.451337814331
315	-44.98	-44.98	-43.3	-10.117544	13.12285	10.71201	-73.36384	-10.117544	0.4	790000	9511.273074865341
316	-46.28	-46.28	-45.100002	-10.173476	13.217845	14.88163	-70.018616	-10.173476	0.2	792500	9541.473984241486
317	-46.5	-46.5	-39.0	-10.184298	13.222474	9.716634	-68.07582	-10.184298	0.4	795000	9571.018988132477
318	-45.8	-45.8	-37.3	-10.166272	13.223866	18.758835	-63.42467	-10.166272	0.2	797500	9600.708838224411
319	-45.3	-45.3	-42.600002	-10.16572	13.198989	7.1086216	-68.477066	-10.16572	0.2	800000	9630.634177446365
320	-46.72	-46.72	-34.8	-10.15887	13.208774	7.7675753	-68.00208	-10.15887	0.5	802500	9660.873260498047
321	-47.54	-47.54	-38.2	-10.132438	13.202334	16.895977	-65.04649	-10.132438	0.4	805000	9691.23814034462
322	-45.26	-45.26	-42.399998	-10.2057705	13.281213	11.727403	-64.32272	-10.2057705	0.5	807500	9721.253180503845
323	-45.64	-45.64	-37.5	-10.2343855	13.36277	5.365755	-77.75431	-10.2343855	0.3	810000	9751.835027694702
324	-44.52	-44.52	-39.2	-10.306054	13.439228	19.081696	-64.28765	-10.306054	0.4	812500	9782.596325397491
325	-48.06	-48.06	-44.100002	-10.328576	13.490773	12.235406	-66.09681	-10.328576	0.2	815000	9813.166894435883
326	-44.7	-44.7	-42.8	-10.363426	13.532733	9.573622	-72.1337	-10.363426	0.1	817500	9843.51373052597
327	-46.66	-46.66	-39.3	-10.412774	13.620744	27.049099	-92.736885	-10.412774	0.3	820000	9873.974889039993
328	-44.2	-44.2	-44.5	-10.449063	13.650137	10.009525	-69.60715	-10.449063	0.1	822500	9904.428391695023
329	-46.84	-46.84	-36.8	-10.436775	13.640417	11.142458	-68.39965	-10.436775	0.1	825000	9933.725760698318
330	-47.24	-47.24	-38.0	-10.433825	13.660676	7.8085375	-66.5177	-10.433825	0.3	827500	9964.28551197052
331	-45.86	-45.86	-42.899998	-10.374861	13.609339	14.528374	-67.01677	-10.374861	0.3	830000	9994.976921796799
332	-46.4	-46.4	-38.0	-10.360157	13.62363	11.942389	-68.08507	-10.360157	0.3	832500	10025.84355378151
333	-47.32	-47.32	-37.3	-10.41002	13.678334	11.977592	-71.05426	-10.41002	0.3	835000	10056.857055425644
334	-46.54	-46.54	-42.5	-10.418363	13.700402	9.632681	-77.47681	-10.418363	0.3	837500	10086.538995742798
335	-47.38	-47.38	-41.600002	-10.465125	13.743055	10.83244	-68.04895	-10.465125	0.3	840000	10116.66240143776
336	-45.8	-45.8	-43.100002	-10.467393	13.742201	15.292515	-74.27961	-10.467393	0.5	842500	10147.001444101334
337	-44.3	-44.3	-42.2	-10.512172	13.779127	9.89473	-67.13885	-10.512172	0.3	845000	10177.306791305542
338	-46.46	-46.46	-34.899998	-10.520417	13.8167515	19.630749	-63.77865	-10.520417	0.6	847500	10207.851061105728
339	-43.4	-43.4	-40.3	-10.528923	13.831711	9.343247	-65.48891	-10.528923	0.2	850000	10237.934200286865
340	-44.9	-44.9	-39.5	-10.494625	13.8139105	8.028387	-70.86973	-10.494625	0.3	852500	10268.423506975174
341	-46.28	-46.28	-45.899998	-10.559211	13.878751	12.268879	-65.59213	-10.559211	0.1	855000	10298.412704467773
342	-45.96	-45.96	-42.2	-10.570909	13.927169	16.412527	-67.07568	-10.570909	0.1	857500	10327.85176372528
343	-46.48	-46.48	-42.5	-10.567718	13.906036	12.086962	-64.71424	-10.567718	0.4	860000	10358.26613855362
344	-45.76	-45.76	-41.2	-10.621065	13.9468565	9.261087	-66.447685	-10.621065	0.3	862500	10388.034387111664
345	-47.3	-47.3	-40.0	-10.614593	13.932999	19.713379	-61.496925	-10.614593	0.1	865000	10417.642167329788
346	-43.9	-43.9	-44.600002	-10.58111	13.848788	13.2855015	-72.44442	-10.58111	0.3	867500	10447.268407344818
347	-45.76	-45.76	-43.0	-10.557981	13.836088	9.133081	-61.589375	-10.557981	0.3	870000	10476.684614896774
348	-44.5	-44.5	-38.8	-10.546493	13.828253	11.3887005	-62.172466	-10.546493	0.4	872500	10506.90253853798
349	-44.0	-44.0	-37.8	-10.569317	13.835118	14.738579	-72.65123	-10.569317	0.2	875000	10536.8544652462
350	-45.4	-45.4	-42.100002	-10.5472555	13.828157	8.5530615	-79.366844	-10.5472555	0.3	877500	10567.348405838013
351	-46.34	-46.34	-43.2	-10.5144825	13.781925	11.810961	-63.882385	-10.5144825	0.2	880000	10597.744881868362
352	-46.34	-46.34	-45.100002	-10.521771	13.745819	10.725482	-66.02713	-10.521771	0.1	882500	10628.378601312637
353	-48.6	-48.6	-39.899998	-10.488551	13.708775	11.966711	-69.562096	-10.488551	0.3	885000	10659.153821229935
354	-45.1	-45.1	-46.100002	-10.559065	13.780359	10.761056	-70.3798	-10.559065	0.1	887500	10689.870810747147
355	-46.1	-46.1	-36.8	-10.518048	13.7634325	18.15386	-71.638596	-10.518048	0.5	890000	10719.171382427216
356	-45.84	-45.84	-43.399998	-10.537973	13.765839	25.762089	-66.97821	-10.537973	0.2	892500	10749.378104686737
357	-47.08	-47.08	-37.100002	-10.546434	13.78955	12.652406	-75.9159	-10.546434	0.0	895000	10780.229424238205
358	-45.24	-45.24	-43.399998	-10.550336	13.75805	15.2665415	-72.16379	-10.550336	0.3	897500	10810.989116430283
359	-44.5	-44.5	-36.899998	-10.534827	13.772184	20.09206	-68.94638	-10.534827	0.5	900000	10841.331641435623
360	-44.24	-44.24	-46.7	-10.535583	13.753588	18.716145	-75.85535	-10.535583	0.1	902500	10871.597732067108
361	-45.48	-45.48	-40.399998	-10.482732	13.676436	10.531261	-65.76315	-10.482732	0.3	905000	10902.488723754883
362	-47.14	-47.14	-42.600002	-10.494445	13.65371	13.220855	-70.57506	-10.494445	0.1	907500	10933.870540618896
363	-45.58	-45.58	-42.5	-10.435413	13.565036	13.922105	-66.32872	-10.435413	0.2	910000	10964.971981048584
364	-45.2	-45.2	-40.600002	-10.429025	13.49848	16.340948	-67.013756	-10.429025	0.4	912500	10996.006565570831
365	-47.0	-47.0	-40.100002	-10.400639	13.443007	11.89883	-70.32526	-10.400639	0.4	915000	11026.793318510056
366	-46.18	-46.18	-39.3	-10.393974	13.419951	14.7828455	-70.92537	-10.393974	0.2	917500	11057.136059999466
367	-46.1	-46.1	-40.8	-10.347235	13.348056	12.415856	-75.54061	-10.347235	0.1	920000	11088.302217721939
368	-45.76	-45.76	-43.0	-10.287927	13.335996	18.16457	-81.70597	-10.287927	0.2	922500	11119.066676139832
369	-44.74	-44.74	-34.7	-10.313615	13.40372	12.346904	-66.5983	-10.313615	0.4	925000	11150.040007352829
370	-45.62	-45.62	-37.7	-10.358754	13.485265	22.428307	-71.70529	-10.358754	0.4	927500	11180.827341794968
371	-43.88	-43.88	-36.0	-10.426828	13.589188	8.965661	-67.41144	-10.426828	0.5	930000	11211.414804697037
372	-44.26	-44.26	-45.2	-10.45072	13.668539	9.443889	-65.888275	-10.45072	0.1	932500	11241.74790263176
373	-45.14	-45.14	-39.2	-10.454323	13.717675	17.613262	-71.766304	-10.454323	0.3	935000	11271.629857301712
374	-45.86	-45.86	-39.5	-10.49543	13.777945	12.23312	-70.2341	-10.49543	0.2	937500	11301.425013065338
375	-44.12	-44.12	-46.2	-10.41971	13.765296	11.015904	-67.88649	-10.41971	0.0	940000	11330.832034826279
376	-45.64	-45.64	-31.3	-10.382655	13.715959	10.540342	-67.64725	-10.382655	0.6	942500	11361.013295650482
377	-47.18	-47.18	-38.7	-10.406235	13.708793	12.908352	-61.665665	-10.406235	0.3	945000	11389.44435429573
378	-47.1	-47.1	-37.899998	-10.385756	13.660922	8.054676	-74.22017	-10.385756	0.2	947500	11418.570831775665
379	-45.06	-45.06	-38.7	-10.349213	13.668906	16.310202	-70.39662	-10.349213	0.1	950000	11448.892023324966
380	-47.42	-47.42	-41.3	-10.362219	13.675816	15.932526	-85.74187	-10.362219	0.3	952500	11478.232978105545
381	-45.16	-45.16	-46.7	-10.35723	13.712439	13.85829	-70.28729	-10.35723	0.2	955000	11508.220783472061
382	-48.12	-48.12	-42.899998	-10.384834	13.769024	14.632069	-77.80552	-10.384834	0.2	957500	11538.064839363098
383	-47.14	-47.14	-41.100002	-10.367183	13.752968	18.373299	-84.35508	-10.367183	0.3	960000	11568.037315607071
384	-46.94	-46.94	-37.5	-10.464527	13.806296	12.63604	-76.645035	-10.464527	0.6	962500	11598.191768884659
385	-43.52	-43.52	-37.5	-10.437501	13.818743	17.8282	-64.00667	-10.437501	0.3	965000	11628.454806566238
386	-44.76	-44.76	-42.899998	-10.445255	13.799071	24.02307	-79.13878	-10.445255	0.0	967500	11659.261941432953
387	-47.34	-47.34	-45.0	-10.551357	13.886284	21.013245	-78.58006	-10.551357	0.1	970000	11689.676274776459
388	-45.84	-45.84	-35.399998	-10.576288	13.955071	16.610846	-79.31605	-10.576288	0.4	972500	11720.181549310684
389	-47.66	-47.66	-45.7	-10.610957	13.985076	20.79522	-75.437485	-10.610957	0.3	975000	11750.637001514435
390	-45.86	-45.86	-38.600002	-10.634312	14.015552	13.753695	-71.71645	-10.634312	0.4	977500	11781.650684833527
391	-45.76	-45.76	-43.0	-10.740503	14.143468	15.468075	-75.2169	-10.740503	0.2	980000	11812.708308935165
392	-45.28	-45.28	-36.7	-10.770307	14.170915	20.203014	-65.30477	-10.770307	0.5	982500	11843.16479587555
393	-46.26	-46.26	-38.100002	-10.775587	14.186775	18.38732	-67.032364	-10.775587	0.5	985000	11873.66253066063
394	-45.24	-45.24	-40.3	-10.776465	14.2192135	14.93836	-64.64113	-10.776465	0.4	987500	11904.532901763916
395	-45.7	-45.7	-42.5	-10.816105	14.250407	12.26343	-67.17958	-10.816105	0.2	990000	11935.233240365982
396	-45.08	-45.08	-40.0	-10.781573	14.197158	15.447567	-71.96097	-10.781573	0.4	992500	11965.65128159523
397	-48.56	-48.56	-45.8	-10.724017	14.122777	11.496763	-69.10065	-10.724017	0.0	995000	11996.537449836731
398	-45.98	-45.98	-40.8	-10.635019	14.015368	13.148975	-74.74903	-10.635019	0.3	997500	12025.750740528107
399	-46.86	-46.86	-43.600002	-10.569896	13.891578	16.055727	-78.96428	-10.569896	0.4	1000000	12056.337919950485
400	-48.14	-48.14	-40.399998	-10.468953	13.700523	14.900759	-73.73004	-10.468953	0.3	1002500	12086.781718492508
401	-46.42	-46.42	-38.3	-10.351772	13.556452	7.185692	-65.61807	-10.351772	0.3	1005000	12116.780480861664
402	-44.46	-44.46	-42.0	-10.311765	13.4244375	16.316086	-70.33006	-10.311765	0.3	1007500	12146.013150215149
403	-46.74	-46.74	-44.600002	-10.236392	13.304149	12.502127	-65.72722	-10.236392	0.1	1010000	12175.875116109848
404	-47.66	-47.66	-40.0	-10.177322	13.154139	15.350618	-69.898315	-10.177322	0.0	1012500	12205.41862154007
405	-47.52	-47.52	-38.0	-10.1042595	12.99377	10.733923	-69.63294	-10.1042595	0.3	1015000	12235.75885128975
406	-45.42	-45.42	-43.0	-9.864401	12.657557	11.476868	-75.09197	-9.864401	0.2	1017500	12265.666409254074
407	-46.74	-46.74	-38.0	-9.679566	12.253923	9.676903	-61.86725	-9.679566	0.2	1020000	12296.039486646652
408	-44.78	-44.78	-42.0	-9.555723	12.048399	13.330738	-72.07676	-9.555723	0.2	1022500	12325.907219409943
409	-46.52	-46.52	-41.2	-9.560516	11.996899	15.509834	-65.27389	-9.560516	0.2	1025000	12356.614153623581
410	-45.12	-45.12	-41.899998	-9.606847	12.055137	13.913128	-68.26163	-9.606847	0.2	1027500	12386.951867818832
411	-47.42	-47.42	-44.899998	-9.60082	12.061838	12.871441	-68.51098	-9.60082	0.0	1030000	12416.985407590866
412	-48.66	-48.66	-44.3	-9.66337	12.175956	14.511702	-67.28354	-9.66337	0.0	1032500	12447.583335876465
413	-47.38	-47.38	-42.899998	-9.664889	12.220404	16.166508	-92.17777	-9.664889	0.2	1035000	12478.573745012283
414	-45.78	-45.78	-45.5	-9.764209	12.313057	17.865267	-67.7907	-9.764209	0.1	1037500	12509.053005218506
415	-46.52	-46.52	-42.399998	-9.781964	12.345475	16.168844	-93.729645	-9.781964	0.2	1040000	12539.7141289711
416	-47.1	-47.1	-40.600002	-9.853035	12.454841	20.228313	-68.711334	-9.853035	0.6	1042500	12571.14313840866
417	-45.3	-45.3	-40.0	-9.879964	12.505494	13.37681	-59.940487	-9.879964	0.4	1045000	12602.369474172592
418	-46.66	-46.66	-48.7	-9.964405	12.616205	18.803333	-61.47702	-9.964405	0.0	1047500	12632.694133758545
419	-45.46	-45.46	-40.8	-9.97594	12.657977	17.237986	-72.07236	-9.97594	0.2	1050000	12663.54285812378
420	-47.4	-47.4	-47.0	-10.046982	12.741267	15.038752	-67.728836	-10.046982	0.1	1052500	12693.792878627777
421	-44.42	-44.42	-44.7	-10.065756	12.793817	17.595695	-62.337345	-10.065756	0.1	1055000	12723.929784536362
422	-45.5	-45.5	-42.8	-9.972171	12.708048	13.846361	-66.67598	-9.972171	0.1	1057500	12754.525814533234
423	-47.8	-47.8	-44.0	-9.990854	12.705786	16.689346	-73.9833	-9.990854	0.1	1060000	12784.944403648376
424	-46.44	-46.44	-34.100002	-9.989508	12.685376	13.691242	-65.92606	-9.989508	0.5	1062500	12814.506070613861
425	-45.08	-45.08	-39.2	-9.958608	12.607308	13.953695	-77.755684	-9.958608	0.4	1065000	12845.168413877487
426	-46.42	-46.42	-41.600002	-9.914268	12.570332	15.593779	-63.381393	-9.914268	0.3	1067500	12875.186618566513
427	-46.08	-46.08	-36.600002	-9.916336	12.55109	9.378868	-60.967487	-9.916336	0.5	1070000	12905.756567001343
428	-45.78	-45.78	-36.8	-9.906908	12.524626	13.345814	-62.07218	-9.906908	0.3	1072500	12936.256105661392
429	-47.72	-47.72	-39.8	-9.89259	12.549042	16.376396	-66.99015	-9.89259	0.1	1075000	12966.435257434845
430	-48.16	-48.16	-40.100002	-9.989516	12.682364	11.279314	-64.95274	-9.989516	0.3	1077500	12996.941618204117
431	-45.96	-45.96	-36.100002	-10.01368	12.755923	11.877045	-71.46393	-10.01368	0.4	1080000	13026.762382268906
432	-45.66	-45.66	-45.0	-10.06015	12.862609	11.714266	-64.240906	-10.06015	0.2	1082500	13057.277839183807
433	-45.92	-45.92	-40.600002	-10.136036	12.944415	35.959793	-72.38403	-10.136036	0.4	1085000	13087.031319379807
434	-45.52	-45.52	-45.7	-10.149401	13.0002365	26.261429	-67.55147	-10.149401	0.0	1087500	13117.23106956482
435	-46.94	-46.94	-43.100002	-10.206251	13.060833	11.386099	-68.15958	-10.206251	0.1	1090000	13147.408381938934
436	-46.12	-46.12	-43.0	-10.183937	13.049652	29.170975	-69.59598	-10.183937	0.4	1092500	13177.54340171814
437	-48.06	-48.06	-42.600002	-10.220265	13.087333	13.506762	-79.164825	-10.220265	0.0	1095000	13207.670355081558
438	-45.42	-45.42	-46.399998	-10.251045	13.116565	25.220861	-66.044266	-10.251045	0.3	1097500	13237.638139009476
439	-45.56	-45.56	-41.7	-10.230554	13.11734	20.707504	-65.14224	-10.230554	0.2	1100000	13267.355539798737
440	-44.76	-44.76	-46.2	-10.212648	13.142629	28.410803	-70.20721	-10.212648	0.0	1102500	13296.296930789948
441	-45.7	-45.7	-34.2	-10.220177	13.184601	15.654055	-66.015564	-10.220177	0.4	1105000	13326.213112592697
442	-46.58	-46.58	-43.0	-10.275772	13.288047	27.683527	-61.615715	-10.275772	0.1	1107500	13356.023664712906
443	-46.66	-46.66	-42.7	-10.3283205	13.3488035	20.69567	-61.839592	-10.3283205	0.4	1110000	13386.566341638565
444	-46.2	-46.2	-47.8	-10.39718	13.42582	21.188261	-63.550735	-10.39718	0.1	1112500	13416.83526468277
445	-44.4	-44.4	-45.2	-10.473751	13.492926	15.255312	-78.00801	-10.473751	0.3	1115000	13447.111684083939
446	-46.16	-46.16	-38.0	-10.501951	13.587481	13.987358	-66.73664	-10.501951	0.4	1117500	13477.57418346405
447	-46.64	-46.64	-39.899998	-10.497636	13.644236	23.9856	-64.29718	-10.497636	0.5	1120000	13508.216046571732
448	-46.96	-46.96	-43.100002	-10.57139	13.73767	20.699003	-66.43617	-10.57139	0.2	1122500	13539.084759950638
449	-45.58	-45.58	-48.1	-10.700238	13.885905	21.414347	-63.241493	-10.700238	0.2	1125000	13569.836441516876
450	-45.18	-45.18	-36.2	-10.725588	13.944033	18.765804	-68.096664	-10.725588	0.5	1127500	13600.795638561249
451	-44.42	-44.42	-42.5	-10.757084	14.029969	18.659872	-68.72975	-10.757084	0.4	1130000	13631.341364145279
452	-45.18	-45.18	-40.899998	-10.767182	14.058804	29.540514	-74.91632	-10.767182	0.2	1132500	13661.658682346344
453	-46.14	-46.14	-47.1	-10.701335	14.010194	17.024916	-67.146545	-10.701335	0.2	1135000	13691.856763362885
454	-46.32	-46.32	-46.2	-10.74971	14.013184	31.229378	-68.76455	-10.74971	0.1	1137500	13722.223722219467
455	-47.36	-47.36	-47.2	-10.702731	13.955414	21.523512	-79.460655	-10.702731	0.3	1140000	13752.043246984482
456	-45.04	-45.04	-42.7	-10.646907	13.844678	11.231575	-77.25423	-10.646907	0.2	1142500	13782.925219774246
457	-46.58	-46.58	-42.2	-10.605983	13.752452	19.519485	-69.194214	-10.605983	0.4	1145000	13813.441960334778
458	-45.5	-45.5	-43.3	-10.588077	13.709787	14.075266	-68.688156	-10.588077	0.5	1147500	13843.572380065918
459	-46.36	-46.36	-46.3	-10.518022	13.578501	26.128675	-66.47078	-10.518022	0.1	1150000	13874.146708250046
460	-46.36	-46.36	-49.4	-10.493556	13.472832	25.18018	-68.48704	-10.493556	0.1	1152500	13904.789784431458
461	-45.84	-45.84	-37.8	-10.340776	13.318134	26.110922	-67.89145	-10.340776	0.3	1155000	13935.770152330399
462	-45.62	-45.62	-44.7	-10.289837	13.217456	24.695028	-62.6635	-10.289837	0.2	1157500	13966.428190469742
463	-47.48	-47.48	-47.5	-10.280957	13.201253	15.111311	-65.460396	-10.280957	0.1	1160000	13996.562962293625
464	-45.12	-45.12	-40.2	-10.343885	13.275626	14.377966	-70.126	-10.343885	0.3	1162500	14027.146656036377
465	-46.08	-46.08	-42.5	-10.406777	13.361163	10.197973	-64.6871	-10.406777	0.4	1165000	14057.602078199387
466	-45.52	-45.52	-48.2	-10.402381	13.389304	30.690863	-70.390396	-10.402381	0.0	1167500	14088.40098810196
467	-47.78	-47.78	-39.5	-10.378139	13.361366	14.506687	-66.79796	-10.378139	0.4	1170000	14119.110583782196
468	-47.38	-47.38	-43.3	-10.314877	13.297949	9.584404	-79.38789	-10.314877	0.4	1172500	14149.613947153091
469	-46.68	-46.68	-40.8	-10.243715	13.17066	13.037697	-70.9431	-10.243715	0.3	1175000	14180.580897331238
470	-45.8	-45.8	-44.899998	-10.259687	13.126169	23.891697	-66.638306	-10.259687	0.2	1177500	14211.304444789886
471	-45.3	-45.3	-47.8	-10.313865	13.1600685	24.224436	-58.30863	-10.313865	0.1	1180000	14242.022609949112
472	-46.16	-46.16	-47.0	-10.361687	13.262214	20.57994	-61.001244	-10.361687	0.1	1182500	14272.396098613739
473	-45.68	-45.68	-42.100002	-10.450061	13.354508	20.502888	-64.88568	-10.450061	0.3	1185000	14302.655409812927
474	-44.46	-44.46	-44.5	-10.530918	13.4830885	24.36819	-64.93957	-10.530918	0.3	1187500	14332.950249433517
475	-47.34	-47.34	-39.2	-10.564898	13.597127	20.24141	-57.99836	-10.564898	0.4	1190000	14363.203873157501
476	-45.6	-45.6	-45.0	-10.582987	13.697905	19.84318	-66.126175	-10.582987	0.3	1192500	14393.652336359024
477	-45.9	-45.9	-42.2	-10.6508	13.786808	25.825228	-67.10506	-10.6508	0.1	1195000	14424.213929891586
478	-45.44	-45.44	-37.2	-10.691972	13.880459	19.20373	-76.14168	-10.691972	0.5	1197500	14453.613242387772
479	-46.44	-46.44	-46.0	-10.641851	13.822331	18.211521	-68.947945	-10.641851	0.1	1200000	14483.770104408264
480	-46.1	-46.1	-39.600002	-10.659214	13.794711	13.794968	-60.53371	-10.659214	0.4	1202500	14514.484790563583
481	-47.56	-47.56	-35.3	-10.621108	13.730448	19.114008	-65.85566	-10.621108	0.3	1205000	14544.918547391891
482	-46.8	-46.8	-43.2	-10.5919285	13.674045	19.46536	-64.173744	-10.5919285	0.4	1207500	14575.182059526443
483	-46.66	-46.66	-42.399998	-10.563362	13.640152	25.035297	-67.11197	-10.563362	0.4	1210000	14603.84707736969
484	-44.94	-44.94	-42.399998	-10.499968	13.574182	26.457695	-77.145676	-10.499968	0.2	1212500	14632.69134259224
485	-48.12	-48.12	-45.600002	-10.499536	13.554505	24.5231	-64.6871	-10.499536	0.2	1215000	14660.836355686188
486	-43.3	-43.3	-44.5	-10.5399475	13.556533	34.607418	-64.540054	-10.5399475	0.3	1217500	14689.06873178482
487	-46.24	-46.24	-44.5	-10.5631075	13.616091	23.540546	-63.941906	-10.5631075	0.1	1220000	14717.329825878143
488	-45.38	-45.38	-46.100002	-10.62838	13.773515	18.309767	-72.93248	-10.62838	0.3	1222500	14745.634381532669
489	-47.88	-47.88	-38.600002	-10.669483	13.849353	18.90056	-62.025738	-10.669483	0.3	1225000	14773.567616462708
490	-47.38	-47.38	-41.2	-10.782996	13.993376	13.943342	-69.02523	-10.782996	0.2	1227500	14801.965584516525
491	-47.02	-47.02	-47.6	-10.861017	14.100962	19.874163	-61.948586	-10.861017	0.2	1230000	14829.016894817352
492	-46.18	-46.18	-46.2	-10.841407	14.116546	19.697632	-68.15029	-10.841407	0.0	1232500	14855.998585700989
493	-46.34	-46.34	-43.899998	-10.823073	14.12185	33.086987	-66.3176	-10.823073	0.2	1235000	14882.47160744667
494	-47.52	-47.52	-37.899998	-10.777535	14.03575	21.138653	-66.400604	-10.777535	0.4	1237500	14908.293804645538
495	-47.1	-47.1	-42.600002	-10.738808	13.976098	23.39994	-73.97062	-10.738808	0.2	1240000	14931.806514024734
496	-44.02	-44.02	-47.0	-10.705079	13.917398	26.644808	-62.31805	-10.705079	0.1	1242500	14955.381664991379
497	-45.3	-45.3	-40.3	-10.716919	13.914517	26.266344	-62.593918	-10.716919	0.2	1245000	14977.095715522766
498	-48.18	-48.18	-43.5	-10.708776	13.8959255	18.696566	-69.13119	-10.708776	0.3	1247500	14997.33303976059
499	-45.68	-45.68	-34.399998	-10.686305	13.837389	15.635723	-62.354828	-10.686305	0.4	1250000	15018.431478500366
