Epoch	AverageEpRet	StdEpRet	MaxEpRet	MinEpRet	AverageEpRealRet	StdEpRealRet	MaxEpRealRet	MinEpRealRet	AverageTestEpRet	StdTestEpRet	MaxTestEpRet	MinTestEpRet	TotalEnvInteracts	TotalTime
20	9.062586	19.711432	71.92352	0.17730924	9.062586	19.711432	71.92352	0.17730924	32.98798	16.306278	62.43309	8.092418	4199	55.27686023712158
40	60.046246	37.27041	153.05833	6.4741287	60.046246	37.27041	153.05833	6.4741287	62.78189	43.08098	122.874626	11.719943	8199	101.64918637275696
60	105.51339	45.18259	176.43036	21.470524	105.51339	45.18259	176.43036	21.470524	56.97851	29.488676	121.38301	38.38041	12199	147.09348797798157
80	130.47633	33.862858	173.7559	49.12082	130.47633	33.862858	173.7559	49.12082	174.80525	22.477098	198.76193	135.7164	16199	193.26771521568298
100	156.99797	15.1864805	175.87047	113.016556	156.99797	15.1864805	175.87047	113.016556	146.34523	5.828558	156.17084	138.74007	20199	239.48888421058655
120	159.18147	13.841251	179.79364	123.75189	159.18147	13.841251	179.79364	123.75189	133.36784	14.723709	152.48633	106.12159	24199	285.9122290611267
140	165.61153	10.431463	178.46428	138.23795	165.61153	10.431463	178.46428	138.23795	129.52513	7.3155913	143.57043	120.42657	28199	332.0963113307953
160	166.16248	11.769368	180.81076	137.71329	166.16248	11.769368	180.81076	137.71329	164.00633	12.059305	175.1305	138.90932	32199	378.4492292404175
180	168.78766	4.4654775	177.02562	162.27386	168.78766	4.4654775	177.02562	162.27386	185.61116	6.9938664	197.21767	177.22719	36199	425.4128108024597
200	168.30832	7.715485	180.39725	143.69543	168.30832	7.715485	180.39725	143.69543	161.2418	7.304953	169.60602	148.33882	40199	471.4609305858612
220	168.99594	7.2495823	178.22073	147.67691	168.99594	7.2495823	178.22073	147.67691	160.58742	5.072518	166.899	152.52853	44199	517.9710304737091
240	169.84595	8.636388	180.54611	142.07231	169.84595	8.636388	180.54611	142.07231	179.87494	8.4765835	193.19447	168.11249	48199	564.5251445770264
260	164.43864	8.814329	173.99913	142.39476	164.43864	8.814329	173.99913	142.39476	191.66982	4.0652747	197.05008	186.86394	52199	611.0154314041138
280	168.06053	5.8218126	176.62987	152.2371	168.06053	5.8218126	176.62987	152.2371	167.60974	6.259354	178.60876	158.81404	56199	656.8958361148834
300	170.5587	6.872898	179.4504	150.43016	170.5587	6.872898	179.4504	150.43016	184.2273	3.6035395	189.40567	177.94588	60199	703.4142141342163
320	169.96233	4.9703355	178.0763	159.57224	169.96233	4.9703355	178.0763	159.57224	169.29504	10.286691	180.14905	150.76463	64199	749.9480476379395
340	170.45506	5.102314	177.7464	159.77583	170.45506	5.102314	177.7464	159.77583	138.55626	5.1817102	146.25124	128.94838	68199	796.9543282985687
360	169.2606	7.7641616	180.40233	153.64865	169.2606	7.7641616	180.40233	153.64865	195.08879	0.5654775	195.61057	194.12445	72199	843.161187171936
380	171.90254	6.731325	182.52502	157.81766	171.90254	6.731325	182.52502	157.81766	141.97311	4.562907	147.15071	135.87303	76199	889.023220539093
400	171.98692	5.8944006	181.51117	154.69049	171.98692	5.8944006	181.51117	154.69049	142.96135	1.7880737	144.5983	139.33517	80199	935.5909953117371
420	169.0812	9.773646	179.91927	138.91376	169.0812	9.773646	179.91927	138.91376	181.94402	7.344256	195.49008	170.3877	84199	981.6833372116089
440	167.98666	6.789282	176.90727	149.5355	167.98666	6.789282	176.90727	149.5355	173.00047	2.4755473	175.28075	167.83662	88199	1027.6194121837616
460	170.43015	7.437934	179.09874	150.1928	170.43015	7.437934	179.09874	150.1928	175.0962	9.132112	183.02109	155.84819	92199	1073.9336643218994
480	173.33728	4.571867	180.80882	163.05544	173.33728	4.571867	180.80882	163.05544	148.87392	2.2955434	152.55893	146.02011	96199	1120.498680114746
500	172.1343	7.4144297	183.29793	154.7484	172.1343	7.4144297	183.29793	154.7484	134.92871	2.5315237	138.493	130.22986	100199	1167.091693162918
520	159.5914	14.155482	176.72797	131.01437	159.5914	14.155482	176.72797	131.01437	167.04146	20.443077	188.90701	126.134796	104199	1213.5989747047424
540	170.54858	5.360434	181.57805	156.82176	170.54858	5.360434	181.57805	156.82176	135.81244	5.7279077	145.25452	126.221275	108199	1260.1758110523224
560	163.4285	12.036953	186.61151	128.67964	163.4285	12.036953	186.61151	128.67964	157.80156	3.1193714	163.22897	153.76674	112199	1306.2625060081482
580	169.3848	6.1095715	179.92702	158.20268	169.3848	6.1095715	179.92702	158.20268	145.58162	2.1656144	148.34407	142.42067	116199	1352.5995976924896
600	171.59595	4.8957477	181.68292	159.57803	171.59595	4.8957477	181.68292	159.57803	153.46104	2.2912192	157.26338	150.65305	120199	1398.7295770645142
620	172.61661	5.764943	179.84306	157.79947	172.61661	5.764943	179.84306	157.79947	159.18556	0.8690554	160.53253	157.72984	124199	1444.605679512024
640	171.78769	8.297524	184.26675	151.58554	171.78769	8.297524	184.26675	151.58554	147.04128	5.5340962	154.15709	138.37169	128199	1490.4508843421936
660	167.96147	7.032829	176.54205	148.95677	167.96147	7.032829	176.54205	148.95677	157.74915	3.3624463	162.45288	152.21558	132199	1536.5506739616394
680	174.04065	5.0889378	181.69131	163.1842	174.04065	5.0889378	181.69131	163.1842	155.95341	2.8594658	159.14905	150.19983	136199	1582.8165533542633
700	169.36646	5.539455	181.5529	156.87132	169.36646	5.539455	181.5529	156.87132	186.3832	0.6629393	187.72853	185.76732	140199	1628.989721775055
720	173.07698	4.9829035	180.31602	161.39018	173.07698	4.9829035	180.31602	161.39018	172.59282	1.5458779	174.90593	170.82787	144199	1675.4745473861694
740	171.95177	6.288302	183.0912	150.52942	171.95177	6.288302	183.0912	150.52942	158.51082	6.9334517	169.61748	150.93327	148199	1721.5821785926819
760	173.05687	3.9273262	178.38536	164.81792	173.05687	3.9273262	178.38536	164.81792	153.77629	4.1830797	162.19708	149.44638	152199	1768.0554537773132
780	174.59915	3.997052	181.41252	164.47981	174.59915	3.997052	181.41252	164.47981	162.37456	3.6503856	168.13805	157.61673	156199	1814.7702918052673
800	174.09938	5.0453644	182.10518	158.45137	174.09938	5.0453644	182.10518	158.45137	176.39424	2.524313	181.50723	173.51375	160199	1861.6002407073975
820	171.77942	5.1511855	182.10179	156.49258	171.77942	5.1511855	182.10179	156.49258	164.05324	1.5485306	167.2309	162.69977	164199	1908.5164959430695
840	173.09717	5.725446	179.84131	156.49747	173.09717	5.725446	179.84131	156.49747	175.98598	2.0255592	179.63351	173.34715	168199	1954.9391086101532
860	172.36612	5.3874216	179.23949	157.342	172.36612	5.3874216	179.23949	157.342	165.7187	8.568942	183.2638	157.96115	172199	2001.3527221679688
880	173.0844	4.9157677	184.02821	165.06375	173.0844	4.9157677	184.02821	165.06375	179.94258	3.4870613	184.24728	173.59364	176199	2047.8611726760864
900	173.45055	6.022286	185.65845	159.99997	173.45055	6.022286	185.65845	159.99997	172.29211	7.700701	178.64139	155.89146	180199	2093.993768453598
920	172.31012	5.457644	181.32933	162.22614	172.31012	5.457644	181.32933	162.22614	164.0826	1.9006215	167.33353	161.68329	184199	2140.2870173454285
940	174.50435	4.7784357	184.31276	163.95798	174.50435	4.7784357	184.31276	163.95798	164.55028	1.1270313	166.33453	163.1194	188199	2186.574318885803
960	175.23302	4.0360856	181.96915	165.79529	175.23302	4.0360856	181.96915	165.79529	164.85893	2.0950007	167.51762	161.0264	192199	2232.550922393799
980	173.2814	5.689172	181.2679	159.86421	173.2814	5.689172	181.2679	159.86421	147.183	2.026706	150.67575	145.0773	196199	2278.827157497406
1000	172.46709	6.032987	180.60835	160.85962	172.46709	6.032987	180.60835	160.85962	160.52245	5.3796296	166.75513	150.25392	200199	2325.3012778759003
1020	174.29153	4.0059443	182.64073	167.01738	174.29153	4.0059443	182.64073	167.01738	157.43236	1.9192065	159.7937	153.8761	204199	2371.587922811508
1040	175.18478	4.356943	182.49844	163.88986	175.18478	4.356943	182.49844	163.88986	169.8498	1.7119783	173.23947	167.8012	208199	2418.3101177215576
1060	174.8522	4.318257	182.95508	164.18742	174.8522	4.318257	182.95508	164.18742	190.42043	0.8790243	191.69624	188.78809	212199	2464.8596391677856
1080	175.42728	4.4927564	184.17361	164.94612	175.42728	4.4927564	184.17361	164.94612	161.90686	5.303439	173.45532	158.02968	216199	2511.6219165325165
1100	174.04105	5.7466373	181.09578	159.37599	174.04105	5.7466373	181.09578	159.37599	182.6479	2.8437965	187.08153	177.77597	220199	2558.031392097473
1120	175.10786	6.237921	184.0854	161.20918	175.10786	6.237921	184.0854	161.20918	184.77019	1.6012833	187.48816	182.50424	224199	2604.7262167930603
1140	174.41927	7.2200866	185.90852	154.343	174.41927	7.2200866	185.90852	154.343	177.09962	1.1777961	179.44885	175.7428	228199	2651.2130970954895
1160	175.39519	4.385586	185.22609	163.77882	175.39519	4.385586	185.22609	163.77882	171.11938	0.859613	172.17087	169.85701	232199	2697.320329427719
1180	174.15903	4.7152123	183.34734	163.07323	174.15903	4.7152123	183.34734	163.07323	167.33992	1.6776062	170.14565	164.45998	236199	2743.7812707424164
1200	174.49242	5.0766344	179.74966	160.73396	174.49242	5.0766344	179.74966	160.73396	182.48451	3.6140869	186.05551	176.0471	240199	2789.95450258255
1220	172.59595	5.7034492	182.81201	160.8443	172.59595	5.7034492	182.81201	160.8443	175.27614	2.5125532	178.95688	170.79343	244199	2835.6044635772705
1240	176.35556	2.8932266	182.97458	172.00404	176.35556	2.8932266	182.97458	172.00404	178.37419	2.3314042	180.92773	174.15001	248199	2881.510829925537
1260	175.49922	3.580146	179.60402	164.95366	175.49922	3.580146	179.60402	164.95366	191.60625	2.181845	195.02696	188.00395	252199	2927.669626235962
1280	173.75418	6.839502	184.58916	154.06656	173.75418	6.839502	184.58916	154.06656	164.08885	3.4898477	168.00394	157.55194	256199	2974.708692073822
1300	173.91425	4.603591	180.54935	161.21535	173.91425	4.603591	180.54935	161.21535	162.50346	8.734797	180.83633	152.74205	260199	3021.409801721573
1320	175.45683	3.6509843	180.90204	167.59459	175.45683	3.6509843	180.90204	167.59459	167.41829	1.0787573	169.61728	166.33148	264199	3068.3103399276733
1340	172.45561	4.2359514	177.58931	160.53691	172.45561	4.2359514	177.58931	160.53691	185.11584	1.888526	186.54608	181.02771	268199	3114.755254507065
1360	173.49571	5.334531	185.83778	162.19322	173.49571	5.334531	185.83778	162.19322	170.96521	1.9109703	174.90408	168.77956	272199	3161.33367228508
1380	172.63171	5.347745	181.08092	160.43942	172.63171	5.347745	181.08092	160.43942	161.96626	2.2430706	164.031	157.25063	276199	3207.3078722953796
1400	174.91307	4.9508476	182.84758	161.81467	174.91307	4.9508476	182.84758	161.81467	173.68779	2.1304064	177.4551	170.84196	280199	3253.902884721756
1420	174.88559	3.229038	179.85437	167.0389	174.88559	3.229038	179.85437	167.0389	162.33186	2.2417035	166.10042	159.54485	284199	3300.3910133838654
1440	174.43265	4.879288	185.75415	165.00874	174.43265	4.879288	185.75415	165.00874	172.94208	8.253428	180.70953	155.40834	288199	3347.5607213974
1460	175.13219	4.3446226	182.9375	166.27742	175.13219	4.3446226	182.9375	166.27742	186.51318	1.1548707	188.04099	185.01257	292199	3393.698474884033
1480	176.55861	3.5461037	187.04027	170.204	176.55861	3.5461037	187.04027	170.204	177.18364	2.9161656	183.02301	173.48018	296199	3439.803388118744
1500	174.37944	3.920296	181.09694	162.92899	174.37944	3.920296	181.09694	162.92899	170.15273	0.94379234	171.48889	168.30774	300199	3486.360201358795
1520	173.61826	4.2051105	183.69829	165.44724	173.61826	4.2051105	183.69829	165.44724	172.71257	1.993163	176.10237	169.53754	304199	3532.8939361572266
1540	176.94035	3.947743	183.01123	169.89235	176.94035	3.947743	183.01123	169.89235	129.15569	0.9833383	130.08415	127.06607	308199	3579.279394388199
1560	174.17906	4.386124	182.08081	160.83852	174.17906	4.386124	182.08081	160.83852	149.73608	2.175938	152.82399	145.83275	312199	3625.7433683872223
1580	175.58774	4.7564898	187.01845	166.95589	175.58774	4.7564898	187.01845	166.95589	165.66231	2.0939977	170.15349	163.7964	316199	3671.9611208438873
1600	173.90063	6.844241	184.16263	159.08975	173.90063	6.844241	184.16263	159.08975	168.20604	1.115041	169.59978	166.64503	320199	3718.159333229065
1620	176.5037	4.4255123	186.0715	167.9274	176.5037	4.4255123	186.0715	167.9274	180.24742	5.940643	192.25694	174.30229	324199	3764.4746515750885
1640	174.65959	4.13585	182.37617	165.1945	174.65959	4.13585	182.37617	165.1945	168.80078	3.865661	175.77702	163.6403	328199	3810.600707769394
1660	175.77313	3.7793946	181.43877	166.95442	175.77313	3.7793946	181.43877	166.95442	164.83397	2.8137145	168.7355	159.83325	332199	3857.3219950199127
1680	175.40044	4.945798	182.67099	159.96701	175.40044	4.945798	182.67099	159.96701	159.04738	1.9937961	162.67007	156.71143	336199	3903.2258701324463
1700	175.60838	3.20492	182.25897	168.16017	175.60838	3.20492	182.25897	168.16017	175.74995	0.53363985	176.43079	174.6902	340199	3949.380096435547
1720	174.72632	4.5539684	182.00409	166.76076	174.72632	4.5539684	182.00409	166.76076	160.48985	1.2480277	162.78595	158.99704	344199	3995.956021308899
1740	173.7421	5.718141	181.63716	160.10132	173.7421	5.718141	181.63716	160.10132	154.59486	0.9793297	155.69464	152.93713	348199	4041.5878870487213
1760	174.20738	4.2121863	180.30377	162.92294	174.20738	4.2121863	180.30377	162.92294	152.42397	2.8434157	155.2627	146.47252	352199	4088.18846988678
1780	174.70158	4.177728	181.79979	164.11171	174.70158	4.177728	181.79979	164.11171	171.02295	1.1220195	172.43172	168.78268	356199	4134.615160703659
1800	174.96587	5.371464	184.1009	162.44641	174.96587	5.371464	184.1009	162.44641	143.80363	2.3602042	148.3471	140.55975	360199	4182.446575164795
1820	174.68279	4.0480876	183.61755	164.85242	174.68279	4.0480876	183.61755	164.85242	150.38023	1.2088269	152.81628	148.97282	364199	4230.20864033699
1840	173.91705	4.438968	182.35936	165.40517	173.91705	4.438968	182.35936	165.40517	154.64738	0.72471005	155.85265	153.41405	368199	4277.970020055771
1860	176.08524	4.044858	183.66226	167.71217	176.08524	4.044858	183.66226	167.71217	166.17659	2.1533296	169.16248	162.90921	372199	4325.659739017487
1880	175.00589	2.8943102	180.12505	168.55353	175.00589	2.8943102	180.12505	168.55353	175.3257	4.01403	181.90294	169.58649	376199	4373.203961849213
1900	176.82346	5.784304	186.17856	165.77629	176.82346	5.784304	186.17856	165.77629	148.00177	1.081057	149.65193	145.95677	380199	4420.854263544083
1920	176.1608	4.8330035	186.4822	163.4808	176.1608	4.8330035	186.4822	163.4808	169.60393	1.7258703	172.0732	166.98067	384199	4467.946703910828
1940	175.68047	4.299447	184.57101	168.73346	175.68047	4.299447	184.57101	168.73346	169.20024	1.3101908	171.09604	166.90744	388199	4515.680119752884
1960	175.2551	4.1000924	182.71098	168.28352	175.2551	4.1000924	182.71098	168.28352	170.72368	3.8010206	178.23172	165.84602	392199	4563.043357849121
1980	175.2257	7.653494	185.14734	153.36096	175.2257	7.653494	185.14734	153.36096	162.65358	0.93794304	163.95412	161.02821	396199	4610.41045331955
2000	176.69838	3.0674694	183.70477	168.38898	176.69838	3.0674694	183.70477	168.38898	172.59474	1.3944947	175.27602	171.17297	400199	4657.7195727825165
2020	179.07706	2.7336953	184.25972	172.57301	179.07706	2.7336953	184.25972	172.57301	173.19695	1.2929817	174.71162	170.63739	404199	4705.405412435532
2040	178.71089	4.395412	184.26106	162.8453	178.71089	4.395412	184.26106	162.8453	176.19041	1.3834304	178.1787	174.01253	408199	4752.187589883804
2060	179.64348	1.8089948	181.93147	176.16486	179.64348	1.8089948	181.93147	176.16486	172.37257	7.0906057	179.01399	157.1533	412199	4799.495671749115
2080	179.42075	2.8679233	186.04004	175.70552	179.42075	2.8679233	186.04004	175.70552	168.5374	9.690204	189.67271	161.81021	416199	4846.7514815330505
2100	178.57446	2.2616339	182.28012	172.0623	178.57446	2.2616339	182.28012	172.0623	168.66939	1.3047776	169.9652	166.12506	420199	4893.198616027832
2120	179.51834	2.492561	186.29118	174.5605	179.51834	2.492561	186.29118	174.5605	175.07501	6.0570307	188.27328	171.00432	424199	4939.552800655365
2140	179.48102	2.4911098	182.32425	171.29257	179.48102	2.4911098	182.32425	171.29257	161.15715	1.5912899	163.58789	158.27536	428199	4986.299639225006
2160	179.18764	2.0731423	181.77342	174.74289	179.18764	2.0731423	181.77342	174.74289	178.17531	2.362716	180.49364	173.13293	432199	5032.9958589077
2180	179.90547	2.7462506	186.73175	174.45113	179.90547	2.7462506	186.73175	174.45113	156.93602	0.5088372	157.55298	155.89787	436199	5080.225433349609
2200	179.18475	2.9450593	185.5323	171.86067	179.18475	2.9450593	185.5323	171.86067	164.7434	0.4083448	165.48654	164.16531	440199	5126.845048666
2220	179.2487	3.268841	185.46585	172.09044	179.2487	3.268841	185.46585	172.09044	170.67493	1.5455245	173.3842	168.17487	444199	5174.284759759903
2240	178.8105	1.9061317	182.31882	173.44168	178.8105	1.9061317	182.31882	173.44168	168.58418	1.4907888	170.71126	166.08371	448199	5221.052141189575
2260	179.0333	2.0791845	185.43584	176.00443	179.0333	2.0791845	185.43584	176.00443	163.62553	1.8181162	166.54643	161.38292	452199	5267.7293882369995
2280	179.82391	2.4752328	184.3779	172.98189	179.82391	2.4752328	184.3779	172.98189	171.98607	0.8506534	172.9926	170.47621	456199	5313.964463233948
2300	179.83153	1.7123516	182.19415	176.48647	179.83153	1.7123516	182.19415	176.48647	158.58653	2.8969102	161.70456	152.59059	460199	5360.329295158386
2320	179.73306	2.2064679	183.25714	174.7655	179.73306	2.2064679	183.25714	174.7655	169.56177	5.2895947	175.39853	158.60526	464199	5407.166229963303
2340	180.36882	1.9941586	184.87018	177.72968	180.36882	1.9941586	184.87018	177.72968	167.98967	1.4277875	170.33208	166.50772	468199	5454.616070985794
2360	179.5611	2.4770885	184.12895	175.56593	179.5611	2.4770885	184.12895	175.56593	172.00801	2.920638	174.34666	165.7538	472199	5502.042108774185
2380	181.48352	2.9013226	186.75435	176.45372	181.48352	2.9013226	186.75435	176.45372	172.27425	1.8390064	175.87526	169.96123	476199	5549.481958150864
2400	180.3005	2.5892324	186.39314	176.33165	180.3005	2.5892324	186.39314	176.33165	172.02022	1.7666442	175.0919	169.62021	480199	5595.8530626297
2420	178.31592	2.765399	185.88637	173.4405	178.31592	2.765399	185.88637	173.4405	180.9297	1.3421382	182.78221	179.17108	484199	5642.438677787781
2440	179.91719	2.5173886	185.56824	176.22076	179.91719	2.5173886	185.56824	176.22076	174.9375	2.0958564	177.75806	170.84013	488199	5689.714154005051
2460	179.5984	2.9008198	186.42351	172.87376	179.5984	2.9008198	186.42351	172.87376	168.69798	7.0182333	176.2207	153.92516	492199	5737.113510847092
2480	180.13016	2.4058182	184.71796	174.63672	180.13016	2.4058182	184.71796	174.63672	164.479	1.4759929	166.5883	162.06366	496199	5783.713414907455
2500	178.99973	3.420376	184.54391	170.57637	178.99973	3.420376	184.54391	170.57637	170.9671	6.4439173	175.44963	157.00372	500199	5830.440751791
2520	180.26108	2.3669443	184.66011	174.6478	180.26108	2.3669443	184.66011	174.6478	162.8534	2.125117	166.15202	159.18509	504199	5876.990344762802
2540	178.93	4.154201	186.77826	168.76923	178.93	4.154201	186.77826	168.76923	165.62505	2.7613854	171.5452	163.47777	508199	5924.091828346252
2560	180.15315	2.3532782	184.8518	175.83562	180.15315	2.3532782	184.8518	175.83562	166.71455	2.9763186	171.81598	162.71913	512199	5970.676527500153
2580	180.04248	2.950108	184.33928	171.32489	180.04248	2.950108	184.33928	171.32489	169.59435	4.3546524	173.60378	160.34795	516199	6017.692244768143
2600	180.08833	1.0621675	182.25633	178.09346	180.08833	1.0621675	182.25633	178.09346	170.89577	1.2488161	172.92688	169.25233	520199	6064.285399675369
2620	180.37605	3.502111	187.12303	170.41968	180.37605	3.502111	187.12303	170.41968	165.71191	6.5957174	177.6221	154.91333	524199	6111.076506853104
2640	181.19058	2.3925884	187.53322	178.01532	181.19058	2.3925884	187.53322	178.01532	158.18336	1.5025972	160.33617	155.35469	528199	6158.799674510956
2660	178.93774	2.6415584	184.2038	173.6858	178.93774	2.6415584	184.2038	173.6858	157.1382	1.3699757	159.24797	155.02022	532199	6205.752602100372
2680	179.55054	2.5215127	184.43419	175.61168	179.55054	2.5215127	184.43419	175.61168	161.00502	2.3382747	165.8506	158.49286	536199	6252.457027196884
2700	179.86343	1.8247449	182.81505	176.34163	179.86343	1.8247449	182.81505	176.34163	175.27415	1.3715131	177.91682	173.61366	540199	6298.919612407684
2720	179.8364	2.4833605	184.19266	175.95186	179.8364	2.4833605	184.19266	175.95186	171.16917	1.3932253	172.82347	169.05685	544199	6345.739504098892
2740	180.05392	2.8407373	184.79738	174.01518	180.05392	2.8407373	184.79738	174.01518	179.53972	1.7674283	181.44208	176.54224	548199	6392.433609962463
2760	178.70322	2.2045493	182.0775	172.16527	178.70322	2.2045493	182.0775	172.16527	173.15703	1.0643188	175.11812	171.94337	552199	6438.831880331039
2780	180.57289	2.5670733	184.73235	175.25519	180.57289	2.5670733	184.73235	175.25519	168.93367	3.0928683	174.74419	164.95712	556199	6485.986701488495
2800	179.24994	2.788738	184.85788	173.89444	179.24994	2.788738	184.85788	173.89444	170.93456	2.7840617	174.73816	166.25311	560199	6533.068103313446
2820	180.4689	2.576761	186.13252	175.86427	180.4689	2.576761	186.13252	175.86427	171.95052	1.4870298	174.07455	169.40079	564199	6580.330417394638
2840	180.02316	2.7206273	185.85251	174.80362	180.02316	2.7206273	185.85251	174.80362	162.51234	1.3532778	165.19928	161.1576	568199	6627.156061172485
2860	179.85507	2.3427756	184.75795	174.76659	179.85507	2.3427756	184.75795	174.76659	168.27605	3.3519654	173.06607	162.7388	572199	6673.729289770126
2880	179.2958	2.0664866	183.15797	175.41476	179.2958	2.0664866	183.15797	175.41476	166.27156	12.351139	193.268	157.98805	576199	6720.340640544891
2900	179.46259	2.7578897	185.22153	174.76476	179.46259	2.7578897	185.22153	174.76476	173.70569	1.4250197	176.20602	172.1544	580199	6766.8524532318115
2920	180.53	2.680466	185.91095	176.13773	180.53	2.680466	185.91095	176.13773	166.34535	1.1957626	168.70636	164.69472	584199	6815.071388959885
2940	179.03946	3.5102856	185.57985	171.15912	179.03946	3.5102856	185.57985	171.15912	172.91008	2.5185041	177.10497	169.60529	588199	6862.895209789276
2960	179.79572	2.1860104	183.52127	174.4072	179.79572	2.1860104	183.52127	174.4072	162.81346	1.0314932	163.86755	161.09799	592199	6909.60200881958
2980	178.88931	2.242973	182.49014	174.21371	178.88931	2.242973	182.49014	174.21371	178.6772	6.470049	192.53835	172.4068	596199	6956.043578863144
3000	178.89111	2.3424623	182.27425	174.27884	178.89111	2.3424623	182.27425	174.27884	164.49461	2.298887	168.46642	161.62605	600199	7002.808564186096
3020	179.22275	3.2072515	184.48892	170.68797	179.22275	3.2072515	184.48892	170.68797	169.89394	2.5420182	174.59578	166.42809	604199	7049.424106359482
3040	179.73705	1.966046	182.5267	176.09444	179.73705	1.966046	182.5267	176.09444	171.23137	6.5839972	182.94173	160.18723	608199	7096.290808439255
3060	179.96234	2.4077876	185.25797	174.1719	179.96234	2.4077876	185.25797	174.1719	176.54126	4.7970414	186.77281	172.51053	612199	7143.051902770996
3080	180.10995	2.6914566	184.27171	175.00867	180.10995	2.6914566	184.27171	175.00867	161.619	3.033741	166.21811	157.62907	616199	7190.14349937439
3100	179.17097	3.1090326	185.3553	170.27754	179.17097	3.1090326	185.3553	170.27754	161.27142	1.9414433	163.74136	158.34677	620199	7237.160293340683
3120	179.16002	2.439534	183.23782	173.74127	179.16002	2.439534	183.23782	173.74127	171.25624	0.8448528	172.84544	170.34793	624199	7283.969582796097
3140	179.319	2.4672782	183.58397	175.77406	179.319	2.4672782	183.58397	175.77406	169.89427	2.5537004	175.36919	167.79149	628199	7330.686664819717
3160	178.88504	3.354794	183.31169	168.43417	178.88504	3.354794	183.31169	168.43417	168.67055	9.381253	189.01181	162.03342	632199	7377.6957676410675
3180	179.61505	2.138399	184.00107	176.86131	179.61505	2.138399	184.00107	176.86131	166.95203	3.8942409	172.80902	162.62585	636199	7424.894141674042
3200	181.13237	2.4593258	187.58203	176.38911	181.13237	2.4593258	187.58203	176.38911	155.45097	2.6192284	159.45401	151.04565	640199	7473.115917205811
3220	178.9384	4.240138	186.6149	165.5278	178.9384	4.240138	186.6149	165.5278	161.61186	0.65508723	162.4573	160.70078	644199	7522.867373943329
3240	179.40765	2.598809	185.58014	173.80075	179.40765	2.598809	185.58014	173.80075	159.38158	2.269882	163.05055	157.30887	648199	7570.709196805954
3260	180.28409	2.1939447	184.12122	176.59428	180.28409	2.1939447	184.12122	176.59428	166.72011	3.1140692	171.66985	162.93108	652199	7617.9189195632935
3280	179.43065	2.4302475	182.7157	173.36601	179.43065	2.4302475	182.7157	173.36601	165.63379	3.0553408	171.14941	161.99019	656199	7664.714907407761
3300	179.14542	2.207341	182.91803	174.40105	179.14542	2.207341	182.91803	174.40105	160.00063	1.9270812	161.95169	156.0343	660199	7711.924664020538
3320	179.2564	2.3315916	183.77324	173.58807	179.2564	2.3315916	183.77324	173.58807	164.83412	0.8455739	165.96075	163.62549	664199	7759.186310768127
3340	179.20938	2.1696677	184.56432	174.457	179.20938	2.1696677	184.56432	174.457	166.5884	1.8401692	168.65704	162.88063	668199	7806.4785714149475
3360	178.22687	2.3826888	182.85025	171.84554	178.22687	2.3826888	182.85025	171.84554	162.52122	2.578917	167.26024	158.47159	672199	7853.775784254074
3380	178.57721	2.1139357	184.19672	174.45296	178.57721	2.1139357	184.19672	174.45296	166.35759	1.2579248	168.05571	164.82259	676199	7901.043230772018
3400	179.89676	2.1946561	183.94202	175.15266	179.89676	2.1946561	183.94202	175.15266	168.11449	1.7142081	171.73286	166.43709	680199	7948.773235321045
3420	179.82341	2.530968	184.52048	175.2346	179.82341	2.530968	184.52048	175.2346	173.4981	1.9345782	176.60693	170.7939	684199	7995.808115005493
3440	179.2312	2.7093813	182.18436	170.37572	179.2312	2.7093813	182.18436	170.37572	174.60071	0.46763125	175.46187	174.03879	688199	8043.087935686111
3460	179.41777	4.148677	185.49857	167.87598	179.41777	4.148677	185.49857	167.87598	170.70258	4.031161	179.09915	166.57896	692199	8090.032883405685
3480	179.22185	2.6351337	184.32411	174.52403	179.22185	2.6351337	184.32411	174.52403	175.48866	1.1279386	177.20616	173.66331	696199	8137.77064538002
3500	180.1998	2.6258345	186.45941	174.98354	180.1998	2.6258345	186.45941	174.98354	178.65239	6.2621207	191.87279	173.43968	700199	8186.898278474808
3520	179.52823	2.594954	182.96278	171.66539	179.52823	2.594954	182.96278	171.66539	160.19354	4.86045	166.41248	153.57161	704199	8234.783002614975
3540	179.49794	2.6212947	182.67647	172.24992	179.49794	2.6212947	182.67647	172.24992	172.86494	4.2262974	181.86559	168.54048	708199	8282.010240793228
3560	179.68361	2.3864639	185.27258	175.96873	179.68361	2.3864639	185.27258	175.96873	169.85463	4.8601346	174.56715	159.45987	712199	8329.28487110138
3580	179.9336	2.3800123	185.6278	175.88185	179.9336	2.3800123	185.6278	175.88185	165.84729	6.0181017	170.3925	152.82433	716199	8377.0913336277
3600	178.71901	2.7621944	184.49712	171.21597	178.71901	2.7621944	184.49712	171.21597	157.77666	4.9792004	168.56711	153.92986	720199	8424.194878578186
3620	178.08069	2.0989249	181.26895	173.9476	178.08069	2.0989249	181.26895	173.9476	174.4619	3.2873843	180.42352	169.26682	724199	8472.006471395493
3640	179.35893	1.8989692	183.24194	176.12064	179.35893	1.8989692	183.24194	176.12064	159.80013	5.9770775	172.42778	154.42563	728199	8519.433331727982
3660	180.38681	2.3371043	184.4057	176.73131	180.38681	2.3371043	184.4057	176.73131	168.10144	2.1762743	171.68639	165.42317	732199	8566.894226789474
3680	180.11763	3.3345218	187.07552	174.9839	180.11763	3.3345218	187.07552	174.9839	157.34471	0.68710923	158.37666	156.39409	736199	8614.257697582245
3700	178.00717	2.8865921	182.915	171.9811	178.00717	2.8865921	182.915	171.9811	173.89165	1.4499028	175.61032	170.91846	740199	8661.173274040222
3720	179.42719	2.087274	184.78107	175.94945	179.42719	2.087274	184.78107	175.94945	165.3567	1.4067279	166.86269	163.3977	744199	8709.087814092636
3740	180.11848	2.0290039	183.93144	175.53477	180.11848	2.0290039	183.93144	175.53477	177.79918	5.2171073	187.28659	172.21793	748199	8756.820350170135
3760	179.92558	2.1090198	184.74059	175.4466	179.92558	2.1090198	184.74059	175.4466	171.10023	1.2097479	173.72847	170.1696	752199	8804.855619192123
3780	180.47133	2.401881	185.67833	175.8606	180.47133	2.401881	185.67833	175.8606	171.24263	1.3956785	173.40616	169.37425	756199	8853.857081890106
3800	179.73923	2.386079	184.22116	175.87798	179.73923	2.386079	184.22116	175.87798	160.35065	1.8282312	163.74149	157.46324	760199	8901.502762794495
3820	179.88162	2.6467261	184.8977	174.34048	179.88162	2.6467261	184.8977	174.34048	171.22948	4.549522	181.13034	167.89856	764199	8948.527318239212
3840	180.45651	2.0909839	184.52219	177.41121	180.45651	2.0909839	184.52219	177.41121	167.46153	5.3077545	177.67514	159.93494	768199	8995.938368558884
3860	180.01071	2.853145	184.61435	174.66893	180.01071	2.853145	184.61435	174.66893	161.33888	3.1778738	167.1335	156.53818	772199	9042.878548145294
3880	180.28996	3.0610533	185.12245	175.14713	180.28996	3.0610533	185.12245	175.14713	176.97264	2.0473394	179.94472	174.12927	776199	9090.613826751709
3900	179.91553	2.8404133	184.68213	172.79253	179.91553	2.8404133	184.68213	172.79253	162.00427	2.2066119	165.20047	159.68011	780199	9137.905945777893
3920	179.83891	2.4036493	186.03189	174.80092	179.83891	2.4036493	186.03189	174.80092	166.36017	2.6306832	169.86478	163.01067	784199	9185.472574234009
3940	179.4407	2.0261075	182.9399	176.13997	179.4407	2.0261075	182.9399	176.13997	165.4481	0.7385337	167.0009	164.77997	788199	9232.799426317215
3960	179.27362	2.809044	184.17204	174.57811	179.27362	2.809044	184.17204	174.57811	169.98688	2.6236959	173.39182	164.72018	792199	9279.816503286362
3980	180.20543	2.388803	184.76453	175.14134	180.20543	2.388803	184.76453	175.14134	166.42415	4.323202	171.4728	157.85414	796199	9327.346552610397
4000	179.84634	2.9131584	184.15894	172.95335	179.84634	2.9131584	184.15894	172.95335	164.51067	8.199308	181.97766	157.0697	800199	9374.86726975441
4020	178.0839	2.8369713	182.60608	172.17719	178.0839	2.8369713	182.60608	172.17719	162.8785	0.66571593	163.9234	161.98279	804199	9422.240415096283
4040	179.51666	3.1936433	188.87173	173.50687	179.51666	3.1936433	188.87173	173.50687	168.27763	1.554039	170.63412	165.93309	808199	9469.365275621414
4060	180.2443	1.680226	183.99411	176.91284	180.2443	1.680226	183.99411	176.91284	162.2621	4.014758	166.40523	153.77718	812199	9517.06369304657
4080	180.26791	2.371501	186.50987	175.35417	180.26791	2.371501	186.50987	175.35417	172.67336	1.4264967	175.5551	171.05392	816199	9564.032225131989
4100	180.0516	3.1068838	187.36969	172.91895	180.0516	3.1068838	187.36969	172.91895	165.62831	1.2201713	167.54077	163.9579	820199	9610.783128261566
4120	180.6633	2.1397698	183.98253	176.43626	180.6633	2.1397698	183.98253	176.43626	166.12062	1.7443262	168.52995	162.69994	824199	9657.126919269562
4140	177.9731	3.351305	183.87209	171.37968	177.9731	3.351305	183.87209	171.37968	169.78838	0.6166393	170.5583	168.57524	828199	9703.330496311188
4160	179.23404	1.809221	183.6511	175.94101	179.23404	1.809221	183.6511	175.94101	173.73936	1.0921298	175.32442	171.89478	832199	9749.999654769897
4180	180.47821	2.8763156	185.83336	172.90984	180.47821	2.8763156	185.83336	172.90984	158.73726	2.5698483	163.48503	154.79826	836199	9797.3853058815
4200	180.4553	2.093934	184.15732	176.18147	180.4553	2.093934	184.15732	176.18147	167.79543	5.6104574	172.63988	155.6919	840199	9844.036351442337
4220	180.51216	2.4400415	185.81198	176.94014	180.51216	2.4400415	185.81198	176.94014	154.68982	1.0400875	156.80515	153.40958	844199	9890.583905220032
4240	179.4871	2.48998	184.84744	174.49777	179.4871	2.48998	184.84744	174.49777	169.66945	3.2044008	172.35341	162.76057	848199	9937.36184835434
4260	180.20253	2.19811	185.47102	176.7996	180.20253	2.19811	185.47102	176.7996	170.4478	0.7082809	171.77417	169.58778	852199	9984.912421703339
4280	179.8909	1.9146287	183.34842	175.63042	179.8909	1.9146287	183.34842	175.63042	158.90198	1.4816039	160.37805	155.93704	856199	10031.895663499832
4300	180.39195	2.4873323	185.69258	174.06606	180.39195	2.4873323	185.69258	174.06606	170.91927	3.1952114	174.5674	164.23048	860199	10078.966997385025
4320	179.78418	2.8722963	186.09738	175.1843	179.78418	2.8722963	186.09738	175.1843	162.60963	1.0919253	164.86378	161.54118	864199	10126.269350767136
4340	180.07475	1.8085002	183.70682	176.29631	180.07475	1.8085002	183.70682	176.29631	168.76472	1.383405	171.43527	166.9184	868199	10174.061922550201
4360	179.3542	2.6981292	183.05585	173.42343	179.3542	2.6981292	183.05585	173.42343	168.41457	3.5292642	173.63104	162.18742	872199	10221.106949329376
4380	180.11374	2.4026885	183.94427	174.83179	180.11374	2.4026885	183.94427	174.83179	175.08165	3.762257	178.62479	167.33406	876199	10267.76001548767
4400	179.76978	2.3920426	183.95453	174.3061	179.76978	2.3920426	183.95453	174.3061	159.61528	2.0074673	162.99135	156.16966	880199	10314.761076450348
4420	180.64328	2.3038192	186.10318	176.95529	180.64328	2.3038192	186.10318	176.95529	160.72572	1.3267163	162.3312	158.787	884199	10361.86072897911
4440	177.78734	2.6112263	183.34618	169.41084	177.78734	2.6112263	183.34618	169.41084	173.14107	1.6597624	176.31519	171.14201	888199	10408.314279794693
4460	180.47638	1.9395125	184.19376	176.4913	180.47638	1.9395125	184.19376	176.4913	163.838	1.6886756	166.72859	161.62718	892199	10455.160295009613
4480	179.84091	2.4277394	185.75987	174.58395	179.84091	2.4277394	185.75987	174.58395	168.52068	2.3652449	171.80338	164.34178	896199	10501.335227251053
4500	178.78589	2.7979546	183.77771	172.61006	178.78589	2.7979546	183.77771	172.61006	164.64668	1.843041	167.68076	162.33545	900199	10547.992646455765
4520	179.73897	2.5663466	183.86978	174.667	179.73897	2.5663466	183.86978	174.667	166.99779	1.7157642	170.25923	164.69965	904199	10594.14295554161
4540	180.24141	2.3525078	187.88347	176.81763	180.24141	2.3525078	187.88347	176.81763	162.8438	2.0711522	167.1152	160.48799	908199	10640.79294204712
4560	179.90099	1.8992418	183.22163	174.60394	179.90099	1.8992418	183.22163	174.60394	164.6021	3.6289163	167.31409	156.74652	912199	10688.140283346176
4580	180.14996	1.77498	183.42932	175.56836	180.14996	1.77498	183.42932	175.56836	165.17763	1.900263	168.18767	162.0377	916199	10734.670593976974
4600	180.54414	2.761053	188.60342	175.12488	180.54414	2.761053	188.60342	175.12488	161.69969	2.197773	165.77203	159.39944	920199	10781.312027215958
4620	178.17838	3.0594363	182.21782	170.92703	178.17838	3.0594363	182.21782	170.92703	163.77452	2.696808	169.22714	160.93315	924199	10827.949943780899
4640	180.8466	1.9235047	185.47295	176.62355	180.8466	1.9235047	185.47295	176.62355	169.69334	0.994337	170.77179	167.72127	928199	10874.914477348328
4660	180.96556	2.3808484	186.98347	177.2437	180.96556	2.3808484	186.98347	177.2437	167.4753	3.0232332	170.76433	161.42752	932199	10922.132929086685
4680	178.5755	3.9207506	183.6409	167.07695	178.5755	3.9207506	183.6409	167.07695	160.73822	0.75588983	162.27348	160.09775	936199	10968.949063062668
4700	180.58615	2.5221205	187.11667	176.27466	180.58615	2.5221205	187.11667	176.27466	169.16383	3.584001	176.93326	166.18317	940199	11015.941792964935
4720	179.34225	2.8481307	183.11922	170.35602	179.34225	2.8481307	183.11922	170.35602	168.27397	0.81552535	169.52225	166.83458	944199	11062.803076982498
4740	180.27463	2.2125468	186.44536	176.1611	180.27463	2.2125468	186.44536	176.1611	156.44353	2.4211953	160.29639	153.16792	948199	11109.855358362198
4760	180.56973	2.6791873	188.24829	177.03246	180.56973	2.6791873	188.24829	177.03246	163.36946	0.73545194	164.39496	162.31519	952199	11156.488943576813
4780	180.14047	2.1436393	183.81145	174.42348	180.14047	2.1436393	183.81145	174.42348	169.64049	6.6977873	184.14221	164.55325	956199	11203.444948911667
4800	179.52594	2.0562959	184.82832	175.7679	179.52594	2.0562959	184.82832	175.7679	178.51007	1.448455	181.39674	176.90544	960199	11250.72239947319
4820	179.20721	2.6661584	186.3842	173.31563	179.20721	2.6661584	186.3842	173.31563	163.96434	1.9812138	167.23187	160.8672	964199	11297.527474880219
4840	178.19579	3.457301	181.97304	166.51102	178.19579	3.457301	181.97304	166.51102	164.45825	3.458915	167.37413	157.09776	968199	11344.063604831696
4860	180.49902	2.9570622	187.89357	174.55031	180.49902	2.9570622	187.89357	174.55031	169.81578	4.7346478	175.64233	160.18878	972199	11391.28272652626
4880	179.31161	1.9353192	182.12761	173.67255	179.31161	1.9353192	182.12761	173.67255	169.2191	2.7477272	174.80878	166.64778	976199	11438.018837690353
4900	180.46309	2.3375654	185.6178	176.24925	180.46309	2.3375654	185.6178	176.24925	155.79901	1.7072252	157.99048	152.31999	980199	11484.704092025757
4920	180.35172	2.2212508	185.07944	177.04514	180.35172	2.2212508	185.07944	177.04514	171.45143	0.88520485	172.69371	170.0481	984199	11534.430021762848
4940	179.65543	2.5978823	184.2695	174.06387	179.65543	2.5978823	184.2695	174.06387	163.83435	0.5970055	164.88283	162.9577	988199	11581.845962047577
4960	180.93434	2.4236186	184.82736	175.25922	180.93434	2.4236186	184.82736	175.25922	158.44423	2.3642976	161.83047	154.65805	992199	11628.719628095627
4980	180.02994	2.5401673	184.66283	174.14935	180.02994	2.5401673	184.66283	174.14935	163.4912	2.6565201	167.12047	158.3518	996199	11675.167613744736
5000	179.84628	3.038646	186.79329	174.90308	179.84628	3.038646	186.79329	174.90308	164.13109	5.1244936	167.55812	152.94334	1000199	11722.068983793259
5020	180.65475	2.1656384	186.13408	178.10939	180.65475	2.1656384	186.13408	178.10939	166.86145	1.9495289	170.25476	164.59271	1004199	11768.123528242111
5040	180.27237	2.5474823	186.00636	176.0714	180.27237	2.5474823	186.00636	176.0714	174.51662	0.92461336	175.6211	172.70291	1008199	11814.82779121399
5060	180.10362	2.3124847	184.96129	175.87697	180.10362	2.3124847	184.96129	175.87697	166.8407	1.7704225	170.5093	164.91516	1012199	11861.522320985794
5080	179.25949	1.6986908	182.87027	175.94711	179.25949	1.6986908	182.87027	175.94711	167.87512	0.6793806	169.08707	166.92662	1016199	11907.87036705017
5100	180.04652	2.4995131	183.85014	174.59521	180.04652	2.4995131	183.85014	174.59521	168.4652	4.3007665	175.20177	162.327	1020199	11954.491560935974
5120	180.19215	3.6107748	186.6199	170.79546	180.19215	3.6107748	186.6199	170.79546	166.33034	0.89874446	167.71042	164.67052	1024199	12000.893306970596
5140	180.11215	2.5901022	185.90103	176.38515	180.11215	2.5901022	185.90103	176.38515	171.86516	8.708901	190.73871	164.70416	1028199	12047.680441379547
5160	180.21689	3.0211608	185.314	171.32812	180.21689	3.0211608	185.314	171.32812	172.99023	1.0944079	174.83943	171.56763	1032199	12094.735798120499
5180	181.22456	2.128163	187.9154	178.04915	181.22456	2.128163	187.9154	178.04915	166.79448	1.7125546	169.46388	164.12657	1036199	12141.232338666916
5200	179.98563	2.6033695	187.14185	175.66861	179.98563	2.6033695	187.14185	175.66861	169.47401	3.4816625	176.45952	165.94344	1040199	12187.78931593895
5220	180.3171	2.492434	183.94205	174.71689	180.3171	2.492434	183.94205	174.71689	165.60094	6.107942	170.10243	152.3547	1044199	12234.988552331924
5240	180.50453	4.052205	187.90735	166.51465	180.50453	4.052205	187.90735	166.51465	181.88441	7.539617	193.77603	173.45943	1048199	12281.932603597641
5260	179.90163	3.2925382	185.55223	174.10118	179.90163	3.2925382	185.55223	174.10118	176.39966	6.561297	190.31027	171.64378	1052199	12328.882701158524
5280	180.52795	2.0376368	184.88493	177.12398	180.52795	2.0376368	184.88493	177.12398	173.92632	1.5780132	176.86238	171.66183	1056199	12375.705872535706
5300	180.54013	2.1322992	183.70235	173.69823	180.54013	2.1322992	183.70235	173.69823	168.2937	4.6674423	172.82086	158.66301	1060199	12422.781334638596
5320	180.12016	3.0047872	186.77455	175.03706	180.12016	3.0047872	186.77455	175.03706	166.69716	1.2601343	169.27405	165.24612	1064199	12470.05999827385
5340	179.8856	2.0622048	183.7712	176.2008	179.8856	2.0622048	183.7712	176.2008	173.91331	0.51850486	174.45972	172.89925	1068199	12516.821276187897
5360	181.04742	2.1751711	185.35643	174.77953	181.04742	2.1751711	185.35643	174.77953	172.5373	5.278025	183.67307	167.71034	1072199	12563.715747356415
5380	180.9351	2.1658728	185.87799	176.20479	180.9351	2.1658728	185.87799	176.20479	171.2499	2.4550014	174.34955	166.65245	1076199	12611.34692955017
5400	181.41125	2.0356364	185.31238	176.99664	181.41125	2.0356364	185.31238	176.99664	173.27498	1.5473323	176.01064	170.74876	1080199	12658.344404459
5420	180.40677	2.7516165	186.22086	175.63832	180.40677	2.7516165	186.22086	175.63832	168.45757	1.8152795	170.76543	164.99844	1084199	12705.697097539902
5440	180.6351	2.281383	185.13303	175.34073	180.6351	2.281383	185.13303	175.34073	164.4272	0.8667519	165.42105	163.09668	1088199	12752.52486205101
5460	180.41629	1.8442029	183.5696	176.25133	180.41629	1.8442029	183.5696	176.25133	171.18413	0.72933584	172.22585	170.12614	1092199	12798.942218780518
5480	179.23825	4.4273124	187.58038	167.95111	179.23825	4.4273124	187.58038	167.95111	174.8089	2.2694252	179.02441	171.9279	1096199	12845.86977815628
5500	180.10667	2.8348227	186.21571	176.37137	180.10667	2.8348227	186.21571	176.37137	163.76392	1.2342564	165.50375	161.42882	1100199	12892.894534349442
5520	179.56216	3.160612	185.27269	170.5342	179.56216	3.160612	185.27269	170.5342	165.47218	5.8733406	170.42134	152.83307	1104199	12940.47932434082
5540	180.36092	2.6852832	187.7298	176.04558	180.36092	2.6852832	187.7298	176.04558	168.47942	6.0566487	175.68388	156.29333	1108199	12987.718870401382
5560	181.4687	3.5968719	188.3053	170.43846	181.4687	3.5968719	188.3053	170.43846	163.62349	5.259672	169.16545	152.47331	1112199	13035.097513198853
5580	180.90799	1.9881948	183.64851	176.33983	180.90799	1.9881948	183.64851	176.33983	174.23918	1.0441631	176.50552	173.42447	1116199	13081.580196857452
5600	180.45163	2.4739788	185.89478	174.7751	180.45163	2.4739788	185.89478	174.7751	169.1283	4.496213	173.99028	160.37129	1120199	13128.496350765228
5620	180.4039	1.9308974	183.53183	176.44919	180.4039	1.9308974	183.53183	176.44919	169.99522	1.7061388	173.43015	168.04079	1124199	13175.510430574417
5640	180.32053	1.6570233	182.79536	176.38345	180.32053	1.6570233	182.79536	176.38345	173.71669	2.379057	177.22668	169.38432	1128199	13222.802381277084
5660	180.99048	2.0064538	183.30948	176.345	180.99048	2.0064538	183.30948	176.345	172.95201	2.268267	175.90298	169.8775	1132199	13269.918776750565
5680	180.06451	1.7999893	183.08371	175.97676	180.06451	1.7999893	183.08371	175.97676	173.17578	1.2946126	175.16049	171.43103	1136199	13316.570707559586
5700	180.5975	2.7469969	187.08014	175.60284	180.5975	2.7469969	187.08014	175.60284	171.59602	1.6765932	174.49345	169.43945	1140199	13363.54828953743
5720	180.22232	2.324594	183.66772	175.01558	180.22232	2.324594	183.66772	175.01558	169.16498	4.435632	173.20018	160.33504	1144199	13410.190150976181
5740	180.36102	3.021857	184.48271	170.56723	180.36102	3.021857	184.48271	170.56723	166.6582	1.0426416	168.36134	164.77809	1148199	13456.79897069931
5760	179.69675	2.2276368	183.24051	173.53442	179.69675	2.2276368	183.24051	173.53442	176.12611	2.0892074	178.38028	171.72942	1152199	13503.835737466812
5780	180.41867	2.09855	184.72467	176.89313	180.41867	2.09855	184.72467	176.89313	171.30827	1.7788045	174.45782	168.84103	1156199	13550.400662899017
5800	181.29372	1.8492184	183.52267	177.67638	181.29372	1.8492184	183.52267	177.67638	169.28966	1.6143086	171.08975	166.01173	1160199	13597.526706933975
5820	180.97745	1.7896366	185.68925	178.50818	180.97745	1.7896366	185.68925	178.50818	168.64455	1.3783038	170.32993	166.77214	1164199	13644.665366888046
5840	181.33044	2.2412603	188.76021	177.99597	181.33044	2.2412603	188.76021	177.99597	171.66792	1.4318415	173.21904	169.3949	1168199	13691.332807779312
5860	180.47833	1.3106294	182.45811	177.86546	180.47833	1.3106294	182.45811	177.86546	167.13057	1.8149931	170.43732	164.24629	1172199	13737.937396287918
5880	181.33008	2.359198	185.69798	177.30263	181.33008	2.359198	185.69798	177.30263	164.67949	2.392488	167.05228	159.57616	1176199	13785.209907770157
5900	180.10983	2.6359792	185.7941	175.50058	180.10983	2.6359792	185.7941	175.50058	170.72191	10.305869	193.2828	164.25458	1180199	13832.086670398712
5920	180.81241	2.4889004	184.76219	174.38934	180.81241	2.4889004	184.76219	174.38934	169.65265	6.043609	176.16531	157.11653	1184199	13879.105119466782
5940	180.80461	2.4135907	185.05702	176.19684	180.80461	2.4135907	185.05702	176.19684	163.99815	1.532776	167.02058	162.0069	1188199	13926.367641687393
5960	180.67607	1.5371664	183.60094	178.6389	180.67607	1.5371664	183.60094	178.6389	173.50563	0.8283835	175.17438	172.63164	1192199	13972.768837690353
5980	181.19095	2.2241473	184.2282	176.93686	181.19095	2.2241473	184.2282	176.93686	175.88173	8.878487	194.64388	167.63396	1196199	14019.412595748901
6000	180.52348	2.2175333	185.09729	176.608	180.52348	2.2175333	185.09729	176.608	173.3473	2.809676	178.58823	169.05739	1200199	14066.080132722855
6020	180.63007	1.863611	183.42828	174.78831	180.63007	1.863611	183.42828	174.78831	168.18402	0.950002	169.30826	166.31401	1204199	14112.512070655823
6040	180.38284	2.2087228	184.8398	175.42166	180.38284	2.2087228	184.8398	175.42166	166.3178	0.87080175	167.09224	164.44643	1208199	14159.527754545212
6060	180.53903	2.363543	184.79869	175.55115	180.53903	2.363543	184.79869	175.55115	169.18738	3.5646918	174.43887	164.50038	1212199	14207.2045109272
6080	180.72464	2.048968	185.22643	177.05843	180.72464	2.048968	185.22643	177.05843	170.2771	3.5679822	174.90988	163.33797	1216199	14254.830721855164
6100	180.66672	1.774559	182.85147	177.06975	180.66672	1.774559	182.85147	177.06975	169.21523	10.083601	190.47882	159.74162	1220199	14302.349768161774
6120	181.2425	2.8699996	186.01604	175.04745	181.2425	2.8699996	186.01604	175.04745	171.13507	1.7707874	174.42754	168.94688	1224199	14350.002477645874
6140	180.74191	2.193366	184.0383	175.75197	180.74191	2.193366	184.0383	175.75197	172.72021	1.0461011	174.07054	170.76816	1228199	14397.091234922409
6160	180.01364	2.447089	185.72853	175.811	180.01364	2.447089	185.72853	175.811	169.16077	1.2131371	170.65439	166.67174	1232199	14444.121966362
6180	179.89645	1.5754385	182.77164	176.43959	179.89645	1.5754385	182.77164	176.43959	166.6623	1.2436595	168.58615	165.32951	1236199	14491.69724369049
6200	180.16954	1.5800557	183.7572	177.59734	180.16954	1.5800557	183.7572	177.59734	173.1319	2.063522	176.82579	170.83466	1240199	14539.885133504868
6220	181.00471	2.5568335	186.4521	175.13002	181.00471	2.5568335	186.4521	175.13002	170.42683	1.9883317	173.60033	167.10663	1244199	14587.300033807755
6240	181.89131	2.448947	187.84459	178.51768	181.89131	2.448947	187.84459	178.51768	174.56685	1.2850386	176.91763	173.01941	1248199	14634.712607383728
6260	181.12637	3.2121184	186.97897	175.36629	181.12637	3.2121184	186.97897	175.36629	176.91853	8.280802	194.1721	167.73035	1252199	14682.451392412186
6280	180.74046	2.0536115	184.3261	175.50496	180.74046	2.0536115	184.3261	175.50496	170.9062	3.2378178	174.963	164.55298	1256199	14729.569563627243
6300	181.1187	2.3325498	186.60464	176.88303	181.1187	2.3325498	186.60464	176.88303	170.01685	0.5162921	170.87787	169.1097	1260199	14776.904940128326
6320	181.37265	1.6432778	183.68326	178.24341	181.37265	1.6432778	183.68326	178.24341	168.30843	0.8068725	168.8453	166.54906	1264199	14824.25582909584
6340	180.28865	1.5301058	183.11462	178.22052	180.28865	1.5301058	183.11462	178.22052	167.22398	2.4103434	170.00099	163.84221	1268199	14871.50027513504
6360	180.80267	2.3662605	185.97037	175.82373	180.80267	2.3662605	185.97037	175.82373	165.00606	1.4817936	166.96008	163.23389	1272199	14919.411739349365
6380	182.5739	2.6860955	187.54468	177.53479	182.5739	2.6860955	187.54468	177.53479	162.30367	1.4656346	164.36256	159.40828	1276199	14966.72314119339
6400	180.58842	2.4049385	184.37805	174.32118	180.58842	2.4049385	184.37805	174.32118	171.63557	1.76255	174.07614	168.15565	1280199	15013.39562869072
6420	180.6687	1.9523357	184.80505	174.66798	180.6687	1.9523357	184.80505	174.66798	172.15117	1.5816383	175.20464	170.06847	1284199	15059.709598064423
6440	179.0889	2.6456108	183.80997	174.23055	179.0889	2.6456108	183.80997	174.23055	176.28197	6.013135	188.7374	170.99004	1288199	15106.280846357346
6460	180.73383	2.7489069	184.90929	174.34192	180.73383	2.7489069	184.90929	174.34192	169.1056	3.3480508	173.45462	162.5085	1292199	15153.707926988602
6480	180.3177	2.2777736	184.72343	175.26447	180.3177	2.2777736	184.72343	175.26447	165.86284	1.4526742	168.9143	164.5947	1296199	15200.223654985428
6500	181.96176	1.6169223	186.24756	179.6382	181.96176	1.6169223	186.24756	179.6382	167.98302	1.7783983	169.99321	164.43997	1300199	15247.005175352097
6520	179.67737	2.6036975	183.38354	172.0441	179.67737	2.6036975	183.38354	172.0441	176.87581	2.1246583	180.68217	173.48131	1304199	15293.263973236084
6540	180.66997	1.8913511	184.34557	176.73312	180.66997	1.8913511	184.34557	176.73312	165.57423	2.9187338	168.27765	159.35565	1308199	15340.17557644844
6560	181.72421	2.8121483	188.38869	177.31186	181.72421	2.8121483	188.38869	177.31186	172.82526	2.5645728	176.99542	169.72948	1312199	15387.064403533936
6580	181.42683	2.1826499	184.94968	178.12155	181.42683	2.1826499	184.94968	178.12155	175.57314	2.3069785	178.77837	172.24739	1316199	15434.178634881973
6600	180.2669	2.807197	186.1808	172.86662	180.2669	2.807197	186.1808	172.86662	168.3882	1.1197232	170.58531	167.09114	1320199	15480.785322189331
6620	180.25998	2.5416546	184.90207	173.5251	180.25998	2.5416546	184.90207	173.5251	173.66136	2.7797112	178.057	170.27576	1324199	15527.57471036911
6640	181.10999	2.0408537	184.89987	176.7226	181.10999	2.0408537	184.89987	176.7226	169.6483	2.6942422	174.05882	166.17903	1328199	15574.506539106369
6660	180.8381	2.362609	185.89685	177.79025	180.8381	2.362609	185.89685	177.79025	178.46098	8.471156	196.87146	171.98433	1332199	15621.577349424362
6680	180.18132	2.018679	183.94513	175.78825	180.18132	2.018679	183.94513	175.78825	175.12431	3.978962	183.27522	170.78967	1336199	15669.21279501915
6700	181.14981	2.6484425	186.33029	175.27032	181.14981	2.6484425	186.33029	175.27032	175.52028	10.759772	194.75764	157.98221	1340199	15717.833805322647
6720	180.7652	2.503875	184.47946	175.1068	180.7652	2.503875	184.47946	175.1068	176.81252	1.3895445	178.46999	174.4412	1344199	15765.208375930786
6740	180.31573	2.2277706	183.96066	176.80862	180.31573	2.2277706	183.96066	176.80862	171.61407	1.5679497	174.36899	169.46056	1348199	15812.923950433731
6760	180.73947	2.2324564	184.87112	176.01279	180.73947	2.2324564	184.87112	176.01279	170.87386	1.5230743	172.82494	168.47247	1352199	15860.437452077866
6780	180.33751	2.5104816	184.36546	172.34856	180.33751	2.5104816	184.36546	172.34856	168.41267	1.9442707	170.65904	164.89658	1356199	15907.516716241837
6800	180.74359	1.9482075	183.57841	175.91699	180.74359	1.9482075	183.57841	175.91699	173.88316	0.50805515	174.60419	173.16708	1360199	15955.026442050934
6820	180.8828	2.3789134	186.52672	174.93506	180.8828	2.3789134	186.52672	174.93506	166.07826	1.1955591	167.69148	164.23021	1364199	16003.11765241623
6840	180.4988	2.3753045	183.29163	175.22408	180.4988	2.3753045	183.29163	175.22408	168.70253	7.7100606	181.02007	154.46661	1368199	16050.927692174911
6860	181.09499	2.288063	187.06006	177.42618	181.09499	2.288063	187.06006	177.42618	166.23409	2.052019	169.89795	163.56694	1372199	16099.546994686127
6880	179.64447	3.0593936	183.21321	168.50441	179.64447	3.0593936	183.21321	168.50441	174.0592	2.1771328	177.34927	170.97256	1376199	16147.822533130646
6900	180.06094	1.8752388	183.70363	177.6183	180.06094	1.8752388	183.70363	177.6183	170.44218	1.077858	172.52454	169.2131	1380199	16196.16475892067
6920	180.20953	2.635294	185.30653	177.27385	180.20953	2.635294	185.30653	177.27385	173.04375	1.8223544	175.18983	169.29428	1384199	16251.954398870468
6940	180.07137	1.5952863	182.7233	177.35036	180.07137	1.5952863	182.7233	177.35036	163.6584	1.6570083	166.94228	161.79768	1388199	16335.13629746437
6960	180.80875	2.1697273	185.44792	175.9592	180.80875	2.1697273	185.44792	175.9592	161.68335	5.3725543	167.71503	150.54355	1392199	16407.371932268143
6980	180.59322	1.1110531	182.7792	178.5912	180.59322	1.1110531	182.7792	178.5912	174.00287	1.3621032	176.48322	172.66524	1396199	16455.737824440002
7000	180.65598	1.5982802	183.83203	177.41539	180.65598	1.5982802	183.83203	177.41539	168.4869	1.5380644	170.62215	166.51765	1400199	16545.505401611328
7020	180.82986	3.2570906	185.69107	171.08968	180.82986	3.2570906	185.69107	171.08968	173.92004	0.69911855	174.70332	172.72202	1404199	16618.661780834198
7040	180.15695	1.991055	183.91121	175.98293	180.15695	1.991055	183.91121	175.98293	171.30455	1.0350931	173.03798	170.27242	1408199	16666.308275699615
7060	179.82002	2.6885655	184.00302	171.56409	179.82002	2.6885655	184.00302	171.56409	170.35284	6.569107	184.40775	164.0488	1412199	16714.263486862183
7080	180.64748	2.164431	184.05388	177.73247	180.64748	2.164431	184.05388	177.73247	165.92702	1.5918655	168.67744	163.65927	1416199	16762.00644826889
7100	180.26424	2.0518174	185.53981	176.16507	180.26424	2.0518174	185.53981	176.16507	169.01544	1.6157151	172.50018	167.5983	1420199	16809.849641799927
7120	181.48918	2.6760392	188.70709	177.49342	181.48918	2.6760392	188.70709	177.49342	163.50038	0.79313916	164.4375	162.09526	1424199	16893.48609852791
7140	179.50662	2.2263243	182.74435	175.66322	179.50662	2.2263243	182.74435	175.66322	167.76208	0.8215902	168.74927	166.23952	1428199	16973.78014922142
7160	181.00168	1.9454203	183.58115	175.13043	181.00168	1.9454203	183.58115	175.13043	163.82433	3.2487483	170.8213	161.30086	1432199	17022.236762046814
7180	180.68655	3.1506603	185.38132	170.20914	180.68655	3.1506603	185.38132	170.20914	177.33545	1.6795794	179.70753	174.81602	1436199	17070.647760391235
7200	181.47337	1.9037199	184.3164	175.71175	181.47337	1.9037199	184.3164	175.71175	168.33936	2.3150597	171.77017	165.31523	1440199	17118.627180337906
7220	180.09042	2.0153883	183.99094	176.21346	180.09042	2.0153883	183.99094	176.21346	170.2256	0.71150243	171.25516	169.44841	1444199	17166.756778001785
7240	180.34044	1.4426798	182.64903	177.43475	180.34044	1.4426798	182.64903	177.43475	177.09135	1.5064932	180.21245	175.77208	1448199	17226.212248563766
7260	180.51692	2.0388315	184.47626	177.16695	180.51692	2.0388315	184.47626	177.16695	166.87083	2.267265	170.82301	163.83139	1452199	17274.469241142273
7280	180.79416	2.068812	185.71255	177.03021	180.79416	2.068812	185.71255	177.03021	170.36089	4.112555	174.72249	161.83897	1456199	17322.111168146133
7300	181.24487	1.7576476	185.92635	178.21672	181.24487	1.7576476	185.92635	178.21672	162.52925	0.7409701	163.54167	161.37627	1460199	17370.131861448288
7320	181.4822	2.8712647	186.62175	177.2449	181.4822	2.8712647	186.62175	177.2449	172.23204	7.850292	189.32431	166.66422	1464199	17418.918457984924
7340	181.92557	2.5593154	187.9226	177.2648	181.92557	2.5593154	187.9226	177.2648	159.46883	2.6031358	164.1988	156.0708	1468199	17467.580940246582
7360	180.46721	2.0168014	187.27875	177.55717	180.46721	2.0168014	187.27875	177.55717	160.17601	0.74315506	161.1556	158.8191	1472199	17516.096232652664
7380	180.42618	2.7344162	186.43437	175.03966	180.42618	2.7344162	186.43437	175.03966	168.43834	2.2549508	171.32419	165.3078	1476199	17564.971560955048
7400	180.15916	1.3966492	183.2896	178.02336	180.15916	1.3966492	183.2896	178.02336	169.8911	6.7203956	176.1087	155.47775	1480199	17613.192931890488
7420	180.02261	2.4555814	184.84344	174.36168	180.02261	2.4555814	184.84344	174.36168	163.55647	5.63457	170.84232	152.10565	1484199	17664.525032758713
7440	180.60497	1.4535357	183.6492	177.8004	180.60497	1.4535357	183.6492	177.8004	172.16032	4.489105	181.08398	167.41263	1488199	17748.95428133011
7460	180.58432	2.413457	185.1795	174.14497	180.58432	2.413457	185.1795	174.14497	172.22705	5.3995037	183.84317	167.55258	1492199	17800.97584104538
7480	180.64517	1.6471494	183.49611	178.11258	180.64517	1.6471494	183.49611	178.11258	171.9586	11.01343	192.70268	155.06934	1496199	17849.543157100677
7500	181.13828	2.1343818	184.1259	175.78609	181.13828	2.1343818	184.1259	175.78609	165.37175	1.487888	168.40364	164.03818	1500199	17898.206950187683
7520	180.89099	2.6034405	184.34135	175.71379	180.89099	2.6034405	184.34135	175.71379	170.22188	3.7499316	173.65117	165.14883	1504199	17946.396291732788
7540	180.38551	1.8722739	183.72072	176.73206	180.38551	1.8722739	183.72072	176.73206	170.31172	1.191688	172.45848	168.94107	1508199	17999.075713157654
7560	180.96384	2.034931	184.79921	177.14021	180.96384	2.034931	184.79921	177.14021	166.19939	5.4254875	177.46121	161.73395	1512199	18061.740419864655
7580	179.2968	2.942521	184.49902	170.07329	179.2968	2.942521	184.49902	170.07329	171.91606	1.7164395	175.11183	169.46399	1516199	18129.008228063583
7600	180.96849	2.5251207	184.97351	176.26163	180.96849	2.5251207	184.97351	176.26163	171.59215	1.4037199	173.0181	169.05429	1520199	18177.07433128357
7620	180.55269	1.8279426	184.20625	177.38719	180.55269	1.8279426	184.20625	177.38719	172.0912	1.7354602	174.46924	168.93796	1524199	18226.60022997856
7640	179.81421	2.0873454	185.55684	173.84193	179.81421	2.0873454	185.55684	173.84193	176.29057	1.8793112	178.69196	173.24457	1528199	18290.082537651062
7660	180.74985	2.5234234	185.4575	173.29266	180.74985	2.5234234	185.4575	173.29266	169.4048	0.9540787	170.71869	167.89589	1532199	18336.852558851242
7680	181.26733	2.6328213	187.3487	177.13644	181.26733	2.6328213	187.3487	177.13644	167.12465	6.9690237	176.45741	156.62804	1536199	18385.32337474823
7700	180.18845	1.7427267	182.7674	175.95293	180.18845	1.7427267	182.7674	175.95293	162.84521	1.4715502	164.91605	160.17921	1540199	18433.66337800026
7720	180.52487	1.5336821	183.56631	177.89278	180.52487	1.5336821	183.56631	177.89278	170.07118	8.38101	188.05598	164.10318	1544199	18481.527154922485
7740	181.72452	2.6920264	189.34567	176.93437	181.72452	2.6920264	189.34567	176.93437	172.03114	1.1424154	174.02016	170.40253	1548199	18546.277126789093
7760	180.92722	1.738063	184.31339	177.25148	180.92722	1.738063	184.31339	177.25148	174.25185	2.5035067	177.59587	170.50783	1552199	18597.030759096146
7780	180.2559	2.073169	183.36084	174.4692	180.2559	2.073169	183.36084	174.4692	170.87996	4.081622	179.40959	166.41643	1556199	18645.996596336365
7800	181.45393	2.033788	184.1735	176.8334	181.45393	2.033788	184.1735	176.8334	173.65674	2.0425622	177.49353	171.44128	1560199	18694.75548005104
7820	180.9049	2.443015	187.48242	175.87329	180.9049	2.443015	187.48242	175.87329	174.00426	3.1260552	179.07828	169.84209	1564199	18755.786903858185
7840	181.4559	2.183099	184.60785	176.65439	181.4559	2.183099	184.60785	176.65439	178.43416	2.0109174	180.95625	174.38188	1568199	18834.322036504745
7860	180.42953	1.854631	185.05164	176.98848	180.42953	1.854631	185.05164	176.98848	177.82166	1.8356115	180.47182	174.27867	1572199	18882.78177547455
7880	180.47305	2.906587	184.9352	170.81685	180.47305	2.906587	184.9352	170.81685	165.55586	3.3202481	170.98903	159.76535	1576199	18931.575386047363
7900	180.64522	2.5608041	185.66211	175.12466	180.64522	2.5608041	185.66211	175.12466	162.42961	1.7126096	164.93195	159.9887	1580199	18980.258535146713
7920	180.289	2.3198528	184.91943	175.58868	180.289	2.3198528	184.91943	175.58868	171.0885	2.5648863	173.73978	166.04448	1584199	19028.035429239273
7940	180.28508	1.8579783	183.14644	175.91263	180.28508	1.8579783	183.14644	175.91263	168.5034	2.8179154	173.19206	163.6247	1588199	19076.757707357407
7960	179.91275	2.4892907	184.90405	175.09702	179.91275	2.4892907	184.90405	175.09702	170.93797	4.451619	180.18515	167.3201	1592199	19125.057933330536
7980	179.70517	2.8600388	184.20277	171.91092	179.70517	2.8600388	184.20277	171.91092	168.49312	7.404803	184.53583	162.58655	1596199	19173.51065516472
8000	181.54254	2.1060681	186.02931	177.24689	181.54254	2.1060681	186.02931	177.24689	175.26103	2.3829622	178.04694	171.26392	1600199	19222.267696380615
8020	179.63992	2.2082345	184.47629	176.13884	179.63992	2.2082345	184.47629	176.13884	171.33498	3.1362267	175.52397	167.22115	1604199	19271.3092713356
8040	180.50583	2.288861	185.83585	176.38092	180.50583	2.288861	185.83585	176.38092	169.61205	1.7861167	171.88693	166.76828	1608199	19325.89529776573
8060	182.23654	2.4972436	188.45078	177.48349	182.23654	2.4972436	188.45078	177.48349	173.2213	7.8263826	190.29692	167.622	1612199	19410.644169569016
8080	181.27934	1.7874155	184.44826	177.79785	181.27934	1.7874155	184.44826	177.79785	161.37791	2.6761084	166.096	157.58163	1616199	19459.595185518265
8100	181.26276	2.9510658	188.21404	175.49306	181.26276	2.9510658	188.21404	175.49306	171.12077	6.6475916	185.44293	165.98306	1620199	19508.741381406784
8120	180.36377	1.8960177	184.14885	176.86533	180.36377	1.8960177	184.14885	176.86533	164.09206	2.9888349	168.00107	158.83432	1624199	19556.772873401642
8140	180.25923	2.1014774	184.97879	177.41104	180.25923	2.1014774	184.97879	177.41104	173.73967	2.5429516	178.33163	169.87437	1628199	19606.276743650436
8160	180.91826	1.5547127	185.96085	179.36324	180.91826	1.5547127	185.96085	179.36324	171.22522	3.0858214	173.83145	164.94551	1632199	19654.250731229782
8180	181.40671	2.2436938	184.44104	174.89111	181.40671	2.2436938	184.44104	174.89111	178.59619	1.960022	181.52214	175.98943	1636199	19701.720870494843
8200	180.40555	3.6222868	185.32593	170.4013	180.40555	3.6222868	185.32593	170.4013	166.02156	2.163301	168.62404	162.36203	1640199	19748.25876045227
8220	180.6455	2.5868554	187.91943	177.69025	180.6455	2.5868554	187.91943	177.69025	174.24321	1.8269908	177.60942	171.91248	1644199	19795.70853114128
8240	179.66568	2.9115052	187.48575	173.37431	179.66568	2.9115052	187.48575	173.37431	167.18483	3.6324666	171.43896	159.71515	1648199	19842.818734645844
8260	180.88445	2.2967882	185.90851	174.72147	180.88445	2.2967882	185.90851	174.72147	167.92665	1.084894	169.86635	166.62976	1652199	19890.01917910576
8280	180.21213	1.9264817	183.6087	176.10571	180.21213	1.9264817	183.6087	176.10571	172.00194	1.2545358	173.86934	170.3827	1656199	19936.599596261978
8300	180.83612	3.543736	187.30713	171.60483	180.83612	3.543736	187.30713	171.60483	167.21281	1.3656635	169.17177	164.82893	1660199	19983.811732769012
8320	180.01602	1.4377522	183.22807	177.92316	180.01602	1.4377522	183.22807	177.92316	169.7032	1.9628046	173.39772	166.91174	1664199	20030.674830436707
8340	179.74435	2.7363	184.47507	173.76025	179.74435	2.7363	184.47507	173.76025	164.71986	9.0032015	174.79198	152.37616	1668199	20078.00607562065
8360	180.69214	3.0653005	187.43008	170.91591	180.69214	3.0653005	187.43008	170.91591	169.84544	1.8169677	172.33672	166.8673	1672199	20124.862060785294
8380	180.54439	2.3386555	186.3454	176.9005	180.54439	2.3386555	186.3454	176.9005	174.6259	2.2650378	177.64406	171.46759	1676199	20171.433746814728
8400	180.46774	2.7564483	188.72011	175.64308	180.46774	2.7564483	188.72011	175.64308	179.105	1.4288008	180.55153	176.10344	1680199	20217.935569286346
8420	180.89902	1.5372452	184.2117	178.74193	180.89902	1.5372452	184.2117	178.74193	173.02336	1.286206	174.60977	171.13354	1684199	20266.0219707489
8440	180.91225	1.3640447	183.0956	178.59955	180.91225	1.3640447	183.0956	178.59955	170.59766	7.4805074	177.77167	157.09933	1688199	20313.24325156212
8460	180.65459	2.6341999	187.68434	175.51991	180.65459	2.6341999	187.68434	175.51991	174.4823	0.8260451	176.00302	173.37048	1692199	20359.992921113968
8480	179.67636	4.322994	188.37114	164.95253	179.67636	4.322994	188.37114	164.95253	172.8661	1.8134882	176.55849	170.62796	1696199	20406.697502613068
8500	180.58583	3.3576162	186.64236	173.66649	180.58583	3.3576162	186.64236	173.66649	168.03648	1.3525059	169.45949	166.22261	1700199	20453.50497984886
8520	179.9716	2.4849877	184.39825	174.28813	179.9716	2.4849877	184.39825	174.28813	166.52338	1.1095362	168.38008	164.80733	1704199	20500.55277657509
8540	180.08249	3.7806928	188.60245	169.87393	180.08249	3.7806928	188.60245	169.87393	170.77528	1.4570272	172.974	168.08086	1708199	20547.90212059021
8560	180.37161	3.002009	186.54572	171.67514	180.37161	3.002009	186.54572	171.67514	167.09998	1.2885607	169.00963	164.87761	1712199	20595.0221452713
8580	180.90877	2.011552	184.34084	177.32182	180.90877	2.011552	184.34084	177.32182	169.61913	8.566757	179.66397	155.10611	1716199	20642.815382242203
8600	180.67265	2.6871426	183.78668	174.25835	180.67265	2.6871426	183.78668	174.25835	167.89616	2.3518226	171.58327	163.69337	1720199	20689.745716571808
8620	180.24399	2.1342988	183.01787	174.62505	180.24399	2.1342988	183.01787	174.62505	162.83995	1.5302962	165.52916	160.3091	1724199	20736.81153702736
8640	180.13661	2.1680508	184.80688	176.89165	180.13661	2.1680508	184.80688	176.89165	167.18872	0.9684548	168.56473	165.5869	1728199	20783.678156137466
8660	181.48495	2.4340382	187.2921	177.99802	181.48495	2.4340382	187.2921	177.99802	168.32957	4.0612383	175.43192	161.7945	1732199	20830.545648097992
8680	180.6412	2.7511294	187.10109	175.63927	180.6412	2.7511294	187.10109	175.63927	169.10457	8.369184	174.5607	150.88399	1736199	20877.817459344864
8700	179.83221	3.1863744	185.79129	171.69238	179.83221	3.1863744	185.79129	171.69238	165.71019	6.5946145	169.93022	151.2937	1740199	20926.15766310692
8720	179.64801	1.3941895	181.80443	176.63171	179.64801	1.3941895	181.80443	176.63171	158.79506	0.7827422	159.84935	157.59679	1744199	20973.741068840027
8740	179.84846	1.8117465	184.0522	176.36847	179.84846	1.8117465	184.0522	176.36847	172.01558	4.77785	182.45055	168.96463	1748199	21021.20774745941
8760	180.65599	2.8354464	186.94864	176.2931	180.65599	2.8354464	186.94864	176.2931	168.3097	1.2530407	170.5622	166.55673	1752199	21068.59837245941
8780	180.2554	3.2579744	185.61475	170.51506	180.2554	3.2579744	185.61475	170.51506	169.02702	1.3242812	170.4285	166.3724	1756199	21116.18069934845
8800	180.49036	3.5328493	184.7899	167.43744	180.49036	3.5328493	184.7899	167.43744	172.00291	1.1278943	174.11913	170.89882	1760199	21163.564980506897
8820	180.03847	2.6776686	186.58513	174.5023	180.03847	2.6776686	186.58513	174.5023	174.88219	2.8276472	179.81845	170.47438	1764199	21211.3446457386
8840	179.20828	2.136087	182.17273	174.71736	179.20828	2.136087	182.17273	174.71736	169.81317	1.3424954	171.78401	167.26979	1768199	21258.635528326035
8860	180.00336	2.4928753	184.47205	175.86655	180.00336	2.4928753	184.47205	175.86655	178.2765	4.9284763	184.85638	171.41864	1772199	21306.103131771088
8880	181.09479	1.8427739	184.95764	177.6142	181.09479	1.8427739	184.95764	177.6142	178.24336	3.1191745	182.14912	172.87581	1776199	21353.12343120575
8900	180.68803	2.9165347	186.45338	175.33751	180.68803	2.9165347	186.45338	175.33751	171.57697	2.8532588	174.47243	167.57283	1780199	21400.428765773773
8920	181.33194	2.451543	186.72395	177.77924	181.33194	2.451543	186.72395	177.77924	174.77602	1.0556959	176.06255	172.66606	1784199	21448.77367091179
8940	181.5073	2.5065122	187.25116	176.68588	181.5073	2.5065122	187.25116	176.68588	172.66034	2.092614	175.79242	169.4368	1788199	21496.54790520668
8960	181.69046	2.579595	188.68748	175.89993	181.69046	2.579595	188.68748	175.89993	175.77419	5.770266	182.13687	163.734	1792199	21544.454292297363
8980	180.4273	1.7351582	183.63493	175.95685	180.4273	1.7351582	183.63493	175.95685	156.27257	7.48066	167.09743	148.26161	1796199	21592.14852952957
9000	180.57469	2.396792	185.29315	175.7744	180.57469	2.396792	185.29315	175.7744	174.68584	4.4351263	180.69157	168.36511	1800199	21638.91748023033
9020	180.82698	1.7055136	184.3637	177.41377	180.82698	1.7055136	184.3637	177.41377	168.07298	0.37458298	168.76744	167.6402	1804199	21685.564524412155
9040	179.94272	1.6626359	183.76212	177.55351	179.94272	1.6626359	183.76212	177.55351	167.90242	1.6071216	170.78181	165.31786	1808199	21732.491137981415
9060	181.20285	2.4305115	188.134	177.64067	181.20285	2.4305115	188.134	177.64067	169.34412	1.625434	171.07675	166.21954	1812199	21779.80348801613
9080	180.9545	1.5607194	184.90968	178.29335	180.9545	1.5607194	184.90968	178.29335	164.94783	5.439393	169.91212	153.78772	1816199	21826.680230617523
9100	180.61203	2.9515555	186.92967	173.006	180.61203	2.9515555	186.92967	173.006	164.17607	1.176807	166.27597	162.57144	1820199	21873.184451580048
9120	181.05162	1.3846698	183.44319	177.62196	181.05162	1.3846698	183.44319	177.62196	178.4187	5.4770746	190.21606	174.44505	1824199	21920.291681051254
9140	181.10709	2.0989826	184.05902	175.95784	181.10709	2.0989826	184.05902	175.95784	171.67358	0.8519335	173.01845	170.3218	1828199	21968.196272850037
9160	180.9054	2.3465285	188.30331	177.25879	180.9054	2.3465285	188.30331	177.25879	165.14941	1.230739	166.63557	163.36081	1832199	22016.446009159088
9180	181.06201	2.7845318	187.90717	175.26042	181.06201	2.7845318	187.90717	175.26042	170.99097	0.5842514	171.84946	169.92436	1836199	22064.969986200333
9200	180.246	2.7006762	185.43115	174.88995	180.246	2.7006762	185.43115	174.88995	167.53688	5.4986753	174.31728	160.01608	1840199	22113.71183204651
9220	179.88525	2.2640653	184.28152	175.80934	179.88525	2.2640653	184.28152	175.80934	175.16487	1.735228	178.27867	172.98018	1844199	22176.880200624466
9240	180.56992	2.713553	186.33034	175.16449	180.56992	2.713553	186.33034	175.16449	169.24724	0.8104327	170.41345	167.93492	1848199	22253.177822351456
9260	180.70247	3.622534	186.98405	172.92615	180.70247	3.622534	186.98405	172.92615	177.97508	5.1741204	183.32207	167.07721	1852199	22301.653685092926
9280	180.58737	3.164961	187.17108	173.26953	180.58737	3.164961	187.17108	173.26953	174.20369	2.19142	178.81758	172.32018	1856199	22349.905059099197
9300	181.1021	1.8772632	184.59355	177.24004	181.1021	1.8772632	184.59355	177.24004	167.03197	3.1295292	170.57893	160.65591	1860199	22397.769598007202
9320	180.8297	3.0440924	186.60602	174.43144	180.8297	3.0440924	186.60602	174.43144	177.7788	1.1952887	179.56772	176.20381	1864199	22445.523622989655
9340	180.21756	2.038952	185.57036	177.10774	180.21756	2.038952	185.57036	177.10774	174.1461	0.8424332	175.68535	173.08981	1868199	22493.04675245285
9360	180.93475	3.1328056	187.12274	173.49437	180.93475	3.1328056	187.12274	173.49437	171.75386	1.5794815	173.66196	168.82932	1872199	22540.322642564774
9380	180.16629	1.702839	183.52084	177.02432	180.16629	1.702839	183.52084	177.02432	163.53697	1.895819	166.07019	160.41754	1876199	22587.80131173134
9400	179.5691	1.7974555	184.55402	176.38391	179.5691	1.7974555	184.55402	176.38391	175.1833	1.2298669	177.56421	173.8947	1880199	22634.78651380539
9420	180.22177	2.5932238	185.69313	175.37378	180.22177	2.5932238	185.69313	175.37378	177.6184	1.0864058	179.46805	175.89876	1884199	22682.14599299431
9440	178.63255	3.4318893	183.48639	167.68782	178.63255	3.4318893	183.48639	167.68782	165.75526	1.9261574	168.95259	162.61781	1888199	22730.18028140068
9460	180.27512	2.178592	184.33876	176.31883	180.27512	2.178592	184.33876	176.31883	173.93578	1.4544097	176.42393	172.23643	1892199	22778.08661055565
9480	180.23605	2.9910076	185.57388	175.14922	180.23605	2.9910076	185.57388	175.14922	178.71556	7.2497096	194.56276	174.23042	1896199	22826.072962999344
9500	180.94685	3.7032049	188.22493	168.03374	180.94685	3.7032049	188.22493	168.03374	166.48482	1.434463	168.18082	164.21144	1900199	22873.86781477928
9520	179.60454	2.621443	186.53363	175.95432	179.60454	2.621443	186.53363	175.95432	166.96523	8.078988	173.09775	149.38698	1904199	22921.772896051407
9540	180.97412	2.2958179	186.58481	175.29826	180.97412	2.2958179	186.58481	175.29826	174.86995	1.1330659	175.58789	172.39459	1908199	22970.304793596268
9560	180.53256	1.613211	184.31303	177.92062	180.53256	1.613211	184.31303	177.92062	171.95923	3.8301234	176.8535	164.23074	1912199	23018.501453638077
9580	180.86636	2.346815	185.37224	175.83734	180.86636	2.346815	185.37224	175.83734	169.38873	3.2271705	174.26715	164.29274	1916199	23065.4164583683
9600	180.47937	1.6930207	184.11372	177.53262	180.47937	1.6930207	184.11372	177.53262	171.15685	3.4535136	175.89914	166.16782	1920199	23112.611157655716
9620	180.00046	1.9940395	183.4163	176.30275	180.00046	1.9940395	183.4163	176.30275	169.90657	9.92005	191.58759	163.09496	1924199	23160.01394176483
9640	181.12411	2.32589	187.96547	176.96924	181.12411	2.32589	187.96547	176.96924	172.85529	4.051352	176.35248	164.19502	1928199	23207.18771147728
9660	180.50638	2.1112652	184.10043	175.67253	180.50638	2.1112652	184.10043	175.67253	168.96165	1.2069899	170.62035	167.458	1932199	23254.384764671326
9680	181.09921	2.6470163	186.49178	177.11143	181.09921	2.6470163	186.49178	177.11143	172.62434	6.5070624	186.25562	165.91603	1936199	23302.057121038437
9700	180.42145	2.4566324	185.56319	174.8797	180.42145	2.4566324	185.56319	174.8797	172.3554	11.49377	195.06807	156.23747	1940199	23349.3808658123
9720	179.80518	2.3599555	183.06065	174.91644	179.80518	2.3599555	183.06065	174.91644	169.29305	0.7513125	170.16751	167.80238	1944199	23397.158319473267
9740	181.22722	2.034551	185.34966	176.34087	181.22722	2.034551	185.34966	176.34087	174.7332	11.5143	192.64458	153.55649	1948199	23445.677121162415
9760	181.0129	2.1217833	185.01508	177.91351	181.0129	2.1217833	185.01508	177.91351	164.43787	2.104491	167.00362	161.10156	1952199	23494.574986219406
9780	179.87613	1.8695832	182.48158	174.95583	179.87613	1.8695832	182.48158	174.95583	171.09456	5.629847	182.81256	165.86836	1956199	23542.81942629814
9800	178.90446	1.8367116	181.26547	175.52728	178.90446	1.8367116	181.26547	175.52728	165.60478	2.4095042	167.81862	160.57822	1960199	23590.745053052902
9820	180.63705	1.4830571	184.52759	178.38065	180.63705	1.4830571	184.52759	178.38065	164.7016	2.1175525	167.09703	161.10718	1964199	23639.13784646988
9840	180.53767	2.1971526	184.30286	174.4517	180.53767	2.1971526	184.30286	174.4517	168.4398	7.264534	184.07596	161.77654	1968199	23687.02323269844
9860	179.75537	1.9038578	182.56374	175.04776	179.75537	1.9038578	182.56374	175.04776	168.73541	1.5764817	171.1877	166.0052	1972199	23734.896405935287
9880	179.9211	2.2782128	186.06677	175.2969	179.9211	2.2782128	186.06677	175.2969	161.64015	6.19596	167.0885	148.27098	1976199	23783.243901014328
9900	181.26495	2.006497	184.17146	176.77974	181.26495	2.006497	184.17146	176.77974	176.65562	2.0618372	180.21742	173.18333	1980199	23831.3008954525
9920	180.58675	2.1572306	184.59613	176.68245	180.58675	2.1572306	184.59613	176.68245	166.55022	2.1933982	170.94696	164.57141	1984199	23877.843532323837
9940	180.19518	2.798119	184.69777	175.03831	180.19518	2.798119	184.69777	175.03831	165.42854	5.727031	177.79239	161.44455	1988199	23925.27966094017
9960	179.86092	2.835502	184.03801	175.44226	179.86092	2.835502	184.03801	175.44226	171.82262	1.6332821	175.01654	169.6754	1992199	23980.400590658188
9980	181.20618	1.9063952	185.03714	176.55457	181.20618	1.9063952	185.03714	176.55457	169.77089	0.9372969	170.95753	167.90486	1996199	24059.9631459713
10000	180.66174	2.4374397	184.7669	174.28786	180.66174	2.4374397	184.7669	174.28786	171.06854	1.5384456	173.04767	168.3388	2000199	24106.601408958435
