Epoch	EpRet	EpRealRet	TestEpRet	AverageQ1	StdQ1	MaxQ1	MinQ1	Q2	TestSuccess	TotalEnvInteracts	TotalTime
0	-46.3	-46.3	-45.0	-1.1871608	2.0983112	0.7623465	-27.840948	-1.1886221	0.1	2500	60.70229482650757
1	-41.0	-41.0	-45.0	-2.2114434	4.267776	2.0877888	-25.8656	-2.210557	0.1	5000	115.31486749649048
2	-42.72	-42.72	-50.0	-3.0680554	6.384363	0.68350625	-39.9869	-3.068523	0.0	7500	171.49051666259766
3	-47.0	-47.0	-50.0	-3.9021075	8.240005	0.78379554	-46.336285	-3.9020848	0.0	10000	227.3979935646057
4	-47.56	-47.56	-50.0	-4.667717	9.829304	1.2797517	-48.499268	-4.6682935	0.0	12500	296.4552114009857
5	-46.0	-46.0	-45.0	-5.3734612	11.275771	1.2724314	-54.74985	-5.3734536	0.1	15000	373.67316246032715
6	-46.0	-46.0	-50.0	-5.909546	12.460275	1.2770368	-64.480736	-5.9100633	0.0	17500	448.98076272010803
7	-49.0	-49.0	-50.0	-6.357992	13.408274	1.3722036	-53.35454	-6.3590026	0.0	20000	523.6879887580872
8	-43.76	-43.76	-45.0	-6.744747	14.209937	1.8884583	-55.32881	-6.7443485	0.1	22500	596.7382156848907
9	-46.0	-46.0	-50.0	-6.9807343	14.809001	1.7936294	-56.444588	-6.9811926	0.0	25000	672.3420622348785
10	-48.0	-48.0	-50.0	-7.222782	15.3377075	6.642884	-56.478916	-7.224247	0.0	27500	746.5611944198608
11	-43.0	-43.0	-40.0	-7.5559807	15.946313	1.7125151	-56.717518	-7.5548882	0.2	30000	820.7921199798584
12	-46.04	-46.04	-50.0	-7.8011966	16.46418	3.312448	-58.272133	-7.801123	0.0	32500	895.0918891429901
13	-48.0	-48.0	-50.0	-8.007216	16.87124	4.9956293	-63.23297	-8.0078745	0.0	35000	969.4137306213379
14	-47.0	-47.0	-45.0	-8.242231	17.24021	2.620742	-59.29504	-8.243002	0.1	37500	1043.112447977066
15	-44.0	-44.0	-45.0	-8.38785	17.48345	7.800567	-58.38182	-8.387391	0.1	40000	1116.0719275474548
16	-46.0	-46.0	-40.0	-8.394115	17.5535	3.718751	-60.47786	-8.393258	0.2	42500	1187.799596786499
17	-48.0	-48.0	-45.0	-8.438163	17.633953	4.1323996	-60.228683	-8.437539	0.1	45000	1261.0794467926025
18	-45.08	-45.08	-50.0	-8.4962225	17.694035	3.14012	-66.970146	-8.4964285	0.0	47500	1331.8657393455505
19	-47.0	-47.0	-50.0	-8.609687	17.838297	2.0928614	-55.86317	-8.608402	0.0	50000	1404.3484184741974
20	-46.0	-46.0	-45.0	-8.670705	17.937775	2.5687635	-62.757877	-8.671718	0.1	52500	1476.2342257499695
21	-48.58	-48.58	-45.0	-8.790928	18.099682	4.3908033	-64.02195	-8.791823	0.1	55000	1547.967199087143
22	-48.0	-48.0	-45.0	-8.805638	18.178366	3.3982177	-64.34158	-8.806351	0.1	57500	1618.7417080402374
23	-47.0	-47.0	-40.0	-8.836006	18.252522	3.0623155	-58.364548	-8.834832	0.2	60000	1689.0206570625305
24	-46.7	-46.7	-50.0	-8.963533	18.426472	4.46859	-67.00591	-8.963947	0.0	62500	1760.4089546203613
25	-44.84	-44.84	-45.0	-8.96526	18.473436	3.0537338	-63.370922	-8.964951	0.1	65000	1832.1056306362152
26	-47.0	-47.0	-45.0	-9.054034	18.577429	2.746798	-58.088413	-9.053305	0.1	67500	1904.5775847434998
27	-47.0	-47.0	-50.0	-9.074866	18.5824	2.5638237	-60.51078	-9.075462	0.0	70000	1975.5859079360962
28	-46.0	-46.0	-50.0	-9.015495	18.528732	2.857551	-59.580864	-9.013734	0.0	72500	2048.686285972595
29	-50.0	-50.0	-35.2	-9.063725	18.579838	4.873472	-58.833977	-9.064694	0.3	75000	2120.019902944565
30	-45.76	-45.76	-40.0	-9.0863085	18.59666	2.9067707	-60.702915	-9.086622	0.2	77500	2191.251676082611
31	-47.0	-47.0	-45.0	-9.071825	18.59667	4.0019984	-57.290604	-9.072596	0.1	80000	2262.9323115348816
32	-45.0	-45.0	-50.0	-9.052936	18.598906	3.320537	-58.11108	-9.053085	0.0	82500	2334.2027225494385
33	-47.0	-47.0	-50.0	-9.077157	18.608902	5.1661634	-62.355083	-9.0762615	0.0	85000	2405.4607796669006
34	-48.0	-48.0	-45.0	-9.115904	18.641598	3.2925506	-66.83357	-9.115339	0.1	87500	2474.683345079422
35	-47.0	-47.0	-45.0	-9.116699	18.640827	7.291641	-57.342896	-9.11465	0.1	90000	2547.6716442108154
36	-47.0	-47.0	-45.0	-9.107415	18.631836	3.5444345	-65.784424	-9.106969	0.1	92500	2618.8664252758026
37	-47.86	-47.86	-50.0	-9.208342	18.726994	4.00841	-59.62064	-9.207361	0.0	95000	2689.0858087539673
38	-48.56	-48.56	-40.0	-9.262402	18.791567	4.29753	-57.659206	-9.263966	0.2	97500	2762.199887752533
39	-45.14	-45.14	-50.0	-9.206997	18.733307	2.6830916	-60.21555	-9.206934	0.0	100000	2833.3869409561157
40	-48.0	-48.0	-50.0	-9.223966	18.727661	2.4543347	-60.74978	-9.224505	0.0	102500	2907.644637107849
41	-47.0	-47.0	-39.8	-9.249966	18.744604	4.5532694	-61.342793	-9.250025	0.2	105000	2978.602437019348
42	-47.62	-47.62	-50.0	-9.1559925	18.670218	3.5618744	-64.2577	-9.156417	0.0	107500	3051.2414412498474
43	-47.9	-47.9	-40.0	-9.211628	18.73593	3.6804347	-61.121418	-9.2116995	0.2	110000	3121.4638257026672
44	-44.0	-44.0	-50.0	-9.187241	18.714146	4.191999	-62.202724	-9.186499	0.0	112500	3191.5980677604675
45	-47.0	-47.0	-50.0	-9.171317	18.693699	6.865914	-62.079582	-9.171926	0.0	115000	3263.29851603508
46	-47.06	-47.06	-45.0	-9.164225	18.674162	3.8111129	-57.095184	-9.165524	0.1	117500	3331.94127035141
47	-47.0	-47.0	-50.0	-9.022645	18.470705	3.8119562	-58.591103	-9.022531	0.0	120000	3403.399513244629
48	-47.26	-47.26	-45.0	-9.011924	18.367569	3.7556183	-70.446304	-9.011309	0.1	122500	3472.4200241565704
49	-46.0	-46.0	-50.0	-9.049476	18.385183	4.1897817	-57.416203	-9.048938	0.0	125000	3543.123819589615
50	-47.94	-47.94	-45.0	-9.134843	18.509478	4.30912	-64.67954	-9.135183	0.1	127500	3613.3919246196747
51	-47.32	-47.32	-50.0	-9.195417	18.60083	4.8925943	-58.24649	-9.194406	0.0	130000	3682.57031583786
52	-48.0	-48.0	-40.399998	-9.172423	18.633244	5.5694423	-59.781136	-9.174221	0.2	132500	3752.1207258701324
53	-48.14	-48.14	-45.0	-9.145011	18.650019	3.2635708	-62.17553	-9.145974	0.1	135000	3821.2600960731506
54	-46.68	-46.68	-45.0	-9.2723055	18.775654	3.7511938	-65.27952	-9.271746	0.1	137500	3893.9686477184296
55	-49.0	-49.0	-45.0	-9.255004	18.7811	3.4596322	-67.95275	-9.2549305	0.1	140000	3962.13543510437
56	-46.38	-46.38	-46.5	-9.215658	18.742811	3.6554608	-58.48788	-9.215832	0.1	142500	4032.6695861816406
57	-47.9	-47.9	-50.0	-9.2928295	18.811905	5.3081527	-59.869087	-9.292286	0.0	145000	4103.858135223389
58	-47.86	-47.86	-50.0	-9.2721195	18.811653	5.5631742	-60.19505	-9.272474	0.0	147500	4175.097116231918
59	-47.0	-47.0	-44.100002	-9.332995	18.878109	7.059695	-62.114834	-9.334017	0.1	150000	4244.199944257736
60	-48.0	-48.0	-50.0	-9.3370075	18.88478	5.5308814	-59.302216	-9.336412	0.0	152500	4312.389278650284
61	-46.0	-46.0	-40.0	-9.357085	18.9007	3.5223603	-59.54336	-9.356919	0.2	155000	4381.54306602478
62	-46.14	-46.14	-45.0	-9.34784	18.903542	4.0146174	-63.642315	-9.346219	0.1	157500	4450.448929309845
63	-46.0	-46.0	-50.0	-9.374701	18.940388	3.8359342	-57.62451	-9.374466	0.0	160000	4520.3567616939545
64	-44.7	-44.7	-50.0	-9.347218	18.914412	5.248266	-60.591274	-9.346849	0.0	162500	4590.4884152412415
65	-46.0	-46.0	-50.0	-9.35168	18.919552	3.3471804	-59.772385	-9.351328	0.0	165000	4661.040667057037
66	-48.0	-48.0	-50.0	-9.318369	18.882084	4.252307	-60.978477	-9.317829	0.0	167500	4729.614022016525
67	-44.74	-44.74	-40.0	-9.352041	18.92165	5.082076	-59.412067	-9.352706	0.2	170000	4800.210807561874
68	-45.4	-45.4	-45.0	-9.38785	18.96186	3.840735	-65.849365	-9.388311	0.1	172500	4869.749153852463
69	-49.0	-49.0	-50.0	-9.341904	18.924292	4.212222	-61.6239	-9.343761	0.0	175000	4939.544237136841
70	-46.0	-46.0	-45.0	-9.360187	18.941534	5.8445334	-60.339806	-9.360133	0.1	177500	5010.328263044357
71	-46.64	-46.64	-45.0	-9.388693	18.962029	4.216546	-61.62699	-9.388351	0.1	180000	5078.70024228096
72	-47.0	-47.0	-50.0	-9.496834	19.041887	3.3510041	-62.855507	-9.49601	0.0	182500	5146.68111538887
73	-46.02	-46.02	-40.0	-9.341712	18.90022	4.5913324	-69.038345	-9.341924	0.2	185000	5215.189689159393
74	-48.0	-48.0	-45.0	-9.352345	18.89209	4.9280167	-60.455246	-9.351822	0.1	187500	5283.776580572128
75	-47.6	-47.6	-50.0	-9.323467	18.863752	3.3067124	-56.855225	-9.323615	0.0	190000	5351.6431357860565
76	-46.0	-46.0	-50.0	-9.424557	18.9561	3.8804092	-60.13395	-9.424849	0.0	192500	5418.5507571697235
77	-47.0	-47.0	-45.0	-9.346866	18.889685	4.1157303	-62.50962	-9.346695	0.1	195000	5486.826009273529
78	-45.44	-45.44	-45.0	-9.347965	18.892029	4.295746	-62.073265	-9.348044	0.1	197500	5553.588534355164
79	-45.0	-45.0	-50.0	-9.37819	18.921663	7.765933	-59.385136	-9.378445	0.0	200000	5621.678928613663
80	-48.6	-48.6	-50.0	-9.346426	18.909588	4.802136	-62.172253	-9.346039	0.0	202500	5687.990315914154
81	-48.0	-48.0	-50.0	-9.435884	18.994843	6.7404103	-56.72979	-9.435233	0.0	205000	5755.137045383453
82	-45.0	-45.0	-50.0	-9.391302	18.968863	3.179206	-61.774536	-9.392147	0.0	207500	5822.853941440582
83	-45.56	-45.56	-50.0	-9.361935	18.94285	1.1526579	-59.09539	-9.361084	0.0	210000	5891.286793470383
84	-46.18	-46.18	-45.0	-9.317807	18.911896	1.1930531	-59.010963	-9.317563	0.1	212500	5957.89797949791
85	-45.86	-45.86	-50.0	-9.357505	18.940636	1.7751524	-57.767483	-9.356804	0.0	215000	6024.897552251816
86	-45.76	-45.76	-50.0	-9.349496	18.915077	2.0645099	-58.76828	-9.349619	0.0	217500	6093.196277141571
87	-48.58	-48.58	-45.0	-9.463269	19.009485	2.1367798	-57.571392	-9.462595	0.1	220000	6159.397596120834
88	-45.82	-45.82	-40.0	-9.473782	19.019762	0.92615545	-58.597137	-9.473078	0.2	222500	6228.74555683136
89	-49.24	-49.24	-40.0	-9.39588	18.952631	1.0598539	-57.17616	-9.395142	0.2	225000	6295.1258499622345
90	-46.38	-46.38	-45.0	-9.442855	18.977789	0.9283278	-60.842186	-9.44025	0.1	227500	6362.356194496155
91	-47.34	-47.34	-44.899998	-9.400612	18.94716	1.2740898	-58.50592	-9.401179	0.1	230000	6428.422085285187
92	-46.64	-46.64	-50.0	-9.386474	18.940083	2.451891	-60.29942	-9.386465	0.0	232500	6496.974186658859
93	-45.0	-45.0	-40.7	-9.3575535	18.925926	1.7200258	-57.160934	-9.35716	0.2	235000	6563.864031791687
94	-45.98	-45.98	-50.0	-9.466646	19.017847	1.2904178	-69.518654	-9.466613	0.0	237500	6631.227793455124
95	-47.94	-47.94	-50.0	-9.343394	18.913465	1.895188	-59.067413	-9.343935	0.0	240000	6696.844919681549
96	-46.0	-46.0	-45.0	-9.3995695	18.963158	2.0367525	-74.651505	-9.398745	0.1	242500	6763.023535013199
97	-47.48	-47.48	-45.0	-9.45562	18.992815	1.4814752	-61.493256	-9.455307	0.1	245000	6831.250625610352
98	-45.46	-45.46	-50.0	-9.318998	18.882116	0.9809053	-64.64523	-9.320083	0.0	247500	6897.217456817627
99	-47.32	-47.32	-40.5	-9.4052	18.93504	1.3728608	-75.78438	-9.404727	0.2	250000	6967.171147346497
100	-47.0	-47.0	-50.0	-9.254064	18.808277	1.4051182	-56.37301	-9.25552	0.0	252500	7034.273072719574
101	-47.66	-47.66	-50.0	-9.3732195	18.902319	1.1556157	-66.811264	-9.372988	0.0	255000	7101.872941493988
102	-45.62	-45.62	-45.0	-9.390307	18.929878	1.5396571	-59.862118	-9.391471	0.1	257500	7169.074137687683
103	-48.0	-48.0	-50.0	-9.401888	18.937574	1.4640111	-57.09075	-9.402517	0.0	260000	7237.110129594803
104	-45.8	-45.8	-45.0	-9.349627	18.902174	2.613555	-58.684258	-9.349594	0.1	262500	7306.856230974197
105	-44.44	-44.44	-43.399998	-9.372321	18.908756	1.3980423	-60.143494	-9.372008	0.2	265000	7374.003279924393
106	-49.0	-49.0	-45.0	-9.387372	18.92915	1.5879623	-66.4596	-9.387526	0.1	267500	7442.750341653824
107	-45.0	-45.0	-35.7	-9.3581915	18.912273	5.128072	-56.8896	-9.358543	0.3	270000	7510.94597196579
108	-45.0	-45.0	-50.0	-9.3479595	18.914467	0.7711849	-59.20985	-9.347347	0.0	272500	7579.515384197235
109	-45.3	-45.3	-50.0	-9.351725	18.922974	7.237168	-60.718582	-9.351248	0.0	275000	7646.8735954761505
110	-46.16	-46.16	-50.0	-9.3387575	18.894983	0.7620313	-62.041286	-9.338989	0.0	277500	7715.460029840469
111	-46.0	-46.0	-45.0	-9.3531275	18.902922	2.5541296	-67.73823	-9.353084	0.1	280000	7785.948856830597
112	-50.0	-50.0	-50.0	-9.3251705	18.880123	1.088814	-58.950485	-9.324625	0.0	282500	7851.917460441589
113	-47.9	-47.9	-50.0	-9.374018	18.920572	0.7306318	-70.750465	-9.373811	0.0	285000	7919.76585650444
114	-47.14	-47.14	-45.0	-9.351372	18.889029	1.2203572	-59.65083	-9.352348	0.1	287500	7987.439211845398
115	-47.1	-47.1	-50.0	-9.334825	18.867062	2.0241916	-59.5074	-9.334694	0.0	290000	8055.655839920044
116	-49.0	-49.0	-50.0	-9.248223	18.799904	1.1771736	-57.128735	-9.247414	0.0	292500	8122.788049459457
117	-47.0	-47.0	-50.0	-9.280197	18.815536	1.0987716	-56.809937	-9.279199	0.0	295000	8190.178880214691
118	-47.1	-47.1	-45.0	-9.267248	18.786043	4.2658	-56.830025	-9.267439	0.1	297500	8256.245638132095
119	-45.34	-45.34	-45.0	-9.259418	18.778173	1.0012574	-56.238136	-9.259128	0.1	300000	8322.997771501541
120	-45.16	-45.16	-40.0	-9.263426	18.777464	0.81416607	-58.257385	-9.264326	0.2	302500	8390.408117771149
121	-49.04	-49.04	-45.0	-9.359045	18.86103	7.410054	-59.24563	-9.358875	0.1	305000	8456.728126764297
122	-46.12	-46.12	-45.0	-9.379936	18.896034	3.0908277	-60.9025	-9.380327	0.1	307500	8523.304033756256
123	-44.0	-44.0	-50.0	-9.332531	18.85498	3.1113725	-58.95659	-9.3331995	0.0	310000	8590.665586471558
124	-48.0	-48.0	-45.0	-9.318223	18.814344	1.3503029	-58.861824	-9.317547	0.1	312500	8658.955116987228
125	-43.18	-43.18	-41.3	-9.330214	18.8255	4.371764	-59.916508	-9.329695	0.2	315000	8724.316772699356
126	-46.76	-46.76	-50.0	-9.305306	18.783957	2.3177652	-58.15431	-9.306595	0.0	317500	8792.218787193298
127	-45.28	-45.28	-45.0	-9.269214	18.746923	3.0676088	-60.692974	-9.26918	0.1	320000	8860.285949230194
128	-48.0	-48.0	-50.0	-9.301635	18.758095	2.2848842	-59.6602	-9.301289	0.0	322500	8927.152398586273
129	-45.8	-45.8	-45.0	-9.298507	18.732464	2.221892	-68.333405	-9.298422	0.1	325000	8994.242753982544
130	-46.76	-46.76	-45.0	-9.20713	18.64589	3.9072134	-56.860302	-9.207721	0.1	327500	9060.756932020187
131	-45.42	-45.42	-45.0	-9.218865	18.650063	1.9735992	-57.27399	-9.21862	0.1	330000	9129.878381967545
132	-42.64	-42.64	-50.0	-9.192229	18.638391	1.7011967	-57.37383	-9.1927	0.0	332500	9197.391921758652
133	-42.14	-42.14	-50.0	-9.254593	18.67704	1.604696	-59.893444	-9.254502	0.0	335000	9264.68255519867
134	-46.36	-46.36	-50.0	-9.270534	18.695265	1.9839787	-58.745876	-9.271837	0.0	337500	9332.486147642136
135	-45.14	-45.14	-40.7	-9.215094	18.646685	1.1865985	-63.963936	-9.21524	0.2	340000	9399.890447854996
136	-44.0	-44.0	-45.0	-9.188131	18.628975	1.441139	-57.739456	-9.188907	0.1	342500	9466.36944270134
137	-46.86	-46.86	-50.0	-9.246122	18.653408	1.7318096	-60.858307	-9.247151	0.0	345000	9532.35155415535
138	-48.82	-48.82	-50.0	-9.192181	18.621195	1.3100526	-55.44398	-9.191767	0.0	347500	9599.007457017899
139	-47.0	-47.0	-40.0	-9.2380295	18.668571	1.8137279	-57.157604	-9.23777	0.2	350000	9664.684211969376
140	-45.82	-45.82	-45.600002	-9.234697	18.633823	2.0363972	-62.75114	-9.23491	0.1	352500	9736.308718681335
141	-45.0	-45.0	-46.5	-9.115089	18.497887	1.5988009	-64.48887	-9.115045	0.1	355000	9802.517192363739
142	-48.0	-48.0	-40.0	-9.105988	18.492935	1.3939445	-76.497574	-9.105924	0.2	357500	9869.9351811409
143	-43.4	-43.4	-50.0	-9.247867	18.619648	2.5535471	-58.37349	-9.247807	0.0	360000	9937.07554936409
144	-46.98	-46.98	-50.0	-9.216531	18.607445	1.6570725	-61.861614	-9.217526	0.0	362500	10004.80542588234
145	-47.78	-47.78	-40.0	-9.202833	18.608854	4.727496	-56.225143	-9.20329	0.2	365000	10071.833859205246
146	-46.0	-46.0	-50.0	-9.290314	18.695274	1.9440007	-55.34086	-9.290514	0.0	367500	10138.571063280106
147	-47.0	-47.0	-50.0	-9.242328	18.648565	1.104006	-60.437782	-9.241176	0.0	370000	10207.609893798828
148	-45.22	-45.22	-50.0	-9.294692	18.70089	1.4370346	-55.40554	-9.295025	0.0	372500	10273.503261566162
149	-47.58	-47.58	-49.5	-9.244804	18.668343	2.805697	-55.494926	-9.244773	0.0	375000	10342.442514419556
150	-43.0	-43.0	-40.0	-9.229843	18.669119	2.6235344	-64.21655	-9.2315445	0.2	377500	10407.524376869202
151	-46.92	-46.92	-49.7	-9.172028	18.601007	1.2948377	-63.014397	-9.173009	0.1	380000	10475.198786735535
152	-46.94	-46.94	-41.7	-9.172022	18.588932	1.1328516	-57.75605	-9.172551	0.2	382500	10541.934212446213
153	-43.5	-43.5	-50.0	-9.220188	18.627636	1.5651562	-59.623955	-9.220477	0.0	385000	10609.606209039688
154	-46.6	-46.6	-50.0	-9.158769	18.56548	2.5759532	-58.246063	-9.158541	0.0	387500	10676.148373365402
155	-43.14	-43.14	-49.8	-9.093655	18.488419	4.658034	-58.290855	-9.093927	0.0	390000	10743.797294855118
156	-48.12	-48.12	-40.899998	-9.131999	18.502483	1.6908119	-58.100643	-9.130643	0.2	392500	10813.036636829376
157	-45.44	-45.44	-45.0	-9.033047	18.389885	2.7131162	-62.789948	-9.03393	0.1	395000	10880.760672092438
158	-45.48	-45.48	-45.0	-9.111038	18.484964	1.4047356	-58.778233	-9.110158	0.1	397500	10950.262127876282
159	-47.54	-47.54	-48.2	-9.072806	18.459637	1.0835311	-59.19131	-9.072995	0.1	400000	11016.823684692383
160	-47.22	-47.22	-41.3	-9.121391	18.503586	1.5626957	-60.590267	-9.121278	0.2	402500	11083.984171628952
161	-47.42	-47.42	-40.0	-9.2006035	18.550272	2.3357038	-58.982136	-9.2003975	0.2	405000	11150.21356844902
162	-45.26	-45.26	-45.0	-9.131797	18.478506	2.1960156	-61.282604	-9.132192	0.1	407500	11217.942106246948
163	-45.88	-45.88	-40.0	-9.065291	18.405838	1.970489	-56.187317	-9.065412	0.2	410000	11284.21167397499
164	-48.96	-48.96	-40.0	-9.034802	18.368021	1.5865021	-57.078114	-9.03693	0.2	412500	11351.330237150192
165	-48.0	-48.0	-50.0	-9.185143	18.52086	2.120737	-61.916595	-9.1845875	0.0	415000	11419.24467253685
166	-44.06	-44.06	-49.6	-9.140022	18.496492	2.449909	-58.833725	-9.140018	0.0	417500	11485.743813037872
167	-46.48	-46.48	-40.0	-9.092541	18.43564	1.7606027	-56.830387	-9.092261	0.2	420000	11554.282393217087
168	-44.6	-44.6	-50.0	-9.002366	18.322395	1.9614389	-57.955215	-9.003331	0.0	422500	11621.34667634964
169	-45.72	-45.72	-46.2	-8.9782505	18.283863	3.0371373	-57.912243	-8.978011	0.1	425000	11688.848990440369
170	-45.84	-45.84	-40.0	-8.964445	18.254938	2.165697	-59.19618	-8.966127	0.2	427500	11755.482476949692
171	-44.14	-44.14	-50.0	-8.960055	18.249731	3.7260363	-58.861565	-8.961618	0.0	430000	11824.845426559448
172	-47.18	-47.18	-41.100002	-8.983262	18.247768	2.484452	-57.623055	-8.982534	0.2	432500	11893.07129240036
173	-45.76	-45.76	-50.0	-8.926468	18.141617	3.0410671	-58.674694	-8.924718	0.0	435000	11960.949303150177
174	-43.88	-43.88	-45.0	-8.711295	17.824818	2.4334166	-60.17508	-8.712242	0.1	437500	12030.030769586563
175	-42.42	-42.42	-50.0	-8.687781	17.677973	1.2582297	-59.257595	-8.68807	0.0	440000	12096.867906093597
176	-46.08	-46.08	-45.0	-8.731307	17.690022	1.1082051	-57.079166	-8.730557	0.1	442500	12167.323993682861
177	-42.98	-42.98	-40.0	-8.746348	17.766205	1.4871557	-59.29947	-8.747799	0.2	445000	12233.198586940765
178	-48.0	-48.0	-50.0	-8.819439	17.902912	1.9433398	-57.552986	-8.819642	0.0	447500	12301.695754528046
179	-48.42	-48.42	-50.0	-8.884144	18.01816	1.3080704	-58.483444	-8.885363	0.0	450000	12368.267285585403
180	-44.18	-44.18	-45.8	-9.050277	18.218048	1.743406	-61.76917	-9.050104	0.1	452500	12434.990124225616
181	-48.44	-48.44	-41.0	-8.9843645	18.197199	13.344526	-60.593277	-8.984081	0.2	455000	12504.012177705765
182	-44.52	-44.52	-50.0	-9.002514	18.216648	1.6999485	-64.8805	-9.003257	0.0	457500	12572.977426290512
183	-41.72	-41.72	-46.399998	-8.985035	18.186209	4.022563	-58.354546	-8.985453	0.1	460000	12640.701233148575
184	-46.94	-46.94	-50.0	-9.068672	18.234896	5.506525	-62.391357	-9.069971	0.0	462500	12708.846738100052
185	-42.94	-42.94	-50.0	-8.980585	18.157524	6.6645737	-64.35413	-8.97956	0.0	465000	12775.585681200027
186	-46.0	-46.0	-41.0	-8.987409	18.168625	1.5920289	-61.949306	-8.987006	0.2	467500	12841.958589076996
187	-47.64	-47.64	-50.0	-8.978225	18.145908	1.9428089	-61.62573	-8.978918	0.0	470000	12911.528595685959
188	-44.62	-44.62	-46.5	-9.0684395	18.22426	1.3901739	-61.795437	-9.069021	0.1	472500	12977.613161563873
189	-45.46	-45.46	-40.899998	-8.949924	18.116695	2.8384686	-72.563095	-8.948775	0.2	475000	13043.664311647415
190	-43.2	-43.2	-45.399998	-9.002965	18.140577	1.3285222	-60.266365	-9.002726	0.1	477500	13111.770306825638
191	-45.22	-45.22	-45.0	-8.978303	18.123785	1.9504278	-60.963543	-8.978068	0.1	480000	13179.358828783035
192	-44.42	-44.42	-45.2	-8.934736	18.046785	1.3653171	-60.482742	-8.934565	0.1	482500	13246.301975488663
193	-45.22	-45.22	-41.0	-8.897313	17.97344	6.6237407	-61.799316	-8.897763	0.2	485000	13311.368160486221
194	-45.54	-45.54	-44.8	-8.863816	17.913557	3.8341346	-61.402752	-8.862989	0.1	487500	13380.491074323654
195	-47.3	-47.3	-44.2	-8.83804	17.845451	2.8744614	-64.88237	-8.8375	0.1	490000	13447.690180063248
196	-48.48	-48.48	-45.0	-8.789434	17.725893	2.6603465	-66.30266	-8.790941	0.1	492500	13516.02929520607
197	-44.32	-44.32	-45.0	-8.802915	17.693	5.642563	-64.40571	-8.8014	0.1	495000	13583.61616897583
198	-45.02	-45.02	-30.0	-8.769315	17.61254	2.9233818	-57.909386	-8.768818	0.4	497500	13648.748550415039
199	-46.32	-46.32	-42.600002	-8.750699	17.577703	1.8320534	-60.38552	-8.750835	0.2	500000	13717.377370595932
200	-47.96	-47.96	-50.0	-8.773239	17.539894	3.2741158	-69.94949	-8.774826	0.0	502500	13785.921634674072
201	-45.62	-45.62	-45.7	-8.731346	17.530273	3.7126646	-58.13509	-8.732429	0.1	505000	13855.195168733597
202	-45.88	-45.88	-48.4	-8.7359495	17.520607	4.8672643	-61.436512	-8.734916	0.1	507500	13922.013270139694
203	-47.74	-47.74	-46.6	-8.760055	17.497234	3.1241164	-65.14982	-8.759003	0.1	510000	13990.612220048904
204	-48.04	-48.04	-44.2	-8.6642065	17.367619	2.4830394	-60.699226	-8.66372	0.2	512500	14058.661073684692
205	-46.84	-46.84	-46.3	-8.651695	17.329195	2.3651724	-60.272186	-8.649863	0.1	515000	14125.403731584549
206	-42.84	-42.84	-46.100002	-8.593062	17.21222	4.9071374	-57.53718	-8.591801	0.1	517500	14192.257075309753
207	-45.96	-45.96	-44.600002	-8.559834	17.10374	3.3783722	-68.029366	-8.559098	0.1	520000	14259.893633365631
208	-45.1	-45.1	-41.399998	-8.499466	16.99159	2.5477982	-58.76028	-8.5002775	0.2	522500	14327.53881263733
209	-42.38	-42.38	-47.9	-8.544961	16.994396	3.5312605	-60.914993	-8.545923	0.1	525000	14394.439318180084
210	-43.44	-43.44	-45.0	-8.510774	16.943155	2.538353	-63.85133	-8.510201	0.1	527500	14463.557793855667
211	-41.64	-41.64	-35.0	-8.364537	16.723585	2.7322612	-59.669125	-8.365116	0.3	530000	14531.479266166687
212	-45.22	-45.22	-44.7	-8.361939	16.668928	1.9349	-61.992287	-8.363181	0.2	532500	14599.810701847076
213	-47.34	-47.34	-45.3	-8.419387	16.704323	5.6657743	-62.4821	-8.41823	0.2	535000	14667.908914327621
214	-44.9	-44.9	-43.0	-8.429312	16.738176	1.9570696	-59.692753	-8.429434	0.2	537500	14736.398701429367
215	-41.36	-41.36	-30.3	-8.440867	16.775167	4.823816	-64.46556	-8.439876	0.4	540000	14804.856636762619
216	-43.4	-43.4	-45.0	-8.486516	16.810335	1.9915743	-64.42872	-8.486895	0.1	542500	14873.167745113373
217	-44.66	-44.66	-41.7	-8.480929	16.780054	2.654347	-65.581055	-8.481021	0.2	545000	14941.294966936111
218	-46.18	-46.18	-41.8	-8.444601	16.727467	2.1950428	-57.98149	-8.44495	0.2	547500	15009.65694284439
219	-43.42	-43.42	-48.0	-8.359187	16.53206	2.8094099	-62.372387	-8.3586445	0.1	550000	15076.719424724579
220	-40.58	-40.58	-33.8	-8.355393	16.429234	2.3581707	-61.68756	-8.3557005	0.4	552500	15144.928662538528
221	-41.04	-41.04	-46.2	-8.380872	16.426758	2.5123816	-58.76072	-8.382052	0.1	555000	15210.388446569443
222	-45.08	-45.08	-37.899998	-8.290225	16.320862	1.7924185	-63.064903	-8.290321	0.3	557500	15278.720933437347
223	-43.96	-43.96	-38.899998	-8.31754	16.293898	2.3674715	-68.350044	-8.318627	0.3	560000	15345.601922750473
224	-41.74	-41.74	-43.899998	-8.214366	16.145006	1.8704443	-61.065872	-8.214394	0.2	562500	15415.111685276031
225	-40.06	-40.06	-45.0	-8.19537	16.093897	5.903944	-62.635525	-8.1982765	0.1	565000	15481.481887102127
226	-40.32	-40.32	-40.0	-8.216516	16.061363	3.534345	-60.510334	-8.215295	0.2	567500	15550.278642177582
227	-44.08	-44.08	-45.600002	-8.154711	15.897797	4.220858	-61.662086	-8.155265	0.1	570000	15618.8940076828
228	-40.64	-40.64	-36.2	-8.029713	15.600596	3.8020492	-79.83204	-8.030664	0.3	572500	15686.591111421585
229	-36.56	-36.56	-42.0	-7.9039307	15.300622	2.6478276	-58.912598	-7.9018435	0.2	575000	15754.772632598877
230	-41.28	-41.28	-46.399998	-7.8495407	15.079867	4.0879602	-63.472744	-7.849352	0.1	577500	15823.000705957413
231	-42.74	-42.74	-33.8	-7.711403	14.768351	2.160459	-69.20873	-7.7114677	0.4	580000	15893.040531635284
232	-36.86	-36.86	-38.2	-7.507637	14.332284	2.705543	-61.349674	-7.5095305	0.3	582500	15959.744635820389
233	-37.2	-37.2	-35.5	-7.333656	14.00491	2.8348863	-63.33049	-7.333816	0.4	585000	16026.690932512283
234	-38.38	-38.38	-35.0	-7.2680182	13.781864	1.725014	-62.600975	-7.268531	0.4	587500	16093.521588563919
235	-42.16	-42.16	-22.4	-7.2357554	13.586199	6.2046766	-63.384407	-7.236529	0.7	590000	16164.967403411865
236	-41.08	-41.08	-28.4	-7.100733	13.32855	2.3045726	-62.057777	-7.1010976	0.5	592500	16232.017371177673
237	-38.0	-38.0	-36.5	-7.0300303	13.11517	2.9274168	-66.967575	-7.0312767	0.4	595000	16298.475167036057
238	-41.82	-41.82	-38.3	-6.9972267	12.9911	1.9363191	-62.861797	-6.9977913	0.4	597500	16365.611947774887
239	-38.86	-38.86	-31.9	-6.920443	12.76716	1.8176534	-62.743008	-6.921608	0.6	600000	16432.644629240036
240	-38.02	-38.02	-29.4	-6.8760247	12.637516	1.3968236	-59.43058	-6.87604	0.5	602500	16501.062316656113
241	-41.88	-41.88	-25.7	-6.7570596	12.438417	1.7334628	-65.28061	-6.75714	0.7	605000	16570.281154870987
242	-39.56	-39.56	-35.7	-6.737518	12.33026	2.2666535	-63.482758	-6.735224	0.4	607500	16640.2227871418
243	-40.64	-40.64	-28.9	-6.594448	12.028625	2.4497163	-67.18081	-6.5931826	0.5	610000	16707.458651304245
244	-40.14	-40.14	-28.6	-6.5648932	11.877643	2.5659323	-65.8569	-6.5653806	0.7	612500	16775.426237106323
245	-38.76	-38.76	-45.7	-6.5346875	11.779499	1.4463692	-64.40842	-6.5344863	0.1	615000	16840.690279960632
246	-30.72	-30.72	-26.1	-6.494864	11.650106	2.2801344	-64.406944	-6.494743	0.8	617500	16909.6844727993
247	-34.06	-34.06	-37.899998	-6.3461385	11.404869	1.502821	-66.01563	-6.347359	0.3	620000	16977.374819517136
248	-35.64	-35.64	-26.0	-6.3087087	11.259009	2.628914	-61.32055	-6.308198	0.7	622500	17045.382540225983
249	-36.78	-36.78	-40.100002	-6.160718	10.979954	3.0555358	-64.59132	-6.1613955	0.3	625000	17115.102207899094
250	-34.78	-34.78	-34.899998	-6.049757	10.718547	2.3979573	-65.50529	-6.0504518	0.5	627500	17182.059675216675
251	-31.72	-31.72	-33.600002	-6.0041614	10.585226	1.6158242	-67.34127	-6.005168	0.4	630000	17249.804391860962
252	-33.16	-33.16	-27.2	-5.9977536	10.505645	1.3201346	-66.2917	-5.995542	0.6	632500	17316.223588466644
253	-34.56	-34.56	-36.2	-5.9552517	10.430818	3.134695	-63.484203	-5.957858	0.6	635000	17384.841715812683
254	-32.74	-32.74	-38.8	-5.929733	10.29306	2.3534644	-61.506447	-5.9309573	0.3	637500	17453.12962460518
255	-32.58	-32.58	-23.9	-5.919264	10.221946	2.3774853	-57.259995	-5.919982	0.8	640000	17521.452744722366
256	-31.86	-31.86	-30.2	-5.886832	10.112278	1.5246475	-59.933792	-5.889796	0.6	642500	17589.762728452682
257	-34.8	-34.8	-27.1	-5.805098	10.039755	1.9615288	-87.04651	-5.8027787	0.7	645000	17657.273926734924
258	-31.5	-31.5	-21.699999	-5.764079	9.934886	2.1738179	-67.00481	-5.762176	0.9	647500	17723.66371011734
259	-33.32	-33.32	-19.0	-5.664703	9.746412	2.183911	-60.896507	-5.6629095	0.8	650000	17789.87604522705
260	-34.78	-34.78	-20.9	-5.633764	9.622534	2.3953965	-66.55597	-5.6332116	0.8	652500	17857.6101706028
261	-31.94	-31.94	-20.4	-5.6308436	9.5478	1.670598	-62.037254	-5.631388	0.8	655000	17924.098919391632
262	-26.12	-26.12	-21.699999	-5.585525	9.416441	3.2267962	-65.1813	-5.585945	0.9	657500	17989.690873861313
263	-31.92	-31.92	-19.800001	-5.476995	9.249572	3.2448292	-62.446854	-5.4769883	0.9	660000	18058.215899944305
264	-33.04	-33.04	-15.8	-5.42626	9.090461	2.7869494	-63.43167	-5.4261208	0.9	662500	18124.865936994553
265	-32.38	-32.38	-18.4	-5.4026623	9.002043	2.5826333	-59.930702	-5.402021	0.9	665000	18192.45019340515
266	-30.24	-30.24	-17.6	-5.4362497	9.039588	4.5497246	-61.517185	-5.4347878	0.9	667500	18262.560841321945
267	-29.48	-29.48	-20.4	-5.4187474	8.95747	2.1036987	-60.439056	-5.41795	0.9	670000	18330.945033311844
268	-25.88	-25.88	-15.2	-5.372713	8.865703	2.6601312	-60.76647	-5.374097	1.0	672500	18398.777549743652
269	-29.14	-29.14	-18.6	-5.3519244	8.814303	2.7780266	-65.376305	-5.3540115	0.9	675000	18467.706077575684
270	-26.9	-26.9	-26.3	-5.3063364	8.704998	3.9993708	-62.75713	-5.303915	0.7	677500	18536.445481061935
271	-24.74	-24.74	-24.7	-5.26321	8.599037	3.657777	-60.832035	-5.2618947	0.7	680000	18605.238975048065
272	-25.72	-25.72	-19.1	-5.136763	8.401967	3.6503375	-61.6652	-5.1375546	0.8	682500	18674.460898399353
273	-29.66	-29.66	-11.2	-5.1116114	8.270022	3.1192873	-61.52213	-5.111198	1.0	685000	18742.775838136673
274	-26.76	-26.76	-19.300001	-5.109626	8.211398	2.526282	-59.23352	-5.1088686	0.9	687500	18810.821318626404
275	-26.4	-26.4	-15.9	-5.1082497	8.161643	2.7360237	-61.47051	-5.1098857	1.0	690000	18877.220290899277
276	-27.1	-27.1	-13.5	-5.1163964	8.124384	4.426667	-66.07072	-5.114539	1.0	692500	18946.3744764328
277	-26.32	-26.32	-19.0	-5.083789	8.039586	2.1341164	-71.317314	-5.0840626	0.8	695000	19012.41134953499
278	-27.7	-27.7	-21.699999	-5.00337	7.9135003	2.9643452	-62.64849	-5.0043983	0.8	697500	19079.761847019196
279	-28.18	-28.18	-13.5	-5.0455713	7.8951197	2.782429	-63.11709	-5.0464573	0.9	700000	19147.731358528137
280	-24.78	-24.78	-20.199999	-5.027909	7.863068	3.3036652	-67.81458	-5.0291357	0.8	702500	19217.50937438011
281	-21.92	-21.92	-11.7	-5.0046463	7.7745953	2.0447245	-61.964188	-5.0043902	1.0	705000	19284.728333950043
282	-26.64	-26.64	-20.699999	-4.9648967	7.65796	2.582171	-69.54526	-4.964743	0.7	707500	19352.781024694443
283	-24.04	-24.04	-20.699999	-4.9810705	7.6289067	3.0467033	-69.55261	-4.980389	0.7	710000	19421.828795433044
284	-23.92	-23.92	-12.9	-4.954046	7.5435367	3.849562	-59.972202	-4.953984	0.9	712500	19490.54046034813
285	-22.38	-22.38	-15.2	-4.9066157	7.513883	2.7417836	-68.6422	-4.908341	0.9	715000	19558.14519429207
286	-28.62	-28.62	-15.2	-4.9636197	7.548622	3.4588165	-65.60301	-4.9633393	0.9	717500	19625.472691059113
287	-25.64	-25.64	-21.9	-4.937155	7.522345	2.7614007	-61.140938	-4.9371476	0.7	720000	19692.95041656494
288	-26.1	-26.1	-14.0	-4.93983	7.510037	8.449525	-66.44161	-4.9399285	0.9	722500	19760.189032316208
289	-25.84	-25.84	-12.5	-4.9182887	7.403269	6.547001	-90.2428	-4.9178762	1.0	725000	19828.194104909897
290	-27.96	-27.96	-18.5	-4.8735385	7.285139	3.6144047	-67.74195	-4.8737125	0.8	727500	19894.840654850006
291	-23.22	-23.22	-16.699999	-4.9059553	7.272639	3.7187347	-68.68938	-4.904579	0.9	730000	19961.740501880646
292	-25.88	-25.88	-19.199999	-4.891308	7.20744	2.7399845	-107.74984	-4.891918	0.9	732500	20029.226358890533
293	-23.0	-23.0	-26.1	-4.8486223	7.147284	3.0946307	-61.934902	-4.849471	0.7	735000	20098.033722639084
294	-21.06	-21.06	-13.4	-4.8308926	7.091366	2.1432152	-62.981503	-4.8309307	1.0	737500	20165.193483114243
295	-26.48	-26.48	-18.5	-4.8312597	7.0676603	3.8038926	-65.32709	-4.8309183	0.9	740000	20234.2102997303
296	-27.04	-27.04	-13.7	-4.777912	6.983548	3.5305696	-59.13636	-4.7796516	0.9	742500	20301.053894996643
297	-25.56	-25.56	-13.7	-4.7509017	6.872356	2.9578414	-66.06557	-4.748462	0.9	745000	20370.233088731766
298	-24.06	-24.06	-14.4	-4.7699246	6.874687	2.5669608	-62.296646	-4.769716	0.8	747500	20437.756915330887
299	-27.76	-27.76	-11.7	-4.745372	6.850519	2.6941257	-58.555508	-4.7438207	1.0	750000	20506.49914956093
300	-23.68	-23.68	-12.6	-4.753638	6.7798886	3.3812184	-64.68541	-4.7522187	1.0	752500	20571.63168978691
301	-24.72	-24.72	-14.0	-4.742189	6.768685	2.8583755	-67.33721	-4.743636	0.9	755000	20640.030334472656
302	-24.32	-24.32	-11.2	-4.714941	6.7467737	4.874586	-64.42262	-4.7141676	1.0	757500	20705.761322021484
303	-23.24	-23.24	-9.7	-4.714884	6.749245	2.0745015	-60.613216	-4.7144136	1.0	760000	20770.947160482407
304	-25.12	-25.12	-12.1	-4.6357703	6.5641155	3.1777873	-67.32095	-4.6352096	1.0	762500	20840.008377075195
305	-23.28	-23.28	-21.0	-4.649718	6.5526285	2.5537238	-59.033997	-4.6498213	0.8	765000	20907.611033916473
306	-25.12	-25.12	-6.3	-4.627679	6.50669	2.2057977	-67.67089	-4.627487	1.0	767500	20977.239573717117
307	-24.76	-24.76	-11.5	-4.609391	6.456085	2.54417	-61.632187	-4.6096334	0.9	770000	21043.469079256058
308	-21.02	-21.02	-14.7	-4.5569043	6.375294	2.9318376	-59.21164	-4.555445	0.9	772500	21112.241057157516
309	-22.2	-22.2	-13.7	-4.5929675	6.344936	4.5639815	-60.385445	-4.591779	1.0	775000	21177.529037952423
310	-23.16	-23.16	-12.6	-4.5556936	6.279534	2.4535193	-74.70131	-4.555463	1.0	777500	21246.779221773148
311	-22.8	-22.8	-12.9	-4.5342216	6.2272935	3.0695453	-60.771805	-4.534421	1.0	780000	21315.109828710556
312	-22.54	-22.54	-10.7	-4.535265	6.2587013	3.246334	-86.24813	-4.535185	1.0	782500	21380.751751184464
313	-24.84	-24.84	-11.2	-4.4891047	6.223948	2.4293418	-62.360558	-4.4908485	1.0	785000	21448.71227645874
314	-22.2	-22.2	-15.8	-4.409819	6.1315327	2.66717	-62.34603	-4.410569	0.9	787500	21516.510715007782
315	-22.42	-22.42	-8.900001	-4.436301	6.115692	3.4210067	-58.926037	-4.4341345	1.0	790000	21583.239458560944
316	-22.66	-22.66	-16.300001	-4.428502	6.072268	2.848431	-58.858513	-4.426499	0.9	792500	21650.225417613983
317	-23.98	-23.98	-16.6	-4.3878574	5.9996853	2.5329576	-65.20623	-4.387056	1.0	795000	21718.54007577896
318	-24.88	-24.88	-10.900001	-4.3787217	5.944552	2.8872638	-61.84986	-4.376517	1.0	797500	21785.16984820366
319	-23.46	-23.46	-12.1	-4.3957253	5.9587417	2.9776998	-64.356346	-4.396029	1.0	800000	21852.919706344604
320	-23.36	-23.36	-12.2	-4.367464	5.931706	3.1065702	-62.55182	-4.3668237	0.9	802500	21921.379452705383
321	-22.4	-22.4	-12.0	-4.35162	5.9154954	6.776725	-65.14433	-4.34988	1.0	805000	21987.97149705887
322	-21.38	-21.38	-10.0	-4.2966924	5.8738427	2.6648154	-61.494694	-4.2954855	1.0	807500	22057.51674389839
323	-21.24	-21.24	-16.9	-4.265807	5.837531	2.1120863	-58.113903	-4.2658105	0.9	810000	22122.788998126984
324	-22.22	-22.22	-11.3	-4.2876186	5.847648	2.4572468	-62.65876	-4.287158	1.0	812500	22192.498415231705
325	-22.9	-22.9	-11.099999	-4.2707987	5.8142195	2.4743242	-77.1932	-4.270797	0.9	815000	22260.00870156288
326	-22.46	-22.46	-10.0	-4.1982245	5.759801	2.5425239	-67.55432	-4.1991796	1.0	817500	22327.926029205322
327	-21.92	-21.92	-10.3	-4.185132	5.72265	2.6159005	-64.29322	-4.1851897	1.0	820000	22395.27996826172
328	-19.54	-19.54	-13.3	-4.1845355	5.677578	2.516086	-60.68261	-4.183856	0.9	822500	22463.055678367615
329	-23.42	-23.42	-8.0	-4.177025	5.703746	3.881359	-65.316795	-4.1766376	1.0	825000	22531.316383838654
330	-19.84	-19.84	-12.0	-4.1784735	5.7238774	2.5056381	-59.015766	-4.178424	1.0	827500	22597.192625522614
331	-20.62	-20.62	-10.0	-4.1238728	5.6479926	2.3482819	-63.94729	-4.1232734	1.0	830000	22663.061173677444
332	-20.94	-20.94	-13.3	-4.1309476	5.65507	2.3396487	-63.2087	-4.1299477	0.9	832500	22729.75783753395
333	-19.18	-19.18	-16.800001	-4.086606	5.629091	2.5580754	-58.422066	-4.0880713	0.8	835000	22796.647409677505
334	-19.76	-19.76	-9.3	-4.056659	5.5846815	2.101101	-60.06907	-4.055803	1.0	837500	22864.091114997864
335	-23.64	-23.64	-10.900001	-4.046168	5.5858827	2.2562966	-71.43856	-4.0474424	1.0	840000	22932.600613117218
336	-21.36	-21.36	-9.3	-4.031608	5.579869	3.797556	-59.31578	-4.0314445	1.0	842500	22999.61298751831
337	-23.36	-23.36	-14.9	-4.042712	5.5602517	2.3259225	-68.477905	-4.042618	1.0	845000	23067.57156920433
338	-20.94	-20.94	-12.2	-4.0236354	5.5180845	2.0908237	-65.287704	-4.0236354	1.0	847500	23137.390053987503
339	-21.92	-21.92	-17.0	-4.0038767	5.480717	1.9663453	-60.112144	-4.0039077	0.8	850000	23205.346521615982
340	-22.76	-22.76	-11.8	-3.9575386	5.446004	2.1965008	-68.08625	-3.957847	1.0	852500	23273.680498600006
341	-21.96	-21.96	-10.7	-3.9328487	5.393885	3.0626316	-71.85191	-3.9333558	1.0	855000	23341.019144296646
342	-19.4	-19.4	-18.800001	-3.9253976	5.413599	2.7673445	-57.5743	-3.9239812	0.8	857500	23408.537657737732
343	-20.26	-20.26	-11.9	-3.939482	5.4199977	2.0188107	-58.396847	-3.9390385	1.0	860000	23475.78928756714
344	-22.6	-22.6	-15.2	-3.9135435	5.397331	3.480013	-58.955307	-3.912268	0.9	862500	23546.254712820053
345	-20.28	-20.28	-15.4	-3.9031057	5.369514	4.7639475	-57.7884	-3.9039817	0.8	865000	23612.05786561966
346	-18.44	-18.44	-12.5	-3.8879027	5.331357	2.8610673	-63.363358	-3.8876886	1.0	867500	23679.285118341446
347	-21.46	-21.46	-11.400001	-3.8654752	5.318494	1.8937855	-60.67331	-3.8648114	1.0	870000	23746.661239147186
348	-19.84	-19.84	-10.400001	-3.8364646	5.288357	1.7535787	-57.390827	-3.837316	1.0	872500	23812.08987379074
349	-21.64	-21.64	-12.3	-3.845976	5.3296666	1.7362771	-68.52483	-3.8445487	1.0	875000	23881.507523059845
350	-21.12	-21.12	-7.5	-3.834702	5.345399	1.7586827	-65.5977	-3.8357778	1.0	877500	23946.287697315216
351	-19.04	-19.04	-10.599999	-3.8043187	5.31194	1.8899326	-66.16685	-3.8025424	1.0	880000	24014.613578557968
352	-21.12	-21.12	-9.400001	-3.7652342	5.2769547	2.3856926	-68.14434	-3.7644267	1.0	882500	24080.11857175827
353	-21.12	-21.12	-11.599999	-3.7697425	5.2367644	3.242661	-63.704407	-3.770126	1.0	885000	24147.487939357758
354	-21.1	-21.1	-10.8	-3.789422	5.32052	2.0681915	-71.5682	-3.7904215	1.0	887500	24214.293486595154
355	-18.16	-18.16	-12.0	-3.7732532	5.2554584	2.26046	-61.387714	-3.7738466	1.0	890000	24282.135390758514
356	-23.4	-23.4	-14.7	-3.7571387	5.2487535	2.0599432	-81.30919	-3.7555583	1.0	892500	24351.22638940811
357	-21.12	-21.12	-9.2	-3.749683	5.2328835	5.411149	-56.942593	-3.7505696	1.0	895000	24420.085228681564
358	-20.16	-20.16	-15.3	-3.7586622	5.2575994	4.1188664	-60.493923	-3.7596354	1.0	897500	24487.46531033516
359	-20.4	-20.4	-11.8	-3.7489152	5.293138	2.3139172	-59.683636	-3.7480648	1.0	900000	24554.00736474991
360	-24.06	-24.06	-10.900001	-3.7253501	5.237812	4.0044928	-57.41154	-3.7258775	1.0	902500	24622.764033794403
361	-19.12	-19.12	-9.3	-3.7253122	5.2280803	2.3527775	-61.891087	-3.7262866	1.0	905000	24690.365379810333
362	-19.9	-19.9	-8.0	-3.7270195	5.228348	1.6766062	-65.87227	-3.7274907	1.0	907500	24759.454382896423
363	-19.84	-19.84	-8.8	-3.7115297	5.1972218	1.8000417	-62.25383	-3.712079	1.0	910000	24826.174134492874
364	-19.34	-19.34	-11.9	-3.6791904	5.1430225	2.540698	-60.733727	-3.6798797	1.0	912500	24894.252418518066
365	-19.2	-19.2	-11.099999	-3.6599517	5.1701603	2.9552503	-60.418022	-3.6607816	1.0	915000	24962.95302772522
366	-20.88	-20.88	-11.2	-3.6692126	5.1130567	2.0407143	-67.26557	-3.6689038	1.0	917500	25030.589450120926
367	-21.6	-21.6	-13.3	-3.6826713	5.172917	3.2567534	-56.844574	-3.682912	0.9	920000	25100.858697891235
368	-18.7	-18.7	-9.900001	-3.671609	5.171359	1.978291	-62.563984	-3.6716394	1.0	922500	25167.09721469879
369	-18.94	-18.94	-13.4	-3.647821	5.134058	2.710123	-58.689163	-3.6487844	1.0	925000	25236.208913326263
370	-20.38	-20.38	-10.3	-3.6420138	5.141281	2.9887934	-59.435394	-3.642035	1.0	927500	25305.62784075737
371	-20.82	-20.82	-10.099999	-3.6169443	5.1304626	3.7681336	-60.344532	-3.6164365	1.0	930000	25373.83226799965
372	-20.0	-20.0	-13.0	-3.640401	5.141804	2.7746282	-61.373756	-3.639656	0.9	932500	25441.979657888412
373	-21.42	-21.42	-10.400001	-3.6307228	5.139343	2.5973043	-58.17919	-3.631678	1.0	935000	25510.024188041687
374	-19.8	-19.8	-11.2	-3.5916848	5.063856	2.4053364	-56.772614	-3.591672	1.0	937500	25578.873681783676
375	-21.64	-21.64	-11.599999	-3.5970385	5.102269	2.807283	-64.233765	-3.5969331	1.0	940000	25647.195989131927
376	-22.98	-22.98	-14.7	-3.6052568	5.0843463	2.6146183	-62.43545	-3.6052914	0.9	942500	25715.267436504364
377	-20.56	-20.56	-10.099999	-3.564112	5.0358534	1.6933126	-60.02845	-3.5645432	1.0	945000	25783.538009881973
378	-19.74	-19.74	-9.3	-3.5874517	5.0545683	2.2443805	-67.437	-3.5864372	1.0	947500	25851.576008796692
379	-18.52	-18.52	-11.400001	-3.5656621	5.018581	2.0002298	-57.14588	-3.5650072	1.0	950000	25919.799422740936
380	-19.14	-19.14	-9.599999	-3.5396981	4.9679236	1.9537187	-61.63716	-3.5397086	1.0	952500	25987.611328601837
381	-17.6	-17.6	-10.099999	-3.5218902	4.954543	2.257495	-55.906414	-3.5213482	1.0	955000	26058.190938949585
382	-19.76	-19.76	-10.900001	-3.5022585	4.902294	2.3608866	-59.354156	-3.502003	0.9	957500	26125.328535318375
383	-19.58	-19.58	-9.400001	-3.4913285	4.932374	2.349002	-63.07405	-3.492195	1.0	960000	26192.42580461502
384	-20.62	-20.62	-10.900001	-3.474602	4.9514174	2.79735	-65.56059	-3.4749064	1.0	962500	26259.241523504257
385	-20.5	-20.5	-9.900001	-3.4811442	4.943051	2.356173	-58.93802	-3.4813426	1.0	965000	26327.792229175568
386	-17.56	-17.56	-10.900001	-3.4594321	4.92773	2.549088	-59.845985	-3.4594264	1.0	967500	26395.770297050476
387	-18.72	-18.72	-8.599999	-3.4652247	4.9260883	2.1594052	-56.839073	-3.464658	1.0	970000	26460.126183748245
388	-18.66	-18.66	-8.400001	-3.447002	4.9078546	3.7906399	-59.757042	-3.4466014	1.0	972500	26527.181170463562
389	-18.06	-18.06	-7.0	-3.4498935	4.9259577	2.2450151	-59.245346	-3.4496608	1.0	975000	26592.829621315002
390	-17.5	-17.5	-8.8	-3.4236546	4.922432	3.2377777	-65.052895	-3.4241793	1.0	977500	26662.691058397293
391	-19.64	-19.64	-11.099999	-3.4281409	4.898817	2.5138435	-54.773926	-3.428756	1.0	980000	26730.464089393616
392	-20.08	-20.08	-11.8	-3.434139	4.92458	1.8463526	-57.672436	-3.434508	1.0	982500	26796.74878668785
393	-19.86	-19.86	-12.0	-3.3980346	4.8774815	2.1291752	-56.616913	-3.395975	1.0	985000	26861.24885225296
394	-18.3	-18.3	-15.1	-3.389639	4.8683414	2.9040656	-60.071037	-3.3891768	1.0	987500	26927.855097055435
395	-18.34	-18.34	-11.599999	-3.3865016	4.854123	4.081874	-65.461685	-3.385529	1.0	990000	26993.480498075485
396	-22.42	-22.42	-10.8	-3.367119	4.810314	2.4304786	-62.048676	-3.3677	1.0	992500	27058.821569919586
397	-19.52	-19.52	-16.199999	-3.389709	4.874333	2.397416	-61.656178	-3.3914168	0.9	995000	27126.842313289642
398	-17.66	-17.66	-9.3	-3.368788	4.8625965	2.8679085	-56.717323	-3.3672893	1.0	997500	27193.996126890182
399	-20.38	-20.38	-11.2	-3.3756876	4.8560224	5.2981024	-62.02677	-3.3757846	1.0	1000000	27262.144552230835
400	-18.5	-18.5	-9.900001	-3.3342843	4.808241	2.0590024	-57.8343	-3.3351705	1.0	1002500	27328.36369729042
401	-20.24	-20.24	-13.1	-3.3064973	4.7612147	2.6970234	-67.05756	-3.305524	1.0	1005000	27395.780787229538
402	-19.26	-19.26	-7.2	-3.2994149	4.739657	3.3853807	-59.759163	-3.2991934	0.9	1007500	27461.41255235672
403	-18.12	-18.12	-8.400001	-3.2920325	4.767585	2.1703706	-55.88598	-3.2929168	1.0	1010000	27528.159360170364
404	-17.7	-17.7	-7.9	-3.2901096	4.711939	2.4043188	-62.213882	-3.2892544	1.0	1012500	27593.619543790817
405	-20.58	-20.58	-9.599999	-3.2741306	4.729443	2.797162	-59.03254	-3.2732224	1.0	1015000	27659.628525972366
406	-21.38	-21.38	-6.5	-3.2782023	4.7200866	2.3210592	-62.164825	-3.2775812	1.0	1017500	27726.026417970657
407	-18.78	-18.78	-8.0	-3.2753153	4.7678385	4.436814	-61.388485	-3.275743	1.0	1020000	27794.074645280838
408	-20.82	-20.82	-7.5	-3.2584913	4.743826	1.8201599	-57.694363	-3.2584045	1.0	1022500	27863.607095956802
409	-20.7	-20.7	-9.400001	-3.2872517	4.769783	2.2405744	-65.38707	-3.2851944	1.0	1025000	27931.236538648605
410	-21.56	-21.56	-9.8	-3.2811406	4.753665	3.247374	-58.70799	-3.2823873	1.0	1027500	27998.677236795425
411	-18.18	-18.18	-13.3	-3.2538095	4.710454	4.684012	-68.21667	-3.2540066	0.9	1030000	28066.353338956833
412	-21.62	-21.62	-10.3	-3.2287104	4.672824	2.3600912	-58.10111	-3.2285223	1.0	1032500	28133.236469745636
413	-21.08	-21.08	-11.9	-3.2470005	4.722363	3.161735	-63.853477	-3.2467775	1.0	1035000	28199.041961431503
414	-19.98	-19.98	-6.8	-3.2626436	4.7483315	2.8198166	-56.93461	-3.263411	1.0	1037500	28265.363748788834
415	-21.12	-21.12	-9.099999	-3.2509968	4.701828	2.1228347	-58.768875	-3.2502613	1.0	1040000	28334.57023692131
416	-18.18	-18.18	-9.900001	-3.249304	4.6942244	3.797369	-59.242317	-3.249	1.0	1042500	28403.22419500351
417	-20.4	-20.4	-10.599999	-3.235189	4.687935	2.0259485	-61.430798	-3.2359529	1.0	1045000	28473.35007596016
418	-21.44	-21.44	-10.900001	-3.2281396	4.6856623	3.7262764	-55.946445	-3.2273674	1.0	1047500	28542.091692447662
419	-19.06	-19.06	-10.900001	-3.220951	4.6671066	6.072392	-66.93944	-3.2208068	1.0	1050000	28611.842858076096
420	-20.08	-20.08	-15.5	-3.1837766	4.650118	2.5093188	-57.32402	-3.1836874	0.9	1052500	28683.65232205391
421	-20.7	-20.7	-12.4	-3.19081	4.669697	3.0119748	-62.199467	-3.1902378	1.0	1055000	28752.270447015762
422	-20.12	-20.12	-14.6	-3.2019157	4.6815605	2.8356376	-59.8357	-3.2026043	1.0	1057500	28823.06738805771
423	-21.16	-21.16	-9.599999	-3.1979644	4.6898246	4.3555446	-72.61546	-3.1971092	1.0	1060000	28890.462535381317
424	-20.08	-20.08	-9.0	-3.170121	4.6506004	1.8531027	-55.52658	-3.1700895	1.0	1062500	28958.526633024216
425	-18.02	-18.02	-8.0	-3.181716	4.678184	7.814494	-58.94338	-3.179082	1.0	1065000	29027.61328792572
426	-21.44	-21.44	-11.099999	-3.1771438	4.6853623	4.3095417	-60.77963	-3.178718	1.0	1067500	29096.978665351868
427	-21.36	-21.36	-7.1	-3.2037523	4.727115	1.9966226	-93.62016	-3.203076	1.0	1070000	29168.031629800797
428	-19.52	-19.52	-11.099999	-3.1685817	4.6959662	1.9039426	-65.77216	-3.170411	1.0	1072500	29237.484219312668
429	-21.5	-21.5	-9.5	-3.187345	4.696321	2.028489	-65.39922	-3.1864974	1.0	1075000	29307.570707798004
430	-16.9	-16.9	-10.900001	-3.1877015	4.7029757	3.256266	-61.251457	-3.187024	1.0	1077500	29375.42680311203
431	-19.06	-19.06	-10.3	-3.1931708	4.700901	2.7793708	-59.65356	-3.192195	1.0	1080000	29445.326402664185
432	-18.2	-18.2	-11.0	-3.1660936	4.688864	2.9210753	-57.378513	-3.1678257	1.0	1082500	29517.03872203827
433	-19.16	-19.16	-12.2	-3.1814373	4.6979895	2.2597256	-63.612682	-3.1828566	0.9	1085000	29588.681908130646
434	-21.1	-21.1	-7.3	-3.1775727	4.7221804	3.0876942	-58.09972	-3.1770236	1.0	1087500	29661.41144132614
435	-19.0	-19.0	-9.599999	-3.188539	4.739614	2.2234187	-62.686035	-3.1884484	1.0	1090000	29731.865545749664
436	-16.52	-16.52	-9.599999	-3.1698709	4.725332	3.8614545	-66.838776	-3.1704595	1.0	1092500	29800.639277935028
437	-18.34	-18.34	-12.5	-3.1261654	4.635541	2.08257	-67.92724	-3.1273258	1.0	1095000	29872.079437971115
438	-19.88	-19.88	-14.0	-3.1493173	4.667093	3.2738633	-55.50204	-3.1484787	0.9	1097500	29940.134958267212
439	-18.44	-18.44	-12.3	-3.118959	4.643184	5.746016	-64.135956	-3.1187952	1.0	1100000	30011.52971458435
440	-18.76	-18.76	-12.1	-3.1260254	4.6616287	2.29697	-58.58755	-3.126378	0.9	1102500	30080.967091798782
441	-19.28	-19.28	-8.0	-3.0895026	4.625476	1.9198141	-59.97795	-3.0884707	1.0	1105000	30150.145761728287
442	-19.6	-19.6	-8.900001	-3.1117911	4.641662	2.4125013	-60.957344	-3.1119595	1.0	1107500	30221.22903943062
443	-18.4	-18.4	-7.5	-3.1029654	4.606862	2.8439722	-62.06986	-3.102093	1.0	1110000	30291.629482984543
444	-18.9	-18.9	-11.3	-3.0945997	4.614572	2.1100564	-68.97682	-3.094685	1.0	1112500	30364.047224998474
445	-17.98	-17.98	-10.7	-3.1070893	4.636529	2.0827608	-61.531826	-3.1059835	1.0	1115000	30434.830679893494
446	-19.74	-19.74	-8.099999	-3.103577	4.6293077	2.440074	-60.559063	-3.1019206	1.0	1117500	30506.77870798111
447	-17.2	-17.2	-10.099999	-3.0942256	4.601805	3.7039666	-59.297775	-3.0940888	1.0	1120000	30576.721000671387
448	-20.9	-20.9	-13.2	-3.066088	4.564956	2.4427495	-61.67318	-3.0659647	1.0	1122500	30647.707345724106
449	-19.34	-19.34	-6.9	-3.079886	4.62828	2.0959287	-60.62906	-3.080077	1.0	1125000	30717.538702487946
450	-16.96	-16.96	-10.099999	-3.0554667	4.583304	2.4975114	-64.901825	-3.055695	1.0	1127500	30785.270083904266
451	-20.82	-20.82	-10.0	-3.0668328	4.583571	8.433275	-59.15947	-3.0675235	1.0	1130000	30853.046869516373
452	-19.06	-19.06	-9.7	-3.0411968	4.5315485	2.5837483	-68.95608	-3.0423226	1.0	1132500	30925.24721431732
453	-18.92	-18.92	-9.5	-3.0661576	4.599054	5.6254687	-62.208023	-3.0660734	1.0	1135000	30995.334414243698
454	-18.3	-18.3	-9.400001	-3.0615988	4.566853	4.2533693	-83.01031	-3.0628152	1.0	1137500	31065.593383789062
455	-21.26	-21.26	-10.8	-3.0682178	4.5859227	1.3377023	-58.434593	-3.0675015	1.0	1140000	31136.640791893005
456	-20.52	-20.52	-12.6	-3.0937986	4.611646	2.9768944	-59.34069	-3.092692	1.0	1142500	31207.142731666565
457	-22.3	-22.3	-10.7	-3.0613332	4.5894003	3.4378428	-67.09951	-3.0619884	1.0	1145000	31277.516572237015
458	-21.06	-21.06	-10.400001	-3.0678592	4.6172266	2.6321383	-72.73916	-3.0673177	1.0	1147500	31345.67709994316
459	-19.0	-19.0	-9.8	-3.0729024	4.569591	2.9472656	-57.78278	-3.0717165	1.0	1150000	31414.793487548828
460	-18.46	-18.46	-11.0	-3.0566962	4.567915	1.446734	-61.623695	-3.055268	1.0	1152500	31483.16156601906
461	-20.44	-20.44	-15.0	-3.0667448	4.615703	3.228094	-60.10536	-3.0686293	0.9	1155000	31554.406057357788
462	-18.84	-18.84	-12.5	-3.0630631	4.5824428	2.5481887	-60.885803	-3.0631316	0.9	1157500	31624.45579791069
463	-17.54	-17.54	-10.2	-3.0548348	4.5819087	1.8241596	-66.69846	-3.0551662	1.0	1160000	31694.682067394257
464	-19.62	-19.62	-11.5	-3.0801504	4.6125007	3.9068236	-62.864548	-3.0787883	1.0	1162500	31764.6516726017
465	-17.22	-17.22	-6.5	-3.0805998	4.6131244	6.9266634	-62.17504	-3.081581	1.0	1165000	31832.766917705536
466	-20.94	-20.94	-11.5	-3.1042154	4.652323	3.3340611	-57.78211	-3.104033	1.0	1167500	31899.811225414276
467	-19.28	-19.28	-7.1	-3.0801272	4.6156297	2.554634	-65.76488	-3.0814908	1.0	1170000	31966.301627874374
468	-19.78	-19.78	-11.5	-3.0774117	4.612163	3.7046895	-62.855682	-3.0782948	1.0	1172500	32033.384360790253
469	-21.58	-21.58	-6.5	-3.0961838	4.62718	1.7888756	-59.41	-3.0958347	1.0	1175000	32100.994345664978
470	-20.16	-20.16	-10.3	-3.0961986	4.610176	8.098623	-59.36859	-3.0956511	1.0	1177500	32166.304084062576
471	-19.18	-19.18	-9.0	-3.122785	4.655224	3.138318	-59.76588	-3.1221514	1.0	1180000	32232.203654527664
472	-19.82	-19.82	-12.7	-3.1236308	4.6766953	1.8412294	-74.89888	-3.1250155	1.0	1182500	32299.98267698288
473	-18.64	-18.64	-9.400001	-3.1052597	4.623964	9.985348	-60.1336	-3.1044111	1.0	1185000	32366.1444439888
474	-21.72	-21.72	-9.599999	-3.1030726	4.621178	3.675366	-56.45351	-3.1035047	1.0	1187500	32431.080363035202
475	-19.98	-19.98	-11.2	-3.1237905	4.6607003	6.938049	-65.72568	-3.124204	1.0	1190000	32496.94818329811
476	-18.76	-18.76	-12.2	-3.1484253	4.6945415	3.3292294	-63.225662	-3.1489487	1.0	1192500	32563.096947193146
477	-18.4	-18.4	-8.400001	-3.1217134	4.6700473	3.4530315	-61.362488	-3.1223547	1.0	1195000	32629.98580121994
478	-19.12	-19.12	-11.2	-3.1035962	4.6291833	5.810375	-59.63475	-3.1040287	1.0	1197500	32695.975442647934
479	-19.52	-19.52	-10.0	-3.1141589	4.6365857	1.805491	-58.330856	-3.1151962	1.0	1200000	32762.04226398468
480	-19.4	-19.4	-11.7	-3.1123528	4.6338954	2.6061378	-58.22417	-3.112562	1.0	1202500	32827.149028778076
481	-20.7	-20.7	-9.099999	-3.1407893	4.703689	1.9859972	-58.054264	-3.1392	1.0	1205000	32893.17971968651
482	-21.22	-21.22	-12.5	-3.1187027	4.6700687	2.38664	-57.283268	-3.117505	1.0	1207500	32959.64396190643
483	-18.0	-18.0	-9.599999	-3.1145847	4.6226015	4.8526707	-62.2055	-3.1134808	1.0	1210000	33025.093747377396
484	-16.42	-16.42	-12.1	-3.0867546	4.614696	1.9865098	-62.404938	-3.0851088	1.0	1212500	33091.081456422806
485	-15.06	-15.06	-9.3	-3.0952225	4.626762	2.8907523	-71.88148	-3.0971785	1.0	1215000	33156.22654795647
486	-19.92	-19.92	-6.3	-3.0763915	4.6279454	6.147159	-61.123283	-3.0755663	1.0	1217500	33222.2179312706
487	-18.96	-18.96	-9.2	-3.1039944	4.638688	2.893906	-56.550713	-3.1041603	1.0	1220000	33288.507358551025
488	-18.44	-18.44	-10.8	-3.0824678	4.6654296	7.9958835	-60.660038	-3.0848842	1.0	1222500	33353.30937790871
489	-18.92	-18.92	-13.5	-3.085597	4.6407323	4.7655888	-70.69553	-3.0866554	1.0	1225000	33421.22139215469
490	-18.42	-18.42	-9.8	-3.0869913	4.634321	2.3006816	-57.860176	-3.0878434	1.0	1227500	33486.016914367676
491	-20.02	-20.02	-12.2	-3.0760572	4.607847	3.309978	-57.180214	-3.0754	1.0	1230000	33552.98973083496
492	-19.22	-19.22	-11.400001	-3.0921347	4.6254926	3.0127254	-59.321857	-3.0930638	0.9	1232500	33616.77087402344
493	-22.22	-22.22	-10.7	-3.1082208	4.649224	2.672061	-58.60916	-3.108222	1.0	1235000	33682.08275485039
494	-20.94	-20.94	-11.0	-3.0768104	4.5965934	4.3413954	-57.21468	-3.0770717	1.0	1237500	33747.639878988266
495	-19.34	-19.34	-11.099999	-3.0724263	4.589827	1.5199528	-59.40906	-3.0734758	1.0	1240000	33813.70741581917
496	-19.12	-19.12	-10.3	-3.0762858	4.5776105	3.7297692	-66.079056	-3.0755796	1.0	1242500	33879.39118862152
497	-19.82	-19.82	-9.8	-3.0823178	4.5725756	2.2623	-56.197258	-3.0816832	1.0	1245000	33944.39141702652
498	-20.62	-20.62	-9.7	-3.0526166	4.572995	2.4070635	-57.300835	-3.0523057	1.0	1247500	34008.23856806755
499	-20.14	-20.14	-9.0	-3.0558376	4.588446	2.937121	-58.055046	-3.056811	1.0	1250000	34076.48924279213
