Epoch	EpRet	EpRealRet	TestEpRet	AverageQ1	StdQ1	MaxQ1	MinQ1	Q2	TestSuccess	TotalEnvInteracts	TotalTime
0	-45.0	-45.0	-50.0	-1.2453413	1.7270508	0.7187837	-19.85466	-1.2455503	0.0	2500	33.358341455459595
1	-49.0	-49.0	-45.0	-2.35561	3.8295436	1.1774137	-20.135145	-2.3555083	0.1	5000	69.54574155807495
2	-46.0	-46.0	-50.0	-3.0907738	5.9813848	2.10401	-27.883942	-3.0910156	0.0	7500	105.35019755363464
3	-45.0	-45.0	-50.0	-3.8193362	7.777848	1.8067319	-34.0553	-3.8195603	0.0	10000	140.35476970672607
4	-46.8	-46.8	-50.0	-4.4999933	9.252316	5.070257	-57.962017	-4.5002403	0.0	12500	175.47953844070435
5	-46.0	-46.0	-45.0	-5.1002274	10.613844	2.089822	-42.95524	-5.1002064	0.1	15000	211.60888290405273
6	-48.86	-48.86	-45.0	-5.6840315	11.878321	3.5463402	-52.63223	-5.6841416	0.1	17500	247.55308365821838
7	-48.0	-48.0	-45.0	-6.183116	12.933976	2.790829	-62.683495	-6.1835184	0.1	20000	284.3015787601471
8	-44.0	-44.0	-35.0	-6.6036334	13.826644	3.158902	-54.547577	-6.604046	0.3	22500	321.3706042766571
9	-47.5	-47.5	-50.0	-6.8778005	14.442514	4.0424414	-55.29344	-6.878067	0.0	25000	358.5603892803192
10	-48.0	-48.0	-40.0	-7.2730784	15.1599045	3.35364	-71.045555	-7.273448	0.2	27500	396.76691722869873
11	-48.32	-48.32	-50.0	-7.5375957	15.699368	3.4357715	-62.980957	-7.538044	0.0	30000	433.4403941631317
12	-46.98	-46.98	-45.0	-7.814305	16.150957	3.6482327	-60.74453	-7.8144813	0.1	32500	469.2959473133087
13	-49.0	-49.0	-50.0	-7.9902043	16.467358	3.7499006	-67.80147	-7.9903526	0.0	35000	505.77176570892334
14	-47.0	-47.0	-50.0	-8.181187	16.754835	3.9156163	-59.108326	-8.181305	0.0	37500	541.7287559509277
15	-48.0	-48.0	-44.5	-8.346763	17.012793	5.258741	-70.876015	-8.3472595	0.1	40000	578.5505270957947
16	-48.0	-48.0	-50.0	-8.462491	17.228176	5.4749928	-71.390236	-8.462541	0.0	42500	614.7346184253693
17	-46.96	-46.96	-49.6	-8.610061	17.462894	5.5382795	-57.564808	-8.610266	0.0	45000	651.0659680366516
18	-45.92	-45.92	-45.0	-8.724855	17.679735	5.7876434	-63.066475	-8.724826	0.1	47500	687.7816648483276
19	-45.0	-45.0	-50.0	-8.757596	17.782967	3.945165	-66.27274	-8.757506	0.0	50000	724.3419513702393
20	-47.0	-47.0	-45.0	-8.752779	17.8332	7.752333	-63.08718	-8.752997	0.1	52500	760.4635260105133
21	-47.88	-47.88	-50.0	-8.784552	17.894753	7.0732574	-58.660637	-8.784818	0.0	55000	795.4303734302521
22	-48.0	-48.0	-50.0	-8.869435	18.007364	4.80634	-62.20962	-8.869465	0.0	57500	831.9742879867554
23	-46.82	-46.82	-45.0	-8.926422	18.106781	4.5365853	-59.393303	-8.926311	0.1	60000	868.1355488300323
24	-47.86	-47.86	-50.0	-8.927674	18.162264	6.1982546	-60.508453	-8.927863	0.0	62500	903.9388206005096
25	-49.0	-49.0	-50.0	-8.997107	18.25814	4.2783794	-59.87247	-8.99727	0.0	65000	940.3593785762787
26	-49.0	-49.0	-45.0	-9.070492	18.349054	19.194822	-62.86785	-9.070771	0.1	67500	976.6435520648956
27	-48.96	-48.96	-50.0	-9.104678	18.398865	5.306329	-61.127396	-9.10459	0.0	70000	1013.6715574264526
28	-47.0	-47.0	-50.0	-9.218023	18.511385	7.113412	-78.417175	-9.218251	0.0	72500	1050.0066442489624
29	-49.0	-49.0	-50.0	-9.165528	18.468271	4.4206624	-64.67484	-9.1653185	0.0	75000	1086.932561635971
30	-46.94	-46.94	-50.0	-9.148322	18.457636	3.729121	-59.973648	-9.148134	0.0	77500	1123.940614938736
31	-46.74	-46.74	-50.0	-9.217997	18.531412	7.0911283	-60.881462	-9.217785	0.0	80000	1160.2522308826447
32	-45.0	-45.0	-50.0	-9.207125	18.51415	4.4053526	-60.149696	-9.206961	0.0	82500	1196.2807347774506
33	-48.1	-48.1	-44.8	-9.249125	18.557972	7.0788774	-61.784737	-9.248903	0.1	85000	1232.6682291030884
34	-45.54	-45.54	-45.0	-9.28467	18.592838	5.1972814	-60.04299	-9.2845	0.1	87500	1267.9530746936798
35	-49.98	-49.98	-50.0	-9.328612	18.630644	7.3256893	-68.211685	-9.32819	0.0	90000	1303.6684880256653
36	-49.0	-49.0	-50.0	-9.345456	18.668943	4.70772	-60.22348	-9.345202	0.0	92500	1339.2363998889923
37	-43.1	-43.1	-50.0	-9.301009	18.65834	5.5538826	-61.676346	-9.300912	0.0	95000	1373.9910209178925
38	-48.0	-48.0	-45.3	-9.303549	18.6607	6.94663	-59.723587	-9.303419	0.1	97500	1410.3676581382751
39	-46.78	-46.78	-50.0	-9.36031	18.7044	4.821354	-60.286564	-9.360522	0.0	100000	1446.0868134498596
40	-42.0	-42.0	-50.0	-9.276112	18.63459	6.2414494	-60.41943	-9.275997	0.0	102500	1482.138011455536
41	-48.96	-48.96	-50.0	-9.296203	18.652798	4.005703	-57.37402	-9.29596	0.0	105000	1517.775638103485
42	-49.0	-49.0	-50.0	-9.314533	18.671991	4.1353827	-60.755455	-9.314924	0.0	107500	1554.1483161449432
43	-45.94	-45.94	-45.0	-9.288363	18.66594	4.452642	-59.356762	-9.28815	0.1	110000	1589.9062910079956
44	-47.8	-47.8	-50.0	-9.395261	18.760967	3.8083694	-59.97574	-9.395071	0.0	112500	1626.2203924655914
45	-49.0	-49.0	-45.0	-9.379285	18.767206	4.44178	-59.43758	-9.379369	0.1	115000	1662.2466790676117
46	-45.54	-45.54	-40.0	-9.330283	18.738523	4.2427816	-59.10847	-9.330422	0.2	117500	1698.1904292106628
47	-42.0	-42.0	-45.0	-9.378707	18.798452	6.257145	-60.946404	-9.379056	0.1	120000	1734.3343114852905
48	-47.9	-47.9	-50.0	-9.3597975	18.760853	3.955215	-61.261093	-9.360052	0.0	122500	1771.1350133419037
49	-44.0	-44.0	-45.0	-9.466717	18.838034	5.4990754	-59.913017	-9.466731	0.1	125000	1806.9053721427917
50	-44.58	-44.58	-50.0	-9.458161	18.83007	6.3474355	-71.62631	-9.457981	0.0	127500	1839.8633110523224
51	-49.86	-49.86	-49.5	-9.40594	18.785362	9.664657	-64.104744	-9.406011	0.0	130000	1875.1753113269806
52	-44.8	-44.8	-45.0	-9.446713	18.806635	5.657752	-70.56861	-9.4467745	0.1	132500	1910.6906986236572
53	-48.0	-48.0	-49.6	-9.385715	18.74143	5.7018256	-61.267967	-9.3860855	0.0	135000	1946.1234874725342
54	-47.0	-47.0	-45.0	-9.3929405	18.762276	6.568164	-59.545918	-9.392916	0.1	137500	1981.6996994018555
55	-46.0	-46.0	-50.0	-9.413514	18.770807	4.7169213	-59.878094	-9.413414	0.0	140000	2017.3419528007507
56	-46.84	-46.84	-50.0	-9.425261	18.771128	7.162369	-60.843555	-9.424974	0.0	142500	2053.1040873527527
57	-47.0	-47.0	-45.0	-9.404063	18.766453	3.646642	-62.437347	-9.404357	0.1	145000	2089.3632683753967
58	-45.9	-45.9	-50.0	-9.423961	18.745584	5.4703097	-61.261913	-9.423967	0.0	147500	2124.8034477233887
59	-46.82	-46.82	-40.0	-9.422159	18.739975	5.959224	-79.67615	-9.422458	0.2	150000	2160.9053139686584
60	-47.66	-47.66	-50.0	-9.449833	18.756157	6.998029	-57.138157	-9.449869	0.0	152500	2196.671613931656
61	-47.12	-47.12	-50.0	-9.4787445	18.749376	5.8264403	-58.496033	-9.478826	0.0	155000	2232.4542922973633
62	-42.02	-42.02	-45.0	-9.375422	18.647758	6.0563645	-59.106873	-9.375417	0.1	157500	2268.704593896866
63	-47.96	-47.96	-45.0	-9.428217	18.709465	5.5345135	-66.044136	-9.428439	0.1	160000	2304.509815454483
64	-46.08	-46.08	-50.0	-9.417859	18.700462	5.5867124	-61.751366	-9.41787	0.0	162500	2340.46156001091
65	-49.0	-49.0	-45.0	-9.4471035	18.73958	6.500721	-61.458233	-9.447524	0.1	165000	2376.293578147888
66	-46.82	-46.82	-49.2	-9.39902	18.71001	8.519674	-62.59635	-9.39875	0.0	167500	2413.23290681839
67	-47.62	-47.62	-40.5	-9.430717	18.723207	4.6939774	-61.40204	-9.4306965	0.2	170000	2449.637491941452
68	-48.0	-48.0	-50.0	-9.424363	18.72944	4.959445	-58.34595	-9.42468	0.0	172500	2485.3083097934723
69	-46.0	-46.0	-44.5	-9.396671	18.715694	6.1443343	-60.58423	-9.396761	0.1	175000	2521.2152144908905
70	-45.48	-45.48	-35.0	-9.408743	18.72638	6.30733	-64.70012	-9.408405	0.3	177500	2557.725631713867
71	-44.0	-44.0	-50.0	-9.449992	18.743439	4.094715	-57.68655	-9.450049	0.0	180000	2593.8680517673492
72	-47.0	-47.0	-50.0	-9.43282	18.703865	8.684656	-65.38942	-9.432778	0.0	182500	2629.8900911808014
73	-47.82	-47.82	-45.0	-9.457917	18.709757	4.3273015	-64.88965	-9.45752	0.1	185000	2666.067322254181
74	-49.96	-49.96	-50.0	-9.489088	18.732838	6.4204683	-56.46506	-9.489222	0.0	187500	2702.317095041275
75	-42.86	-42.86	-50.0	-9.474124	18.714445	5.4180145	-58.584095	-9.473814	0.0	190000	2738.998533010483
76	-44.78	-44.78	-49.6	-9.458491	18.701952	4.9580073	-59.783638	-9.458259	0.0	192500	2775.0411808490753
77	-46.94	-46.94	-50.0	-9.43396	18.66963	9.359828	-63.074352	-9.43396	0.0	195000	2811.5984485149384
78	-46.78	-46.78	-50.0	-9.475216	18.69999	4.5429196	-58.598328	-9.475192	0.0	197500	2848.127734899521
79	-49.0	-49.0	-50.0	-9.442349	18.65843	8.791185	-58.958008	-9.442276	0.0	200000	2884.9504141807556
80	-47.96	-47.96	-45.0	-9.482412	18.696548	3.944634	-67.06587	-9.482589	0.1	202500	2922.0055236816406
81	-46.44	-46.44	-40.0	-9.455956	18.684381	6.191676	-57.90546	-9.4562	0.2	205000	2958.5861937999725
82	-44.84	-44.84	-50.0	-9.426876	18.680485	3.302302	-61.098522	-9.426643	0.0	207500	2995.1664292812347
83	-48.9	-48.9	-49.7	-9.502174	18.72219	3.4408493	-60.902485	-9.502101	0.0	210000	3031.8062994480133
84	-46.86	-46.86	-45.0	-9.540031	18.759027	15.038672	-65.36194	-9.539926	0.1	212500	3069.0003640651703
85	-45.9	-45.9	-40.0	-9.540798	18.755358	3.737205	-60.441597	-9.540632	0.2	215000	3105.707321882248
86	-47.8	-47.8	-41.100002	-9.547549	18.732182	5.149832	-61.437817	-9.547376	0.2	217500	3141.985141992569
87	-48.68	-48.68	-50.0	-9.520217	18.698141	6.9820204	-66.16357	-9.520184	0.0	220000	3177.8473575115204
88	-47.0	-47.0	-50.0	-9.557095	18.700216	9.867941	-64.135254	-9.557483	0.0	222500	3214.2237005233765
89	-46.0	-46.0	-42.399998	-9.510714	18.64593	9.910327	-63.57368	-9.511034	0.2	225000	3250.3147401809692
90	-46.9	-46.9	-43.7	-9.503319	18.61485	8.944117	-59.578777	-9.503572	0.1	227500	3285.9819445610046
91	-47.16	-47.16	-44.7	-9.478041	18.580774	7.718369	-56.892708	-9.478087	0.1	230000	3322.761013031006
92	-48.92	-48.92	-45.0	-9.437714	18.52437	4.3617387	-64.95241	-9.438029	0.1	232500	3359.5733873844147
93	-43.1	-43.1	-45.0	-9.461631	18.537653	4.7894297	-60.96687	-9.461968	0.1	235000	3395.35547375679
94	-47.22	-47.22	-44.7	-9.511181	18.552107	8.4707775	-60.846653	-9.511289	0.1	237500	3431.344434738159
95	-43.92	-43.92	-50.0	-9.54216	18.5723	4.5340104	-58.966793	-9.542647	0.0	240000	3467.7012598514557
96	-46.88	-46.88	-45.100002	-9.488141	18.521538	6.754927	-61.88661	-9.4881115	0.1	242500	3504.5231161117554
97	-46.52	-46.52	-40.0	-9.509569	18.508963	3.9756546	-61.88544	-9.509694	0.2	245000	3541.267706632614
98	-47.18	-47.18	-45.0	-9.47674	18.480145	4.2332993	-58.216366	-9.476924	0.1	247500	3577.7127878665924
99	-45.18	-45.18	-50.0	-9.462159	18.476791	8.115526	-58.515995	-9.462356	0.0	250000	3612.577905893326
100	-47.08	-47.08	-49.9	-9.461594	18.453959	11.9271145	-59.832947	-9.461554	0.0	252500	3646.543078660965
101	-44.14	-44.14	-45.0	-9.483303	18.427433	13.12291	-58.689	-9.483329	0.1	255000	3682.4324944019318
102	-49.0	-49.0	-46.2	-9.447236	18.357624	4.807701	-59.66888	-9.447074	0.1	257500	3718.6745002269745
103	-45.12	-45.12	-45.0	-9.432408	18.27566	5.0703373	-59.34119	-9.432337	0.1	260000	3755.2743282318115
104	-45.72	-45.72	-50.0	-9.410722	18.196539	3.9347534	-59.8847	-9.410758	0.0	262500	3792.2961518764496
105	-47.28	-47.28	-38.2	-9.449973	18.15806	4.0247126	-57.17151	-9.450037	0.3	265000	3828.8257191181183
106	-48.24	-48.24	-39.7	-9.407583	18.077482	4.596939	-60.62738	-9.406832	0.2	267500	3865.54843378067
107	-48.52	-48.52	-50.0	-9.40589	18.016167	8.10369	-57.343407	-9.406168	0.0	270000	3902.489722251892
108	-48.2	-48.2	-48.4	-9.337536	17.889725	4.0216637	-59.257607	-9.3373165	0.1	272500	3938.6700434684753
109	-48.22	-48.22	-45.100002	-9.327066	17.80841	5.373659	-59.362373	-9.327476	0.1	275000	3975.1732337474823
110	-48.46	-48.46	-35.0	-9.313556	17.725727	4.493341	-61.83919	-9.31322	0.3	277500	4011.36132979393
111	-46.64	-46.64	-45.399998	-9.346618	17.68492	3.503324	-62.87424	-9.346817	0.1	280000	4047.173726081848
112	-42.82	-42.82	-46.6	-9.258356	17.560015	6.361506	-65.642586	-9.258401	0.0	282500	4083.1320462226868
113	-42.94	-42.94	-40.7	-9.289422	17.483574	7.463977	-58.94749	-9.28982	0.2	285000	4119.150937080383
114	-44.94	-44.94	-44.899998	-9.202178	17.31313	3.9569428	-63.024994	-9.202059	0.1	287500	4155.610874652863
115	-43.22	-43.22	-40.5	-9.133903	17.173943	5.441402	-59.26037	-9.133879	0.2	290000	4191.84663438797
116	-41.92	-41.92	-44.899998	-9.083581	17.011705	6.4498835	-57.693703	-9.083368	0.1	292500	4227.6299884319305
117	-46.3	-46.3	-44.5	-8.9749775	16.76794	4.633508	-63.253036	-8.974192	0.2	295000	4264.5704436302185
118	-44.5	-44.5	-44.2	-8.851364	16.499369	3.8681736	-60.00049	-8.851059	0.1	297500	4301.402698278427
119	-42.36	-42.36	-38.0	-8.724033	16.242903	6.641426	-58.765347	-8.724306	0.3	300000	4338.000034809113
120	-43.4	-43.4	-41.8	-8.646457	16.032082	4.561878	-60.22232	-8.646181	0.2	302500	4374.22346162796
121	-49.68	-49.68	-49.8	-8.616476	15.941413	3.938018	-63.20499	-8.617711	0.0	305000	4410.537013053894
122	-44.52	-44.52	-49.2	-8.65984	15.895171	3.2857866	-61.322514	-8.660072	0.0	307500	4446.861776590347
123	-42.36	-42.36	-44.7	-8.590624	15.723669	5.4157724	-60.807865	-8.591318	0.2	310000	4483.103090286255
124	-41.48	-41.48	-45.2	-8.503173	15.518471	3.8900476	-61.71708	-8.503518	0.1	312500	4519.339018821716
125	-44.84	-44.84	-43.8	-8.398375	15.306461	3.9352367	-58.58631	-8.398821	0.1	315000	4555.468136548996
126	-43.58	-43.58	-37.7	-8.303366	15.130303	4.3428473	-59.40105	-8.303827	0.3	317500	4592.066295862198
127	-44.58	-44.58	-40.3	-8.376243	15.0894375	6.00444	-60.849953	-8.375775	0.2	320000	4628.208106994629
128	-43.42	-43.42	-41.5	-8.342529	14.959271	4.0139694	-63.791138	-8.343151	0.2	322500	4664.218401670456
129	-43.98	-43.98	-34.3	-8.3775015	14.9911	7.4472723	-61.947147	-8.3779125	0.3	325000	4699.894510984421
130	-41.68	-41.68	-39.399998	-8.36957	14.938215	7.0219145	-59.24222	-8.369445	0.2	327500	4736.708453416824
131	-39.06	-39.06	-45.3	-8.347913	14.849821	3.9182374	-60.591118	-8.3477955	0.2	330000	4773.473477602005
132	-43.98	-43.98	-36.5	-8.308038	14.725078	5.5095725	-61.16964	-8.308868	0.3	332500	4810.233117580414
133	-44.74	-44.74	-47.3	-8.275813	14.569759	5.260948	-58.497852	-8.275861	0.1	335000	4845.116093873978
134	-40.8	-40.8	-39.7	-8.212982	14.441397	4.160347	-64.75114	-8.212908	0.1	337500	4878.786495923996
135	-39.46	-39.46	-40.899998	-8.184085	14.353708	5.9256215	-58.609802	-8.184095	0.2	340000	4915.759017467499
136	-39.58	-39.58	-42.7	-8.17626	14.267318	8.350813	-58.859566	-8.175631	0.1	342500	4951.614626407623
137	-39.92	-39.92	-32.8	-8.196306	14.186379	3.70231	-59.80605	-8.195981	0.3	345000	4988.169588088989
138	-42.44	-42.44	-39.0	-8.08544	14.017053	6.8390446	-61.60895	-8.085324	0.1	347500	5023.637598276138
139	-39.66	-39.66	-33.399998	-8.034272	13.859828	6.508492	-60.31069	-8.034313	0.4	350000	5059.984785318375
140	-38.28	-38.28	-43.399998	-8.032727	13.688713	3.893021	-61.351204	-8.03217	0.1	352500	5095.438906908035
141	-41.56	-41.56	-44.7	-7.9555283	13.564836	5.170564	-63.525257	-7.9552507	0.1	355000	5131.263231277466
142	-38.14	-38.14	-44.399998	-7.9751606	13.522905	5.633208	-62.53095	-7.9744825	0.2	357500	5166.745516777039
143	-40.6	-40.6	-31.0	-8.003781	13.493323	4.516227	-64.04175	-8.003404	0.5	360000	5203.335322856903
144	-37.44	-37.44	-36.5	-8.018806	13.416678	8.068535	-64.74548	-8.018862	0.3	362500	5239.08696103096
145	-36.68	-36.68	-38.100002	-7.9868455	13.300511	5.6327157	-64.12016	-7.9863286	0.3	365000	5274.289969205856
146	-38.38	-38.38	-26.6	-8.053832	13.271757	3.9014363	-62.70351	-8.053344	0.5	367500	5310.053375959396
147	-36.38	-36.38	-35.0	-8.028641	13.159645	4.207479	-60.917614	-8.028763	0.5	370000	5346.407117843628
148	-38.6	-38.6	-29.3	-8.002149	13.060129	3.7871013	-60.354984	-8.002032	0.6	372500	5382.234446763992
149	-41.74	-41.74	-32.399998	-8.051129	13.062734	6.8171372	-62.19588	-8.050287	0.7	375000	5418.106365919113
150	-38.12	-38.12	-38.8	-8.020698	13.000607	4.7143917	-63.3377	-8.02136	0.3	377500	5454.245994567871
151	-37.62	-37.62	-18.1	-8.040432	12.944275	5.1785507	-62.429974	-8.04041	0.7	380000	5490.330130338669
152	-31.14	-31.14	-16.199999	-8.051831	12.878605	6.31264	-64.724304	-8.05187	0.7	382500	5526.125361919403
153	-34.56	-34.56	-31.4	-7.910181	12.667878	4.8061113	-62.09125	-7.9094133	0.4	385000	5561.994438171387
154	-32.76	-32.76	-33.100002	-7.9299707	12.616538	7.281345	-70.45252	-7.930184	0.5	387500	5597.852401256561
155	-35.14	-35.14	-30.1	-7.8828387	12.452212	4.4849033	-62.18171	-7.8835354	0.8	390000	5634.460252285004
156	-30.1	-30.1	-39.5	-7.884096	12.36679	5.8737006	-64.20376	-7.8835545	0.4	392500	5670.539848327637
157	-31.42	-31.42	-35.100002	-7.802627	12.217139	5.7250495	-60.435455	-7.803864	0.4	395000	5707.022864103317
158	-31.06	-31.06	-19.1	-7.8073497	12.100501	5.3568993	-63.138405	-7.8077397	0.9	397500	5742.976283550262
159	-31.04	-31.04	-25.0	-7.744057	11.982734	5.1206408	-60.10773	-7.743848	0.6	400000	5778.807569026947
160	-35.78	-35.78	-17.6	-7.735325	11.88677	4.7963743	-61.35048	-7.73452	0.8	402500	5815.279683828354
161	-34.62	-34.62	-36.7	-7.6779656	11.798566	4.0131927	-61.32518	-7.678053	0.3	405000	5851.207044839859
162	-31.64	-31.64	-31.2	-7.7131076	11.754244	5.6873684	-61.631367	-7.713751	0.6	407500	5887.600783824921
163	-32.98	-32.98	-30.4	-7.6393538	11.608524	9.973386	-63.682957	-7.63963	0.7	410000	5924.7560386657715
164	-35.42	-35.42	-41.100002	-7.6313906	11.552948	5.459487	-67.84774	-7.6312246	0.2	412500	5959.738610744476
165	-35.16	-35.16	-30.6	-7.5987697	11.418528	3.93398	-59.353085	-7.5985317	0.5	415000	5996.11571764946
166	-32.26	-32.26	-30.1	-7.583685	11.308444	6.7818894	-60.54331	-7.5841227	0.7	417500	6032.075977802277
167	-28.66	-28.66	-24.3	-7.4553823	11.093207	5.577454	-71.86465	-7.455391	0.8	420000	6067.874884366989
168	-33.22	-33.22	-26.6	-7.4229627	10.930621	6.1251483	-73.85545	-7.42302	0.6	422500	6103.46032834053
169	-34.0	-34.0	-28.7	-7.340014	10.759568	6.8831353	-64.34208	-7.3399734	0.6	425000	6140.27694106102
170	-32.7	-32.7	-31.7	-7.2627573	10.621788	4.799459	-63.94515	-7.262246	0.4	427500	6176.036566734314
171	-30.82	-30.82	-29.6	-7.2300553	10.498894	5.4286237	-61.51229	-7.22953	0.6	430000	6212.044512271881
172	-33.42	-33.42	-28.4	-7.2104096	10.351316	5.3767734	-61.6376	-7.2105036	0.5	432500	6248.289150714874
173	-23.86	-23.86	-36.5	-7.1907444	10.255111	5.063579	-66.6639	-7.1915264	0.6	435000	6283.991516590118
174	-30.22	-30.22	-26.4	-7.1234746	10.158666	4.694491	-73.32587	-7.1231146	0.8	437500	6319.4050278663635
175	-34.98	-34.98	-35.100002	-7.0794444	10.104976	4.179536	-66.90954	-7.079569	0.4	440000	6355.0663685798645
176	-33.02	-33.02	-34.5	-7.0983343	10.02515	4.392618	-62.30434	-7.0976896	0.6	442500	6390.296432495117
177	-32.64	-32.64	-26.3	-7.075428	9.906655	6.143526	-68.55243	-7.0756283	0.8	445000	6425.743713140488
178	-36.38	-36.38	-29.3	-7.0578775	9.838921	3.9847221	-65.48389	-7.0579147	0.6	447500	6461.345173358917
179	-30.38	-30.38	-13.3	-7.0488777	9.74851	5.190691	-59.41768	-7.048437	0.9	450000	6496.994378089905
180	-30.36	-30.36	-30.6	-7.0520916	9.7125	5.7376957	-74.505646	-7.0513325	0.8	452500	6532.875741004944
181	-28.7	-28.7	-31.5	-6.994353	9.626478	4.4728093	-66.8014	-6.9941325	0.5	455000	6568.732563257217
182	-32.14	-32.14	-21.199999	-7.0448093	9.582261	5.197662	-63.36895	-7.045516	0.6	457500	6604.633966684341
183	-29.78	-29.78	-17.0	-7.022979	9.524357	7.222043	-62.7109	-7.0222635	0.8	460000	6640.57447218895
184	-29.4	-29.4	-19.1	-6.980472	9.461696	5.0986104	-65.65302	-6.9805427	0.9	462500	6676.426340103149
185	-27.82	-27.82	-22.6	-6.9309344	9.353502	7.8127446	-59.43753	-6.9310603	0.8	465000	6712.183521032333
186	-27.34	-27.34	-27.2	-6.902194	9.273416	6.6996617	-67.20048	-6.9018936	0.6	467500	6747.984318733215
187	-29.84	-29.84	-23.7	-6.8431997	9.17174	8.726636	-64.501205	-6.8432884	0.7	470000	6784.17138671875
188	-32.26	-32.26	-24.0	-6.820875	9.0835285	4.113691	-60.495827	-6.8209043	0.6	472500	6820.4096512794495
189	-24.72	-24.72	-21.300001	-6.763725	8.971383	4.7866917	-59.593403	-6.763855	0.8	475000	6856.6182861328125
190	-28.92	-28.92	-35.2	-6.7235627	8.916414	8.190088	-65.03187	-6.724049	0.6	477500	6893.108531236649
191	-25.26	-25.26	-26.5	-6.6426606	8.764649	5.876807	-63.306274	-6.6420712	0.6	480000	6928.784664392471
192	-31.52	-31.52	-23.3	-6.61293	8.668688	7.6599965	-62.084774	-6.612847	0.7	482500	6964.887149095535
193	-32.02	-32.02	-29.5	-6.556871	8.58016	8.298052	-59.73574	-6.55636	0.7	485000	7000.833207368851
194	-28.0	-28.0	-21.5	-6.5791698	8.563518	6.090515	-66.84339	-6.579467	0.9	487500	7036.6304252147675
195	-30.4	-30.4	-22.5	-6.579567	8.5407095	6.618417	-63.044685	-6.5796967	0.8	490000	7072.10578584671
196	-25.66	-25.66	-14.1	-6.5403643	8.469116	6.619119	-61.33879	-6.5399723	0.9	492500	7108.203457117081
197	-27.48	-27.48	-23.4	-6.4672227	8.382956	4.771661	-62.22918	-6.4670186	0.6	495000	7144.384598731995
198	-29.84	-29.84	-22.1	-6.447452	8.276335	6.8998184	-67.82095	-6.447953	0.8	497500	7180.473881959915
199	-30.24	-30.24	-23.7	-6.4863505	8.266295	4.6355066	-60.702694	-6.486758	0.7	500000	7216.861972332001
200	-29.7	-29.7	-9.599999	-6.4591393	8.242973	4.549835	-68.83938	-6.459654	1.0	502500	7252.513721704483
201	-24.98	-24.98	-25.3	-6.5137043	8.249114	9.101166	-60.689415	-6.514137	0.7	505000	7288.899328947067
202	-28.5	-28.5	-23.4	-6.544659	8.253623	5.1222777	-71.394775	-6.54598	0.6	507500	7324.504401683807
203	-28.88	-28.88	-30.0	-6.546958	8.241335	8.099962	-64.22511	-6.5470414	0.6	510000	7360.883911371231
204	-26.74	-26.74	-26.0	-6.549802	8.243546	8.604187	-69.86806	-6.550065	0.7	512500	7396.8619775772095
205	-26.88	-26.88	-25.2	-6.5207753	8.160004	4.5292664	-61.4306	-6.520895	0.5	515000	7433.775555849075
206	-29.26	-29.26	-32.600002	-6.5215487	8.157948	5.769021	-60.40898	-6.521811	0.7	517500	7469.91762638092
207	-26.1	-26.1	-17.300001	-6.4796414	8.094614	4.8207197	-66.94386	-6.479469	0.8	520000	7506.66289639473
208	-27.32	-27.32	-18.699999	-6.4619484	8.11439	5.5686846	-62.52912	-6.4622445	1.0	522500	7541.0661606788635
209	-28.9	-28.9	-23.6	-6.4373507	8.031168	5.010957	-61.928516	-6.4381647	0.8	525000	7577.449450492859
210	-28.88	-28.88	-27.1	-6.375394	7.9664493	5.9214706	-62.09051	-6.3755827	0.8	527500	7614.163487911224
211	-26.92	-26.92	-26.8	-6.342329	7.899375	8.453811	-64.45802	-6.3423367	0.8	530000	7650.052166700363
212	-26.66	-26.66	-16.6	-6.3449206	7.878907	4.379064	-62.51936	-6.3453736	1.0	532500	7686.366726636887
213	-28.36	-28.36	-21.5	-6.3277903	7.903286	6.586902	-70.14432	-6.328537	0.9	535000	7721.833489894867
214	-29.8	-29.8	-18.5	-6.3100257	7.8645906	6.234863	-60.664463	-6.3098526	0.9	537500	7758.082880735397
215	-26.98	-26.98	-12.6	-6.3366523	7.916822	7.9522886	-70.69984	-6.3372064	0.9	540000	7793.491208314896
216	-24.54	-24.54	-16.5	-6.3292227	7.917443	5.2509766	-61.04044	-6.329737	1.0	542500	7829.097405672073
217	-24.78	-24.78	-13.7	-6.304583	7.899001	6.077805	-61.787445	-6.304194	0.9	545000	7865.144075155258
218	-25.06	-25.06	-21.199999	-6.2676105	7.8473496	6.2138715	-64.746864	-6.2680926	0.8	547500	7899.587702989578
219	-23.8	-23.8	-19.199999	-6.228238	7.7894826	6.8619037	-60.106472	-6.227858	0.9	550000	7934.692276477814
220	-25.44	-25.44	-16.0	-6.1994495	7.762258	7.710033	-57.761463	-6.200734	0.8	552500	7970.3796129226685
221	-26.54	-26.54	-15.6	-6.2090206	7.792042	6.6328135	-62.747078	-6.2094455	1.0	555000	8005.511803865433
222	-23.8	-23.8	-10.900001	-6.1455646	7.7314763	6.1492023	-61.711987	-6.1455975	1.0	557500	8041.802461862564
223	-26.74	-26.74	-11.599999	-6.1586256	7.7068095	4.6508427	-73.00813	-6.158383	1.0	560000	8077.260464429855
224	-22.54	-22.54	-14.3	-6.092945	7.648065	5.4992523	-61.410656	-6.092539	0.9	562500	8113.485620498657
225	-29.0	-29.0	-28.7	-6.1254787	7.6428394	6.5864406	-63.582935	-6.1253905	0.8	565000	8149.576704263687
226	-26.68	-26.68	-11.099999	-6.0531597	7.5621424	9.735401	-59.382957	-6.053127	0.9	567500	8186.096095561981
227	-25.52	-25.52	-17.699999	-6.042769	7.5350523	6.3450713	-57.908695	-6.0433493	0.8	570000	8222.314131975174
228	-29.5	-29.5	-23.199999	-6.0414104	7.5318155	4.227557	-61.090054	-6.042228	0.9	572500	8258.109521627426
229	-24.72	-24.72	-11.3	-6.0147104	7.5052776	5.8006434	-63.30568	-6.01457	1.0	575000	8293.605107784271
230	-25.24	-25.24	-22.1	-5.9827056	7.488228	7.0996437	-62.708	-5.9833627	0.8	577500	8329.951395273209
231	-26.22	-26.22	-22.699999	-5.939541	7.436895	3.920911	-69.75875	-5.9396358	0.9	580000	8366.005914211273
232	-27.14	-27.14	-24.3	-5.9327636	7.4192033	5.521165	-58.717384	-5.933102	0.7	582500	8402.36474108696
233	-21.36	-21.36	-20.699999	-5.8907685	7.3648868	4.988664	-76.7088	-5.890565	0.8	585000	8438.203796386719
234	-23.82	-23.82	-12.2	-5.900182	7.3542786	7.0518913	-63.309494	-5.9006734	1.0	587500	8475.037299871445
235	-22.44	-22.44	-22.0	-5.8925753	7.390644	6.673772	-62.87279	-5.8922114	0.9	590000	8511.241637945175
236	-24.86	-24.86	-22.199999	-5.8504534	7.331373	4.4576535	-63.128357	-5.850703	0.8	592500	8547.6021194458
237	-24.64	-24.64	-10.3	-5.858637	7.345482	8.608147	-64.782326	-5.8586736	1.0	595000	8584.470913648605
238	-24.0	-24.0	-20.5	-5.825697	7.332667	4.672941	-61.20456	-5.825133	0.8	597500	8620.754264831543
239	-26.26	-26.26	-10.7	-5.795242	7.2953143	5.3101597	-58.370064	-5.795565	1.0	600000	8657.059483766556
240	-20.18	-20.18	-18.4	-5.804401	7.2858567	4.6708875	-60.31927	-5.8046145	0.8	602500	8692.965938091278
241	-21.68	-21.68	-14.8	-5.7498527	7.2623644	6.7781672	-62.165413	-5.749321	0.8	605000	8728.394743442535
242	-27.48	-27.48	-13.2	-5.7479253	7.2167044	4.8624053	-60.980164	-5.748569	0.9	607500	8763.417451143265
243	-23.14	-23.14	-19.4	-5.743058	7.2488317	6.628394	-61.72594	-5.742892	0.9	610000	8799.319223165512
244	-21.56	-21.56	-14.9	-5.694427	7.19928	5.0632763	-69.089745	-5.6945777	1.0	612500	8834.541830778122
245	-24.84	-24.84	-17.199999	-5.6269684	7.1507316	8.788794	-63.824226	-5.62714	0.8	615000	8870.222764015198
246	-24.04	-24.04	-17.199999	-5.612771	7.158006	5.13008	-70.12881	-5.6127586	1.0	617500	8905.60012626648
247	-19.1	-19.1	-10.099999	-5.6102495	7.154198	5.877529	-61.05595	-5.6104655	1.0	620000	8941.221675157547
248	-26.08	-26.08	-8.5	-5.5873904	7.1235447	5.3553805	-61.03212	-5.587644	1.0	622500	8977.177277803421
249	-22.56	-22.56	-13.3	-5.572781	7.105761	4.511037	-65.72734	-5.572007	0.9	625000	9012.75121974945
250	-20.64	-20.64	-10.400001	-5.5459504	7.1118097	7.123772	-70.2831	-5.5463724	1.0	627500	9048.553363323212
251	-22.16	-22.16	-15.9	-5.51659	7.067372	5.5915456	-72.30882	-5.516365	0.9	630000	9085.038786649704
252	-22.24	-22.24	-13.5	-5.4692707	7.038992	4.892824	-60.072987	-5.4690514	0.9	632500	9121.0263504982
253	-26.96	-26.96	-12.4	-5.4346943	7.0075445	5.512672	-64.391884	-5.4344487	1.0	635000	9157.284571409225
254	-21.84	-21.84	-9.0	-5.3792205	6.935464	6.4934483	-61.749527	-5.378629	1.0	637500	9193.739334344864
255	-21.58	-21.58	-13.8	-5.3298235	6.885369	5.7173824	-66.707214	-5.329365	1.0	640000	9230.000851869583
256	-23.04	-23.04	-13.5	-5.274659	6.8074317	5.9989104	-61.457214	-5.274742	1.0	642500	9266.475042581558
257	-22.1	-22.1	-19.699999	-5.2369924	6.751117	10.982616	-63.571953	-5.2374845	0.8	645000	9302.859926700592
258	-20.74	-20.74	-13.6	-5.176417	6.698293	4.1000557	-59.772076	-5.1766896	1.0	647500	9339.122386217117
259	-21.1	-21.1	-15.3	-5.100157	6.6259704	4.6371326	-59.86351	-5.099899	1.0	650000	9375.346715211868
260	-25.8	-25.8	-12.9	-5.0781455	6.5940185	9.714932	-60.692318	-5.0782757	1.0	652500	9411.372112751007
261	-20.28	-20.28	-12.4	-5.0511155	6.605174	9.597161	-63.165512	-5.0512514	1.0	655000	9447.541124343872
262	-20.22	-20.22	-15.2	-5.0194187	6.5952053	5.0616593	-60.760418	-5.019582	0.9	657500	9483.889981031418
263	-19.84	-19.84	-11.400001	-4.9648023	6.5944533	6.615428	-84.968735	-4.9647064	1.0	660000	9520.667299032211
264	-22.32	-22.32	-7.8	-4.9120665	6.595605	3.7149959	-78.07167	-4.9119945	1.0	662500	9557.721414089203
265	-21.28	-21.28	-14.1	-4.8894634	6.552089	4.965393	-66.6653	-4.8894415	1.0	665000	9594.609693288803
266	-25.98	-25.98	-12.7	-4.8408604	6.5322595	4.8443947	-71.90739	-4.8401823	1.0	667500	9630.451739549637
267	-18.36	-18.36	-18.1	-4.7841096	6.457126	4.6275663	-68.527306	-4.7839365	0.9	670000	9665.866750240326
268	-20.72	-20.72	-11.7	-4.7189913	6.409694	9.820857	-72.78987	-4.7186456	1.0	672500	9701.613872289658
269	-22.74	-22.74	-14.0	-4.7064147	6.4101067	7.342092	-62.8657	-4.706243	1.0	675000	9737.673157215118
270	-23.48	-23.48	-10.099999	-4.6786227	6.4065657	4.804345	-70.4436	-4.678384	1.0	677500	9772.960894584656
271	-19.56	-19.56	-12.7	-4.69194	6.444196	7.5345554	-60.8304	-4.6919727	0.9	680000	9808.6668009758
272	-18.54	-18.54	-14.2	-4.672801	6.4249573	5.995864	-60.9058	-4.672663	1.0	682500	9844.752957820892
273	-19.78	-19.78	-11.599999	-4.618538	6.395153	4.361152	-63.004536	-4.618534	1.0	685000	9880.471768379211
274	-22.54	-22.54	-10.0	-4.551592	6.32998	7.5788774	-61.12078	-4.5515213	1.0	687500	9916.209386110306
275	-20.86	-20.86	-14.6	-4.560406	6.332179	4.6591525	-61.77813	-4.5604215	0.9	690000	9951.720829963684
276	-21.24	-21.24	-15.6	-4.5631137	6.363083	3.9515529	-76.4191	-4.5632286	1.0	692500	9987.66005039215
277	-19.14	-19.14	-10.8	-4.511992	6.358593	5.8153954	-60.391907	-4.512012	1.0	695000	10023.293397426605
278	-19.54	-19.54	-12.5	-4.476628	6.299819	6.704468	-58.45746	-4.4760404	0.9	697500	10060.275960445404
279	-19.7	-19.7	-11.8	-4.433037	6.2904754	9.345774	-69.22201	-4.433089	1.0	700000	10095.858917951584
280	-19.2	-19.2	-13.8	-4.3959827	6.253959	5.894721	-64.4693	-4.3956647	1.0	702500	10131.871711969376
281	-19.86	-19.86	-11.099999	-4.3743687	6.2128835	7.638097	-68.30136	-4.3741155	1.0	705000	10168.371117830276
282	-19.46	-19.46	-8.400001	-4.329059	6.2003584	5.8982015	-62.288513	-4.3288307	1.0	707500	10204.328707695007
283	-19.52	-19.52	-11.400001	-4.285611	6.1541505	5.5888715	-73.08254	-4.285338	1.0	710000	10240.485430002213
284	-20.62	-20.62	-12.5	-4.24807	6.1118903	5.343825	-66.15965	-4.247818	1.0	712500	10276.205591917038
285	-19.18	-19.18	-8.400001	-4.2018704	6.0921965	5.0062685	-64.69719	-4.2017775	1.0	715000	10311.568888187408
286	-20.86	-20.86	-12.4	-4.1785045	6.0545673	6.1831293	-63.735065	-4.178309	1.0	717500	10348.216527223587
287	-18.02	-18.02	-13.0	-4.1465173	6.0490394	4.3425736	-62.604477	-4.1461625	1.0	720000	10383.809389591217
288	-20.86	-20.86	-11.599999	-4.0965323	6.028521	9.017077	-77.50105	-4.0964813	1.0	722500	10419.219738006592
289	-21.92	-21.92	-13.5	-4.0778165	6.021599	3.615597	-63.758965	-4.077771	1.0	725000	10455.38339471817
290	-17.84	-17.84	-10.2	-4.0725226	6.0240493	4.963234	-70.396866	-4.072406	1.0	727500	10491.584938764572
291	-24.36	-24.36	-9.8	-4.0403004	5.954181	4.5112934	-61.714657	-4.0398245	1.0	730000	10528.079715490341
292	-21.1	-21.1	-12.0	-4.0335636	5.945674	5.136583	-64.986984	-4.033446	1.0	732500	10564.597265481949
293	-21.38	-21.38	-11.9	-4.01358	5.9449	4.4275627	-65.401	-4.0134892	1.0	735000	10600.18759059906
294	-19.32	-19.32	-10.900001	-3.9396794	5.862829	3.8164957	-61.681057	-3.9391568	1.0	737500	10635.752050161362
295	-20.28	-20.28	-9.7	-3.9329567	5.85571	4.9664726	-60.228558	-3.932609	1.0	740000	10671.330599546432
296	-19.36	-19.36	-7.9	-3.9238858	5.833854	3.5939627	-63.798717	-3.9239457	1.0	742500	10706.711109876633
297	-23.02	-23.02	-11.2	-3.8789275	5.7635946	4.5138264	-72.5213	-3.8793924	1.0	745000	10742.51702427864
298	-16.7	-16.7	-15.1	-3.8553705	5.7514267	6.603716	-70.39513	-3.855019	0.9	747500	10778.164662599564
299	-21.14	-21.14	-14.1	-3.8234575	5.7291613	4.2810445	-67.62127	-3.8234017	1.0	750000	10814.625148773193
300	-19.9	-19.9	-10.2	-3.7930098	5.6795735	4.060136	-57.770576	-3.79278	1.0	752500	10850.85802936554
301	-19.44	-19.44	-8.5	-3.7358203	5.6137943	4.699988	-75.01124	-3.7354887	1.0	755000	10887.112038612366
302	-20.52	-20.52	-11.3	-3.71128	5.582363	7.5772862	-61.788635	-3.7112887	0.9	757500	10923.42551612854
303	-21.52	-21.52	-9.2	-3.713937	5.5813656	4.9349775	-65.11865	-3.7137837	1.0	760000	10960.17166519165
304	-20.2	-20.2	-10.2	-3.6904175	5.5649066	4.373861	-58.248653	-3.6904325	1.0	762500	10996.678722143173
305	-19.22	-19.22	-11.8	-3.6705644	5.527398	5.552025	-69.57239	-3.6700988	1.0	765000	11033.244318962097
306	-17.58	-17.58	-13.1	-3.628563	5.488591	4.6755857	-62.443653	-3.628048	1.0	767500	11069.560705661774
307	-19.06	-19.06	-9.7	-3.5927916	5.4745526	4.7733474	-59.08667	-3.5925758	1.0	770000	11105.848167181015
308	-18.68	-18.68	-7.5	-3.553378	5.395377	5.421495	-86.06875	-3.5528448	1.0	772500	11142.158779144287
309	-20.26	-20.26	-9.8	-3.5522628	5.40259	6.918956	-62.639492	-3.5519338	1.0	775000	11177.931146860123
310	-20.12	-20.12	-14.8	-3.5202925	5.3719015	5.1265774	-65.682594	-3.5201538	1.0	777500	11214.251834154129
311	-20.54	-20.54	-12.5	-3.5099163	5.351518	7.7730794	-76.42201	-3.5097566	1.0	780000	11250.49547457695
312	-18.08	-18.08	-11.599999	-3.4744318	5.2868767	4.70156	-72.5647	-3.4741745	1.0	782500	11287.181381702423
313	-17.76	-17.76	-16.699999	-3.4560132	5.263317	4.0358515	-63.013836	-3.4561794	0.9	785000	11323.152780294418
314	-17.76	-17.76	-15.2	-3.4246871	5.2537346	4.1538653	-67.17123	-3.4247866	0.9	787500	11359.638862609863
315	-20.16	-20.16	-7.7	-3.4049513	5.249376	5.053364	-57.29164	-3.4048128	1.0	790000	11396.21462225914
316	-19.54	-19.54	-12.3	-3.3838031	5.2211947	2.7676952	-73.36429	-3.38384	1.0	792500	11432.451415538788
317	-19.54	-19.54	-8.3	-3.3879962	5.1834526	3.5410764	-68.436424	-3.387547	1.0	795000	11468.690705299377
318	-20.66	-20.66	-13.8	-3.3514063	5.1882153	4.211424	-57.874138	-3.3514576	1.0	797500	11505.130949497223
319	-19.98	-19.98	-13.6	-3.3338766	5.146169	3.565071	-64.371925	-3.3334723	1.0	800000	11541.428909540176
320	-18.0	-18.0	-10.099999	-3.3185203	5.1441813	6.514973	-59.907368	-3.31873	0.9	802500	11578.329135894775
321	-17.88	-17.88	-9.400001	-3.3269312	5.1858582	4.868281	-63.80174	-3.3268027	1.0	805000	11614.733573436737
322	-18.52	-18.52	-12.8	-3.3011284	5.146577	2.8192475	-63.11983	-3.3012547	1.0	807500	11649.951942443848
323	-17.82	-17.82	-9.5	-3.2795165	5.1350226	4.4233465	-61.341534	-3.2793636	1.0	810000	11685.375859260559
324	-19.2	-19.2	-6.3	-3.2846482	5.1167803	4.651695	-80.024506	-3.2845988	1.0	812500	11721.223695755005
325	-19.26	-19.26	-7.6	-3.246366	5.1133404	3.8494918	-63.25317	-3.2465925	1.0	815000	11756.757840394974
326	-17.82	-17.82	-9.0	-3.24074	5.085828	4.9322286	-62.429832	-3.2405005	1.0	817500	11792.404996395111
327	-20.72	-20.72	-7.8	-3.217379	5.064266	4.1170635	-64.960945	-3.217425	1.0	820000	11827.998725891113
328	-17.82	-17.82	-11.8	-3.207917	5.0666885	3.5709534	-59.38751	-3.20755	1.0	822500	11863.93841600418
329	-20.9	-20.9	-13.7	-3.214138	5.0771756	3.1333895	-70.34338	-3.2138686	1.0	825000	11899.932322978973
330	-19.18	-19.18	-9.599999	-3.1792953	5.0572934	6.116301	-65.40133	-3.1793196	1.0	827500	11936.90751361847
331	-18.98	-18.98	-9.2	-3.178624	5.01581	5.9805326	-73.358475	-3.1784005	1.0	830000	11973.275585651398
332	-16.82	-16.82	-10.2	-3.1676064	5.0086513	7.4240503	-65.92413	-3.1674206	1.0	832500	12009.929787158966
333	-18.08	-18.08	-11.7	-3.1541526	5.0075307	3.2486856	-58.1134	-3.154119	1.0	835000	12046.443723678589
334	-20.82	-20.82	-11.3	-3.1646795	5.038625	3.223845	-69.58834	-3.1648912	1.0	837500	12082.741144418716
335	-18.38	-18.38	-11.400001	-3.1185908	4.954783	3.7435913	-65.89089	-3.1184304	1.0	840000	12119.418025016785
336	-17.5	-17.5	-10.2	-3.1378226	4.999962	2.9962926	-85.20482	-3.1380618	1.0	842500	12155.732934474945
337	-14.94	-14.94	-9.3	-3.1117637	4.9881377	3.1778417	-56.507385	-3.1118896	1.0	845000	12191.766784906387
338	-19.38	-19.38	-10.2	-3.068129	4.933582	3.0744886	-58.96653	-3.068169	1.0	847500	12227.726033449173
339	-20.14	-20.14	-9.7	-3.0635898	4.936367	4.9321775	-64.27988	-3.0633028	1.0	850000	12263.443669319153
340	-19.4	-19.4	-10.5	-3.0748353	4.9451647	4.138556	-64.07901	-3.0751321	1.0	852500	12299.5056681633
341	-20.84	-20.84	-8.0	-3.062192	4.9747276	2.920598	-62.357216	-3.062231	1.0	855000	12336.48447060585
342	-18.86	-18.86	-11.3	-3.0458875	4.937617	3.4202185	-62.168736	-3.0458884	1.0	857500	12372.450466871262
343	-18.36	-18.36	-10.2	-3.0469532	4.964161	4.950057	-64.71739	-3.0467536	1.0	860000	12408.97538471222
344	-18.22	-18.22	-7.5	-3.0276399	4.9232907	2.6652699	-65.67934	-3.027614	1.0	862500	12445.03948521614
345	-17.26	-17.26	-8.5	-3.0245388	4.920423	2.8487778	-58.88308	-3.0246377	1.0	865000	12481.27392077446
346	-17.46	-17.46	-15.3	-3.012555	4.9263124	3.8057272	-58.48326	-3.0125124	0.9	867500	12516.609535694122
347	-17.18	-17.18	-12.7	-3.0010998	4.9094276	3.4249275	-86.57481	-3.001023	0.9	870000	12552.109223127365
348	-19.74	-19.74	-7.9	-2.992622	4.9041166	2.5719035	-58.336243	-2.992741	1.0	872500	12588.41641330719
349	-23.06	-23.06	-10.5	-2.9815977	4.897855	2.5552952	-63.99605	-2.9814417	1.0	875000	12625.372341394424
350	-19.14	-19.14	-8.099999	-3.0028238	4.9102144	4.3674154	-105.1879	-3.0027773	1.0	877500	12661.464944601059
351	-19.06	-19.06	-12.0	-2.998123	4.930257	5.016549	-83.57348	-2.9981413	1.0	880000	12697.65804886818
352	-18.8	-18.8	-9.0	-2.9813318	4.8923163	4.5973363	-56.47557	-2.9813392	1.0	882500	12734.185129880905
353	-19.4	-19.4	-15.0	-2.9810605	4.909178	4.84993	-57.35603	-2.9808686	1.0	885000	12770.03405880928
354	-16.22	-16.22	-13.0	-2.9864583	4.8671474	3.0912247	-69.63604	-2.9864273	1.0	887500	12806.253987073898
355	-18.0	-18.0	-14.9	-2.971361	4.8593516	3.3418293	-60.172485	-2.9714003	0.9	890000	12842.898802518845
356	-17.9	-17.9	-12.0	-2.9321172	4.8204646	3.6778224	-62.688454	-2.932067	1.0	892500	12879.418905258179
357	-18.82	-18.82	-9.099999	-2.9378405	4.854959	2.5011144	-62.54092	-2.937761	1.0	895000	12915.65232372284
358	-20.2	-20.2	-8.900001	-2.9232044	4.80004	3.1501539	-83.65626	-2.9230783	1.0	897500	12952.022469758987
359	-17.5	-17.5	-8.8	-2.9308245	4.7966285	3.6622944	-68.119026	-2.931055	1.0	900000	12988.341011762619
360	-19.92	-19.92	-9.0	-2.914735	4.7380166	2.4076176	-59.235413	-2.9148653	1.0	902500	13024.692146062851
361	-18.36	-18.36	-8.8	-2.9320588	4.7939916	2.6374872	-109.88251	-2.9320664	1.0	905000	13061.123576402664
362	-20.82	-20.82	-8.599999	-2.9458454	4.8334203	3.124424	-85.21359	-2.9456995	1.0	907500	13097.607132911682
363	-18.62	-18.62	-8.7	-2.9503062	4.8414726	3.577321	-63.953304	-2.9504843	1.0	910000	13134.147391319275
364	-17.68	-17.68	-7.7	-2.9584239	4.8201823	5.055001	-64.52593	-2.9583735	1.0	912500	13168.682187080383
365	-19.98	-19.98	-12.6	-2.9423108	4.796924	3.036224	-54.894554	-2.942451	1.0	915000	13204.379327774048
366	-18.82	-18.82	-12.3	-2.93879	4.803218	3.749433	-63.500195	-2.938765	1.0	917500	13240.21748995781
367	-18.16	-18.16	-6.9	-2.9196198	4.7519035	3.5116808	-72.49289	-2.9196365	1.0	920000	13277.169666528702
368	-20.72	-20.72	-12.2	-2.9330137	4.7640533	7.5810695	-61.484295	-2.932828	1.0	922500	13313.364299058914
369	-19.46	-19.46	-14.0	-2.9392784	4.766053	3.4144537	-60.401966	-2.939254	1.0	925000	13350.045643091202
370	-17.38	-17.38	-14.3	-2.93507	4.798428	6.090804	-59.967556	-2.9347265	0.9	927500	13386.218610525131
371	-17.92	-17.92	-8.8	-2.9137554	4.760835	4.4879713	-60.284355	-2.9138658	1.0	930000	13422.200635194778
372	-19.62	-19.62	-11.8	-2.8944893	4.756818	3.1106915	-62.032265	-2.894303	1.0	932500	13457.769190788269
373	-15.72	-15.72	-11.9	-2.8963945	4.7944345	3.1168594	-57.375328	-2.8963392	1.0	935000	13493.20551276207
374	-18.82	-18.82	-8.599999	-2.8782954	4.7537947	4.912801	-59.955112	-2.8784454	1.0	937500	13529.14834690094
375	-20.2	-20.2	-12.8	-2.8688476	4.74591	3.1859963	-63.0755	-2.8690784	1.0	940000	13564.894102096558
376	-17.42	-17.42	-17.199999	-2.88092	4.7648506	2.8253388	-61.060898	-2.8808765	0.9	942500	13599.973504304886
377	-20.54	-20.54	-9.5	-2.8934705	4.7925715	3.0278823	-59.52592	-2.8934574	1.0	945000	13635.6119389534
378	-18.7	-18.7	-11.400001	-2.871689	4.7715216	4.4908648	-55.628838	-2.8713267	1.0	947500	13671.242705106735
379	-19.5	-19.5	-13.2	-2.8809538	4.7751155	2.570908	-68.37871	-2.881283	0.9	950000	13706.75366640091
380	-17.5	-17.5	-8.099999	-2.9015868	4.7954144	2.97252	-62.071655	-2.9015932	1.0	952500	13742.47106051445
381	-17.56	-17.56	-8.5	-2.8887422	4.8017664	5.620227	-56.307415	-2.8884335	1.0	955000	13778.91396188736
382	-18.32	-18.32	-9.599999	-2.8776383	4.772337	3.4071155	-58.910564	-2.877707	1.0	957500	13815.573138475418
383	-19.96	-19.96	-8.900001	-2.873619	4.7477717	5.342182	-59.40685	-2.873438	1.0	960000	13852.62435555458
384	-18.26	-18.26	-6.8	-2.8644907	4.7390428	3.908328	-60.670193	-2.8645277	1.0	962500	13889.355700969696
385	-18.5	-18.5	-8.7	-2.8491743	4.7238913	3.9802594	-58.95591	-2.8490977	1.0	965000	13925.08983707428
386	-16.38	-16.38	-6.3	-2.8481586	4.7314544	3.7111611	-71.1987	-2.8481867	1.0	967500	13961.206607580185
387	-22.18	-22.18	-10.5	-2.8481696	4.720532	4.7011786	-59.336525	-2.8482442	1.0	970000	13996.93082690239
388	-17.84	-17.84	-7.3	-2.829154	4.7036	3.7096953	-59.071304	-2.8290663	1.0	972500	14033.539888858795
389	-21.14	-21.14	-10.400001	-2.8280468	4.705068	5.8511686	-69.07388	-2.8279219	1.0	975000	14069.147090673447
390	-17.28	-17.28	-9.400001	-2.8431487	4.694318	2.5586362	-59.696987	-2.8433006	1.0	977500	14105.152539491653
391	-18.48	-18.48	-9.0	-2.848456	4.7229304	4.0633163	-59.552162	-2.8485515	1.0	980000	14141.779146194458
392	-18.94	-18.94	-9.400001	-2.8301725	4.713482	3.9357893	-61.05085	-2.8300853	1.0	982500	14177.734909534454
393	-19.92	-19.92	-11.0	-2.8187966	4.71964	3.8278327	-63.809708	-2.8187244	1.0	985000	14213.983767271042
394	-17.72	-17.72	-13.8	-2.8231127	4.706887	4.4064984	-54.409203	-2.8230517	0.9	987500	14250.444665431976
395	-16.52	-16.52	-15.6	-2.8222466	4.708146	4.5007844	-69.01172	-2.8222163	0.9	990000	14286.45126247406
396	-19.32	-19.32	-10.5	-2.8206096	4.6841383	2.6733034	-57.517128	-2.820436	1.0	992500	14323.641892433167
397	-18.26	-18.26	-9.3	-2.810085	4.6665416	3.6863666	-58.41582	-2.8098843	1.0	995000	14360.241838932037
398	-23.02	-23.02	-11.400001	-2.7998435	4.6715946	7.8592362	-57.163704	-2.8000395	1.0	997500	14396.751794576645
399	-20.54	-20.54	-10.7	-2.8165252	4.69514	3.3227077	-55.621098	-2.816525	1.0	1000000	14432.932146072388
400	-17.44	-17.44	-7.7	-2.813843	4.6668973	5.778392	-57.409958	-2.8138168	1.0	1002500	14468.539226055145
401	-19.1	-19.1	-9.7	-2.8353484	4.693433	3.571404	-57.056347	-2.8353524	1.0	1005000	14504.903454780579
402	-16.92	-16.92	-10.099999	-2.8202913	4.6440134	3.510158	-57.463837	-2.8203323	1.0	1007500	14541.047700166702
403	-16.88	-16.88	-11.3	-2.8079512	4.6291995	3.7739754	-55.187885	-2.8080044	1.0	1010000	14577.41519522667
404	-17.3	-17.3	-8.099999	-2.8001113	4.6348004	3.8478644	-58.8973	-2.79983	1.0	1012500	14613.329325914383
405	-17.76	-17.76	-11.400001	-2.8214684	4.654512	4.9547806	-57.08702	-2.8215678	1.0	1015000	14648.871412992477
406	-17.38	-17.38	-10.7	-2.812609	4.6740913	3.7404165	-59.849434	-2.8128495	1.0	1017500	14685.240531206131
407	-17.66	-17.66	-9.2	-2.8132193	4.6685038	3.499579	-61.22101	-2.8129432	1.0	1020000	14721.083533525467
408	-18.7	-18.7	-8.5	-2.8017068	4.661837	6.2222924	-61.494946	-2.8016608	1.0	1022500	14756.764851093292
409	-17.12	-17.12	-9.7	-2.7885063	4.6253104	4.082988	-62.018578	-2.787995	1.0	1025000	14792.557052373886
410	-20.0	-20.0	-12.9	-2.7894297	4.639095	3.1748314	-56.768745	-2.789492	1.0	1027500	14828.465912342072
411	-17.1	-17.1	-8.599999	-2.790325	4.6326284	4.3002963	-59.111973	-2.790183	1.0	1030000	14864.886846065521
412	-17.0	-17.0	-10.400001	-2.7896051	4.644913	4.6749363	-55.689087	-2.7898297	1.0	1032500	14901.28850698471
413	-18.98	-18.98	-9.2	-2.7856982	4.6188283	5.0490804	-59.457306	-2.7856839	1.0	1035000	14937.77506685257
414	-16.96	-16.96	-10.599999	-2.7941446	4.6508856	4.6741133	-64.26129	-2.794367	1.0	1037500	14973.702573299408
415	-16.58	-16.58	-12.0	-2.78586	4.6328597	4.645991	-59.783142	-2.7855535	1.0	1040000	15009.448609828949
416	-14.86	-14.86	-12.0	-2.8136399	4.6842766	4.1307693	-62.013577	-2.813601	1.0	1042500	15044.366868257523
417	-16.42	-16.42	-9.7	-2.8151126	4.663998	4.421908	-58.549084	-2.8149166	1.0	1045000	15080.384652376175
418	-18.26	-18.26	-10.5	-2.792671	4.6303506	7.0226803	-59.55776	-2.792517	1.0	1047500	15116.51570725441
419	-19.32	-19.32	-11.7	-2.7872598	4.6333523	3.9866824	-58.79516	-2.7870824	1.0	1050000	15152.409471035004
420	-18.18	-18.18	-11.0	-2.8116336	4.6646385	4.9036226	-59.798214	-2.811479	1.0	1052500	15189.083662986755
421	-14.08	-14.08	-10.599999	-2.7961164	4.636431	3.5886025	-59.208595	-2.7957802	1.0	1055000	15225.82645869255
422	-18.3	-18.3	-8.3	-2.7680833	4.589448	3.2935615	-56.60787	-2.7679331	1.0	1057500	15261.762289524078
423	-19.62	-19.62	-13.6	-2.7545974	4.554895	3.398722	-56.97594	-2.754658	0.9	1060000	15297.236249446869
424	-18.84	-18.84	-13.1	-2.7559779	4.5543575	4.6123853	-55.622105	-2.75608	1.0	1062500	15331.480561494827
425	-18.06	-18.06	-8.5	-2.770277	4.5878673	2.698803	-58.368504	-2.7700806	1.0	1065000	15366.472927808762
426	-18.7	-18.7	-9.400001	-2.7651098	4.579976	7.3317356	-65.25025	-2.7651405	1.0	1067500	15401.212033033371
427	-19.36	-19.36	-10.5	-2.7585697	4.573004	3.2004251	-57.088127	-2.758398	1.0	1070000	15435.375900745392
428	-18.08	-18.08	-7.7	-2.7589028	4.5659165	7.884202	-58.516438	-2.7588532	1.0	1072500	15469.741795063019
429	-17.72	-17.72	-8.3	-2.7738836	4.5554223	6.1624203	-58.326374	-2.773998	1.0	1075000	15504.632104873657
430	-16.14	-16.14	-12.9	-2.7481878	4.5269136	2.460227	-56.708893	-2.7482386	1.0	1077500	15539.0406935215
431	-17.66	-17.66	-9.3	-2.7539773	4.5085635	3.8561354	-77.5849	-2.7538338	1.0	1080000	15573.608667373657
432	-17.0	-17.0	-9.8	-2.7481468	4.5496407	7.273484	-61.539112	-2.7480876	1.0	1082500	15607.856658697128
433	-18.66	-18.66	-7.9	-2.7492027	4.5096397	5.547843	-60.174606	-2.7488956	1.0	1085000	15642.477638244629
434	-18.9	-18.9	-12.0	-2.7869601	4.5774946	4.1232376	-65.23161	-2.7868228	1.0	1087500	15677.173088788986
435	-18.26	-18.26	-8.5	-2.761171	4.51825	3.7053895	-57.430088	-2.760967	1.0	1090000	15712.034501075745
436	-17.32	-17.32	-8.2	-2.7758768	4.5156407	4.440604	-57.394238	-2.7760446	1.0	1092500	15747.35946559906
437	-19.66	-19.66	-9.400001	-2.7763875	4.5181584	3.5254343	-77.293816	-2.776753	1.0	1095000	15783.095343589783
438	-19.28	-19.28	-9.599999	-2.785702	4.501718	4.87125	-71.95949	-2.785485	1.0	1097500	15819.244920492172
439	-17.7	-17.7	-8.3	-2.7874055	4.525496	3.2462442	-55.016094	-2.7875493	1.0	1100000	15854.386708498001
440	-18.16	-18.16	-9.400001	-2.7734396	4.5219655	2.6117675	-56.791805	-2.773529	1.0	1102500	15889.69695854187
441	-18.22	-18.22	-11.3	-2.7904255	4.55317	3.1339173	-57.20936	-2.7903764	1.0	1105000	15925.205085754395
442	-17.34	-17.34	-8.900001	-2.799482	4.542695	2.6410472	-58.88932	-2.799498	1.0	1107500	15959.871404647827
443	-17.18	-17.18	-12.3	-2.7913718	4.5810356	3.055132	-60.39552	-2.7915459	1.0	1110000	15994.87271142006
444	-19.74	-19.74	-11.3	-2.7572443	4.518172	6.792334	-58.65912	-2.757449	1.0	1112500	16030.506093978882
445	-15.68	-15.68	-7.7	-2.7566087	4.5269113	4.8445554	-64.75716	-2.7568326	1.0	1115000	16065.658826589584
446	-17.2	-17.2	-9.099999	-2.7454815	4.5659003	2.3801184	-57.29199	-2.745503	1.0	1117500	16100.556186676025
447	-19.54	-19.54	-10.599999	-2.7342997	4.516141	3.139202	-58.027554	-2.7341926	1.0	1120000	16135.18991780281
448	-14.64	-14.64	-10.7	-2.7415686	4.5024676	3.500153	-61.01936	-2.7416048	1.0	1122500	16169.376167297363
449	-18.38	-18.38	-9.3	-2.7426705	4.4979076	4.340946	-58.76943	-2.7427888	1.0	1125000	16204.26136136055
450	-16.4	-16.4	-9.8	-2.758569	4.5449777	6.81214	-57.813362	-2.75868	1.0	1127500	16238.779376983643
451	-16.3	-16.3	-9.900001	-2.7464545	4.5444193	3.959353	-59.824966	-2.7464654	1.0	1130000	16273.959674835205
452	-18.46	-18.46	-10.7	-2.7443523	4.5456505	3.3617349	-73.32003	-2.7441473	1.0	1132500	16308.606667757034
453	-16.22	-16.22	-7.4	-2.7270257	4.5056114	3.7089968	-59.30169	-2.7267835	1.0	1135000	16343.380214691162
454	-17.82	-17.82	-8.2	-2.7236624	4.4855604	9.583224	-58.128933	-2.7237551	1.0	1137500	16378.253705501556
455	-17.9	-17.9	-7.7	-2.7328684	4.4911127	4.0635777	-66.82644	-2.7326462	1.0	1140000	16412.98601794243
456	-17.82	-17.82	-9.900001	-2.7177687	4.512429	2.6659522	-57.953724	-2.7178688	1.0	1142500	16448.328863859177
457	-19.0	-19.0	-7.1	-2.7196348	4.4848905	3.570156	-59.780777	-2.7196045	1.0	1145000	16482.774112939835
458	-17.08	-17.08	-11.400001	-2.7219357	4.498411	5.8219585	-59.328964	-2.722032	1.0	1147500	16517.2878510952
459	-17.66	-17.66	-10.400001	-2.7070246	4.4931498	5.4266887	-72.10196	-2.7069209	1.0	1150000	16552.0632045269
460	-19.74	-19.74	-10.7	-2.7091193	4.4753976	2.1315835	-59.03915	-2.7093065	1.0	1152500	16586.56036925316
461	-19.46	-19.46	-10.599999	-2.7085094	4.475663	3.3345058	-63.810043	-2.7084184	1.0	1155000	16620.662106990814
462	-17.46	-17.46	-15.0	-2.7358155	4.5124097	3.8424654	-60.549225	-2.7358785	0.9	1157500	16655.314675569534
463	-17.34	-17.34	-11.7	-2.731574	4.5196652	2.8581882	-58.555305	-2.7312698	1.0	1160000	16689.59399175644
464	-16.48	-16.48	-11.599999	-2.7173347	4.5027223	3.4663982	-59.271843	-2.71726	1.0	1162500	16723.55690050125
465	-17.72	-17.72	-7.4	-2.730699	4.548667	2.01516	-60.07397	-2.730868	1.0	1165000	16757.919184207916
466	-19.3	-19.3	-12.0	-2.7198203	4.5375175	3.569943	-61.218857	-2.7196865	1.0	1167500	16792.418900728226
467	-17.34	-17.34	-11.0	-2.6997597	4.5255895	5.595338	-67.26939	-2.6996887	1.0	1170000	16826.985978126526
468	-18.1	-18.1	-9.0	-2.7114718	4.5318055	3.020992	-60.81683	-2.711722	1.0	1172500	16861.3792655468
469	-17.42	-17.42	-14.3	-2.7156405	4.5436277	2.9134936	-57.736134	-2.7158039	1.0	1175000	16894.991236925125
470	-18.06	-18.06	-7.8	-2.7191765	4.5287833	2.9017224	-57.181835	-2.7190814	1.0	1177500	16929.46208715439
471	-18.22	-18.22	-9.0	-2.715174	4.5114436	5.768772	-56.66434	-2.715272	1.0	1180000	16963.751272439957
472	-17.4	-17.4	-10.5	-2.7298477	4.5391483	3.0448477	-57.043953	-2.7296624	1.0	1182500	16998.4085624218
473	-17.18	-17.18	-6.6	-2.7301316	4.5401435	6.581758	-66.5203	-2.7300203	1.0	1185000	17032.98294520378
474	-17.82	-17.82	-8.3	-2.7176247	4.510661	3.8208485	-59.15468	-2.71772	1.0	1187500	17067.464045524597
475	-16.58	-16.58	-9.599999	-2.720474	4.50371	3.4338665	-67.74351	-2.7203267	1.0	1190000	17101.919814109802
476	-18.46	-18.46	-8.099999	-2.7399025	4.5113444	3.6920662	-56.398357	-2.7401416	1.0	1192500	17136.444325208664
477	-19.26	-19.26	-6.2	-2.7618163	4.57165	2.8065846	-64.20234	-2.7618353	1.0	1195000	17171.46215415001
478	-17.98	-17.98	-9.0	-2.7439597	4.5529356	3.99867	-58.634544	-2.7439692	1.0	1197500	17206.379788398743
479	-21.2	-21.2	-10.599999	-2.732343	4.561904	4.5103207	-64.505104	-2.7325244	1.0	1200000	17241.302369117737
480	-17.8	-17.8	-10.8	-2.7495172	4.5874276	2.5683055	-67.5605	-2.7495403	1.0	1202500	17276.286471128464
481	-18.24	-18.24	-10.2	-2.7220688	4.559687	3.7993793	-61.074535	-2.7217455	1.0	1205000	17311.30361366272
482	-19.42	-19.42	-10.3	-2.7199981	4.5463376	3.4001584	-60.61647	-2.7201033	1.0	1207500	17347.005853414536
483	-22.68	-22.68	-7.5	-2.7297986	4.545934	3.9972734	-57.136635	-2.7297359	1.0	1210000	17382.338328123093
484	-18.54	-18.54	-9.099999	-2.7595928	4.582325	4.8168406	-59.050022	-2.7598429	1.0	1212500	17417.417949438095
485	-17.82	-17.82	-9.7	-2.757001	4.6129684	3.1584053	-59.505924	-2.7568772	1.0	1215000	17451.68954896927
486	-18.5	-18.5	-8.5	-2.746342	4.5675216	2.9941702	-60.525368	-2.7463899	1.0	1217500	17486.664279699326
487	-17.08	-17.08	-9.099999	-2.7469676	4.5436287	2.6204202	-56.273357	-2.7471366	1.0	1220000	17521.786113023758
488	-18.1	-18.1	-7.8	-2.7305927	4.5078473	4.8706255	-56.49757	-2.73079	1.0	1222500	17556.860935926437
489	-17.02	-17.02	-13.7	-2.7324378	4.4994392	4.012843	-60.905487	-2.7325003	0.9	1225000	17592.828657388687
490	-18.54	-18.54	-9.599999	-2.731804	4.457315	4.1441436	-57.923256	-2.7319217	1.0	1227500	17628.317015886307
491	-15.44	-15.44	-10.400001	-2.7295632	4.4762974	3.579903	-60.202652	-2.7292686	1.0	1230000	17663.29689335823
492	-16.82	-16.82	-10.7	-2.711732	4.4389052	4.9192915	-61.069992	-2.711723	1.0	1232500	17697.899163484573
493	-17.94	-17.94	-8.3	-2.7025018	4.41453	3.9468312	-79.82147	-2.7022831	1.0	1235000	17732.593985795975
494	-19.78	-19.78	-8.2	-2.7094984	4.395151	8.102517	-76.231094	-2.7096982	1.0	1237500	17767.385340690613
495	-14.88	-14.88	-14.8	-2.7089136	4.3764997	10.585436	-59.95763	-2.7088778	1.0	1240000	17801.751444339752
496	-16.18	-16.18	-11.0	-2.7004478	4.35014	9.828361	-97.421646	-2.70061	1.0	1242500	17836.407656669617
497	-17.74	-17.74	-8.2	-2.688406	4.3071656	7.477838	-65.91778	-2.688331	1.0	1245000	17871.447152853012
498	-19.34	-19.34	-13.6	-2.6826756	4.3042097	5.6662316	-66.4491	-2.6829515	0.9	1247500	17906.423749923706
499	-17.1	-17.1	-8.7	-2.6615484	4.29071	4.6916957	-71.605316	-2.6615198	1.0	1250000	17941.794942855835
