Epoch	AverageEpRet	StdEpRet	MaxEpRet	MinEpRet	AverageEpRealRet	StdEpRealRet	MaxEpRealRet	MinEpRealRet	AverageTestEpRet	StdTestEpRet	MaxTestEpRet	MinTestEpRet	TotalEnvInteracts	TotalTime
20	2.0848975	4.575408	20.05272	0.069476075	2.0848975	4.575408	20.05272	0.069476075	1.0766916	0.9146437	3.0181344	0.14791948	4199	57.081080198287964
40	2.6913605	4.5475817	21.604242	0.059667096	2.6913605	4.5475817	21.604242	0.059667096	15.256396	20.809122	60.469048	0.47330084	8199	104.85027360916138
60	4.795376	4.125855	13.044844	0.10234987	4.795376	4.125855	13.044844	0.10234987	6.6641946	7.6378694	22.915419	0.99199235	12199	154.45294976234436
80	12.11518	17.985973	77.34617	0.2026212	12.11518	17.985973	77.34617	0.2026212	6.3467326	3.560436	11.863811	0.8137655	16199	203.02403211593628
100	39.770016	34.284615	127.630035	2.9646745	39.770016	34.284615	127.630035	2.9646745	26.817171	11.9150715	50.73251	15.707993	20199	248.68387246131897
120	101.91523	43.13247	172.49234	25.481762	101.91523	43.13247	172.49234	25.481762	151.10625	33.985188	188.00674	83.156204	24199	294.42704153060913
140	139.12158	32.399124	180.85936	68.28654	139.12158	32.399124	180.85936	68.28654	130.31795	19.441156	156.46451	94.73041	28199	340.2424590587616
160	154.04268	20.667511	177.58815	117.36745	154.04268	20.667511	177.58815	117.36745	139.35419	23.517069	170.62546	101.74831	32199	386.79917907714844
180	161.02686	15.437198	186.1671	124.09705	161.02686	15.437198	186.1671	124.09705	150.3756	16.333988	168.9143	119.51415	36199	432.95568013191223
200	156.59698	17.878338	181.54018	123.41988	156.59698	17.878338	181.54018	123.41988	178.71736	6.00653	185.15411	169.36116	40199	479.5552065372467
220	167.90485	11.100663	182.48586	145.70595	167.90485	11.100663	182.48586	145.70595	154.8777	20.004759	185.44504	123.27981	44199	526.7379031181335
240	165.52354	9.306046	177.12766	142.16496	165.52354	9.306046	177.12766	142.16496	158.662	8.19079	171.9257	148.10556	48199	573.3572573661804
260	170.12361	7.320363	180.64928	153.35818	170.12361	7.320363	180.64928	153.35818	152.9051	14.5985155	169.11319	132.61963	52199	619.5902917385101
280	169.61282	8.076781	182.98076	156.64528	169.61282	8.076781	182.98076	156.64528	156.31767	10.767421	175.5325	141.8456	56199	666.1653566360474
300	166.59001	12.050637	179.0241	136.4334	166.59001	12.050637	179.0241	136.4334	179.64662	8.017837	193.54459	165.79547	60199	712.5983791351318
320	170.62363	8.177363	180.7237	152.18666	170.62363	8.177363	180.7237	152.18666	153.89531	5.1004987	160.75284	147.24492	64199	759.3393473625183
340	172.8706	6.5965657	184.30739	161.13028	172.8706	6.5965657	184.30739	161.13028	166.69337	2.5919724	171.85005	163.75488	68199	805.8463807106018
360	171.54031	6.4755735	179.80371	154.05515	171.54031	6.4755735	179.80371	154.05515	159.77238	5.965009	171.69777	152.00201	72199	852.675740480423
380	173.26662	5.707119	180.55649	156.74582	173.26662	5.707119	180.55649	156.74582	143.54199	4.614444	149.13829	137.31921	76199	898.7118654251099
400	169.1406	7.5105324	182.70059	155.75713	169.1406	7.5105324	182.70059	155.75713	152.62163	4.0216565	160.05315	148.8471	80199	944.4132988452911
420	173.00267	9.759878	185.50821	141.38995	173.00267	9.759878	185.50821	141.38995	144.02208	3.8305292	151.48537	139.51347	84199	990.4239938259125
440	172.95708	6.9280806	183.6231	159.05122	172.95708	6.9280806	183.6231	159.05122	174.17137	4.9360485	180.24718	166.41486	88199	1036.7313342094421
460	173.18143	7.3269124	183.68376	155.6606	173.18143	7.3269124	183.68376	155.6606	167.2513	2.3036532	172.16692	165.12866	92199	1082.6552958488464
480	175.42001	5.005671	182.37401	162.19582	175.42001	5.005671	182.37401	162.19582	161.34712	2.8329005	164.60356	156.88043	96199	1128.6913521289825
500	169.43663	7.266374	181.988	154.91057	169.43663	7.266374	181.988	154.91057	181.04164	3.6935651	185.86374	175.54596	100199	1174.8529424667358
520	138.37251	59.329117	184.96141	1.1610146	138.37251	59.329117	184.96141	1.1610146	140.24968	10.914394	161.18988	125.77292	104199	1222.6554172039032
540	168.0879	8.115603	178.22783	146.87788	168.0879	8.115603	178.22783	146.87788	178.47742	6.607872	186.88554	166.03963	108199	1268.9828789234161
560	172.99174	5.767053	179.69385	155.24512	172.99174	5.767053	179.69385	155.24512	138.17668	4.804974	144.00987	129.40268	112199	1315.3438169956207
580	164.62541	9.397859	180.34216	140.96599	164.62541	9.397859	180.34216	140.96599	137.47389	7.8034925	151.6672	126.914345	116199	1361.5078997612
600	172.06985	6.5574584	180.9326	159.22824	172.06985	6.5574584	180.9326	159.22824	174.09718	3.6664615	179.70259	167.33728	120199	1407.8582816123962
620	172.9026	6.264074	183.5524	159.74721	172.9026	6.264074	183.5524	159.74721	163.49718	1.3032237	164.99544	160.9804	124199	1454.1316859722137
640	173.83923	4.487182	184.58652	167.17416	173.83923	4.487182	184.58652	167.17416	180.03346	5.600762	191.93813	174.54865	128199	1499.708609342575
660	172.41852	4.8761888	182.17354	161.70361	172.41852	4.8761888	182.17354	161.70361	150.58081	6.384317	162.99223	143.83983	132199	1545.1699130535126
680	172.46983	3.9789276	180.34474	165.56032	172.46983	3.9789276	180.34474	165.56032	156.03589	1.7652614	159.4366	154.18861	136199	1590.856086730957
700	169.37842	6.5050774	178.51678	156.27571	169.37842	6.5050774	178.51678	156.27571	113.715614	28.010923	140.62766	67.80222	140199	1637.113149881363
720	167.65173	20.800758	181.40164	79.29859	167.65173	20.800758	181.40164	79.29859	174.88914	4.062091	183.4244	170.92552	144199	1682.8834371566772
740	174.29721	5.905603	187.0696	162.17279	174.29721	5.905603	187.0696	162.17279	178.65764	4.323396	187.81372	174.41257	148199	1729.3369374275208
760	172.10426	5.928251	180.22423	154.68497	172.10426	5.928251	180.22423	154.68497	170.09235	8.233621	179.65527	153.4242	152199	1775.872706413269
780	173.0369	5.387825	180.92987	155.94376	173.0369	5.387825	180.92987	155.94376	166.73888	7.3610597	179.89903	154.53413	156199	1821.9900307655334
800	173.80313	5.117639	182.74538	162.7777	173.80313	5.117639	182.74538	162.7777	181.25542	4.6744375	186.24597	171.73668	160199	1868.13125705719
820	173.61801	6.5341964	183.81006	157.74632	173.61801	6.5341964	183.81006	157.74632	168.42705	3.0867624	171.8749	162.49382	164199	1914.0751349925995
840	174.13637	7.047737	184.63867	152.86024	174.13637	7.047737	184.63867	152.86024	183.7455	3.4304235	188.08868	178.87292	168199	1960.8829398155212
860	174.71454	3.533443	180.77318	168.20929	174.71454	3.533443	180.77318	168.20929	165.50206	2.870904	171.2409	162.1414	172199	2007.1360440254211
880	175.518	4.834101	182.05595	164.63383	175.518	4.834101	182.05595	164.63383	159.11888	9.063638	178.3017	150.03093	176199	2053.577589035034
900	174.17758	5.635999	183.08826	161.91406	174.17758	5.635999	183.08826	161.91406	158.27003	2.3407395	161.18428	153.88835	180199	2099.440858364105
920	174.61253	4.244215	181.05511	162.89313	174.61253	4.244215	181.05511	162.89313	176.13255	2.6561723	180.59598	171.79337	184199	2145.9964275360107
940	174.22496	7.3887568	182.34238	153.22452	174.22496	7.3887568	182.34238	153.22452	158.08406	1.7710078	160.71864	154.79506	188199	2191.2636291980743
960	175.1093	6.6921525	184.21024	158.21509	175.1093	6.6921525	184.21024	158.21509	140.94084	1.6492192	144.04222	139.01521	192199	2237.1383817195892
980	172.6992	6.6041327	181.55951	149.62003	172.6992	6.6041327	181.55951	149.62003	125.70028	2.9991808	131.59445	122.038734	196199	2282.7423508167267
1000	174.40051	4.863835	188.52539	166.22723	174.40051	4.863835	188.52539	166.22723	151.98949	3.3448446	156.84038	145.939	200199	2328.3129885196686
1020	173.66057	6.792239	184.72601	158.29865	173.66057	6.792239	184.72601	158.29865	161.59764	5.215993	169.3869	155.61617	204199	2375.249253511429
1040	173.73454	4.9919815	184.91245	162.38525	173.73454	4.9919815	184.91245	162.38525	160.72766	1.5579313	162.28119	158.12291	208199	2422.105283975601
1060	173.27037	4.419488	179.87679	165.81029	173.27037	4.419488	179.87679	165.81029	154.7939	2.6432219	158.61617	151.1466	212199	2469.0807201862335
1080	175.92807	2.855324	180.65167	170.39845	175.92807	2.855324	180.65167	170.39845	162.83827	9.042414	170.43654	143.25238	216199	2515.8280918598175
1100	173.00905	5.6319904	179.61282	161.15326	173.00905	5.6319904	179.61282	161.15326	182.32445	3.4091294	186.30348	175.31537	220199	2562.0039341449738
1120	174.03372	3.2130742	179.43974	167.67537	174.03372	3.2130742	179.43974	167.67537	176.8346	1.0130026	177.89307	174.83241	224199	2607.953499317169
1140	174.36191	4.966216	180.7609	158.9507	174.36191	4.966216	180.7609	158.9507	144.07002	6.2691054	156.49805	135.84497	228199	2654.5752654075623
1160	173.83752	4.368855	180.12086	162.32138	173.83752	4.368855	180.12086	162.32138	174.36018	2.1358712	176.36523	169.86061	232199	2700.4657330513
1180	173.80904	5.2245364	180.62988	161.28581	173.80904	5.2245364	180.62988	161.28581	171.90967	1.7921399	174.39189	169.0827	236199	2746.6086602211
1200	176.61787	3.380415	181.96196	168.44365	176.61787	3.380415	181.96196	168.44365	176.49565	2.2587788	178.10825	171.57498	240199	2793.1451621055603
1220	174.63922	5.029858	180.47678	164.14929	174.63922	5.029858	180.47678	164.14929	186.77873	3.3802817	190.05698	180.02545	244199	2839.464276075363
1240	172.72449	3.5598388	177.88023	164.85583	172.72449	3.5598388	177.88023	164.85583	171.60686	3.0112875	175.53146	167.5015	248199	2886.039111852646
1260	171.44907	6.193073	180.18327	158.01372	171.44907	6.193073	180.18327	158.01372	163.88725	4.317556	167.42374	154.54237	252199	2932.7269036769867
1280	175.73795	3.8964899	181.62611	165.62709	175.73795	3.8964899	181.62611	165.62709	146.87822	6.8602357	151.99898	131.91669	256199	2979.600337266922
1300	174.56769	4.505704	182.96426	161.48878	174.56769	4.505704	182.96426	161.48878	140.6617	3.7680109	148.36865	137.11183	260199	3027.1076407432556
1320	173.94992	5.6576204	181.76268	161.7849	173.94992	5.6576204	181.76268	161.7849	175.73936	4.0572653	180.12775	168.33328	264199	3073.94909119606
1340	173.30188	4.8326797	181.35283	158.03015	173.30188	4.8326797	181.35283	158.03015	157.44435	1.9085617	159.93484	154.74393	268199	3119.875741481781
1360	172.5792	4.864034	180.08391	165.1854	172.5792	4.864034	180.08391	165.1854	149.96584	2.4168048	153.72893	147.09087	272199	3166.7627358436584
1380	176.2526	3.2465107	183.48103	171.29631	176.2526	3.2465107	183.48103	171.29631	165.60228	8.818562	184.44817	158.64642	276199	3213.6679837703705
1400	174.88098	5.232684	183.90149	161.86876	174.88098	5.232684	183.90149	161.86876	162.48885	1.8267268	164.45859	158.85316	280199	3260.3679280281067
1420	175.56558	3.4760988	182.68817	167.25394	175.56558	3.4760988	182.68817	167.25394	172.34282	5.2660394	177.47926	161.20634	284199	3307.02646112442
1440	175.84099	4.439708	185.8863	167.49161	175.84099	4.439708	185.8863	167.49161	165.64122	2.3897767	169.26973	161.40419	288199	3353.8125088214874
1460	173.69443	5.7524776	185.11484	161.55049	173.69443	5.7524776	185.11484	161.55049	173.01746	1.9562738	176.32877	170.19792	292199	3399.908444881439
1480	175.463	5.080404	182.06099	163.08366	175.463	5.080404	182.06099	163.08366	160.1416	5.3600874	166.27844	150.20905	296199	3446.006642103195
1500	174.62784	5.2553673	180.0342	159.78479	174.62784	5.2553673	180.0342	159.78479	161.31517	1.417501	163.54726	159.32826	300199	3492.119921207428
1520	175.3291	3.4042542	180.41153	165.57214	175.3291	3.4042542	180.41153	165.57214	168.49597	3.028139	172.608	162.85233	304199	3538.996430873871
1540	175.11275	4.59233	179.75278	158.18042	175.11275	4.59233	179.75278	158.18042	154.22435	3.074658	156.7104	147.61679	308199	3585.686311006546
1560	175.71112	5.977882	184.06116	164.58698	175.71112	5.977882	184.06116	164.58698	166.06757	1.3815727	167.60068	163.46098	312199	3632.9193131923676
1580	175.60136	3.031112	179.91808	168.10991	175.60136	3.031112	179.91808	168.10991	152.35072	0.8740695	153.9565	150.96944	316199	3679.3522305488586
1600	173.63919	3.3787901	178.93092	163.3193	173.63919	3.3787901	178.93092	163.3193	154.26262	7.9172683	170.61288	145.77867	320199	3725.184177160263
1620	174.7305	3.7238173	179.81741	166.2717	174.7305	3.7238173	179.81741	166.2717	171.54826	4.32496	178.089	164.45833	324199	3772.1641161441803
1640	174.08994	2.9150283	179.32245	167.81001	174.08994	2.9150283	179.32245	167.81001	155.61479	3.7249453	163.47958	151.71318	328199	3818.348615884781
1660	174.45268	3.8586626	180.53947	166.69438	174.45268	3.8586626	180.53947	166.69438	168.66917	1.5802791	171.21066	166.28589	332199	3864.632536649704
1680	174.31114	5.4970055	181.52664	162.72171	174.31114	5.4970055	181.52664	162.72171	140.79408	4.7701716	150.60258	136.28735	336199	3911.6082360744476
1700	174.68372	4.9609375	181.58165	158.917	174.68372	4.9609375	181.58165	158.917	156.8741	2.8492968	160.82153	151.95897	340199	3958.128694295883
1720	175.80136	4.6995964	182.81007	167.28358	175.80136	4.6995964	182.81007	167.28358	147.3239	1.9086384	151.36502	145.72876	344199	4004.515367746353
1740	174.51184	4.8359365	181.16844	159.83093	174.51184	4.8359365	181.16844	159.83093	147.12022	2.8294957	150.20033	141.25298	348199	4050.5029039382935
1760	174.93613	3.1066587	182.19048	169.68042	174.93613	3.1066587	182.19048	169.68042	146.8961	3.73015	150.21196	138.92851	352199	4096.2449741363525
1780	175.3378	4.6307163	184.45206	164.42796	175.3378	4.6307163	184.45206	164.42796	171.65742	4.09603	179.77675	166.06192	356199	4142.736152887344
1800	174.40968	3.2379456	181.3141	168.18723	174.40968	3.2379456	181.3141	168.18723	154.5404	2.2349284	158.27133	151.15302	360199	4190.748321294785
1820	176.13925	4.3835554	183.32565	169.85852	176.13925	4.3835554	183.32565	169.85852	150.75105	3.231152	154.83403	144.87927	364199	4238.919990301132
1840	175.96318	3.888133	182.24872	169.16077	175.96318	3.888133	182.24872	169.16077	161.6703	1.0314429	163.41449	159.84314	368199	4287.100600242615
1860	175.42924	4.488432	182.46083	165.82776	175.42924	4.488432	182.46083	165.82776	181.04218	1.1687151	183.25952	179.6103	372199	4335.052104234695
1880	173.64488	4.456998	182.02077	164.73363	173.64488	4.456998	182.02077	164.73363	159.60497	2.7132435	164.15123	154.93073	376199	4383.248034000397
1900	175.4701	3.7167175	180.29861	165.22745	175.4701	3.7167175	180.29861	165.22745	163.2458	2.5375402	167.9359	159.8574	380199	4431.186588525772
1920	175.86874	4.426096	184.20267	166.72255	175.86874	4.426096	184.20267	166.72255	162.19269	1.1725742	163.32683	160.05812	384199	4478.137793540955
1940	176.58752	3.6090431	182.39499	168.7284	176.58752	3.6090431	182.39499	168.7284	174.30806	2.2803893	178.37526	170.52188	388199	4525.631749629974
1960	174.15044	4.262449	182.05096	164.41508	174.15044	4.262449	182.05096	164.41508	168.70131	2.660946	172.95432	165.50531	392199	4573.146131277084
1980	176.4294	3.057672	183.50583	168.79976	176.4294	3.057672	183.50583	168.79976	163.16518	3.6447506	170.07793	157.69374	396199	4621.509242296219
2000	175.38266	5.1495657	182.99516	157.1332	175.38266	5.1495657	182.99516	157.1332	177.4828	2.6055038	181.30783	172.96422	400199	4669.977570056915
2020	177.6698	3.250455	184.41324	171.19525	177.6698	3.250455	184.41324	171.19525	171.97704	2.177281	175.92088	168.58531	404199	4717.366650104523
2040	177.71863	2.4947555	181.90677	171.4508	177.71863	2.4947555	181.90677	171.4508	171.92647	2.673957	177.08531	168.13036	408199	4764.818466663361
2060	178.83961	3.5057702	183.96674	169.21466	178.83961	3.5057702	183.96674	169.21466	162.81606	1.9565293	165.58205	159.04648	412199	4816.041803121567
2080	179.61234	2.765368	185.89731	174.81683	179.61234	2.765368	185.89731	174.81683	172.1049	1.9797884	174.62135	169.32191	416199	4865.532587528229
2100	177.66312	4.4228926	183.66849	162.57642	177.66312	4.4228926	183.66849	162.57642	170.2835	2.0642548	172.88086	166.37108	420199	4913.957377195358
2120	178.88884	2.5572205	186.74574	175.83017	178.88884	2.5572205	186.74574	175.83017	166.63322	3.216602	169.1831	159.67361	424199	4963.017161607742
2140	178.54791	3.364178	187.61931	172.825	178.54791	3.364178	187.61931	172.825	175.50233	1.5971982	177.24083	172.74281	428199	5011.766296625137
2160	178.40358	2.4840004	183.24274	173.25671	178.40358	2.4840004	183.24274	173.25671	165.68852	2.2980208	169.56187	162.32227	432199	5060.207899808884
2180	178.71533	2.4868107	181.93544	171.1256	178.71533	2.4868107	181.93544	171.1256	163.13875	0.3698823	163.77362	162.6115	436199	5107.947115182877
2200	178.5683	1.7891933	183.17345	175.3157	178.5683	1.7891933	183.17345	175.3157	164.49297	6.1172204	170.85385	151.64696	440199	5156.702331781387
2220	179.50302	2.600993	183.79175	173.8982	179.50302	2.600993	183.79175	173.8982	177.71797	0.6464382	178.64989	176.86174	444199	5204.664819717407
2240	178.06833	2.5956395	183.82925	172.33578	178.06833	2.5956395	183.82925	172.33578	169.66838	1.5216755	172.71767	167.75563	448199	5252.626344203949
2260	178.49467	3.7144556	184.52043	168.25807	178.49467	3.7144556	184.52043	168.25807	169.72536	0.764889	171.31245	168.94185	452199	5300.672134876251
2280	178.61232	2.8010452	184.70204	171.1011	178.61232	2.8010452	184.70204	171.1011	159.10045	1.114984	160.8934	157.41737	456199	5349.149173498154
2300	178.43552	2.0482874	181.12614	174.13243	178.43552	2.0482874	181.12614	174.13243	169.05357	2.374391	172.31271	165.00598	460199	5397.693413734436
2320	178.96556	2.3779545	184.22302	175.21461	178.96556	2.3779545	184.22302	175.21461	165.02226	2.8883352	169.12477	159.69218	464199	5445.573623418808
2340	179.4984	2.5033937	184.50728	173.54523	179.4984	2.5033937	184.50728	173.54523	168.81554	1.9111022	171.15544	165.65988	468199	5495.619464635849
2360	179.97162	2.125217	183.14728	174.29295	179.97162	2.125217	183.14728	174.29295	164.71309	1.2801149	167.10695	163.20633	472199	5544.559853315353
2380	176.80612	3.8973677	181.80513	163.14232	176.80612	3.8973677	181.80513	163.14232	165.37541	1.4382745	167.53346	163.19704	476199	5592.878546476364
2400	178.05025	2.7064037	182.75124	173.32161	178.05025	2.7064037	182.75124	173.32161	154.73091	4.52434	159.42365	145.38089	480199	5641.510929822922
2420	179.63387	2.281782	184.8564	175.96962	179.63387	2.281782	184.8564	175.96962	159.3977	1.6438897	161.31944	156.32779	484199	5689.4328100681305
2440	179.50351	2.6227493	184.8868	174.31036	179.50351	2.6227493	184.8868	174.31036	168.37813	6.1511817	175.48491	155.5751	488199	5737.7153577804565
2460	177.73024	2.3311777	182.36078	172.30406	177.73024	2.3311777	182.36078	172.30406	180.42778	2.2006156	182.85005	176.26595	492199	5785.7818439006805
2480	179.9349	3.049092	188.4675	175.01274	179.9349	3.049092	188.4675	175.01274	175.05334	2.4285715	179.28004	172.13893	496199	5833.20889377594
2500	178.32404	2.715204	184.27469	172.17235	178.32404	2.715204	184.27469	172.17235	169.29143	1.1516355	170.67264	166.98033	500199	5881.147541284561
2520	180.01605	2.44245	183.66449	175.37668	180.01605	2.44245	183.66449	175.37668	164.69409	2.4991064	169.04138	161.42685	504199	5928.283849954605
2540	177.88397	2.4894512	183.5082	174.58725	177.88397	2.4894512	183.5082	174.58725	169.69292	1.4333376	171.74455	167.6393	508199	5976.059673786163
2560	179.42302	3.5073664	183.30904	166.99048	179.42302	3.5073664	183.30904	166.99048	167.54866	1.1158969	169.13245	165.74475	512199	6023.86638045311
2580	178.50703	2.6581428	184.7097	172.25545	178.50703	2.6581428	184.7097	172.25545	177.19829	5.031692	186.9824	170.04686	516199	6071.556354522705
2600	178.31282	2.0991776	183.43135	173.82492	178.31282	2.0991776	183.43135	173.82492	166.1366	6.304547	172.18027	152.86148	520199	6119.617138385773
2620	178.74461	2.2334692	183.03745	175.47188	178.74461	2.2334692	183.03745	175.47188	175.34727	1.94747	178.22197	172.59323	524199	6170.101941585541
2640	178.52516	2.2464828	182.99406	174.56729	178.52516	2.2464828	182.99406	174.56729	178.41637	8.337349	186.37114	160.85674	528199	6218.736185312271
2660	178.65776	2.4586391	181.75539	169.63353	178.65776	2.4586391	181.75539	169.63353	168.09583	1.640437	170.79361	165.32288	532199	6266.598551034927
2680	178.79846	2.6886225	184.0051	172.96007	178.79846	2.6886225	184.0051	172.96007	174.2234	1.5637981	177.34454	172.39522	536199	6314.335783004761
2700	178.99808	2.3199801	182.79703	176.03467	178.99808	2.3199801	182.79703	176.03467	169.83264	0.98735195	171.27644	168.18927	540199	6362.018523931503
2720	178.616	3.114661	183.28009	169.35326	178.616	3.114661	183.28009	169.35326	166.08473	0.8201105	167.18233	165.00037	544199	6409.899839401245
2740	178.6706	3.0145504	184.85005	171.68585	178.6706	3.0145504	184.85005	171.68585	172.84288	1.5947767	174.76668	169.75485	548199	6457.5407910346985
2760	178.22812	2.4260595	182.70439	173.58333	178.22812	2.4260595	182.70439	173.58333	180.81581	1.9185712	184.62492	178.24002	552199	6505.137854099274
2780	178.56876	2.7382357	183.00426	171.20764	178.56876	2.7382357	183.00426	171.20764	173.52893	2.1843164	175.7656	170.38683	556199	6553.087129354477
2800	179.44637	2.071316	184.05809	174.34157	179.44637	2.071316	184.05809	174.34157	170.1894	1.6518776	171.67598	166.98032	560199	6600.87625002861
2820	180.08755	3.045162	186.6272	175.27942	180.08755	3.045162	186.6272	175.27942	175.04834	5.908909	187.66035	169.34381	564199	6648.527428627014
2840	177.28976	3.6087158	181.49931	164.37956	177.28976	3.6087158	181.49931	164.37956	169.10701	5.430884	173.59203	157.3639	568199	6696.396500349045
2860	178.14468	2.4298038	182.43059	174.0939	178.14468	2.4298038	182.43059	174.0939	171.00914	0.9498356	173.0245	170.05495	572199	6743.69708776474
2880	179.13457	2.3314226	184.53418	175.07434	179.13457	2.3314226	184.53418	175.07434	165.63622	0.46043503	166.36203	164.95163	576199	6791.350983381271
2900	178.22632	2.5995944	182.7027	171.85258	178.22632	2.5995944	182.7027	171.85258	178.4845	1.6177049	181.24359	176.11865	580199	6840.120632410049
2920	178.79085	2.2667553	183.049	174.11247	178.79085	2.2667553	183.049	174.11247	165.45616	1.7989293	167.18663	161.78154	584199	6887.886452913284
2940	178.81424	3.455511	186.50212	173.44702	178.81424	3.455511	186.50212	173.44702	167.37831	2.2182353	170.0696	164.38208	588199	6935.332500219345
2960	177.68468	2.8273633	182.29305	168.43846	177.68468	2.8273633	182.29305	168.43846	174.78357	0.96098757	176.63034	173.73766	592199	6983.669066429138
2980	179.33609	2.632105	184.81892	174.52899	179.33609	2.632105	184.81892	174.52899	171.41258	1.8472283	174.69498	168.60432	596199	7031.118399620056
3000	179.67918	2.3666465	184.20125	175.78639	179.67918	2.3666465	184.20125	175.78639	167.76689	3.8361752	175.04768	163.223	600199	7078.797881364822
3020	179.15414	2.7695384	183.8244	172.10687	179.15414	2.7695384	183.8244	172.10687	167.06557	0.86113113	168.47385	165.6669	604199	7126.285215377808
3040	179.33983	2.3289037	185.21434	175.7953	179.33983	2.3289037	185.21434	175.7953	168.5561	1.0479478	170.58514	167.12346	608199	7174.333685874939
3060	178.62633	2.010107	184.14777	176.01373	178.62633	2.010107	184.14777	176.01373	172.27612	2.1229353	176.4766	169.86317	612199	7221.282270669937
3080	179.31564	1.3197137	182.66826	177.21666	179.31564	1.3197137	182.66826	177.21666	174.90056	4.0436234	183.68477	171.882	616199	7269.114016294479
3100	178.44566	2.5669737	184.96028	171.84929	178.44566	2.5669737	184.96028	171.84929	164.58736	2.1015885	168.37845	161.7836	620199	7316.389565944672
3120	180.07889	2.1112592	184.29196	176.37093	180.07889	2.1112592	184.29196	176.37093	174.67726	1.0285403	176.235	173.0759	624199	7363.741636276245
3140	179.54195	3.1322408	185.77275	174.26596	179.54195	3.1322408	185.77275	174.26596	179.92772	2.752233	185.22948	176.98318	628199	7411.719557285309
3160	179.32602	3.9778116	183.55486	164.53676	179.32602	3.9778116	183.55486	164.53676	175.22083	6.701391	181.34229	160.88852	632199	7459.413889408112
3180	178.56268	3.2138033	186.76392	172.50157	178.56268	3.2138033	186.76392	172.50157	178.14503	6.5845714	192.06458	171.61029	636199	7506.0554575920105
3200	178.25076	2.4591618	183.92067	173.36943	178.25076	2.4591618	183.92067	173.36943	179.47762	1.7027516	182.7872	177.62411	640199	7552.883090019226
3220	179.89772	2.8419602	187.17137	176.93736	179.89772	2.8419602	187.17137	176.93736	162.11314	1.7666793	164.92441	159.90764	644199	7600.076277256012
3240	178.19937	3.0982945	182.45975	172.00941	178.19937	3.0982945	182.45975	172.00941	173.24553	3.1002512	178.33461	168.2014	648199	7646.907764196396
3260	178.69614	2.715103	182.50322	171.27702	178.69614	2.715103	182.50322	171.27702	172.44978	2.9718041	178.0784	168.8175	652199	7694.0303773880005
3280	178.52858	2.4616158	181.36935	173.04973	178.52858	2.4616158	181.36935	173.04973	177.73659	3.3264964	184.53006	174.1583	656199	7740.702821016312
3300	179.52867	2.8249547	184.74144	173.96562	179.52867	2.8249547	184.74144	173.96562	172.84407	1.0730783	174.60593	171.43839	660199	7787.450039386749
3320	179.75864	3.010758	185.55876	172.73367	179.75864	3.010758	185.55876	172.73367	168.0216	2.2829158	172.55219	165.50934	664199	7834.393451452255
3340	180.65689	2.8236032	186.76096	174.95645	180.65689	2.8236032	186.76096	174.95645	171.76746	1.1847497	173.0154	169.83382	668199	7881.403445243835
3360	179.66718	3.5244656	187.23941	173.95514	179.66718	3.5244656	187.23941	173.95514	167.35303	0.66062	168.58463	166.48387	672199	7928.652204990387
3380	180.08308	2.515756	184.88724	175.70135	180.08308	2.515756	184.88724	175.70135	173.58057	1.6623523	175.54524	170.4851	676199	7975.620175123215
3400	179.47928	1.9789894	184.74019	177.22371	179.47928	1.9789894	184.74019	177.22371	164.77118	2.8186994	168.9097	159.38985	680199	8022.564714670181
3420	180.1797	2.6221273	187.60939	176.5892	180.1797	2.6221273	187.60939	176.5892	173.20369	1.6818391	175.3838	170.53963	684199	8070.044484138489
3440	178.65688	2.694509	183.3075	174.49327	178.65688	2.694509	183.3075	174.49327	177.78607	4.446243	182.52658	168.47258	688199	8117.495701789856
3460	179.30238	2.9046087	185.44089	171.25093	179.30238	2.9046087	185.44089	171.25093	168.08327	3.109972	170.41544	161.33424	692199	8163.918422937393
3480	179.5877	3.5275786	185.07756	171.75153	179.5877	3.5275786	185.07756	171.75153	176.00581	2.7972417	179.7847	170.70189	696199	8210.55061674118
3500	179.41689	2.183975	182.27885	175.43924	179.41689	2.183975	182.27885	175.43924	160.677	3.2877917	167.63103	157.30307	700199	8257.459119319916
3520	179.74396	2.2110171	183.62227	175.6683	179.74396	2.2110171	183.62227	175.6683	170.5227	0.9610768	171.50023	168.65736	704199	8303.799401521683
3540	179.57486	2.2995977	182.88968	174.9684	179.57486	2.2995977	182.88968	174.9684	158.64943	5.174566	163.79285	147.70901	708199	8350.35489487648
3560	180.02235	2.2417986	184.61996	175.96095	180.02235	2.2417986	184.61996	175.96095	169.45186	1.4475617	171.2683	166.89336	712199	8397.011555194855
3580	180.08412	3.6683123	186.19014	171.99037	180.08412	3.6683123	186.19014	171.99037	176.01762	1.2141634	178.27254	174.19302	716199	8443.89498925209
3600	179.96053	3.0543697	186.00232	174.61076	179.96053	3.0543697	186.00232	174.61076	169.61638	3.2838814	176.31628	165.5523	720199	8490.566150426865
3620	178.49693	2.7283986	185.05444	174.89633	178.49693	2.7283986	185.05444	174.89633	158.56566	1.2588772	160.18529	156.62825	724199	8537.32476067543
3640	179.92966	2.944631	186.1862	175.90843	179.92966	2.944631	186.1862	175.90843	169.93431	6.546845	178.50351	156.93718	728199	8583.822723150253
3660	179.90298	2.9458098	184.90067	174.8968	179.90298	2.9458098	184.90067	174.8968	166.36714	3.7282383	171.32582	159.15573	732199	8630.055183887482
3680	179.54224	2.504566	187.50674	175.43236	179.54224	2.504566	187.50674	175.43236	161.39973	2.0898333	163.34372	156.94531	736199	8677.073143959045
3700	179.80356	2.7984188	185.30217	176.08368	179.80356	2.7984188	185.30217	176.08368	160.20824	4.0245	166.40463	153.2186	740199	8723.988877773285
3720	179.36017	2.8431132	182.76167	169.78989	179.36017	2.8431132	182.76167	169.78989	174.33665	0.9769648	175.36125	172.71521	744199	8771.07886171341
3740	178.80962	2.7582562	185.2968	172.28105	178.80962	2.7582562	185.2968	172.28105	164.73692	2.3078852	169.09897	161.20512	748199	8818.368258237839
3760	179.30325	2.5134442	185.88979	175.4621	179.30325	2.5134442	185.88979	175.4621	160.5046	2.0220163	163.0849	157.5465	752199	8865.63474059105
3780	179.64886	2.586385	183.3512	175.12886	179.64886	2.586385	183.3512	175.12886	165.42554	1.4343501	167.82077	163.51144	756199	8912.48881983757
3800	179.25539	2.487979	185.66264	174.22902	179.25539	2.487979	185.66264	174.22902	170.00563	0.52272475	170.81389	169.3425	760199	8959.647337675095
3820	180.62198	3.3619466	187.6835	173.47092	180.62198	3.3619466	187.6835	173.47092	159.15721	2.0498943	162.40408	155.98145	764199	9006.6303088665
3840	178.08759	4.1427617	186.79012	170.8827	178.08759	4.1427617	186.79012	170.8827	171.92168	8.221417	183.28569	155.90063	768199	9053.237517118454
3860	178.78008	2.6695182	184.20105	171.02286	178.78008	2.6695182	184.20105	171.02286	171.19997	2.1285233	175.13193	167.80037	772199	9100.789259433746
3880	178.31967	3.8463192	182.8548	164.1616	178.31967	3.8463192	182.8548	164.1616	164.62903	2.2418962	167.80824	161.72366	776199	9147.466873645782
3900	179.14706	2.1754565	182.92941	174.83911	179.14706	2.1754565	182.92941	174.83911	173.77702	6.8268933	178.77869	158.99597	780199	9194.114210128784
3920	179.2021	2.498204	182.54324	173.49976	179.2021	2.498204	182.54324	173.49976	157.99487	4.11612	166.94592	154.82565	784199	9240.745834350586
3940	177.75078	3.8502998	181.86543	163.75291	177.75078	3.8502998	181.86543	163.75291	170.61006	7.616917	186.54182	163.53995	788199	9287.401396274567
3960	177.50497	4.4364877	182.29407	161.50182	177.50497	4.4364877	182.29407	161.50182	180.01424	1.5194253	182.51953	177.68585	792199	9333.77016377449
3980	179.9065	2.5690305	184.54247	175.44987	179.9065	2.5690305	184.54247	175.44987	167.48561	1.0124812	168.48146	165.54312	796199	9381.260730981827
4000	179.09566	4.0786867	186.5986	170.19049	179.09566	4.0786867	186.5986	170.19049	176.5991	4.7227507	185.4342	170.98526	800199	9428.163613557816
4020	180.21669	2.6064658	185.55095	175.60504	180.21669	2.6064658	185.55095	175.60504	165.68114	0.55556476	166.26752	164.90594	804199	9475.510755300522
4040	179.81146	2.3145866	184.5385	175.50848	179.81146	2.3145866	184.5385	175.50848	171.74939	1.050546	173.01782	170.0888	808199	9524.62117934227
4060	178.81296	2.1363657	183.06256	175.15117	178.81296	2.1363657	183.06256	175.15117	175.5223	3.3857796	182.54756	171.81879	812199	9572.883960008621
4080	179.64394	1.447716	182.64891	176.93494	179.64394	1.447716	182.64891	176.93494	168.48341	1.417059	170.59413	166.31314	816199	9620.639221906662
4100	178.44621	2.7374957	183.3891	172.02107	178.44621	2.7374957	183.3891	172.02107	173.21492	2.139831	177.68365	170.86823	820199	9668.322134971619
4120	180.46204	2.4533694	184.21187	175.15184	180.46204	2.4533694	184.21187	175.15184	166.57298	1.4942312	168.51169	163.70924	824199	9716.767702579498
4140	180.3789	2.6994863	185.68335	175.46658	180.3789	2.6994863	185.68335	175.46658	173.05849	7.5984874	189.52913	167.30453	828199	9764.929991483688
4160	179.49075	2.1406004	184.73256	175.67975	179.49075	2.1406004	184.73256	175.67975	168.91222	4.092267	177.6574	164.93103	832199	9812.677044153214
4180	179.38261	1.9333117	183.66278	176.329	179.38261	1.9333117	183.66278	176.329	168.5988	2.346694	171.45074	164.12132	836199	9860.324001550674
4200	179.95607	1.6578087	183.17603	177.10753	179.95607	1.6578087	183.17603	177.10753	172.53967	1.7534717	175.10883	170.29779	840199	9907.584634304047
4220	180.56953	1.6238039	184.24788	178.21272	180.56953	1.6238039	184.24788	178.21272	168.14787	0.78167456	169.67331	167.02911	844199	9956.020349264145
4240	180.31136	3.1378615	185.042	173.55089	180.31136	3.1378615	185.042	173.55089	165.71815	3.9200754	174.04747	162.37021	848199	10004.23214006424
4260	179.58463	2.418199	182.90504	173.81953	179.58463	2.418199	182.90504	173.81953	158.38448	4.705807	162.78691	148.42445	852199	10053.162088394165
4280	177.75772	2.4938695	182.82277	172.4122	177.75772	2.4938695	182.82277	172.4122	166.29454	1.8160632	169.78358	164.56596	856199	10101.572271108627
4300	179.17331	2.3498182	185.38896	174.90202	179.17331	2.3498182	185.38896	174.90202	171.95735	0.825401	173.22395	170.89557	860199	10149.026279211044
4320	180.14717	2.418235	184.65514	174.58693	180.14717	2.418235	184.65514	174.58693	166.09338	5.826537	178.03696	159.02298	864199	10197.66991686821
4340	179.55356	2.1238618	183.1127	176.01003	179.55356	2.1238618	183.1127	176.01003	168.68213	2.8834658	172.82008	163.86002	868199	10245.60072183609
4360	179.6766	2.6839943	183.44702	174.511	179.6766	2.6839943	183.44702	174.511	177.29274	3.871166	184.9797	171.99388	872199	10294.124496459961
4380	179.4304	2.6077063	185.54836	173.88144	179.4304	2.6077063	185.54836	173.88144	169.54417	2.228715	173.68292	166.40665	876199	10342.401721477509
4400	178.26816	2.9634252	182.8725	171.97672	178.26816	2.9634252	182.8725	171.97672	185.8806	6.015782	195.17169	177.8878	880199	10390.41338634491
4420	179.54077	3.8506484	187.12434	169.50763	179.54077	3.8506484	187.12434	169.50763	170.68425	1.1496588	172.40709	168.76886	884199	10438.53415632248
4440	179.18086	2.624052	183.18802	174.08447	179.18086	2.624052	183.18802	174.08447	168.87788	3.7368345	174.80595	164.75342	888199	10486.759659290314
4460	178.67365	2.5328197	182.92386	171.19487	178.67365	2.5328197	182.92386	171.19487	166.22313	2.5436115	169.2505	162.54552	892199	10534.697561502457
4480	178.71498	2.7618055	182.86403	172.6197	178.71498	2.7618055	182.86403	172.6197	177.63936	5.7214093	189.81064	171.9497	896199	10582.696901798248
4500	179.37308	2.183271	184.27783	175.83426	179.37308	2.183271	184.27783	175.83426	159.64635	1.4378167	162.02415	157.68631	900199	10630.936898469925
4520	180.23447	2.1745572	185.85207	176.407	180.23447	2.1745572	185.85207	176.407	171.94533	6.739857	184.43246	161.33952	904199	10680.19699215889
4540	178.77316	2.6730692	183.2875	174.26195	178.77316	2.6730692	183.2875	174.26195	179.30898	7.2093363	194.77156	173.7943	908199	10728.732511281967
4560	178.07375	2.5104713	183.28029	174.14197	178.07375	2.5104713	183.28029	174.14197	167.83043	1.3037091	169.89485	166.11276	912199	10777.06566119194
4580	179.20041	2.740075	183.9162	173.4078	179.20041	2.740075	183.9162	173.4078	175.4347	5.2316523	182.43875	168.21445	916199	10825.192926883698
4600	179.99127	2.1309304	184.40472	174.51262	179.99127	2.1309304	184.40472	174.51262	175.42108	2.5798254	179.3738	171.2757	920199	10874.909027576447
4620	180.58878	3.4000342	186.32095	172.97061	180.58878	3.4000342	186.32095	172.97061	165.77016	2.4938457	170.83409	162.5722	924199	10923.420596837997
4640	178.41635	3.1794312	186.91978	173.8647	178.41635	3.1794312	186.91978	173.8647	167.70427	1.3034906	169.78093	166.1736	928199	10971.760810375214
4660	179.4321	2.8289077	184.79106	174.58325	179.4321	2.8289077	184.79106	174.58325	169.29608	3.8791747	176.83105	165.32568	932199	11020.642561674118
4680	178.86288	2.5482323	183.97508	174.2246	178.86288	2.5482323	183.97508	174.2246	170.45003	1.758949	172.01187	166.66496	936199	11068.452620744705
4700	178.62906	2.3012023	181.76332	174.32816	178.62906	2.3012023	181.76332	174.32816	165.21681	2.4484022	168.13902	161.12686	940199	11116.587755680084
4720	178.84657	2.2158449	182.62216	174.25627	178.84657	2.2158449	182.62216	174.25627	162.9157	2.6403227	168.57347	160.65073	944199	11163.803544521332
4740	178.65895	2.5162559	184.34277	174.92464	178.65895	2.5162559	184.34277	174.92464	169.90492	1.3176265	171.64488	167.37245	948199	11211.3482131958
4760	179.64796	2.7784333	186.93962	174.78265	179.64796	2.7784333	186.93962	174.78265	172.55925	5.3148174	182.054	166.63245	952199	11259.558770179749
4780	179.84947	3.1939344	186.84877	174.23415	179.84947	3.1939344	186.84877	174.23415	174.3139	2.0636728	177.13388	171.41656	956199	11307.863115787506
4800	179.25716	2.9187927	183.14705	170.19786	179.25716	2.9187927	183.14705	170.19786	166.86949	2.0922475	171.02766	164.36063	960199	11356.663741111755
4820	178.55983	2.391823	183.33604	175.21992	178.55983	2.391823	183.33604	175.21992	163.31238	2.0952833	166.70384	159.6522	964199	11404.219942331314
4840	178.37415	3.0534337	183.8255	169.36427	178.37415	3.0534337	183.8255	169.36427	158.54234	0.9412637	159.98119	157.10745	968199	11451.40299654007
4860	180.34038	3.048032	186.61412	173.30716	180.34038	3.048032	186.61412	173.30716	173.5498	5.9357553	186.05164	167.79945	972199	11499.174696922302
4880	179.0426	2.2198994	183.22008	173.97635	179.0426	2.2198994	183.22008	173.97635	177.59871	5.5791883	185.61397	170.98811	976199	11545.788835287094
4900	178.9748	2.6198115	184.90117	174.79625	178.9748	2.6198115	184.90117	174.79625	179.03581	5.592384	186.3049	171.90845	980199	11594.129980802536
4920	179.08934	2.8267589	186.07433	172.86688	179.08934	2.8267589	186.07433	172.86688	168.31892	1.4512137	170.27467	165.43907	984199	11642.960997581482
4940	178.17068	2.8379126	182.93826	171.51787	178.17068	2.8379126	182.93826	171.51787	161.90324	1.0008203	163.47675	160.5287	988199	11691.664635896683
4960	178.55727	3.3662174	186.22357	170.17053	178.55727	3.3662174	186.22357	170.17053	162.82838	1.4653829	165.76004	161.01619	992199	11740.308682203293
4980	178.78168	3.3569543	187.5029	168.20287	178.78168	3.3569543	187.5029	168.20287	166.9951	1.6280597	169.17839	164.17972	996199	11788.159005403519
5000	179.35147	2.5263784	185.6913	174.53476	179.35147	2.5263784	185.6913	174.53476	163.00677	1.8527083	165.43657	159.6287	1000199	11837.098059415817
5020	180.4672	3.04146	187.55836	175.02655	180.4672	3.04146	187.55836	175.02655	162.43346	6.8526616	177.41289	157.85707	1004199	11885.359469890594
5040	179.9709	2.4138908	183.94014	175.84196	179.9709	2.4138908	183.94014	175.84196	159.51173	0.95565283	160.77385	157.68701	1008199	11933.959546804428
5060	179.52611	1.9244884	183.39082	174.87785	179.52611	1.9244884	183.39082	174.87785	164.1197	1.349189	165.34796	161.2948	1012199	11981.998213529587
5080	178.89027	2.678861	183.34418	171.53253	178.89027	2.678861	183.34418	171.53253	162.49782	0.76628554	163.68172	161.22833	1016199	12030.795881986618
5100	179.00107	4.4152336	185.60272	162.32716	179.00107	4.4152336	185.60272	162.32716	165.3308	1.40093	166.92699	162.53288	1020199	12079.123981952667
5120	180.38136	2.8728983	188.36346	175.58527	180.38136	2.8728983	188.36346	175.58527	171.49193	4.348304	179.67781	165.11809	1024199	12127.549827098846
5140	179.03146	3.3454795	183.7229	169.36835	179.03146	3.3454795	183.7229	169.36835	165.44966	1.265046	167.97324	164.02977	1028199	12175.494318962097
5160	179.78793	2.9811065	185.56023	173.61435	179.78793	2.9811065	185.56023	173.61435	167.49394	2.3531165	171.98976	164.58365	1032199	12225.272404193878
5180	179.21956	2.5080814	182.99634	174.23546	179.21956	2.5080814	182.99634	174.23546	166.07892	2.7637653	171.51645	163.64284	1036199	12273.069935321808
5200	179.30252	2.4951007	184.3121	174.127	179.30252	2.4951007	184.3121	174.127	159.51668	1.2556812	161.26585	157.30116	1040199	12321.410738945007
5220	179.3776	2.9461925	186.21759	172.85632	179.3776	2.9461925	186.21759	172.85632	166.6184	1.3536564	169.30135	165.11876	1044199	12368.945387125015
5240	179.65756	1.9135113	183.66599	175.59396	179.65756	1.9135113	183.66599	175.59396	168.17934	3.796341	175.91112	163.76569	1048199	12416.031470537186
5260	180.51672	2.9163249	184.5487	173.01352	180.51672	2.9163249	184.5487	173.01352	170.29259	1.0716485	171.4634	168.61023	1052199	12464.306273460388
5280	179.27911	2.076348	183.3299	176.06479	179.27911	2.076348	183.3299	176.06479	160.61827	1.4442309	163.72859	159.44797	1056199	12511.74247956276
5300	179.60312	2.376551	183.36273	173.9642	179.60312	2.376551	183.36273	173.9642	167.75923	9.1296215	187.51459	159.88458	1060199	12559.204541921616
5320	179.64825	2.0385902	183.85432	175.6277	179.64825	2.0385902	183.85432	175.6277	169.27882	7.3584266	181.91542	161.38179	1064199	12606.384523391724
5340	178.97679	2.392833	183.90933	174.9393	178.97679	2.392833	183.90933	174.9393	165.73454	1.8932447	168.21156	162.68416	1068199	12654.303601026535
5360	178.11977	4.5548563	184.51773	161.59595	178.11977	4.5548563	184.51773	161.59595	170.58766	3.384035	177.27107	167.14903	1072199	12702.28233218193
5380	178.99872	2.082463	182.55396	174.11378	178.99872	2.082463	182.55396	174.11378	170.5843	2.2951868	173.62724	166.02266	1076199	12749.771037340164
5400	179.66574	2.352423	183.35622	175.7269	179.66574	2.352423	183.35622	175.7269	167.62396	0.97950023	169.46056	166.5174	1080199	12797.494884490967
5420	179.69179	1.7103671	182.67679	176.82878	179.69179	1.7103671	182.67679	176.82878	170.31842	2.1934626	174.49442	167.27501	1084199	12844.87941122055
5440	179.50331	2.144642	182.8142	174.12585	179.50331	2.144642	182.8142	174.12585	169.5526	4.728304	179.47885	165.58887	1088199	12894.902830123901
5460	178.72435	2.7785864	184.41455	174.58778	178.72435	2.7785864	184.41455	174.58778	174.06596	6.380228	187.3863	166.87114	1092199	12942.62372636795
5480	179.37701	2.9124439	183.55157	171.96568	179.37701	2.9124439	183.55157	171.96568	165.44264	1.4091882	168.38498	164.15009	1096199	12990.702685832977
5500	179.29578	2.7201533	185.55441	175.16512	179.29578	2.7201533	185.55441	175.16512	166.14674	3.5479653	172.05717	161.85793	1100199	13038.698297977448
5520	179.86203	2.4138129	184.02373	174.79459	179.86203	2.4138129	184.02373	174.79459	170.38365	1.4622415	172.84445	168.4267	1104199	13085.918793439865
5540	179.12637	1.5236892	181.58958	175.41692	179.12637	1.5236892	181.58958	175.41692	173.77245	1.4962913	175.7037	171.92064	1108199	13133.786566734314
5560	179.29634	2.7439718	184.7538	175.327	179.29634	2.7439718	184.7538	175.327	174.5125	2.7340486	179.11823	169.97263	1112199	13181.271391868591
5580	178.71878	3.1509788	186.16782	171.8108	178.71878	3.1509788	186.16782	171.8108	173.43724	2.2408452	176.21497	170.30345	1116199	13229.207753896713
5600	179.97305	2.7065406	184.53346	175.492	179.97305	2.7065406	184.53346	175.492	172.73091	4.960563	182.87842	167.19054	1120199	13277.058150291443
5620	178.79817	2.3795455	182.04599	173.36847	178.79817	2.3795455	182.04599	173.36847	178.73161	4.2257595	186.03168	173.8478	1124199	13324.147544145584
5640	180.2489	1.9227902	183.49689	177.05089	180.2489	1.9227902	183.49689	177.05089	172.80922	3.413116	180.02992	170.0475	1128199	13371.626425743103
5660	179.94778	2.4977567	186.6704	175.86343	179.94778	2.4977567	186.6704	175.86343	168.61983	1.072225	170.3433	166.87689	1132199	13418.600821971893
5680	179.18643	1.9565374	182.73024	174.96086	179.18643	1.9565374	182.73024	174.96086	180.56743	2.272341	182.88916	175.98398	1136199	13465.830449342728
5700	180.31294	2.9436345	186.3451	175.45248	180.31294	2.9436345	186.3451	175.45248	175.57054	3.1024432	181.00958	170.5073	1140199	13514.415780067444
5720	179.09563	2.7108462	183.69312	173.09296	179.09563	2.7108462	183.69312	173.09296	169.68452	1.673661	171.68636	167.20241	1144199	13564.591903924942
5740	178.40874	3.8356228	186.23563	166.80453	178.40874	3.8356228	186.23563	166.80453	168.9981	4.0413675	177.01744	163.40372	1148199	13613.441856145859
5760	179.07004	4.948293	184.31087	160.50359	179.07004	4.948293	184.31087	160.50359	170.15468	2.6288002	174.2611	166.8222	1152199	13661.337903738022
5780	179.80963	2.5281332	183.82156	174.73364	179.80963	2.5281332	183.82156	174.73364	174.66768	4.798125	179.96729	164.9738	1156199	13709.1677339077
5800	179.5783	3.141882	188.59726	174.1037	179.5783	3.141882	188.59726	174.1037	175.07005	1.533923	176.58415	171.83649	1160199	13756.697511434555
5820	179.81273	2.4344623	184.98444	176.03609	179.81273	2.4344623	184.98444	176.03609	170.13141	1.8868246	173.21562	167.5905	1164199	13804.694681882858
5840	179.44077	2.4157002	182.08992	172.39467	179.44077	2.4157002	182.08992	172.39467	173.65742	2.100404	177.13342	169.97939	1168199	13852.76236796379
5860	180.04237	2.2046857	184.50034	176.30676	180.04237	2.2046857	184.50034	176.30676	167.49602	1.2181246	169.09465	165.22134	1172199	13900.92591047287
5880	179.31812	2.005006	182.95178	175.52539	179.31812	2.005006	182.95178	175.52539	175.19362	3.0583959	178.58868	168.99481	1176199	13949.289833545685
5900	178.54762	2.2189553	182.5045	173.3837	178.54762	2.2189553	182.5045	173.3837	173.61873	1.993835	175.45271	169.65565	1180199	13996.969378232956
5920	179.49136	2.5943837	186.18854	175.69122	179.49136	2.5943837	186.18854	175.69122	171.25122	1.7952639	173.88393	169.27606	1184199	14044.689948320389
5940	179.47273	2.8136308	186.95485	174.45746	179.47273	2.8136308	186.95485	174.45746	168.60811	6.728641	175.50691	154.47401	1188199	14093.258765220642
5960	178.39383	2.6949704	183.62306	172.45268	178.39383	2.6949704	183.62306	172.45268	169.11156	7.1906867	177.1222	154.55794	1192199	14141.37786746025
5980	179.69783	2.632724	184.57164	173.61674	179.69783	2.632724	184.57164	173.61674	176.78139	6.2723365	187.47005	168.4984	1196199	14189.930692195892
6000	179.3982	2.7446418	183.20149	171.4808	179.3982	2.7446418	183.20149	171.4808	174.18343	1.2339318	176.04956	172.60356	1200199	14239.111196517944
6020	178.32436	2.890388	182.99857	169.50444	178.32436	2.890388	182.99857	169.50444	171.30464	2.251621	175.49081	168.31737	1204199	14285.836332082748
6040	179.23634	3.1913712	185.1628	172.96902	179.23634	3.1913712	185.1628	172.96902	168.68059	2.9455	173.10785	163.95665	1208199	14333.350367546082
6060	178.73088	2.2939303	182.3133	173.2968	178.73088	2.2939303	182.3133	173.2968	169.61635	2.382516	172.65562	165.56586	1212199	14380.410924434662
6080	180.07152	2.2104716	184.96793	175.7981	180.07152	2.2104716	184.96793	175.7981	165.56013	3.0392601	168.63947	159.34966	1216199	14426.691853284836
6100	179.25653	2.5970814	184.69888	172.42526	179.25653	2.5970814	184.69888	172.42526	169.3537	1.3525959	171.39569	167.69443	1220199	14473.520822048187
6120	179.9155	3.4529557	185.37125	173.48776	179.9155	3.4529557	185.37125	173.48776	170.22713	3.2823067	173.55864	163.49149	1224199	14519.950368881226
6140	179.84	3.4917924	185.70575	171.38382	179.84	3.4917924	185.70575	171.38382	175.23456	5.479929	187.11989	170.87674	1228199	14567.276598930359
6160	179.71098	3.0272186	184.25737	169.83772	179.71098	3.0272186	184.25737	169.83772	172.31184	0.86206603	172.9731	170.45546	1232199	14613.880291700363
6180	177.87411	2.7704084	182.97389	171.0106	177.87411	2.7704084	182.97389	171.0106	176.49919	6.173961	189.84319	171.07248	1236199	14661.021625757217
6200	179.064	5.8142233	186.99988	155.97282	179.064	5.8142233	186.99988	155.97282	169.09016	3.98817	176.1646	164.35716	1240199	14708.40849018097
6220	180.74692	2.918665	185.6835	174.47919	180.74692	2.918665	185.6835	174.47919	168.5746	7.794767	182.75877	160.27278	1244199	14756.00719499588
6240	178.96976	2.043587	184.05498	174.20544	178.96976	2.043587	184.05498	174.20544	164.48897	6.290623	177.31842	156.85129	1248199	14803.731599330902
6260	177.80907	4.086459	185.171	163.58554	177.80907	4.086459	185.171	163.58554	176.49278	6.766742	188.72124	167.56241	1252199	14850.421548366547
6280	178.85892	2.4140153	182.52237	174.22682	178.85892	2.4140153	182.52237	174.22682	161.95348	0.81365347	163.51375	161.0335	1256199	14899.143887996674
6300	178.92322	2.9066536	184.18196	173.69318	178.92322	2.9066536	184.18196	173.69318	162.22066	3.7332523	169.3047	156.67458	1260199	14947.479709148407
6320	178.87292	2.4217546	183.51173	174.44228	178.87292	2.4217546	183.51173	174.44228	176.30444	5.7458334	188.00485	169.60794	1264199	14995.08422279358
6340	179.44345	2.530604	185.17833	174.36055	179.44345	2.530604	185.17833	174.36055	164.94763	5.130621	169.9236	154.49182	1268199	15042.38464999199
6360	180.20964	2.7812047	185.9891	174.1187	180.20964	2.7812047	185.9891	174.1187	167.85124	2.7363236	171.44943	162.93687	1272199	15090.78736615181
6380	178.80179	2.5445862	184.95483	173.42502	178.80179	2.5445862	184.95483	173.42502	179.69287	4.278514	188.0775	175.03278	1276199	15138.86458492279
6400	178.7744	2.5584068	184.39227	175.38606	178.7744	2.5584068	184.39227	175.38606	172.30553	5.300561	182.84149	165.8852	1280199	15187.14544582367
6420	179.66975	1.9086051	182.78833	175.11658	179.66975	1.9086051	182.78833	175.11658	177.1414	1.2157158	178.55447	174.9435	1284199	15235.108676671982
6440	179.57329	3.1758852	185.04034	174.11246	179.57329	3.1758852	185.04034	174.11246	166.30559	1.0657686	168.12184	165.08714	1288199	15282.678674936295
6460	179.57628	2.3690798	184.9312	174.99255	179.57628	2.3690798	184.9312	174.99255	170.71169	3.3498182	176.8906	165.92194	1292199	15330.146387815475
6480	179.1495	2.4006763	183.17804	175.43396	179.1495	2.4006763	183.17804	175.43396	177.80626	3.4612095	184.7876	173.46873	1296199	15378.764017343521
6500	178.99489	1.9677835	182.91524	174.26923	178.99489	1.9677835	182.91524	174.26923	167.16533	2.3453705	170.57043	164.74805	1300199	15426.88150382042
6520	179.09798	5.304131	187.60046	159.77791	179.09798	5.304131	187.60046	159.77791	169.62956	0.8290826	170.97398	168.19948	1304199	15474.55617237091
6540	179.4987	2.579592	185.28273	175.45709	179.4987	2.579592	185.28273	175.45709	172.35945	5.3748984	183.35112	166.53502	1308199	15522.737877368927
6560	179.79666	3.2483733	184.83183	169.15092	179.79666	3.2483733	184.83183	169.15092	174.6086	1.9251164	177.97707	171.87437	1312199	15572.126245498657
6580	180.28098	1.7438717	183.54349	176.66853	180.28098	1.7438717	183.54349	176.66853	169.72545	2.577734	174.97798	166.60144	1316199	15619.477319002151
6600	179.2721	2.9486086	183.73474	174.14636	179.2721	2.9486086	183.73474	174.14636	175.71599	4.389036	181.51233	169.99448	1320199	15667.80271601677
6620	179.96547	2.7982285	186.43073	175.34442	179.96547	2.7982285	186.43073	175.34442	175.85466	1.8471953	178.3508	172.19511	1324199	15715.019740343094
6640	180.05055	3.3183603	187.00888	172.63466	180.05055	3.3183603	187.00888	172.63466	172.71753	4.5649533	181.16566	166.30986	1328199	15763.428762674332
6660	178.4828	3.9883041	187.05827	170.04997	178.4828	3.9883041	187.05827	170.04997	173.06511	1.2464386	175.23396	171.3467	1332199	15811.984856367111
6680	179.19777	2.1092365	182.88802	175.32693	179.19777	2.1092365	182.88802	175.32693	176.70085	4.592414	185.57976	170.20616	1336199	15859.342930078506
6700	179.86118	2.1900659	184.57071	176.02525	179.86118	2.1900659	184.57071	176.02525	172.59758	6.3970656	186.49954	168.3473	1340199	15907.532566785812
6720	178.47498	2.6796763	185.36652	173.3876	178.47498	2.6796763	185.36652	173.3876	171.88159	2.5722876	176.79532	168.66138	1344199	15955.371643066406
6740	178.5748	2.7874136	184.12372	173.08821	178.5748	2.7874136	184.12372	173.08821	175.40224	8.141993	189.58191	164.63269	1348199	16003.31560754776
6760	180.15952	2.8383565	186.82721	175.875	180.15952	2.8383565	186.82721	175.875	173.4751	5.8054633	182.213	163.65422	1352199	16051.096088886261
6780	179.67923	3.539125	186.05635	171.0276	179.67923	3.539125	186.05635	171.0276	174.40724	1.4438124	176.75977	171.83621	1356199	16098.651574134827
6800	179.48157	2.3630893	183.26756	174.38333	179.48157	2.3630893	183.26756	174.38333	177.18694	1.6834705	180.79826	175.56082	1360199	16145.878090143204
6820	177.66039	2.658849	182.43994	170.97876	177.66039	2.658849	182.43994	170.97876	163.37288	2.1451879	166.56033	159.99129	1364199	16192.96714258194
6840	179.47153	2.5049868	184.37218	174.18094	179.47153	2.5049868	184.37218	174.18094	173.30058	1.2136352	175.2297	171.26463	1368199	16244.944704294205
6860	179.62369	2.5936399	185.66939	175.34248	179.62369	2.5936399	185.66939	175.34248	170.70412	4.064518	177.75305	164.00032	1372199	16329.770519256592
6880	179.08798	2.1074014	182.40631	174.27267	179.08798	2.1074014	182.40631	174.27267	169.37396	1.6158857	171.49858	166.65591	1376199	16405.167824029922
6900	180.21777	2.8436837	185.006	175.46289	180.21777	2.8436837	185.006	175.46289	167.88878	1.9028342	170.72443	164.69553	1380199	16453.326670646667
6920	178.40787	2.7259374	183.4661	173.64111	178.40787	2.7259374	183.4661	173.64111	175.70491	3.4317434	182.52898	172.61809	1384199	16532.772164821625
6940	178.9179	3.28577	184.10806	170.64337	178.9179	3.28577	184.10806	170.64337	175.8712	4.287967	184.42802	170.01682	1388199	16616.345316886902
6960	177.7477	2.5741553	183.80397	173.11093	177.7477	2.5741553	183.80397	173.11093	165.62512	7.156628	175.19011	155.03091	1392199	16664.105110645294
6980	179.17319	2.3330872	184.08522	175.42528	179.17319	2.3330872	184.08522	175.42528	168.56622	5.5893865	177.01537	158.61047	1396199	16711.817899227142
7000	179.29324	2.9660068	183.84737	169.5974	179.29324	2.9660068	183.84737	169.5974	169.65149	3.4425826	176.36806	164.80046	1400199	16759.44995546341
7020	178.48994	1.6026335	181.47177	175.06874	178.48994	1.6026335	181.47177	175.06874	169.23433	5.288797	176.11719	162.04626	1404199	16806.806498527527
7040	179.2792	2.4872313	186.20302	174.30222	179.2792	2.4872313	186.20302	174.30222	165.69472	2.6045885	170.29845	161.30928	1408199	16877.892436265945
7060	178.46738	2.6182678	183.0235	173.28546	178.46738	2.6182678	183.0235	173.28546	173.01515	1.4394442	176.01944	171.65718	1412199	16969.615912914276
7080	179.96713	2.3408504	184.44957	174.61024	179.96713	2.3408504	184.44957	174.61024	167.86671	3.3216627	172.1557	161.55794	1416199	17017.368217229843
7100	178.16696	2.1897612	181.85522	172.31424	178.16696	2.1897612	181.85522	172.31424	165.09961	2.7977905	169.02483	161.82854	1420199	17065.768761634827
7120	177.93402	2.45912	183.83057	173.86778	177.93402	2.45912	183.83057	173.86778	169.7975	4.1700344	175.06311	161.55522	1424199	17113.786561965942
7140	179.56493	3.287523	187.63786	168.99812	179.56493	3.287523	187.63786	168.99812	167.50926	2.2502282	170.27927	163.60394	1428199	17161.737876176834
7160	179.12138	2.9917758	184.59175	172.79323	179.12138	2.9917758	184.59175	172.79323	166.60167	2.8005617	171.20468	162.58904	1432199	17215.152550458908
7180	179.67595	2.3918772	186.6098	175.70807	179.67595	2.3918772	186.6098	175.70807	164.18498	1.6911587	166.34248	161.2741	1436199	17267.385224819183
7200	179.08633	2.2962897	182.76567	173.22684	179.08633	2.2962897	182.76567	173.22684	167.3858	4.0700274	171.72575	161.16403	1440199	17314.95420193672
7220	179.24924	2.663879	183.39838	173.40857	179.24924	2.663879	183.39838	173.40857	165.51768	4.283159	169.63147	156.50024	1444199	17362.69163584709
7240	179.85716	2.5663874	185.07178	174.02736	179.85716	2.5663874	185.07178	174.02736	170.43785	5.858947	178.87767	162.71265	1448199	17410.377522706985
7260	179.39297	2.2376733	182.42096	173.91412	179.39297	2.2376733	182.42096	173.91412	166.45012	1.7745293	168.51854	163.50772	1452199	17458.5261490345
7280	179.85391	2.7974834	184.81995	174.66774	179.85391	2.7974834	184.81995	174.66774	166.87524	2.2041957	170.64447	163.85516	1456199	17506.42055273056
7300	179.25371	2.5956779	184.70363	174.67778	179.25371	2.5956779	184.70363	174.67778	172.38362	2.4680715	177.52924	169.56026	1460199	17555.335208654404
7320	180.0165	2.6806812	186.2533	174.7776	180.0165	2.6806812	186.2533	174.7776	175.99402	2.5893183	179.84943	172.4093	1464199	17604.406590938568
7340	179.06224	1.9970487	182.14041	174.59302	179.06224	1.9970487	182.14041	174.59302	169.32454	2.800044	173.65553	164.42787	1468199	17651.948519945145
7360	178.70248	2.0475812	184.67807	175.69852	178.70248	2.0475812	184.67807	175.69852	163.9889	2.4806764	168.39452	160.18495	1472199	17725.131653547287
7380	179.80673	2.3345904	183.9856	176.19742	179.80673	2.3345904	183.9856	176.19742	171.64919	4.552828	178.89844	165.11032	1476199	17791.18390774727
7400	179.25876	2.578464	184.64584	174.18665	179.25876	2.578464	184.64584	174.18665	171.4845	2.324462	174.75224	168.19011	1480199	17838.60263442993
7420	179.78754	2.851934	187.19073	174.05081	179.78754	2.851934	187.19073	174.05081	169.71803	3.438743	176.90164	166.64003	1484199	17886.531326293945
7440	179.58238	2.1623342	182.90927	175.72151	179.58238	2.1623342	182.90927	175.72151	174.14246	4.4393964	179.1312	165.96953	1488199	17934.554359197617
7460	178.69266	3.3580415	182.3246	166.47481	178.69266	3.3580415	182.3246	166.47481	169.00299	4.677308	178.61983	164.23755	1492199	17982.37002968788
7480	179.41411	1.9595737	183.11662	176.30869	179.41411	1.9595737	183.11662	176.30869	176.40736	5.9387746	186.68018	167.7358	1496199	18049.508327960968
7500	179.96774	2.0918403	184.2396	176.76866	179.96774	2.0918403	184.2396	176.76866	168.428	1.4799434	171.45663	167.02513	1500199	18116.99312520027
7520	179.45149	3.5159016	185.18471	173.30008	179.45149	3.5159016	185.18471	173.30008	170.59001	1.1340021	171.60577	168.16768	1504199	18164.90287876129
7540	178.84929	2.3669686	183.14267	173.28957	178.84929	2.3669686	183.14267	173.28957	160.13033	2.6357572	164.7113	156.57735	1508199	18210.9231069088
7560	179.8288	2.5703392	187.42264	175.59842	179.8288	2.5703392	187.42264	175.59842	167.19505	3.1013987	171.23384	162.21613	1512199	18277.343284368515
7580	178.0535	3.6126778	184.03021	168.48509	178.0535	3.6126778	184.03021	168.48509	173.69615	6.8548236	182.05682	162.33916	1516199	18322.805887937546
7600	179.84181	1.8406012	184.00981	176.22234	179.84181	1.8406012	184.00981	176.22234	168.01538	3.1733732	173.62216	164.25044	1520199	18369.646676063538
7620	180.72942	2.9560568	186.0198	175.70695	180.72942	2.9560568	186.0198	175.70695	172.96855	4.9194922	179.86372	164.66692	1524199	18417.845871925354
7640	177.62741	2.8907816	183.09966	172.7104	177.62741	2.8907816	183.09966	172.7104	169.01363	4.1861477	177.12688	163.7236	1528199	18465.364089012146
7660	179.70322	2.1613748	183.28642	175.59909	179.70322	2.1613748	183.28642	175.59909	164.2871	3.9760144	168.9692	157.12752	1532199	18513.89955472946
7680	180.27646	1.6896751	183.50975	176.82971	180.27646	1.6896751	183.50975	176.82971	164.72035	2.7779756	169.14165	160.14977	1536199	18580.690032958984
7700	179.07195	2.2400043	183.54349	174.19765	179.07195	2.2400043	183.54349	174.19765	168.64467	3.0060818	172.71396	164.74484	1540199	18628.57050561905
7720	179.65645	2.6507323	187.12987	175.02217	179.65645	2.6507323	187.12987	175.02217	171.82178	5.251836	182.55496	166.1468	1544199	18677.006511449814
7740	179.3995	1.6565588	183.04387	176.51709	179.3995	1.6565588	183.04387	176.51709	166.73103	2.8792093	172.3438	162.5978	1548199	18724.75888824463
7760	178.95932	3.3492043	185.43375	172.1475	178.95932	3.3492043	185.43375	172.1475	174.58167	3.9997334	182.249	168.79752	1552199	18800.302418231964
7780	178.52312	3.4035075	183.92395	168.23724	178.52312	3.4035075	183.92395	168.23724	175.28377	4.5715723	180.60805	165.77873	1556199	18863.069125413895
7800	179.7855	1.7817006	184.65366	175.91035	179.7855	1.7817006	184.65366	175.91035	166.73576	4.5238295	172.26561	158.95418	1560199	18911.662927150726
7820	179.10138	2.5446584	185.23563	174.04797	179.10138	2.5446584	185.23563	174.04797	171.13109	6.42617	180.33179	164.2035	1564199	18960.462574243546
7840	179.43346	2.8541722	184.44327	172.55424	179.43346	2.8541722	184.44327	172.55424	169.48262	3.2817779	174.89607	164.22772	1568199	19008.211683273315
7860	179.26825	3.301343	186.3715	173.00575	179.26825	3.301343	186.3715	173.00575	160.85204	1.9782377	164.34004	158.14575	1572199	19055.668003082275
7880	178.69612	2.3850334	182.24042	171.20108	178.69612	2.3850334	182.24042	171.20108	174.70209	3.1890128	179.71634	169.30983	1576199	19102.631942272186
7900	180.08731	2.4324133	186.04619	175.45071	180.08731	2.4324133	186.04619	175.45071	165.76996	2.3733149	170.18097	162.25516	1580199	19150.753506183624
7920	178.43097	3.2995052	182.84325	168.75365	178.43097	3.2995052	182.84325	168.75365	170.3017	1.1592836	171.64308	168.16318	1584199	19198.475672245026
7940	180.11684	2.922211	186.23787	173.45598	180.11684	2.922211	186.23787	173.45598	168.54268	4.383924	175.41336	162.066	1588199	19246.443845033646
7960	179.22884	3.1114192	185.13655	172.13342	179.22884	3.1114192	185.13655	172.13342	169.64095	1.8708965	172.86385	167.27042	1592199	19293.471236228943
7980	179.57901	2.1700408	182.7442	173.51158	179.57901	2.1700408	182.7442	173.51158	168.25775	4.4457207	174.52838	159.58656	1596199	19356.787270784378
8000	178.9555	2.4286008	182.72043	173.89809	178.9555	2.4286008	182.72043	173.89809	174.87413	6.7553744	188.95784	167.84706	1600199	19433.10027551651
8020	180.38422	2.4995053	185.72307	175.96901	180.38422	2.4995053	185.72307	175.96901	169.7632	4.621519	177.74077	163.16151	1604199	19480.719499588013
8040	179.28171	2.7443354	183.54462	174.02681	179.28171	2.7443354	183.54462	174.02681	163.38359	2.3612437	166.31718	158.75853	1608199	19528.200422525406
8060	179.31046	2.6438208	183.02354	174.0902	179.31046	2.6438208	183.02354	174.0902	170.49274	4.7856035	179.1278	163.54419	1612199	19576.31542301178
8080	179.74643	3.0494828	185.29399	174.57277	179.74643	3.0494828	185.29399	174.57277	175.82841	4.1733665	184.2562	172.10603	1616199	19625.185447454453
8100	179.10413	2.162326	183.49474	174.0476	179.10413	2.162326	183.49474	174.0476	170.381	3.9426928	174.02965	161.90999	1620199	19672.62108373642
8120	178.77391	2.2337866	182.93053	173.85394	178.77391	2.2337866	182.93053	173.85394	167.80809	2.6472096	172.21942	164.06343	1624199	19719.053238868713
8140	179.8744	2.5002704	184.18773	174.77678	179.8744	2.5002704	184.18773	174.77678	171.91962	4.453113	177.35974	164.97978	1628199	19765.925302267075
8160	179.58627	2.259905	183.93753	174.64003	179.58627	2.259905	183.93753	174.64003	171.09447	3.5769582	177.4784	165.9119	1632199	19812.255219221115
8180	178.38864	2.7920394	184.47523	173.39116	178.38864	2.7920394	184.47523	173.39116	169.82686	3.9610999	173.6841	161.51886	1636199	19859.0556910038
8200	179.2701	2.2259886	184.99658	174.82364	179.2701	2.2259886	184.99658	174.82364	167.00722	2.148916	170.6301	164.56366	1640199	19906.369881868362
8220	179.18214	2.7979834	186.46555	173.9606	179.18214	2.7979834	186.46555	173.9606	171.56334	3.0723066	177.92845	168.30377	1644199	19953.46638894081
8240	178.99567	2.397709	183.55972	173.83286	178.99567	2.397709	183.55972	173.83286	163.56512	3.2907434	168.10858	158.99014	1648199	19999.720288991928
8260	179.93326	2.8485932	185.79108	174.73918	179.93326	2.8485932	185.79108	174.73918	169.10126	5.42493	180.70474	164.81097	1652199	20046.722303390503
8280	179.14462	2.9204688	183.87189	171.73395	179.14462	2.9204688	183.87189	171.73395	166.00935	2.8872433	171.03932	162.61394	1656199	20093.275136947632
8300	179.87883	1.7686819	184.54831	177.22691	179.87883	1.7686819	184.54831	177.22691	168.87068	4.979275	176.70041	163.8735	1660199	20139.246432065964
8320	179.1577	2.0411055	183.29063	176.25574	179.1577	2.0411055	183.29063	176.25574	165.42097	3.1495664	168.93683	159.11603	1664199	20186.236239910126
8340	179.77475	2.224216	183.78278	175.13483	179.77475	2.224216	183.78278	175.13483	172.5844	4.417204	178.33858	165.35309	1668199	20232.43702173233
8360	178.78395	2.9841888	182.72966	168.46754	178.78395	2.9841888	182.72966	168.46754	165.97136	3.3721707	171.0279	160.12584	1672199	20279.60024213791
8380	180.13795	2.556356	184.72449	176.5679	180.13795	2.556356	184.72449	176.5679	159.19994	3.4570131	164.14197	153.126	1676199	20325.605840682983
8400	179.73792	2.3905194	184.25146	175.27924	179.73792	2.3905194	184.25146	175.27924	176.31282	6.8252325	189.18745	166.75615	1680199	20371.774075746536
8420	179.29865	2.2123778	184.18422	174.19246	179.29865	2.2123778	184.18422	174.19246	169.6056	8.9777775	187.27112	161.33125	1684199	20417.72045660019
8440	179.45537	2.0633914	183.3762	176.62233	179.45537	2.0633914	183.3762	176.62233	163.25392	3.4649642	168.08134	157.33426	1688199	20465.007647514343
8460	178.20793	2.858936	183.06824	171.26575	178.20793	2.858936	183.06824	171.26575	166.05208	4.2377787	171.03656	159.6461	1692199	20511.913778543472
8480	180.26643	2.920256	186.12534	174.70415	180.26643	2.920256	186.12534	174.70415	169.06201	4.6726766	176.60126	162.93965	1696199	20557.995730638504
8500	179.14499	2.6733022	183.76251	173.28839	179.14499	2.6733022	183.76251	173.28839	168.07625	5.230613	175.3027	161.57927	1700199	20604.818538427353
8520	180.42896	2.5520322	187.09863	175.94264	180.42896	2.5520322	187.09863	175.94264	166.03288	3.6705637	172.60866	161.44785	1704199	20651.706692934036
8540	179.70694	1.6461447	182.44275	175.6321	179.70694	1.6461447	182.44275	175.6321	159.6534	3.6703694	165.62187	155.79428	1708199	20698.1204662323
8560	180.42299	2.9887607	184.48949	170.207	180.42299	2.9887607	184.48949	170.207	163.69261	6.858622	175.67036	155.6718	1712199	20744.86155295372
8580	180.14159	2.6515565	185.89005	175.19109	180.14159	2.6515565	185.89005	175.19109	170.29137	4.7695384	174.53297	160.68933	1716199	20791.29278588295
8600	180.3547	2.0848868	184.61021	176.90845	180.3547	2.0848868	184.61021	176.90845	164.00708	5.899313	174.0542	156.95053	1720199	20838.032984018326
8620	180.17326	3.0795984	185.24043	173.61848	180.17326	3.0795984	185.24043	173.61848	171.36436	5.041789	177.70836	164.73427	1724199	20884.862940311432
8640	178.48244	3.4010677	183.32762	171.38194	178.48244	3.4010677	183.32762	171.38194	170.56499	3.157144	174.15788	164.18721	1728199	20931.942375421524
8660	180.08148	2.2975948	186.62012	175.95114	180.08148	2.2975948	186.62012	175.95114	170.46266	2.3030274	173.96521	166.58856	1732199	20979.891533851624
8680	179.36385	1.8165982	182.1669	175.63956	179.36385	1.8165982	182.1669	175.63956	173.31233	2.7897415	175.93694	167.59346	1736199	21025.86053276062
8700	179.28297	2.0605543	182.35179	175.37056	179.28297	2.0605543	182.35179	175.37056	171.12804	8.18204	185.88222	157.78033	1740199	21071.12780189514
8720	178.96545	2.5945091	183.35759	172.89696	178.96545	2.5945091	183.35759	172.89696	172.2076	2.5862248	176.39708	168.68617	1744199	21117.137447834015
8740	180.2126	3.3144588	187.64247	173.20163	180.2126	3.3144588	187.64247	173.20163	177.32317	6.481298	189.48586	168.503	1748199	21162.852895736694
8760	179.49847	3.0747485	185.97226	172.37651	179.49847	3.0747485	185.97226	172.37651	168.04329	3.7388742	173.03365	161.0494	1752199	21209.016314983368
8780	181.01636	1.0095435	182.7925	178.90579	181.01636	1.0095435	182.7925	178.90579	169.22148	4.056226	175.1393	162.584	1756199	21254.695068120956
8800	180.11572	1.9595623	183.49834	176.1891	180.11572	1.9595623	183.49834	176.1891	172.65753	6.8252697	187.53252	167.98073	1760199	21300.341080904007
8820	180.2323	2.768171	185.69598	174.13794	180.2323	2.768171	185.69598	174.13794	173.87395	7.8051634	190.02643	166.63878	1764199	21346.713447093964
8840	179.38676	3.3451543	184.95522	170.09573	179.38676	3.3451543	184.95522	170.09573	173.19238	10.2712145	193.94266	164.10359	1768199	21393.399792194366
8860	179.79651	2.9513068	185.81955	172.11421	179.79651	2.9513068	185.81955	172.11421	171.11946	8.2011385	188.376	162.61356	1772199	21439.029099941254
8880	179.5254	2.9176316	183.36223	170.25761	179.5254	2.9176316	183.36223	170.25761	174.48586	3.9062774	182.1302	170.28154	1776199	21485.233484506607
8900	178.33502	3.1504545	187.17497	173.2799	178.33502	3.1504545	187.17497	173.2799	165.28056	6.2054133	176.80965	156.00555	1780199	21530.6579477787
8920	178.78496	2.6137767	182.56348	172.9549	178.78496	2.6137767	182.56348	172.9549	167.12376	6.3190136	179.76938	161.00537	1784199	21575.861704349518
8940	179.5906	3.1153138	185.40262	174.42076	179.5906	3.1153138	185.40262	174.42076	176.1256	2.8644753	179.76671	171.7829	1788199	21624.631099939346
8960	180.523	2.2747335	184.92657	176.21527	180.523	2.2747335	184.92657	176.21527	172.37941	4.490928	180.5287	165.54994	1792199	21671.596794843674
8980	178.82565	4.2822466	185.96893	165.14662	178.82565	4.2822466	185.96893	165.14662	166.53955	2.9308681	171.16444	163.19835	1796199	21718.28195953369
9000	179.6957	1.7763915	183.83144	175.40923	179.6957	1.7763915	183.83144	175.40923	169.09369	5.086594	177.55568	159.98488	1800199	21764.562059402466
9020	179.12881	2.317647	182.77072	174.85725	179.12881	2.317647	182.77072	174.85725	166.33379	3.8724244	170.25534	159.02232	1804199	21811.537868261337
9040	179.31483	1.9412506	183.46083	175.08844	179.31483	1.9412506	183.46083	175.08844	165.93895	7.313729	179.50972	156.29074	1808199	21858.783929347992
9060	179.24928	1.9934218	182.34846	174.74278	179.24928	1.9934218	182.34846	174.74278	165.72229	6.6855783	176.12144	156.42609	1812199	21905.796459913254
9080	178.50476	4.1832914	183.40894	167.56499	178.50476	4.1832914	183.40894	167.56499	162.47728	4.414544	168.3588	157.67323	1816199	21952.664929628372
9100	179.6539	3.233507	186.85333	175.16475	179.6539	3.233507	186.85333	175.16475	162.40637	5.5533857	171.96404	155.64479	1820199	22001.075016975403
9120	179.55095	2.0979195	182.51343	175.08286	179.55095	2.0979195	182.51343	175.08286	171.08473	3.5993788	175.40718	164.056	1824199	22048.79161119461
9140	180.48843	2.1897404	186.50424	176.77406	180.48843	2.1897404	186.50424	176.77406	166.18745	5.011292	174.37894	159.75497	1828199	22096.485848665237
9160	178.7577	3.634159	181.81912	167.06392	178.7577	3.634159	181.81912	167.06392	169.26118	7.7619133	180.85184	155.32655	1832199	22144.657668352127
9180	179.29924	2.0321264	182.54672	175.28528	179.29924	2.0321264	182.54672	175.28528	165.99419	5.9423203	177.17659	157.15367	1836199	22226.182144641876
9200	180.21587	2.9376588	186.05855	173.58817	180.21587	2.9376588	186.05855	173.58817	169.68675	8.792681	184.1015	156.93768	1840199	22284.653973817825
9220	179.82214	3.2267148	185.49895	171.97346	179.82214	3.2267148	185.49895	171.97346	170.84038	4.244271	178.57622	165.86443	1844199	22333.315268993378
9240	178.85603	2.3051143	184.57462	175.70853	178.85603	2.3051143	184.57462	175.70853	162.8587	5.68379	172.57672	156.88399	1848199	22380.69299721718
9260	179.3709	2.1826208	184.4701	175.93523	179.3709	2.1826208	184.4701	175.93523	168.97838	5.3634825	176.87607	162.5707	1852199	22428.11339712143
9280	180.17546	1.6657451	183.22118	176.81764	180.17546	1.6657451	183.22118	176.81764	166.01357	4.268422	170.74803	157.30673	1856199	22475.54337334633
9300	177.92857	3.833237	182.92	165.32272	177.92857	3.833237	182.92	165.32272	170.56572	4.9614716	179.56212	162.97336	1860199	22522.982251882553
9320	178.86095	1.7894669	183.78734	175.36873	178.86095	1.7894669	183.78734	175.36873	168.10274	3.7180383	173.41385	162.09428	1864199	22570.641598939896
9340	178.6807	2.325091	182.25914	173.55025	178.6807	2.325091	182.25914	173.55025	164.67924	4.1720276	172.97316	160.8036	1868199	22617.937764167786
9360	179.13574	2.2200496	182.43205	173.90121	179.13574	2.2200496	182.43205	173.90121	157.19466	3.015523	161.25539	153.35747	1872199	22665.74975848198
9380	178.95406	1.973618	181.93523	174.57022	178.95406	1.973618	181.93523	174.57022	169.3659	2.7204037	173.65274	165.80638	1876199	22713.38233590126
9400	180.01779	4.09155	187.74474	165.7092	180.01779	4.09155	187.74474	165.7092	165.2097	2.3610785	169.08853	161.7652	1880199	22760.89536499977
9420	179.4639	1.8885081	183.09393	175.59631	179.4639	1.8885081	183.09393	175.59631	161.45178	5.6715136	168.37471	152.54419	1884199	22808.460688591003
9440	178.87376	2.8094735	184.0874	170.26802	178.87376	2.8094735	184.0874	170.26802	168.92516	8.855559	188.28903	163.1217	1888199	22855.46138525009
9460	180.02359	1.9886427	182.64767	175.665	180.02359	1.9886427	182.64767	175.665	168.47626	4.5458145	176.79709	162.70563	1892199	22902.727905988693
9480	180.1701	2.0593123	185.41388	177.85208	180.1701	2.0593123	185.41388	177.85208	164.77989	4.3953934	170.90633	159.99231	1896199	22950.507548093796
9500	180.13704	1.926237	183.93068	175.81842	180.13704	1.926237	183.93068	175.81842	163.25249	3.068923	166.44527	157.03755	1900199	22999.94881248474
9520	181.2421	2.194099	187.66235	178.3227	181.2421	2.194099	187.66235	178.3227	170.88115	4.0964136	179.22932	166.98854	1904199	23046.43092250824
9540	179.75194	1.387037	182.3574	176.66814	179.75194	1.387037	182.3574	176.66814	164.82927	4.581294	170.61177	158.05656	1908199	23093.16249370575
9560	179.90565	2.1060615	183.92084	176.40501	179.90565	2.1060615	183.92084	176.40501	164.74739	5.7395444	174.61734	156.23921	1912199	23140.2854115963
9580	179.67259	2.5275924	185.0729	174.0546	179.67259	2.5275924	185.0729	174.0546	163.59888	4.308376	172.59904	159.2898	1916199	23187.0172727108
9600	179.42703	2.1057732	184.40926	175.00351	179.42703	2.1057732	184.40926	175.00351	165.31812	3.1671638	169.80089	160.06049	1920199	23233.335248947144
9620	180.06183	2.2579305	183.95718	176.57535	180.06183	2.2579305	183.95718	176.57535	162.53188	4.70717	171.04572	156.70143	1924199	23280.022459745407
9640	179.67381	3.284442	186.16599	172.83447	179.67381	3.284442	186.16599	172.83447	162.34181	4.6270185	168.83986	155.635	1928199	23327.50427889824
9660	180.27988	2.4194672	186.0319	174.98466	180.27988	2.4194672	186.0319	174.98466	168.9878	3.7625024	174.19366	164.52022	1932199	23375.370853185654
9680	180.84143	2.1578546	185.14754	176.97102	180.84143	2.1578546	185.14754	176.97102	166.9591	7.8832417	181.41621	156.2423	1936199	23422.52272462845
9700	180.1507	2.2994096	184.22827	174.91534	180.1507	2.2994096	184.22827	174.91534	162.41821	4.101084	169.18292	155.35997	1940199	23470.533224582672
9720	179.97914	1.9630791	183.66148	176.51488	179.97914	1.9630791	183.66148	176.51488	165.84528	4.4128146	171.22385	159.95064	1944199	23518.31533241272
9740	178.65797	1.6504914	182.08058	175.96002	178.65797	1.6504914	182.08058	175.96002	155.71278	2.7083967	160.23483	151.17758	1948199	23565.383166074753
9760	178.66888	3.6641812	183.96368	165.02234	178.66888	3.6641812	183.96368	165.02234	166.75427	3.5713649	171.55754	161.945	1952199	23612.81043124199
9780	178.81622	3.367509	181.38408	165.73401	178.81622	3.367509	181.38408	165.73401	173.48425	2.1162162	178.04782	171.80408	1956199	23662.63866209984
9800	177.42105	2.6906385	182.91545	173.01234	177.42105	2.6906385	182.91545	173.01234	163.83052	4.410616	168.54199	154.88596	1960199	23710.205620527267
9820	179.22006	1.9109929	182.17563	175.77556	179.22006	1.9109929	182.17563	175.77556	168.72688	7.1230564	178.6394	159.10417	1964199	23757.388629436493
9840	180.38217	2.9955428	187.08572	174.72615	180.38217	2.9955428	187.08572	174.72615	159.38329	2.3976934	162.21098	155.57198	1968199	23805.368626117706
9860	179.26628	1.8435624	181.65833	175.00526	179.26628	1.8435624	181.65833	175.00526	159.95543	9.492075	178.84227	148.42513	1972199	23852.56104207039
9880	180.34523	2.471104	185.51482	175.98082	180.34523	2.471104	185.51482	175.98082	161.74132	3.5718653	167.82979	155.93472	1976199	23899.351847171783
9900	179.4438	1.9080486	182.18924	175.18277	179.4438	1.9080486	182.18924	175.18277	166.25227	3.2256052	170.13747	160.68677	1980199	23944.85407781601
9920	178.60239	2.7615836	183.42441	173.30211	178.60239	2.7615836	183.42441	173.30211	161.18752	7.768508	176.4799	151.4961	1984199	24006.890887498856
9940	178.36273	3.2529855	183.8926	172.59729	178.36273	3.2529855	183.8926	172.59729	168.21098	7.2456884	181.89992	157.05516	1988199	24078.738216400146
9960	179.57405	2.4753199	184.51176	176.29224	179.57405	2.4753199	184.51176	176.29224	166.65056	4.3588157	172.33723	158.25452	1992199	24124.172517061234
9980	179.37466	1.8269937	184.45541	176.88718	179.37466	1.8269937	184.45541	176.88718	174.47624	6.07373	186.32425	165.73537	1996199	24168.98166155815
10000	179.40848	2.3835874	185.53682	175.92595	179.40848	2.3835874	185.53682	175.92595	164.39954	4.8610377	171.84416	156.91995	2000199	24213.73308300972
