Epoch	EpRet	EpRealRet	TestEpRet	AverageQ1	StdQ1	MaxQ1	MinQ1	Q2	TestSuccess	TotalEnvInteracts	TotalTime
0	-49.0	-49.0	-50.0	-1.3513768	2.3435483	1.2156693	-13.863223	-1.3529277	0.0	2500	56.29776382446289
1	-49.08	-49.08	-50.0	-2.8161385	5.2251945	1.869452	-22.561783	-2.8158102	0.0	5000	112.43022108078003
2	-49.98	-49.98	-50.0	-4.030383	7.4150567	1.4003407	-33.94995	-4.029957	0.0	7500	168.20801615715027
3	-49.78	-49.78	-50.0	-5.139488	9.29746	2.5618453	-49.79591	-5.139168	0.0	10000	225.07237124443054
4	-50.0	-50.0	-50.0	-6.0294933	11.00724	2.0035157	-53.739464	-6.029285	0.0	12500	280.399799823761
5	-49.9	-49.9	-46.6	-6.6449146	12.189823	2.1701286	-54.035675	-6.6442685	0.0	15000	336.8708345890045
6	-50.0	-50.0	-50.0	-7.031217	12.999524	2.7363753	-56.315987	-7.0310125	0.0	17500	393.6386742591858
7	-49.5	-49.5	-50.0	-7.407646	13.714702	3.6577156	-60.461216	-7.4068313	0.0	20000	448.66102051734924
8	-49.4	-49.4	-50.0	-7.8893933	14.383301	2.5161138	-60.929996	-7.889633	0.0	22500	504.5677762031555
9	-49.76	-49.76	-46.100002	-8.14791	14.858439	3.8603282	-57.064014	-8.148198	0.1	25000	560.2187497615814
10	-49.5	-49.5	-48.2	-8.422363	15.3161	3.0070968	-74.24816	-8.42361	0.0	27500	616.1637268066406
11	-49.4	-49.4	-50.0	-8.612186	15.721014	3.2399907	-59.88662	-8.611947	0.0	30000	670.9096081256866
12	-49.8	-49.8	-49.9	-8.909605	16.217733	2.7324665	-59.316555	-8.908028	0.0	32500	726.0588908195496
13	-49.8	-49.8	-50.0	-9.164642	16.581606	4.2637444	-68.9546	-9.164243	0.0	35000	782.0301325321198
14	-49.94	-49.94	-49.5	-9.331394	16.829271	3.49724	-58.56603	-9.331581	0.0	37500	837.5342569351196
15	-49.82	-49.82	-48.4	-9.390561	16.859137	3.0085177	-63.612907	-9.390577	0.1	40000	893.1718428134918
16	-48.58	-48.58	-50.0	-9.567118	17.084799	6.027614	-66.484604	-9.565833	0.0	42500	946.9793441295624
17	-49.68	-49.68	-50.0	-9.674014	17.243496	5.04278	-68.18174	-9.672459	0.0	45000	1003.0728449821472
18	-48.42	-48.42	-49.9	-9.791925	17.382359	3.6643476	-71.70009	-9.791315	0.0	47500	1057.524706363678
19	-50.0	-50.0	-45.0	-9.9024105	17.445387	5.5578966	-65.44128	-9.901983	0.1	50000	1113.4821317195892
20	-49.78	-49.78	-49.7	-10.063606	17.616575	3.9216335	-62.607872	-10.062408	0.0	52500	1169.1753208637238
21	-48.9	-48.9	-50.0	-10.091706	17.623074	3.5109189	-60.099964	-10.092842	0.0	55000	1225.3758528232574
22	-49.0	-49.0	-49.8	-10.156971	17.64186	10.531686	-65.54902	-10.156746	0.0	57500	1280.745536327362
23	-49.68	-49.68	-49.7	-10.307575	17.777197	5.809125	-59.688057	-10.306263	0.0	60000	1336.3213427066803
24	-49.12	-49.12	-49.8	-10.361684	17.833542	3.8011334	-63.26375	-10.361381	0.0	62500	1391.8920149803162
25	-49.7	-49.7	-47.5	-10.340684	17.79594	9.80548	-61.888176	-10.340249	0.1	65000	1446.7973630428314
26	-49.96	-49.96	-49.3	-10.47739	17.88805	6.639594	-61.03603	-10.478678	0.0	67500	1503.4180755615234
27	-49.4	-49.4	-47.6	-10.48028	17.873316	8.721884	-62.502388	-10.48049	0.0	70000	1558.7394635677338
28	-49.6	-49.6	-48.7	-10.62737	17.974934	4.4695077	-61.841766	-10.62874	0.1	72500	1614.0863897800446
29	-49.6	-49.6	-48.3	-10.58326	17.889196	11.583228	-65.22769	-10.584514	0.1	75000	1668.029937028885
30	-48.12	-48.12	-50.0	-10.61052	17.870592	5.3511653	-63.8804	-10.610414	0.0	77500	1723.7914626598358
31	-49.62	-49.62	-48.3	-10.643512	17.877163	7.050621	-59.792294	-10.644322	0.0	80000	1778.7344360351562
32	-49.44	-49.44	-48.1	-10.712294	17.883034	11.639971	-65.47404	-10.712713	0.1	82500	1833.281408071518
33	-49.0	-49.0	-45.899998	-10.786408	17.947784	5.5212784	-62.992386	-10.786716	0.1	85000	1888.8997299671173
34	-49.88	-49.88	-50.0	-10.851052	17.943588	4.823592	-62.462337	-10.849617	0.0	87500	1944.4320187568665
35	-48.08	-48.08	-49.5	-10.883475	17.92142	19.58751	-64.14371	-10.885738	0.0	90000	2000.8832967281342
36	-47.2	-47.2	-49.8	-10.840178	17.879858	12.073205	-61.11079	-10.839175	0.0	92500	2055.3710610866547
37	-48.74	-48.74	-48.3	-10.737101	17.763407	9.866564	-63.643986	-10.738241	0.1	95000	2110.963010787964
38	-49.28	-49.28	-49.7	-10.851867	17.819212	16.790356	-62.08087	-10.851716	0.0	97500	2166.7286880016327
39	-48.54	-48.54	-50.0	-10.915895	17.880392	4.6980295	-65.5671	-10.916405	0.0	100000	2222.3049685955048
40	-49.2	-49.2	-46.9	-11.001489	17.921492	3.82652	-75.3613	-11.002348	0.1	102500	2278.0270812511444
41	-47.94	-47.94	-48.9	-10.929699	17.827085	5.480445	-63.17615	-10.930181	0.0	105000	2332.4205684661865
42	-49.14	-49.14	-47.8	-10.986612	17.900377	15.623838	-64.00608	-10.9865675	0.0	107500	2388.312388896942
43	-49.08	-49.08	-47.6	-11.028977	17.890629	9.786255	-72.89847	-11.028596	0.0	110000	2443.319396018982
44	-49.08	-49.08	-49.4	-11.16812	17.977774	9.714998	-73.317764	-11.168725	0.0	112500	2499.7526094913483
45	-48.04	-48.04	-47.3	-11.098632	17.942469	6.8137302	-68.376656	-11.100115	0.1	115000	2554.697098493576
46	-48.86	-48.86	-48.7	-11.123994	17.945856	17.97937	-69.29258	-11.121847	0.0	117500	2610.924595117569
47	-48.4	-48.4	-46.6	-11.130463	17.922249	9.57693	-66.57026	-11.129401	0.1	120000	2666.131066083908
48	-49.28	-49.28	-43.5	-11.165985	17.913843	13.201476	-64.34054	-11.166563	0.2	122500	2720.457190990448
49	-49.48	-49.48	-48.2	-11.339757	18.00619	4.6662326	-59.659306	-11.340046	0.0	125000	2775.7712869644165
50	-49.42	-49.42	-49.2	-11.2982235	17.99169	3.6884193	-71.637665	-11.297032	0.0	127500	2830.1501331329346
51	-48.72	-48.72	-49.6	-11.282449	17.98162	8.364118	-62.473206	-11.282989	0.0	130000	2886.5552096366882
52	-48.68	-48.68	-44.5	-11.369126	18.040688	20.557673	-77.45749	-11.367851	0.0	132500	2941.643611907959
53	-49.06	-49.06	-50.0	-11.370364	18.059023	10.752221	-72.70342	-11.369514	0.0	135000	2998.219928741455
54	-48.8	-48.8	-49.0	-11.386248	18.023956	12.339187	-62.28874	-11.386591	0.0	137500	3053.887208223343
55	-47.66	-47.66	-49.7	-11.459299	18.039675	13.929762	-65.013664	-11.457276	0.0	140000	3110.1236572265625
56	-48.7	-48.7	-49.4	-11.449668	18.035925	7.205634	-58.97815	-11.44881	0.0	142500	3166.580342769623
57	-47.9	-47.9	-46.7	-11.442613	17.979649	10.824078	-63.85859	-11.441262	0.1	145000	3222.250918149948
58	-47.0	-47.0	-46.6	-11.427626	17.966337	18.240938	-62.501305	-11.428481	0.1	147500	3277.2157006263733
59	-49.2	-49.2	-49.3	-11.315646	17.807365	4.6910653	-65.029205	-11.313169	0.0	150000	3332.9374330043793
60	-47.56	-47.56	-49.4	-11.307601	17.785982	22.480785	-66.16386	-11.306784	0.0	152500	3388.5309624671936
61	-49.02	-49.02	-50.0	-11.287452	17.732258	13.393135	-67.83508	-11.287673	0.0	155000	3443.7859098911285
62	-48.6	-48.6	-45.5	-11.199651	17.619263	12.741915	-66.923454	-11.198827	0.2	157500	3499.7645366191864
63	-47.92	-47.92	-44.2	-11.214556	17.635767	6.787271	-64.256645	-11.215713	0.2	160000	3554.5251080989838
64	-48.34	-48.34	-49.1	-11.32263	17.713146	7.7490554	-61.311256	-11.322568	0.0	162500	3610.9613943099976
65	-49.16	-49.16	-49.1	-11.356981	17.706839	9.898826	-64.79487	-11.355538	0.0	165000	3666.8835196495056
66	-47.96	-47.96	-44.7	-11.358069	17.704096	9.118606	-60.82278	-11.35807	0.2	167500	3722.349132299423
67	-49.42	-49.42	-44.3	-11.322985	17.655664	15.533568	-79.90485	-11.3240595	0.0	170000	3778.70654463768
68	-48.7	-48.7	-44.600002	-11.341824	17.667591	10.189964	-70.39315	-11.342052	0.1	172500	3834.0234019756317
69	-48.46	-48.46	-49.2	-11.352882	17.693567	9.722333	-74.159744	-11.352995	0.0	175000	3890.7961905002594
70	-48.08	-48.08	-49.7	-11.401179	17.702448	9.1563225	-61.77697	-11.401582	0.0	177500	3946.903638601303
71	-49.04	-49.04	-48.8	-11.463757	17.686642	7.625825	-65.63931	-11.463814	0.0	180000	4003.5778815746307
72	-48.28	-48.28	-47.6	-11.502797	17.714287	4.6923103	-89.945435	-11.499922	0.0	182500	4058.0714054107666
73	-47.6	-47.6	-48.3	-11.500263	17.704317	10.868598	-66.94567	-11.499325	0.0	185000	4114.474892139435
74	-49.06	-49.06	-49.8	-11.546678	17.772144	5.3960414	-61.155907	-11.542693	0.1	187500	4169.622762680054
75	-48.7	-48.7	-47.4	-11.528465	17.709972	12.14312	-62.839973	-11.529045	0.0	190000	4226.413611412048
76	-47.74	-47.74	-49.6	-11.531313	17.673296	16.601542	-62.852142	-11.532551	0.0	192500	4282.229571819305
77	-48.22	-48.22	-45.100002	-11.51873	17.675058	18.613115	-62.35081	-11.518105	0.0	195000	4338.280072927475
78	-47.6	-47.6	-46.7	-11.606403	17.71975	6.0627823	-77.1369	-11.607804	0.0	197500	4395.00562953949
79	-48.84	-48.84	-48.7	-11.580303	17.698286	8.985793	-62.843212	-11.580905	0.0	200000	4450.659725904465
80	-47.7	-47.7	-49.1	-11.497622	17.614326	12.069922	-78.20093	-11.495857	0.0	202500	4506.143675804138
81	-48.74	-48.74	-40.7	-11.596919	17.63517	5.1315746	-65.82324	-11.596919	0.3	205000	4561.468602657318
82	-48.0	-48.0	-48.7	-11.560356	17.589994	22.279993	-65.41032	-11.560552	0.0	207500	4618.520915269852
83	-48.86	-48.86	-46.100002	-11.665545	17.674875	15.034647	-61.38497	-11.665538	0.1	210000	4673.195549488068
84	-47.84	-47.84	-48.2	-11.636367	17.612146	4.8063097	-65.554276	-11.635637	0.0	212500	4729.452609062195
85	-47.72	-47.72	-48.0	-11.630599	17.555132	15.648151	-68.69968	-11.628022	0.0	215000	4783.941823959351
86	-48.98	-48.98	-48.5	-11.662527	17.533092	10.970537	-65.97948	-11.663936	0.0	217500	4840.880719423294
87	-49.1	-49.1	-48.2	-11.6924095	17.531296	16.300562	-70.994965	-11.690933	0.1	220000	4896.9484622478485
88	-48.96	-48.96	-49.4	-11.795751	17.614307	12.554737	-64.85385	-11.793644	0.0	222500	4952.148618936539
89	-48.34	-48.34	-49.6	-11.80372	17.57181	17.030453	-60.34383	-11.803422	0.0	225000	5008.6807076931
90	-48.62	-48.62	-42.399998	-11.83333	17.58216	18.36385	-66.51508	-11.832938	0.2	227500	5063.166403770447
91	-49.2	-49.2	-47.6	-11.816918	17.505642	13.943168	-63.54374	-11.8163805	0.0	230000	5120.318812608719
92	-48.02	-48.02	-48.8	-11.829967	17.486755	4.2371955	-85.55112	-11.828563	0.1	232500	5177.14951133728
93	-48.96	-48.96	-45.399998	-11.844858	17.45632	17.281437	-71.96886	-11.8458605	0.0	235000	5234.767218351364
94	-48.54	-48.54	-43.7	-11.862596	17.439398	19.671562	-63.088673	-11.863815	0.1	237500	5291.6241047382355
95	-48.7	-48.7	-49.2	-11.92111	17.466873	4.654198	-60.94374	-11.920801	0.0	240000	5348.5065240859985
96	-48.16	-48.16	-43.899998	-11.979836	17.481672	15.845483	-61.876537	-11.97979	0.2	242500	5404.875450849533
97	-49.08	-49.08	-48.4	-12.070701	17.518114	7.2901673	-80.684494	-12.070092	0.0	245000	5461.923656463623
98	-48.82	-48.82	-48.2	-12.057439	17.514784	11.509253	-63.10511	-12.05767	0.0	247500	5517.88322019577
99	-46.56	-46.56	-49.5	-12.08218	17.492647	17.963116	-73.775116	-12.08306	0.0	250000	5576.359289646149
100	-48.06	-48.06	-48.3	-12.169574	17.54624	7.8645854	-65.34793	-12.169545	0.1	252500	5633.632644176483
101	-48.64	-48.64	-48.0	-12.161554	17.5171	20.0417	-70.58235	-12.16145	0.0	255000	5690.972744464874
102	-47.42	-47.42	-48.6	-12.238662	17.569782	16.5541	-83.15064	-12.237504	0.0	257500	5747.777435541153
103	-46.82	-46.82	-46.399998	-12.244608	17.520168	8.015715	-62.929813	-12.247247	0.1	260000	5804.180446147919
104	-48.02	-48.02	-46.6	-12.358245	17.565475	11.913643	-77.91747	-12.357734	0.2	262500	5860.821122407913
105	-49.18	-49.18	-45.5	-12.36584	17.559534	15.805077	-63.882385	-12.362367	0.1	265000	5917.104075670242
106	-47.46	-47.46	-42.0	-12.408464	17.528587	11.26032	-69.618904	-12.407252	0.3	267500	5975.172475576401
107	-47.82	-47.82	-46.2	-12.437419	17.514322	9.356646	-69.88482	-12.437307	0.1	270000	6031.9934639930725
108	-46.06	-46.06	-48.3	-12.481046	17.513603	13.190133	-67.645775	-12.480459	0.0	272500	6088.732763051987
109	-47.34	-47.34	-48.2	-12.40722	17.465757	7.1368017	-93.930435	-12.406639	0.0	275000	6145.255486965179
110	-48.7	-48.7	-42.5	-12.434032	17.467455	7.367764	-62.308174	-12.434679	0.1	277500	6202.48105764389
111	-47.68	-47.68	-38.8	-12.488369	17.520113	35.7923	-62.979343	-12.4871235	0.4	280000	6258.990668058395
112	-47.9	-47.9	-44.2	-12.438319	17.440268	8.993364	-70.84474	-12.4393015	0.2	282500	6315.608649015427
113	-47.68	-47.68	-49.5	-12.543447	17.482649	9.639156	-90.85322	-12.539835	0.0	285000	6371.899421930313
114	-48.36	-48.36	-48.4	-12.537633	17.483189	21.651861	-66.8239	-12.535661	0.0	287500	6427.943758010864
115	-47.76	-47.76	-42.0	-12.508933	17.447054	15.9825115	-63.284634	-12.509067	0.2	290000	6484.332202672958
116	-49.0	-49.0	-45.899998	-12.599949	17.516315	15.9065275	-68.97585	-12.599896	0.0	292500	6541.1039073467255
117	-48.26	-48.26	-46.5	-12.509925	17.421452	13.613342	-79.49452	-12.509857	0.2	295000	6598.025444507599
118	-48.48	-48.48	-41.399998	-12.526051	17.407345	12.774124	-65.54168	-12.525376	0.3	297500	6654.019830226898
119	-48.54	-48.54	-44.2	-12.538229	17.381628	4.304475	-81.20067	-12.539541	0.1	300000	6710.809125900269
120	-48.8	-48.8	-44.5	-12.558592	17.369194	6.2994266	-68.419426	-12.560001	0.2	302500	6765.501444578171
121	-46.26	-46.26	-42.7	-12.557916	17.30455	24.825035	-70.432465	-12.556411	0.1	305000	6822.758593082428
122	-47.32	-47.32	-46.5	-12.492276	17.267721	27.373363	-73.478905	-12.492701	0.1	307500	6878.776090621948
123	-46.98	-46.98	-45.7	-12.528681	17.253443	6.1334558	-64.076	-12.526462	0.0	310000	6934.800693035126
124	-48.6	-48.6	-48.8	-12.61061	17.2982	9.639157	-67.493614	-12.6107235	0.0	312500	6991.692001104355
125	-47.56	-47.56	-49.1	-12.727293	17.377718	13.572224	-81.112854	-12.72486	0.0	315000	7047.8471212387085
126	-46.64	-46.64	-48.9	-12.560989	17.228695	7.655424	-71.123795	-12.56065	0.1	317500	7105.316305875778
127	-47.12	-47.12	-48.1	-12.682167	17.305758	12.091667	-73.49848	-12.680434	0.1	320000	7161.701445102692
128	-47.2	-47.2	-49.9	-12.660544	17.284492	8.188083	-71.74901	-12.658532	0.1	322500	7218.919607400894
129	-49.22	-49.22	-43.600002	-12.7180605	17.307888	21.164244	-90.9415	-12.719655	0.2	325000	7276.323490381241
130	-47.06	-47.06	-48.5	-12.687961	17.287632	9.800872	-67.02471	-12.689709	0.0	327500	7332.584351539612
131	-48.9	-48.9	-42.8	-12.68092	17.270725	10.403236	-68.89986	-12.682026	0.3	330000	7389.4235227108
132	-47.58	-47.58	-44.399998	-12.7094	17.284039	9.645243	-68.89493	-12.713202	0.2	332500	7446.093586444855
133	-46.34	-46.34	-44.7	-12.724749	17.262371	11.301072	-71.82276	-12.722963	0.1	335000	7503.1922788619995
134	-48.56	-48.56	-45.399998	-12.746498	17.278505	9.518099	-72.329956	-12.7466955	0.3	337500	7560.385692358017
135	-46.96	-46.96	-45.600002	-12.736542	17.273794	6.4408255	-64.163445	-12.73535	0.2	340000	7617.127757310867
136	-47.5	-47.5	-45.2	-12.801873	17.302595	9.134481	-81.00877	-12.7981205	0.0	342500	7673.937851667404
137	-47.8	-47.8	-42.3	-12.857496	17.32256	8.423089	-75.4148	-12.855318	0.1	345000	7730.820756435394
138	-48.68	-48.68	-41.2	-12.790794	17.270477	6.6638784	-69.893616	-12.79169	0.2	347500	7787.858767271042
139	-46.4	-46.4	-48.6	-12.729994	17.23074	11.868486	-63.921867	-12.726917	0.0	350000	7843.972560405731
140	-48.64	-48.64	-42.2	-12.772329	17.192186	9.81824	-68.74838	-12.772587	0.2	352500	7902.07711648941
141	-45.68	-45.68	-42.0	-12.678292	17.136274	11.874786	-63.972836	-12.67895	0.2	355000	7958.290972948074
142	-46.46	-46.46	-46.8	-12.745537	17.178905	23.738417	-69.50927	-12.747218	0.0	357500	8014.890905618668
143	-46.5	-46.5	-50.0	-12.704166	17.197163	5.827817	-68.52759	-12.701317	0.0	360000	8069.759718418121
144	-47.62	-47.62	-44.8	-12.657976	17.138855	14.392329	-64.03061	-12.657895	0.0	362500	8126.292819738388
145	-48.46	-48.46	-42.3	-12.716651	17.156721	7.0072103	-69.957306	-12.716808	0.2	365000	8182.138006448746
146	-48.4	-48.4	-46.100002	-12.769978	17.20793	6.100866	-66.26838	-12.770967	0.1	367500	8239.156996965408
147	-47.12	-47.12	-42.399998	-12.799911	17.198477	9.226683	-67.4076	-12.799723	0.2	370000	8295.929422855377
148	-48.46	-48.46	-46.2	-12.804196	17.21945	13.393962	-71.6979	-12.805085	0.1	372500	8352.509922981262
149	-47.0	-47.0	-47.7	-12.84718	17.25659	12.908532	-66.40045	-12.848303	0.0	375000	8408.859956264496
150	-45.94	-45.94	-44.5	-12.824587	17.206158	4.1798286	-112.98264	-12.825125	0.1	377500	8465.48130774498
151	-47.32	-47.32	-42.0	-12.91143	17.235188	11.286278	-68.363205	-12.911743	0.2	380000	8520.80298948288
152	-46.42	-46.42	-42.3	-12.910438	17.214184	11.327274	-66.82825	-12.910565	0.1	382500	8576.332378864288
153	-46.9	-46.9	-42.899998	-12.804588	17.095984	12.532358	-69.50439	-12.805191	0.4	385000	8632.78793001175
154	-46.24	-46.24	-42.2	-12.892238	17.217218	46.552044	-72.9714	-12.890775	0.3	387500	8688.880491733551
155	-47.36	-47.36	-44.600002	-13.028198	17.312616	14.287371	-76.156624	-13.028962	0.2	390000	8746.453263521194
156	-47.54	-47.54	-42.8	-13.105373	17.329674	6.051366	-74.73006	-13.106074	0.2	392500	8801.39000916481
157	-45.88	-45.88	-43.399998	-13.076222	17.34769	6.216056	-70.34546	-13.075951	0.1	395000	8858.061324596405
158	-47.66	-47.66	-45.100002	-13.118141	17.355341	9.944056	-68.330666	-13.116768	0.2	397500	8914.72238278389
159	-48.06	-48.06	-42.899998	-13.104732	17.341837	18.268654	-61.870224	-13.10618	0.2	400000	8970.615844488144
160	-48.06	-48.06	-44.7	-13.094736	17.374369	15.214366	-72.8774	-13.094469	0.1	402500	9026.728060007095
161	-48.18	-48.18	-43.600002	-13.08168	17.329645	8.737748	-71.65667	-13.081053	0.2	405000	9084.103261470795
162	-46.64	-46.64	-47.5	-13.178802	17.376902	6.5579	-70.35423	-13.179999	0.1	407500	9139.787685871124
163	-48.4	-48.4	-47.1	-13.0472	17.305859	11.0030155	-70.37651	-13.043127	0.0	410000	9196.325720787048
164	-47.32	-47.32	-43.3	-13.189072	17.406145	10.413584	-63.278645	-13.1866455	0.2	412500	9251.784362316132
165	-47.32	-47.32	-42.7	-13.172185	17.441345	8.549223	-66.75425	-13.173067	0.2	415000	9307.64019370079
166	-46.32	-46.32	-44.600002	-13.198397	17.413057	20.050026	-67.76202	-13.199893	0.1	417500	9363.42241191864
167	-48.48	-48.48	-49.3	-13.158776	17.372406	7.3256855	-70.05675	-13.159048	0.0	420000	9420.697791576385
168	-45.78	-45.78	-41.399998	-13.235994	17.407953	9.715559	-63.13088	-13.23596	0.2	422500	9479.057778835297
169	-47.5	-47.5	-46.7	-13.167599	17.347424	7.25595	-66.06597	-13.167752	0.1	425000	9536.30724453926
170	-45.9	-45.9	-40.8	-13.285378	17.422333	20.982437	-68.008766	-13.2853775	0.3	427500	9593.68731880188
171	-45.68	-45.68	-47.0	-13.247698	17.416492	6.1600304	-70.625114	-13.247933	0.1	430000	9650.531061649323
172	-47.2	-47.2	-43.0	-13.287418	17.421288	19.232084	-66.981224	-13.2874775	0.1	432500	9707.950066328049
173	-46.34	-46.34	-41.2	-13.324441	17.461613	8.433232	-73.34233	-13.322772	0.2	435000	9763.678104877472
174	-47.48	-47.48	-44.899998	-13.312178	17.431377	14.2871685	-72.22329	-13.315095	0.2	437500	9820.311891555786
175	-47.76	-47.76	-45.5	-13.314225	17.446846	8.757095	-70.95562	-13.31449	0.2	440000	9875.404095172882
176	-45.8	-45.8	-40.8	-13.312616	17.43519	6.645795	-63.51657	-13.312067	0.2	442500	9931.833853721619
177	-46.56	-46.56	-41.399998	-13.336555	17.444613	10.22052	-72.71014	-13.335911	0.3	445000	9986.702655792236
178	-47.9	-47.9	-40.5	-13.39154	17.496357	10.46666	-64.629196	-13.391302	0.2	447500	10044.096260786057
179	-45.48	-45.48	-45.600002	-13.33052	17.473886	3.4369354	-68.10159	-13.32986	0.0	450000	10100.492194652557
180	-47.22	-47.22	-47.0	-13.372055	17.495455	10.215549	-63.61092	-13.37232	0.3	452500	10156.419349431992
181	-46.36	-46.36	-45.3	-13.284366	17.450256	12.1160145	-63.712307	-13.282971	0.1	455000	10212.285499572754
182	-48.48	-48.48	-38.100002	-13.352872	17.4526	6.845223	-66.16962	-13.353038	0.4	457500	10267.580144643784
183	-47.82	-47.82	-47.8	-13.378402	17.472742	15.18904	-68.56124	-13.378178	0.1	460000	10324.585274934769
184	-46.76	-46.76	-44.600002	-13.428423	17.53492	12.816925	-68.43045	-13.428725	0.1	462500	10380.052515983582
185	-47.36	-47.36	-43.600002	-13.460659	17.562498	12.489744	-70.09884	-13.458336	0.1	465000	10436.352090120316
186	-46.8	-46.8	-43.399998	-13.38325	17.484797	11.178989	-69.059586	-13.382241	0.1	467500	10493.143884897232
187	-47.48	-47.48	-45.899998	-13.3415	17.492506	9.176204	-71.58503	-13.341582	0.0	470000	10550.773156642914
188	-45.38	-45.38	-44.399998	-13.356942	17.49308	31.042164	-70.11258	-13.356032	0.3	472500	10607.273097276688
189	-48.08	-48.08	-45.2	-13.390004	17.555014	8.664179	-64.61212	-13.389049	0.0	475000	10664.918311595917
190	-47.34	-47.34	-41.8	-13.46465	17.569311	10.731009	-65.32949	-13.464963	0.3	477500	10721.317454338074
191	-47.48	-47.48	-41.5	-13.430014	17.575735	17.914658	-106.465935	-13.43027	0.1	480000	10777.511472940445
192	-45.9	-45.9	-37.3	-13.468896	17.595701	10.733738	-61.959263	-13.468093	0.3	482500	10833.124989032745
193	-47.98	-47.98	-43.399998	-13.37537	17.537905	6.853792	-62.0624	-13.377322	0.1	485000	10889.852646827698
194	-44.92	-44.92	-42.2	-13.382399	17.516855	8.622545	-63.03026	-13.380236	0.2	487500	10946.046808242798
195	-48.1	-48.1	-46.5	-13.458299	17.605227	5.0794516	-65.22549	-13.455514	0.2	490000	11001.477997303009
196	-47.34	-47.34	-37.2	-13.529727	17.65539	9.466619	-65.112625	-13.5302515	0.5	492500	11058.220963716507
197	-46.84	-46.84	-44.3	-13.396869	17.558157	3.6469014	-64.564316	-13.39901	0.3	495000	11113.915187597275
198	-47.26	-47.26	-39.7	-13.484476	17.60158	24.916012	-67.59974	-13.484864	0.2	497500	11170.352575063705
199	-47.8	-47.8	-35.3	-13.457405	17.570919	14.046373	-62.42301	-13.456277	0.5	500000	11225.006184101105
200	-46.12	-46.12	-47.2	-13.497278	17.63841	10.971896	-67.67379	-13.49597	0.0	502500	11281.840314626694
201	-47.36	-47.36	-40.8	-13.520057	17.642006	8.680714	-66.698555	-13.519818	0.3	505000	11337.80024600029
202	-47.9	-47.9	-41.7	-13.562665	17.683685	5.611932	-64.27681	-13.560665	0.2	507500	11394.751343488693
203	-47.0	-47.0	-47.5	-13.537127	17.679796	53.992077	-69.41812	-13.538645	0.1	510000	11451.497304677963
204	-47.68	-47.68	-44.600002	-13.617306	17.764996	4.855399	-66.44769	-13.616142	0.1	512500	11508.099885225296
205	-47.2	-47.2	-45.100002	-13.530583	17.674637	5.712715	-65.04542	-13.528785	0.2	515000	11564.659948348999
206	-47.18	-47.18	-40.399998	-13.590176	17.674818	11.99367	-72.06445	-13.587858	0.2	517500	11620.99785208702
207	-44.46	-44.46	-44.3	-13.646482	17.758059	14.431032	-69.20972	-13.647194	0.1	520000	11676.274934768677
208	-45.56	-45.56	-46.100002	-13.538622	17.668215	17.184744	-71.46101	-13.542187	0.0	522500	11733.169199466705
209	-46.64	-46.64	-46.0	-13.547148	17.655142	6.927552	-68.02221	-13.547909	0.0	525000	11790.713788986206
210	-45.92	-45.92	-39.3	-13.602351	17.691452	9.369631	-74.35123	-13.601851	0.3	527500	11846.40254163742
211	-47.18	-47.18	-42.899998	-13.520535	17.678305	6.8021297	-63.527706	-13.518452	0.1	530000	11904.519544363022
212	-48.22	-48.22	-40.600002	-13.475375	17.624815	9.208172	-65.42717	-13.477918	0.3	532500	11959.537902355194
213	-47.34	-47.34	-42.3	-13.491233	17.655464	15.239705	-75.40237	-13.489216	0.2	535000	12017.399153232574
214	-47.38	-47.38	-46.0	-13.5431595	17.697077	6.9962654	-78.26871	-13.543352	0.1	537500	12073.250588655472
215	-46.48	-46.48	-47.0	-13.60543	17.736534	7.487586	-66.97514	-13.604663	0.1	540000	12128.979250907898
216	-47.04	-47.04	-43.899998	-13.596312	17.717482	6.651655	-72.65229	-13.596296	0.4	542500	12184.899491548538
217	-46.38	-46.38	-44.2	-13.595778	17.747025	9.2946	-70.02751	-13.594512	0.1	545000	12242.497916221619
218	-47.34	-47.34	-45.7	-13.599438	17.741112	11.163412	-69.966324	-13.599847	0.1	547500	12298.832662582397
219	-45.12	-45.12	-42.600002	-13.602307	17.73718	21.049187	-72.27441	-13.602256	0.2	550000	12355.453280687332
220	-46.44	-46.44	-45.899998	-13.534552	17.681866	9.038393	-67.77401	-13.531987	0.1	552500	12410.773347854614
221	-46.72	-46.72	-41.5	-13.596992	17.746944	6.5201473	-66.01069	-13.594864	0.3	555000	12467.672891139984
222	-46.36	-46.36	-44.600002	-13.575565	17.716164	7.7053246	-68.02796	-13.574327	0.0	557500	12522.871740341187
223	-46.04	-46.04	-47.2	-13.672057	17.770094	55.15932	-69.013115	-13.673071	0.1	560000	12580.114477396011
224	-47.08	-47.08	-49.4	-13.597146	17.745146	26.025742	-63.313423	-13.5987425	0.0	562500	12637.828456163406
225	-46.0	-46.0	-43.3	-13.74575	17.822376	8.167381	-70.69091	-13.744787	0.2	565000	12692.357008695602
226	-47.54	-47.54	-44.3	-13.650646	17.805738	7.5563154	-63.46106	-13.6516485	0.2	567500	12748.497146129608
227	-47.2	-47.2	-41.2	-13.657766	17.801514	10.799427	-65.58153	-13.658672	0.2	570000	12804.035772323608
228	-47.7	-47.7	-43.100002	-13.72773	17.869034	18.69769	-66.102905	-13.729017	0.1	572500	12860.533289670944
229	-46.48	-46.48	-45.0	-13.772386	17.866282	6.0475664	-67.82084	-13.774704	0.1	575000	12917.201939344406
230	-45.02	-45.02	-46.7	-13.720465	17.870047	9.45673	-76.05152	-13.718359	0.2	577500	12973.00853061676
231	-44.5	-44.5	-44.399998	-13.70188	17.86016	53.590645	-66.069016	-13.703743	0.0	580000	13029.167867183685
232	-46.38	-46.38	-40.600002	-13.718387	17.850838	12.310469	-62.620342	-13.718463	0.3	582500	13085.919335603714
233	-47.12	-47.12	-41.100002	-13.813689	17.950012	71.9122	-67.20388	-13.815061	0.2	585000	13142.199204921722
234	-48.08	-48.08	-41.899998	-13.720728	17.86741	3.3358717	-68.34108	-13.721388	0.2	587500	13198.844355583191
235	-48.28	-48.28	-48.1	-13.694764	17.876396	17.382996	-62.27604	-13.693673	0.1	590000	13255.767593383789
236	-46.68	-46.68	-33.3	-13.654982	17.877808	11.348623	-63.991962	-13.652463	0.3	592500	13313.581142425537
237	-47.4	-47.4	-41.7	-13.705194	17.905718	9.466462	-68.63875	-13.706039	0.2	595000	13369.027598619461
238	-47.78	-47.78	-48.0	-13.683495	17.91067	34.029903	-75.76409	-13.683633	0.0	597500	13426.151396274567
239	-46.72	-46.72	-44.600002	-13.640846	17.894766	5.2990484	-62.772182	-13.642067	0.0	600000	13483.495941400528
240	-47.66	-47.66	-46.399998	-13.70463	17.903854	7.45187	-73.483734	-13.702683	0.2	602500	13540.24227309227
241	-47.06	-47.06	-44.0	-13.68547	17.895752	19.650337	-90.226006	-13.684653	0.2	605000	13597.28692483902
242	-45.76	-45.76	-38.600002	-13.713717	17.89549	9.84638	-61.63064	-13.714859	0.2	607500	13652.482541799545
243	-47.9	-47.9	-46.3	-13.6328745	17.866295	14.320715	-71.36706	-13.632649	0.1	610000	13709.27549791336
244	-46.9	-46.9	-46.0	-13.721296	17.914848	5.8841023	-62.35326	-13.720995	0.1	612500	13764.61569595337
245	-47.54	-47.54	-36.899998	-13.720228	17.89298	5.305857	-77.606125	-13.719635	0.5	615000	13822.79111456871
246	-46.34	-46.34	-46.3	-13.715775	17.919136	19.486132	-74.09005	-13.717273	0.1	617500	13878.59609079361
247	-48.1	-48.1	-43.600002	-13.577593	17.825184	16.22094	-66.25474	-13.579632	0.2	620000	13934.060611486435
248	-45.56	-45.56	-44.100002	-13.569624	17.761105	5.0651298	-68.697845	-13.566534	0.3	622500	13989.973695993423
249	-45.96	-45.96	-44.7	-13.535749	17.742178	8.938808	-63.870102	-13.53515	0.1	625000	14045.196792602539
250	-46.18	-46.18	-41.7	-13.62273	17.803833	8.890141	-62.895103	-13.620161	0.2	627500	14100.321336507797
251	-47.08	-47.08	-42.899998	-13.623241	17.833279	7.7503023	-74.920456	-13.624561	0.2	630000	14156.187969207764
252	-45.64	-45.64	-41.0	-13.552997	17.81767	7.5028205	-69.00308	-13.551978	0.2	632500	14211.56479382515
253	-48.48	-48.48	-47.9	-13.581872	17.864899	6.990822	-65.94821	-13.582516	0.0	635000	14267.930156946182
254	-46.86	-46.86	-49.5	-13.64531	17.905352	14.279795	-63.49944	-13.647935	0.0	637500	14324.42116856575
255	-48.56	-48.56	-37.8	-13.555548	17.86195	15.058277	-78.8871	-13.555479	0.4	640000	14380.747036457062
256	-45.74	-45.74	-49.6	-13.596554	17.88258	10.815236	-64.04461	-13.600703	0.1	642500	14436.844868898392
257	-47.26	-47.26	-44.7	-13.656503	17.930887	14.215761	-63.444878	-13.656939	0.0	645000	14492.997303724289
258	-45.94	-45.94	-45.399998	-13.690425	17.944273	10.026625	-66.26575	-13.69243	0.0	647500	14550.482951402664
259	-46.98	-46.98	-41.100002	-13.663415	17.965149	8.973547	-66.681366	-13.663504	0.1	650000	14606.735393285751
260	-46.74	-46.74	-47.6	-13.635728	17.93853	5.6326723	-63.334663	-13.633814	0.0	652500	14664.52322435379
261	-47.36	-47.36	-49.0	-13.72073	17.954319	7.223493	-60.812138	-13.72219	0.0	655000	14720.424490213394
262	-45.44	-45.44	-41.899998	-13.668343	17.94315	5.782725	-77.48538	-13.668198	0.2	657500	14777.318383693695
263	-47.14	-47.14	-45.3	-13.630337	17.890238	10.437572	-60.5358	-13.633	0.2	660000	14832.514819383621
264	-46.1	-46.1	-41.600002	-13.619868	17.885395	16.978106	-65.36548	-13.622125	0.2	662500	14889.394876480103
265	-44.2	-44.2	-41.899998	-13.628335	17.879889	9.675446	-82.276405	-13.628228	0.4	665000	14945.129772901535
266	-47.62	-47.62	-36.600002	-13.712725	17.935625	7.4626284	-66.65338	-13.712586	0.4	667500	15000.92314863205
267	-46.64	-46.64	-43.7	-13.6583	17.900846	5.3315516	-66.6078	-13.657969	0.2	670000	15056.34678030014
268	-47.88	-47.88	-42.2	-13.648248	17.862318	7.465067	-67.26167	-13.649627	0.1	672500	15111.881065368652
269	-48.1	-48.1	-46.2	-13.570183	17.796211	6.9853086	-69.17884	-13.569674	0.1	675000	15169.109066009521
270	-47.64	-47.64	-47.1	-13.604109	17.808054	5.2519994	-71.92326	-13.602014	0.1	677500	15224.470452070236
271	-47.96	-47.96	-48.3	-13.644233	17.780853	8.520604	-72.840614	-13.643008	0.0	680000	15281.079654455185
272	-47.42	-47.42	-42.7	-13.512435	17.743898	30.045246	-82.76662	-13.510575	0.2	682500	15337.331440448761
273	-46.24	-46.24	-41.8	-13.581297	17.82391	14.567976	-77.85098	-13.582264	0.3	685000	15393.600218296051
274	-48.16	-48.16	-30.9	-13.501565	17.74141	11.780635	-64.22074	-13.501674	0.4	687500	15448.529015302658
275	-46.7	-46.7	-44.8	-13.541725	17.723454	41.46855	-66.975716	-13.544681	0.1	690000	15504.37687253952
276	-46.96	-46.96	-42.100002	-13.557074	17.738995	12.26306	-65.80614	-13.55655	0.2	692500	15559.912311315536
277	-46.14	-46.14	-46.9	-13.57756	17.729782	15.216074	-64.763306	-13.577012	0.0	695000	15616.580123186111
278	-46.02	-46.02	-45.899998	-13.576854	17.729061	5.871697	-103.28837	-13.576449	0.1	697500	15671.924448251724
279	-46.66	-46.66	-45.8	-13.554072	17.710339	8.34342	-65.21649	-13.551646	0.0	700000	15728.374649763107
280	-46.04	-46.04	-46.5	-13.582416	17.704584	11.96091	-63.7388	-13.583487	0.1	702500	15783.786539793015
281	-48.74	-48.74	-45.2	-13.525413	17.647831	12.499039	-75.89515	-13.528231	0.1	705000	15841.254366159439
282	-46.72	-46.72	-43.7	-13.5962105	17.670736	12.16357	-83.80783	-13.5947695	0.2	707500	15899.506144285202
283	-47.48	-47.48	-39.7	-13.550607	17.632637	6.3822975	-77.286705	-13.5483055	0.2	710000	15956.322731018066
284	-47.38	-47.38	-38.899998	-13.540656	17.634502	20.15252	-64.41564	-13.540618	0.3	712500	16013.566838502884
285	-46.82	-46.82	-47.0	-13.618548	17.700464	10.176491	-68.2414	-13.619838	0.1	715000	16070.65179491043
286	-47.2	-47.2	-46.6	-13.573681	17.646444	3.3115358	-64.59273	-13.575054	0.1	717500	16127.976131916046
287	-47.92	-47.92	-44.2	-13.536546	17.572773	7.153322	-64.17362	-13.5336895	0.3	720000	16183.857344388962
288	-46.46	-46.46	-42.899998	-13.636935	17.644693	11.613747	-70.80446	-13.637584	0.2	722500	16240.255275011063
289	-47.78	-47.78	-41.7	-13.61205	17.65322	5.161777	-66.08556	-13.61025	0.4	725000	16297.503465414047
290	-46.96	-46.96	-46.3	-13.587294	17.617708	8.702534	-69.70218	-13.589687	0.1	727500	16355.358872413635
291	-48.34	-48.34	-44.600002	-13.585487	17.619963	19.322739	-64.24417	-13.583886	0.1	730000	16411.304488658905
292	-46.8	-46.8	-41.8	-13.6581135	17.64177	7.9664783	-66.033905	-13.657551	0.3	732500	16467.718222379684
293	-46.48	-46.48	-43.100002	-13.651725	17.632475	9.433252	-86.87357	-13.653045	0.1	735000	16522.828847408295
294	-47.7	-47.7	-45.0	-13.60274	17.621258	10.432858	-64.098305	-13.599537	0.0	737500	16579.62821006775
295	-49.02	-49.02	-47.2	-13.5736685	17.607662	10.231247	-67.80615	-13.575296	0.1	740000	16636.710999250412
296	-46.62	-46.62	-44.5	-13.666554	17.631212	9.493791	-75.80848	-13.667232	0.0	742500	16694.528921842575
297	-46.98	-46.98	-44.899998	-13.518402	17.56873	7.595175	-67.21629	-13.518274	0.1	745000	16750.21740269661
298	-46.66	-46.66	-48.5	-13.599646	17.620571	11.436077	-68.046364	-13.597357	0.0	747500	16807.08976483345
299	-47.42	-47.42	-38.3	-13.59769	17.587963	4.584673	-72.51591	-13.596889	0.5	750000	16864.869626283646
300	-46.78	-46.78	-36.600002	-13.610643	17.602448	11.878508	-69.14565	-13.609075	0.4	752500	16920.20126414299
301	-47.12	-47.12	-39.7	-13.612667	17.598387	5.870473	-67.38368	-13.610673	0.4	755000	16976.616033792496
302	-46.96	-46.96	-41.2	-13.637322	17.640831	11.053714	-76.50958	-13.6383705	0.1	757500	17032.370661735535
303	-47.12	-47.12	-44.7	-13.624619	17.614985	6.4132023	-75.05435	-13.625024	0.2	760000	17089.892803430557
304	-48.26	-48.26	-42.0	-13.619194	17.637665	9.7398815	-78.52318	-13.618535	0.2	762500	17145.851868867874
305	-47.56	-47.56	-37.5	-13.658653	17.637398	19.127842	-73.089485	-13.657759	0.6	765000	17201.8623650074
306	-48.76	-48.76	-38.8	-13.741209	17.686981	17.915554	-73.41125	-13.740094	0.3	767500	17257.350712537766
307	-47.08	-47.08	-40.100002	-13.767288	17.709948	52.22756	-74.90128	-13.768355	0.3	770000	17314.250682353973
308	-47.18	-47.18	-40.5	-13.695949	17.67376	7.5147667	-74.39395	-13.694441	0.3	772500	17370.924025058746
309	-46.62	-46.62	-48.0	-13.7503805	17.726454	33.317833	-62.4933	-13.7490635	0.1	775000	17427.757630348206
310	-46.7	-46.7	-42.399998	-13.723454	17.703604	11.155994	-68.55273	-13.722162	0.3	777500	17483.27805685997
311	-48.36	-48.36	-40.3	-13.648883	17.642466	7.2143455	-61.651924	-13.646089	0.5	780000	17539.342618703842
312	-45.08	-45.08	-46.6	-13.711237	17.634632	49.504295	-78.296196	-13.711428	0.1	782500	17594.45908021927
313	-45.18	-45.18	-43.399998	-13.681797	17.595373	11.720917	-77.68037	-13.684038	0.1	785000	17651.377425432205
314	-46.02	-46.02	-42.3	-13.708201	17.651836	12.355421	-79.79329	-13.7101755	0.3	787500	17708.40302658081
315	-47.16	-47.16	-38.5	-13.679259	17.635239	11.306217	-63.205376	-13.680223	0.4	790000	17763.98322868347
316	-45.74	-45.74	-44.5	-13.633635	17.59956	15.525092	-72.06714	-13.634685	0.1	792500	17821.289026498795
317	-46.32	-46.32	-36.0	-13.740509	17.66033	10.90229	-72.988914	-13.742005	0.5	795000	17877.05943083763
318	-46.88	-46.88	-27.7	-13.740697	17.69116	8.680954	-65.79867	-13.743475	0.3	797500	17934.13516139984
319	-46.54	-46.54	-40.899998	-13.745434	17.68385	16.347279	-63.48077	-13.746717	0.4	800000	17991.658198595047
320	-46.86	-46.86	-45.7	-13.725994	17.67696	7.7418385	-76.38352	-13.725713	0.1	802500	18049.471397399902
321	-44.98	-44.98	-43.600002	-13.787458	17.714598	8.2798	-80.07705	-13.788548	0.2	805000	18105.652305603027
322	-44.16	-44.16	-36.8	-13.651017	17.551983	7.6223073	-72.35012	-13.650878	0.4	807500	18163.034460306168
323	-47.7	-47.7	-41.7	-13.701683	17.590393	13.88241	-65.50418	-13.70046	0.3	810000	18219.45148205757
324	-44.34	-44.34	-40.100002	-13.751798	17.592205	14.771217	-67.71148	-13.75107	0.4	812500	18276.928277492523
325	-47.58	-47.58	-42.5	-13.739055	17.624626	24.212053	-68.25484	-13.737409	0.2	815000	18333.526913642883
326	-47.1	-47.1	-42.600002	-13.706826	17.6007	8.293657	-70.73387	-13.705448	0.2	817500	18391.239171743393
327	-43.7	-43.7	-35.7	-13.719894	17.645697	8.137535	-66.58144	-13.719981	0.5	820000	18448.639224767685
328	-46.76	-46.76	-45.8	-13.715724	17.614225	19.883818	-76.56524	-13.71627	0.1	822500	18506.431975364685
329	-47.02	-47.02	-44.899998	-13.840587	17.69462	25.638786	-65.16309	-13.838053	0.1	825000	18561.703057289124
330	-46.3	-46.3	-41.0	-13.736378	17.659063	5.1430926	-87.4082	-13.736245	0.3	827500	18618.549087285995
331	-46.5	-46.5	-46.8	-13.722369	17.650291	13.918919	-89.22255	-13.720905	0.0	830000	18676.82312130928
332	-44.44	-44.44	-40.2	-13.783912	17.682392	21.017921	-75.01004	-13.783689	0.4	832500	18732.52144908905
333	-44.78	-44.78	-43.100002	-13.815727	17.703917	12.781694	-69.29778	-13.820765	0.1	835000	18790.464179992676
334	-46.84	-46.84	-42.0	-13.80371	17.666897	9.004147	-73.430214	-13.803378	0.5	837500	18845.656733751297
335	-45.52	-45.52	-44.7	-13.73493	17.625803	7.47652	-69.874504	-13.738428	0.2	840000	18901.91682267189
336	-46.28	-46.28	-40.399998	-13.807822	17.658468	20.227354	-70.33626	-13.805992	0.3	842500	18959.75448989868
337	-44.88	-44.88	-45.0	-13.814178	17.66458	5.3882484	-71.10273	-13.815506	0.2	845000	19016.033421993256
338	-44.58	-44.58	-44.3	-13.691955	17.567942	21.473389	-69.63903	-13.694357	0.1	847500	19071.294814109802
339	-47.96	-47.96	-34.899998	-13.823177	17.660814	7.0938683	-69.51436	-13.822944	0.3	850000	19128.347558498383
340	-47.9	-47.9	-46.100002	-13.771658	17.63105	7.029977	-86.80761	-13.772088	0.0	852500	19184.673557043076
341	-47.7	-47.7	-39.3	-13.792738	17.658936	11.494099	-68.50126	-13.7908945	0.4	855000	19241.94604587555
342	-44.94	-44.94	-43.7	-13.851681	17.740837	7.4574614	-65.5405	-13.849682	0.1	857500	19298.51801300049
343	-44.88	-44.88	-43.5	-13.746783	17.663387	9.956088	-71.026115	-13.747015	0.0	860000	19355.723658323288
344	-47.52	-47.52	-47.7	-13.71281	17.602825	7.595595	-67.946434	-13.711821	0.1	862500	19411.545832157135
345	-46.88	-46.88	-39.399998	-13.789035	17.678467	12.351326	-68.16468	-13.7907295	0.2	865000	19467.442481040955
346	-46.66	-46.66	-45.399998	-13.877969	17.71644	9.673473	-74.10954	-13.8769	0.1	867500	19524.915711164474
347	-46.46	-46.46	-42.2	-13.850911	17.677404	8.748941	-76.579994	-13.847712	0.3	870000	19581.125656843185
348	-46.34	-46.34	-50.0	-13.951616	17.746475	6.6701283	-81.10091	-13.951403	0.0	872500	19637.693479299545
349	-47.6	-47.6	-46.3	-13.872177	17.719069	8.792812	-64.74962	-13.871251	0.1	875000	19693.757292032242
350	-47.1	-47.1	-44.899998	-13.88243	17.736982	6.5923653	-75.53915	-13.883005	0.1	877500	19750.185510873795
351	-46.84	-46.84	-41.600002	-13.923337	17.735292	8.025129	-64.55889	-13.924781	0.3	880000	19805.119197130203
352	-46.7	-46.7	-44.399998	-13.965075	17.761162	12.29129	-66.28905	-13.965402	0.2	882500	19862.252362966537
353	-47.18	-47.18	-40.399998	-13.91428	17.73455	12.326059	-70.56447	-13.91547	0.4	885000	19919.506208896637
354	-47.48	-47.48	-46.2	-13.896505	17.731337	8.7182665	-70.26193	-13.899492	0.1	887500	19976.478540420532
355	-46.36	-46.36	-38.5	-13.885736	17.72097	6.1325393	-64.889465	-13.888148	0.2	890000	20032.70707798004
356	-44.26	-44.26	-38.2	-13.812366	17.649063	9.933729	-73.914185	-13.812283	0.1	892500	20089.51689362526
357	-45.02	-45.02	-40.5	-13.897787	17.710634	9.088495	-66.45305	-13.896456	0.3	895000	20145.363515615463
358	-47.58	-47.58	-42.0	-13.870079	17.691889	10.940842	-74.8475	-13.873219	0.2	897500	20200.96608519554
359	-44.92	-44.92	-41.600002	-13.855247	17.68495	6.3650923	-71.26861	-13.855975	0.2	900000	20256.89387202263
360	-45.98	-45.98	-36.899998	-13.862734	17.68895	11.469496	-73.07059	-13.861819	0.4	902500	20312.675105571747
361	-45.64	-45.64	-41.7	-13.862403	17.720058	5.8842235	-67.97579	-13.862514	0.4	905000	20369.57254576683
362	-46.08	-46.08	-41.100002	-13.86736	17.712128	9.693395	-88.9589	-13.865249	0.2	907500	20424.861523866653
363	-45.06	-45.06	-39.100002	-13.887623	17.730202	7.2083435	-69.60521	-13.888287	0.3	910000	20481.2113032341
364	-46.26	-46.26	-37.5	-13.881223	17.712578	18.533136	-69.39968	-13.884287	0.3	912500	20536.97912454605
365	-46.64	-46.64	-45.899998	-13.885374	17.678986	17.62902	-65.510185	-13.8851385	0.1	915000	20594.62301301956
366	-46.46	-46.46	-45.2	-13.848578	17.68329	8.091213	-68.68064	-13.8456745	0.1	917500	20649.940707683563
367	-45.52	-45.52	-44.3	-13.854212	17.652021	6.7734084	-68.73056	-13.854747	0.0	920000	20706.792055368423
368	-46.3	-46.3	-36.2	-13.820791	17.65081	6.8036413	-68.976265	-13.822413	0.5	922500	20762.54341483116
369	-45.8	-45.8	-36.100002	-13.871158	17.678877	23.85697	-72.95308	-13.870961	0.5	925000	20818.85741353035
370	-45.84	-45.84	-39.3	-13.892111	17.67252	11.374201	-67.956856	-13.892171	0.3	927500	20874.87745833397
371	-44.3	-44.3	-39.899998	-13.940722	17.719584	7.823958	-75.58221	-13.941995	0.4	930000	20930.885535478592
372	-46.66	-46.66	-39.2	-13.851424	17.675274	9.701048	-73.30694	-13.850487	0.3	932500	20986.49961900711
373	-45.84	-45.84	-43.0	-13.866651	17.684921	6.037963	-67.81395	-13.865194	0.2	935000	21045.02139544487
374	-46.86	-46.86	-46.2	-13.896359	17.697176	18.066336	-78.00133	-13.896983	0.1	937500	21102.03839159012
375	-47.08	-47.08	-39.100002	-13.880541	17.712532	10.807218	-64.96674	-13.8787155	0.2	940000	21158.320244550705
376	-46.0	-46.0	-39.2	-13.812059	17.685326	9.539501	-63.947495	-13.811995	0.1	942500	21215.641825675964
377	-47.48	-47.48	-45.100002	-13.776633	17.673437	9.43803	-71.184845	-13.774288	0.3	945000	21271.052214860916
378	-47.34	-47.34	-40.7	-13.761039	17.616228	9.716879	-69.87779	-13.759749	0.2	947500	21326.69472694397
379	-45.24	-45.24	-41.899998	-13.885728	17.679611	4.657556	-74.492004	-13.886878	0.1	950000	21383.08234024048
380	-45.5	-45.5	-46.100002	-13.851721	17.696041	13.029535	-66.75642	-13.851175	0.1	952500	21439.751703739166
381	-45.9	-45.9	-46.2	-13.775009	17.68897	7.280251	-70.95991	-13.7757435	0.0	955000	21495.581824302673
382	-43.48	-43.48	-49.4	-13.783251	17.697613	7.7811804	-86.28278	-13.783638	0.0	957500	21553.147704839706
383	-45.16	-45.16	-45.8	-13.855687	17.738657	10.084093	-70.933105	-13.852589	0.0	960000	21609.023774147034
384	-46.52	-46.52	-41.100002	-13.833304	17.719824	17.647524	-66.096825	-13.834261	0.2	962500	21666.246647119522
385	-45.16	-45.16	-37.8	-13.820427	17.72157	26.270315	-74.020966	-13.819567	0.2	965000	21722.40647625923
386	-44.98	-44.98	-43.8	-13.832787	17.7632	17.211046	-76.74681	-13.834356	0.2	967500	21780.028910636902
387	-46.8	-46.8	-37.0	-13.8526325	17.760283	6.35706	-63.083447	-13.853108	0.4	970000	21835.92317533493
388	-45.28	-45.28	-37.600002	-13.736021	17.66034	25.021091	-69.44711	-13.73735	0.1	972500	21893.63657474518
389	-45.78	-45.78	-39.399998	-13.833721	17.729834	11.818686	-68.27305	-13.8302145	0.4	975000	21949.48237156868
390	-47.08	-47.08	-40.399998	-13.820132	17.716728	6.566207	-65.9142	-13.820154	0.3	977500	22007.12792468071
391	-46.76	-46.76	-34.100002	-13.906834	17.77457	7.0303216	-69.546974	-13.908646	0.4	980000	22063.502501249313
392	-46.18	-46.18	-38.7	-13.835575	17.724419	30.708218	-69.08507	-13.837457	0.5	982500	22120.585211992264
393	-47.48	-47.48	-46.2	-13.847356	17.734085	12.245726	-68.2169	-13.8492155	0.1	985000	22177.53133392334
394	-46.04	-46.04	-38.0	-13.866677	17.74466	6.6070204	-73.1768	-13.867565	0.3	987500	22234.00165629387
395	-43.92	-43.92	-40.100002	-13.856199	17.74678	13.146024	-68.970085	-13.856007	0.2	990000	22290.556291103363
396	-46.88	-46.88	-39.5	-13.895033	17.772676	7.1223154	-68.53548	-13.896965	0.3	992500	22346.02295446396
397	-45.84	-45.84	-43.600002	-13.90439	17.793829	5.123361	-65.346054	-13.9071045	0.2	995000	22402.85226202011
398	-44.2	-44.2	-44.5	-13.856596	17.772968	25.291086	-76.55176	-13.857548	0.0	997500	22458.734262943268
399	-44.38	-44.38	-36.3	-13.929334	17.831394	10.847943	-80.97731	-13.930585	0.3	1000000	22515.14671444893
400	-44.3	-44.3	-41.8	-13.900913	17.831617	14.786409	-70.52327	-13.900481	0.1	1002500	22571.1838657856
401	-45.7	-45.7	-40.600002	-13.845393	17.768362	6.210269	-89.3174	-13.845446	0.1	1005000	22627.651094198227
402	-45.14	-45.14	-46.3	-13.824793	17.765911	8.257648	-67.518234	-13.825635	0.1	1007500	22683.206979990005
403	-45.0	-45.0	-40.600002	-13.864902	17.808378	14.546804	-66.0259	-13.868771	0.1	1010000	22739.595293283463
404	-45.1	-45.1	-41.3	-13.795553	17.750397	12.076811	-70.67449	-13.796795	0.2	1012500	22795.5033659935
405	-45.9	-45.9	-36.5	-13.759662	17.723377	7.3160915	-74.70554	-13.760976	0.4	1015000	22850.51815724373
406	-44.94	-44.94	-45.600002	-13.76987	17.7218	21.257887	-69.11633	-13.772228	0.2	1017500	22906.380090475082
407	-46.58	-46.58	-33.2	-13.858352	17.756	9.888203	-73.65753	-13.860204	0.4	1020000	22962.65347790718
408	-44.78	-44.78	-40.2	-13.829207	17.762598	13.340299	-73.813446	-13.831039	0.3	1022500	23019.77816772461
409	-46.62	-46.62	-35.100002	-13.853845	17.754988	8.563051	-81.22635	-13.85345	0.5	1025000	23075.68461036682
410	-46.82	-46.82	-36.5	-13.878137	17.813768	7.0004506	-79.85615	-13.877245	0.4	1027500	23132.837419509888
411	-46.5	-46.5	-44.100002	-13.873936	17.80589	24.444517	-70.27389	-13.876015	0.2	1030000	23189.201850414276
412	-46.96	-46.96	-40.5	-13.822828	17.796232	6.4452696	-70.49183	-13.824382	0.2	1032500	23246.760961055756
413	-44.98	-44.98	-40.7	-13.825834	17.81323	19.009823	-73.3679	-13.826617	0.3	1035000	23303.811235427856
414	-47.02	-47.02	-38.3	-13.888902	17.88136	6.660571	-76.80462	-13.887295	0.3	1037500	23360.572904586792
415	-44.6	-44.6	-38.399998	-13.904285	17.8594	11.699949	-89.52629	-13.9067335	0.5	1040000	23416.40174651146
416	-47.2	-47.2	-44.5	-13.885846	17.848364	10.126077	-74.16383	-13.883195	0.3	1042500	23472.303457260132
417	-44.96	-44.96	-29.6	-13.904753	17.831955	9.25617	-73.58988	-13.905138	0.6	1045000	23527.266401529312
418	-46.18	-46.18	-44.7	-13.864115	17.853355	5.470254	-76.317505	-13.859464	0.2	1047500	23584.31816959381
419	-46.4	-46.4	-40.899998	-13.842672	17.868174	19.350464	-95.57434	-13.839328	0.4	1050000	23640.665801763535
420	-46.04	-46.04	-31.4	-13.85821	17.811329	5.575247	-80.63302	-13.861735	0.6	1052500	23697.053188562393
421	-44.88	-44.88	-42.0	-13.988014	17.939262	4.9038544	-75.277725	-13.985696	0.2	1055000	23753.49689555168
422	-45.76	-45.76	-46.6	-13.895297	17.907173	9.834249	-71.633804	-13.894202	0.0	1057500	23809.689830303192
423	-47.16	-47.16	-37.5	-13.889295	17.893684	9.314675	-67.80095	-13.888389	0.5	1060000	23866.621077537537
424	-46.44	-46.44	-41.3	-13.902358	17.890333	13.268714	-70.295456	-13.905449	0.2	1062500	23922.375111103058
425	-47.7	-47.7	-48.3	-13.93421	17.916992	8.509919	-64.22492	-13.933358	0.1	1065000	23979.708934545517
426	-44.8	-44.8	-43.600002	-13.849391	17.871367	6.7696476	-66.41365	-13.848046	0.1	1067500	24036.235211849213
427	-47.3	-47.3	-32.600002	-13.908356	17.912294	12.973556	-71.17715	-13.908771	0.6	1070000	24093.832195997238
428	-42.98	-42.98	-37.2	-13.869845	17.889687	5.8864794	-75.71809	-13.868024	0.2	1072500	24151.10268187523
429	-47.92	-47.92	-44.0	-13.915155	17.950304	10.982111	-68.584915	-13.913746	0.2	1075000	24207.25598216057
430	-45.74	-45.74	-35.7	-13.833802	17.905678	18.0612	-79.855316	-13.833644	0.6	1077500	24263.097970962524
431	-44.42	-44.42	-41.100002	-13.808013	17.886423	7.7353334	-78.21458	-13.809459	0.2	1080000	24319.491009235382
432	-45.2	-45.2	-41.600002	-13.7969	17.865334	6.5746155	-66.81258	-13.796098	0.2	1082500	24374.32741999626
433	-45.98	-45.98	-38.0	-13.7916	17.89392	12.188755	-78.67762	-13.79159	0.3	1085000	24431.30250954628
434	-44.62	-44.62	-40.600002	-13.67101	17.77656	10.265515	-65.582855	-13.671614	0.2	1087500	24488.28007698059
435	-46.36	-46.36	-41.399998	-13.745785	17.854448	10.38826	-66.415215	-13.745241	0.4	1090000	24543.13144493103
436	-46.86	-46.86	-36.2	-13.781344	17.8489	5.251975	-75.41219	-13.779714	0.3	1092500	24600.642914533615
437	-44.58	-44.58	-39.100002	-13.78918	17.88347	14.048495	-70.204315	-13.791571	0.4	1095000	24656.165927648544
438	-46.58	-46.58	-38.100002	-13.745719	17.812342	24.967148	-68.12911	-13.74508	0.5	1097500	24713.09651374817
439	-46.44	-46.44	-40.399998	-13.717906	17.81184	9.310938	-75.55217	-13.715118	0.2	1100000	24768.37841796875
440	-44.44	-44.44	-37.0	-13.80985	17.890686	11.348211	-72.92597	-13.809598	0.5	1102500	24825.93020749092
441	-44.2	-44.2	-40.5	-13.809356	17.884201	9.886824	-70.31162	-13.809479	0.2	1105000	24881.712187051773
442	-44.34	-44.34	-33.2	-13.815859	17.892557	6.916398	-63.800972	-13.816004	0.4	1107500	24938.421266794205
443	-47.3	-47.3	-41.899998	-13.8172865	17.8952	14.570347	-73.36242	-13.819545	0.4	1110000	24994.502285957336
444	-46.26	-46.26	-46.0	-13.768152	17.849009	11.130748	-61.962273	-13.768594	0.1	1112500	25051.68301129341
445	-44.68	-44.68	-43.899998	-13.827352	17.906145	6.271593	-71.32362	-13.827572	0.2	1115000	25108.289901971817
446	-46.38	-46.38	-36.600002	-13.804536	17.930136	8.576702	-73.41707	-13.8045025	0.3	1117500	25165.07234430313
447	-45.84	-45.84	-37.3	-13.871163	17.958065	7.1595325	-71.49108	-13.870838	0.3	1120000	25221.19852733612
448	-45.56	-45.56	-39.0	-13.864291	17.929342	8.339288	-71.33297	-13.865226	0.3	1122500	25278.19497871399
449	-43.38	-43.38	-44.2	-13.876612	17.952885	18.397293	-66.794876	-13.877805	0.3	1125000	25334.592468976974
450	-44.82	-44.82	-42.8	-13.895506	17.965662	8.166982	-63.907482	-13.895848	0.2	1127500	25390.796704769135
451	-44.78	-44.78	-44.8	-13.836071	17.940056	7.9453773	-78.372185	-13.83826	0.2	1130000	25447.638131141663
452	-45.36	-45.36	-38.100002	-13.860897	17.933897	6.9056377	-64.40108	-13.86053	0.3	1132500	25504.192032814026
453	-45.22	-45.22	-41.2	-13.776268	17.903086	7.42482	-66.22789	-13.773673	0.2	1135000	25561.786972522736
454	-47.2	-47.2	-41.7	-13.825878	17.958609	12.344262	-65.81041	-13.825975	0.2	1137500	25618.15563607216
455	-46.44	-46.44	-41.8	-13.888752	17.942743	11.537646	-63.156868	-13.890155	0.0	1140000	25674.28787612915
456	-45.34	-45.34	-44.899998	-13.85272	17.95481	9.367624	-79.14345	-13.851875	0.2	1142500	25730.955637216568
457	-47.04	-47.04	-43.899998	-13.80784	17.90659	8.643071	-82.14817	-13.808745	0.1	1145000	25788.46376490593
458	-45.46	-45.46	-36.0	-13.752856	17.88935	18.94602	-82.61471	-13.754927	0.6	1147500	25844.143999814987
459	-46.94	-46.94	-38.0	-13.844524	17.918154	8.81919	-72.7815	-13.843383	0.2	1150000	25900.90158224106
460	-45.12	-45.12	-41.100002	-13.855831	17.943169	19.684448	-64.87563	-13.858554	0.4	1152500	25956.789322137833
461	-43.42	-43.42	-39.899998	-13.887457	17.957653	17.380184	-64.623474	-13.885711	0.4	1155000	26013.856637001038
462	-45.86	-45.86	-41.399998	-13.896535	17.945139	11.874657	-66.00928	-13.898902	0.2	1157500	26070.35302901268
463	-46.82	-46.82	-38.600002	-13.9138155	17.950104	7.9457026	-66.78884	-13.915882	0.3	1160000	26128.22458577156
464	-47.26	-47.26	-40.600002	-13.896618	17.95786	12.262447	-90.019356	-13.898577	0.3	1162500	26183.39469242096
465	-47.86	-47.86	-41.7	-13.9420595	18.006536	21.076027	-66.73402	-13.94026	0.3	1165000	26240.50370502472
466	-47.08	-47.08	-30.4	-14.0166645	18.058538	19.139591	-68.414925	-14.018732	0.6	1167500	26296.636528015137
467	-46.0	-46.0	-44.8	-13.939322	18.026709	18.512482	-68.195305	-13.93873	0.1	1170000	26351.95576953888
468	-46.32	-46.32	-42.100002	-13.909636	17.985432	7.599077	-61.937405	-13.910619	0.2	1172500	26410.08009815216
469	-46.78	-46.78	-44.899998	-13.953416	17.995028	6.7599745	-66.44106	-13.953866	0.1	1175000	26466.202454328537
470	-47.36	-47.36	-41.899998	-13.925672	17.983858	21.716682	-65.177826	-13.923373	0.2	1177500	26521.866389513016
471	-48.2	-48.2	-41.5	-13.912296	17.987503	14.384464	-64.70394	-13.912204	0.4	1180000	26577.17988228798
472	-43.64	-43.64	-37.8	-13.953653	18.019503	12.521815	-71.791885	-13.955209	0.4	1182500	26633.022055625916
473	-45.58	-45.58	-33.7	-14.02371	18.05737	9.265299	-70.56648	-14.022119	0.5	1185000	26688.62691926956
474	-44.7	-44.7	-43.100002	-13.919708	17.990442	11.337866	-69.80668	-13.918124	0.1	1187500	26745.52186346054
475	-47.14	-47.14	-40.100002	-13.900151	17.970749	8.430974	-73.43283	-13.902156	0.1	1190000	26801.4741024971
476	-47.72	-47.72	-43.600002	-13.89646	18.001572	13.348341	-68.25447	-13.897415	0.0	1192500	26858.15370821953
477	-46.34	-46.34	-38.8	-13.853676	17.950796	12.360813	-66.43888	-13.854684	0.2	1195000	26914.492980241776
478	-43.22	-43.22	-39.5	-13.998802	18.061468	9.495996	-70.26212	-13.997997	0.3	1197500	26971.660675048828
479	-45.68	-45.68	-41.7	-13.911016	17.982243	15.56069	-68.18459	-13.913384	0.4	1200000	27027.18544435501
480	-45.58	-45.58	-44.3	-13.880722	17.992207	4.9835215	-62.11816	-13.8782625	0.0	1202500	27083.69239783287
481	-43.88	-43.88	-46.6	-13.875646	17.973425	9.513019	-66.732994	-13.874335	0.1	1205000	27140.642053365707
482	-46.66	-46.66	-41.3	-13.828142	17.926966	13.523933	-68.00573	-13.830367	0.3	1207500	27196.531845331192
483	-46.14	-46.14	-40.2	-13.968888	18.037647	13.522793	-69.4584	-13.967378	0.4	1210000	27252.772565841675
484	-46.7	-46.7	-40.399998	-13.948522	18.011137	13.660038	-62.508347	-13.94561	0.4	1212500	27308.04734969139
485	-44.22	-44.22	-37.100002	-13.884593	17.990494	8.172185	-65.03585	-13.886387	0.5	1215000	27364.698417663574
486	-46.88	-46.88	-35.3	-13.849514	17.945265	19.481472	-67.875145	-13.850973	0.4	1217500	27421.600804567337
487	-45.2	-45.2	-39.3	-13.941299	17.979479	7.7363396	-66.08711	-13.942164	0.3	1220000	27475.936207294464
488	-46.84	-46.84	-39.2	-13.87399	17.947659	5.76363	-66.26071	-13.87532	0.3	1222500	27529.585872411728
489	-43.84	-43.84	-46.9	-13.861788	17.961285	10.646921	-71.83317	-13.86128	0.1	1225000	27583.0879509449
490	-46.16	-46.16	-41.7	-13.993223	18.022816	6.877022	-72.226364	-13.991429	0.1	1227500	27635.446267843246
491	-46.62	-46.62	-38.600002	-13.971892	18.032494	12.404462	-61.930653	-13.970377	0.2	1230000	27689.623255729675
492	-46.64	-46.64	-41.0	-13.983714	18.003567	6.0528917	-64.32638	-13.984611	0.3	1232500	27742.52731871605
493	-45.0	-45.0	-34.0	-13.898323	18.016104	8.363717	-72.599846	-13.897551	0.5	1235000	27795.517965316772
494	-44.28	-44.28	-43.7	-13.94677	18.040937	5.3778324	-64.20909	-13.944801	0.0	1237500	27849.960545778275
495	-47.02	-47.02	-40.100002	-13.905157	18.010483	7.7486362	-61.72235	-13.906263	0.2	1240000	27903.17233133316
496	-45.6	-45.6	-44.0	-13.951153	18.045929	10.896302	-68.30517	-13.950981	0.3	1242500	27956.847215414047
497	-46.4	-46.4	-39.899998	-13.940586	18.025885	18.024744	-68.48539	-13.941698	0.3	1245000	28010.11423587799
498	-44.72	-44.72	-43.7	-14.009062	18.0677	9.263694	-71.9759	-14.007722	0.1	1247500	28063.54548573494
499	-46.92	-46.92	-45.5	-13.901884	18.037655	7.515254	-63.015644	-13.903271	0.1	1250000	28116.35357952118
