Epoch	AverageEpRet	StdEpRet	MaxEpRet	MinEpRet	AverageEpRealRet	StdEpRealRet	MaxEpRealRet	MinEpRealRet	AverageTestEpRet	StdTestEpRet	MaxTestEpRet	MinTestEpRet	TotalEnvInteracts	TotalTime
20	0.826996	1.0667048	4.4734845	0.039090358	0.826996	1.0667048	4.4734845	0.039090358	0.70833415	0.63368195	1.7744278	0.060987283	4199	54.25284171104431
40	0.6184926	0.46875322	1.8119894	0.101277314	0.6184926	0.46875322	1.8119894	0.101277314	0.42496124	0.21343963	0.8364637	0.2366079	8199	101.24245834350586
60	0.85911065	0.6190706	2.30409	0.0853192	0.85911065	0.6190706	2.30409	0.0853192	0.33105257	0.12571943	0.5610514	0.18102038	12199	147.22858715057373
80	1.0749266	1.2426392	4.696504	0.09872897	1.0749266	1.2426392	4.696504	0.09872897	0.79503775	0.4951691	1.6443559	0.04853574	16199	192.83963131904602
100	0.63327175	0.74137336	3.5810628	0.04836543	0.63327175	0.74137336	3.5810628	0.04836543	0.70756024	1.0033864	2.900055	0.04958991	20199	238.60612297058105
120	1.1048083	1.2106346	4.2003384	0.0648684	1.1048083	1.2106346	4.2003384	0.0648684	1.5423702	1.1982703	4.040817	0.21929313	24199	284.32017374038696
140	0.8321145	0.7413382	3.0572534	0.1416722	0.8321145	0.7413382	3.0572534	0.1416722	0.5473128	0.5559162	1.7490805	0.13223737	28199	329.92076897621155
160	0.6274376	0.59766877	2.0045094	0.059314795	0.6274376	0.59766877	2.0045094	0.059314795	1.1146656	1.0130775	2.6983576	0.04810977	32199	375.97512578964233
180	0.6277081	0.44893306	1.813973	0.15457979	0.6277081	0.44893306	1.813973	0.15457979	0.62685275	0.5174525	1.7084508	0.15100847	36199	421.70976996421814
200	1.1145183	1.1364537	3.4181437	0.09080925	1.1145183	1.1364537	3.4181437	0.09080925	1.2014521	0.36240965	1.685892	0.5142066	40199	467.5727541446686
220	0.8612192	0.85832	3.2679718	0.105971426	0.8612192	0.85832	3.2679718	0.105971426	0.5891823	0.37717104	1.1681141	0.11778254	44199	513.4509630203247
240	0.9541918	1.2640777	4.2067895	0.07572018	0.9541918	1.2640777	4.2067895	0.07572018	0.6296652	0.58205503	1.8473591	0.061774813	48199	559.4135041236877
260	0.612344	0.58380413	2.2088192	0.101162955	0.612344	0.58380413	2.2088192	0.101162955	0.6931987	0.8132852	2.4651752	0.105965525	52199	605.2014265060425
280	0.69454753	0.6383766	2.1774466	0.025119346	0.69454753	0.6383766	2.1774466	0.025119346	1.085261	0.87784183	2.526782	0.16428222	56199	651.0417153835297
300	0.6184549	0.8585772	3.330988	0.05320018	0.6184549	0.8585772	3.330988	0.05320018	1.2412251	0.55131894	1.893831	0.24069189	60199	697.0318229198456
320	0.94603235	0.8679823	2.77383	0.12087738	0.94603235	0.8679823	2.77383	0.12087738	1.0008084	0.9630014	2.9650528	0.1424713	64199	742.6964433193207
340	1.0251012	0.99311095	4.2389946	0.14826412	1.0251012	0.99311095	4.2389946	0.14826412	0.7739959	1.2277836	3.4615152	0.0349339	68199	788.488673210144
360	1.11859	1.3867898	5.2032576	0.100593716	1.11859	1.3867898	5.2032576	0.100593716	0.30128512	0.16491221	0.65428674	0.15492533	72199	834.3939774036407
380	1.3005244	1.3403708	4.587979	0.124469556	1.3005244	1.3403708	4.587979	0.124469556	0.3159313	0.16954167	0.5949803	0.112114936	76199	880.0518550872803
400	0.7723185	0.6654569	2.512931	0.12351376	0.7723185	0.6654569	2.512931	0.12351376	0.8904205	0.6087839	2.016218	0.31519824	80199	925.4642283916473
420	0.8121338	0.64830315	2.136456	0.13487877	0.8121338	0.64830315	2.136456	0.13487877	0.49792624	0.4991024	1.5801193	0.12256497	84199	971.1632180213928
440	0.8769075	0.7742163	2.618865	0.06642852	0.8769075	0.7742163	2.618865	0.06642852	0.90408295	1.2405652	3.6053286	0.043623094	88199	1016.8617289066315
460	0.946012	1.0003167	3.8621666	0.09918635	0.946012	1.0003167	3.8621666	0.09918635	0.63299304	0.48226684	1.5307461	0.14848524	92199	1062.5968625545502
480	1.0805799	1.080445	3.9151685	0.083948776	1.0805799	1.080445	3.9151685	0.083948776	1.5105678	1.1214917	3.4431458	0.24431206	96199	1108.4012396335602
500	0.84725034	0.92794096	4.2406864	0.06418239	0.84725034	0.92794096	4.2406864	0.06418239	0.38465402	0.3972398	1.249808	0.1170962	100199	1154.18630361557
520	0.7528148	0.7265624	3.3340366	0.06599668	0.7528148	0.7265624	3.3340366	0.06599668	0.5462796	0.19221172	0.87926316	0.24298269	104199	1200.761787891388
540	0.63765144	0.6612949	2.7992108	0.099236205	0.63765144	0.6612949	2.7992108	0.099236205	0.13164504	0.0842095	0.2635652	0.017384999	108199	1246.6340019702911
560	0.9196307	0.76579595	2.9620025	0.097610205	0.9196307	0.76579595	2.9620025	0.097610205	0.21416421	0.09902829	0.40098247	0.08389813	112199	1292.3652441501617
580	1.0395037	1.0262322	3.6416762	0.09158463	1.0395037	1.0262322	3.6416762	0.09158463	1.6328329	1.1022842	3.731297	0.39904	116199	1338.0476114749908
600	0.73737365	0.6740117	2.9004097	0.087384105	0.73737365	0.6740117	2.9004097	0.087384105	0.20123853	0.106042646	0.33773077	0.026962897	120199	1383.8925325870514
620	0.6907645	0.80003834	3.8318028	0.070201695	0.6907645	0.80003834	3.8318028	0.070201695	1.3390287	1.4354255	4.4373407	0.10474964	124199	1429.543704509735
640	0.7007068	0.5103944	1.9246503	0.15666123	0.7007068	0.5103944	1.9246503	0.15666123	0.82878274	0.56023073	1.8423059	0.111338705	128199	1475.254245519638
660	1.3195673	1.087524	4.102136	0.13793325	1.3195673	1.087524	4.102136	0.13793325	0.26593447	0.247815	0.7739698	0.054730624	132199	1520.8911757469177
680	1.2655132	1.2870564	4.871131	0.04625072	1.2655132	1.2870564	4.871131	0.04625072	0.42213824	0.36655474	1.2200675	0.15328817	136199	1566.3003504276276
700	0.9326674	0.9977083	4.3686233	0.11351897	0.9326674	0.9977083	4.3686233	0.11351897	0.30546257	0.24158092	0.72288275	0.032068856	140199	1611.7856562137604
720	0.86936426	0.93161	3.1283767	0.06917696	0.86936426	0.93161	3.1283767	0.06917696	0.9639502	0.83734185	2.4164827	0.20574827	144199	1657.7416071891785
740	0.82191133	0.5575018	1.9342141	0.15981552	0.82191133	0.5575018	1.9342141	0.15981552	0.6969161	0.5036472	1.7576997	0.15943748	148199	1703.5155048370361
760	0.8256467	0.7725111	3.189495	0.06166348	0.8256467	0.7725111	3.189495	0.06166348	0.39250246	0.23269497	0.87732804	0.18617791	152199	1749.449456691742
780	1.1229919	1.5721382	6.5288997	0.08827868	1.1229919	1.5721382	6.5288997	0.08827868	0.43166336	0.38422	1.2394348	0.031220729	156199	1795.3971514701843
800	0.76057047	0.92376405	4.0717745	0.048823863	0.76057047	0.92376405	4.0717745	0.048823863	0.61776334	0.58355236	1.77258	0.025339354	160199	1841.4815497398376
820	0.8651678	0.9025342	3.7875783	0.107939176	0.8651678	0.9025342	3.7875783	0.107939176	0.60797817	0.35171324	1.3330644	0.30198735	164199	1887.3249683380127
840	0.74445796	0.7138154	2.7597883	0.09001994	0.74445796	0.7138154	2.7597883	0.09001994	0.3970298	0.3968157	1.2444501	0.060504317	168199	1933.6851108074188
860	1.3367594	1.1825643	4.6124682	0.17855257	1.3367594	1.1825643	4.6124682	0.17855257	0.34606722	0.26271194	0.84347767	0.050891943	172199	1979.8181366920471
880	0.9038677	0.91051817	3.5111651	0.088664316	0.9038677	0.91051817	3.5111651	0.088664316	0.71161646	0.5512253	1.4799956	0.08512817	176199	2026.0119502544403
900	1.0031306	0.9651345	3.5338566	0.10013224	1.0031306	0.9651345	3.5338566	0.10013224	0.7238125	0.6280149	1.9615039	0.15748234	180199	2071.8004009723663
920	1.072509	1.3850204	4.9603434	0.12413186	1.072509	1.3850204	4.9603434	0.12413186	1.0440788	0.53732705	2.0333395	0.29871097	184199	2117.654983520508
940	0.83389723	0.90977484	3.6091604	0.092207484	0.83389723	0.90977484	3.6091604	0.092207484	0.17817234	0.046270188	0.25210857	0.10281551	188199	2163.1476624011993
960	0.89580125	0.62392277	1.9736438	0.11817023	0.89580125	0.62392277	1.9736438	0.11817023	0.9606838	0.79606014	2.4614973	0.08151657	192199	2208.7357153892517
980	0.92780626	1.0702647	4.284483	0.068503015	0.92780626	1.0702647	4.284483	0.068503015	0.5998071	0.5722804	1.8101232	0.04157786	196199	2254.3644759655
1000	0.95519763	1.1020148	3.7674773	0.059191763	0.95519763	1.1020148	3.7674773	0.059191763	1.1734306	1.1001966	3.0416439	0.06625208	200199	2300.214362859726
1020	0.9467939	0.9877349	4.250943	0.047065776	0.9467939	0.9877349	4.250943	0.047065776	0.4469467	0.45092866	1.3658274	0.05573301	204199	2346.296993970871
1040	0.7731044	0.70126736	2.6426165	0.1348498	0.7731044	0.70126736	2.6426165	0.1348498	0.4424677	0.3929825	1.2762609	0.079059005	208199	2392.11723446846
1060	0.50604856	0.5229304	2.1857345	0.09874186	0.50604856	0.5229304	2.1857345	0.09874186	1.6346611	1.2875884	3.4706702	0.25347823	212199	2438.018469810486
1080	0.97395897	1.0914828	4.3292522	0.113239154	0.97395897	1.0914828	4.3292522	0.113239154	1.5719725	1.5038849	4.7735596	0.063176565	216199	2484.0124394893646
1100	0.79084647	0.65915287	2.3146827	0.11134344	0.79084647	0.65915287	2.3146827	0.11134344	0.9620649	1.4436815	4.1207404	0.08163192	220199	2529.901226758957
1120	0.94605625	0.9844563	3.6049688	0.1488778	0.94605625	0.9844563	3.6049688	0.1488778	1.1368064	0.9853238	2.7805371	0.08993822	224199	2575.563652038574
1140	0.6956297	0.7066515	3.3383503	0.15070297	0.6956297	0.7066515	3.3383503	0.15070297	0.7721214	0.55832225	1.9080821	0.1609443	228199	2621.5430500507355
1160	0.83781976	0.72852784	2.49963	0.13854028	0.83781976	0.72852784	2.49963	0.13854028	0.7030666	0.7855177	2.3961377	0.08179166	232199	2667.2101352214813
1180	1.2329742	1.3011926	4.5774984	0.09377268	1.2329742	1.3011926	4.5774984	0.09377268	0.4118996	0.33969572	1.0807319	0.044827506	236199	2713.1210601329803
1200	0.6507967	0.9241803	4.5169234	0.041212708	0.6507967	0.9241803	4.5169234	0.041212708	0.15989392	0.11968023	0.404457	0.041920602	240199	2758.964521408081
1220	1.2018902	1.0858808	3.6794415	0.06623451	1.2018902	1.0858808	3.6794415	0.06623451	0.102563106	0.051968154	0.17629424	0.041677665	244199	2804.5652050971985
1240	1.0620438	1.0424552	3.7056105	0.08182797	1.0620438	1.0424552	3.7056105	0.08182797	0.396629	0.33362108	1.1008267	0.12345172	248199	2849.841091632843
1260	1.079497	0.9119152	3.166802	0.098071836	1.079497	0.9119152	3.166802	0.098071836	1.1480874	0.6643245	1.7989564	0.2183898	252199	2895.5196585655212
1280	0.86080474	0.66452175	2.5727413	0.08856326	0.86080474	0.66452175	2.5727413	0.08856326	0.48526165	0.36899683	1.2575067	0.12870847	256199	2941.447907447815
1300	0.43926167	0.5400438	2.614923	0.032015316	0.43926167	0.5400438	2.614923	0.032015316	1.0395957	1.3200632	3.9239168	0.22170438	260199	2987.4729261398315
1320	0.81344354	0.9931689	4.117399	0.067219086	0.81344354	0.9931689	4.117399	0.067219086	1.2853994	0.7526142	2.793194	0.2923408	264199	3033.6700189113617
1340	0.8091017	0.76058084	2.7719445	0.09107365	0.8091017	0.76058084	2.7719445	0.09107365	0.83085567	1.0895156	3.1904194	0.08460348	268199	3079.829008579254
1360	0.6981398	1.0405914	4.750539	0.06274748	0.6981398	1.0405914	4.750539	0.06274748	0.90718895	0.52743655	1.7702549	0.094464675	272199	3126.0388107299805
1380	0.49189672	0.34091932	1.5838982	0.11862695	0.49189672	0.34091932	1.5838982	0.11862695	1.0059327	1.1225173	3.3794918	0.03476697	276199	3172.01757645607
1400	0.793975	0.64262426	2.717258	0.14452116	0.793975	0.64262426	2.717258	0.14452116	0.6447194	0.6723668	2.068974	0.08202876	280199	3217.866078853607
1420	0.8474879	0.86960435	3.3459477	0.067252	0.8474879	0.86960435	3.3459477	0.067252	0.63650686	0.5212646	1.7072378	0.17547311	284199	3263.816956281662
1440	0.69766575	0.72668195	2.415907	0.06515462	0.69766575	0.72668195	2.415907	0.06515462	1.0040197	0.924983	2.916878	0.04189641	288199	3309.77965426445
1460	0.7015329	0.80178005	3.5627623	0.07083635	0.7015329	0.80178005	3.5627623	0.07083635	0.3441427	0.24093644	0.82945436	0.05074875	292199	3355.320086956024
1480	1.0309378	0.83874875	3.2248983	0.16430645	1.0309378	0.83874875	3.2248983	0.16430645	0.5566414	0.26975253	0.81969273	0.073654786	296199	3401.421728372574
1500	0.70475686	0.6931299	2.6162632	0.071442395	0.70475686	0.6931299	2.6162632	0.071442395	0.34018108	0.27642724	0.8726705	0.0440827	300199	3447.4438796043396
1520	1.1813699	1.0727965	4.1372976	0.089286566	1.1813699	1.0727965	4.1372976	0.089286566	0.4734013	0.4890649	1.5354077	0.09427396	304199	3493.1483952999115
1540	0.7287227	0.7255707	2.414118	0.045658253	0.7287227	0.7255707	2.414118	0.045658253	1.512884	1.2268971	3.533655	0.08743765	308199	3539.0377838611603
1560	0.9623472	0.77726406	2.4924598	0.06592711	0.9623472	0.77726406	2.4924598	0.06592711	0.7964234	0.414778	1.2489209	0.09283816	312199	3585.429050922394
1580	0.61320716	0.8923259	4.1181517	0.07363388	0.61320716	0.8923259	4.1181517	0.07363388	0.55476254	0.7516239	2.1993058	0.06854966	316199	3631.3391909599304
1600	1.0847832	1.1556532	4.407477	0.09690537	1.0847832	1.1556532	4.407477	0.09690537	0.38312066	0.32648385	1.0785626	0.051869072	320199	3677.45622587204
1620	0.6457317	0.643665	2.3504217	0.069752604	0.6457317	0.643665	2.3504217	0.069752604	0.73534584	0.6463291	1.6468415	0.11835099	324199	3723.244505405426
1640	0.79237336	0.814197	3.6457326	0.116516806	0.79237336	0.814197	3.6457326	0.116516806	1.5028528	1.5724282	3.717772	0.07318442	328199	3769.238837957382
1660	0.93075067	1.0866272	4.675395	0.13072549	0.93075067	1.0866272	4.675395	0.13072549	0.5129232	0.4136284	1.3793365	0.17224537	332199	3815.2320742607117
1680	0.76360905	0.88751554	3.5097988	0.09936987	0.76360905	0.88751554	3.5097988	0.09936987	0.2248071	0.060254212	0.3233849	0.11677372	336199	3861.4032270908356
1700	1.1810412	1.1118466	4.3851833	0.19782306	1.1810412	1.1118466	4.3851833	0.19782306	1.0853359	0.7035572	2.0346394	0.14522882	340199	3907.468692779541
1720	0.9198538	1.280719	4.8959723	0.06371111	0.9198538	1.280719	4.8959723	0.06371111	0.32457706	0.1299392	0.562678	0.12592125	344199	3953.096077442169
1740	1.3089608	1.3372595	4.906605	0.11947265	1.3089608	1.3372595	4.906605	0.11947265	0.40682077	0.18170132	0.69653046	0.14509256	348199	3998.894095182419
1760	0.9077059	1.1687714	3.8605318	0.060406588	0.9077059	1.1687714	3.8605318	0.060406588	1.037058	0.88677585	2.8775842	0.10516998	352199	4044.6293411254883
1780	0.7925595	0.76895374	2.4164236	0.07710281	0.7925595	0.76895374	2.4164236	0.07710281	0.6765316	0.81872886	2.412397	0.03810005	356199	4090.2870478630066
1800	1.2046111	1.4262006	4.8332815	0.060625747	1.2046111	1.4262006	4.8332815	0.060625747	0.32424608	0.21628135	0.6772092	0.05891689	360199	4136.058851003647
1820	0.57773113	0.65402335	2.6528525	0.06504654	0.57773113	0.65402335	2.6528525	0.06504654	0.38175943	0.21846974	0.7484014	0.1373215	364199	4182.5209975242615
1840	0.8162635	0.8939036	3.494168	0.09201033	0.8162635	0.8939036	3.494168	0.09201033	0.6529488	0.7534787	2.2730842	0.05844983	368199	4229.653387784958
1860	1.0612385	1.0496591	3.356572	0.07378734	1.0612385	1.0496591	3.356572	0.07378734	0.549081	0.4969512	1.5369157	0.030903222	372199	4276.549369812012
1880	0.62712955	0.58884406	2.297786	0.1003567	0.62712955	0.58884406	2.297786	0.1003567	0.3313214	0.25723717	0.81072974	0.085785896	376199	4323.485280275345
1900	0.8207013	1.1485482	5.0107293	0.1204237	0.8207013	1.1485482	5.0107293	0.1204237	1.0162011	0.6544477	2.0457137	0.07361678	380199	4370.404953956604
1920	0.7938761	0.5840754	2.4517262	0.10295136	0.7938761	0.5840754	2.4517262	0.10295136	0.47385338	0.44142562	1.2810397	0.07198422	384199	4417.843904495239
1940	1.0184658	0.9356202	3.9810684	0.14950892	1.0184658	0.9356202	3.9810684	0.14950892	0.48581985	0.46986997	1.4782494	0.068991415	388199	4465.161119699478
1960	0.46130386	0.4466303	1.6703843	0.055016436	0.46130386	0.4466303	1.6703843	0.055016436	1.2024795	1.4533558	4.3608165	0.12456051	392199	4512.128286600113
1980	0.95957756	0.8985379	2.8162658	0.14679584	0.95957756	0.8985379	2.8162658	0.14679584	0.7419758	0.87771964	2.6457083	0.1407233	396199	4558.826544523239
2000	0.86184275	0.9802116	3.5999253	0.08982875	0.86184275	0.9802116	3.5999253	0.08982875	1.0606704	0.69504267	2.4433362	0.12857582	400199	4605.720032453537
2020	0.9645631	1.1012849	4.8799934	0.07576251	0.9645631	1.1012849	4.8799934	0.07576251	0.4132733	0.28878766	0.7905454	0.03755069	404199	4652.922832965851
2040	0.9050344	0.891656	2.9971218	0.11612468	0.9050344	0.891656	2.9971218	0.11612468	0.13437824	0.07391078	0.27291024	0.04094314	408199	4699.62270283699
2060	1.1146117	1.330319	5.514576	0.11373863	1.1146117	1.330319	5.514576	0.11373863	1.4327555	1.5166475	4.2125316	0.088572726	412199	4746.52606344223
2080	1.1332558	1.196354	5.5409126	0.04818131	1.1332558	1.196354	5.5409126	0.04818131	0.5413937	0.38748106	1.2043068	0.12531242	416199	4793.0350522994995
2100	0.8626035	0.84112567	3.4013903	0.11635215	0.8626035	0.84112567	3.4013903	0.11635215	0.117663	0.056701735	0.23377334	0.056283843	420199	4839.880487442017
2120	1.0570693	1.1494522	4.1102004	0.06448955	1.0570693	1.1494522	4.1102004	0.06448955	1.1499556	0.7938761	2.1557527	0.13843325	424199	4886.150314331055
2140	1.0265881	1.1694334	3.6249897	0.06335272	1.0265881	1.1694334	3.6249897	0.06335272	0.76821405	0.61622363	2.0780563	0.14614289	428199	4932.4749212265015
2160	1.2806077	1.2437571	4.6046014	0.10438808	1.2806077	1.2437571	4.6046014	0.10438808	1.5253468	0.639797	2.0345097	0.13965781	432199	4978.8692944049835
2180	1.0129142	1.3476701	5.350769	0.036170866	1.0129142	1.3476701	5.350769	0.036170866	0.431666	0.36697772	1.1278534	0.036614105	436199	5024.943772792816
2200	0.9138176	0.7616459	2.601616	0.16512491	0.9138176	0.7616459	2.601616	0.16512491	1.1590966	0.467289	1.7947048	0.46920806	440199	5071.130231142044
2220	0.8922035	0.98517615	3.8032968	0.06686954	0.8922035	0.98517615	3.8032968	0.06686954	0.58928746	0.3120822	1.1004107	0.2405032	444199	5117.673626899719
2240	0.9972125	1.1052929	3.9834867	0.14010103	0.9972125	1.1052929	3.9834867	0.14010103	0.7714943	0.46077976	1.4261883	0.115739405	448199	5163.8780817985535
2260	1.1707675	0.9944359	3.2609415	0.14895688	1.1707675	0.9944359	3.2609415	0.14895688	0.5362265	0.47862273	1.2987307	0.04239076	452199	5210.102112770081
2280	0.43518028	0.53059685	2.0956478	0.056960635	0.43518028	0.53059685	2.0956478	0.056960635	0.43387127	0.30825388	0.8419709	0.08797955	456199	5256.531083345413
2300	1.0182043	1.1437244	4.9797044	0.06741212	1.0182043	1.1437244	4.9797044	0.06741212	0.53429395	0.42982653	1.1293032	0.0783622	460199	5302.612596035004
2320	1.2615701	1.0782017	4.033286	0.15158968	1.2615701	1.0782017	4.033286	0.15158968	0.8927619	0.51605576	1.9864604	0.4414446	464199	5348.693526983261
2340	0.73375726	1.0610853	4.7699604	0.12777804	0.73375726	1.0610853	4.7699604	0.12777804	0.8435566	0.84614325	2.5589716	0.07648411	468199	5394.573835134506
2360	0.93344814	0.78035927	2.9496825	0.113490544	0.93344814	0.78035927	2.9496825	0.113490544	0.4026529	0.41152745	1.2920705	0.08701588	472199	5440.913302659988
2380	0.6755599	0.6548402	2.9975085	0.11830153	0.6755599	0.6548402	2.9975085	0.11830153	0.2621508	0.1523861	0.5249781	0.024640158	476199	5487.42874288559
2400	0.9904617	0.97285223	3.546451	0.05944458	0.9904617	0.97285223	3.546451	0.05944458	0.25033948	0.24483964	0.7758838	0.051779337	480199	5534.093834877014
2420	0.74242526	0.6883443	2.5878556	0.11350703	0.74242526	0.6883443	2.5878556	0.11350703	0.64671	0.43360868	1.2755785	0.20694965	484199	5580.305491924286
2440	0.90278995	1.0055494	3.528976	0.0652344	0.90278995	1.0055494	3.528976	0.0652344	0.2719635	0.20042627	0.6098058	0.06079456	488199	5626.231589078903
2460	1.0114815	0.92981666	3.23802	0.081990354	1.0114815	0.92981666	3.23802	0.081990354	0.2509546	0.15227121	0.5359155	0.06782967	492199	5672.438142538071
2480	0.85255826	0.750416	2.5477488	0.1479662	0.85255826	0.750416	2.5477488	0.1479662	0.919228	0.34692818	1.3863771	0.24760622	496199	5718.668692111969
2500	1.3198314	1.5095624	5.235414	0.121930495	1.3198314	1.5095624	5.235414	0.121930495	0.329797	0.16003217	0.6449149	0.1814499	500199	5764.744142770767
2520	0.72189724	0.53400815	2.07805	0.090730235	0.72189724	0.53400815	2.07805	0.090730235	0.60458845	0.4185733	1.3203822	0.20872524	504199	5811.022253036499
2540	0.7630166	0.7606396	3.469567	0.1061279	0.7630166	0.7606396	3.469567	0.1061279	0.9501645	0.76081216	2.3330712	0.06803716	508199	5857.239283800125
2560	0.8360162	0.7737413	2.919987	0.06459478	0.8360162	0.7737413	2.919987	0.06459478	0.19995482	0.105582125	0.36950442	0.05152881	512199	5903.174531459808
2580	0.70671177	0.75076884	2.9536898	0.083547145	0.70671177	0.75076884	2.9536898	0.083547145	0.98257285	0.630296	1.8054668	0.14484939	516199	5949.526222229004
2600	0.8084012	0.8689586	3.4335742	0.067229755	0.8084012	0.8689586	3.4335742	0.067229755	1.0047444	0.89437455	2.424142	0.05263001	520199	5995.637270450592
2620	0.9513794	0.7150637	2.5841792	0.06869916	0.9513794	0.7150637	2.5841792	0.06869916	0.25203097	0.18810736	0.6251263	0.039949052	524199	6041.861032485962
2640	1.0191934	0.9590487	3.1869397	0.1139456	1.0191934	0.9590487	3.1869397	0.1139456	0.9140722	1.0207777	3.0920475	0.14296322	528199	6087.961512088776
2660	0.9182385	0.72834355	2.9682567	0.170943	0.9182385	0.72834355	2.9682567	0.170943	0.13960375	0.09089917	0.31261325	0.044136666	532199	6134.069020748138
2680	0.9540825	1.0355612	3.2480707	0.041220192	0.9540825	1.0355612	3.2480707	0.041220192	0.7204047	0.69482857	2.11802	0.0818175	536199	6180.792850971222
2700	0.89963895	1.0630233	4.262899	0.08355459	0.89963895	1.0630233	4.262899	0.08355459	0.6623705	0.32980692	1.3144648	0.22877999	540199	6227.317353963852
2720	0.838549	0.9174178	3.5315902	0.073445596	0.838549	0.9174178	3.5315902	0.073445596	0.52857643	0.44147745	1.1912277	0.11933394	544199	6273.665333271027
2740	1.0265577	0.87521464	3.0357199	0.13929881	1.0265577	0.87521464	3.0357199	0.13929881	0.6035461	0.41512248	1.2056267	0.2118355	548199	6320.011892080307
2760	0.8582632	0.89934427	3.6656637	0.037321728	0.8582632	0.89934427	3.6656637	0.037321728	1.0595418	1.304342	3.8529253	0.14816597	552199	6366.411400794983
2780	1.4305291	1.2354498	4.6070733	0.07650403	1.4305291	1.2354498	4.6070733	0.07650403	0.5956214	0.52122533	1.5555333	0.14118236	556199	6412.619555711746
2800	1.1712426	0.8022554	3.0208306	0.1266032	1.1712426	0.8022554	3.0208306	0.1266032	0.4939085	0.4656213	1.471151	0.05716071	560199	6458.883261442184
2820	0.8037537	0.86446273	3.4104984	0.053153347	0.8037537	0.86446273	3.4104984	0.053153347	0.33131263	0.24701723	0.81638384	0.099457756	564199	6505.143461942673
2840	0.9669631	0.8507088	3.5117998	0.11632319	0.9669631	0.8507088	3.5117998	0.11632319	0.54473835	0.34573302	1.173844	0.11797235	568199	6551.551590681076
2860	1.0758611	0.99185205	3.4726899	0.10408984	1.0758611	0.99185205	3.4726899	0.10408984	0.48871788	0.30228588	1.0484177	0.07256367	572199	6597.79870724678
2880	0.7814247	0.9147233	3.3459296	0.09735923	0.7814247	0.9147233	3.3459296	0.09735923	0.3083239	0.32180622	1.0013969	0.032533217	576199	6643.929899692535
2900	1.1968095	1.0728449	4.722615	0.16211642	1.1968095	1.0728449	4.722615	0.16211642	0.5199638	0.32828596	1.1495463	0.15271954	580199	6689.861929178238
2920	0.89783734	0.7419485	2.3902223	0.15513475	0.89783734	0.7419485	2.3902223	0.15513475	0.32770765	0.24206346	0.69033265	0.072938554	584199	6736.0756413936615
2940	1.1308392	1.310177	5.6821423	0.093989044	1.1308392	1.310177	5.6821423	0.093989044	0.5330158	0.43957722	1.4752842	0.19402742	588199	6782.373293876648
2960	0.99014884	1.1644852	4.9651923	0.08338093	0.99014884	1.1644852	4.9651923	0.08338093	1.1173795	1.1973593	3.5861404	0.0814389	592199	6828.9918820858
2980	0.9216958	0.93511754	4.4675856	0.23957242	0.9216958	0.93511754	4.4675856	0.23957242	1.2434446	0.6280247	2.2891357	0.14689894	596199	6876.2436509132385
3000	1.2084081	1.2404265	4.543537	0.14657913	1.2084081	1.2404265	4.543537	0.14657913	0.5192173	0.33977157	1.1879411	0.069805354	600199	6922.636819124222
3020	0.75873035	0.97503203	3.800849	0.07255323	0.75873035	0.97503203	3.800849	0.07255323	0.33551264	0.240141	0.78362304	0.093784094	604199	6969.006127119064
3040	0.87172616	0.87502223	3.292054	0.11285693	0.87172616	0.87502223	3.292054	0.11285693	0.88026094	0.7279192	2.4105985	0.1489645	608199	7015.329956293106
3060	0.7725339	1.0760275	4.513102	0.08357057	0.7725339	1.0760275	4.513102	0.08357057	1.4374796	0.93983364	2.9458458	0.104034014	612199	7061.565813541412
3080	0.97721374	1.0543303	4.544468	0.095760375	0.97721374	1.0543303	4.544468	0.095760375	0.73321646	0.41717312	1.6370895	0.39327598	616199	7108.010054111481
3100	0.9054265	0.88378865	3.2375565	0.18796696	0.9054265	0.88378865	3.2375565	0.18796696	1.2041011	1.5141624	4.476935	0.090971075	620199	7154.168213367462
3120	0.7610304	0.5923052	2.1065488	0.13526577	0.7610304	0.5923052	2.1065488	0.13526577	0.9010455	0.60088974	2.143886	0.24761832	624199	7200.562001466751
3140	0.87138444	0.7382269	2.8048828	0.180131	0.87138444	0.7382269	2.8048828	0.180131	0.47629216	0.6711908	1.9463753	0.087129615	628199	7247.182702541351
3160	0.9832342	1.0400816	4.3056707	0.083784744	0.9832342	1.0400816	4.3056707	0.083784744	0.56526667	0.31716618	1.1603411	0.22680144	632199	7293.5950248241425
3180	0.7250564	0.71373105	2.70312	0.04904574	0.7250564	0.71373105	2.70312	0.04904574	0.86728716	0.4931682	1.6814228	0.36197415	636199	7339.91743516922
3200	0.87141114	0.9391096	3.5769663	0.1241297	0.87141114	0.9391096	3.5769663	0.1241297	0.8258633	0.8067543	2.3582964	0.06982683	640199	7386.148606061935
3220	1.0442712	1.1324849	4.04688	0.038368877	1.0442712	1.1324849	4.04688	0.038368877	0.34128532	0.25502196	0.8860386	0.11562889	644199	7432.823731184006
3240	1.0310233	1.1197133	4.21289	0.054724727	1.0310233	1.1197133	4.21289	0.054724727	1.2522126	1.3355521	3.5698738	0.031768903	648199	7479.176658630371
3260	1.0446603	1.0274097	4.4290986	0.1344459	1.0446603	1.0274097	4.4290986	0.1344459	1.4715756	1.1691303	3.4964678	0.12816702	652199	7528.059698820114
3280	1.1108197	0.94150835	3.1860983	0.20320663	1.1108197	0.94150835	3.1860983	0.20320663	1.0178877	0.56296283	1.772663	0.07592311	656199	7576.089134216309
3300	0.9739273	1.0348737	3.5804698	0.11484395	0.9739273	1.0348737	3.5804698	0.11484395	0.63995534	0.8638725	2.5285232	0.0630928	660199	7622.781285762787
3320	0.806898	0.85106546	3.5005105	0.10241239	0.806898	0.85106546	3.5005105	0.10241239	0.35818493	0.2297742	0.7535871	0.102686	664199	7669.609449863434
3340	0.9835803	1.0931281	3.8314912	0.11662825	0.9835803	1.0931281	3.8314912	0.11662825	0.5055594	0.26641127	0.89574486	0.15629259	668199	7716.227612257004
3360	0.7894464	0.81968874	3.3469377	0.123959266	0.7894464	0.81968874	3.3469377	0.123959266	0.7048884	0.5341483	1.7254051	0.19007803	672199	7762.747291088104
3380	0.68657935	0.7224191	2.7234714	0.10371405	0.68657935	0.7224191	2.7234714	0.10371405	0.5175708	0.24661551	0.8544132	0.20592938	676199	7809.448256015778
3400	1.1578375	1.1367712	4.310565	0.1326068	1.1578375	1.1367712	4.310565	0.1326068	0.8251963	1.0859002	3.1871874	0.050063778	680199	7856.3313908576965
3420	1.0010335	0.9581319	3.488506	0.15848461	1.0010335	0.9581319	3.488506	0.15848461	0.4542313	0.17653902	0.724036	0.20114154	684199	7903.136456012726
3440	1.2271664	1.105619	3.7666428	0.094938956	1.2271664	1.105619	3.7666428	0.094938956	0.56285787	0.5052416	1.4384745	0.08345245	688199	7949.977469205856
3460	0.9176636	0.9714644	3.4465973	0.060832396	0.9176636	0.9714644	3.4465973	0.060832396	0.8560567	0.8757473	2.6633494	0.12718539	692199	7996.682818889618
3480	1.2187093	1.3035942	5.1999435	0.12936455	1.2187093	1.3035942	5.1999435	0.12936455	0.89509183	0.8303013	2.5585563	0.11445124	696199	8043.373960018158
3500	1.0664451	1.0056779	3.786228	0.05968359	1.0664451	1.0056779	3.786228	0.05968359	0.8646962	0.4454652	1.3423624	0.103277035	700199	8090.265122652054
3520	0.613382	0.48249257	1.7512472	0.07026423	0.613382	0.48249257	1.7512472	0.07026423	2.4324036	0.73080957	3.6595998	1.4382437	704199	8137.544122695923
3540	1.0593783	1.0521657	4.185595	0.1751841	1.0593783	1.0521657	4.185595	0.1751841	0.2963531	0.22703359	0.651198	0.059110276	708199	8185.788794994354
3560	1.0204737	1.1400329	3.8170748	0.08845652	1.0204737	1.1400329	3.8170748	0.08845652	0.47437176	0.36995286	1.2406892	0.11967778	712199	8234.162497520447
3580	0.67701685	0.5029129	1.9351698	0.13301222	0.67701685	0.5029129	1.9351698	0.13301222	0.42666754	0.20166005	0.6599074	0.08842745	716199	8281.301888465881
3600	0.9051713	0.90595365	4.056234	0.093885474	0.9051713	0.90595365	4.056234	0.093885474	0.29904318	0.1091256	0.48158827	0.11599925	720199	8328.292036056519
3620	1.2839531	1.4905338	5.335184	0.09464538	1.2839531	1.4905338	5.335184	0.09464538	0.58471745	0.52293086	1.5893939	0.10394496	724199	8375.209047317505
3640	0.84774077	0.8053526	2.8450813	0.09448961	0.84774077	0.8053526	2.8450813	0.09448961	0.28737846	0.21299484	0.6555979	0.03094164	728199	8422.443600416183
3660	1.0496702	1.2777563	4.840234	0.12019999	1.0496702	1.2777563	4.840234	0.12019999	0.8534274	0.678889	1.8996421	0.124819174	732199	8469.587572574615
3680	0.8347036	0.82088524	2.759392	0.076484434	0.8347036	0.82088524	2.759392	0.076484434	0.47913048	0.29929942	1.0097152	0.04244551	736199	8516.727751731873
3700	0.617744	0.6597745	2.586406	0.09005881	0.617744	0.6597745	2.586406	0.09005881	0.20245893	0.1370001	0.48698163	0.06377591	740199	8563.602729082108
3720	1.0135233	1.0455201	4.4904656	0.100903645	1.0135233	1.0455201	4.4904656	0.100903645	0.34945345	0.23372766	0.7946157	0.1018788	744199	8610.563970565796
3740	1.065498	1.2039047	5.2224865	0.10112768	1.065498	1.2039047	5.2224865	0.10112768	1.2254843	1.4906642	4.315642	0.059832685	748199	8657.748700141907
3760	1.0614303	0.9810285	3.8997002	0.10637156	1.0614303	0.9810285	3.8997002	0.10637156	0.9231928	0.9123281	2.6897779	0.07544741	752199	8704.707289934158
3780	1.1831208	1.4235249	5.477809	0.05274715	1.1831208	1.4235249	5.477809	0.05274715	1.168048	1.1586648	3.621803	0.060182206	756199	8751.946243047714
3800	1.2412254	1.14887	3.9209113	0.07481711	1.2412254	1.14887	3.9209113	0.07481711	1.0440091	1.0185621	2.8952277	0.09239274	760199	8799.289689540863
3820	0.9302543	0.94612986	4.3117247	0.24556696	0.9302543	0.94612986	4.3117247	0.24556696	0.47971705	0.37277156	1.2116629	0.06807601	764199	8846.884188652039
3840	0.8334875	0.8009527	3.0425963	0.0474714	0.8334875	0.8009527	3.0425963	0.0474714	0.7467854	0.36771142	1.2001147	0.20347479	768199	8894.8891248703
3860	0.7930745	1.022004	4.545419	0.055827077	0.7930745	1.022004	4.545419	0.055827077	0.4167424	0.27285218	0.92401624	0.106913604	772199	8941.81367969513
3880	0.8800607	0.8194564	3.6954966	0.14912662	0.8800607	0.8194564	3.6954966	0.14912662	0.17707564	0.0822671	0.3515182	0.09214508	776199	8988.657459020615
3900	0.91704357	0.83070195	2.8634384	0.06680904	0.91704357	0.83070195	2.8634384	0.06680904	0.7413489	0.5309174	1.8098227	0.09519666	780199	9035.46485376358
3920	0.8513566	0.87172914	2.7196383	0.07490419	0.8513566	0.87172914	2.7196383	0.07490419	0.73106784	0.8461876	2.5392687	0.10218684	784199	9082.836872816086
3940	0.63467705	0.5718925	2.1309712	0.10916641	0.63467705	0.5718925	2.1309712	0.10916641	1.1418396	1.0246451	2.700635	0.054925248	788199	9129.78205537796
3960	0.47801775	0.27677554	1.0523694	0.12855048	0.47801775	0.27677554	1.0523694	0.12855048	0.19352484	0.12236066	0.37536186	0.041820075	792199	9176.506465673447
3980	0.74281716	0.7558011	2.9736073	0.032559175	0.74281716	0.7558011	2.9736073	0.032559175	0.5312658	0.5610465	1.6859825	0.04182469	796199	9223.238472223282
4000	1.0465562	1.2049773	4.630873	0.0764691	1.0465562	1.2049773	4.630873	0.0764691	0.64702564	0.48220024	1.6443222	0.099177	800199	9269.94636130333
4020	0.9228215	0.76730776	2.411391	0.038246	0.9228215	0.76730776	2.411391	0.038246	0.31350434	0.15199196	0.5255449	0.116028994	804199	9316.652971744537
4040	0.77874297	0.85869414	3.4671829	0.0916653	0.77874297	0.85869414	3.4671829	0.0916653	0.2956151	0.13781333	0.57011133	0.12159551	808199	9363.314648389816
4060	0.92016333	0.832557	3.0412126	0.08961715	0.92016333	0.832557	3.0412126	0.08961715	0.99351746	0.9702278	3.0474203	0.24490777	812199	9410.354847669601
4080	1.1694896	0.91962576	3.2735615	0.16020957	1.1694896	0.91962576	3.2735615	0.16020957	0.4074099	0.22035386	0.8153342	0.17277263	816199	9457.014187812805
4100	1.2852955	1.3639289	5.010185	0.109108575	1.2852955	1.3639289	5.010185	0.109108575	0.7383971	0.9619731	2.8366246	0.08477981	820199	9503.619816541672
4120	1.1137986	1.2158337	4.4913487	0.11294385	1.1137986	1.2158337	4.4913487	0.11294385	0.39599237	0.2710966	0.9279425	0.08112215	824199	9550.345702886581
4140	1.0515265	1.3217471	5.2573276	0.07904587	1.0515265	1.3217471	5.2573276	0.07904587	0.58811665	0.56116235	1.77301	0.07415188	828199	9596.769829511642
4160	1.1291782	1.3471092	5.662234	0.100654855	1.1291782	1.3471092	5.662234	0.100654855	0.28207672	0.087329656	0.4536101	0.179002	832199	9642.825317621231
4180	1.265949	1.090884	3.6692467	0.22346781	1.265949	1.090884	3.6692467	0.22346781	0.60251576	0.56675464	1.7909871	0.15623215	836199	9688.857215881348
4200	0.96226627	0.96405905	3.0912101	0.10364705	0.96226627	0.96405905	3.0912101	0.10364705	0.35053244	0.45585275	1.3451061	0.036266908	840199	9735.256553411484
4220	1.1146907	0.99412566	3.3965235	0.064831816	1.1146907	0.99412566	3.3965235	0.064831816	0.89639443	0.59217674	1.971426	0.20266029	844199	9781.692297697067
4240	1.1344651	1.1777401	4.301427	0.08378487	1.1344651	1.1777401	4.301427	0.08378487	0.25584444	0.16358371	0.49745217	0.09678686	848199	9827.849716424942
4260	1.1197339	0.97528493	3.3151274	0.17813803	1.1197339	0.97528493	3.3151274	0.17813803	0.76499647	0.61862594	1.7456809	0.14802608	852199	9874.171071767807
4280	0.8900751	1.1585062	5.106273	0.06006662	0.8900751	1.1585062	5.106273	0.06006662	0.8202967	0.8693698	2.6939116	0.037371177	856199	9920.416490793228
4300	0.94634163	0.95788336	4.036511	0.17017734	0.94634163	0.95788336	4.036511	0.17017734	0.8607833	0.5550694	1.8113078	0.15335812	860199	9966.775400876999
4320	0.8045572	0.78797495	3.2065752	0.06182057	0.8045572	0.78797495	3.2065752	0.06182057	0.7128999	0.8117868	2.4300718	0.079044566	864199	10013.152439117432
4340	0.8662249	0.91088974	3.1767578	0.08190159	0.8662249	0.91088974	3.1767578	0.08190159	0.549066	0.35150298	1.1243205	0.12397272	868199	10059.340168952942
4360	1.0115355	0.85248154	3.3362806	0.14767854	1.0115355	0.85248154	3.3362806	0.14767854	0.58091325	0.31986663	1.1625897	0.12678151	872199	10105.799673557281
4380	1.2403846	1.303829	5.367385	0.064794295	1.2403846	1.303829	5.367385	0.064794295	0.853172	0.71830904	2.3530152	0.075238846	876199	10152.51262140274
4400	1.1133692	1.252401	4.6309414	0.10827199	1.1133692	1.252401	4.6309414	0.10827199	0.33320358	0.26015723	0.8460532	0.077343404	880199	10199.767513751984
4420	0.734914	1.2495835	5.865613	0.080677986	0.734914	1.2495835	5.865613	0.080677986	0.46629453	0.44987223	1.4031955	0.06750551	884199	10246.34815454483
4440	0.7841666	0.6415709	2.412422	0.064971015	0.7841666	0.6415709	2.412422	0.064971015	0.19622178	0.11161628	0.3906159	0.06674547	888199	10292.43736743927
4460	0.6223289	0.47742712	1.6468691	0.028130848	0.6223289	0.47742712	1.6468691	0.028130848	0.9220906	1.0170788	3.0917194	0.116223834	892199	10338.797560691833
4480	0.7824909	1.1219684	3.7692025	0.103118874	0.7824909	1.1219684	3.7692025	0.103118874	0.70639545	0.43017527	1.2810647	0.043802463	896199	10385.107402801514
4500	1.0597947	0.94434726	3.4184656	0.1353	1.0597947	0.94434726	3.4184656	0.1353	0.8629861	0.8071385	2.004343	0.12434536	900199	10431.3429043293
4520	0.6318367	0.68084717	3.0248985	0.071902655	0.6318367	0.68084717	3.0248985	0.071902655	0.23466767	0.12994222	0.43282202	0.07125276	904199	10477.60442018509
4540	0.8371967	0.7934641	2.8145628	0.18076782	0.8371967	0.7934641	2.8145628	0.18076782	0.5698836	0.39407814	1.2931842	0.099869706	908199	10523.226599931717
4560	1.0636653	0.9244531	3.1560314	0.15057805	1.0636653	0.9244531	3.1560314	0.15057805	1.4402908	1.3852066	3.5583663	0.11437947	912199	10569.186349153519
4580	0.9179274	1.0098693	4.4781857	0.08053275	0.9179274	1.0098693	4.4781857	0.08053275	0.7493419	0.62280136	1.8999661	0.20962489	916199	10615.30286026001
4600	0.8401867	1.0202633	4.7620654	0.16863461	0.8401867	1.0202633	4.7620654	0.16863461	0.58409363	0.49600467	1.326897	0.057375718	920199	10661.524773597717
4620	0.8303202	1.03991	4.135029	0.09549758	0.8303202	1.03991	4.135029	0.09549758	1.2075866	1.5434935	4.546527	0.035098333	924199	10707.639438867569
4640	1.0385784	1.0365582	4.4552517	0.045740623	1.0385784	1.0365582	4.4552517	0.045740623	1.1162158	1.1112009	3.4340723	0.11762499	928199	10753.795580863953
4660	1.0115502	1.3455331	5.614475	0.058928523	1.0115502	1.3455331	5.614475	0.058928523	0.36425114	0.33976635	1.0734717	0.01955106	932199	10800.124379396439
4680	0.869328	0.83214027	2.9602916	0.06413998	0.869328	0.83214027	2.9602916	0.06413998	0.99539596	1.2171491	3.6239932	0.12594815	936199	10846.230676174164
4700	0.69417125	0.8603406	3.5422316	0.09826425	0.69417125	0.8603406	3.5422316	0.09826425	0.7396893	0.6491729	1.7745987	0.12699553	940199	10892.786942958832
4720	1.1487377	0.91518104	3.1716533	0.080109015	1.1487377	0.91518104	3.1716533	0.080109015	0.3995746	0.26384878	0.76678365	0.07422998	944199	10939.006283044815
4740	1.0382915	1.3741416	5.071492	0.1462184	1.0382915	1.3741416	5.071492	0.1462184	0.2982138	0.29177845	0.909071	0.061987046	948199	10985.548795461655
4760	0.779286	0.9600731	3.6364858	0.07443207	0.779286	0.9600731	3.6364858	0.07443207	0.49714306	0.34265688	0.97522336	0.1188287	952199	11031.902430295944
4780	1.6127234	1.0894328	3.8179135	0.0659884	1.6127234	1.0894328	3.8179135	0.0659884	0.30737588	0.14435506	0.60515606	0.15122826	956199	11078.31563282013
4800	1.0307351	0.90107626	3.5413496	0.20442484	1.0307351	0.90107626	3.5413496	0.20442484	0.94012505	0.970448	3.0450172	0.19044532	960199	11124.552637577057
4820	0.619438	0.4006159	1.5988657	0.19274068	0.619438	0.4006159	1.5988657	0.19274068	1.191841	1.3431342	4.121183	0.22175089	964199	11170.52256846428
4840	1.063073	0.96255696	3.3581848	0.06735108	1.063073	0.96255696	3.3581848	0.06735108	0.16126676	0.11212288	0.3637251	0.03529899	968199	11216.778381347656
4860	0.9977217	0.9448046	3.6155505	0.09579322	0.9977217	0.9448046	3.6155505	0.09579322	1.2014122	1.2349259	3.7893069	0.11939943	972199	11263.295940876007
4880	0.9947046	1.0980415	4.101242	0.09632426	0.9947046	1.0980415	4.101242	0.09632426	0.3729025	0.23257005	0.83313215	0.06696601	976199	11309.722051620483
4900	0.9469363	0.83237576	3.3526077	0.09225331	0.9469363	0.83237576	3.3526077	0.09225331	0.2522414	0.1268384	0.4712232	0.047798816	980199	11355.986608743668
4920	0.61386514	0.40752926	1.4559555	0.063761294	0.61386514	0.40752926	1.4559555	0.063761294	0.20689285	0.13198721	0.4837027	0.067053385	984199	11402.322825431824
4940	0.4457255	0.35392672	1.2810076	0.07386436	0.4457255	0.35392672	1.2810076	0.07386436	0.2929435	0.14215018	0.5284283	0.11422547	988199	11448.838142871857
4960	1.030589	0.9545615	3.0681357	0.07120551	1.030589	0.9545615	3.0681357	0.07120551	0.38664445	0.33955374	1.094597	0.0520698	992199	11494.917942523956
4980	1.1208044	1.187344	3.7245142	0.08465062	1.1208044	1.187344	3.7245142	0.08465062	0.62980825	0.4293899	1.3129897	0.14858213	996199	11543.325077295303
5000	1.1803905	1.066441	4.0242443	0.08538156	1.1803905	1.066441	4.0242443	0.08538156	0.4503121	0.34565774	1.1863108	0.105004676	1000199	11590.986242294312
5020	0.8360032	0.8463782	2.7499764	0.07104399	0.8360032	0.8463782	2.7499764	0.07104399	0.51481825	0.43096772	1.3611863	0.063484795	1004199	11637.384642362595
5040	0.9163362	0.9196955	2.971383	0.10568281	0.9163362	0.9196955	2.971383	0.10568281	0.5767141	0.43607265	1.3814443	0.06697865	1008199	11683.34075474739
5060	0.98841715	1.0176698	3.9410353	0.09620073	0.98841715	1.0176698	3.9410353	0.09620073	0.74849033	0.83183575	2.4619448	0.099878885	1012199	11729.44733428955
5080	1.1012375	1.3618363	6.3971605	0.10141686	1.1012375	1.3618363	6.3971605	0.10141686	0.26150635	0.16455884	0.53950953	0.084814675	1016199	11775.447117328644
5100	0.7915694	0.7109763	2.542638	0.09024624	0.7915694	0.7109763	2.542638	0.09024624	0.5081959	0.6699248	1.9647132	0.016587367	1020199	11821.31313085556
5120	0.5392102	0.51400906	2.139007	0.0803019	0.5392102	0.51400906	2.139007	0.0803019	0.3149124	0.35900858	1.100038	0.08223173	1024199	11867.339344739914
5140	1.2557049	1.2993927	4.4711404	0.050355613	1.2557049	1.2993927	4.4711404	0.050355613	0.6899473	0.51470274	1.430806	0.052665204	1028199	11913.272813558578
5160	0.9444507	0.7894868	2.8441935	0.07114612	0.9444507	0.7894868	2.8441935	0.07114612	0.3100058	0.22763877	0.77630097	0.122616895	1032199	11959.343017578125
5180	0.69659185	0.6635198	2.4221041	0.13924691	0.69659185	0.6635198	2.4221041	0.13924691	0.8803115	0.9404639	2.8705704	0.035185292	1036199	12005.397781848907
5200	0.8011966	0.7538706	3.1484544	0.13700302	0.8011966	0.7538706	3.1484544	0.13700302	1.0452853	0.6845838	2.2656097	0.09042552	1040199	12051.586586475372
5220	0.44218475	0.45222723	2.1216643	0.06439679	0.44218475	0.45222723	2.1216643	0.06439679	0.1326331	0.053575624	0.2136273	0.04053014	1044199	12097.694502830505
5240	0.9871238	0.7819386	2.8872192	0.11427778	0.9871238	0.7819386	2.8872192	0.11427778	0.71846515	0.65168685	1.8934813	0.071217336	1048199	12143.504850625992
5260	0.89192915	0.8653128	3.1540465	0.14218953	0.89192915	0.8653128	3.1540465	0.14218953	0.72151035	0.4319727	1.2913519	0.047359236	1052199	12189.521940231323
5280	1.0346279	1.11174	3.537726	0.101762	1.0346279	1.11174	3.537726	0.101762	0.9651589	0.9662595	2.8729975	0.025959628	1056199	12236.096012353897
5300	1.1136986	1.022037	3.8947153	0.040120874	1.1136986	1.022037	3.8947153	0.040120874	1.3279485	1.3871282	4.2000947	0.068443716	1060199	12282.525453567505
5320	0.7222632	0.8357061	3.4869645	0.10072872	0.7222632	0.8357061	3.4869645	0.10072872	0.86824995	0.740631	2.2747004	0.07739751	1064199	12329.005596876144
5340	1.2730575	1.0491627	4.3250904	0.09597668	1.2730575	1.0491627	4.3250904	0.09597668	1.4405125	0.8723301	3.0223706	0.45590237	1068199	12375.429038524628
5360	0.6912172	0.6174527	2.4099839	0.12595494	0.6912172	0.6174527	2.4099839	0.12595494	0.484872	0.34163934	1.090456	0.11845037	1072199	12421.667998313904
5380	0.7828289	0.85459167	3.2418716	0.105186895	0.7828289	0.85459167	3.2418716	0.105186895	0.9425059	0.92122126	2.855495	0.17644978	1076199	12467.82573223114
5400	0.93368214	1.17486	4.130508	0.10539676	0.93368214	1.17486	4.130508	0.10539676	0.8984602	1.2914828	3.7257748	0.09955895	1080199	12513.908413648605
5420	0.7765471	0.7643675	3.326308	0.16040257	0.7765471	0.7643675	3.326308	0.16040257	0.799694	0.6742304	2.1774275	0.12574784	1084199	12560.353397846222
5440	0.9444407	0.9644813	3.8045986	0.12724721	0.9444407	0.9644813	3.8045986	0.12724721	0.3489481	0.25200042	0.8891675	0.1101381	1088199	12606.675594806671
5460	0.73804647	0.7656077	2.7547321	0.071098335	0.73804647	0.7656077	2.7547321	0.071098335	0.9353125	0.6762787	2.2005165	0.08398606	1092199	12653.223234891891
5480	1.1669991	1.07338	3.5487235	0.1407934	1.1669991	1.07338	3.5487235	0.1407934	0.22427715	0.13915345	0.4290869	0.054581817	1096199	12699.246375799179
5500	0.7652579	0.6904923	2.4038758	0.054568805	0.7652579	0.6904923	2.4038758	0.054568805	0.39175928	0.3746401	1.1694349	0.05699728	1100199	12745.526072978973
5520	0.542347	0.5111442	1.8214747	0.10496509	0.542347	0.5111442	1.8214747	0.10496509	0.17952247	0.12652434	0.41360965	0.03091848	1104199	12791.72312283516
5540	0.7360652	0.8346595	3.4022121	0.056313742	0.7360652	0.8346595	3.4022121	0.056313742	0.42193404	0.19026914	0.744129	0.19711609	1108199	12838.001680374146
5560	0.83829975	0.7997386	2.9247434	0.11733993	0.83829975	0.7997386	2.9247434	0.11733993	1.6565391	1.0780364	3.694918	0.55861133	1112199	12884.342000484467
5580	0.7081968	0.9393046	4.3169055	0.04759952	0.7081968	0.9393046	4.3169055	0.04759952	1.072101	0.607218	1.8463596	0.10882509	1116199	12931.162070035934
5600	1.0619831	0.95016944	3.2044344	0.06021417	1.0619831	0.95016944	3.2044344	0.06021417	1.2842289	1.3304262	3.9055946	0.10753134	1120199	12977.90565276146
5620	1.1628876	1.0287454	3.6000705	0.13863792	1.1628876	1.0287454	3.6000705	0.13863792	0.88109595	1.0581912	3.1745524	0.03356177	1124199	13024.198523521423
5640	0.50837743	0.7557863	3.101061	0.06829104	0.50837743	0.7557863	3.101061	0.06829104	0.29015103	0.22511117	0.6976327	0.079208724	1128199	13070.520721435547
5660	0.79057837	0.6224782	2.2096624	0.09389501	0.79057837	0.6224782	2.2096624	0.09389501	0.48748264	0.42675203	1.3080307	0.05602701	1132199	13116.728259086609
5680	0.82107925	0.8979756	3.7058156	0.049964134	0.82107925	0.8979756	3.7058156	0.049964134	0.6061899	0.610379	1.9138666	0.12940782	1136199	13162.866485118866
5700	0.92745227	1.1007652	4.3244643	0.09510475	0.92745227	1.1007652	4.3244643	0.09510475	0.40435025	0.20296286	0.6858668	0.06571509	1140199	13209.488574504852
5720	1.1586212	0.83098483	2.6180165	0.09920564	1.1586212	0.83098483	2.6180165	0.09920564	0.43140307	0.3277814	1.022179	0.11026021	1144199	13255.839077949524
5740	0.8538407	0.7793603	2.3538451	0.08701246	0.8538407	0.7793603	2.3538451	0.08701246	0.8731324	0.81312597	2.1914787	0.069988705	1148199	13302.181760311127
5760	0.84255135	0.840441	2.9290152	0.08066919	0.84255135	0.840441	2.9290152	0.08066919	0.36738506	0.16548055	0.5663809	0.024672624	1152199	13348.63644528389
5780	1.2481174	1.1795194	3.8681333	0.15175399	1.2481174	1.1795194	3.8681333	0.15175399	0.85022575	0.5754691	2.0148318	0.13458143	1156199	13395.066400289536
5800	0.806491	0.7179165	2.403757	0.17008403	0.806491	0.7179165	2.403757	0.17008403	1.1907371	1.1769038	3.7293165	0.15474366	1160199	13441.321043729782
5820	1.1843776	1.457437	4.827765	0.10054512	1.1843776	1.457437	4.827765	0.10054512	0.5395883	0.5606462	1.7615954	0.1357344	1164199	13487.68071436882
5840	0.77666277	0.5714644	1.9587986	0.092765264	0.77666277	0.5714644	1.9587986	0.092765264	0.23931672	0.17383938	0.5814221	0.037245385	1168199	13533.917526245117
5860	1.1295478	1.0278382	3.7933767	0.12930743	1.1295478	1.0278382	3.7933767	0.12930743	0.29370824	0.21883217	0.74138904	0.0631159	1172199	13580.293343782425
5880	0.64116615	0.7942449	3.0843534	0.05903813	0.64116615	0.7942449	3.0843534	0.05903813	0.30104408	0.234727	0.725969	0.070579275	1176199	13626.789237737656
5900	0.5453765	0.5099891	2.0815153	0.07247324	0.5453765	0.5099891	2.0815153	0.07247324	0.626625	0.65086794	2.0392728	0.13125257	1180199	13673.067214012146
5920	0.9316772	0.94804347	3.8622909	0.13872023	0.9316772	0.94804347	3.8622909	0.13872023	0.24353881	0.08376828	0.39939594	0.14123006	1184199	13719.14247059822
5940	1.2753873	0.94104284	3.299775	0.14614193	1.2753873	0.94104284	3.299775	0.14614193	0.30389014	0.17713946	0.6112531	0.08839701	1188199	13765.445637226105
5960	0.7936214	1.1034338	4.3470716	0.06776576	0.7936214	1.1034338	4.3470716	0.06776576	0.57518816	0.3457873	1.1047446	0.09836104	1192199	13812.15724849701
5980	1.465862	1.4795389	6.2250586	0.09866769	1.465862	1.4795389	6.2250586	0.09866769	0.50096554	0.31647408	1.1907277	0.280405	1196199	13858.691435813904
6000	0.75380456	0.6842238	2.798956	0.10875062	0.75380456	0.6842238	2.798956	0.10875062	0.68573093	1.0856239	3.0641093	0.07419403	1200199	13905.09447479248
6020	1.1366622	1.455134	4.968912	0.065557756	1.1366622	1.455134	4.968912	0.065557756	1.0192024	1.310818	3.875269	0.18889697	1204199	13951.588532447815
6040	0.8762331	0.8736058	3.302541	0.15077825	0.8762331	0.8736058	3.302541	0.15077825	0.2296741	0.1620083	0.54691726	0.08615127	1208199	13997.810184001923
6060	0.57472146	0.53422076	2.5848525	0.06319859	0.57472146	0.53422076	2.5848525	0.06319859	0.7098463	0.4282811	1.4384171	0.072846934	1212199	14043.867111444473
6080	0.6616744	0.63756984	2.5823965	0.044368677	0.6616744	0.63756984	2.5823965	0.044368677	0.26060298	0.16626218	0.47783732	0.028324552	1216199	14089.932175159454
6100	1.3838508	1.3299525	5.120762	0.20437674	1.3838508	1.3299525	5.120762	0.20437674	0.947025	1.0009382	3.0496366	0.0539463	1220199	14135.947090148926
6120	1.0946403	1.1035142	3.4036853	0.05106173	1.0946403	1.1035142	3.4036853	0.05106173	1.2928481	1.0573958	2.8385904	0.024725692	1224199	14182.259307861328
6140	1.2030393	1.2541237	3.584134	0.036503315	1.2030393	1.2541237	3.584134	0.036503315	0.39625975	0.4177787	1.3072928	0.097783744	1228199	14229.57162976265
6160	1.2154686	1.369342	4.706123	0.15333961	1.2154686	1.369342	4.706123	0.15333961	0.7090973	0.6239451	1.6722764	0.04083869	1232199	14276.799396276474
6180	0.73580194	0.7612116	2.7105181	0.032411277	0.73580194	0.7612116	2.7105181	0.032411277	0.29101726	0.18039738	0.5287877	0.06071942	1236199	14323.464202165604
6200	0.74966097	0.7208921	2.7237625	0.105581895	0.74966097	0.7208921	2.7237625	0.105581895	0.9128944	1.232449	3.591536	0.047603607	1240199	14369.963761091232
6220	0.9321367	0.9240572	3.046884	0.10748953	0.9321367	0.9240572	3.046884	0.10748953	0.54828864	0.6449838	1.9552515	0.11465453	1244199	14416.96682047844
6240	0.6995917	0.6348546	2.3192227	0.15795413	0.6995917	0.6348546	2.3192227	0.15795413	0.8977094	0.79311275	2.0001414	0.057880778	1248199	14463.901792764664
6260	0.8705069	0.7888917	2.7930126	0.10362701	0.8705069	0.7888917	2.7930126	0.10362701	1.0711514	0.8967228	2.6591127	0.042004503	1252199	14511.19906949997
6280	0.90030986	0.96049464	3.5769858	0.10505992	0.90030986	0.96049464	3.5769858	0.10505992	1.3902618	1.3412526	3.4138403	0.112130806	1256199	14558.125129461288
6300	0.93267137	0.6935688	2.5447361	0.10357792	0.93267137	0.6935688	2.5447361	0.10357792	0.15515669	0.08113437	0.29319176	0.03026459	1260199	14605.293957948685
6320	0.7696848	0.868458	3.457007	0.065652974	0.7696848	0.868458	3.457007	0.065652974	0.6678296	0.53551114	1.7524984	0.13863368	1264199	14652.172568321228
6340	0.8632957	1.258297	4.747561	0.0867279	0.8632957	1.258297	4.747561	0.0867279	0.9915512	0.91070956	2.271824	0.12034602	1268199	14698.885008335114
6360	1.1806366	1.0303419	3.6042686	0.15731977	1.1806366	1.0303419	3.6042686	0.15731977	0.8531464	0.72360903	2.3795955	0.27599153	1272199	14745.542628526688
6380	0.72430944	0.7236069	2.250712	0.07115364	0.72430944	0.7236069	2.250712	0.07115364	1.0078989	0.46294937	1.7688798	0.2745996	1276199	14792.34226679802
6400	0.8520788	0.85795784	3.329392	0.11043277	0.8520788	0.85795784	3.329392	0.11043277	0.5586001	0.49192956	1.4719715	0.076002866	1280199	14839.360663890839
6420	1.1302826	0.96883655	3.6109884	0.17246439	1.1302826	0.96883655	3.6109884	0.17246439	0.60608405	0.5600345	1.736109	0.07046041	1284199	14886.400862932205
6440	1.1943859	1.0728478	3.6017992	0.12411626	1.1943859	1.0728478	3.6017992	0.12411626	1.2693654	1.1053988	2.876242	0.1252276	1288199	14933.982134103775
6460	0.7239828	0.8637703	4.163427	0.03414436	0.7239828	0.8637703	4.163427	0.03414436	0.41529623	0.21384412	0.8079019	0.13387355	1292199	14980.198897123337
6480	1.1136348	1.1091158	4.051226	0.10285868	1.1136348	1.1091158	4.051226	0.10285868	0.3271384	0.13893208	0.5780921	0.11423517	1296199	15026.313019275665
6500	1.5058825	1.4643135	4.2529263	0.14958012	1.5058825	1.4643135	4.2529263	0.14958012	0.49133518	0.48136973	1.5389949	0.12564857	1300199	15072.496772289276
6520	1.2827638	1.3073986	4.6462398	0.11283284	1.2827638	1.3073986	4.6462398	0.11283284	0.37536094	0.33264226	1.0899912	0.1030025	1304199	15118.750672340393
6540	1.1055145	1.1472954	4.0970263	0.082600035	1.1055145	1.1472954	4.0970263	0.082600035	0.19138123	0.045670293	0.24618286	0.1256298	1308199	15164.979165554047
6560	1.008368	0.90025157	3.437034	0.08334574	1.008368	0.90025157	3.437034	0.08334574	0.6586182	0.5523722	1.8020877	0.16341414	1312199	15211.09123134613
6580	0.6319421	0.63747126	2.5952039	0.16113421	0.6319421	0.63747126	2.5952039	0.16113421	0.7580479	0.5723098	1.8564811	0.053972784	1316199	15257.510837554932
6600	1.227493	1.4075844	5.477174	0.11104682	1.227493	1.4075844	5.477174	0.11104682	1.2222327	1.132359	3.3309186	0.1310624	1320199	15303.54339647293
6620	0.9324323	0.8923172	3.1332884	0.26644322	0.9324323	0.8923172	3.1332884	0.26644322	0.19231974	0.13108033	0.45176664	0.06936095	1324199	15349.701858997345
6640	0.68463147	0.72995824	2.6241772	0.09401223	0.68463147	0.72995824	2.6241772	0.09401223	1.9772726	0.8929722	2.864596	0.096418485	1328199	15396.043805837631
6660	1.279886	0.9343317	3.0113122	0.10794402	1.279886	0.9343317	3.0113122	0.10794402	0.6237804	0.7566607	2.251118	0.07501508	1332199	15442.337517023087
6680	1.3207678	1.1834375	4.464419	0.19719763	1.3207678	1.1834375	4.464419	0.19719763	0.9424606	0.9303654	2.9022555	0.06933753	1336199	15489.086407899857
6700	0.71999323	0.8184149	3.3794496	0.09109201	0.71999323	0.8184149	3.3794496	0.09109201	0.23359855	0.12789546	0.4416445	0.094603434	1340199	15535.394487380981
6720	0.59208715	0.46266475	1.8968018	0.030966708	0.59208715	0.46266475	1.8968018	0.030966708	0.5067603	0.5805137	1.7572275	0.06437775	1344199	15582.180131673813
6740	1.451618	1.4481881	4.7031903	0.0862982	1.451618	1.4481881	4.7031903	0.0862982	1.0451746	0.77055776	2.4355328	0.08451817	1348199	15628.310919761658
6760	0.8565029	0.9469242	3.3676915	0.08706122	0.8565029	0.9469242	3.3676915	0.08706122	1.1692797	1.0904946	3.3835907	0.25278318	1352199	15675.362098932266
6780	0.90015364	1.0425692	4.823514	0.15407082	0.90015364	1.0425692	4.823514	0.15407082	0.50286585	0.6951764	2.0240035	0.07365666	1356199	15722.583657741547
6800	0.9951911	1.2095797	4.514015	0.044908367	0.9951911	1.2095797	4.514015	0.044908367	0.8202459	0.3707388	1.4287301	0.3437389	1360199	15769.95773935318
6820	1.0712755	0.79052967	2.4806538	0.122577034	1.0712755	0.79052967	2.4806538	0.122577034	0.3448304	0.16327274	0.6048397	0.11997069	1364199	15817.158689022064
6840	0.69293904	0.63546383	2.3111136	0.06991242	0.69293904	0.63546383	2.3111136	0.06991242	0.7692184	0.4277136	1.5453982	0.2316245	1368199	15864.417197704315
6860	0.98407364	1.0705447	3.6572957	0.062196355	0.98407364	1.0705447	3.6572957	0.062196355	0.74901706	0.86220455	2.5829375	0.04577027	1372199	15911.642476558685
6880	0.96539384	1.0435169	3.9050374	0.081032865	0.96539384	1.0435169	3.9050374	0.081032865	0.8442351	0.6898431	2.0844884	0.20446886	1376199	15958.705763101578
6900	0.70582145	0.57888526	2.7048314	0.15533678	0.70582145	0.57888526	2.7048314	0.15533678	0.2503641	0.1466594	0.53457147	0.05958127	1380199	16006.033613443375
6920	0.9913723	1.0682582	3.601889	0.08384618	0.9913723	1.0682582	3.601889	0.08384618	0.27229568	0.27284053	0.8233201	0.03457003	1384199	16053.149613380432
6940	0.66641295	0.6170859	2.3005898	0.14799158	0.66641295	0.6170859	2.3005898	0.14799158	1.0649203	0.7625694	2.3057446	0.16607851	1388199	16100.426848888397
6960	0.9709176	0.97173387	3.8494706	0.12026332	0.9709176	0.97173387	3.8494706	0.12026332	0.24905695	0.2658375	0.829495	0.07786644	1392199	16147.81592965126
6980	0.7207672	0.5207208	2.0229454	0.20841824	0.7207672	0.5207208	2.0229454	0.20841824	0.82231086	0.66614485	2.237377	0.26657358	1396199	16195.18955039978
7000	0.5958636	0.41814744	1.6708369	0.11572373	0.5958636	0.41814744	1.6708369	0.11572373	0.7587355	0.6627609	2.0364563	0.079041615	1400199	16243.096534252167
7020	1.0250006	0.87668276	2.9568586	0.07650778	1.0250006	0.87668276	2.9568586	0.07650778	0.9371187	0.55717176	1.5631127	0.16937566	1404199	16311.712570905685
7040	0.6910182	0.6303716	2.5025527	0.033334453	0.6910182	0.6303716	2.5025527	0.033334453	0.44116607	0.32608926	1.1212689	0.13218494	1408199	16401.10750079155
7060	0.9261999	1.1171699	4.8102574	0.13243623	0.9261999	1.1171699	4.8102574	0.13243623	0.55426353	0.29189876	0.9386576	0.08752962	1412199	16452.96513223648
7080	0.9514273	0.91518307	2.9641497	0.08512459	0.9514273	0.91518307	2.9641497	0.08512459	0.56962115	0.2835439	1.0921258	0.3034278	1416199	16512.065713644028
7100	1.1956775	1.0883281	3.7029397	0.11495653	1.1956775	1.0883281	3.7029397	0.11495653	0.21027894	0.17784645	0.5869129	0.04183358	1420199	16607.397135734558
7120	1.4583849	1.1444746	3.324369	0.049813636	1.4583849	1.1444746	3.324369	0.049813636	0.6650932	0.7440663	2.198201	0.070329346	1424199	16662.051671028137
7140	0.79611444	0.63231564	2.472301	0.08610192	0.79611444	0.63231564	2.472301	0.08610192	0.46467718	0.4989056	1.432592	0.02506094	1428199	16709.397834777832
7160	0.99779016	1.2717491	5.382068	0.081209525	0.99779016	1.2717491	5.382068	0.081209525	0.7391476	0.8784503	2.621953	0.0790264	1432199	16756.842343091965
7180	0.5634369	0.52344006	2.554861	0.08271107	0.5634369	0.52344006	2.554861	0.08271107	0.7201411	0.6233949	1.5666902	0.051556613	1436199	16804.23292160034
7200	0.7061418	0.5531171	2.1791525	0.117235	0.7061418	0.5531171	2.1791525	0.117235	0.23906757	0.14892262	0.44423056	0.05747049	1440199	16853.544976472855
7220	0.86288786	1.0447003	4.724588	0.0749227	0.86288786	1.0447003	4.724588	0.0749227	0.8543949	0.778181	2.501261	0.20313863	1444199	16947.548728466034
7240	0.93484974	0.7800871	2.3929145	0.074043304	0.93484974	0.7800871	2.3929145	0.074043304	0.45947027	0.31246865	0.9512967	0.05199402	1448199	17013.781627178192
7260	0.6498338	0.85081774	3.2506292	0.12544565	0.6498338	0.85081774	3.2506292	0.12544565	0.42054603	0.3487243	1.0599394	0.0420441	1452199	17061.555718898773
7280	1.2215068	1.1935962	4.430482	0.15265271	1.2215068	1.1935962	4.430482	0.15265271	0.64991933	0.49419063	1.4388463	0.13695443	1456199	17109.00834774971
7300	0.93175966	0.98558515	4.0132256	0.1571612	0.93175966	0.98558515	4.0132256	0.1571612	0.34390792	0.14129888	0.54626304	0.091585755	1460199	17156.50444340706
7320	1.2678854	1.4178505	5.2609096	0.11492488	1.2678854	1.4178505	5.2609096	0.11492488	0.841845	0.48497224	1.4239563	0.102958664	1464199	17204.24364733696
7340	0.97628343	0.8581566	3.819794	0.14970326	0.97628343	0.8581566	3.819794	0.14970326	0.38182476	0.32532248	1.0732632	0.10868377	1468199	17263.27321624756
7360	1.0743269	1.207336	5.0794826	0.13187599	1.0743269	1.207336	5.0794826	0.13187599	0.8993907	0.7794318	2.4919086	0.11329025	1472199	17310.874387025833
7380	0.8808519	1.023922	3.541333	0.09702231	0.8808519	1.023922	3.541333	0.09702231	0.6698587	0.8101043	2.4092448	0.055638086	1476199	17358.4908618927
7400	0.70312285	0.8460451	3.3857539	0.089734666	0.70312285	0.8460451	3.3857539	0.089734666	0.82294565	0.31794	1.0773048	0.13876195	1480199	17405.9074549675
7420	0.88558847	1.136802	4.697738	0.10493945	0.88558847	1.136802	4.697738	0.10493945	1.3382856	1.0426364	3.0422451	0.11361657	1484199	17453.271814107895
7440	0.5160934	0.510138	2.269681	0.056231014	0.5160934	0.510138	2.269681	0.056231014	0.84807724	0.6389225	2.0409672	0.13712364	1488199	17501.26286315918
7460	1.1740471	1.4935498	4.52907	0.05650117	1.1740471	1.4935498	4.52907	0.05650117	0.6884832	0.5339852	1.7642943	0.10184719	1492199	17548.928470134735
7480	0.80793744	0.81721836	3.2598302	0.09578834	0.80793744	0.81721836	3.2598302	0.09578834	0.5336527	0.41255707	1.2320975	0.14194398	1496199	17596.626899003983
7500	0.6852187	0.678686	2.3249907	0.060673464	0.6852187	0.678686	2.3249907	0.060673464	0.38845527	0.32643205	1.0771756	0.10005426	1500199	17644.448674678802
7520	0.8409238	0.6835399	2.626594	0.07201064	0.8409238	0.6835399	2.626594	0.07201064	1.3131102	0.5873175	2.3649042	0.56089705	1504199	17696.804845809937
7540	0.85731316	0.8107212	2.9217994	0.1231655	0.85731316	0.8107212	2.9217994	0.1231655	1.31835	1.4878392	4.172091	0.023121929	1508199	17780.608213424683
7560	0.8832698	1.3992412	6.528062	0.1095086	0.8832698	1.3992412	6.528062	0.1095086	1.3879734	0.9465598	2.8075182	0.039640896	1512199	17830.2954185009
7580	0.80447644	0.9946514	4.359075	0.13139832	0.80447644	0.9946514	4.359075	0.13139832	0.46276113	0.23323412	0.8551797	0.17317669	1516199	17877.903820991516
7600	0.6624531	0.90123177	4.09857	0.11916697	0.6624531	0.90123177	4.09857	0.11916697	1.2014662	0.8933484	2.7059004	0.06117267	1520199	17925.71317267418
7620	0.79364985	0.8624247	3.8144772	0.053151153	0.79364985	0.8624247	3.8144772	0.053151153	0.5526073	0.3353145	1.2476189	0.23319548	1524199	17973.278481721878
7640	1.1281745	1.2501111	4.0963316	0.11329783	1.1281745	1.2501111	4.0963316	0.11329783	0.5626336	0.30870327	1.0150987	0.085765496	1528199	18024.257211446762
7660	1.1335192	1.3166765	4.6955085	0.1152943	1.1335192	1.3166765	4.6955085	0.1152943	0.2550968	0.10520474	0.36106497	0.113592915	1532199	18087.228825092316
7680	1.0246294	0.7748447	2.7467253	0.09913495	1.0246294	0.7748447	2.7467253	0.09913495	0.43451285	0.19129293	0.661069	0.16568063	1536199	18153.6651699543
7700	1.0591646	1.06641	4.049535	0.14807577	1.0591646	1.06641	4.049535	0.14807577	0.74236125	0.64270955	2.0541244	0.1426279	1540199	18200.90421128273
7720	0.8153218	0.79550076	2.8969414	0.09035671	0.8153218	0.79550076	2.8969414	0.09035671	1.1079005	0.92704505	2.914103	0.055254407	1544199	18248.125261068344
7740	1.2747371	0.99008256	3.6424985	0.13963488	1.2747371	0.99008256	3.6424985	0.13963488	0.28781185	0.20514488	0.67240965	0.049934942	1548199	18312.74496459961
7760	1.3361061	1.4312263	5.3364563	0.12001181	1.3361061	1.4312263	5.3364563	0.12001181	0.43825126	0.47510105	1.46854	0.07518218	1552199	18359.18226337433
7780	0.71199954	0.79484975	2.9509	0.07539505	0.71199954	0.79484975	2.9509	0.07539505	0.8347357	0.7803966	2.3945925	0.063715085	1556199	18406.7648563385
7800	0.8488718	0.89126503	3.842587	0.10992196	0.8488718	0.89126503	3.842587	0.10992196	0.7010369	0.7078915	2.137439	0.07935029	1560199	18454.732428073883
7820	1.0998154	0.9545904	4.0398126	0.10303426	1.0998154	0.9545904	4.0398126	0.10303426	1.2196785	0.9154094	3.1574674	0.29943833	1564199	18502.508794546127
7840	0.8614783	0.77868545	2.6172383	0.10564165	0.8614783	0.77868545	2.6172383	0.10564165	0.48513412	0.43713182	1.2727633	0.048003267	1568199	18561.240525484085
7860	1.0256608	1.0601993	4.7824545	0.13542181	1.0256608	1.0601993	4.7824545	0.13542181	0.78299326	0.69931567	2.2446034	0.14692086	1572199	18617.09910941124
7880	0.6733586	0.67979705	2.5685	0.091975965	0.6733586	0.67979705	2.5685	0.091975965	0.5882916	0.54702795	1.7291138	0.05980226	1576199	18664.787645101547
7900	0.7061302	0.61282194	2.129866	0.10371231	0.7061302	0.61282194	2.129866	0.10371231	0.44730076	0.32233024	1.1108497	0.05365754	1580199	18712.845057964325
7920	0.7169015	0.7838279	2.9031358	0.0630329	0.7169015	0.7838279	2.9031358	0.0630329	0.3076097	0.14598933	0.5690288	0.13976675	1584199	18766.20627808571
7940	0.8973576	0.84809375	3.3378246	0.03370804	0.8973576	0.84809375	3.3378246	0.03370804	1.0003129	0.7822556	2.180235	0.06935565	1588199	18850.03623533249
7960	1.1005152	1.1178012	3.8827772	0.058275178	1.1005152	1.1178012	3.8827772	0.058275178	0.31489095	0.20706159	0.72396415	0.091542564	1592199	18898.478184700012
7980	0.59743804	0.7139931	2.7295845	0.083094	0.59743804	0.7139931	2.7295845	0.083094	0.20403893	0.07178968	0.2951864	0.11234702	1596199	18946.2026283741
8000	0.9720208	1.0287983	3.6541057	0.06378659	0.9720208	1.0287983	3.6541057	0.06378659	1.1254975	1.1145879	3.3130105	0.21061184	1600199	18993.86641740799
8020	0.63216347	0.66754407	2.9876127	0.07658302	0.63216347	0.66754407	2.9876127	0.07658302	0.22544579	0.13262427	0.42792758	0.04110128	1604199	19041.70400571823
8040	1.0383118	1.049882	3.9835088	0.09104187	1.0383118	1.049882	3.9835088	0.09104187	0.77453107	0.7783332	2.3549085	0.07784916	1608199	19089.340676784515
8060	0.74723977	0.81030893	3.0030398	0.051736675	0.74723977	0.81030893	3.0030398	0.051736675	0.3716351	0.20531796	0.7392229	0.13417582	1612199	19137.176049232483
8080	1.1358757	1.1098804	3.9516642	0.07441471	1.1358757	1.1098804	3.9516642	0.07441471	0.8342388	0.8847229	2.7335784	0.14128943	1616199	19185.178389787674
8100	0.48698178	0.40633717	1.7648687	0.059008505	0.48698178	0.40633717	1.7648687	0.059008505	0.4430906	0.33521116	1.0775597	0.051054034	1620199	19232.895019054413
8120	0.91925067	1.0147636	3.545513	0.07073372	0.91925067	1.0147636	3.545513	0.07073372	0.8100143	0.4614088	1.2879789	0.11520636	1624199	19281.024204730988
8140	0.91574824	0.8232098	2.4135506	0.13166283	0.91574824	0.8232098	2.4135506	0.13166283	0.20384622	0.13721392	0.48455316	0.038765244	1628199	19328.601636886597
8160	0.8286303	0.6585083	2.537215	0.06703143	0.8286303	0.6585083	2.537215	0.06703143	0.63794667	0.40888193	1.3865714	0.2254378	1632199	19403.731382369995
8180	0.7651891	0.85301596	3.0376363	0.08449473	0.7651891	0.85301596	3.0376363	0.08449473	0.42503908	0.48468912	1.4672626	0.07728128	1636199	19467.463512659073
8200	1.073725	1.2557981	4.649251	0.1603674	1.073725	1.2557981	4.649251	0.1603674	0.70478016	0.49732068	1.7376565	0.25445634	1640199	19515.100470781326
8220	0.9623553	0.9147544	3.6882305	0.07902316	0.9623553	0.9147544	3.6882305	0.07902316	0.7627657	0.8086362	2.4836907	0.14578012	1644199	19562.472270965576
8240	0.80452967	0.71247727	2.859407	0.1248571	0.80452967	0.71247727	2.859407	0.1248571	0.5747742	0.5144105	1.603824	0.024809567	1648199	19610.56304168701
8260	0.8472269	0.80877745	2.878561	0.14145926	0.8472269	0.80877745	2.878561	0.14145926	0.5394235	0.6323754	1.9199299	0.14942521	1652199	19658.604577302933
8280	1.1114168	0.864264	2.9871168	0.11032758	1.1114168	0.864264	2.9871168	0.11032758	0.24706626	0.123017594	0.45124117	0.039365537	1656199	19705.378165721893
8300	1.2687694	1.2710189	4.674453	0.12456005	1.2687694	1.2710189	4.674453	0.12456005	0.94493407	0.742102	2.1975946	0.03741213	1660199	19751.650391340256
8320	0.7825689	0.65599376	2.6196125	0.04852563	0.7825689	0.65599376	2.6196125	0.04852563	0.8832843	0.35947636	1.2328402	0.15326408	1664199	19797.705717086792
8340	0.73241544	0.62071687	2.3997946	0.09434496	0.73241544	0.62071687	2.3997946	0.09434496	0.23578954	0.19250815	0.6513838	0.06519435	1668199	19844.25556588173
8360	0.8210114	0.9368812	4.461808	0.09695097	0.8210114	0.9368812	4.461808	0.09695097	0.55836153	0.4688508	1.4872493	0.11598429	1672199	19890.80057835579
8380	1.0076439	1.4514334	6.849272	0.07973631	1.0076439	1.4514334	6.849272	0.07973631	0.56959015	0.2832771	1.0389597	0.20859411	1676199	19937.380870580673
8400	0.77196294	0.5837085	2.4068868	0.08272926	0.77196294	0.5837085	2.4068868	0.08272926	0.95540714	0.8778656	2.5273564	0.12059375	1680199	19983.86356472969
8420	0.87411535	0.9920491	3.7957025	0.06995026	0.87411535	0.9920491	3.7957025	0.06995026	0.32467008	0.10122956	0.48273748	0.1492232	1684199	20030.291397809982
8440	0.7287335	0.8080099	3.151292	0.10917354	0.7287335	0.8080099	3.151292	0.10917354	0.6161279	0.76079774	2.2741854	0.112077564	1688199	20076.56772494316
8460	0.8827044	0.7355963	3.0371149	0.07191279	0.8827044	0.7355963	3.0371149	0.07191279	0.63258076	0.5465503	1.6112546	0.0494307	1692199	20122.818460941315
8480	0.82145643	0.7863915	3.4527006	0.09380141	0.82145643	0.7863915	3.4527006	0.09380141	0.7944021	0.54409564	1.8057479	0.13527009	1696199	20169.217895269394
8500	0.75516665	0.7627369	2.6530244	0.06490436	0.75516665	0.7627369	2.6530244	0.06490436	0.9075125	1.294094	3.7355597	0.081765085	1700199	20215.351687192917
8520	0.990164	0.9083816	2.9459915	0.12685312	0.990164	0.9083816	2.9459915	0.12685312	0.473586	0.13985479	0.6662459	0.21665837	1704199	20262.109613895416
8540	0.9575289	0.7976174	3.0108106	0.16241589	0.9575289	0.7976174	3.0108106	0.16241589	0.25209364	0.103562154	0.4001792	0.11579264	1708199	20309.933593273163
8560	0.86999893	0.83616614	2.6181517	0.13009472	0.86999893	0.83616614	2.6181517	0.13009472	0.23717068	0.15941705	0.5699089	0.081232555	1712199	20356.2608294487
8580	0.873816	0.928952	3.5149639	0.08141919	0.873816	0.928952	3.5149639	0.08141919	0.2978389	0.28753722	0.9259738	0.107237205	1716199	20402.74193263054
8600	1.1915398	1.2789437	4.4539485	0.07371229	1.1915398	1.2789437	4.4539485	0.07371229	0.38818273	0.20022403	0.7458473	0.105222255	1720199	20448.923266410828
8620	1.3726002	1.3239174	5.4208293	0.14357507	1.3726002	1.3239174	5.4208293	0.14357507	0.68836147	0.5163702	1.633819	0.01485208	1724199	20495.373492479324
8640	0.830315	0.8302174	3.0422547	0.11180245	0.830315	0.8302174	3.0422547	0.11180245	0.35351464	0.19295451	0.61884207	0.101895355	1728199	20541.80121612549
8660	1.1663344	1.3267635	5.0096393	0.11142025	1.1663344	1.3267635	5.0096393	0.11142025	0.29578176	0.13960226	0.51854855	0.09698418	1732199	20588.219196558
8680	0.6427399	0.64319235	2.9508796	0.08078767	0.6427399	0.64319235	2.9508796	0.08078767	0.36201754	0.33702418	1.0764056	0.04993507	1736199	20634.587740421295
8700	1.1445386	1.249214	4.065118	0.09832353	1.1445386	1.249214	4.065118	0.09832353	0.1927508	0.1319326	0.42437717	0.039139148	1740199	20681.244221687317
8720	0.90211296	1.1038585	5.44365	0.09181895	0.90211296	1.1038585	5.44365	0.09181895	0.9329341	0.455718	1.7463545	0.2908488	1744199	20727.5676548481
8740	0.617043	0.63930655	2.6961768	0.0993399	0.617043	0.63930655	2.6961768	0.0993399	0.3719797	0.36812332	1.1685605	0.12169988	1748199	20774.10862493515
8760	0.7641474	0.5863708	2.4971895	0.077719346	0.7641474	0.5863708	2.4971895	0.077719346	0.891624	0.4293298	1.483905	0.31659886	1752199	20820.60608625412
8780	1.1187959	1.0585467	4.185923	0.053943705	1.1187959	1.0585467	4.185923	0.053943705	0.6491689	0.5417762	1.6761034	0.0860525	1756199	20867.038269758224
8800	1.1229386	1.035448	3.4857895	0.079519905	1.1229386	1.035448	3.4857895	0.079519905	0.764098	0.54324734	1.855541	0.1407896	1760199	20912.891065597534
8820	1.0886753	1.0312022	3.751123	0.077481315	1.0886753	1.0312022	3.751123	0.077481315	0.37355134	0.4201851	1.2814893	0.05245716	1764199	20959.78793168068
8840	0.9159918	0.7816319	2.5804098	0.14619543	0.9159918	0.7816319	2.5804098	0.14619543	0.6367883	0.60229045	1.9190305	0.099321716	1768199	21007.126353502274
8860	0.89941245	0.9620249	3.8078456	0.04651994	0.89941245	0.9620249	3.8078456	0.04651994	0.4731886	0.37467816	1.2255354	0.12706287	1772199	21053.905088186264
8880	1.2671964	1.3364674	4.7594895	0.1359164	1.2671964	1.3364674	4.7594895	0.1359164	0.64284205	0.79934675	2.3794131	0.09870495	1776199	21100.290413856506
8900	0.82263744	0.6029192	1.7845366	0.07617218	0.82263744	0.6029192	1.7845366	0.07617218	0.5205524	0.74681306	2.1494522	0.033774514	1780199	21147.037180900574
8920	1.0018113	0.74134517	3.03056	0.109701715	1.0018113	0.74134517	3.03056	0.109701715	0.26808834	0.18487096	0.61755127	0.029213088	1784199	21194.041682481766
8940	1.1280243	1.0320436	3.2941704	0.08900455	1.1280243	1.0320436	3.2941704	0.08900455	0.63103503	0.64140576	1.9483583	0.026646452	1788199	21240.612122297287
8960	1.1538013	0.98545533	3.3829968	0.08629309	1.1538013	0.98545533	3.3829968	0.08629309	0.73827225	0.7207079	2.2397456	0.14215696	1792199	21287.334675073624
8980	0.9762353	0.9025983	3.4766312	0.08340628	0.9762353	0.9025983	3.4766312	0.08340628	0.3729534	0.23437154	0.8002768	0.123362176	1796199	21334.402077436447
9000	0.71120125	0.88292557	4.0972605	0.03974055	0.71120125	0.88292557	4.0972605	0.03974055	1.7720095	1.3811891	4.6635485	0.26347107	1800199	21385.53977918625
9020	0.5858935	1.2137448	5.598189	0.050160546	0.5858935	1.2137448	5.598189	0.050160546	1.8308226	0.54641306	2.58857	0.9676132	1804199	21435.34162569046
9040	0.59459996	0.77518976	3.0225017	0.032673873	0.59459996	0.77518976	3.0225017	0.032673873	0.4913809	0.30815512	1.0463055	0.15010972	1808199	21482.98720741272
9060	1.0276871	1.3981819	4.234765	0.039686687	1.0276871	1.3981819	4.234765	0.039686687	0.6598807	0.5521983	1.703832	0.086991556	1812199	21531.076766252518
9080	1.5208956	1.3155183	5.011336	0.014819659	1.5208956	1.3155183	5.011336	0.014819659	39.22929	50.403107	149.18991	1.9238042	1816199	21579.566900491714
9100	11.402318	13.623525	58.74181	0.20871256	11.402318	13.623525	58.74181	0.20871256	43.468952	41.13212	122.81167	2.6685557	1820199	21632.715705394745
9120	6.9348793	17.038704	80.08508	0.15534334	6.9348793	17.038704	80.08508	0.15534334	2.1293352	2.0598419	6.5385647	0.2616647	1824199	21691.439218759537
9140	47.751026	38.08934	120.692406	3.3116019	47.751026	38.08934	120.692406	3.3116019	56.372852	52.496708	157.33702	2.2466636	1828199	21739.86832857132
9160	66.37785	37.076885	120.24938	1.6765382	66.37785	37.076885	120.24938	1.6765382	51.468235	24.03662	74.16078	1.162727	1832199	21788.154893636703
9180	47.281273	37.147877	109.850624	2.6063552	47.281273	37.147877	109.850624	2.6063552	34.70191	25.33723	72.29256	3.8905525	1836199	21837.43400001526
9200	49.31623	42.00028	130.63164	0.87129384	49.31623	42.00028	130.63164	0.87129384	23.96026	17.556747	58.965233	3.8093028	1840199	21887.294403791428
9220	37.794655	36.92016	160.0844	2.4622214	37.794655	36.92016	160.0844	2.4622214	47.958515	32.888268	118.4789	21.446041	1844199	21935.940709114075
9240	76.17833	48.603107	151.69682	5.392361	76.17833	48.603107	151.69682	5.392361	124.44547	54.808784	175.74075	8.502867	1848199	21984.310241937637
9260	92.076866	41.272335	161.11357	12.606587	92.076866	41.272335	161.11357	12.606587	89.90448	33.607403	136.99191	52.561344	1852199	22032.617561101913
9280	119.887634	41.627308	174.52895	16.38472	119.887634	41.627308	174.52895	16.38472	134.32307	43.603607	191.7465	78.13439	1856199	22080.48901104927
9300	118.65981	32.245903	179.45207	71.96319	118.65981	32.245903	179.45207	71.96319	90.88122	14.073869	110.04567	71.07398	1860199	22128.57459616661
9320	138.14856	19.736368	176.76245	106.18349	138.14856	19.736368	176.76245	106.18349	123.772026	26.218946	162.92778	87.43414	1864199	22183.522814273834
9340	143.50334	21.903254	174.84102	81.325745	143.50334	21.903254	174.84102	81.325745	122.18775	15.875986	149.27943	94.770905	1868199	22267.84332704544
9360	149.77133	20.794426	182.2328	113.419846	149.77133	20.794426	182.2328	113.419846	136.16615	18.664186	170.7738	118.61294	1872199	22316.769750595093
9380	132.09995	19.717972	163.68631	101.85997	132.09995	19.717972	163.68631	101.85997	100.68402	10.277674	114.95344	81.570564	1876199	22365.336750268936
9400	131.02487	28.867561	179.51274	79.85238	131.02487	28.867561	179.51274	79.85238	123.77021	5.5349693	133.89635	115.85099	1880199	22413.25288248062
9420	113.177444	30.854427	153.08766	44.491238	113.177444	30.854427	153.08766	44.491238	88.34054	16.26902	123.36159	77.0017	1884199	22461.444031238556
9440	123.23946	52.460938	180.18982	21.616362	123.23946	52.460938	180.18982	21.616362	126.49026	8.803299	139.4389	112.43588	1888199	22509.119703769684
9460	154.64175	16.21069	182.7725	114.21076	154.64175	16.21069	182.7725	114.21076	134.7253	19.17267	152.00293	96.493965	1892199	22555.9951877594
9480	149.85754	24.717884	182.1555	100.846886	149.85754	24.717884	182.1555	100.846886	141.03773	18.369663	172.98825	116.719185	1896199	22602.869155168533
9500	82.21449	74.39158	182.14143	0.324143	82.21449	74.39158	182.14143	0.324143	139.12267	18.09849	153.63931	100.42072	1900199	22651.16466164589
9520	160.22073	21.489214	182.27979	105.30644	160.22073	21.489214	182.27979	105.30644	141.54645	10.249859	161.04741	126.87587	1904199	22698.918961286545
9540	166.87543	11.240407	182.33327	142.1046	166.87543	11.240407	182.33327	142.1046	160.21864	15.158978	174.03247	128.90408	1908199	22746.33479976654
9560	174.34972	7.3780637	183.31294	152.90004	174.34972	7.3780637	183.31294	152.90004	146.94185	14.963309	175.9707	128.14339	1912199	22794.37233400345
9580	161.75764	14.869272	177.68164	123.85889	161.75764	14.869272	177.68164	123.85889	154.33324	11.790018	174.59512	141.36955	1916199	22842.754339694977
9600	161.18916	18.153913	183.95123	112.14967	161.18916	18.153913	183.95123	112.14967	144.68604	15.825687	171.8729	126.78454	1920199	22890.126669883728
9620	168.41173	8.945515	182.86781	152.11034	168.41173	8.945515	182.86781	152.11034	157.54057	9.730164	174.90729	147.66956	1924199	22937.943697452545
9640	165.37683	12.826163	181.74231	138.35265	165.37683	12.826163	181.74231	138.35265	157.57838	9.408708	172.07649	141.95378	1928199	22986.322593212128
9660	172.56084	6.771319	180.83864	156.91801	172.56084	6.771319	180.83864	156.91801	138.10876	12.752371	153.58786	119.742714	1932199	23034.68001484871
9680	174.06721	6.4132805	183.46918	157.64888	174.06721	6.4132805	183.46918	157.64888	150.7635	5.3452187	160.79948	144.09554	1936199	23082.711838960648
9700	174.37651	5.382547	181.76794	164.0629	174.37651	5.382547	181.76794	164.0629	170.14406	8.974098	181.81909	154.35246	1940199	23129.80871987343
9720	177.72209	7.3117137	184.91302	148.2774	177.72209	7.3117137	184.91302	148.2774	164.87679	5.0108852	172.43697	158.28397	1944199	23176.798612117767
9740	175.28204	7.2247195	184.29576	159.03438	175.28204	7.2247195	184.29576	159.03438	141.52403	5.5978074	146.34163	129.71349	1948199	23224.505834817886
9760	176.20216	6.5747495	183.97026	153.56636	176.20216	6.5747495	183.97026	153.56636	159.22878	8.144491	170.87695	146.70705	1952199	23271.637959957123
9780	178.93663	1.9058679	181.74168	174.33159	178.93663	1.9058679	181.74168	174.33159	154.59148	4.744348	163.74318	148.17107	1956199	23319.221002817154
9800	176.74612	4.5692706	182.93729	164.37149	176.74612	4.5692706	182.93729	164.37149	149.59953	5.071034	160.29596	144.08467	1960199	23366.22304749489
9820	177.03268	5.42894	182.89284	161.23938	177.03268	5.42894	182.89284	161.23938	154.50702	4.434136	159.96361	145.96733	1964199	23414.533618927002
9840	175.46382	5.24283	184.00153	163.69699	175.46382	5.24283	184.00153	163.69699	162.55751	9.418765	178.04424	152.32544	1968199	23462.144377708435
9860	176.51138	5.1332407	183.61444	162.13936	176.51138	5.1332407	183.61444	162.13936	164.79626	6.5430856	174.96155	155.39322	1972199	23510.767183065414
9880	177.91612	3.830321	183.29686	170.30215	177.91612	3.830321	183.29686	170.30215	155.39168	6.4240556	165.63878	144.67944	1976199	23558.821650743484
9900	176.73279	4.5980573	185.06204	168.26709	176.73279	4.5980573	185.06204	168.26709	152.42525	5.231572	158.31825	144.0908	1980199	23606.860501766205
9920	177.17361	3.7318394	182.7032	168.14038	177.17361	3.7318394	182.7032	168.14038	172.6924	7.132806	181.4673	158.35503	1984199	23655.100180864334
9940	177.31277	4.5540547	183.12904	162.15573	177.31277	4.5540547	183.12904	162.15573	173.21822	6.424441	183.13661	161.21413	1988199	23703.484146356583
9960	176.80414	3.9347258	183.15536	165.7654	176.80414	3.9347258	183.15536	165.7654	158.97758	3.6781335	165.16847	154.66222	1992199	23751.567546606064
9980	177.82404	3.7614055	183.99142	169.41527	177.82404	3.7614055	183.99142	169.41527	160.26826	2.8830922	162.88591	154.2911	1996199	23799.77645254135
10000	177.35254	4.6586695	183.26193	162.64735	177.35254	4.6586695	183.26193	162.64735	164.85394	7.8285685	177.77667	153.83618	2000199	23848.060656785965
