Epoch	EpRet	EpRealRet	TestEpRet	AverageQ1	StdQ1	MaxQ1	MinQ1	Q2	TestSuccess	TotalEnvInteracts	TotalTime
0	-49.0	-49.0	-50.0	4.184056	4.9086885	174.94568	0.51947707	4.140065	0.0	2500	54.86569356918335
1	-48.0	-48.0	-45.0	8.938494	3.1613977	37.94753	3.7056706	8.841415	0.1	5000	110.25004029273987
2	-47.0	-47.0	-50.0	7.2734094	1.8460516	17.085049	2.984726	7.249734	0.0	7500	164.94503593444824
3	-50.0	-50.0	-45.0	4.971019	1.3299712	11.552162	1.895468	4.9521303	0.1	10000	219.9496307373047
4	-50.0	-50.0	-50.0	3.2311947	0.96022356	9.10376	1.149786	3.2150276	0.0	12500	274.36343336105347
5	-49.0	-49.0	-50.0	2.0305943	0.7505251	7.081418	0.88638884	2.016004	0.0	15000	328.2552933692932
6	-49.0	-49.0	-45.0	1.3126342	0.66711307	8.631778	0.4949422	1.3058807	0.1	17500	382.376704454422
7	-49.74	-49.74	-45.0	0.86834043	0.49390137	7.1491704	0.32491782	0.8640542	0.1	20000	436.923748254776
8	-43.3	-43.3	-50.0	0.62313586	0.39241585	6.544629	0.25271556	0.61864185	0.0	22500	490.66891288757324
9	-49.0	-49.0	-50.0	0.47338897	0.3538113	5.164738	0.20422849	0.4694325	0.0	25000	545.1919693946838
10	-46.98	-46.98	-50.0	0.36372113	0.2556352	2.8568003	0.15382174	0.36124408	0.0	27500	599.5055618286133
11	-49.0	-49.0	-45.0	0.28314322	0.20243895	2.5712328	0.10468313	0.2749529	0.1	30000	653.8692028522491
12	-47.0	-47.0	-50.0	0.2574987	0.21844545	2.3328133	0.09752592	0.24898222	0.0	32500	708.2583613395691
13	-48.5	-48.5	-40.0	0.24335095	0.22959471	3.2095864	0.08691117	0.23968743	0.2	35000	761.8581581115723
14	-46.94	-46.94	-50.0	0.22760673	0.242237	5.5248284	0.061931178	0.21914603	0.0	37500	815.828131198883
15	-48.56	-48.56	-45.0	0.24082653	0.2827679	3.0975962	0.06552861	0.236351	0.1	40000	869.3400511741638
16	-48.38	-48.38	-50.0	0.24039249	0.33520252	4.212305	0.06129176	0.23512143	0.0	42500	924.0864624977112
17	-49.34	-49.34	-50.0	0.33368286	0.66739583	10.237351	0.06569514	0.32515383	0.0	45000	980.4602935314178
18	-47.94	-47.94	-50.0	0.37553656	1.0061805	12.876165	0.058529016	0.3665768	0.0	47500	1036.3666183948517
19	-49.0	-49.0	-50.0	0.4761823	1.411675	20.293795	0.060746256	0.46292195	0.0	50000	1092.2128429412842
20	-48.62	-48.62	-50.0	0.7950389	3.2747722	53.971138	0.069703005	0.7818238	0.0	52500	1147.799747467041
21	-48.0	-48.0	-50.0	1.0959597	4.852219	86.370605	0.07592426	1.0907848	0.0	55000	1203.841613292694
22	-50.0	-50.0	-44.600002	2.2877119	10.973712	178.06638	0.09601387	2.2829487	0.1	57500	1259.1926386356354
23	-48.0	-48.0	-49.4	2.1423995	11.787926	200.07837	0.112896	2.0963905	0.0	60000	1314.286568403244
24	-48.54	-48.54	-50.0	2.4607577	13.202381	214.42477	0.11661817	2.4305577	0.0	62500	1369.6852958202362
25	-50.0	-50.0	-45.0	2.8546722	16.573664	332.2413	0.10955895	2.8186758	0.1	65000	1424.73863697052
26	-48.5	-48.5	-45.899998	4.22776	25.22242	399.94888	0.107782446	4.142501	0.1	67500	1480.6836817264557
27	-47.36	-47.36	-50.0	3.3101015	22.095324	458.52322	0.11644753	3.2950048	0.0	70000	1535.894268989563
28	-49.0	-49.0	-50.0	9.293631	57.987003	806.41626	0.1483264	9.264956	0.0	72500	1591.5187253952026
29	-46.7	-46.7	-50.0	11.821723	72.99107	1143.6575	0.1886209	11.667986	0.0	75000	1646.4215257167816
30	-49.0	-49.0	-50.0	14.336581	82.70157	1542.5334	0.47373128	14.287969	0.0	77500	1702.9523432254791
31	-50.0	-50.0	-45.0	29.834667	171.60588	3130.6357	0.5274303	29.722275	0.1	80000	1759.1140546798706
32	-50.0	-50.0	-45.0	32.08188	197.24017	4535.0493	1.0966092	31.647734	0.1	82500	1814.6983439922333
33	-46.9	-46.9	-50.0	30.48972	193.69264	3800.9717	0.7717556	30.221535	0.0	85000	1870.2615551948547
34	-47.5	-47.5	-50.0	23.792692	143.28471	2943.8162	0.85183954	23.386211	0.0	87500	1925.4935047626495
35	-50.0	-50.0	-45.0	23.815987	170.88405	4052.7222	0.62601817	23.393427	0.1	90000	1980.8477816581726
36	-48.0	-48.0	-50.0	52.339756	342.62222	5677.737	0.72252774	51.534523	0.0	92500	2035.6921870708466
37	-48.2	-48.2	-42.8	49.91309	350.49463	6442.6216	0.7220265	49.55963	0.1	95000	2091.410126209259
38	-46.04	-46.04	-50.0	33.058914	245.33884	5064.241	0.7091582	32.62698	0.0	97500	2146.9677987098694
39	-49.2	-49.2	-40.0	54.88601	375.477	6771.701	0.5445309	54.91641	0.2	100000	2202.602474927902
40	-49.0	-49.0	-50.0	122.20313	788.2403	13851.221	1.5629814	122.20052	0.0	102500	2258.6481268405914
41	-47.0	-47.0	-50.0	127.903564	813.6072	13742.33	1.1968126	127.2286	0.0	105000	2315.5997421741486
42	-46.0	-46.0	-50.0	168.51712	1120.0729	22862.791	1.6468009	168.30821	0.0	107500	2373.1979439258575
43	-46.22	-46.22	-50.0	235.79623	1571.6279	25871.324	2.0774407	236.1297	0.0	110000	2430.0708882808685
44	-49.0	-49.0	-50.0	369.1565	2268.9177	63280.56	3.7167525	370.34225	0.0	112500	2487.4501733779907
45	-46.0	-46.0	-50.0	738.0737	4346.377	76434.92	11.042306	739.86816	0.0	115000	2544.771633386612
46	-47.0	-47.0	-50.0	1349.2594	7621.6714	103964.94	15.458317	1358.6978	0.0	117500	2600.1996355056763
47	-48.0	-48.0	-45.0	2059.0005	14831.8545	369242.47	18.020016	2029.4226	0.1	120000	2656.491926431656
48	-50.0	-50.0	-45.0	2113.016	15240.585	316841.06	22.166	2081.5906	0.1	122500	2712.25377869606
49	-48.44	-48.44	-45.0	2848.035	19641.805	375569.3	30.018028	2781.406	0.1	125000	2767.229907512665
50	-48.0	-48.0	-50.0	5333.044	31153.684	575292.6	100.5372	5344.861	0.0	127500	2823.6722676754
51	-47.0	-47.0	-45.0	5688.838	32928.176	752967.56	208.95404	5612.642	0.1	130000	2880.117301464081
52	-47.0	-47.0	-45.0	4610.677	22858.877	441780.97	246.72226	4581.749	0.1	132500	2938.1449208259583
53	-49.0	-49.0	-50.0	6880.9736	39211.617	959623.9	193.21721	6708.0225	0.0	135000	2994.969071626663
54	-49.0	-49.0	-45.0	9228.362	54948.05	1131761.2	255.05624	9059.783	0.1	137500	3050.914876937866
55	-47.0	-47.0	-50.0	13942.644	85502.04	1926938.0	329.091	13615.026	0.0	140000	3107.1202244758606
56	-44.76	-44.76	-50.0	22219.797	136216.22	3305696.8	435.62137	22104.283	0.0	142500	3163.4817435741425
57	-50.0	-50.0	-50.0	31695.645	170008.52	4062954.2	608.575	31426.74	0.0	145000	3219.290729522705
58	-49.0	-49.0	-50.0	45871.91	204039.6	4585417.0	1190.9229	45428.58	0.0	147500	3275.3426921367645
59	-47.5	-47.5	-50.0	33097.465	157547.12	3058652.2	940.3253	32936.516	0.0	150000	3330.655438899994
60	-45.26	-45.26	-50.0	29469.434	122668.18	2520757.8	850.234	29427.629	0.0	152500	3385.974241256714
61	-48.0	-48.0	-50.0	36769.78	177032.6	3272806.2	673.8353	36885.47	0.0	155000	3442.5239374637604
62	-45.0	-45.0	-50.0	42816.67	216193.36	5446145.5	712.56274	42152.31	0.0	157500	3498.7298605442047
63	-50.0	-50.0	-50.0	56541.184	273773.53	5153771.0	1403.6177	55976.4	0.0	160000	3555.2985742092133
64	-48.0	-48.0	-45.0	79919.02	448168.5	11219338.0	1704.1617	78107.71	0.1	162500	3612.0973052978516
65	-48.0	-48.0	-45.0	53001.1	282380.16	7099992.0	1445.5505	52248.414	0.1	165000	3668.8700580596924
66	-50.0	-50.0	-50.0	56645.945	372458.66	9531619.0	1782.088	56327.824	0.0	167500	3724.989232301712
67	-49.0	-49.0	-50.0	74675.01	448473.88	12097316.0	1285.2053	73916.15	0.0	170000	3780.9230761528015
68	-49.0	-49.0	-49.6	84293.82	459418.56	9204092.0	1574.8033	83087.7	0.0	172500	3837.326036453247
69	-49.0	-49.0	-49.4	127961.86	584254.3	8383019.5	3147.0557	127110.41	0.0	175000	3893.859169483185
70	-49.86	-49.86	-50.0	124050.945	492337.34	8353802.0	3288.2688	121360.27	0.0	177500	3949.823263645172
71	-46.0	-46.0	-50.0	105941.8	437814.16	12589554.0	2456.9097	104938.88	0.0	180000	4006.1248383522034
72	-46.74	-46.74	-50.0	92833.81	406940.53	6563848.0	2440.088	91303.84	0.0	182500	4063.4726214408875
73	-49.0	-49.0	-45.0	85629.39	382942.34	11193880.0	2565.154	83483.57	0.1	185000	4121.099826574326
74	-48.0	-48.0	-50.0	79715.65	357946.6	9255145.0	2522.6218	79850.48	0.0	187500	4177.255405664444
75	-48.0	-48.0	-45.0	69806.93	296159.72	5629927.5	4196.997	67915.805	0.1	190000	4232.992830991745
76	-48.0	-48.0	-45.899998	52100.7	176232.7	2843911.0	3161.1924	50960.81	0.1	192500	4289.923756837845
77	-48.8	-48.8	-50.0	51218.527	175864.5	4399719.5	4062.871	48992.715	0.0	195000	4346.62137389183
78	-47.46	-47.46	-50.0	48893.39	191415.03	5907046.5	2419.6829	47174.094	0.0	197500	4401.351083993912
79	-48.98	-48.98	-45.0	59661.16	398636.16	10269905.0	1958.4648	59576.65	0.1	200000	4457.031208992004
80	-47.0	-47.0	-50.0	45371.754	322346.44	7182055.5	1372.028	44770.543	0.0	202500	4513.725722312927
81	-50.0	-50.0	-50.0	38086.445	257380.58	8061383.5	1393.1736	37157.953	0.0	205000	4570.864090681076
82	-50.0	-50.0	-45.0	19639.053	46668.664	829133.2	1406.9988	19083.932	0.1	207500	4627.0405356884
83	-48.0	-48.0	-50.0	21125.596	48582.605	922903.0	1305.6716	20010.588	0.0	210000	4683.939201831818
84	-48.0	-48.0	-50.0	19540.506	44771.996	578410.3	847.0597	19000.764	0.0	212500	4740.965747833252
85	-47.0	-47.0	-45.0	21283.424	53144.637	886152.1	1174.5916	20257.412	0.1	215000	4798.503751039505
86	-48.0	-48.0	-50.0	21205.178	57913.094	1099331.5	1196.6858	20677.064	0.0	217500	4854.652884960175
87	-48.0	-48.0	-50.0	25847.252	72803.88	1266231.6	1291.5327	24943.713	0.0	220000	4912.163108348846
88	-48.56	-48.56	-50.0	25665.393	59200.53	972352.6	1678.1733	24406.893	0.0	222500	4969.0637238025665
89	-48.0	-48.0	-50.0	31065.334	81950.86	1668089.1	1319.6962	29937.22	0.0	225000	5025.178389310837
90	-48.0	-48.0	-45.0	35675.47	104166.14	1832492.0	1690.8894	34365.152	0.1	227500	5081.779959440231
91	-48.0	-48.0	-45.0	39467.984	98021.695	1397013.4	2136.0623	38391.992	0.1	230000	5140.0004189014435
92	-50.0	-50.0	-45.0	39969.895	102600.805	2305614.8	1825.2678	39557.96	0.1	232500	5197.447387456894
93	-46.38	-46.38	-50.0	39512.07	117750.375	2487539.2	1253.8923	38847.797	0.0	235000	5255.5943784713745
94	-48.08	-48.08	-45.0	40607.258	111959.22	2356873.8	2477.2087	40699.047	0.1	237500	5312.67967748642
95	-47.0	-47.0	-45.0	42069.19	106915.68	2035347.6	2112.8857	41246.82	0.1	240000	5370.689867019653
96	-48.0	-48.0	-50.0	44124.457	98960.47	1912068.2	2652.2869	43175.84	0.0	242500	5428.113374948502
97	-49.0	-49.0	-50.0	49589.754	110811.73	1705653.5	2817.1016	46997.79	0.0	245000	5485.350301980972
98	-48.0	-48.0	-50.0	46578.773	98168.08	1636393.5	2645.288	45048.688	0.0	247500	5543.615375995636
99	-50.0	-50.0	-46.3	54650.92	155879.48	3562787.5	3019.933	53184.457	0.1	250000	5600.695229053497
100	-48.0	-48.0	-50.0	63808.207	146300.9	3205307.8	3471.7524	62129.113	0.0	252500	5657.228885650635
101	-48.0	-48.0	-50.0	79849.586	215612.84	4564115.0	3823.5215	77355.22	0.0	255000	5714.822142362595
102	-49.0	-49.0	-50.0	89783.92	224336.56	5909101.5	4360.589	87991.46	0.0	257500	5773.131681919098
103	-48.0	-48.0	-50.0	99961.086	233815.4	5298633.5	8115.865	98821.05	0.0	260000	5829.748441934586
104	-49.0	-49.0	-45.0	104035.555	214305.16	3362357.8	5165.953	101384.75	0.1	262500	5887.1767790317535
105	-49.0	-49.0	-50.0	125022.78	384885.06	8353789.5	4986.402	122023.05	0.0	265000	5944.316123485565
106	-48.0	-48.0	-50.0	133171.66	351297.1	5555253.5	6927.3447	130393.75	0.0	267500	6001.198518753052
107	-50.0	-50.0	-45.0	161964.61	415272.62	9511194.0	8544.428	157639.95	0.1	270000	6057.159842967987
108	-49.0	-49.0	-50.0	155905.83	376611.94	6421099.5	9790.442	151536.36	0.0	272500	6114.0915331840515
109	-49.0	-49.0	-50.0	157511.52	364246.22	6673714.0	8823.609	151098.73	0.0	275000	6171.593289136887
110	-48.0	-48.0	-50.0	208646.31	590257.06	10713581.0	7001.5576	206852.92	0.0	277500	6228.718589305878
111	-48.0	-48.0	-50.0	203819.64	446678.72	6896107.5	11364.498	201956.36	0.0	280000	6286.17285990715
112	-45.82	-45.82	-48.9	406363.66	4504069.0	147975970.0	12809.257	413080.44	0.0	282500	6343.544668912888
113	-47.0	-47.0	-50.0	323587.4	1978251.4	55709756.0	15342.3545	322929.4	0.0	285000	6401.451013326645
114	-48.0	-48.0	-50.0	293618.62	601898.4	8590474.0	15061.496	288053.8	0.0	287500	6458.297712802887
115	-48.0	-48.0	-45.0	354116.25	2116422.8	89690880.0	20704.246	347786.88	0.1	290000	6515.357520580292
116	-49.9	-49.9	-50.0	334275.22	1704673.9	54943828.0	15539.581	322369.1	0.0	292500	6572.434177160263
117	-48.44	-48.44	-50.0	343785.62	1583258.0	39060864.0	13010.773	330911.62	0.0	295000	6629.069057703018
118	-49.76	-49.76	-50.0	304846.97	849766.25	23908700.0	10045.043	296131.66	0.0	297500	6685.247887611389
119	-46.0	-46.0	-45.0	439025.06	2890301.0	113327510.0	14298.118	422258.88	0.1	300000	6742.725685119629
120	-49.0	-49.0	-45.0	408680.0	1800150.4	46088384.0	21531.877	393746.84	0.1	302500	6800.756597995758
121	-46.0	-46.0	-45.0	355703.94	1028008.4	23347402.0	18883.625	340092.84	0.1	305000	6857.955391407013
122	-47.46	-47.46	-50.0	373979.03	1438731.1	41722300.0	18204.797	351308.7	0.0	307500	6915.620633840561
123	-49.0	-49.0	-40.0	365554.2	988864.9	31529588.0	28667.898	354601.03	0.2	310000	6975.168075084686
124	-46.22	-46.22	-50.0	363551.56	885821.94	27163252.0	18513.445	350472.56	0.0	312500	7034.946669340134
125	-49.26	-49.26	-45.0	421898.7	1088718.5	19231778.0	29546.223	412830.72	0.1	315000	7093.654818058014
126	-48.86	-48.86	-50.0	485625.6	1081538.8	19109110.0	38116.043	463229.62	0.0	317500	7152.046511888504
127	-48.0	-48.0	-45.0	631938.5	1615725.9	31899748.0	43761.496	599209.6	0.1	320000	7209.662049293518
128	-48.0	-48.0	-50.0	704192.4	2602392.2	79946600.0	49812.72	693331.8	0.0	322500	7266.87645983696
129	-47.0	-47.0	-50.0	689024.5	1772744.9	30244956.0	36173.207	678423.8	0.0	325000	7324.380732297897
130	-49.0	-49.0	-45.0	692237.1	2341161.2	49682920.0	34216.324	674921.2	0.1	327500	7382.410790920258
131	-48.0	-48.0	-45.0	871084.3	2740112.5	51608060.0	25792.943	812978.75	0.1	330000	7441.928995609283
132	-49.0	-49.0	-50.0	859225.0	3415057.0	130785630.0	33269.6	805171.94	0.0	332500	7500.858957290649
133	-49.0	-49.0	-50.0	809238.44	2033087.0	44216452.0	35700.84	774279.0	0.0	335000	7559.839839458466
134	-49.0	-49.0	-45.0	997945.56	3461155.2	99678456.0	47132.617	992113.25	0.1	337500	7618.407001256943
135	-48.0	-48.0	-50.0	1175586.0	3587907.2	70202630.0	49685.94	1144673.0	0.0	340000	7675.599807739258
136	-50.0	-50.0	-50.0	1484739.1	3622088.8	52206776.0	44248.125	1424931.9	0.0	342500	7731.767644882202
137	-47.0	-47.0	-45.0	1445428.2	4263097.5	123851710.0	45265.137	1364359.1	0.1	345000	7787.563160657883
138	-50.0	-50.0	-47.9	1340849.6	3053065.8	53013348.0	65261.062	1305833.5	0.1	347500	7844.650822401047
139	-48.76	-48.76	-50.0	1640132.6	4394039.0	87893530.0	45583.715	1631374.9	0.0	350000	7902.570443868637
140	-50.0	-50.0	-50.0	2074668.0	7374139.0	238928030.0	69901.01	2070952.8	0.0	352500	7960.077816963196
141	-50.0	-50.0	-40.0	1928403.8	5148560.5	130260710.0	82458.51	1927694.6	0.2	355000	8018.768869400024
142	-50.0	-50.0	-50.0	2120003.8	7107572.0	197923890.0	95320.14	2048071.8	0.0	357500	8077.028088092804
143	-49.0	-49.0	-50.0	2201462.0	7424281.0	198780200.0	80492.03	2138261.5	0.0	360000	8136.347634077072
144	-49.0	-49.0	-40.0	1936227.1	5218320.5	108422936.0	74942.17	1866622.8	0.2	362500	8195.122764825821
145	-50.0	-50.0	-45.0	2095111.0	5280233.0	112978536.0	52728.074	2052075.8	0.1	365000	8253.411028623581
146	-49.0	-49.0	-50.0	2328410.0	11294067.0	326483420.0	68438.945	2254378.5	0.0	367500	8311.237075328827
147	-49.0	-49.0	-50.0	2104410.5	7514056.0	237713100.0	73715.31	2042043.4	0.0	370000	8368.122569561005
148	-48.0	-48.0	-50.0	1945845.5	4030834.2	70495256.0	68330.42	1892824.9	0.0	372500	8425.997680187225
149	-49.0	-49.0	-50.0	3474335.8	12630105.0	416241730.0	118044.8	3380871.2	0.0	375000	8484.652096509933
150	-50.0	-50.0	-50.0	2816127.0	5724338.5	138149940.0	150983.8	2806126.0	0.0	377500	8543.314087152481
151	-46.74	-46.74	-50.0	3223496.8	8676134.0	256802220.0	146170.06	3189713.2	0.0	380000	8601.229135513306
152	-50.0	-50.0	-50.0	3109084.8	10892324.0	330242530.0	167193.9	3035184.8	0.0	382500	8659.112761974335
153	-48.54	-48.54	-50.0	3546953.5	9101680.0	229534740.0	184897.47	3511312.8	0.0	385000	8716.62948513031
154	-49.0	-49.0	-45.0	3188363.0	7377433.0	200610060.0	204271.38	3178861.2	0.1	387500	8774.13811826706
155	-48.0	-48.0	-50.0	3381824.5	8514429.0	194109900.0	105756.0	3363329.0	0.0	390000	8831.584913492203
156	-49.0	-49.0	-50.0	2347186.2	4703586.5	71297640.0	119119.19	2324370.0	0.0	392500	8888.927675962448
157	-48.0	-48.0	-50.0	2281903.0	5196657.0	100005520.0	88903.266	2191592.0	0.0	395000	8946.316566705704
158	-50.0	-50.0	-50.0	2266701.0	7762886.5	241187400.0	86929.85	2171193.5	0.0	397500	9002.37804722786
159	-50.0	-50.0	-50.0	1666076.0	3884634.5	69623650.0	94062.52	1631794.2	0.0	400000	9059.332451343536
160	-47.36	-47.36	-50.0	2169887.2	8626134.0	221908640.0	71687.63	2103549.8	0.0	402500	9117.367893695831
161	-48.96	-48.96	-50.0	2265894.8	7585263.0	157131780.0	59489.39	2137204.8	0.0	405000	9174.993638038635
162	-47.0	-47.0	-50.0	2281262.8	6256687.5	136948600.0	77082.75	2231216.8	0.0	407500	9232.74003791809
163	-47.72	-47.72	-40.0	2713773.0	10041926.0	272302100.0	73577.414	2578267.0	0.2	410000	9289.905928850174
164	-49.0	-49.0	-50.0	2659926.0	8479507.0	210036060.0	82593.31	2517568.0	0.0	412500	9347.970423936844
165	-49.0	-49.0	-30.0	3248033.0	12040620.0	341962620.0	71264.03	3183762.5	0.4	415000	9405.547045469284
166	-48.22	-48.22	-45.0	2937487.5	9323911.0	212592670.0	84265.17	2865603.0	0.1	417500	9463.242954730988
167	-48.9	-48.9	-50.0	2906956.8	9749917.0	215477340.0	61252.27	2853101.0	0.0	420000	9522.113687038422
168	-47.56	-47.56	-50.0	3581759.0	12532569.0	244660740.0	97866.43	3480044.8	0.0	422500	9580.500349760056
169	-46.54	-46.54	-50.0	3736137.5	11417746.0	283292160.0	115691.87	3679292.0	0.0	425000	9639.23724269867
170	-49.0	-49.0	-50.0	4468051.5	17398124.0	541864700.0	108982.53	4345481.0	0.0	427500	9697.999172210693
171	-49.0	-49.0	-50.0	5528074.0	15668237.0	283623940.0	211353.77	5409902.5	0.0	430000	9756.607904672623
172	-48.16	-48.16	-50.0	8792588.0	33039190.0	826640960.0	334005.44	8550789.0	0.0	432500	9815.055418491364
173	-48.0	-48.0	-45.0	8516272.0	35798044.0	975816260.0	352802.38	8430688.0	0.1	435000	9872.982727050781
174	-47.0	-47.0	-50.0	6817060.0	22715010.0	592244200.0	213332.58	6991565.0	0.0	437500	9930.215200662613
175	-48.0	-48.0	-50.0	8768866.0	47419524.0	1465014300.0	216219.02	8395012.0	0.0	440000	9988.326585769653
176	-50.0	-50.0	-50.0	9289690.0	46768604.0	1502197500.0	218351.55	9196967.0	0.0	442500	10046.24362707138
177	-50.0	-50.0	-50.0	11514293.0	47952550.0	1167624700.0	386302.8	11296286.0	0.0	445000	10104.300371646881
178	-50.0	-50.0	-50.0	10544311.0	40450824.0	1242886900.0	395127.25	10555573.0	0.0	447500	10161.598806858063
179	-46.94	-46.94	-50.0	11454403.0	66185692.0	1773041400.0	319797.62	11069331.0	0.0	450000	10219.612272500992
180	-48.0	-48.0	-50.0	11871523.0	61212164.0	1693057200.0	376346.25	11575863.0	0.0	452500	10277.937440395355
181	-47.0	-47.0	-50.0	11653100.0	48591044.0	1324838100.0	291672.7	11627753.0	0.0	455000	10336.096833467484
182	-49.0	-49.0	-50.0	14712717.0	44647640.0	964540350.0	582041.2	14302747.0	0.0	457500	10394.347751617432
183	-48.0	-48.0	-50.0	18575692.0	83899256.0	3259282700.0	853166.94	18569256.0	0.0	460000	10453.24251127243
184	-48.0	-48.0	-45.0	22267778.0	83401576.0	2107438700.0	1024661.7	21573918.0	0.1	462500	10511.236696958542
185	-49.0	-49.0	-50.0	21877598.0	85550870.0	2182477600.0	965207.06	20634552.0	0.0	465000	10569.027475357056
186	-47.36	-47.36	-50.0	28874526.0	94127896.0	1769497100.0	875390.0	28162810.0	0.0	467500	10626.319543123245
187	-48.46	-48.46	-45.0	24867062.0	75427976.0	1947046700.0	1433580.8	24552610.0	0.1	470000	10683.109600067139
188	-46.0	-46.0	-45.0	33529234.0	61994810.0	1364472000.0	2825314.5	33125986.0	0.1	472500	10739.836426496506
189	-50.0	-50.0	-50.0	39775132.0	80465280.0	1587080700.0	1981483.8	38293284.0	0.0	475000	10796.257677078247
190	-48.06	-48.06	-50.0	42574380.0	88564344.0	1805141600.0	2458531.8	40752070.0	0.0	477500	10852.769084692001
191	-48.0	-48.0	-40.0	44950348.0	84019410.0	1688367000.0	3272083.0	44168610.0	0.2	480000	10910.620013952255
192	-48.0	-48.0	-50.0	46921484.0	132038760.0	3424876500.0	2227029.0	45324216.0	0.0	482500	10968.104683160782
193	-50.0	-50.0	-45.0	43398770.0	86027070.0	1490133000.0	2459833.2	41257500.0	0.1	485000	11025.743020296097
194	-50.0	-50.0	-50.0	38524016.0	75131704.0	1422467200.0	2535903.0	37543044.0	0.0	487500	11082.4646089077
195	-49.0	-49.0	-50.0	50704460.0	139527460.0	3658314200.0	2639913.8	48492344.0	0.0	490000	11140.244784832
196	-49.0	-49.0	-45.0	47177960.0	129990450.0	2992575000.0	2258555.0	45554200.0	0.1	492500	11196.899160146713
197	-47.0	-47.0	-50.0	38671990.0	99974660.0	2655650600.0	1707472.0	36452370.0	0.0	495000	11253.948758840561
198	-48.0	-48.0	-50.0	43980400.0	144025070.0	4357233000.0	2611600.0	41602630.0	0.0	497500	11310.479496479034
199	-49.8	-49.8	-50.0	34851788.0	121428280.0	3589446000.0	1866427.8	33777350.0	0.0	500000	11366.909160375595
200	-46.0	-46.0	-45.0	37848540.0	127532456.0	3427575600.0	1648210.0	35442990.0	0.1	502500	11424.615869760513
201	-48.0	-48.0	-50.0	46781964.0	145193380.0	4065301500.0	2167144.5	44051404.0	0.0	505000	11480.786551713943
202	-49.0	-49.0	-50.0	62146380.0	323848200.0	9642815000.0	2099349.5	59490020.0	0.0	507500	11538.279648303986
203	-49.0	-49.0	-50.0	59626820.0	161625040.0	3002621700.0	2974127.0	57361144.0	0.0	510000	11595.206736564636
204	-48.0	-48.0	-45.0	54340970.0	126940520.0	2828490500.0	2629275.0	51342324.0	0.1	512500	11652.469549179077
205	-50.0	-50.0	-50.0	83712160.0	398293470.0	14834139000.0	4576658.0	80274060.0	0.0	515000	11708.160237073898
206	-47.0	-47.0	-50.0	82188390.0	226885000.0	5257401300.0	2842565.0	80160130.0	0.0	517500	11765.10209608078
207	-47.0	-47.0	-45.0	97267140.0	275730000.0	4931882000.0	4520932.0	93610344.0	0.1	520000	11822.091158866882
208	-45.82	-45.82	-45.0	128490584.0	421753570.0	13310694000.0	9565178.0	124465624.0	0.1	522500	11879.180387735367
209	-48.66	-48.66	-50.0	177446480.0	380217000.0	11810736000.0	15516906.0	174054500.0	0.0	525000	11935.999858140945
210	-48.0	-48.0	-50.0	219679550.0	566808100.0	16449428000.0	15984560.0	211740770.0	0.0	527500	11992.89865064621
211	-48.0	-48.0	-50.0	236501600.0	731456000.0	16026972000.0	17577860.0	232133360.0	0.0	530000	12049.827160835266
212	-49.0	-49.0	-50.0	207808060.0	437192450.0	9742677000.0	14901787.0	203606540.0	0.0	532500	12106.88491511345
213	-50.0	-50.0	-50.0	221983570.0	759677500.0	19642986000.0	14267252.0	212574670.0	0.0	535000	12162.878740310669
214	-48.86	-48.86	-50.0	220612530.0	782598000.0	14065208000.0	13390380.0	213513740.0	0.0	537500	12218.497011899948
215	-49.0	-49.0	-50.0	293216400.0	1255473700.0	32557144000.0	14830082.0	294874180.0	0.0	540000	12275.457300186157
216	-49.0	-49.0	-45.0	369303140.0	1236079600.0	29110340000.0	28101944.0	364942000.0	0.1	542500	12331.981545686722
217	-49.0	-49.0	-50.0	534258980.0	1089190800.0	22014018000.0	41698292.0	530515300.0	0.0	545000	12389.081291913986
218	-48.04	-48.04	-45.0	440947170.0	1315122700.0	30861600000.0	37132230.0	447746050.0	0.1	547500	12445.166510343552
219	-49.0	-49.0	-50.0	431194240.0	1718180400.0	38140320000.0	29759722.0	428676160.0	0.0	550000	12502.258680343628
220	-48.0	-48.0	-50.0	404427940.0	1491892500.0	36378567000.0	29686874.0	395582560.0	0.0	552500	12559.242015838623
221	-46.0	-46.0	-50.0	444076380.0	1951412500.0	44916140000.0	32765878.0	441080160.0	0.0	555000	12616.596494674683
222	-48.0	-48.0	-50.0	468152960.0	1873969700.0	39649407000.0	28545794.0	455576580.0	0.0	557500	12674.153822660446
223	-49.0	-49.0	-45.0	539087000.0	1851200600.0	33159289000.0	39057890.0	524899200.0	0.1	560000	12730.896053791046
224	-46.02	-46.02	-50.0	592462460.0	2342596400.0	65923270000.0	59706004.0	582470000.0	0.0	562500	12789.006212234497
225	-49.0	-49.0	-45.0	647486660.0	2904375000.0	70884190000.0	55741720.0	634625600.0	0.1	565000	12846.639970302582
226	-49.0	-49.0	-50.0	654742500.0	2907759600.0	53561770000.0	40907430.0	633572800.0	0.0	567500	12903.292615890503
227	-47.0	-47.0	-45.0	662204300.0	2292199000.0	39225760000.0	58809240.0	641007740.0	0.1	570000	12959.520222187042
228	-48.0	-48.0	-45.0	544296500.0	2311556400.0	66676150000.0	59237744.0	517430430.0	0.1	572500	13016.742103338242
229	-49.0	-49.0	-50.0	810539260.0	3092505000.0	84750970000.0	56818600.0	763327940.0	0.0	575000	13074.296233177185
230	-48.0	-48.0	-50.0	669141060.0	2006089000.0	60614533000.0	65423508.0	636736400.0	0.0	577500	13132.069952249527
231	-49.0	-49.0	-50.0	967937800.0	4825600500.0	119949206000.0	61447456.0	929705150.0	0.0	580000	13190.08135008812
232	-48.0	-48.0	-50.0	769929540.0	3262170400.0	108515040000.0	72275890.0	741566460.0	0.0	582500	13249.094216823578
233	-50.0	-50.0	-50.0	883668400.0	3876723500.0	102156040000.0	71858690.0	857857540.0	0.0	585000	13307.555394887924
234	-49.0	-49.0	-50.0	882208700.0	2836385800.0	49724158000.0	73189860.0	823639040.0	0.0	587500	13367.48768043518
235	-48.0	-48.0	-45.0	1037507500.0	4121031000.0	107701960000.0	84252536.0	980885250.0	0.1	590000	13426.239145994186
236	-49.0	-49.0	-50.0	968922400.0	4133832200.0	98363110000.0	77930880.0	926477200.0	0.0	592500	13482.761586666107
237	-49.0	-49.0	-45.0	899032960.0	3476098000.0	95824950000.0	72559380.0	855709440.0	0.1	595000	13540.707828760147
238	-48.0	-48.0	-50.0	903805800.0	3906451500.0	91001780000.0	63220056.0	859618900.0	0.0	597500	13598.585520982742
239	-49.0	-49.0	-50.0	1212989300.0	7383059500.0	164060970000.0	62677480.0	1166147300.0	0.0	600000	13657.113372802734
240	-47.0	-47.0	-50.0	1228667600.0	6646577700.0	133409300000.0	53858400.0	1164130300.0	0.0	602500	13715.95816230774
241	-48.46	-48.46	-45.0	1157590400.0	5849807400.0	105446790000.0	45839440.0	1131833000.0	0.1	605000	13773.87278175354
242	-48.0	-48.0	-50.0	1272163600.0	5709005300.0	127481200000.0	51771230.0	1247228900.0	0.0	607500	13831.069427728653
243	-49.0	-49.0	-50.0	956995650.0	4600287000.0	100291944000.0	60726892.0	934664450.0	0.0	610000	13888.50632929802
244	-47.64	-47.64	-50.0	877522200.0	4526191000.0	114620640000.0	64857570.0	851298750.0	0.0	612500	13944.825663805008
245	-49.0	-49.0	-50.0	1013749060.0	4395119600.0	116286260000.0	69746936.0	972886600.0	0.0	615000	14001.144486665726
246	-49.0	-49.0	-50.0	1184275100.0	4392215000.0	71606600000.0	67313980.0	1160603500.0	0.0	617500	14058.273792743683
247	-48.68	-48.68	-45.0	1309636900.0	6094286300.0	164640100000.0	62802204.0	1274895900.0	0.1	620000	14114.641023159027
248	-48.0	-48.0	-35.0	1235158500.0	6607212000.0	146869650000.0	55489584.0	1216563700.0	0.3	622500	14170.768009662628
249	-50.0	-50.0	-50.0	1135283200.0	4876948000.0	88304480000.0	62083930.0	1100910500.0	0.0	625000	14227.646045684814
250	-47.0	-47.0	-50.0	1257428700.0	5920463000.0	128126910000.0	50403184.0	1190012400.0	0.0	627500	14285.551525831223
251	-49.0	-49.0	-50.0	1253775700.0	4827019300.0	88003450000.0	48054450.0	1229349200.0	0.0	630000	14343.747220993042
252	-49.0	-49.0	-50.0	1508551200.0	7814467000.0	160816500000.0	49568504.0	1474531600.0	0.0	632500	14400.473438739777
253	-47.0	-47.0	-45.0	1570248000.0	6752338000.0	161353300000.0	83411530.0	1525631200.0	0.1	635000	14456.398252487183
254	-48.0	-48.0	-45.0	2308776400.0	9704865000.0	172457440000.0	104239330.0	2288066300.0	0.1	637500	14513.649062156677
255	-45.0	-45.0	-45.0	3126123500.0	9413222000.0	153481720000.0	125222880.0	3098854700.0	0.1	640000	14571.765835046768
256	-48.0	-48.0	-50.0	4526428700.0	11202096000.0	230603200000.0	349837250.0	4450031000.0	0.0	642500	14629.759632825851
257	-46.72	-46.72	-50.0	5979617300.0	13640077000.0	232342220000.0	584183040.0	5908277000.0	0.0	645000	14686.489271879196
258	-49.0	-49.0	-50.0	4098962200.0	11068042000.0	161939820000.0	148447380.0	4101386500.0	0.0	647500	14742.527351379395
259	-49.0	-49.0	-50.0	3538132000.0	12577898000.0	198193970000.0	112316660.0	3458938600.0	0.0	650000	14799.141386508942
260	-49.48	-49.48	-50.0	3363964200.0	12327397000.0	220388950000.0	106746500.0	3341651700.0	0.0	652500	14856.324827432632
261	-48.0	-48.0	-50.0	4139927800.0	14044351000.0	213779000000.0	166283230.0	4117561900.0	0.0	655000	14913.179152727127
262	-48.32	-48.32	-50.0	4912397300.0	17310822000.0	220419780000.0	181471460.0	4822891500.0	0.0	657500	14970.233752250671
263	-49.0	-49.0	-45.0	5238622700.0	15153376000.0	242196960000.0	343636300.0	5164266000.0	0.1	660000	15026.867335319519
264	-49.88	-49.88	-45.0	5977944600.0	16689645000.0	301353660000.0	309453900.0	6005355500.0	0.1	662500	15083.452721118927
265	-48.0	-48.0	-45.0	5426175500.0	16800211000.0	243842800000.0	320687680.0	5388278300.0	0.1	665000	15140.5105240345
266	-49.0	-49.0	-45.0	6568341000.0	23145450000.0	359886780000.0	257764210.0	6493189600.0	0.1	667500	15198.054582834244
267	-49.0	-49.0	-50.0	6081220000.0	15302598000.0	218344440000.0	360817340.0	6017465300.0	0.0	670000	15255.466553926468
268	-47.0	-47.0	-50.0	6862457300.0	20045306000.0	364477780000.0	387837820.0	6884122600.0	0.0	672500	15312.195764303207
269	-49.0	-49.0	-40.0	7774860000.0	22870737000.0	468281130000.0	271323600.0	7753229000.0	0.2	675000	15370.909759044647
270	-48.0	-48.0	-50.0	8822007000.0	22447320000.0	299802230000.0	390220030.0	8654540000.0	0.0	677500	15428.90041255951
271	-47.34	-47.34	-50.0	9301097000.0	21356830000.0	316132560000.0	623629060.0	9291185000.0	0.0	680000	15485.827203512192
272	-50.0	-50.0	-50.0	11352102000.0	33188338000.0	643967750000.0	616725200.0	11182645000.0	0.0	682500	15542.555427789688
273	-49.0	-49.0	-50.0	11848267000.0	28477526000.0	425016950000.0	747398400.0	11803694000.0	0.0	685000	15599.804140090942
274	-48.0	-48.0	-50.0	11896261000.0	32740626000.0	668995900000.0	727964400.0	11793124000.0	0.0	687500	15657.685847759247
275	-46.1	-46.1	-45.0	12314234000.0	34807943000.0	720440400000.0	649521800.0	12389450000.0	0.1	690000	15714.692449331284
276	-48.0	-48.0	-50.0	14824461000.0	40376967000.0	627029200000.0	670401000.0	14738868000.0	0.0	692500	15771.210631608963
277	-49.0	-49.0	-50.0	14821416000.0	37439308000.0	493682900000.0	759361340.0	14809519000.0	0.0	695000	15829.114763975143
278	-48.82	-48.82	-50.0	15751205000.0	37170650000.0	547403000000.0	559259000.0	15602749000.0	0.0	697500	15887.028359651566
279	-47.0	-47.0	-50.0	15286109000.0	34431443000.0	523843830000.0	652804500.0	15264074000.0	0.0	700000	15945.118933677673
280	-49.0	-49.0	-45.0	18061656000.0	42282130000.0	491722600000.0	960137700.0	17684680000.0	0.1	702500	16003.14438033104
281	-49.0	-49.0	-50.0	23461018000.0	58182693000.0	1184974100000.0	1380947100.0	23317332000.0	0.0	705000	16061.10591506958
282	-50.0	-50.0	-45.0	28913508000.0	72781600000.0	1277827400000.0	1086411400.0	28624040000.0	0.1	707500	16119.745248317719
283	-46.0	-46.0	-50.0	25554805000.0	54427697000.0	1003257800000.0	1453756000.0	25614832000.0	0.0	710000	16177.438368558884
284	-49.0	-49.0	-50.0	28680475000.0	61208020000.0	789588540000.0	1417752200.0	28660167000.0	0.0	712500	16235.650660037994
285	-47.0	-47.0	-49.6	28954075000.0	69598945000.0	906314450000.0	1189586700.0	28827965000.0	0.0	715000	16294.374861001968
286	-49.0	-49.0	-40.0	32832311000.0	74964430000.0	1387943700000.0	1787088300.0	32499081000.0	0.2	717500	16353.417376041412
287	-49.0	-49.0	-50.0	34361070000.0	78675330000.0	1207146900000.0	1395747800.0	34110824000.0	0.0	720000	16411.568649053574
288	-49.0	-49.0	-50.0	37429030000.0	82602320000.0	1362707300000.0	1899628900.0	37288112000.0	0.0	722500	16468.419726133347
289	-48.0	-48.0	-45.0	47215270000.0	114705244000.0	1559768900000.0	2503554800.0	46326256000.0	0.1	725000	16525.729000091553
290	-48.0	-48.0	-40.0	42512613000.0	99827110000.0	1379697400000.0	1641452700.0	42304717000.0	0.2	727500	16584.073986530304
291	-48.9	-48.9	-45.0	38436620000.0	94624120000.0	1618376800000.0	1830127500.0	38360290000.0	0.1	730000	16642.33691740036
292	-49.0	-49.0	-45.0	35064226000.0	84224115000.0	1023811650000.0	1453295400.0	35010230000.0	0.1	732500	16700.789420843124
293	-50.0	-50.0	-50.0	35519660000.0	83608420000.0	1053050670000.0	1192802800.0	35411055000.0	0.0	735000	16757.946937322617
294	-47.86	-47.86	-50.0	38090547000.0	90213425000.0	1184660200000.0	888327700.0	37896750000.0	0.0	737500	16815.523418188095
295	-48.72	-48.72	-50.0	41445200000.0	90980614000.0	902384250000.0	1254945300.0	41076750000.0	0.0	740000	16872.464079618454
296	-48.7	-48.7	-50.0	37786915000.0	83039120000.0	998406200000.0	1082635900.0	37835633000.0	0.0	742500	16929.260429620743
297	-47.9	-47.9	-45.0	41270424000.0	91373430000.0	987079840000.0	1232367400.0	40896553000.0	0.1	745000	16986.1019449234
298	-45.84	-45.84	-45.0	42978650000.0	96833520000.0	1113209000000.0	990136960.0	42477445000.0	0.1	747500	17043.17740893364
299	-48.04	-48.04	-50.0	40039070000.0	90144670000.0	1365948100000.0	983844300.0	39379340000.0	0.0	750000	17100.237823486328
300	-48.0	-48.0	-50.0	40465650000.0	92994810000.0	1211717600000.0	1308503400.0	40357960000.0	0.0	752500	17157.053312778473
301	-46.0	-46.0	-50.0	45504373000.0	101725690000.0	1213932000000.0	1488381700.0	44838090000.0	0.0	755000	17213.92877459526
302	-50.0	-50.0	-50.0	44913127000.0	96914160000.0	1057598300000.0	1350997900.0	44584112000.0	0.0	757500	17271.127512454987
303	-50.0	-50.0	-45.0	44513964000.0	94203750000.0	1060044340000.0	1480450300.0	44380450000.0	0.1	760000	17327.927222251892
304	-45.66	-45.66	-45.0	46777880000.0	95563340000.0	1080608200000.0	1690998800.0	46694110000.0	0.1	762500	17384.987008810043
305	-47.66	-47.66	-50.0	43045253000.0	91759190000.0	1247634400000.0	1073688200.0	43200885000.0	0.0	765000	17443.045933246613
306	-48.0	-48.0	-50.0	45506150000.0	93176080000.0	1264214600000.0	1335593100.0	45618627000.0	0.0	767500	17499.15507888794
307	-49.7	-49.7	-50.0	51546853000.0	107922140000.0	1700497200000.0	1512039400.0	51294233000.0	0.0	770000	17555.83546614647
308	-48.0	-48.0	-50.0	55026274000.0	121800700000.0	1418142700000.0	1708137000.0	55699040000.0	0.0	772500	17612.649958610535
309	-49.0	-49.0	-50.0	53015590000.0	99425980000.0	966550800000.0	1989645300.0	52973986000.0	0.0	775000	17668.46672129631
310	-48.0	-48.0	-45.0	59923276000.0	123031945000.0	1591787400000.0	1792034000.0	60431220000.0	0.1	777500	17725.48778820038
311	-47.0	-47.0	-45.0	51912274000.0	95769420000.0	1080535800000.0	2139766300.0	52573920000.0	0.1	780000	17782.20759344101
312	-49.62	-49.62	-45.0	61432490000.0	119942880000.0	1646081000000.0	2602794000.0	60701225000.0	0.1	782500	17838.644886493683
313	-48.14	-48.14	-50.0	64675664000.0	129869220000.0	1388877600000.0	2369557800.0	64948790000.0	0.0	785000	17894.657051324844
314	-48.3	-48.3	-50.0	63246440000.0	131035030000.0	1805287400000.0	3201920500.0	62844047000.0	0.0	787500	17951.741385936737
315	-49.0	-49.0	-45.0	81796375000.0	158077010000.0	1615143900000.0	3376742000.0	81212370000.0	0.1	790000	18008.744761943817
316	-49.0	-49.0	-50.0	82676650000.0	166732740000.0	1682326600000.0	4404454400.0	82604490000.0	0.0	792500	18065.854224443436
317	-47.0	-47.0	-45.0	84552400000.0	157155540000.0	1673333800000.0	4531001300.0	84763000000.0	0.1	795000	18122.81137895584
318	-49.0	-49.0	-50.0	81911570000.0	161060440000.0	1559180500000.0	5211805700.0	82587220000.0	0.0	797500	18180.213847637177
319	-46.0	-46.0	-45.0	95721830000.0	180284900000.0	1894794100000.0	4122861600.0	94591690000.0	0.1	800000	18237.01823067665
320	-48.0	-48.0	-50.0	99103630000.0	198703040000.0	2655738400000.0	4807384000.0	98121880000.0	0.0	802500	18294.42832827568
321	-44.0	-44.0	-50.0	102851710000.0	197779300000.0	2837897000000.0	6321808400.0	102356290000.0	0.0	805000	18351.317501068115
322	-49.0	-49.0	-35.0	107463340000.0	212130680000.0	2151486000000.0	5683731500.0	106033046000.0	0.3	807500	18408.528664827347
323	-50.0	-50.0	-50.0	104954440000.0	194553760000.0	2252888000000.0	5800153000.0	104202730000.0	0.0	810000	18465.30610203743
324	-49.0	-49.0	-50.0	118063820000.0	238836040000.0	2869954600000.0	6689566700.0	116053900000.0	0.0	812500	18522.490886211395
325	-48.0	-48.0	-50.0	143778940000.0	281595400000.0	2941129000000.0	5239737000.0	142642940000.0	0.0	815000	18579.074447155
326	-48.0	-48.0	-45.0	150121630000.0	309767080000.0	4929509000000.0	4452928500.0	147827410000.0	0.1	817500	18636.237350940704
327	-49.0	-49.0	-50.0	180994520000.0	336899240000.0	3311937000000.0	7610248000.0	179275220000.0	0.0	820000	18694.91350889206
328	-48.98	-48.98	-50.0	194604530000.0	378817400000.0	4939429400000.0	8308894700.0	190771870000.0	0.0	822500	18751.660635709763
329	-49.0	-49.0	-40.0	210116480000.0	396188450000.0	5639931000000.0	8948220000.0	208695440000.0	0.2	825000	18808.53933572769
330	-50.0	-50.0	-50.0	245405100000.0	459234870000.0	6068511400000.0	11968947000.0	242814910000.0	0.0	827500	18866.401119947433
331	-50.0	-50.0	-50.0	272501180000.0	485673340000.0	5234416400000.0	12612872000.0	269498350000.0	0.0	830000	18923.750574588776
332	-48.4	-48.4	-40.0	314742500000.0	533977170000.0	6870364300000.0	13609210000.0	311059640000.0	0.2	832500	18981.206332445145
333	-46.0	-46.0	-50.0	364146100000.0	675307500000.0	7580255000000.0	14910560000.0	359890580000.0	0.0	835000	19038.177906751633
334	-47.88	-47.88	-50.0	360702150000.0	684165000000.0	11866616000000.0	17073812000.0	352779630000.0	0.0	837500	19095.238221406937
335	-49.9	-49.9	-50.0	345888560000.0	688336100000.0	11817131000000.0	17591738000.0	342384440000.0	0.0	840000	19152.550512075424
336	-46.26	-46.26	-45.0	338469100000.0	584839300000.0	11361320000000.0	17803155000.0	333732500000.0	0.1	842500	19209.24275279045
337	-48.74	-48.74	-45.0	338232800000.0	652533700000.0	14913599000000.0	16740246000.0	337761760000.0	0.1	845000	19265.44251871109
338	-48.0	-48.0	-50.0	343643060000.0	673827300000.0	14344425000000.0	14367455000.0	340874070000.0	0.0	847500	19322.515885591507
339	-49.0	-49.0	-50.0	348780900000.0	674342000000.0	14449911000000.0	15179356000.0	344211500000.0	0.0	850000	19378.930559635162
340	-50.0	-50.0	-50.0	360267780000.0	679401500000.0	15799404000000.0	17080757000.0	355240250000.0	0.0	852500	19436.70997452736
341	-48.0	-48.0	-50.0	388876930000.0	777809560000.0	15960403000000.0	19851020000.0	381002580000.0	0.0	855000	19494.574149608612
342	-48.0	-48.0	-50.0	408101900000.0	753555100000.0	15789076000000.0	19831521000.0	401800330000.0	0.0	857500	19551.33375120163
343	-46.0	-46.0	-50.0	449591020000.0	941101550000.0	16946340000000.0	23570330000.0	440271340000.0	0.0	860000	19607.764898061752
344	-48.92	-48.92	-50.0	450306700000.0	857967400000.0	15774700000000.0	26352067000.0	440350800000.0	0.0	862500	19664.68692922592
345	-45.72	-45.72	-50.0	469117000000.0	852160700000.0	15260064000000.0	22663467000.0	459435600000.0	0.0	865000	19720.88118815422
346	-46.3	-46.3	-45.0	444355150000.0	680935100000.0	8783472000000.0	22615400000.0	435095100000.0	0.1	867500	19778.096529960632
347	-49.18	-49.18	-50.0	507883100000.0	924593700000.0	17684354000000.0	29892649000.0	496220670000.0	0.0	870000	19835.404129743576
348	-49.0	-49.0	-50.0	504819320000.0	847713340000.0	18793053000000.0	30022468000.0	489129600000.0	0.0	872500	19892.7892434597
349	-49.0	-49.0	-50.0	528126970000.0	940704100000.0	18430464000000.0	25634255000.0	518508150000.0	0.0	875000	19950.64341068268
350	-49.0	-49.0	-50.0	488823130000.0	835070070000.0	19544570000000.0	22196441000.0	484262500000.0	0.0	877500	20007.16087293625
351	-49.0	-49.0	-50.0	466396550000.0	970953800000.0	19641177000000.0	20278518000.0	461719400000.0	0.0	880000	20063.127517938614
352	-49.22	-49.22	-50.0	489110600000.0	916262350000.0	19445120000000.0	19355687000.0	480772260000.0	0.0	882500	20119.27037858963
353	-48.8	-48.8	-50.0	480154120000.0	911976400000.0	17338128000000.0	24316168000.0	473167360000.0	0.0	885000	20176.18868613243
354	-49.0	-49.0	-50.0	451217400000.0	701986640000.0	10657113000000.0	18590687000.0	440750600000.0	0.0	887500	20233.407512903214
355	-49.0	-49.0	-50.0	470921120000.0	962614500000.0	19020711000000.0	16884682000.0	466041670000.0	0.0	890000	20289.1976583004
356	-48.0	-48.0	-50.0	440496130000.0	915444900000.0	19102165000000.0	16377387000.0	433175760000.0	0.0	892500	20347.231517791748
357	-47.56	-47.56	-45.0	389125200000.0	867359100000.0	22330558000000.0	16064170000.0	384617900000.0	0.1	895000	20403.439810037613
358	-48.0	-48.0	-50.0	420739020000.0	831369100000.0	19739310000000.0	13527194000.0	414716130000.0	0.0	897500	20461.448997974396
359	-50.0	-50.0	-45.0	435653640000.0	972740700000.0	18321592000000.0	16476459000.0	427591760000.0	0.1	900000	20518.082650899887
360	-49.0	-49.0	-50.0	421339140000.0	905700250000.0	19002055000000.0	13618356000.0	416905560000.0	0.0	902500	20575.155662298203
361	-50.0	-50.0	-50.0	441838200000.0	791763100000.0	11897684000000.0	18265510000.0	434272470000.0	0.0	905000	20631.34660935402
362	-49.0	-49.0	-45.0	432137140000.0	948695900000.0	21567879000000.0	14088478000.0	424629270000.0	0.1	907500	20688.56342792511
363	-48.62	-48.62	-50.0	447248200000.0	858963440000.0	19781869000000.0	14528329000.0	438658000000.0	0.0	910000	20744.58756351471
364	-46.86	-46.86	-50.0	488864380000.0	1289585000000.0	22926220000000.0	16768003000.0	483736850000.0	0.0	912500	20802.28462743759
365	-49.68	-49.68	-45.0	492340870000.0	773541130000.0	6452435500000.0	19004973000.0	489798500000.0	0.1	915000	20858.744228601456
366	-49.0	-49.0	-50.0	474836070000.0	858900460000.0	15268540000000.0	17822454000.0	470099460000.0	0.0	917500	20914.485950946808
367	-49.74	-49.74	-50.0	548724740000.0	1133622200000.0	25204246000000.0	23973245000.0	542226380000.0	0.0	920000	20971.587396621704
368	-50.0	-50.0	-50.0	549991800000.0	957592300000.0	13453937000000.0	23502348000.0	547253850000.0	0.0	922500	21028.450915813446
369	-46.0	-46.0	-45.0	501435760000.0	1121602900000.0	28022790000000.0	18186416000.0	495167000000.0	0.1	925000	21084.056307315826
370	-48.0	-48.0	-50.0	581819240000.0	1368190000000.0	24790413000000.0	20531905000.0	574639400000.0	0.0	927500	21141.366554021835
371	-48.0	-48.0	-45.0	477800900000.0	871735100000.0	15411959000000.0	19240667000.0	478398300000.0	0.1	930000	21197.22548174858
372	-48.0	-48.0	-45.0	577630700000.0	1556209600000.0	28393916000000.0	23091110000.0	574042730000.0	0.1	932500	21253.07349896431
373	-48.0	-48.0	-50.0	574209460000.0	1231771700000.0	24704195000000.0	30926680000.0	570266350000.0	0.0	935000	21309.81795811653
374	-49.0	-49.0	-50.0	570635850000.0	1285690600000.0	29433660000000.0	24637817000.0	564784800000.0	0.0	937500	21366.68620109558
375	-50.0	-50.0	-45.0	653766800000.0	1654362200000.0	31399659000000.0	27387610000.0	653849400000.0	0.1	940000	21423.894486427307
376	-45.0	-45.0	-45.0	640988600000.0	1384374500000.0	30178180000000.0	29018558000.0	638119300000.0	0.1	942500	21480.174191236496
377	-46.94	-46.94	-50.0	653873500000.0	956351900000.0	8212160000000.0	48914616000.0	649298900000.0	0.0	945000	21537.147955179214
378	-49.0	-49.0	-50.0	677239800000.0	1158994700000.0	29194667000000.0	52815835000.0	674349600000.0	0.0	947500	21593.554715633392
379	-49.0	-49.0	-50.0	693306650000.0	1435086500000.0	30615180000000.0	37819850000.0	686146000000.0	0.0	950000	21650.057102918625
380	-50.0	-50.0	-50.0	718571770000.0	1797351300000.0	33035701000000.0	43658273000.0	714517600000.0	0.0	952500	21707.428569316864
381	-47.0	-47.0	-50.0	729620200000.0	1542570500000.0	35928244000000.0	39657628000.0	728100630000.0	0.0	955000	21763.770925998688
382	-49.0	-49.0	-50.0	627688400000.0	1427261900000.0	34008572000000.0	25325343000.0	626955450000.0	0.0	957500	21820.078393936157
383	-50.0	-50.0	-50.0	679790800000.0	1824630500000.0	36745723000000.0	31284216000.0	676365300000.0	0.0	960000	21876.721169948578
384	-48.72	-48.72	-45.0	769139800000.0	1577393200000.0	35041789000000.0	23474987000.0	760937300000.0	0.1	962500	21933.20651102066
385	-47.54	-47.54	-50.0	791032300000.0	1740190400000.0	35541490000000.0	28785168000.0	788122900000.0	0.0	965000	21989.303288459778
386	-47.5	-47.5	-50.0	797406400000.0	2038297400000.0	36457970000000.0	34384224000.0	786379900000.0	0.0	967500	22045.460779428482
387	-49.76	-49.76	-50.0	832476500000.0	1756114300000.0	34537646000000.0	41435980000.0	832910260000.0	0.0	970000	22101.988116502762
388	-49.24	-49.24	-45.0	884939200000.0	2128413300000.0	38071056000000.0	46117155000.0	879485500000.0	0.1	972500	22158.297747850418
389	-49.0	-49.0	-50.0	965504700000.0	1857618000000.0	28860572000000.0	45340110000.0	956803900000.0	0.0	975000	22214.86833000183
390	-46.26	-46.26	-50.0	1014745460000.0	2571480000000.0	39303990000000.0	31503825000.0	1005810700000.0	0.0	977500	22271.223979234695
391	-49.0	-49.0	-50.0	931716300000.0	2060287900000.0	34574382000000.0	42949476000.0	924361900000.0	0.0	980000	22327.87027144432
392	-50.0	-50.0	-50.0	935850600000.0	1981619200000.0	36792804000000.0	40860610000.0	922675700000.0	0.0	982500	22384.129827976227
393	-48.0	-48.0	-50.0	1013599760000.0	2410591800000.0	33685422000000.0	50864310000.0	1000081460000.0	0.0	985000	22440.44315814972
394	-48.0	-48.0	-45.0	1041173250000.0	2372926700000.0	34960885000000.0	65531740000.0	1030894300000.0	0.1	987500	22496.691266536713
395	-48.0	-48.0	-45.0	913461940000.0	1725371500000.0	22334417000000.0	48745857000.0	904212050000.0	0.1	990000	22553.35794520378
396	-45.68	-45.68	-40.0	998650200000.0	2353566600000.0	45973490000000.0	38665597000.0	986754800000.0	0.2	992500	22611.387124061584
397	-49.0	-49.0	-45.0	949674840000.0	2629399200000.0	50299956000000.0	40546810000.0	935940260000.0	0.1	995000	22667.69802546501
398	-48.0	-48.0	-45.0	960716700000.0	2139573300000.0	46022710000000.0	42728972000.0	949575550000.0	0.1	997500	22723.955870628357
399	-50.0	-50.0	-50.0	990558600000.0	2681629300000.0	47427950000000.0	39854432000.0	971988300000.0	0.0	1000000	22780.3999376297
400	-49.0	-49.0	-40.0	1054457400000.0	2693475900000.0	46983927000000.0	56154046000.0	1036557300000.0	0.2	1002500	22836.987275123596
401	-48.0	-48.0	-50.0	998265650000.0	2383445800000.0	43977810000000.0	53104130000.0	974382500000.0	0.0	1005000	22892.430299043655
402	-47.0	-47.0	-50.0	1093036300000.0	2492785800000.0	49394267000000.0	37588595000.0	1077888000000.0	0.0	1007500	22949.28283882141
403	-43.62	-43.62	-50.0	1215091200000.0	2816562400000.0	48197762000000.0	43642544000.0	1191882900000.0	0.0	1010000	23005.702795267105
404	-48.0	-48.0	-40.0	1157087500000.0	2545512300000.0	48353110000000.0	45752947000.0	1135545200000.0	0.2	1012500	23062.03888773918
405	-49.46	-49.46	-45.0	1254096800000.0	2974245000000.0	50638970000000.0	38331474000.0	1225998500000.0	0.1	1015000	23118.86013650894
406	-49.0	-49.0	-45.0	1330617400000.0	3362524200000.0	49353813000000.0	45382240000.0	1310586200000.0	0.1	1017500	23175.746872901917
407	-49.0	-49.0	-50.0	1168086700000.0	2658450000000.0	39507504000000.0	55150820000.0	1147651800000.0	0.0	1020000	23232.1973426342
408	-46.98	-46.98	-45.0	1193993700000.0	2699259000000.0	52192590000000.0	47598180000.0	1166535700000.0	0.1	1022500	23288.21057987213
409	-47.0	-47.0	-50.0	1203503400000.0	3026629000000.0	54534966000000.0	57414390000.0	1172845000000.0	0.0	1025000	23344.548181533813
410	-49.0	-49.0	-50.0	1320143000000.0	2786986300000.0	52567745000000.0	64703230000.0	1289908900000.0	0.0	1027500	23401.13139438629
411	-47.0	-47.0	-50.0	1345313600000.0	2501301800000.0	34863732000000.0	79093965000.0	1321267200000.0	0.0	1030000	23457.898392915726
412	-49.0	-49.0	-50.0	1390690200000.0	3508549000000.0	59114793000000.0	72882730000.0	1367255500000.0	0.0	1032500	23515.05589556694
413	-49.0	-49.0	-45.0	1356106700000.0	3370576500000.0	69190656000000.0	67278107000.0	1328469100000.0	0.1	1035000	23572.589826583862
414	-49.0	-49.0	-50.0	1315494300000.0	3004284300000.0	54645520000000.0	65627714000.0	1297671500000.0	0.0	1037500	23628.839786052704
415	-48.0	-48.0	-50.0	1207648000000.0	2737880700000.0	37474294000000.0	47623200000.0	1176435000000.0	0.0	1040000	23685.993021011353
416	-47.92	-47.92	-50.0	1176715300000.0	2910325300000.0	41174274000000.0	50294270000.0	1148399900000.0	0.0	1042500	23741.907940626144
417	-49.0	-49.0	-45.0	1081290060000.0	2562997400000.0	33228985000000.0	42149245000.0	1050260300000.0	0.1	1045000	23799.779106140137
418	-45.38	-45.38	-45.0	1110632000000.0	2769397200000.0	35852617000000.0	45230813000.0	1092405000000.0	0.1	1047500	23855.177545309067
419	-49.0	-49.0	-50.0	958337000000.0	2409693400000.0	42202740000000.0	33571820000.0	935536900000.0	0.0	1050000	23912.491055488586
420	-47.0	-47.0	-50.0	1103081500000.0	3101632000000.0	51026992000000.0	32674440000.0	1080762900000.0	0.0	1052500	23968.185381174088
421	-50.0	-50.0	-45.0	980072200000.0	2577828000000.0	48427426000000.0	40681775000.0	969715100000.0	0.1	1055000	24024.814804553986
422	-46.0	-46.0	-50.0	855639300000.0	2347944400000.0	40721055000000.0	31882530000.0	844838540000.0	0.0	1057500	24081.760394334793
423	-47.0	-47.0	-50.0	918760600000.0	2622358600000.0	37510490000000.0	21180800000.0	905830900000.0	0.0	1060000	24138.608483552933
424	-48.0	-48.0	-50.0	892446400000.0	2592947300000.0	41991070000000.0	36195010000.0	862622300000.0	0.0	1062500	24194.811777591705
425	-48.0	-48.0	-50.0	889962200000.0	2406952700000.0	36759908000000.0	31118213000.0	872460200000.0	0.0	1065000	24250.695607423782
426	-49.0	-49.0	-50.0	751877800000.0	2127996100000.0	39227580000000.0	29395790000.0	740552740000.0	0.0	1067500	24308.43746471405
427	-49.0	-49.0	-50.0	950387930000.0	2582461800000.0	37221894000000.0	45101687000.0	938067900000.0	0.0	1070000	24364.97066092491
428	-49.0	-49.0	-50.0	925436700000.0	2514806000000.0	50190380000000.0	75378540000.0	907096900000.0	0.0	1072500	24422.055642843246
429	-50.0	-50.0	-45.0	1095196600000.0	2392083400000.0	39449020000000.0	121414386000.0	1082545000000.0	0.1	1075000	24478.494460105896
430	-49.0	-49.0	-50.0	1389796100000.0	2197199500000.0	51205100000000.0	125508470000.0	1373195700000.0	0.0	1077500	24535.325170516968
431	-48.0	-48.0	-45.0	1510035200000.0	2731565600000.0	57046204000000.0	208885280000.0	1494251500000.0	0.1	1080000	24592.059176445007
432	-48.66	-48.66	-45.0	1442749900000.0	2674118400000.0	43491355000000.0	185615610000.0	1428848800000.0	0.1	1082500	24649.031339645386
433	-46.0	-46.0	-50.0	1206322500000.0	2366750000000.0	54243380000000.0	192855970000.0	1202244800000.0	0.0	1085000	24706.446465969086
434	-48.0	-48.0	-45.0	1297148800000.0	2622475000000.0	51685510000000.0	164258190000.0	1287283400000.0	0.1	1087500	24762.731895446777
435	-49.0	-49.0	-50.0	1189375200000.0	2146480300000.0	39529923000000.0	207389570000.0	1158766700000.0	0.0	1090000	24819.929336071014
436	-50.0	-50.0	-45.0	1283559300000.0	2678734200000.0	67790940000000.0	198431800000.0	1264300000000.0	0.1	1092500	24877.537247896194
437	-47.0	-47.0	-50.0	1298800600000.0	2879525500000.0	59331316000000.0	230211780000.0	1288083300000.0	0.0	1095000	24934.937193632126
438	-47.28	-47.28	-50.0	1134455300000.0	2482239400000.0	57633222000000.0	184792020000.0	1128037200000.0	0.0	1097500	24992.028335809708
439	-48.0	-48.0	-50.0	995310100000.0	2051912500000.0	52178820000000.0	146003020000.0	981793200000.0	0.0	1100000	25048.002159833908
440	-47.0	-47.0	-45.0	930699100000.0	2035256700000.0	27485937000000.0	106146920000.0	927259700000.0	0.1	1102500	25105.588444948196
441	-49.32	-49.32	-50.0	821208000000.0	1990221600000.0	45517140000000.0	85176750000.0	804335700000.0	0.0	1105000	25162.758821249008
442	-49.0	-49.0	-50.0	737211300000.0	1682494300000.0	21927467000000.0	79215910000.0	712769800000.0	0.0	1107500	25219.08634710312
443	-48.0	-48.0	-45.0	716961150000.0	1691108900000.0	24369808000000.0	63981380000.0	689463560000.0	0.1	1110000	25275.530959129333
444	-46.78	-46.78	-40.0	724456240000.0	2263522200000.0	50396390000000.0	52479920000.0	693354400000.0	0.2	1112500	25333.552275657654
445	-49.0	-49.0	-44.100002	683600800000.0	1751418500000.0	22063100000000.0	47500046000.0	654583860000.0	0.1	1115000	25390.643035650253
446	-49.0	-49.0	-50.0	619311700000.0	1840666200000.0	53427246000000.0	38366794000.0	611992500000.0	0.0	1117500	25447.56713628769
447	-48.0	-48.0	-44.600002	607963700000.0	1973636200000.0	57456068000000.0	36722168000.0	580585800000.0	0.1	1120000	25504.11100244522
448	-49.98	-49.98	-50.0	587041000000.0	1911990300000.0	50474360000000.0	42699620000.0	571174100000.0	0.0	1122500	25560.707949876785
449	-47.56	-47.56	-50.0	537644000000.0	1572414600000.0	26465563000000.0	32052765000.0	520302620000.0	0.0	1125000	25618.17996931076
450	-47.92	-47.92	-50.0	613040400000.0	2458633400000.0	58745288000000.0	31988412000.0	598351500000.0	0.0	1127500	25674.2212600708
451	-49.0	-49.0	-50.0	471254430000.0	1289425600000.0	23377385000000.0	28069335000.0	451796530000.0	0.0	1130000	25730.135142564774
452	-48.0	-48.0	-50.0	606513460000.0	2244357400000.0	42345530000000.0	20147560000.0	591833600000.0	0.0	1132500	25786.691986322403
453	-47.0	-47.0	-50.0	527628600000.0	1653755100000.0	23158504000000.0	27821564000.0	512798500000.0	0.0	1135000	25844.22798895836
454	-48.0	-48.0	-50.0	560454000000.0	1686522600000.0	27499392000000.0	21746480000.0	539389070000.0	0.0	1137500	25901.125410556793
455	-50.0	-50.0	-45.0	564769700000.0	2219275200000.0	40396172000000.0	23303223000.0	548744720000.0	0.1	1140000	25957.86908698082
456	-45.0	-45.0	-45.0	513131870000.0	1582566900000.0	24608753000000.0	26012205000.0	495495480000.0	0.1	1142500	26015.169673204422
457	-49.0	-49.0	-50.0	487700600000.0	2067652100000.0	47962986000000.0	22772267000.0	472544300000.0	0.0	1145000	26072.9319896698
458	-48.0	-48.0	-50.0	470558870000.0	1780281600000.0	43090930000000.0	21378318000.0	451230270000.0	0.0	1147500	26129.952773332596
459	-48.84	-48.84	-50.0	483386600000.0	2001380000000.0	49065420000000.0	20686811000.0	476803040000.0	0.0	1150000	26186.527178049088
460	-47.0	-47.0	-45.0	473430800000.0	1657024700000.0	40921950000000.0	20556091000.0	457467130000.0	0.1	1152500	26244.084579706192
461	-49.0	-49.0	-50.0	496958500000.0	2089831800000.0	44948610000000.0	25003629000.0	480667300000.0	0.0	1155000	26301.864553689957
462	-48.0	-48.0	-45.0	435910480000.0	1946246000000.0	44632134000000.0	21872867000.0	424694740000.0	0.1	1157500	26359.460098981857
463	-47.0	-47.0	-50.0	583950600000.0	2477025700000.0	43525287000000.0	21060342000.0	577649250000.0	0.0	1160000	26416.20688009262
464	-48.0	-48.0	-50.0	522337160000.0	2162063700000.0	43735330000000.0	16530835000.0	516271570000.0	0.0	1162500	26473.099728822708
465	-48.0	-48.0	-50.0	569390470000.0	2010880900000.0	26169563000000.0	23702335000.0	557951160000.0	0.0	1165000	26529.915949821472
466	-48.0	-48.0	-50.0	486948630000.0	1725788600000.0	22465126000000.0	18750028000.0	482462430000.0	0.0	1167500	26587.372241973877
467	-48.0	-48.0	-50.0	613885540000.0	2400661800000.0	36408136000000.0	23591793000.0	612873670000.0	0.0	1170000	26643.468356370926
468	-48.04	-48.04	-50.0	593246160000.0	2471902000000.0	36814778000000.0	20798067000.0	588512100000.0	0.0	1172500	26700.00947713852
469	-48.74	-48.74	-45.0	603891000000.0	2644296300000.0	37073285000000.0	25823932000.0	605829600000.0	0.1	1175000	26756.336517333984
470	-48.0	-48.0	-50.0	615423740000.0	2572774300000.0	35694483000000.0	20248056000.0	603002800000.0	0.0	1177500	26813.233839035034
471	-47.82	-47.82	-45.0	590932740000.0	2305542300000.0	31129170000000.0	14916820000.0	580401500000.0	0.1	1180000	26869.994010686874
472	-49.0	-49.0	-45.0	413921080000.0	1706234300000.0	27448872000000.0	18232140000.0	398293860000.0	0.1	1182500	26927.313451051712
473	-49.0	-49.0	-50.0	433419400000.0	1884592500000.0	27690906000000.0	19311490000.0	422066130000.0	0.0	1185000	26984.48925971985
474	-48.0	-48.0	-50.0	644626000000.0	3492027300000.0	96323550000000.0	12790786000.0	642234450000.0	0.0	1187500	27040.841072320938
475	-48.0	-48.0	-40.0	524115540000.0	2522248400000.0	39085243000000.0	9356132000.0	511986470000.0	0.2	1190000	27097.803491830826
476	-49.84	-49.84	-50.0	529563450000.0	2307216400000.0	42252018000000.0	17418433000.0	519856520000.0	0.0	1192500	27155.13447880745
477	-49.0	-49.0	-50.0	557634300000.0	2504432300000.0	37406630000000.0	18857533000.0	553762160000.0	0.0	1195000	27211.741654396057
478	-50.0	-50.0	-45.0	645706350000.0	2662663700000.0	36931110000000.0	23470821000.0	629236300000.0	0.1	1197500	27268.340030908585
479	-47.06	-47.06	-50.0	689932530000.0	3120000000000.0	48908890000000.0	17805701000.0	668039640000.0	0.0	1200000	27324.92236328125
480	-47.0	-47.0	-50.0	441805640000.0	1884579800000.0	34312510000000.0	13980525000.0	440639800000.0	0.0	1202500	27381.572027683258
481	-48.16	-48.16	-50.0	470283850000.0	1958603300000.0	31597150000000.0	16250177000.0	451628560000.0	0.0	1205000	27437.522767305374
482	-48.0	-48.0	-50.0	530931700000.0	2571064300000.0	49858904000000.0	14922938000.0	519741180000.0	0.0	1207500	27494.706902503967
483	-47.0	-47.0	-45.0	647422400000.0	3106544800000.0	46776720000000.0	13676567000.0	618611900000.0	0.1	1210000	27551.46368408203
484	-47.0	-47.0	-50.0	630708800000.0	2845063500000.0	47174566000000.0	13654745000.0	610626500000.0	0.0	1212500	27608.371993541718
485	-50.0	-50.0	-45.0	768296500000.0	3579008500000.0	55132453000000.0	16790229000.0	754013040000.0	0.1	1215000	27664.38665485382
486	-50.0	-50.0	-50.0	728121100000.0	3219518700000.0	45023127000000.0	18212470000.0	707006500000.0	0.0	1217500	27720.95291042328
487	-50.0	-50.0	-50.0	659808450000.0	3159439700000.0	43493485000000.0	14039183000.0	641790600000.0	0.0	1220000	27778.432244062424
488	-47.52	-47.52	-50.0	745678100000.0	3417292400000.0	56879246000000.0	16575973000.0	714190000000.0	0.0	1222500	27834.789563894272
489	-47.0	-47.0	-45.0	686473500000.0	2965094800000.0	43033337000000.0	19820696000.0	683088200000.0	0.1	1225000	27892.49620938301
490	-48.0	-48.0	-50.0	915685300000.0	3383137000000.0	44736310000000.0	31644189000.0	903888630000.0	0.0	1227500	27948.974113702774
491	-49.0	-49.0	-50.0	802511300000.0	2803408000000.0	35294124000000.0	19282928000.0	787424940000.0	0.0	1230000	28006.923268556595
492	-46.96	-46.96	-50.0	745341400000.0	2968445500000.0	49180120000000.0	28099056000.0	735082600000.0	0.0	1232500	28064.960419416428
493	-49.0	-49.0	-50.0	887656900000.0	3402875300000.0	44763886000000.0	23009450000.0	880081100000.0	0.0	1235000	28122.071532726288
494	-46.0	-46.0	-50.0	803304440000.0	3340488400000.0	49333462000000.0	33790440000.0	804200050000.0	0.0	1237500	28178.625157356262
495	-46.56	-46.56	-50.0	786579460000.0	2670566000000.0	40932515000000.0	30497665000.0	754937200000.0	0.0	1240000	28235.357241630554
496	-48.44	-48.44	-50.0	949722350000.0	3538879000000.0	63341263000000.0	26748830000.0	894887300000.0	0.0	1242500	28292.56431913376
497	-48.66	-48.66	-50.0	899960800000.0	3005634600000.0	40259930000000.0	30219745000.0	866665560000.0	0.0	1245000	28349.092936754227
498	-47.7	-47.7	-50.0	730018100000.0	2335096200000.0	32692939000000.0	29145496000.0	699893940000.0	0.0	1247500	28406.203120946884
499	-49.0	-49.0	-45.0	725771300000.0	2199777400000.0	24343060000000.0	33821428000.0	711302500000.0	0.1	1250000	28463.55471920967
