Epoch	EpRet	EpRealRet	TestEpRet	AverageQ1	StdQ1	MaxQ1	MinQ1	Q2	TestSuccess	TotalEnvInteracts	TotalTime
0	-49.0	-49.0	-50.0	-1.9905894	3.703537	1.7262787	-23.238207	nan	0.0	2500	39.814321517944336
1	-50.0	-50.0	-50.0	-3.8041005	7.261787	1.9805022	-37.04926	nan	0.0	5000	86.46769452095032
2	-50.0	-50.0	-50.0	-4.8058577	9.335588	2.782257	-42.58691	nan	0.0	7500	150.35953545570374
3	-49.92	-49.92	-50.0	-5.5528507	10.913912	3.0028324	-61.491135	nan	0.0	10000	215.97707438468933
4	-49.94	-49.94	-50.0	-5.9579115	11.732001	1.3510716	-59.042305	nan	0.0	12500	281.0509204864502
5	-50.0	-50.0	-45.0	-6.2652826	12.3454485	7.52606	-57.252815	nan	0.1	15000	345.15059995651245
6	-49.98	-49.98	-49.7	-6.059461	11.959518	1.784719	-57.792686	nan	0.0	17500	410.140629529953
7	-48.94	-48.94	-50.0	-5.9369493	11.583472	3.501372	-58.259407	nan	0.0	20000	474.687753200531
8	-49.78	-49.78	-50.0	-6.083339	11.781266	6.4349017	-56.1959	nan	0.0	22500	537.0385496616364
9	-49.82	-49.82	-50.0	-6.255706	12.171291	11.496515	-54.09134	nan	0.0	25000	597.9393317699432
10	-49.96	-49.96	-50.0	-6.478026	12.445226	6.6702557	-54.946495	nan	0.0	27500	659.026065826416
11	-49.54	-49.54	-50.0	-6.6408	12.731929	3.8291905	-69.00984	nan	0.0	30000	722.2690935134888
12	-49.88	-49.88	-50.0	-6.53122	12.446333	7.9551263	-63.380802	nan	0.0	32500	784.8273723125458
13	-49.98	-49.98	-50.0	-6.3083797	11.934213	13.513555	-58.41389	nan	0.0	35000	847.1566436290741
14	-50.0	-50.0	-50.0	-6.5995903	12.528655	6.2778945	-58.061348	nan	0.0	37500	909.9270296096802
15	-49.66	-49.66	-49.7	-6.2434354	11.754545	4.659758	-57.390686	nan	0.0	40000	972.4344937801361
16	-48.46	-48.46	-49.6	-6.43232	12.042503	13.056425	-59.82199	nan	0.0	42500	1033.9223613739014
17	-49.78	-49.78	-50.0	-6.8068633	12.756258	4.3220897	-57.657524	nan	0.0	45000	1097.4094903469086
18	-49.58	-49.58	-49.8	-7.004923	13.125609	4.322704	-57.11638	nan	0.1	47500	1159.6532990932465
19	-49.8	-49.8	-45.899998	-7.170788	13.431452	5.3214893	-56.772636	nan	0.0	50000	1222.9086129665375
20	-49.7	-49.7	-49.6	-7.221724	13.452279	12.319317	-57.281445	nan	0.0	52500	1286.279804944992
21	-49.82	-49.82	-50.0	-7.004912	12.96306	4.181903	-56.5245	nan	0.0	55000	1349.4296898841858
22	-49.8	-49.8	-49.7	-6.8206177	12.474366	3.556592	-66.988976	nan	0.0	57500	1410.8994393348694
23	-49.96	-49.96	-50.0	-7.0156713	12.759016	16.464174	-56.66568	nan	0.0	60000	1472.4236884117126
24	-49.92	-49.92	-50.0	-7.2172375	13.193194	7.6485267	-63.241024	nan	0.0	62500	1533.225867509842
25	-49.42	-49.42	-49.5	-7.2934885	13.3263035	10.168055	-70.44543	nan	0.0	65000	1596.153748512268
26	-49.58	-49.58	-49.6	-7.299719	13.295771	10.522768	-64.64319	nan	0.0	67500	1657.6605908870697
27	-47.44	-47.44	-50.0	-7.4056764	13.413384	12.379587	-59.93854	nan	0.0	70000	1719.9922652244568
28	-49.8	-49.8	-49.6	-7.532906	13.545978	7.7486997	-60.529556	nan	0.0	72500	1782.339035987854
29	-49.66	-49.66	-50.0	-7.510444	13.581827	6.2830925	-61.737087	nan	0.0	75000	1843.987331867218
30	-49.96	-49.96	-50.0	-7.0269585	13.149727	10.406542	-58.831955	nan	0.0	77500	1904.955626964569
31	-49.42	-49.42	-47.7	-6.2699513	11.645881	5.876777	-58.877884	nan	0.1	80000	1967.5013501644135
32	-49.64	-49.64	-50.0	-5.8879604	10.63588	9.208676	-59.480846	nan	0.0	82500	2029.684597492218
33	-49.04	-49.04	-49.6	-6.3199806	11.258912	6.5816116	-57.888454	nan	0.0	85000	2090.9763588905334
34	-49.84	-49.84	-49.7	-6.631915	11.762923	14.484319	-55.872166	nan	0.0	87500	2152.217166185379
35	-48.24	-48.24	-48.7	-6.9131093	12.292116	7.366463	-66.130875	nan	0.0	90000	2214.386813402176
36	-49.24	-49.24	-46.6	-7.026108	12.554083	6.8956413	-58.55319	nan	0.1	92500	2277.087302684784
37	-49.84	-49.84	-49.6	-6.988096	12.51221	9.172323	-59.121487	nan	0.0	95000	2340.228791475296
38	-49.88	-49.88	-49.5	-6.6219454	11.930616	4.4041214	-56.94565	nan	0.0	97500	2403.4464700222015
39	-49.7	-49.7	-50.0	-6.5222435	11.674009	9.0904665	-76.401215	nan	0.0	100000	2466.011088371277
40	-47.7	-47.7	-49.1	-6.879238	12.373217	9.718354	-56.79287	nan	0.0	102500	2528.6393673419952
41	-48.7	-48.7	-49.2	-7.218584	13.046159	5.0281124	-57.796894	nan	0.0	105000	2589.2399196624756
42	-49.38	-49.38	-50.0	-7.540744	13.622258	5.932063	-61.74988	nan	0.0	107500	2651.831344127655
43	-49.24	-49.24	-49.4	-7.5969915	13.738482	8.1478195	-63.464127	nan	0.0	110000	2714.1217336654663
44	-49.56	-49.56	-50.0	-7.666042	13.734317	9.201559	-60.121273	nan	0.0	112500	2775.773363351822
45	-48.98	-48.98	-50.0	-7.508789	13.473235	8.740509	-71.303535	nan	0.0	115000	2838.156579732895
46	-48.64	-48.64	-50.0	-7.2670045	13.0212965	9.4167	-58.728584	nan	0.0	117500	2901.564528465271
47	-48.74	-48.74	-46.2	-7.091879	12.718423	7.25679	-60.109585	nan	0.1	120000	2963.1292054653168
48	-49.98	-49.98	-49.8	-6.688837	12.144273	9.462488	-60.56358	nan	0.0	122500	3024.904900074005
49	-49.8	-49.8	-49.1	-6.3631268	11.58766	11.250807	-63.117588	nan	0.0	125000	3086.842554092407
50	-49.74	-49.74	-50.0	-5.741463	10.359981	9.444825	-59.77777	nan	0.0	127500	3147.581111431122
51	-49.82	-49.82	-49.7	-5.544723	9.936423	8.940323	-57.74775	nan	0.0	130000	3207.2949092388153
52	-48.86	-48.86	-50.0	-5.8211617	10.448956	12.619753	-59.59607	nan	0.0	132500	3269.389943599701
53	-49.96	-49.96	-50.0	-6.11422	11.059964	8.365458	-64.64335	nan	0.0	135000	3330.9847359657288
54	-49.98	-49.98	-50.0	-6.5143557	11.79346	7.1902184	-61.366158	nan	0.0	137500	3391.780121564865
55	-49.32	-49.32	-49.7	-6.805496	12.235201	20.469198	-56.866375	nan	0.0	140000	3452.9041385650635
56	-48.98	-48.98	-50.0	-6.8688264	12.230574	4.9281316	-59.60279	nan	0.0	142500	3514.2955210208893
57	-49.82	-49.82	-50.0	-6.843314	12.1529255	9.519915	-60.010277	nan	0.0	145000	3576.1636247634888
58	-49.64	-49.64	-50.0	-6.784489	11.966352	5.0304437	-60.101128	nan	0.0	147500	3638.169988155365
59	-50.0	-50.0	-49.5	-6.6947193	11.880874	8.431097	-60.63063	nan	0.0	150000	3701.036154270172
60	-48.92	-48.92	-48.6	-6.8909783	12.242865	7.0291233	-67.02999	nan	0.1	152500	3762.5874412059784
61	-48.66	-48.66	-49.5	-6.9697733	12.347217	7.3937116	-61.890495	nan	0.0	155000	3824.9734902381897
62	-48.9	-48.9	-49.6	-6.853976	12.059731	24.79125	-71.90693	nan	0.0	157500	3887.235281229019
63	-49.7	-49.7	-46.6	-6.951823	12.218673	8.495188	-60.92202	nan	0.2	160000	3948.5762560367584
64	-48.74	-48.74	-50.0	-6.8876195	12.132194	8.563858	-59.875507	nan	0.0	162500	4009.7401974201202
65	-48.78	-48.78	-48.5	-7.0041437	12.365141	21.687653	-60.832153	nan	0.1	165000	4072.1857974529266
66	-48.64	-48.64	-50.0	-7.0750375	12.517751	8.224951	-60.43322	nan	0.0	167500	4134.256857872009
67	-48.86	-48.86	-39.8	-7.1372356	12.591664	5.831315	-61.3445	nan	0.3	170000	4194.687853336334
68	-49.66	-49.66	-48.8	-7.4267764	13.0664	7.0752945	-63.34185	nan	0.1	172500	4257.623622179031
69	-48.66	-48.66	-49.6	-7.709943	13.59108	11.7655525	-64.152756	nan	0.0	175000	4319.199545621872
70	-49.1	-49.1	-49.1	-7.7997	13.73269	12.200959	-64.543625	nan	0.0	177500	4381.523236274719
71	-49.1	-49.1	-50.0	-7.7902975	13.686616	9.988032	-68.95549	nan	0.0	180000	4442.855036497116
72	-49.82	-49.82	-48.7	-7.7130756	13.515193	7.7368145	-58.09016	nan	0.0	182500	4504.187062740326
73	-49.74	-49.74	-48.7	-7.5242696	13.161867	8.636981	-58.674183	nan	0.0	185000	4565.68846988678
74	-49.64	-49.64	-47.6	-7.495349	13.001946	6.068096	-78.22922	nan	0.1	187500	4626.157274723053
75	-48.58	-48.58	-49.4	-7.493953	12.92263	5.5811033	-60.823917	nan	0.0	190000	4688.853971242905
76	-48.38	-48.38	-49.8	-7.4939027	12.855372	22.707552	-58.89234	nan	0.0	192500	4750.023057937622
77	-48.76	-48.76	-44.399998	-7.372037	12.713884	13.081412	-70.628334	nan	0.1	195000	4811.015761137009
78	-49.28	-49.28	-49.8	-7.298636	12.601027	10.82218	-59.502403	nan	0.0	197500	4872.575144767761
79	-49.02	-49.02	-48.1	-7.1889663	12.483383	6.3074827	-60.655453	nan	0.1	200000	4935.3745946884155
80	-48.98	-48.98	-47.2	-7.2268414	12.4369135	18.584782	-58.773987	nan	0.2	202500	4997.450254201889
81	-49.82	-49.82	-48.9	-7.4566317	12.766584	13.029709	-59.5215	nan	0.0	205000	5057.528244972229
82	-49.3	-49.3	-46.6	-7.449943	12.784449	7.7772627	-57.35579	nan	0.0	207500	5118.26163816452
83	-49.26	-49.26	-49.5	-7.40427	12.677681	21.638205	-55.927628	nan	0.0	210000	5179.332279920578
84	-48.16	-48.16	-49.6	-7.4633527	12.731717	17.84735	-56.55208	nan	0.0	212500	5240.660164833069
85	-48.76	-48.76	-49.5	-7.5589967	12.794397	15.879682	-63.757404	nan	0.0	215000	5302.044194698334
86	-49.22	-49.22	-47.5	-7.679084	12.997571	12.299907	-62.286976	nan	0.0	217500	5362.5265901088715
87	-49.26	-49.26	-46.100002	-7.529069	12.73581	8.169331	-58.45671	nan	0.0	220000	5424.209457874298
88	-47.48	-47.48	-48.6	-7.573358	12.748567	16.195305	-87.02096	nan	0.0	222500	5484.227872133255
89	-47.88	-47.88	-48.4	-7.776701	13.0088005	5.28152	-59.407707	nan	0.0	225000	5545.571177244186
90	-48.5	-48.5	-48.5	-7.891751	13.175578	11.201553	-60.46808	nan	0.0	227500	5606.244670391083
91	-49.12	-49.12	-48.0	-7.8686223	13.230002	11.770208	-61.58206	nan	0.1	230000	5667.928738594055
92	-47.94	-47.94	-46.2	-7.850678	13.216421	7.3425436	-60.313248	nan	0.1	232500	5729.253353357315
93	-49.4	-49.4	-49.6	-7.852126	13.112647	42.285004	-62.16551	nan	0.1	235000	5790.167543888092
94	-48.86	-48.86	-41.0	-7.9232883	13.140202	9.558703	-60.810425	nan	0.2	237500	5851.38382935524
95	-49.74	-49.74	-50.0	-8.009608	13.138415	27.196266	-69.409294	nan	0.0	240000	5912.367754459381
96	-48.94	-48.94	-47.3	-8.021621	13.135552	15.824803	-64.54837	nan	0.1	242500	5971.94348526001
97	-49.46	-49.46	-46.9	-8.138355	13.2557955	4.6876154	-62.50956	nan	0.2	245000	6033.030397415161
98	-48.76	-48.76	-48.4	-8.162304	13.2630825	14.706707	-60.06864	nan	0.1	247500	6094.388081073761
99	-48.26	-48.26	-45.2	-7.97073	12.877901	6.372176	-62.04762	nan	0.1	250000	6156.407193183899
100	-49.3	-49.3	-47.2	-7.795172	12.554919	16.184378	-61.722157	nan	0.1	252500	6216.814186096191
101	-48.74	-48.74	-44.399998	-7.890447	12.614087	5.655859	-61.445786	nan	0.0	255000	6278.606414556503
102	-49.0	-49.0	-49.3	-8.06508	12.824043	5.998145	-57.81274	nan	0.0	257500	6340.94460773468
103	-48.8	-48.8	-48.5	-8.044769	12.719519	4.832859	-62.62584	nan	0.1	260000	6402.907649755478
104	-48.38	-48.38	-46.2	-7.8809843	12.441796	6.373062	-56.551895	nan	0.1	262500	6463.638740062714
105	-49.08	-49.08	-47.4	-7.9085298	12.464804	3.9931593	-60.574913	nan	0.0	265000	6525.2913200855255
106	-48.2	-48.2	-44.899998	-7.9433393	12.471031	4.6088505	-64.141106	nan	0.1	267500	6588.2585780620575
107	-47.1	-47.1	-48.6	-7.9657197	12.499429	5.6503067	-61.305305	nan	0.0	270000	6650.536098957062
108	-48.5	-48.5	-49.4	-7.870273	12.283115	4.3268538	-61.227394	nan	0.0	272500	6712.1490178108215
109	-49.2	-49.2	-48.1	-7.9159145	12.313288	5.5157175	-61.79772	nan	0.1	275000	6773.618663787842
110	-48.06	-48.06	-43.899998	-8.043727	12.464821	6.2403316	-62.62211	nan	0.2	277500	6833.719279527664
111	-47.22	-47.22	-48.4	-8.14004	12.556072	5.527917	-67.777016	nan	0.0	280000	6895.557965993881
112	-46.98	-46.98	-45.600002	-8.086991	12.482577	5.301421	-62.337807	nan	0.2	282500	6956.309680700302
113	-48.38	-48.38	-50.0	-8.169318	12.543808	6.4557905	-64.52538	nan	0.0	285000	7017.706289291382
114	-48.34	-48.34	-48.7	-8.182423	12.540261	12.229929	-85.25714	nan	0.0	287500	7080.2599840164185
115	-48.14	-48.14	-48.7	-8.0929575	12.316349	9.807193	-61.819637	nan	0.0	290000	7142.3027012348175
116	-47.58	-47.58	-46.399998	-7.983154	12.05011	9.026725	-64.69745	nan	0.1	292500	7204.435404539108
117	-49.62	-49.62	-47.8	-7.8955836	11.854334	7.391182	-65.11735	nan	0.1	295000	7266.330520868301
118	-47.7	-47.7	-47.2	-7.838768	11.716965	6.253071	-62.40375	nan	0.2	297500	7328.026022195816
119	-48.5	-48.5	-41.2	-7.9464917	11.865108	8.237459	-63.311348	nan	0.4	300000	7390.123725652695
120	-48.4	-48.4	-46.7	-8.0053005	11.885006	8.048131	-61.946888	nan	0.0	302500	7450.657255649567
121	-49.22	-49.22	-45.7	-7.893164	11.777807	9.929928	-61.778454	nan	0.0	305000	7512.01157784462
122	-48.32	-48.32	-50.0	-7.570928	11.368881	11.447878	-61.143173	nan	0.0	307500	7573.469457626343
123	-48.18	-48.18	-47.6	-6.9787264	10.743978	11.577825	-63.87982	nan	0.1	310000	7634.509824991226
124	-48.72	-48.72	-46.8	-6.9240494	10.533266	6.3881874	-63.73	nan	0.1	312500	7695.498415231705
125	-49.42	-49.42	-50.0	-7.3694086	10.823091	6.5218983	-61.197083	nan	0.0	315000	7754.861994504929
126	-49.54	-49.54	-50.0	-7.4514103	10.90014	8.823329	-60.82429	nan	0.0	317500	7815.009567737579
127	-48.8	-48.8	-45.7	-7.5280204	11.034068	6.0552053	-70.70885	nan	0.0	320000	7877.98104929924
128	-47.76	-47.76	-46.9	-7.7140303	11.331754	9.118949	-66.25598	nan	0.0	322500	7938.412945508957
129	-48.98	-48.98	-42.899998	-7.936488	11.661246	8.465348	-65.84739	nan	0.2	325000	7999.770303010941
130	-48.94	-48.94	-50.0	-7.8155518	11.5382595	11.289934	-63.774273	nan	0.0	327500	8061.363313913345
131	-47.76	-47.76	-47.9	-7.7273045	11.348364	9.6028185	-59.19834	nan	0.1	330000	8123.636429309845
132	-48.64	-48.64	-45.899998	-7.7136827	11.271736	12.447355	-65.02205	nan	0.1	332500	8185.146578550339
133	-48.88	-48.88	-46.5	-7.736675	11.198558	7.31526	-70.268486	nan	0.1	335000	8247.064637422562
134	-47.9	-47.9	-46.7	-7.848284	11.262747	12.671201	-55.306282	nan	0.0	337500	8310.225163936615
135	-47.7	-47.7	-47.7	-7.9060173	11.362357	5.2449446	-58.737007	nan	0.1	340000	8372.716094732285
136	-47.78	-47.78	-49.4	-7.9759665	11.467889	4.960451	-62.588158	nan	0.0	342500	8434.251881361008
137	-48.22	-48.22	-49.7	-8.012557	11.450117	14.261198	-95.7439	nan	0.0	345000	8495.160835027695
138	-49.7	-49.7	-49.1	-7.530799	10.898559	15.290564	-59.817703	nan	0.0	347500	8558.651970624924
139	-49.32	-49.32	-47.5	-7.157278	10.34619	15.020163	-58.036465	nan	0.2	350000	8620.945559978485
140	-48.58	-48.58	-46.6	-7.3081226	10.250381	8.962748	-58.83056	nan	0.0	352500	8682.430593013763
141	-49.22	-49.22	-50.0	-7.1957283	9.971367	8.651024	-61.921932	nan	0.0	355000	8745.845473527908
142	-48.68	-48.68	-49.1	-7.0798664	9.707434	8.316547	-60.15199	nan	0.1	357500	8808.749619960785
143	-47.86	-47.86	-49.6	-7.1790104	9.866067	7.3020763	-62.69436	nan	0.0	360000	8869.860477924347
144	-47.7	-47.7	-43.100002	-7.4818234	10.247312	6.7956123	-63.538116	nan	0.3	362500	8931.814210414886
145	-47.34	-47.34	-46.100002	-7.6090407	10.482635	8.773197	-66.485954	nan	0.0	365000	8992.138579368591
146	-48.28	-48.28	-48.4	-7.5366526	10.432275	11.571098	-68.85936	nan	0.1	367500	9053.308482646942
147	-48.64	-48.64	-46.7	-7.5229926	10.404545	13.418009	-66.677895	nan	0.1	370000	9114.095324754715
148	-47.98	-47.98	-48.1	-7.6596136	10.555373	7.217657	-63.268692	nan	0.2	372500	9175.893936395645
149	-48.64	-48.64	-50.0	-7.723214	10.618416	5.967596	-64.6892	nan	0.0	375000	9237.07255101204
150	-47.9	-47.9	-46.5	-7.53919	10.3511095	7.833706	-62.435795	nan	0.2	377500	9297.841104984283
151	-48.9	-48.9	-50.0	-7.321527	9.99616	20.266369	-71.50851	nan	0.0	380000	9359.134017705917
152	-48.84	-48.84	-50.0	-7.5723524	10.246555	10.624849	-62.700584	nan	0.0	382500	9419.906440973282
153	-48.34	-48.34	-48.8	-7.8500123	10.732477	4.073166	-61.466454	nan	0.2	385000	9480.401413917542
154	-47.16	-47.16	-45.100002	-8.091545	11.1588335	10.733782	-93.42873	nan	0.2	387500	9541.243779420853
155	-48.46	-48.46	-44.8	-8.054369	11.085777	11.133057	-60.55121	nan	0.2	390000	9602.02821302414
156	-47.6	-47.6	-48.8	-8.019729	10.9732065	7.83729	-67.49366	nan	0.1	392500	9661.864784955978
157	-47.08	-47.08	-46.7	-7.981244	10.973598	11.991777	-57.198032	nan	0.1	395000	9722.845608711243
158	-48.52	-48.52	-44.100002	-8.083548	11.098364	8.582651	-62.14875	nan	0.1	397500	9784.785549402237
159	-49.34	-49.34	-42.399998	-8.106862	11.1476345	10.97687	-63.352695	nan	0.2	400000	9846.130465269089
160	-48.08	-48.08	-44.8	-8.091233	11.091905	7.219536	-60.35623	nan	0.2	402500	9905.411155223846
161	-48.84	-48.84	-48.8	-7.919839	10.84203	8.949545	-66.19291	nan	0.1	405000	9966.511627674103
162	-47.68	-47.68	-49.0	-8.175922	11.154833	11.792082	-62.995644	nan	0.0	407500	10026.994817256927
163	-47.22	-47.22	-46.8	-8.296336	11.4241705	9.683222	-80.11757	nan	0.1	410000	10088.109866857529
164	-47.86	-47.86	-42.7	-8.326682	11.43842	14.128757	-64.13028	nan	0.1	412500	10147.969121694565
165	-48.16	-48.16	-48.0	-8.368017	11.438513	8.40344	-58.509506	nan	0.1	415000	10206.675757408142
166	-47.28	-47.28	-46.6	-8.438394	11.523163	12.20142	-65.687485	nan	0.2	417500	10267.544737100601
167	-47.14	-47.14	-49.7	-8.4176445	11.578714	10.002178	-67.73112	nan	0.0	420000	10327.442200660706
168	-47.86	-47.86	-44.2	-8.485359	11.685707	6.713505	-64.553535	nan	0.2	422500	10387.211423873901
169	-46.54	-46.54	-47.0	-8.515671	11.7481785	13.977947	-60.49607	nan	0.2	425000	10448.45129609108
170	-47.94	-47.94	-48.4	-8.541763	11.730271	11.964872	-64.25259	nan	0.1	427500	10508.470299482346
171	-46.96	-46.96	-42.5	-8.466187	11.63226	9.44515	-60.90131	nan	0.2	430000	10569.761843919754
172	-48.32	-48.32	-47.0	-8.491053	11.584912	6.715	-60.99286	nan	0.1	432500	10630.47643995285
173	-48.64	-48.64	-47.8	-8.521555	11.635325	6.9010315	-59.876816	nan	0.2	435000	10691.782181501389
174	-47.18	-47.18	-48.5	-8.543753	11.63703	14.023088	-66.23455	nan	0.0	437500	10752.21908402443
175	-48.46	-48.46	-45.7	-8.426876	11.477743	6.6600323	-66.75031	nan	0.2	440000	10813.450345277786
176	-47.4	-47.4	-44.8	-8.492506	11.528283	9.402117	-66.674545	nan	0.2	442500	10873.839098453522
177	-47.04	-47.04	-49.1	-8.448926	11.445417	9.893288	-62.76896	nan	0.0	445000	10934.845338106155
178	-47.9	-47.9	-44.899998	-7.9968824	10.792762	10.015186	-68.36286	nan	0.1	447500	10996.421555519104
179	-48.62	-48.62	-50.0	-7.703235	10.356443	6.6841927	-66.720955	nan	0.0	450000	11057.59070801735
180	-48.9	-48.9	-45.399998	-7.923649	10.636033	5.6964874	-66.75258	nan	0.1	452500	11119.134330272675
181	-45.46	-45.46	-48.5	-8.274925	11.220881	11.519873	-69.09212	nan	0.1	455000	11181.729392290115
182	-46.48	-46.48	-45.7	-8.52001	11.613082	8.097475	-64.025986	nan	0.1	457500	11244.14011669159
183	-48.0	-48.0	-48.0	-8.506682	11.660912	9.969208	-63.0645	nan	0.0	460000	11306.084384918213
184	-48.1	-48.1	-44.2	-8.490992	11.640337	7.746977	-72.52099	nan	0.3	462500	11367.994008302689
185	-48.54	-48.54	-46.100002	-8.420911	11.6081295	10.4440975	-64.18116	nan	0.2	465000	11429.031651258469
186	-47.88	-47.88	-46.9	-8.466191	11.707919	16.158995	-60.230644	nan	0.1	467500	11491.096426725388
187	-49.1	-49.1	-46.9	-8.41602	11.629609	12.472235	-58.68657	nan	0.0	470000	11553.05492734909
188	-48.48	-48.48	-44.100002	-8.268749	11.548826	7.6024265	-60.33203	nan	0.2	472500	11614.16636633873
189	-48.16	-48.16	-49.8	-8.171083	11.551094	9.411297	-63.020515	nan	0.0	475000	11676.915626764297
190	-49.0	-49.0	-48.7	-8.143339	11.54305	8.832218	-70.54571	nan	0.0	477500	11739.231373786926
191	-48.1	-48.1	-43.899998	-8.143522	11.545699	10.018118	-61.25978	nan	0.2	480000	11801.62829041481
192	-48.16	-48.16	-47.3	-8.190032	11.58245	8.605833	-62.53156	nan	0.1	482500	11864.988556146622
193	-49.02	-49.02	-50.0	-8.049576	11.443713	10.521704	-61.04623	nan	0.0	485000	11927.86602807045
194	-47.92	-47.92	-50.0	-7.5892324	11.049785	12.837898	-68.8288	nan	0.0	487500	11991.195461273193
195	-49.72	-49.72	-50.0	-7.082167	10.660893	9.398706	-70.19163	nan	0.0	490000	12054.205429553986
196	-49.72	-49.72	-50.0	-7.0061755	10.629615	6.7469025	-66.28499	nan	0.0	492500	12118.175285100937
197	-47.74	-47.74	-50.0	-7.302879	10.829347	9.896332	-62.44748	nan	0.0	495000	12179.920983552933
198	-48.78	-48.78	-46.5	-7.687029	11.162198	9.978703	-82.96959	nan	0.1	497500	12241.053138971329
199	-48.96	-48.96	-47.3	-8.0627165	11.540115	8.204962	-70.83458	nan	0.1	500000	12301.578182935715
200	-47.36	-47.36	-44.3	-8.196636	11.763437	10.867025	-76.82812	nan	0.3	502500	12363.837175130844
201	-47.36	-47.36	-44.3	-8.303888	11.921997	10.327141	-68.093216	nan	0.0	505000	12423.673616886139
202	-48.74	-48.74	-45.0	-8.269956	11.9297495	9.93174	-62.27123	nan	0.0	507500	12484.33777999878
203	-47.16	-47.16	-47.9	-7.980159	11.579403	12.469072	-82.64523	nan	0.1	510000	12546.16630911827
204	-48.78	-48.78	-50.0	-7.30925	11.0503025	7.8291187	-63.262936	nan	0.0	512500	12609.041162729263
205	-49.42	-49.42	-50.0	-7.1949697	10.823752	10.078829	-75.932014	nan	0.0	515000	12668.504535198212
206	-49.72	-49.72	-47.6	-7.413577	10.869128	8.569157	-65.39152	nan	0.0	517500	12729.18385052681
207	-49.24	-49.24	-48.9	-7.704961	11.118051	12.386127	-71.332466	nan	0.1	520000	12791.4209856987
208	-49.62	-49.62	-50.0	-7.637027	10.997849	7.8086643	-61.679737	nan	0.0	522500	12852.840784549713
209	-49.4	-49.4	-50.0	-7.460568	10.72527	10.997755	-82.63332	nan	0.0	525000	12915.623253583908
210	-47.12	-47.12	-45.399998	-7.4857135	10.804776	13.6437435	-64.23071	nan	0.1	527500	12978.318836212158
211	-48.86	-48.86	-49.7	-7.645814	11.145313	14.697628	-63.577385	nan	0.1	530000	13041.300863265991
212	-48.7	-48.7	-50.0	-8.009922	11.653977	11.32032	-66.36813	nan	0.0	532500	13103.702372074127
213	-47.42	-47.42	-50.0	-8.269737	12.088462	10.151596	-65.11222	nan	0.0	535000	13165.273999214172
214	-48.14	-48.14	-44.600002	-8.444367	12.301592	8.013203	-66.52853	nan	0.2	537500	13227.178142786026
215	-47.32	-47.32	-39.600002	-8.55501	12.475609	7.930832	-60.433105	nan	0.4	540000	13289.516466617584
216	-47.6	-47.6	-47.3	-8.496555	12.400799	6.0447006	-69.4482	nan	0.1	542500	13353.359242200851
217	-48.52	-48.52	-49.8	-8.417509	12.271185	8.649893	-66.820496	nan	0.0	545000	13415.01017665863
218	-46.16	-46.16	-43.3	-8.353107	12.131196	6.9544983	-62.480568	nan	0.2	547500	13478.27736377716
219	-47.3	-47.3	-47.5	-8.327736	11.995199	9.492723	-60.042923	nan	0.0	550000	13540.734711408615
220	-46.52	-46.52	-42.5	-8.155503	11.697244	15.684214	-69.06958	nan	0.3	552500	13602.210355520248
221	-47.76	-47.76	-41.7	-8.180965	11.729712	10.826948	-66.59341	nan	0.3	555000	13664.18378663063
222	-47.78	-47.78	-42.8	-8.186807	11.748522	5.714283	-61.46718	nan	0.0	557500	13726.719815254211
223	-46.1	-46.1	-44.100002	-8.100503	11.625158	7.1335163	-58.43074	nan	0.1	560000	13788.457158327103
224	-46.74	-46.74	-45.7	-7.9975476	11.45135	8.846865	-64.916954	nan	0.1	562500	13850.448189020157
225	-46.34	-46.34	-43.7	-8.054251	11.491754	5.4307537	-76.20976	nan	0.2	565000	13910.995558977127
226	-48.48	-48.48	-42.3	-8.05953	11.5252905	10.29734	-63.03195	nan	0.3	567500	13973.635889291763
227	-47.66	-47.66	-44.899998	-7.959443	11.448958	10.6840515	-68.948235	nan	0.2	570000	14036.948414802551
228	-49.1	-49.1	-47.8	-7.82946	11.33417	8.399281	-62.645126	nan	0.1	572500	14098.805381536484
229	-47.4	-47.4	-48.5	-7.8602586	11.333193	9.429779	-67.58509	nan	0.1	575000	14161.525772094727
230	-46.92	-46.92	-46.7	-7.848995	11.283369	8.3869095	-62.712494	nan	0.1	577500	14223.606473684311
231	-46.72	-46.72	-46.100002	-7.924468	11.350858	10.359589	-68.92289	nan	0.1	580000	14286.145790576935
232	-47.06	-47.06	-46.3	-8.104024	11.568831	21.34516	-61.308205	nan	0.1	582500	14347.6932888031
233	-47.9	-47.9	-46.6	-8.194606	11.706426	10.92289	-66.53046	nan	0.1	585000	14409.948891878128
234	-48.02	-48.02	-44.7	-8.179968	11.689575	6.5146694	-63.81202	nan	0.2	587500	14471.271427869797
235	-47.72	-47.72	-47.3	-8.245574	11.733936	13.261826	-70.57048	nan	0.0	590000	14532.761845111847
236	-48.1	-48.1	-44.399998	-8.369696	11.929236	10.117271	-70.344124	nan	0.2	592500	14593.64371228218
237	-48.1	-48.1	-48.1	-8.4391165	12.019699	7.576128	-69.26982	nan	0.1	595000	14655.671043157578
238	-47.94	-47.94	-50.0	-8.4709215	12.0543785	8.868168	-62.84526	nan	0.0	597500	14716.903516292572
239	-48.66	-48.66	-40.0	-8.420817	11.982677	8.103058	-64.64031	nan	0.2	600000	14777.756982564926
240	-48.66	-48.66	-46.100002	-8.334337	11.926593	10.879545	-63.963684	nan	0.0	602500	14838.17622089386
241	-48.92	-48.92	-46.7	-8.422042	12.055002	9.891813	-76.61218	nan	0.1	605000	14899.228907823563
242	-47.58	-47.58	-48.6	-8.439465	12.085278	10.984835	-63.840683	nan	0.1	607500	14960.822747468948
243	-48.18	-48.18	-48.5	-8.499746	12.183333	14.098459	-69.46194	nan	0.0	610000	15021.862723350525
244	-48.1	-48.1	-50.0	-8.573185	12.250294	12.454008	-61.06433	nan	0.0	612500	15082.6216506958
245	-47.3	-47.3	-48.1	-8.710057	12.423296	7.892374	-76.54411	nan	0.1	615000	15145.185893297195
246	-46.74	-46.74	-50.0	-8.624372	12.3373	12.293533	-70.70314	nan	0.0	617500	15206.970960140228
247	-47.02	-47.02	-45.600002	-8.292392	12.021973	11.180201	-61.71023	nan	0.0	620000	15268.936331033707
248	-48.22	-48.22	-47.1	-8.253725	11.949193	19.008425	-60.585503	nan	0.2	622500	15329.94218158722
249	-48.54	-48.54	-43.3	-8.294022	11.916089	11.465813	-64.53383	nan	0.3	625000	15390.226342439651
250	-48.14	-48.14	-47.5	-8.34704	11.953804	14.966904	-68.12729	nan	0.1	627500	15451.820008516312
251	-48.62	-48.62	-48.9	-8.114406	11.788931	11.36207	-65.75931	nan	0.0	630000	15513.272023439407
252	-49.16	-49.16	-50.0	-7.8974924	11.641684	37.520176	-57.707954	nan	0.0	632500	15574.274610757828
253	-48.72	-48.72	-47.8	-7.843729	11.462999	7.5373955	-60.07077	nan	0.0	635000	15635.016300916672
254	-48.42	-48.42	-48.9	-7.9066663	11.454631	11.439264	-61.740967	nan	0.1	637500	15695.585808515549
255	-49.18	-49.18	-50.0	-7.948045	11.565687	20.939997	-72.3201	nan	0.0	640000	15756.222271203995
256	-46.54	-46.54	-50.0	-8.069112	11.790646	14.498663	-81.42076	nan	0.0	642500	15816.911547660828
257	-48.98	-48.98	-42.3	-8.047485	11.732792	19.937273	-63.11091	nan	0.1	645000	15878.66566491127
258	-48.92	-48.92	-48.7	-7.974789	11.594376	7.4986153	-80.409004	nan	0.1	647500	15939.777354240417
259	-46.98	-46.98	-46.8	-8.018037	11.698245	9.367044	-66.55478	nan	0.1	650000	16000.353785037994
260	-48.78	-48.78	-49.8	-7.972332	11.598718	18.668875	-76.22902	nan	0.1	652500	16061.757021188736
261	-48.92	-48.92	-50.0	-7.906474	11.565117	15.777584	-66.74036	nan	0.0	655000	16122.924991607666
262	-46.54	-46.54	-50.0	-7.921088	11.6407995	7.4758434	-70.49406	nan	0.0	657500	16184.465255260468
263	-47.24	-47.24	-48.4	-7.8034444	11.459098	14.820633	-69.23092	nan	0.1	660000	16245.005965948105
264	-48.02	-48.02	-48.1	-7.6184063	11.232535	13.619352	-63.109898	nan	0.1	662500	16306.622384309769
265	-49.72	-49.72	-50.0	-7.726962	11.326056	10.955507	-97.00127	nan	0.0	665000	16367.883051395416
266	-47.52	-47.52	-47.5	-7.838042	11.437566	10.117998	-63.839104	nan	0.1	667500	16428.778866529465
267	-48.64	-48.64	-46.9	-7.704225	11.393217	21.723124	-71.53447	nan	0.1	670000	16489.126126289368
268	-48.5	-48.5	-41.5	-7.8370857	11.585128	13.045847	-94.09311	nan	0.2	672500	16548.0966296196
269	-47.54	-47.54	-50.0	-8.124717	11.938459	23.373226	-68.82377	nan	0.0	675000	16609.125930547714
270	-49.14	-49.14	-50.0	-8.319215	12.27811	7.2242584	-63.793034	nan	0.0	677500	16669.26467370987
271	-47.96	-47.96	-47.8	-8.472849	12.500204	6.8103733	-66.110565	nan	0.1	680000	16730.067106962204
272	-48.3	-48.3	-43.0	-8.383984	12.378093	9.253387	-69.81562	nan	0.1	682500	16790.92316222191
273	-48.24	-48.24	-47.8	-8.012917	11.945538	29.25258	-67.904076	nan	0.1	685000	16852.292423725128
274	-49.02	-49.02	-46.0	-7.8718247	11.775505	12.397779	-75.79831	nan	0.1	687500	16913.929789304733
275	-47.72	-47.72	-48.4	-8.021974	11.876464	6.6756477	-85.80706	nan	0.1	690000	16975.29852938652
276	-48.22	-48.22	-45.600002	-8.310102	12.1771965	7.679617	-76.44509	nan	0.1	692500	17035.78880381584
277	-48.36	-48.36	-46.0	-8.54055	12.426757	14.226809	-68.21508	nan	0.2	695000	17096.63740825653
278	-45.34	-45.34	-43.8	-8.680101	12.564623	9.479652	-79.09045	nan	0.3	697500	17157.015647888184
279	-47.62	-47.62	-44.7	-8.653971	12.518474	10.613457	-79.42781	nan	0.4	700000	17217.242331027985
280	-47.36	-47.36	-43.399998	-8.773339	12.662175	14.327158	-67.07534	nan	0.3	702500	17277.949912786484
281	-49.44	-49.44	-49.2	-8.82813	12.729072	8.862085	-67.16516	nan	0.1	705000	17337.95085811615
282	-48.1	-48.1	-47.7	-8.878437	12.812228	27.524248	-66.9989	nan	0.1	707500	17398.167647600174
283	-46.88	-46.88	-42.2	-8.887132	12.800378	20.327456	-73.17508	nan	0.4	710000	17459.902930021286
284	-46.76	-46.76	-44.899998	-8.932738	12.7964325	7.5860004	-110.91617	nan	0.2	712500	17521.088385105133
285	-47.58	-47.58	-47.2	-8.976307	12.843761	13.435965	-64.58448	nan	0.1	715000	17582.10030579567
286	-47.38	-47.38	-46.2	-8.968646	12.799946	11.221434	-66.94243	nan	0.1	717500	17643.17028236389
287	-48.94	-48.94	-40.7	-8.991431	12.748612	6.656727	-66.225845	nan	0.4	720000	17704.64701652527
288	-47.48	-47.48	-46.3	-9.069651	12.907035	7.83617	-63.338493	nan	0.1	722500	17766.392563819885
289	-45.68	-45.68	-48.3	-9.08452	12.851577	7.814991	-67.32173	nan	0.0	725000	17827.75238919258
290	-48.02	-48.02	-47.2	-9.1809435	12.92714	7.7806416	-64.59937	nan	0.1	727500	17889.370990514755
291	-48.3	-48.3	-50.0	-9.14228	12.889625	13.887659	-75.77452	nan	0.0	730000	17951.508109092712
292	-47.54	-47.54	-48.0	-9.18152	12.864647	14.030828	-64.391785	nan	0.1	732500	18015.31602215767
293	-47.36	-47.36	-46.8	-9.217489	12.849761	13.687792	-76.798485	nan	0.1	735000	18078.23002576828
294	-47.66	-47.66	-46.100002	-9.204131	12.855904	10.813734	-74.819	nan	0.2	737500	18142.98961186409
295	-47.8	-47.8	-47.1	-9.226262	12.846619	14.815321	-70.92079	nan	0.0	740000	18204.591143846512
296	-47.64	-47.64	-41.8	-9.219587	12.8639145	10.006163	-70.52366	nan	0.2	742500	18265.34794640541
297	-46.16	-46.16	-48.7	-9.198966	12.866213	20.942741	-70.095535	nan	0.1	745000	18327.26523065567
298	-47.74	-47.74	-46.2	-9.278778	12.961547	10.2043	-74.64262	nan	0.1	747500	18389.284236192703
299	-47.52	-47.52	-37.399998	-9.250642	12.916765	9.186928	-67.357025	nan	0.3	750000	18450.488444566727
300	-45.74	-45.74	-41.2	-9.258586	12.946899	9.323839	-66.23419	nan	0.3	752500	18513.745900154114
301	-46.12	-46.12	-46.9	-9.236031	12.89842	6.7688236	-69.21342	nan	0.1	755000	18575.647397994995
302	-47.26	-47.26	-46.7	-9.316392	13.014466	7.491144	-70.53461	nan	0.1	757500	18638.383151054382
303	-47.64	-47.64	-48.2	-9.287821	12.955509	10.233572	-71.08211	nan	0.3	760000	18701.52460885048
304	-47.62	-47.62	-45.2	-9.2854595	12.961811	12.22225	-61.727882	nan	0.1	762500	18763.54297232628
305	-46.12	-46.12	-48.0	-9.310575	13.042163	6.476927	-73.77274	nan	0.1	765000	18825.647094488144
306	-46.66	-46.66	-46.9	-9.3292885	13.06365	14.453993	-67.63994	nan	0.1	767500	18888.029826402664
307	-47.52	-47.52	-39.899998	-9.322829	13.009432	8.225481	-71.25819	nan	0.3	770000	18949.705801725388
308	-46.84	-46.84	-42.2	-9.25732	12.992854	7.3944016	-71.152725	nan	0.3	772500	19012.015530586243
309	-47.74	-47.74	-46.9	-9.22946	12.90116	11.095026	-68.002014	nan	0.0	775000	19072.981990098953
310	-45.78	-45.78	-48.0	-9.189671	12.812235	9.351385	-74.237976	nan	0.1	777500	19134.29304599762
311	-48.98	-48.98	-48.5	-8.949996	12.516686	18.80087	-61.449844	nan	0.0	780000	19195.213225364685
312	-47.34	-47.34	-46.2	-8.653776	11.96835	15.471403	-66.765015	nan	0.2	782500	19255.02451467514
313	-48.62	-48.62	-45.600002	-8.196305	11.421015	12.188656	-62.51738	nan	0.0	785000	19315.73090481758
314	-48.64	-48.64	-46.0	-8.00699	11.177017	10.203642	-69.72775	nan	0.1	787500	19376.777642965317
315	-48.38	-48.38	-46.2	-8.146409	11.29141	10.21122	-79.35377	nan	0.1	790000	19438.114586114883
316	-48.5	-48.5	-50.0	-8.45482	11.679807	11.594463	-64.5081	nan	0.0	792500	19498.086053848267
317	-48.74	-48.74	-50.0	-8.747409	12.128478	18.109215	-70.68987	nan	0.0	795000	19560.21789264679
318	-48.1	-48.1	-48.1	-8.637129	12.158457	12.05801	-65.0913	nan	0.3	797500	19620.547399282455
319	-48.18	-48.18	-45.2	-8.487161	12.030492	11.452402	-74.238	nan	0.2	800000	19680.043157577515
320	-45.74	-45.74	-46.9	-8.484652	12.096017	8.099394	-63.99433	nan	0.1	802500	19741.536626577377
321	-47.96	-47.96	-48.9	-8.57952	12.111596	6.850975	-68.02751	nan	0.0	805000	19802.461961984634
322	-47.18	-47.18	-43.2	-8.476529	11.86676	19.263813	-69.076866	nan	0.1	807500	19864.65229487419
323	-48.2	-48.2	-48.4	-8.402636	11.66629	9.192852	-95.12808	nan	0.0	810000	19925.34525489807
324	-48.38	-48.38	-39.3	-8.318134	11.4749775	6.1843452	-59.934677	nan	0.2	812500	19986.29628777504
325	-48.46	-48.46	-45.899998	-8.438795	11.664919	6.4782715	-66.77043	nan	0.2	815000	20049.256317138672
326	-47.98	-47.98	-43.3	-8.65817	12.074956	8.013895	-66.9496	nan	0.1	817500	20110.26901125908
327	-48.04	-48.04	-49.2	-8.8741045	12.42127	7.484745	-66.72342	nan	0.0	820000	20173.566668510437
328	-47.78	-47.78	-45.100002	-9.02725	12.683856	8.482149	-74.5706	nan	0.1	822500	20235.999413967133
329	-47.82	-47.82	-48.9	-8.964258	12.662028	8.059376	-61.331284	nan	0.1	825000	20299.357745409012
330	-46.9	-46.9	-49.0	-8.728685	12.392724	17.376614	-63.628983	nan	0.1	827500	20361.25492835045
331	-48.04	-48.04	-46.7	-8.560355	12.113812	12.608294	-85.18638	nan	0.2	830000	20423.253446817398
332	-46.62	-46.62	-41.399998	-8.690862	12.146303	7.7725716	-68.66464	nan	0.4	832500	20484.856253147125
333	-47.0	-47.0	-46.9	-8.828538	12.242596	7.66996	-81.99748	nan	0.1	835000	20547.849431037903
334	-45.04	-45.04	-46.8	-8.932265	12.404937	11.765875	-65.25107	nan	0.0	837500	20608.95994257927
335	-47.62	-47.62	-43.8	-8.934934	12.457496	9.10874	-65.38065	nan	0.1	840000	20670.711525917053
336	-47.5	-47.5	-44.600002	-9.111982	12.745842	8.063843	-74.80445	nan	0.4	842500	20733.05832719803
337	-47.9	-47.9	-45.399998	-9.106158	12.763422	18.417786	-70.106346	nan	0.2	845000	20794.020974874496
338	-47.62	-47.62	-47.4	-8.767454	12.357866	11.021652	-71.14857	nan	0.0	847500	20855.482207775116
339	-48.5	-48.5	-43.100002	-8.335746	11.938902	14.786514	-69.16592	nan	0.2	850000	20917.194291114807
340	-48.66	-48.66	-47.8	-7.9806743	11.632747	9.330902	-66.053894	nan	0.0	852500	20977.811799526215
341	-48.68	-48.68	-46.7	-8.107451	11.781423	8.039021	-82.7489	nan	0.1	855000	21040.611059188843
342	-49.42	-49.42	-46.5	-8.362152	11.912338	7.8133125	-72.64769	nan	0.1	857500	21101.178470611572
343	-48.94	-48.94	-44.8	-8.449762	11.904531	6.375923	-67.28452	nan	0.3	860000	21161.662915229797
344	-47.42	-47.42	-45.7	-8.616373	12.096416	7.638527	-64.50617	nan	0.3	862500	21223.67472219467
345	-45.58	-45.58	-49.0	-8.7262125	12.321991	16.192148	-61.841583	nan	0.1	865000	21284.666665554047
346	-46.16	-46.16	-47.4	-8.778139	12.396221	9.667036	-77.854675	nan	0.1	867500	21346.976139307022
347	-47.46	-47.46	-45.100002	-8.8362055	12.428293	7.569813	-70.24449	nan	0.2	870000	21408.873553276062
348	-47.76	-47.76	-47.9	-9.02202	12.663047	8.566496	-63.708755	nan	0.2	872500	21471.25482773781
349	-47.02	-47.02	-44.3	-9.077412	12.820505	11.875677	-75.30207	nan	0.2	875000	21533.67583322525
350	-48.42	-48.42	-47.1	-9.017047	12.845998	5.879818	-74.719345	nan	0.1	877500	21596.392340898514
351	-46.88	-46.88	-48.8	-8.97286	12.836558	7.4673615	-92.615005	nan	0.1	880000	21658.36682343483
352	-48.34	-48.34	-47.3	-8.790752	12.673345	6.7573547	-77.48321	nan	0.3	882500	21719.072323083878
353	-49.1	-49.1	-46.8	-8.591636	12.44267	9.692022	-71.25717	nan	0.2	885000	21779.482397794724
354	-47.24	-47.24	-38.600002	-8.593838	12.404076	9.484486	-99.819786	nan	0.3	887500	21839.680055856705
355	-46.6	-46.6	-44.2	-8.600114	12.422063	11.904423	-72.76599	nan	0.2	890000	21900.052826166153
356	-48.18	-48.18	-42.100002	-8.579436	12.362603	10.324287	-79.613235	nan	0.1	892500	21962.01026034355
357	-48.68	-48.68	-43.399998	-8.75127	12.505108	7.9217606	-75.72049	nan	0.1	895000	22022.301250457764
358	-48.36	-48.36	-44.8	-8.917415	12.723273	13.986856	-70.08802	nan	0.3	897500	22083.23879146576
359	-47.54	-47.54	-43.0	-8.99114	12.859466	11.691311	-71.84068	nan	0.4	900000	22144.851697921753
360	-47.34	-47.34	-43.100002	-8.72626	12.484141	6.6241016	-70.615036	nan	0.3	902500	22207.033633708954
361	-47.1	-47.1	-44.399998	-8.457588	12.087309	7.0760994	-61.766037	nan	0.3	905000	22267.56391620636
362	-47.68	-47.68	-42.600002	-8.395389	11.972836	8.651028	-66.44256	nan	0.3	907500	22329.652670383453
363	-45.74	-45.74	-43.0	-8.484589	12.084131	6.596409	-77.03251	nan	0.2	910000	22389.20714187622
364	-47.06	-47.06	-44.899998	-8.595526	12.239378	5.3799953	-62.30696	nan	0.4	912500	22450.510454177856
365	-45.12	-45.12	-48.0	-8.513308	12.146286	9.838671	-66.45623	nan	0.1	915000	22512.322556972504
366	-47.18	-47.18	-47.5	-8.208373	11.692682	10.707838	-66.02273	nan	0.1	917500	22573.70921444893
367	-49.14	-49.14	-48.7	-7.7198257	11.069014	23.291998	-62.63906	nan	0.1	920000	22633.662779569626
368	-48.88	-48.88	-44.0	-7.244997	10.714681	13.044891	-65.98798	nan	0.1	922500	22695.698105096817
369	-46.1	-46.1	-44.899998	-7.1659055	10.624161	7.5037327	-90.17178	nan	0.2	925000	22756.39905357361
370	-48.22	-48.22	-49.4	-7.493733	10.864335	9.195959	-76.804504	nan	0.2	927500	22815.819301366806
371	-48.42	-48.42	-50.0	-8.10318	11.594244	15.866701	-72.45688	nan	0.0	930000	22875.983164548874
372	-48.22	-48.22	-44.399998	-8.419503	12.198159	7.4592304	-79.2401	nan	0.1	932500	22935.36303472519
373	-47.0	-47.0	-48.9	-8.641357	12.593043	8.249222	-66.49898	nan	0.0	935000	22996.725863695145
374	-48.12	-48.12	-48.3	-8.733487	12.744805	9.749781	-73.5388	nan	0.1	937500	23056.968946695328
375	-47.74	-47.74	-46.3	-8.784019	12.839026	12.2444935	-78.40523	nan	0.1	940000	23117.20241880417
376	-48.06	-48.06	-43.8	-8.806358	12.850229	8.035616	-82.62973	nan	0.1	942500	23178.05466723442
377	-48.88	-48.88	-45.600002	-8.807145	12.869587	8.565754	-62.568836	nan	0.3	945000	23238.320296764374
378	-47.22	-47.22	-43.7	-8.922788	13.024966	9.801903	-63.429214	nan	0.1	947500	23299.43306875229
379	-48.38	-48.38	-37.3	-8.913884	13.0850115	12.490852	-66.741745	nan	0.4	950000	23359.93921303749
380	-48.0	-48.0	-49.1	-8.931534	13.108477	8.295986	-84.7952	nan	0.0	952500	23420.359846830368
381	-46.82	-46.82	-46.5	-8.904541	13.112725	7.736435	-66.21109	nan	0.2	955000	23482.02687907219
382	-46.48	-46.48	-50.0	-8.923375	13.116451	9.087755	-63.7902	nan	0.0	957500	23543.254691839218
383	-46.02	-46.02	-41.399998	-9.048992	13.231617	8.343111	-66.70819	nan	0.3	960000	23604.031488656998
384	-48.22	-48.22	-46.100002	-9.0272665	13.190556	12.338686	-71.11458	nan	0.1	962500	23664.955956220627
385	-45.66	-45.66	-46.6	-8.970654	13.150377	10.226913	-65.77049	nan	0.2	965000	23725.43262386322
386	-45.72	-45.72	-46.9	-8.962923	13.08095	9.283409	-77.32228	nan	0.2	967500	23787.709787607193
387	-48.42	-48.42	-42.8	-9.070332	13.226823	7.624069	-67.82529	nan	0.4	970000	23850.27001309395
388	-47.02	-47.02	-44.5	-9.019997	13.1976595	9.856569	-63.40444	nan	0.2	972500	23912.486201524734
389	-48.38	-48.38	-50.0	-9.040668	13.2035	9.534985	-62.741695	nan	0.0	975000	23974.43802332878
390	-47.14	-47.14	-42.7	-9.056828	13.157708	12.653044	-66.173805	nan	0.3	977500	24037.287452459335
391	-46.88	-46.88	-47.0	-9.041301	13.101552	13.233589	-67.839935	nan	0.2	980000	24098.26255106926
392	-45.9	-45.9	-45.3	-9.023288	13.161619	7.593733	-66.544525	nan	0.3	982500	24159.74321460724
393	-49.04	-49.04	-47.9	-9.093292	13.290267	9.3196335	-68.116615	nan	0.1	985000	24221.167806386948
394	-47.0	-47.0	-44.600002	-9.127242	13.365378	6.447916	-71.2165	nan	0.4	987500	24282.48593187332
395	-47.54	-47.54	-38.8	-9.18699	13.415643	7.9712067	-68.44273	nan	0.4	990000	24344.621764421463
396	-47.08	-47.08	-44.3	-9.2736635	13.522804	9.9568615	-68.888885	nan	0.1	992500	24406.814787626266
397	-48.42	-48.42	-46.5	-9.325222	13.599641	7.666979	-71.39153	nan	0.3	995000	24468.721744298935
398	-45.72	-45.72	-44.600002	-9.278739	13.515119	8.061905	-68.915886	nan	0.4	997500	24531.65754365921
399	-47.12	-47.12	-43.3	-9.265448	13.384067	6.047434	-69.01351	nan	0.3	1000000	24593.37469649315
400	-44.08	-44.08	-41.8	-9.177115	13.237838	6.867754	-66.30761	nan	0.2	1002500	24655.27199602127
401	-46.62	-46.62	-47.4	-8.858161	12.686068	13.131296	-67.51274	nan	0.2	1005000	24717.093626976013
402	-48.6	-48.6	-48.6	-8.242227	11.845432	15.2144985	-68.384705	nan	0.1	1007500	24779.482877016068
403	-48.06	-48.06	-50.0	-8.003079	11.4291115	11.18922	-69.0219	nan	0.0	1010000	24841.389498710632
404	-49.14	-49.14	-49.3	-8.044996	11.466852	11.813946	-65.495155	nan	0.0	1012500	24903.464823246002
405	-47.88	-47.88	-45.100002	-8.324821	11.80372	5.4405956	-71.12456	nan	0.2	1015000	24964.87328672409
406	-47.9	-47.9	-50.0	-8.5109415	12.090967	10.204746	-68.715515	nan	0.0	1017500	25025.85879278183
407	-47.5	-47.5	-43.899998	-8.638098	12.223809	5.682617	-69.27679	nan	0.3	1020000	25087.800092220306
408	-47.68	-47.68	-46.8	-8.691926	12.329772	8.69438	-68.86293	nan	0.2	1022500	25149.04803943634
409	-47.86	-47.86	-50.0	-8.833589	12.548613	6.7402287	-64.98961	nan	0.0	1025000	25211.65614438057
410	-47.26	-47.26	-44.600002	-8.9400015	12.75784	7.546646	-60.047943	nan	0.2	1027500	25273.805599927902
411	-46.14	-46.14	-45.5	-9.057986	12.968758	6.249695	-71.61386	nan	0.2	1030000	25336.381747961044
412	-47.0	-47.0	-41.5	-9.152699	13.130809	9.986837	-67.48409	nan	0.3	1032500	25400.362474679947
413	-48.54	-48.54	-45.399998	-9.209624	13.187949	10.231056	-64.444	nan	0.1	1035000	25461.811663150787
414	-47.96	-47.96	-46.2	-9.244484	13.244547	10.322315	-65.22797	nan	0.1	1037500	25524.48877263069
415	-46.3	-46.3	-42.8	-9.258917	13.275036	7.3873806	-63.65242	nan	0.2	1040000	25585.985116243362
416	-48.26	-48.26	-49.4	-9.082923	13.070525	8.140581	-65.525986	nan	0.0	1042500	25647.767674446106
417	-46.74	-46.74	-44.600002	-8.783135	12.760496	10.0010395	-70.4917	nan	0.2	1045000	25709.266237974167
418	-47.66	-47.66	-50.0	-8.474586	12.404962	7.5605907	-68.63237	nan	0.0	1047500	25771.56319308281
419	-47.4	-47.4	-45.600002	-8.638752	12.488447	7.6122017	-68.9447	nan	0.2	1050000	25833.60560107231
420	-47.72	-47.72	-47.3	-8.692362	12.396109	10.128065	-72.689064	nan	0.1	1052500	25894.646657943726
421	-46.5	-46.5	-48.9	-8.727764	12.372203	10.574039	-67.23091	nan	0.0	1055000	25957.292016744614
422	-45.96	-45.96	-48.1	-8.830621	12.493071	9.536762	-81.25197	nan	0.1	1057500	26019.74398779869
423	-48.14	-48.14	-45.399998	-8.926774	12.6615925	8.189362	-64.26793	nan	0.2	1060000	26082.157935142517
424	-46.96	-46.96	-41.0	-9.063802	12.813776	11.086626	-82.10296	nan	0.3	1062500	26144.720559358597
425	-48.4	-48.4	-45.600002	-9.040747	12.754775	10.938583	-72.257614	nan	0.1	1065000	26207.60676050186
426	-48.22	-48.22	-47.4	-8.807743	12.461842	12.574579	-62.20939	nan	0.1	1067500	26270.229787826538
427	-48.42	-48.42	-50.0	-7.709517	11.225402	10.003906	-70.1973	nan	0.0	1070000	26333.071985006332
428	-49.74	-49.74	-50.0	-7.17296	10.114642	9.917135	-66.17443	nan	0.0	1072500	26396.093898296356
429	-49.46	-49.46	-47.3	-7.4813294	10.153599	10.912451	-63.935837	nan	0.1	1075000	26459.535992860794
430	-48.84	-48.84	-43.0	-7.902161	10.763374	9.304314	-63.810097	nan	0.5	1077500	26522.780953884125
431	-46.22	-46.22	-45.899998	-8.32293	11.478582	9.639315	-58.272255	nan	0.2	1080000	26585.743968486786
432	-48.52	-48.52	-47.4	-8.540965	11.895058	9.136133	-61.037464	nan	0.3	1082500	26647.789368629456
433	-49.34	-49.34	-45.399998	-8.654774	12.076246	8.39489	-57.324417	nan	0.1	1085000	26707.6195230484
434	-46.84	-46.84	-41.0	-8.637355	12.051718	7.6827297	-59.32435	nan	0.3	1087500	26769.142122507095
435	-48.44	-48.44	-46.7	-8.594943	11.921872	11.515072	-79.199554	nan	0.2	1090000	26829.996552705765
436	-48.04	-48.04	-49.9	-8.725127	12.107002	7.328844	-62.97893	nan	0.1	1092500	26891.79825901985
437	-46.94	-46.94	-46.8	-8.800224	12.220642	6.2105217	-70.80939	nan	0.3	1095000	26953.065930128098
438	-45.46	-45.46	-46.2	-8.871671	12.277052	7.6104794	-64.15591	nan	0.2	1097500	27014.873553991318
439	-47.44	-47.44	-42.2	-8.851927	12.275231	7.903986	-61.415226	nan	0.3	1100000	27076.351058721542
440	-47.22	-47.22	-47.0	-8.952002	12.406504	7.0230026	-64.022766	nan	0.2	1102500	27137.44318127632
441	-46.4	-46.4	-50.0	-9.060611	12.519014	7.1359444	-65.9172	nan	0.0	1105000	27198.37675523758
442	-47.44	-47.44	-45.2	-9.247599	12.796462	20.111614	-72.708046	nan	0.3	1107500	27259.843101978302
443	-47.24	-47.24	-45.8	-9.234859	12.905341	7.530039	-70.436714	nan	0.2	1110000	27320.45884156227
444	-46.96	-46.96	-46.3	-9.224992	12.925624	8.144098	-61.67884	nan	0.2	1112500	27379.68333387375
445	-47.28	-47.28	-43.3	-9.321192	13.069909	5.5267334	-69.31534	nan	0.2	1115000	27437.159303426743
446	-48.64	-48.64	-45.8	-9.356816	13.138538	6.8375645	-66.792915	nan	0.1	1117500	27492.08106327057
447	-46.2	-46.2	-44.0	-9.222706	12.965195	7.314869	-67.91414	nan	0.2	1120000	27544.420573949814
448	-47.5	-47.5	-44.8	-9.17863	12.948532	5.6755714	-76.55421	nan	0.1	1122500	27594.646665096283
449	-46.2	-46.2	-50.0	-9.141991	12.875446	9.916441	-71.51757	nan	0.0	1125000	27644.780620098114
450	-48.2	-48.2	-50.0	-9.059948	12.820202	6.7176323	-81.88689	nan	0.0	1127500	27692.291430711746
451	-48.0	-48.0	-49.3	-8.957427	12.746253	7.37105	-65.76251	nan	0.1	1130000	27738.955594539642
452	-46.98	-46.98	-45.2	-8.927817	12.710058	9.869682	-69.742516	nan	0.3	1132500	27783.952925682068
453	-47.74	-47.74	-47.0	-8.902537	12.728958	8.947287	-74.65459	nan	0.3	1135000	27828.904624938965
454	-48.26	-48.26	-45.0	-8.972023	12.795991	8.137083	-67.555954	nan	0.2	1137500	27873.346225976944
455	-48.32	-48.32	-48.2	-9.077131	12.889171	5.7942696	-70.48106	nan	0.1	1140000	27918.2286567688
456	-46.12	-46.12	-45.7	-9.137893	12.902674	9.325705	-75.61937	nan	0.1	1142500	27963.02674818039
457	-48.5	-48.5	-42.7	-9.139794	12.90087	6.896967	-70.720566	nan	0.3	1145000	28006.431203126907
458	-48.38	-48.38	-40.7	-9.057532	12.837956	9.499023	-79.45528	nan	0.3	1147500	28048.892943382263
459	-47.86	-47.86	-41.100002	-9.080788	12.878945	7.9955845	-65.98642	nan	0.3	1150000	28091.77819919586
460	-46.34	-46.34	-50.0	-9.09733	12.884763	5.6298428	-72.77927	nan	0.0	1152500	28135.246808052063
461	-45.88	-45.88	-43.0	-9.099808	12.902099	6.36368	-73.059074	nan	0.3	1155000	28177.578073740005
462	-45.24	-45.24	-49.9	-9.026546	12.739911	13.96833	-63.413292	nan	0.1	1157500	28219.25531601906
463	-46.04	-46.04	-46.7	-8.992882	12.740233	12.2278595	-79.330025	nan	0.1	1160000	28261.1721534729
464	-46.5	-46.5	-46.399998	-9.022722	12.726809	6.983738	-71.64778	nan	0.2	1162500	28303.028377056122
465	-46.68	-46.68	-44.2	-9.045974	12.729957	8.316015	-64.24844	nan	0.2	1165000	28345.208085775375
466	-45.9	-45.9	-37.100002	-8.65736	12.013022	17.021982	-61.593475	nan	0.3	1167500	28386.176285266876
467	-45.34	-45.34	-48.4	-8.218939	11.197258	7.658764	-65.97891	nan	0.0	1170000	28427.666108369827
468	-45.24	-45.24	-47.9	-8.276667	11.273192	7.110792	-59.491055	nan	0.1	1172500	28468.774843215942
469	-47.84	-47.84	-44.100002	-8.497527	11.642987	13.99456	-65.53916	nan	0.3	1175000	28510.463082551956
470	-46.94	-46.94	-45.2	-8.675436	11.970851	8.492107	-61.2851	nan	0.2	1177500	28550.613751649857
471	-47.84	-47.84	-46.6	-8.85701	12.280626	7.6482334	-63.81778	nan	0.0	1180000	28590.620380163193
472	-46.44	-46.44	-44.0	-8.97026	12.504137	10.482561	-63.226593	nan	0.1	1182500	28631.381280183792
473	-47.6	-47.6	-42.600002	-9.133609	12.832943	9.103889	-61.16439	nan	0.3	1185000	28672.512028455734
474	-47.58	-47.58	-50.0	-9.038454	12.70008	11.673893	-60.88687	nan	0.0	1187500	28714.099499940872
475	-46.2	-46.2	-48.8	-8.817516	12.268975	6.8971615	-76.21622	nan	0.1	1190000	28754.663455963135
476	-48.72	-48.72	-47.7	-8.374278	11.579472	12.878195	-65.46484	nan	0.2	1192500	28794.64118885994
477	-48.94	-48.94	-46.9	-7.9499435	11.169333	6.8254642	-83.274475	nan	0.1	1195000	28834.540266513824
478	-47.54	-47.54	-47.9	-8.224572	11.451745	6.7787304	-76.405945	nan	0.1	1197500	28875.238290309906
479	-46.82	-46.82	-42.399998	-8.436518	11.671652	6.611183	-61.903557	nan	0.3	1200000	28915.24778985977
480	-44.88	-44.88	-46.3	-8.471982	11.791034	8.395409	-60.89756	nan	0.2	1202500	28956.568173646927
481	-46.14	-46.14	-48.1	-8.338778	11.674797	9.511065	-66.32555	nan	0.1	1205000	28997.186477184296
482	-47.56	-47.56	-50.0	-8.150662	11.398182	8.803453	-64.745	nan	0.0	1207500	29036.720509052277
483	-47.08	-47.08	-47.7	-8.078423	11.292028	11.929501	-69.14349	nan	0.1	1210000	29076.63146352768
484	-47.9	-47.9	-40.3	-8.144222	11.329245	6.630501	-67.3878	nan	0.5	1212500	29116.594234466553
485	-45.74	-45.74	-49.4	-8.398735	11.664006	6.297209	-65.68198	nan	0.1	1215000	29157.11038327217
486	-47.68	-47.68	-45.399998	-8.678029	12.073563	9.549641	-62.778687	nan	0.2	1217500	29197.20280599594
487	-48.38	-48.38	-43.7	-8.956544	12.513877	6.7798386	-69.30504	nan	0.3	1220000	29237.60315489769
488	-46.5	-46.5	-46.0	-9.019168	12.686481	14.737421	-72.978745	nan	0.1	1222500	29278.580418348312
489	-46.94	-46.94	-48.3	-9.080562	12.782302	15.609337	-60.364456	nan	0.1	1225000	29318.801149606705
490	-47.58	-47.58	-43.899998	-8.961021	12.590988	8.371973	-79.44785	nan	0.1	1227500	29359.38231420517
491	-47.16	-47.16	-44.899998	-8.84802	12.371875	6.2492447	-64.3868	nan	0.1	1230000	29400.807941913605
492	-48.7	-48.7	-47.6	-8.749751	12.2297125	6.2065163	-75.15082	nan	0.1	1232500	29441.48348546028
493	-48.22	-48.22	-44.600002	-8.750585	12.182122	7.568321	-64.42528	nan	0.3	1235000	29481.74814558029
494	-46.28	-46.28	-47.8	-8.755869	12.154432	9.031876	-61.393044	nan	0.1	1237500	29521.446003198624
495	-47.44	-47.44	-37.399998	-8.695384	11.995147	6.4227104	-63.71804	nan	0.5	1240000	29560.773805618286
496	-46.6	-46.6	-45.5	-8.722384	12.02744	7.831249	-61.163895	nan	0.3	1242500	29599.055770158768
497	-48.18	-48.18	-38.100002	-8.63902	11.983718	11.700842	-61.60518	nan	0.4	1245000	29639.19720840454
498	-47.34	-47.34	-42.100002	-8.477918	11.800347	7.774887	-67.76125	nan	0.2	1247500	29679.124157190323
499	-46.5	-46.5	-46.399998	-8.509118	11.791317	7.228401	-61.322784	nan	0.1	1250000	29720.040821313858
