Epoch	EpRet	EpRealRet	TestEpRet	AverageQ1	StdQ1	MaxQ1	MinQ1	Q2	TestSuccess	TotalEnvInteracts	TotalTime
0	-47.98	-47.98	-50.0	-0.9236603	1.6985818	1.9333425	-12.680081	-0.9236603	0.0	2500	24.38948655128479
1	-49.0	-49.0	-45.0	-2.0106006	4.0409346	1.2094209	-25.334015	-2.0106006	0.1	5000	53.42190885543823
2	-48.8	-48.8	-50.0	-2.8132966	5.7815347	0.812768	-29.036247	-2.8132966	0.0	7500	83.03091216087341
3	-48.0	-48.0	-50.0	-3.5099611	7.244807	1.0822263	-45.0062	-3.5099611	0.0	10000	112.57859182357788
4	-46.0	-46.0	-45.0	-4.07791	8.438188	2.1791499	-43.496586	-4.07791	0.1	12500	142.62471413612366
5	-49.3	-49.3	-45.0	-4.5149255	9.3855095	1.4827504	-46.238792	-4.5149255	0.1	15000	173.40456652641296
6	-49.0	-49.0	-50.0	-4.905226	10.173399	1.9195752	-44.444298	-4.905226	0.0	17500	203.40271377563477
7	-48.96	-48.96	-50.0	-5.164507	10.731529	3.4237099	-47.200165	-5.164507	0.0	20000	232.71303915977478
8	-48.78	-48.78	-50.0	-5.4776926	11.370131	4.4782023	-52.233944	-5.4776926	0.0	22500	262.60937094688416
9	-50.0	-50.0	-45.0	-5.741566	11.877861	2.4545765	-55.892605	-5.741566	0.1	25000	292.5231821537018
10	-47.86	-47.86	-49.9	-6.0040703	12.380561	2.8973808	-50.083233	-6.0040703	0.0	27500	322.4335997104645
11	-44.16	-44.16	-50.0	-6.135636	12.737226	2.7865045	-51.173435	-6.135636	0.0	30000	351.95751428604126
12	-47.88	-47.88	-50.0	-6.339306	13.112142	2.8811142	-50.080376	-6.339306	0.0	32500	382.3695168495178
13	-48.0	-48.0	-50.0	-6.4378257	13.336541	2.7395964	-50.084816	-6.4378257	0.0	35000	411.8800423145294
14	-49.0	-49.0	-45.0	-6.5361323	13.540113	8.202077	-54.652954	-6.5361323	0.1	37500	441.7333381175995
15	-47.88	-47.88	-50.0	-6.582621	13.644701	3.5010672	-54.560467	-6.582621	0.0	40000	471.7393879890442
16	-48.0	-48.0	-45.0	-6.6557617	13.721141	2.0633862	-54.74273	-6.6557617	0.1	42500	501.0541911125183
17	-49.0	-49.0	-40.0	-6.671312	13.762584	2.5637627	-52.44828	-6.671312	0.2	45000	530.626722574234
18	-49.0	-49.0	-50.0	-6.735615	13.90236	2.914964	-52.977962	-6.735615	0.0	47500	560.5496983528137
19	-47.0	-47.0	-50.0	-6.7453456	13.936966	4.898489	-55.662724	-6.7453456	0.0	50000	590.0594763755798
20	-49.0	-49.0	-50.0	-6.809769	14.052058	5.5770826	-53.931805	-6.809769	0.0	52500	619.5839955806732
21	-49.98	-49.98	-45.399998	-6.8443336	14.088624	2.842228	-51.56043	-6.8443336	0.1	55000	649.0209631919861
22	-48.18	-48.18	-40.0	-6.8569875	14.061837	4.9334097	-68.764465	-6.8569875	0.2	57500	678.1737115383148
23	-47.9	-47.9	-50.0	-6.8073635	13.960273	4.0006557	-52.09229	-6.8073635	0.0	60000	708.3153047561646
24	-49.94	-49.94	-50.0	-6.7845535	13.896828	8.686393	-53.1331	-6.7845535	0.0	62500	737.6868524551392
25	-49.16	-49.16	-50.0	-6.747085	13.811218	4.0190835	-53.21982	-6.747085	0.0	65000	767.485377073288
26	-48.48	-48.48	-49.1	-6.7211485	13.743214	4.287873	-52.820435	-6.7211485	0.0	67500	797.048264503479
27	-47.98	-47.98	-40.0	-6.7071395	13.70352	3.7187717	-52.575478	-6.7071395	0.2	70000	826.8248040676117
28	-47.86	-47.86	-45.0	-6.786473	13.759602	4.1963716	-53.262276	-6.786473	0.1	72500	856.5198793411255
29	-48.22	-48.22	-50.0	-6.7399445	13.713944	6.5184298	-54.826252	-6.7399445	0.0	75000	886.1216702461243
30	-48.3	-48.3	-45.899998	-6.6946282	13.663816	3.8546705	-54.0631	-6.6946282	0.1	77500	916.4384446144104
31	-49.96	-49.96	-47.6	-6.6658077	13.626448	5.0651636	-55.541588	-6.6658077	0.1	80000	946.2702393531799
32	-47.0	-47.0	-44.8	-6.650315	13.600095	4.531615	-57.87607	-6.650315	0.1	82500	975.569007396698
33	-46.28	-46.28	-50.0	-6.62496	13.564237	5.3936343	-53.200737	-6.62496	0.0	85000	1005.1902115345001
34	-47.42	-47.42	-49.1	-6.6229286	13.563425	8.015879	-53.05913	-6.6229286	0.0	87500	1035.0747442245483
35	-47.84	-47.84	-49.8	-6.5887213	13.501067	3.242957	-52.108482	-6.5887213	0.0	90000	1064.7777795791626
36	-50.0	-50.0	-50.0	-6.5701036	13.454748	7.6574	-54.36367	-6.5701036	0.0	92500	1094.1024692058563
37	-43.8	-43.8	-45.0	-6.560668	13.466004	6.8998256	-54.609077	-6.560668	0.1	95000	1124.5063450336456
38	-43.06	-43.06	-50.0	-6.5656776	13.535653	4.346434	-55.088352	-6.5656776	0.0	97500	1154.5317175388336
39	-47.84	-47.84	-49.4	-6.579965	13.538954	3.7149186	-53.719086	-6.579965	0.0	100000	1184.0744502544403
40	-46.86	-46.86	-49.4	-6.4870076	13.425804	3.8951123	-55.397095	-6.4870076	0.0	102500	1213.8727247714996
41	-46.6	-46.6	-45.3	-6.478903	13.394166	4.567605	-54.43538	-6.478903	0.1	105000	1243.5281414985657
42	-46.1	-46.1	-50.0	-6.4893527	13.377105	4.840076	-56.026207	-6.4893527	0.0	107500	1272.9626212120056
43	-44.72	-44.72	-49.4	-6.408881	13.258755	4.3399763	-60.9445	-6.408881	0.0	110000	1302.5882987976074
44	-47.54	-47.54	-49.2	-6.4617977	13.298435	4.1027446	-55.654266	-6.4617977	0.0	112500	1331.7353460788727
45	-47.62	-47.62	-44.899998	-6.427132	13.242756	4.0884414	-56.564777	-6.427132	0.1	115000	1361.2108721733093
46	-48.32	-48.32	-41.8	-6.3825183	13.176786	4.5621185	-55.435783	-6.3825183	0.2	117500	1391.2055509090424
47	-46.3	-46.3	-50.0	-6.333536	13.064064	5.143003	-55.32997	-6.333536	0.0	120000	1420.917991399765
48	-46.24	-46.24	-44.8	-6.2900906	12.998682	4.3508744	-55.137993	-6.2900906	0.1	122500	1449.79225897789
49	-47.26	-47.26	-43.8	-6.3361025	13.009138	4.6131496	-57.6487	-6.3361025	0.1	125000	1478.8769872188568
50	-49.04	-49.04	-50.0	-6.3268685	13.014305	4.667402	-54.154938	-6.3268685	0.0	127500	1508.6278069019318
51	-49.06	-49.06	-40.3	-6.2426744	12.911131	4.3692203	-54.39158	-6.2426744	0.2	130000	1537.8282396793365
52	-48.68	-48.68	-49.5	-6.2419868	12.9168415	2.6046696	-58.465267	-6.2419868	0.0	132500	1567.2231061458588
53	-45.86	-45.86	-49.3	-6.2179556	12.88461	5.500938	-56.929058	-6.2179556	0.0	135000	1597.1158883571625
54	-45.72	-45.72	-46.7	-6.25753	12.92868	4.2864914	-56.585293	-6.25753	0.1	137500	1626.7980864048004
55	-46.72	-46.72	-44.3	-6.3016276	12.983555	5.6537113	-61.917046	-6.3016276	0.1	140000	1657.6799728870392
56	-47.42	-47.42	-38.399998	-6.2755346	12.944005	4.8856177	-53.946083	-6.2755346	0.2	142500	1687.3172936439514
57	-43.56	-43.56	-45.0	-6.25518	12.921929	4.42129	-57.30915	-6.25518	0.1	145000	1717.2767052650452
58	-43.26	-43.26	-49.7	-6.2568407	12.90151	3.0307193	-54.86381	-6.2568407	0.0	147500	1746.7157571315765
59	-49.36	-49.36	-49.9	-6.2257967	12.847105	4.5658984	-58.124237	-6.2257967	0.0	150000	1776.5496447086334
60	-46.12	-46.12	-49.8	-6.230533	12.840495	4.0891995	-59.325794	-6.230533	0.0	152500	1805.6880931854248
61	-47.3	-47.3	-45.0	-6.2190266	12.765308	4.9977922	-56.593582	-6.2190266	0.1	155000	1835.309313774109
62	-48.42	-48.42	-44.899998	-6.1494837	12.656736	10.032584	-55.904915	-6.1494837	0.1	157500	1864.9452528953552
63	-48.0	-48.0	-46.7	-6.0990696	12.524436	4.769501	-56.07728	-6.0990696	0.1	160000	1894.0989820957184
64	-46.16	-46.16	-49.5	-6.0601687	12.430122	6.0394654	-61.927296	-6.0601687	0.0	162500	1922.9738326072693
65	-43.84	-43.84	-43.3	-6.0354757	12.332588	4.7448025	-57.325558	-6.0354757	0.1	165000	1952.691039800644
66	-46.52	-46.52	-49.8	-5.9078965	12.065672	5.3514714	-55.989857	-5.9078965	0.0	167500	1982.7454750537872
67	-46.6	-46.6	-36.899998	-5.8274155	11.824437	3.9409266	-58.615726	-5.8274155	0.2	170000	2012.7477238178253
68	-47.16	-47.16	-45.899998	-5.7798443	11.656032	4.753022	-58.91903	-5.7798443	0.1	172500	2042.6707255840302
69	-46.66	-46.66	-37.5	-5.7116466	11.51183	5.426712	-63.62836	-5.7116466	0.4	175000	2072.895354986191
70	-47.58	-47.58	-46.7	-5.735732	11.49236	4.8961234	-59.621964	-5.735732	0.1	177500	2103.2479214668274
71	-45.62	-45.62	-44.7	-5.751525	11.478357	5.4433355	-64.31997	-5.751525	0.1	180000	2132.8252305984497
72	-41.54	-41.54	-37.399998	-5.774065	11.551873	4.409107	-56.86201	-5.774065	0.4	182500	2162.5765087604523
73	-46.34	-46.34	-49.6	-5.8520517	11.724288	6.5742254	-58.831985	-5.8520517	0.0	185000	2191.898435115814
74	-44.58	-44.58	-49.5	-5.9498534	11.943214	11.196413	-61.876648	-5.9498534	0.0	187500	2221.3687329292297
75	-45.48	-45.48	-43.8	-5.9427657	12.018191	4.7773724	-57.035587	-5.9427657	0.1	190000	2251.1252093315125
76	-44.78	-44.78	-47.7	-5.966491	12.103838	7.108772	-57.62355	-5.966491	0.1	192500	2281.0222306251526
77	-45.06	-45.06	-47.0	-5.966742	12.122212	7.3819785	-56.405884	-5.966742	0.1	195000	2309.91233253479
78	-46.44	-46.44	-39.7	-5.9875283	12.191857	7.3473754	-55.568314	-5.9875283	0.2	197500	2339.413682937622
79	-46.76	-46.76	-43.3	-5.965976	12.164998	5.637748	-60.94813	-5.965976	0.2	200000	2369.509842157364
80	-47.86	-47.86	-42.7	-5.9752355	12.1247425	5.8097014	-63.368984	-5.9752355	0.2	202500	2399.281796693802
81	-45.3	-45.3	-47.0	-6.0044785	12.117075	8.18791	-60.25241	-6.0044785	0.0	205000	2428.772351026535
82	-46.48	-46.48	-42.899998	-5.9736123	12.065657	4.560812	-56.759098	-5.9736123	0.2	207500	2458.8441417217255
83	-45.56	-45.56	-39.3	-6.0062723	12.034064	4.333992	-59.704914	-6.0062723	0.2	210000	2489.2786281108856
84	-46.64	-46.64	-47.5	-6.0463047	12.049595	3.6731143	-60.471424	-6.0463047	0.1	212500	2520.051010131836
85	-45.52	-45.52	-41.8	-6.030043	11.98885	5.6839304	-60.556942	-6.030043	0.3	215000	2550.4528188705444
86	-47.16	-47.16	-44.399998	-6.0617867	11.9671545	9.144051	-56.197216	-6.0617867	0.1	217500	2580.176106929779
87	-44.12	-44.12	-42.2	-6.0146246	11.897352	4.7528872	-58.97429	-6.0146246	0.2	220000	2609.5696642398834
88	-42.82	-42.82	-47.8	-6.031302	11.868413	7.526733	-58.849396	-6.031302	0.1	222500	2639.7275857925415
89	-44.26	-44.26	-47.7	-6.028989	11.840017	6.826714	-59.108364	-6.028989	0.1	225000	2669.129660844803
90	-46.16	-46.16	-43.3	-6.0349326	11.825398	9.623823	-57.423996	-6.0349326	0.2	227500	2699.228886127472
91	-47.34	-47.34	-38.100002	-5.99538	11.749594	7.279934	-60.901398	-5.99538	0.2	230000	2728.5961349010468
92	-45.1	-45.1	-46.5	-5.957786	11.6443405	4.2442713	-71.58862	-5.957786	0.1	232500	2758.2656145095825
93	-44.92	-44.92	-41.2	-5.958873	11.5756	7.056073	-63.59058	-5.958873	0.2	235000	2788.3967609405518
94	-44.42	-44.42	-43.5	-5.936334	11.501886	5.1298914	-56.75086	-5.936334	0.2	237500	2817.6214170455933
95	-42.4	-42.4	-42.899998	-5.9380774	11.445238	7.778046	-61.006462	-5.9380774	0.1	240000	2846.799836874008
96	-43.24	-43.24	-38.100002	-5.893831	11.366649	4.9161887	-58.809345	-5.893831	0.3	242500	2876.7740395069122
97	-45.2	-45.2	-49.6	-5.940198	11.406123	7.8675146	-58.260715	-5.940198	0.1	245000	2906.0182881355286
98	-46.9	-46.9	-47.2	-5.935766	11.366781	10.436418	-58.65586	-5.935766	0.1	247500	2935.769154548645
99	-45.8	-45.8	-42.2	-5.9397635	11.405294	11.52234	-56.505783	-5.9397635	0.2	250000	2965.2090244293213
100	-45.32	-45.32	-49.9	-6.0022197	11.503912	7.231519	-55.81214	-6.0022197	0.0	252500	2994.31618475914
101	-42.72	-42.72	-48.0	-6.004986	11.484192	4.732725	-63.43739	-6.004986	0.1	255000	3024.252265691757
102	-43.64	-43.64	-40.2	-6.027201	11.5099325	6.9544683	-60.513344	-6.027201	0.3	257500	3054.0130524635315
103	-44.72	-44.72	-48.5	-6.009356	11.4541445	6.755439	-57.632294	-6.009356	0.0	260000	3083.8963725566864
104	-45.06	-45.06	-36.0	-6.0293026	11.444942	10.612171	-63.649513	-6.0293026	0.4	262500	3113.303056240082
105	-42.68	-42.68	-42.5	-6.0183334	11.390152	5.80724	-59.476357	-6.0183334	0.2	265000	3143.623515367508
106	-45.96	-45.96	-46.8	-6.0268726	11.348617	5.788826	-63.553688	-6.0268726	0.0	267500	3173.8212502002716
107	-42.52	-42.52	-34.899998	-5.987802	11.272569	5.502658	-57.461304	-5.987802	0.4	270000	3203.711365699768
108	-45.0	-45.0	-36.8	-5.967526	11.233502	4.1836314	-61.415268	-5.967526	0.4	272500	3233.651990890503
109	-42.98	-42.98	-43.100002	-5.9604454	11.185652	3.7363403	-59.363655	-5.9604454	0.2	275000	3262.4057700634003
110	-45.34	-45.34	-44.100002	-5.937006	11.091072	4.6918855	-60.953056	-5.937006	0.2	277500	3291.6491696834564
111	-44.94	-44.94	-39.600002	-5.9334326	10.997744	4.4661517	-58.807194	-5.9334326	0.3	280000	3321.218986749649
112	-41.78	-41.78	-42.399998	-5.8846226	10.896841	8.102207	-58.851383	-5.8846226	0.3	282500	3351.265494823456
113	-40.54	-40.54	-42.600002	-5.876714	10.813696	5.5757537	-60.51162	-5.876714	0.2	285000	3380.955173969269
114	-45.34	-45.34	-46.6	-5.8434286	10.72872	6.2192044	-58.381783	-5.8434286	0.0	287500	3409.082524061203
115	-42.9	-42.9	-41.3	-5.805083	10.651074	4.9034877	-61.406155	-5.805083	0.2	290000	3438.770314693451
116	-41.74	-41.74	-46.9	-5.8237534	10.628996	5.021059	-64.72154	-5.8237534	0.0	292500	3467.8995826244354
117	-45.44	-45.44	-32.0	-5.8124757	10.571557	5.6884	-64.889244	-5.8124757	0.4	295000	3497.293911933899
118	-45.8	-45.8	-39.8	-5.8047724	10.518652	6.8844733	-57.58398	-5.8047724	0.2	297500	3527.5564465522766
119	-38.78	-38.78	-42.5	-5.789749	10.411726	5.190592	-61.709965	-5.789749	0.1	300000	3556.9374651908875
120	-41.48	-41.48	-41.5	-5.773962	10.342654	4.5715127	-61.08995	-5.773962	0.3	302500	3586.422590494156
121	-43.58	-43.58	-38.5	-5.7394915	10.300819	5.198938	-67.85773	-5.7394915	0.4	305000	3615.5123991966248
122	-43.66	-43.66	-40.0	-5.7565627	10.286477	4.4493995	-59.024807	-5.7565627	0.2	307500	3645.050690174103
123	-43.18	-43.18	-38.7	-5.802771	10.284111	6.339204	-62.970478	-5.802771	0.4	310000	3674.101458787918
124	-44.24	-44.24	-32.7	-5.7929645	10.284475	4.8489623	-59.448017	-5.7929645	0.3	312500	3703.681610584259
125	-42.9	-42.9	-47.4	-5.8268266	10.301068	4.814266	-62.158237	-5.8268266	0.1	315000	3733.4376304149628
126	-42.34	-42.34	-40.600002	-5.814904	10.321337	6.1227045	-62.99799	-5.814904	0.3	317500	3763.0208973884583
127	-41.24	-41.24	-35.399998	-5.841465	10.340155	6.415864	-64.02922	-5.841465	0.4	320000	3792.586807489395
128	-39.92	-39.92	-46.7	-5.8539686	10.336335	7.007013	-59.90495	-5.8539686	0.0	322500	3822.6721515655518
129	-42.46	-42.46	-38.7	-5.848083	10.295871	6.4816794	-58.26626	-5.848083	0.4	325000	3852.702695608139
130	-41.88	-41.88	-35.600002	-5.8733096	10.295244	10.292018	-65.5725	-5.8733096	0.4	327500	3882.5080971717834
131	-41.54	-41.54	-40.899998	-5.8877497	10.290442	5.0924783	-61.454796	-5.8877497	0.3	330000	3912.4922540187836
132	-39.66	-39.66	-40.7	-5.856557	10.212271	6.2171583	-61.871994	-5.856557	0.1	332500	3942.252983570099
133	-43.22	-43.22	-32.600002	-5.849042	10.127468	8.64992	-64.953995	-5.849042	0.5	335000	3972.021072626114
134	-43.2	-43.2	-36.899998	-5.8162785	9.985772	4.248477	-73.808716	-5.8162785	0.5	337500	4001.6588320732117
135	-40.52	-40.52	-34.399998	-5.8048406	9.943261	3.678217	-59.60883	-5.8048406	0.5	340000	4031.1804752349854
136	-42.88	-42.88	-29.5	-5.813352	9.897393	4.894072	-67.88251	-5.813352	0.5	342500	4060.8642785549164
137	-39.24	-39.24	-38.3	-5.7937074	9.837838	4.631872	-67.031	-5.7937074	0.3	345000	4090.3744280338287
138	-39.84	-39.84	-25.0	-5.757744	9.766194	5.3357143	-78.28472	-5.757744	0.5	347500	4119.974196434021
139	-39.76	-39.76	-35.899998	-5.774331	9.768789	9.0622635	-73.52395	-5.774331	0.5	350000	4149.618611097336
140	-42.56	-42.56	-44.100002	-5.7913675	9.740021	5.051415	-63.83306	-5.7913675	0.2	352500	4179.384813785553
141	-40.32	-40.32	-38.3	-5.7588034	9.69404	5.8898716	-67.90377	-5.7588034	0.5	355000	4208.6671595573425
142	-37.0	-37.0	-29.2	-5.7651777	9.661402	5.209658	-64.04344	-5.7651777	0.5	357500	4238.806960821152
143	-39.88	-39.88	-27.9	-5.7627616	9.607369	5.416834	-61.13167	-5.7627616	0.6	360000	4267.9195029735565
144	-35.8	-35.8	-24.2	-5.7273107	9.545223	5.1076736	-72.77537	-5.7273107	0.6	362500	4297.740203380585
145	-38.76	-38.76	-31.2	-5.6960077	9.464434	5.7533875	-75.6945	-5.6960077	0.4	365000	4326.437413215637
146	-38.26	-38.26	-39.0	-5.6772757	9.385367	4.8207197	-79.639206	-5.6772757	0.4	367500	4355.199175357819
147	-40.5	-40.5	-33.600002	-5.6370325	9.286364	4.7178855	-83.8296	-5.6370325	0.3	370000	4384.996392250061
148	-39.06	-39.06	-40.100002	-5.6163893	9.208483	5.687912	-59.790066	-5.6163893	0.2	372500	4414.152438163757
149	-37.48	-37.48	-27.7	-5.5713253	9.02327	5.1143484	-68.148315	-5.5713253	0.6	375000	4443.417034864426
150	-38.44	-38.44	-33.100002	-5.533582	8.919717	7.4771066	-69.129684	-5.533582	0.4	377500	4473.320180892944
151	-40.18	-40.18	-32.0	-5.527467	8.879364	9.215145	-59.69741	-5.527467	0.4	380000	4502.062572717667
152	-37.6	-37.6	-25.7	-5.5507545	8.814528	6.541333	-74.85322	-5.5507545	0.5	382500	4532.855419397354
153	-40.82	-40.82	-27.7	-5.4440503	8.64445	4.903346	-67.994026	-5.4440503	0.5	385000	4562.81125998497
154	-38.12	-38.12	-27.5	-5.4531484	8.585486	5.254033	-61.417572	-5.4531484	0.5	387500	4592.783404111862
155	-41.58	-41.58	-36.2	-5.4586234	8.522366	5.196499	-64.47359	-5.4586234	0.2	390000	4621.869197845459
156	-40.7	-40.7	-20.9	-5.483428	8.47929	6.377644	-64.35764	-5.483428	0.5	392500	4651.247613668442
157	-38.26	-38.26	-22.4	-5.48781	8.47516	6.0953665	-64.68829	-5.48781	0.8	395000	4682.2905395030975
158	-37.54	-37.54	-25.6	-5.485528	8.484131	5.659781	-62.83716	-5.485528	0.7	397500	4712.5404233932495
159	-39.0	-39.0	-23.1	-5.4952445	8.534518	4.8743277	-66.58428	-5.4952445	0.6	400000	4742.29252743721
160	-33.92	-33.92	-27.7	-5.500411	8.547482	8.541376	-60.769558	-5.500411	0.5	402500	4772.567660331726
161	-38.32	-38.32	-24.4	-5.456681	8.459364	6.720522	-60.519634	-5.456681	0.8	405000	4802.157960653305
162	-39.5	-39.5	-35.399998	-5.4726253	8.388805	5.6372385	-62.098736	-5.4726253	0.4	407500	4831.546811103821
163	-36.62	-36.62	-34.5	-5.3848433	8.261742	5.1039424	-58.69694	-5.3848433	0.4	410000	4861.911554098129
164	-38.7	-38.7	-23.4	-5.3575253	8.195546	11.147962	-73.165436	-5.3575253	0.7	412500	4891.585985898972
165	-38.84	-38.84	-15.8	-5.3316264	8.1119995	4.755583	-60.15908	-5.3316264	0.8	415000	4921.077094078064
166	-39.12	-39.12	-27.9	-5.346648	8.111458	5.0377207	-61.72378	-5.346648	0.4	417500	4950.908303260803
167	-35.48	-35.48	-29.8	-5.359433	8.105076	6.5591974	-62.280914	-5.359433	0.6	420000	4980.845771074295
168	-38.9	-38.9	-31.7	-5.38605	8.140396	4.75533	-68.05606	-5.38605	0.5	422500	5010.575465917587
169	-39.54	-39.54	-21.4	-5.3522067	8.061299	4.5051274	-67.51508	-5.3522067	0.7	425000	5040.27680516243
170	-38.78	-38.78	-32.5	-5.356833	7.994289	4.603587	-62.22735	-5.356833	0.5	427500	5069.604625463486
171	-36.44	-36.44	-20.1	-5.339227	7.9402375	5.519512	-61.257175	-5.339227	0.7	430000	5099.112371206284
172	-37.38	-37.38	-24.9	-5.351442	7.94008	4.6796837	-61.705284	-5.351442	0.6	432500	5129.087536811829
173	-35.58	-35.58	-23.5	-5.349779	7.9094157	6.985041	-61.6285	-5.349779	0.9	435000	5159.1944279670715
174	-42.74	-42.74	-20.6	-5.3211665	7.870505	6.7154756	-62.28596	-5.3211665	0.7	437500	5189.061072349548
175	-35.34	-35.34	-30.9	-5.267077	7.80281	5.3828554	-66.17898	-5.267077	0.4	440000	5219.004374027252
176	-35.56	-35.56	-27.5	-5.2605915	7.7298994	4.62158	-65.81333	-5.2605915	0.5	442500	5249.080931186676
177	-35.76	-35.76	-21.4	-5.2159066	7.60023	5.6812	-65.42635	-5.2159066	0.8	445000	5278.658106803894
178	-39.54	-39.54	-26.8	-5.186844	7.494202	4.690624	-59.55594	-5.186844	0.5	447500	5308.567407846451
179	-36.4	-36.4	-30.9	-5.184357	7.4955435	8.629213	-59.53989	-5.184357	0.4	450000	5338.475615978241
180	-36.18	-36.18	-23.199999	-5.1549926	7.4358907	4.958763	-58.23476	-5.1549926	0.7	452500	5367.8971309661865
181	-33.42	-33.42	-18.199999	-5.1216364	7.352956	5.552595	-59.07544	-5.1216364	0.6	455000	5397.8299152851105
182	-40.2	-40.2	-14.3	-5.1047683	7.30609	6.7602987	-59.484505	-5.1047683	0.7	457500	5427.7675948143005
183	-34.16	-34.16	-31.2	-5.0902457	7.310921	6.0851755	-62.21977	-5.0902457	0.4	460000	5457.670934438705
184	-38.62	-38.62	-27.8	-5.117906	7.3576307	9.637882	-67.46453	-5.117906	0.5	462500	5488.091731309891
185	-40.28	-40.28	-32.5	-5.1467505	7.396249	8.661949	-59.029915	-5.1467505	0.4	465000	5518.326104640961
186	-38.94	-38.94	-22.5	-5.1146097	7.371636	8.104714	-59.62322	-5.1146097	0.6	467500	5548.5037388801575
187	-37.08	-37.08	-18.0	-5.0840583	7.3455443	5.556183	-58.54057	-5.0840583	0.8	470000	5578.654714107513
188	-33.34	-33.34	-19.800001	-5.084008	7.314381	9.0667305	-63.60234	-5.084008	0.7	472500	5608.220866680145
189	-36.4	-36.4	-25.4	-5.0555024	7.2741528	4.244673	-56.99655	-5.0555024	0.5	475000	5637.106798648834
190	-40.02	-40.02	-29.5	-5.0436187	7.236029	5.99335	-57.813705	-5.0436187	0.4	477500	5666.507457494736
191	-38.66	-38.66	-24.6	-5.0286894	7.18544	6.032886	-58.09178	-5.0286894	0.5	480000	5696.131597518921
192	-37.2	-37.2	-19.5	-5.0394464	7.1633725	6.4513717	-57.404106	-5.0394464	0.7	482500	5725.644171476364
193	-32.78	-32.78	-20.4	-4.9965963	7.1558485	6.152994	-57.381344	-4.9965963	0.8	485000	5755.669915437698
194	-33.58	-33.58	-18.699999	-4.954579	7.09348	4.368499	-59.61541	-4.954579	0.8	487500	5785.652293682098
195	-31.88	-31.88	-15.2	-4.939391	7.072602	5.7337265	-58.98541	-4.939391	0.7	490000	5815.489701747894
196	-35.96	-35.96	-16.1	-4.929235	6.9986196	6.335349	-56.948708	-4.929235	0.8	492500	5845.487787246704
197	-35.16	-35.16	-27.4	-4.8251333	6.7727957	5.037877	-61.242523	-4.8251333	0.5	495000	5875.339194536209
198	-35.58	-35.58	-17.5	-4.7784457	6.5800257	4.662738	-57.402767	-4.7784457	0.6	497500	5905.341343641281
199	-32.88	-32.88	-20.5	-4.7333465	6.430665	9.110287	-57.374588	-4.7333465	0.8	500000	5934.436003446579
200	-32.72	-32.72	-22.0	-4.7059216	6.4181676	5.6595364	-56.21794	-4.7059216	0.6	502500	5964.80472111702
201	-37.6	-37.6	-21.0	-4.7084684	6.4291945	4.3917	-58.65526	-4.7084684	0.8	505000	5994.332125902176
202	-35.12	-35.12	-27.6	-4.705725	6.4166126	11.224594	-60.46246	-4.705725	0.6	507500	6024.748769283295
203	-39.62	-39.62	-23.4	-4.7014713	6.4210396	4.2805033	-58.212273	-4.7014713	0.4	510000	6054.368618488312
204	-31.62	-31.62	-21.699999	-4.686593	6.441716	6.867942	-59.115726	-4.686593	0.7	512500	6084.080964565277
205	-34.64	-34.64	-16.800001	-4.6836042	6.4580064	7.425105	-61.372566	-4.6836042	0.8	515000	6114.2384033203125
206	-34.74	-34.74	-18.1	-4.667559	6.3958783	5.1222477	-55.931843	-4.667559	0.6	517500	6144.637313127518
207	-33.68	-33.68	-21.9	-4.6410513	6.3530045	7.2714257	-62.64283	-4.6410513	0.7	520000	6175.365040063858
208	-35.04	-35.04	-19.0	-4.5979114	6.354654	4.021503	-60.268105	-4.5979114	0.5	522500	6205.610347509384
209	-32.3	-32.3	-19.9	-4.6251884	6.4601097	7.0012217	-68.32234	-4.6251884	0.8	525000	6235.324418306351
210	-34.76	-34.76	-22.4	-4.6449223	6.557928	4.70928	-57.930576	-4.6449223	0.7	527500	6265.609812736511
211	-33.32	-33.32	-17.6	-4.6029425	6.573627	7.7016106	-62.765457	-4.6029425	0.9	530000	6296.126284360886
212	-35.22	-35.22	-17.800001	-4.5953326	6.530015	6.7700415	-70.65623	-4.5953326	0.8	532500	6326.743913650513
213	-37.66	-37.66	-15.5	-4.5629635	6.4858932	4.7362237	-56.63905	-4.5629635	0.9	535000	6356.261516332626
214	-36.86	-36.86	-20.6	-4.54468	6.43693	8.363164	-61.03924	-4.54468	0.6	537500	6386.3358471393585
215	-35.1	-35.1	-9.099999	-4.543899	6.472535	6.15545	-63.75678	-4.543899	1.0	540000	6416.20984172821
216	-34.94	-34.94	-14.8	-4.5082464	6.4046164	3.919675	-59.693626	-4.5082464	0.9	542500	6447.076583862305
217	-32.52	-32.52	-16.800001	-4.438249	6.2821918	7.7057343	-59.3907	-4.438249	1.0	545000	6477.337162733078
218	-33.1	-33.1	-16.199999	-4.3954635	6.2048078	6.4926896	-61.215736	-4.3954635	0.8	547500	6507.832187652588
219	-28.92	-28.92	-16.699999	-4.3600116	6.110489	7.600148	-59.368217	-4.3600116	0.8	550000	6538.4787085056305
220	-33.16	-33.16	-16.4	-4.298459	6.0105433	7.063726	-57.91619	-4.298459	0.9	552500	6568.727658748627
221	-30.08	-30.08	-15.2	-4.242928	5.9034076	3.5519602	-59.30912	-4.242928	0.9	555000	6600.603247642517
222	-36.5	-36.5	-10.099999	-4.182468	5.749587	14.591252	-59.96358	-4.182468	0.9	557500	6630.869626045227
223	-31.54	-31.54	-13.6	-4.199478	5.6937056	4.454097	-55.131268	-4.199478	1.0	560000	6661.096625089645
224	-30.34	-30.34	-14.7	-4.1448975	5.5866604	4.676077	-57.671406	-4.1448975	0.8	562500	6691.107147932053
225	-35.06	-35.06	-13.3	-4.1378045	5.5382113	5.955742	-54.145107	-4.1378045	0.9	565000	6721.047184228897
226	-36.02	-36.02	-14.5	-4.123625	5.5604835	11.587511	-66.762405	-4.123625	0.9	567500	6750.818985700607
227	-32.94	-32.94	-11.599999	-4.1446714	5.62278	8.0292225	-60.693256	-4.1446714	0.9	570000	6781.2669360637665
228	-31.84	-31.84	-13.8	-4.124611	5.669705	8.905518	-64.25146	-4.124611	0.9	572500	6810.899278879166
229	-33.56	-33.56	-19.300001	-4.1437044	5.708082	6.072197	-62.861153	-4.1437044	0.9	575000	6841.279856920242
230	-31.82	-31.82	-12.5	-4.141594	5.776725	5.3907804	-67.049416	-4.141594	1.0	577500	6871.01589012146
231	-33.0	-33.0	-19.800001	-4.142183	5.839605	5.2960253	-63.971592	-4.142183	0.9	580000	6900.841921329498
232	-31.64	-31.64	-14.4	-4.131937	5.8790956	3.870297	-58.635677	-4.131937	0.9	582500	6930.805312871933
233	-32.64	-32.64	-11.2	-4.135844	5.967922	11.154688	-76.7742	-4.135844	1.0	585000	6961.888169527054
234	-32.7	-32.7	-12.4	-4.114694	5.9074306	11.5054035	-56.650555	-4.114694	1.0	587500	6993.035468816757
235	-30.36	-30.36	-11.599999	-4.0985703	5.862509	11.986736	-70.81234	-4.0985703	1.0	590000	7023.161905527115
236	-33.56	-33.56	-15.2	-4.048655	5.776384	8.701544	-73.727875	-4.048655	0.8	592500	7053.095062971115
237	-29.08	-29.08	-13.1	-4.0147405	5.7119565	6.5279274	-59.03643	-4.0147405	0.9	595000	7083.123659133911
238	-35.38	-35.38	-16.1	-3.9814115	5.615138	5.115121	-56.477337	-3.9814115	0.8	597500	7112.992264986038
239	-33.0	-33.0	-16.9	-3.9627776	5.548247	9.239204	-58.602608	-3.9627776	0.8	600000	7143.158369779587
240	-32.38	-32.38	-13.2	-3.9264095	5.5317426	6.2016015	-54.626995	-3.9264095	0.9	602500	7173.379540205002
241	-33.66	-33.66	-11.0	-3.9189904	5.543908	8.17877	-66.67774	-3.9189904	1.0	605000	7203.921960353851
242	-34.2	-34.2	-10.400001	-3.9095151	5.5389614	4.911566	-59.207176	-3.9095151	1.0	607500	7233.419781446457
243	-31.1	-31.1	-16.9	-3.8908925	5.5721946	7.5825024	-57.316883	-3.8908925	0.8	610000	7264.515156507492
244	-33.24	-33.24	-9.7	-3.8738089	5.61714	7.907509	-55.385925	-3.8738089	1.0	612500	7293.851621627808
245	-30.06	-30.06	-10.5	-3.8839045	5.65796	6.2305307	-65.52741	-3.8839045	0.9	615000	7323.662448883057
246	-33.76	-33.76	-7.5	-3.868335	5.6186028	4.373822	-60.304863	-3.868335	0.9	617500	7353.974538087845
247	-30.62	-30.62	-13.3	-3.8578315	5.6170163	4.301363	-62.27788	-3.8578315	1.0	620000	7383.983680963516
248	-32.12	-32.12	-17.9	-3.8206086	5.560478	8.922673	-59.857357	-3.8206086	0.9	622500	7414.096034288406
249	-32.28	-32.28	-9.599999	-3.79342	5.519355	4.344063	-57.98053	-3.79342	1.0	625000	7444.580857753754
250	-30.84	-30.84	-11.9	-3.8063216	5.5489955	9.356763	-56.695335	-3.8063216	1.0	627500	7475.506207227707
251	-28.12	-28.12	-11.099999	-3.7874901	5.5536075	6.7029133	-57.952927	-3.7874901	1.0	630000	7505.967310667038
252	-27.68	-27.68	-10.7	-3.7414045	5.494226	5.374458	-57.441307	-3.7414045	1.0	632500	7535.739200115204
253	-28.32	-28.32	-10.0	-3.7500205	5.512556	9.656294	-57.260918	-3.7500205	1.0	635000	7566.016697406769
254	-28.28	-28.28	-8.599999	-3.720697	5.505229	5.162983	-57.60063	-3.720697	1.0	637500	7596.445569038391
255	-33.64	-33.64	-7.5	-3.7173114	5.514499	4.745261	-71.008095	-3.7173114	1.0	640000	7626.1779935359955
256	-32.48	-32.48	-7.0	-3.6977148	5.4962864	7.569398	-59.02513	-3.6977148	1.0	642500	7656.074599266052
257	-29.76	-29.76	-9.7	-3.6758947	5.4513245	10.856323	-69.23406	-3.6758947	1.0	645000	7685.969978809357
258	-27.28	-27.28	-15.8	-3.6586998	5.4154525	6.936328	-62.272606	-3.6586998	0.9	647500	7716.047613620758
259	-31.56	-31.56	-13.1	-3.6179924	5.341068	6.3001175	-67.355934	-3.6179924	1.0	650000	7745.990715503693
260	-32.12	-32.12	-11.3	-3.595183	5.2904787	7.2356124	-61.827713	-3.595183	1.0	652500	7776.581928730011
261	-31.54	-31.54	-12.5	-3.60734	5.316412	7.181657	-77.8144	-3.60734	0.9	655000	7807.048804759979
262	-31.18	-31.18	-12.5	-3.551548	5.1876044	5.671614	-58.455635	-3.551548	1.0	657500	7837.340592622757
263	-30.26	-30.26	-8.8	-3.5174239	5.1294613	14.8550415	-58.6483	-3.5174239	1.0	660000	7867.356837272644
264	-33.9	-33.9	-12.1	-3.5177908	5.142248	6.679261	-62.13635	-3.5177908	1.0	662500	7897.185923099518
265	-31.3	-31.3	-9.7	-3.5027256	5.105744	7.036937	-62.71643	-3.5027256	0.9	665000	7927.799377441406
266	-33.26	-33.26	-15.3	-3.4694018	5.04837	5.338517	-61.324417	-3.4694018	0.9	667500	7957.701244354248
267	-34.26	-34.26	-11.7	-3.4579089	5.0136914	3.6770527	-56.627853	-3.4579089	1.0	670000	7987.654004335403
268	-30.26	-30.26	-8.5	-3.4171026	4.975477	13.01046	-57.257576	-3.4171026	1.0	672500	8017.432566165924
269	-28.72	-28.72	-11.3	-3.4307609	4.9937043	10.2412815	-64.98401	-3.4307609	1.0	675000	8048.376099586487
270	-31.94	-31.94	-12.6	-3.419211	5.031816	5.2790155	-59.10972	-3.419211	1.0	677500	8078.309255599976
271	-28.3	-28.3	-12.3	-3.4105787	4.994745	6.7412124	-58.240906	-3.4105787	1.0	680000	8107.886100769043
272	-25.48	-25.48	-8.7	-3.4055758	4.98633	6.2836456	-58.177917	-3.4055758	1.0	682500	8137.795482635498
273	-32.74	-32.74	-9.599999	-3.3636622	4.899664	6.838828	-57.852875	-3.3636622	1.0	685000	8167.775527715683
274	-33.02	-33.02	-12.7	-3.3447978	4.8797026	9.465733	-59.09086	-3.3447978	0.9	687500	8198.217504262924
275	-29.92	-29.92	-9.3	-3.3320518	4.8810005	9.693343	-60.59178	-3.3320518	1.0	690000	8227.892342090607
276	-31.18	-31.18	-15.0	-3.3410125	4.8678937	10.420767	-61.16672	-3.3410125	0.8	692500	8257.860196590424
277	-30.78	-30.78	-7.2	-3.3342228	4.854832	13.526056	-59.17649	-3.3342228	1.0	695000	8287.96981883049
278	-32.68	-32.68	-9.7	-3.3170211	4.7988467	11.520945	-58.160522	-3.3170211	1.0	697500	8317.996237516403
279	-28.12	-28.12	-14.5	-3.309195	4.7861753	4.998765	-56.193325	-3.309195	0.9	700000	8348.164229393005
280	-33.84	-33.84	-12.6	-3.3175602	4.8810263	13.54759	-56.1659	-3.3175602	0.9	702500	8378.87138080597
281	-26.8	-26.8	-9.900001	-3.292432	4.8415666	6.7625294	-56.546593	-3.292432	1.0	705000	8409.730832338333
282	-29.84	-29.84	-7.7	-3.3004112	4.850533	7.3176785	-55.51994	-3.3004112	1.0	707500	8438.693149089813
283	-35.22	-35.22	-11.099999	-3.2988248	4.8439727	9.362813	-51.934082	-3.2988248	0.9	710000	8468.61748623848
284	-29.16	-29.16	-10.400001	-3.2814682	4.902296	4.430028	-59.962917	-3.2814682	1.0	712500	8498.575859069824
285	-23.4	-23.4	-11.0	-3.3129792	5.01739	6.652087	-59.771915	-3.3129792	1.0	715000	8528.545584917068
286	-30.62	-30.62	-8.2	-3.2976437	5.0596247	6.8811283	-67.681404	-3.2976437	1.0	717500	8558.725191831589
287	-28.54	-28.54	-8.0	-3.2961419	5.04526	9.76772	-70.00366	-3.2961419	1.0	720000	8589.490171432495
288	-32.04	-32.04	-9.0	-3.299492	5.046322	4.233226	-64.28459	-3.299492	1.0	722500	8619.710624456406
289	-28.66	-28.66	-13.7	-3.2679317	4.957015	14.853161	-56.532875	-3.2679317	0.9	725000	8649.981938838959
290	-29.34	-29.34	-15.9	-3.2411594	4.875756	8.422369	-64.42121	-3.2411594	0.9	727500	8679.94517827034
291	-24.86	-24.86	-8.5	-3.214124	4.798716	4.1345606	-58.89328	-3.214124	1.0	730000	8710.263323068619
292	-33.48	-33.48	-9.3	-3.1975527	4.706305	8.612316	-53.48242	-3.1975527	1.0	732500	8740.864127397537
293	-32.08	-32.08	-14.1	-3.1678913	4.5755224	13.819498	-59.25893	-3.1678913	0.9	735000	8770.822476863861
294	-30.96	-30.96	-10.8	-3.1443794	4.4730186	9.408829	-52.510567	-3.1443794	1.0	737500	8801.205560684204
295	-30.68	-30.68	-15.6	-3.1178827	4.424887	8.1866665	-58.091267	-3.1178827	0.8	740000	8831.644509077072
296	-27.72	-27.72	-12.6	-3.1100123	4.3598905	11.324297	-49.081684	-3.1100123	0.9	742500	8861.055395364761
297	-29.58	-29.58	-10.599999	-3.0789237	4.280724	8.711961	-46.539856	-3.0789237	1.0	745000	8891.251848220825
298	-24.84	-24.84	-9.599999	-3.0559444	4.216805	4.7318683	-48.42312	-3.0559444	1.0	747500	8921.164474010468
299	-24.22	-24.22	-8.3	-3.038968	4.2316847	6.7323556	-52.482697	-3.038968	1.0	750000	8951.602068901062
300	-31.84	-31.84	-13.7	-3.0713437	4.314864	6.495905	-49.737648	-3.0713437	0.9	752500	8981.911568403244
301	-32.06	-32.06	-14.5	-3.0721262	4.381607	3.0717635	-52.41966	-3.0721262	0.9	755000	9011.791795015335
302	-28.34	-28.34	-10.5	-3.1012757	4.547627	4.5548496	-56.02386	-3.1012757	0.8	757500	9041.712903499603
303	-26.4	-26.4	-13.0	-3.1158571	4.5450478	5.718362	-53.61412	-3.1158571	0.9	760000	9071.125225543976
304	-29.74	-29.74	-16.6	-3.101523	4.5162683	9.364525	-56.231457	-3.101523	0.8	762500	9100.190422773361
305	-28.3	-28.3	-9.3	-3.090015	4.4764514	3.3793278	-60.958267	-3.090015	0.9	765000	9130.378235340118
306	-26.34	-26.34	-9.8	-3.0797176	4.447631	6.272519	-64.7274	-3.0797176	1.0	767500	9160.02397608757
307	-31.06	-31.06	-6.3	-3.0549533	4.4056168	4.133604	-52.9984	-3.0549533	1.0	770000	9189.307564496994
308	-30.76	-30.76	-9.5	-3.0527518	4.4421463	6.083774	-59.587	-3.0527518	1.0	772500	9219.383793354034
309	-29.38	-29.38	-10.599999	-3.0509117	4.4141316	3.9948044	-54.43215	-3.0509117	1.0	775000	9248.002078533173
310	-30.44	-30.44	-10.900001	-3.0455503	4.424734	3.6971378	-55.709843	-3.0455503	1.0	777500	9277.471472740173
311	-25.78	-25.78	-7.5	-3.0249646	4.42454	5.0470786	-57.22902	-3.0249646	1.0	780000	9307.210644960403
312	-30.18	-30.18	-10.2	-3.0151143	4.4195414	5.621649	-58.12712	-3.0151143	1.0	782500	9337.753585577011
313	-26.26	-26.26	-14.8	-3.0175076	4.443973	4.7414856	-56.686275	-3.0175076	0.9	785000	9367.84063243866
314	-33.84	-33.84	-8.8	-3.0046504	4.3814645	7.430711	-56.307755	-3.0046504	1.0	787500	9397.908384561539
315	-26.86	-26.86	-11.7	-2.972175	4.2440753	4.4139833	-65.34264	-2.972175	1.0	790000	9427.958847999573
316	-24.78	-24.78	-10.7	-2.9410937	4.1074004	7.493559	-57.09733	-2.9410937	1.0	792500	9457.837502241135
317	-29.06	-29.06	-6.3	-2.9337666	4.009327	4.0302696	-53.082417	-2.9337666	1.0	795000	9488.383620023727
318	-26.3	-26.3	-9.8	-2.92068	3.9974337	4.681359	-55.06158	-2.92068	0.9	797500	9519.537811040878
319	-32.36	-32.36	-11.400001	-2.9036548	3.9877348	2.5589051	-53.86606	-2.9036548	1.0	800000	9549.66257596016
320	-31.28	-31.28	-12.7	-2.9117036	4.0295773	3.1469665	-55.13457	-2.9117036	0.9	802500	9579.911679267883
321	-27.8	-27.8	-9.0	-2.9382315	4.124458	4.3448057	-60.011497	-2.9382315	1.0	805000	9609.753409862518
322	-29.14	-29.14	-7.9	-2.9565337	4.240741	2.4565024	-55.697006	-2.9565337	1.0	807500	9640.063980102539
323	-31.62	-31.62	-8.099999	-2.964301	4.3408885	3.5003839	-66.63695	-2.964301	1.0	810000	9670.097075223923
324	-29.86	-29.86	-10.599999	-2.9720566	4.406102	6.1066236	-60.916504	-2.9720566	1.0	812500	9700.78784942627
325	-27.22	-27.22	-8.2	-2.9832134	4.449284	9.187855	-61.34307	-2.9832134	1.0	815000	9731.760864496231
326	-29.0	-29.0	-11.400001	-2.9715543	4.424215	6.3834357	-62.25877	-2.9715543	1.0	817500	9761.581978321075
327	-29.94	-29.94	-16.800001	-2.9875991	4.456476	6.6438665	-63.856438	-2.9875991	0.9	820000	9791.03040266037
328	-32.52	-32.52	-11.7	-2.9937727	4.450889	7.725828	-56.726547	-2.9937727	1.0	822500	9821.006143808365
329	-28.66	-28.66	-9.5	-3.0031166	4.4729524	4.8617005	-58.900166	-3.0031166	1.0	825000	9850.971088409424
330	-29.08	-29.08	-9.7	-3.005433	4.561705	3.0667734	-56.428696	-3.005433	1.0	827500	9881.26470041275
331	-28.26	-28.26	-7.8	-3.0006588	4.534889	4.961708	-56.99826	-3.0006588	1.0	830000	9910.910019636154
332	-29.06	-29.06	-8.400001	-3.0059998	4.541586	9.00157	-57.11408	-3.0059998	1.0	832500	9940.544622421265
333	-29.22	-29.22	-11.3	-2.997822	4.5139494	5.410634	-64.14178	-2.997822	1.0	835000	9970.009708881378
334	-26.42	-26.42	-10.900001	-3.001375	4.5193515	9.185499	-56.962196	-3.001375	1.0	837500	10000.310228347778
335	-25.98	-25.98	-8.0	-2.9940555	4.52503	6.7105403	-62.294937	-2.9940555	1.0	840000	10030.839233398438
336	-29.26	-29.26	-11.5	-3.0098226	4.5459948	7.830879	-61.22343	-3.0098226	0.9	842500	10060.435834646225
337	-27.7	-27.7	-12.9	-2.9919941	4.526731	6.0298834	-61.773857	-2.9919941	1.0	845000	10091.232795476913
338	-26.5	-26.5	-9.3	-2.9832428	4.4941688	11.996134	-65.64204	-2.9832428	1.0	847500	10121.183891773224
339	-29.08	-29.08	-14.5	-3.0023885	4.501542	6.1247797	-56.135883	-3.0023885	0.9	850000	10151.768402338028
340	-32.22	-32.22	-11.0	-3.0272846	4.5506473	3.8022256	-57.869312	-3.0272846	1.0	852500	10181.684368371964
341	-34.58	-34.58	-7.6	-3.0411837	4.62982	5.1534967	-65.780846	-3.0411837	1.0	855000	10211.546747922897
342	-27.96	-27.96	-11.3	-3.0725765	4.7260113	6.8492093	-65.347466	-3.0725765	1.0	857500	10241.920892477036
343	-32.66	-32.66	-14.2	-3.0807478	4.751104	10.508249	-59.511158	-3.0807478	0.8	860000	10271.661002874374
344	-27.52	-27.52	-8.3	-3.079038	4.815518	7.8436165	-63.22723	-3.079038	1.0	862500	10301.374320030212
345	-30.68	-30.68	-6.7	-3.078386	4.853787	3.4223866	-58.44831	-3.078386	1.0	865000	10330.642675638199
346	-29.0	-29.0	-10.5	-3.098603	4.9013104	11.607457	-61.287083	-3.098603	1.0	867500	10360.87258529663
347	-27.28	-27.28	-11.5	-3.1001422	4.8881617	5.170165	-59.36956	-3.1001422	0.9	870000	10390.31154704094
348	-32.08	-32.08	-8.5	-3.1167712	4.902892	7.9954743	-61.892014	-3.1167712	1.0	872500	10420.525879859924
349	-26.6	-26.6	-11.3	-3.1029093	4.823978	6.0950384	-62.903587	-3.1029093	1.0	875000	10450.220598220825
350	-31.68	-31.68	-11.599999	-3.0852158	4.792689	4.5602045	-55.552193	-3.0852158	1.0	877500	10480.13493847847
351	-29.36	-29.36	-10.3	-3.0866566	4.7389154	9.474892	-54.983337	-3.0866566	1.0	880000	10510.474076986313
352	-27.86	-27.86	-17.5	-3.1195433	4.801991	5.377225	-61.048	-3.1195433	0.8	882500	10539.777086734772
353	-32.44	-32.44	-8.5	-3.0749514	4.800712	7.6899443	-56.63376	-3.0749514	1.0	885000	10570.023491859436
354	-29.64	-29.64	-12.7	-3.0860615	4.769406	4.0366654	-55.119843	-3.0860615	0.9	887500	10600.086344242096
355	-28.74	-28.74	-10.5	-3.0955153	4.793955	6.330877	-54.513077	-3.0955153	1.0	890000	10629.038079500198
356	-33.38	-33.38	-6.9	-3.0837085	4.747713	6.8753395	-56.104496	-3.0837085	1.0	892500	10659.01969051361
357	-31.0	-31.0	-7.9	-3.0684612	4.7109413	5.4311247	-54.276142	-3.0684612	1.0	895000	10688.76006937027
358	-28.96	-28.96	-14.1	-3.0890577	4.6808085	5.7212033	-56.642586	-3.0890577	0.9	897500	10718.312980651855
359	-30.76	-30.76	-9.0	-3.0867958	4.646038	11.784124	-51.58043	-3.0867958	1.0	900000	10747.387016057968
360	-28.1	-28.1	-12.8	-3.0880692	4.682291	5.3079715	-57.48783	-3.0880692	0.9	902500	10777.256747245789
361	-27.22	-27.22	-6.6	-3.0883374	4.6636796	7.46335	-56.973324	-3.0883374	0.9	905000	10806.844281435013
362	-29.12	-29.12	-10.0	-3.086821	4.663036	3.261743	-57.054672	-3.086821	1.0	907500	10836.445719480515
363	-31.44	-31.44	-10.900001	-3.0854692	4.613379	7.324494	-68.10677	-3.0854692	1.0	910000	10865.696580648422
364	-28.44	-28.44	-8.400001	-3.0647666	4.5370584	5.7884464	-56.45881	-3.0647666	0.8	912500	10894.759551048279
365	-28.3	-28.3	-10.5	-3.044062	4.4718223	4.1625195	-49.920517	-3.044062	1.0	915000	10924.700285434723
366	-33.54	-33.54	-6.9	-3.0713367	4.5523996	7.571805	-55.32521	-3.0713367	1.0	917500	10953.61668753624
367	-31.04	-31.04	-8.099999	-3.0744753	4.546732	11.52843	-52.397625	-3.0744753	1.0	920000	10983.22066283226
368	-33.74	-33.74	-10.599999	-3.100025	4.6042056	3.173985	-67.75813	-3.100025	0.9	922500	11013.586276054382
369	-31.64	-31.64	-9.2	-3.0985336	4.681649	6.818083	-55.703014	-3.0985336	1.0	925000	11043.830347299576
370	-28.78	-28.78	-8.7	-3.102549	4.7075853	6.443846	-66.32327	-3.102549	1.0	927500	11074.61864066124
371	-29.56	-29.56	-9.2	-3.128914	4.709225	9.345346	-51.7477	-3.128914	1.0	930000	11104.185541391373
372	-26.88	-26.88	-8.8	-3.1115496	4.7174563	5.615427	-55.48716	-3.1115496	1.0	932500	11134.235751867294
373	-32.06	-32.06	-9.3	-3.1088245	4.771161	6.9716334	-57.850357	-3.1088245	1.0	935000	11164.13189792633
374	-30.56	-30.56	-11.400001	-3.1199396	4.8069386	6.0581646	-51.48947	-3.1199396	0.9	937500	11193.100469589233
375	-29.06	-29.06	-13.2	-3.144065	4.9006033	4.706619	-59.24341	-3.144065	0.9	940000	11222.997345209122
376	-27.32	-27.32	-7.5	-3.1073291	4.8758626	4.0825014	-57.57604	-3.1073291	1.0	942500	11253.111069917679
377	-29.56	-29.56	-11.3	-3.1062343	4.857692	5.4700475	-65.25105	-3.1062343	0.9	945000	11283.748789072037
378	-30.14	-30.14	-12.6	-3.115839	4.8692713	5.358551	-59.231506	-3.115839	0.9	947500	11313.612474679947
379	-31.8	-31.8	-9.400001	-3.162842	4.941937	4.7524486	-60.03415	-3.162842	1.0	950000	11343.074285030365
380	-29.68	-29.68	-7.8	-3.2023017	4.9414673	16.58332	-52.915936	-3.2023017	1.0	952500	11372.997204780579
381	-30.06	-30.06	-15.2	-3.1852424	4.9081297	5.977698	-58.071114	-3.1852424	0.8	955000	11403.013660669327
382	-33.5	-33.5	-15.9	-3.2072384	4.99452	6.317409	-54.680557	-3.2072384	0.8	957500	11432.050444841385
383	-32.54	-32.54	-8.099999	-3.1905594	4.9515676	8.120992	-57.729443	-3.1905594	1.0	960000	11461.712404727936
384	-29.5	-29.5	-10.099999	-3.206776	4.9234433	15.111172	-56.60991	-3.206776	1.0	962500	11491.610394239426
385	-31.66	-31.66	-7.5	-3.1891594	4.8850174	7.2172136	-53.12906	-3.1891594	1.0	965000	11521.468647956848
386	-29.42	-29.42	-12.3	-3.1683939	4.845727	13.687933	-61.843483	-3.1683939	0.9	967500	11551.808544635773
387	-29.3	-29.3	-14.0	-3.2192714	4.927096	7.9549522	-58.466038	-3.2192714	0.9	970000	11581.236600637436
388	-31.4	-31.4	-5.5	-3.2187748	4.9124713	9.782547	-70.2704	-3.2187748	1.0	972500	11611.384209394455
389	-31.12	-31.12	-8.2	-3.220836	4.9508038	7.7990656	-59.58565	-3.220836	1.0	975000	11641.413762331009
390	-31.4	-31.4	-9.8	-3.2331965	4.9945173	7.4159937	-56.989388	-3.2331965	1.0	977500	11670.234699726105
391	-30.2	-30.2	-11.0	-3.2366803	5.004457	16.168552	-56.162548	-3.2366803	1.0	980000	11700.382200241089
392	-31.16	-31.16	-9.8	-3.2342632	4.967163	9.4384575	-51.330074	-3.2342632	1.0	982500	11730.24621963501
393	-32.66	-32.66	-8.900001	-3.264887	5.074758	10.869441	-66.81915	-3.264887	1.0	985000	11759.967124462128
394	-28.92	-28.92	-9.2	-3.248557	5.088157	9.070198	-57.82235	-3.248557	1.0	987500	11789.869686841965
395	-31.52	-31.52	-8.900001	-3.260556	5.1573687	7.808365	-70.57951	-3.260556	1.0	990000	11819.483501911163
396	-28.98	-28.98	-6.8	-3.271504	5.209023	4.244926	-63.735504	-3.271504	1.0	992500	11849.126702070236
397	-31.64	-31.64	-8.900001	-3.246038	5.1612782	8.65065	-58.29962	-3.246038	1.0	995000	11878.593358516693
398	-30.4	-30.4	-9.8	-3.251475	5.187557	5.597575	-60.755898	-3.251475	1.0	997500	11907.536797761917
399	-28.12	-28.12	-7.7	-3.2467515	5.1701975	16.026155	-56.236767	-3.2467515	1.0	1000000	11937.025432825089
400	-30.8	-30.8	-12.8	-3.2609856	5.142871	13.682659	-72.880936	-3.2609856	0.9	1002500	11966.802565574646
401	-33.7	-33.7	-9.099999	-3.301915	5.1702113	4.0960345	-62.018288	-3.301915	1.0	1005000	11997.299289941788
402	-33.54	-33.54	-10.0	-3.2769945	5.1551676	8.32197	-54.83979	-3.2769945	1.0	1007500	12026.587312459946
403	-30.02	-30.02	-13.8	-3.2637568	5.1557403	5.116393	-61.894463	-3.2637568	0.9	1010000	12056.7088701725
404	-30.1	-30.1	-9.8	-3.2447317	5.163307	19.849907	-57.648655	-3.2447317	1.0	1012500	12086.352676153183
405	-29.82	-29.82	-8.5	-3.278263	5.2135463	5.0673876	-61.92418	-3.278263	1.0	1015000	12116.121208906174
406	-33.14	-33.14	-11.7	-3.2882318	5.2014647	5.877968	-66.27989	-3.2882318	1.0	1017500	12145.765838623047
407	-26.22	-26.22	-8.8	-3.2914042	5.1794033	10.125997	-61.616165	-3.2914042	1.0	1020000	12175.846629619598
408	-32.98	-32.98	-11.099999	-3.292613	5.1199727	7.7090216	-57.225864	-3.292613	1.0	1022500	12205.609279155731
409	-30.46	-30.46	-12.0	-3.2901757	5.100537	8.045666	-55.582973	-3.2901757	1.0	1025000	12235.710558652878
410	-29.7	-29.7	-11.9	-3.2850497	5.096857	10.674672	-62.011673	-3.2850497	1.0	1027500	12266.434688568115
411	-27.64	-27.64	-15.4	-3.2971208	5.1172943	4.0419903	-58.23459	-3.2971208	0.9	1030000	12296.576170682907
412	-29.2	-29.2	-11.7	-3.2668178	5.1215663	6.4753137	-60.133392	-3.2668178	1.0	1032500	12326.8855509758
413	-28.12	-28.12	-8.900001	-3.2695408	5.1364155	9.87364	-62.256554	-3.2695408	1.0	1035000	12356.863651514053
414	-30.62	-30.62	-13.0	-3.2871413	5.1860094	6.027847	-66.8495	-3.2871413	0.9	1037500	12387.139296770096
415	-29.72	-29.72	-11.099999	-3.2967548	5.181798	5.483205	-61.01818	-3.2967548	1.0	1040000	12417.357092380524
416	-27.96	-27.96	-12.3	-3.3055592	5.2060695	4.280414	-62.36403	-3.3055592	1.0	1042500	12447.816269636154
417	-31.42	-31.42	-11.2	-3.314701	5.232603	7.1852207	-59.817654	-3.314701	1.0	1045000	12477.695305585861
418	-28.7	-28.7	-9.900001	-3.2849991	5.2255173	7.2501307	-60.150238	-3.2849991	1.0	1047500	12507.59648156166
419	-31.26	-31.26	-9.099999	-3.2767675	5.181574	7.4921393	-70.28113	-3.2767675	1.0	1050000	12536.495578289032
420	-30.14	-30.14	-12.9	-3.2820635	5.1870127	10.660245	-57.81987	-3.2820635	1.0	1052500	12565.948311328888
421	-30.34	-30.34	-9.400001	-3.2793586	5.1953955	12.699366	-63.72052	-3.2793586	1.0	1055000	12596.06432056427
422	-31.58	-31.58	-10.400001	-3.2733026	5.207558	6.0793552	-73.18629	-3.2733026	1.0	1057500	12625.908079624176
423	-29.26	-29.26	-9.2	-3.277688	5.180549	8.403343	-58.67527	-3.277688	1.0	1060000	12656.135702610016
424	-27.3	-27.3	-6.7	-3.2888868	5.234209	10.883982	-57.13676	-3.2888868	1.0	1062500	12685.178928613663
425	-26.74	-26.74	-10.3	-3.2640264	5.271965	5.5844994	-65.87058	-3.2640264	1.0	1065000	12713.851114988327
426	-25.94	-25.94	-8.5	-3.2573607	5.224779	6.1709275	-57.252743	-3.2573607	0.9	1067500	12744.16132736206
427	-27.72	-27.72	-10.8	-3.2583282	5.2115054	10.063239	-67.144844	-3.2583282	0.9	1070000	12773.995726823807
428	-27.9	-27.9	-10.0	-3.254619	5.2294407	5.932859	-58.706055	-3.254619	1.0	1072500	12804.093418359756
429	-27.22	-27.22	-9.0	-3.2622302	5.2231383	7.86986	-77.43146	-3.2622302	1.0	1075000	12833.735974311829
430	-30.68	-30.68	-10.7	-3.2335837	5.248128	4.4408484	-66.21284	-3.2335837	0.8	1077500	12862.640954494476
431	-31.46	-31.46	-8.599999	-3.2370002	5.1853127	8.321347	-61.835564	-3.2370002	1.0	1080000	12891.876605033875
432	-30.18	-30.18	-11.099999	-3.2295537	5.114013	7.472913	-62.481136	-3.2295537	1.0	1082500	12920.82904791832
433	-31.32	-31.32	-8.5	-3.2169168	5.0667243	13.462221	-63.489616	-3.2169168	1.0	1085000	12950.330716133118
434	-33.68	-33.68	-12.8	-3.1959934	5.0077815	9.027409	-68.6995	-3.1959934	0.9	1087500	12980.623680114746
435	-29.54	-29.54	-9.8	-3.1840227	4.982791	8.358548	-68.69066	-3.1840227	1.0	1090000	13010.42842745781
436	-27.04	-27.04	-14.9	-3.198083	4.9366465	17.113611	-61.895912	-3.198083	0.8	1092500	13039.619003772736
437	-24.64	-24.64	-8.599999	-3.1613061	4.902058	10.881263	-65.23676	-3.1613061	1.0	1095000	13068.91763806343
438	-28.78	-28.78	-8.8	-3.1341012	4.8257127	12.231655	-58.462654	-3.1341012	1.0	1097500	13099.090047836304
439	-30.94	-30.94	-13.9	-3.1397595	4.8880515	9.26747	-59.683247	-3.1397595	0.9	1100000	13129.082904100418
440	-28.24	-28.24	-11.599999	-3.1291747	4.860393	14.966969	-61.21137	-3.1291747	1.0	1102500	13159.367017269135
441	-28.78	-28.78	-12.0	-3.1602798	4.9091487	10.442577	-65.41907	-3.1602798	0.7	1105000	13189.839199543
442	-30.28	-30.28	-9.7	-3.185974	4.9497952	10.804796	-66.05141	-3.185974	0.9	1107500	13220.149380207062
443	-32.94	-32.94	-10.5	-3.1826549	5.0003934	7.512817	-60.725075	-3.1826549	1.0	1110000	13250.112105846405
444	-28.9	-28.9	-10.8	-3.215333	5.094014	8.034735	-62.185135	-3.215333	1.0	1112500	13280.550161838531
445	-29.8	-29.8	-9.8	-3.2238967	5.068676	10.50683	-64.12497	-3.2238967	1.0	1115000	13310.558591127396
446	-26.8	-26.8	-10.7	-3.2031868	5.0332584	6.3279886	-58.045795	-3.2031868	0.9	1117500	13340.492608308792
447	-30.02	-30.02	-9.099999	-3.2053337	4.9883223	6.9226747	-59.831097	-3.2053337	1.0	1120000	13370.290385723114
448	-25.94	-25.94	-7.9	-3.1505487	4.7998915	10.521619	-57.633095	-3.1505487	1.0	1122500	13399.550567626953
449	-31.18	-31.18	-8.7	-3.1119142	4.7175713	12.969624	-61.45391	-3.1119142	1.0	1125000	13429.383353948593
450	-30.04	-30.04	-8.099999	-3.0986621	4.616212	6.877702	-52.78704	-3.0986621	1.0	1127500	13459.91137123108
451	-35.6	-35.6	-9.900001	-3.0809033	4.5454483	7.467803	-56.976196	-3.0809033	0.9	1130000	13489.748713254929
452	-31.14	-31.14	-9.900001	-3.0924065	4.5078826	5.09447	-52.911266	-3.0924065	1.0	1132500	13519.680848121643
453	-30.86	-30.86	-9.099999	-3.0789254	4.4649086	7.464169	-46.11791	-3.0789254	1.0	1135000	13549.322207450867
454	-32.64	-32.64	-9.5	-3.0948672	4.4254317	4.085022	-44.987537	-3.0948672	1.0	1137500	13578.569515943527
455	-28.88	-28.88	-8.5	-3.103937	4.4308934	5.018741	-46.588703	-3.103937	0.8	1140000	13607.59927368164
456	-30.02	-30.02	-11.8	-3.0789456	4.4123044	8.470167	-47.975204	-3.0789456	0.9	1142500	13637.456409215927
457	-29.98	-29.98	-9.3	-3.0869377	4.4586697	7.787795	-52.964096	-3.0869377	1.0	1145000	13667.229395866394
458	-31.18	-31.18	-9.3	-3.0937142	4.488076	5.2519827	-50.182693	-3.0937142	1.0	1147500	13697.69233751297
459	-30.08	-30.08	-8.599999	-3.10535	4.5163307	4.8042	-51.706512	-3.10535	1.0	1150000	13727.060328722
460	-27.46	-27.46	-9.900001	-3.094288	4.5209694	7.540162	-56.606262	-3.094288	1.0	1152500	13756.96842956543
461	-25.88	-25.88	-7.8	-3.0895474	4.570707	4.4142137	-51.323452	-3.0895474	1.0	1155000	13785.366576194763
462	-27.88	-27.88	-7.7	-3.105854	4.5883694	5.512551	-52.964596	-3.105854	1.0	1157500	13814.608860254288
463	-30.56	-30.56	-14.7	-3.1397617	4.6438785	5.874927	-57.693226	-3.1397617	0.9	1160000	13845.241471767426
464	-31.02	-31.02	-9.7	-3.1121147	4.6844807	3.6946383	-58.405937	-3.1121147	1.0	1162500	13875.24311876297
465	-27.86	-27.86	-7.6	-3.1386218	4.750792	6.3978243	-60.438354	-3.1386218	1.0	1165000	13905.713768720627
466	-27.88	-27.88	-9.2	-3.151038	4.816023	4.743635	-55.695168	-3.151038	1.0	1167500	13935.566722869873
467	-26.22	-26.22	-9.900001	-3.150977	4.860108	7.3168955	-57.336445	-3.150977	1.0	1170000	13965.70037317276
468	-32.44	-32.44	-10.8	-3.1624985	4.9038944	5.690924	-71.357605	-3.1624985	0.9	1172500	13994.917572021484
469	-27.46	-27.46	-8.7	-3.1239965	4.8135967	5.9259586	-54.52547	-3.1239965	1.0	1175000	14025.012718200684
470	-28.14	-28.14	-9.400001	-3.0776453	4.545495	6.320996	-56.065483	-3.0776453	1.0	1177500	14055.676369905472
471	-25.7	-25.7	-10.2	-3.0267334	4.3264995	4.149105	-50.83075	-3.0267334	1.0	1180000	14085.321629285812
472	-27.94	-27.94	-9.5	-2.9797122	4.118091	6.113704	-49.206203	-2.9797122	1.0	1182500	14115.880921125412
473	-33.02	-33.02	-8.3	-2.987217	4.063191	4.847161	-44.830193	-2.987217	1.0	1185000	14145.963250398636
474	-30.78	-30.78	-8.3	-2.965736	4.049882	10.242079	-44.573376	-2.965736	1.0	1187500	14175.939511060715
475	-23.42	-23.42	-8.900001	-2.9471533	4.0822473	15.138945	-42.894302	-2.9471533	1.0	1190000	14206.334218978882
476	-30.02	-30.02	-10.5	-2.9758215	4.163605	6.707536	-47.176563	-2.9758215	0.9	1192500	14236.17132639885
477	-31.96	-31.96	-11.400001	-3.0040073	4.2550936	3.9745698	-52.075184	-3.0040073	0.9	1195000	14265.287987470627
478	-27.24	-27.24	-9.900001	-3.0123096	4.322988	5.0320067	-52.463432	-3.0123096	0.9	1197500	14295.191625833511
479	-31.26	-31.26	-8.2	-2.986494	4.3611317	4.2735915	-52.787792	-2.986494	1.0	1200000	14324.76407456398
480	-28.4	-28.4	-9.2	-2.998428	4.3970976	3.2116337	-56.51653	-2.998428	1.0	1202500	14354.70756149292
481	-28.3	-28.3	-12.6	-3.0138936	4.404231	4.270912	-58.149254	-3.0138936	0.9	1205000	14384.866309165955
482	-29.58	-29.58	-9.3	-2.998604	4.3792	5.35782	-61.85827	-2.998604	1.0	1207500	14414.803753376007
483	-31.58	-31.58	-7.2	-3.0178847	4.47161	5.3300786	-56.932354	-3.0178847	1.0	1210000	14444.882639169693
484	-30.3	-30.3	-8.0	-3.0067163	4.5111694	3.192359	-53.010418	-3.0067163	1.0	1212500	14475.285755634308
485	-29.72	-29.72	-10.0	-2.9761126	4.430796	4.9973903	-52.23944	-2.9761126	0.9	1215000	14505.566169500351
486	-29.18	-29.18	-9.099999	-2.9984639	4.456243	4.1872745	-56.20736	-2.9984639	1.0	1217500	14535.99167919159
487	-27.92	-27.92	-9.8	-2.9963903	4.4078736	5.7165976	-53.04862	-2.9963903	0.9	1220000	14565.685254573822
488	-28.4	-28.4	-13.7	-2.996532	4.426569	7.332582	-54.226627	-2.996532	0.9	1222500	14596.423903226852
489	-26.92	-26.92	-9.8	-2.9808924	4.461816	4.9662895	-52.694675	-2.9808924	1.0	1225000	14626.412290096283
490	-29.44	-29.44	-9.2	-3.008284	4.522317	4.1702404	-61.692345	-3.008284	1.0	1227500	14655.072621583939
491	-28.74	-28.74	-9.599999	-3.010106	4.592292	5.348801	-60.05825	-3.010106	1.0	1230000	14683.072642326355
492	-27.68	-27.68	-10.5	-2.9967456	4.599092	4.0653734	-55.096077	-2.9967456	0.8	1232500	14710.163474559784
493	-26.08	-26.08	-7.9	-2.990723	4.5398602	8.573174	-61.24356	-2.990723	1.0	1235000	14735.311069011688
494	-28.58	-28.58	-9.0	-2.9802697	4.5085106	7.4502654	-53.989265	-2.9802697	1.0	1237500	14760.603269577026
495	-27.78	-27.78	-9.5	-2.9871888	4.5209737	7.440988	-58.831074	-2.9871888	1.0	1240000	14787.80295586586
496	-27.58	-27.58	-9.099999	-3.0143704	4.543647	6.481409	-55.2685	-3.0143704	1.0	1242500	14815.691380262375
497	-31.32	-31.32	-9.400001	-3.0064404	4.5589495	4.325029	-55.623547	-3.0064404	1.0	1245000	14842.675678491592
498	-31.06	-31.06	-10.2	-3.0152094	4.5773935	4.5293064	-56.79665	-3.0152094	0.9	1247500	14869.754564285278
499	-29.8	-29.8	-15.0	-3.0109963	4.64268	7.853505	-58.94964	-3.0109963	0.7	1250000	14895.974501609802
