Epoch	EpRet	EpRealRet	TestEpRet	AverageQ1	StdQ1	MaxQ1	MinQ1	Q2	TestSuccess	TotalEnvInteracts	TotalTime
0	-50.0	-50.0	-50.0	-1.1049558	1.6710687	3.39813	-12.472402	-1.1049558	0.0	2500	20.494926691055298
1	-47.0	-47.0	-40.0	-1.9152707	3.882221	4.826688	-155.58844	-1.9152707	0.2	5000	46.16584229469299
2	-47.0	-47.0	-45.0	-2.4830801	5.3920417	1.5693036	-56.494473	-2.4830801	0.1	7500	76.61625552177429
3	-46.0	-46.0	-45.0	-3.1182826	6.627233	2.6729567	-43.908894	-3.1182826	0.1	10000	106.75750279426575
4	-48.0	-48.0	-50.0	-3.7608511	7.9762745	1.8659806	-40.267887	-3.7608511	0.0	12500	136.58350086212158
5	-46.0	-46.0	-45.0	-4.3067765	9.178778	1.3079712	-40.708015	-4.3067765	0.1	15000	167.15274453163147
6	-46.82	-46.82	-49.5	-4.834972	10.267369	1.9043822	-51.113678	-4.834972	0.0	17500	198.12762928009033
7	-47.82	-47.82	-45.0	-5.3029056	11.242892	1.8309098	-58.868176	-5.3029056	0.1	20000	228.71208119392395
8	-47.0	-47.0	-40.0	-5.689927	12.016662	2.0571785	-58.30286	-5.689927	0.2	22500	259.2438774108887
9	-48.12	-48.12	-50.0	-6.0258384	12.644763	2.7092261	-55.630745	-6.0258384	0.0	25000	289.23152112960815
10	-47.0	-47.0	-45.0	-6.2733703	13.135425	2.5640967	-59.804096	-6.2733703	0.1	27500	319.36274886131287
11	-47.0	-47.0	-45.0	-6.4539113	13.523475	2.1174605	-52.820198	-6.4539113	0.1	30000	349.58150696754456
12	-49.0	-49.0	-45.0	-6.692652	13.929894	4.6089034	-52.892227	-6.692652	0.1	32500	378.9111044406891
13	-46.42	-46.42	-50.0	-6.808011	14.165285	2.8919249	-52.024036	-6.808011	0.0	35000	408.5531060695648
14	-45.28	-45.28	-45.0	-6.868636	14.335549	2.407975	-53.65147	-6.868636	0.1	37500	439.1406366825104
15	-46.0	-46.0	-50.0	-6.986556	14.55799	3.0074353	-55.993786	-6.986556	0.0	40000	469.16249418258667
16	-48.0	-48.0	-45.0	-7.097644	14.793311	1.4997607	-54.021713	-7.097644	0.1	42500	499.5031135082245
17	-43.84	-43.84	-50.0	-7.187161	15.00291	2.0796933	-56.48709	-7.187161	0.0	45000	529.3015673160553
18	-48.0	-48.0	-45.0	-7.293013	15.200423	2.0621674	-53.389248	-7.293013	0.1	47500	559.3664121627808
19	-48.0	-48.0	-50.0	-7.338171	15.284033	3.7229698	-52.484756	-7.338171	0.0	50000	589.5644567012787
20	-47.76	-47.76	-45.0	-7.4630265	15.441063	3.1118968	-52.859352	-7.4630265	0.1	52500	619.4343316555023
21	-50.0	-50.0	-50.0	-7.4678383	15.483035	8.672179	-53.624733	-7.4678383	0.0	55000	649.1154534816742
22	-48.92	-48.92	-50.0	-7.467932	15.473262	20.271751	-62.54829	-7.467932	0.0	57500	678.3306140899658
23	-47.0	-47.0	-50.0	-7.4316854	15.464708	13.593744	-60.84814	-7.4316854	0.0	60000	707.7340257167816
24	-47.0	-47.0	-45.0	-7.472786	15.496468	7.569319	-60.367783	-7.472786	0.1	62500	737.9912583827972
25	-48.9	-48.9	-45.0	-7.477646	15.490838	6.1363654	-53.456066	-7.477646	0.1	65000	768.1004748344421
26	-44.86	-44.86	-50.0	-7.480229	15.461539	4.233664	-54.534603	-7.480229	0.0	67500	797.5309753417969
27	-45.96	-45.96	-49.2	-7.442114	15.417921	5.265902	-60.677937	-7.442114	0.0	70000	827.4784188270569
28	-45.8	-45.8	-49.1	-7.4837694	15.441138	4.3128266	-59.12227	-7.4837694	0.0	72500	857.4069185256958
29	-48.0	-48.0	-45.0	-7.4773526	15.410344	3.928226	-55.270267	-7.4773526	0.1	75000	887.1261978149414
30	-47.14	-47.14	-45.0	-7.4379554	15.370784	2.4243522	-53.763096	-7.4379554	0.1	77500	916.8667154312134
31	-46.94	-46.94	-45.0	-7.438191	15.393496	3.0355399	-53.673428	-7.438191	0.1	80000	946.1445705890656
32	-44.06	-44.06	-50.0	-7.476667	15.471026	3.159848	-55.96878	-7.476667	0.0	82500	976.2162909507751
33	-45.46	-45.46	-50.0	-7.4494267	15.45217	7.335693	-56.41725	-7.4494267	0.0	85000	1005.6077630519867
34	-47.86	-47.86	-45.0	-7.543059	15.564287	3.315558	-53.165607	-7.543059	0.1	87500	1035.8411087989807
35	-45.0	-45.0	-40.0	-7.5387535	15.576459	3.2800827	-56.416626	-7.5387535	0.2	90000	1065.9095451831818
36	-48.7	-48.7	-45.0	-7.5214314	15.555577	4.3152184	-52.8812	-7.5214314	0.1	92500	1096.239511013031
37	-47.24	-47.24	-40.0	-7.5199523	15.546595	2.8979936	-55.858555	-7.5199523	0.2	95000	1126.7206900119781
38	-46.92	-46.92	-45.0	-7.5929637	15.62497	3.1188645	-54.30978	-7.5929637	0.1	97500	1156.948754310608
39	-46.96	-46.96	-45.0	-7.522012	15.557504	2.673802	-52.723743	-7.522012	0.1	100000	1186.5240414142609
40	-48.26	-48.26	-40.0	-7.505152	15.498774	2.9941788	-53.167397	-7.505152	0.2	102500	1216.190675020218
41	-47.92	-47.92	-40.0	-7.509171	15.438876	3.9921691	-52.981636	-7.509171	0.2	105000	1245.9161665439606
42	-46.94	-46.94	-35.0	-7.4732494	15.350062	2.8399293	-52.533825	-7.4732494	0.3	107500	1275.3564653396606
43	-45.38	-45.38	-44.600002	-7.44961	15.262349	3.7103848	-52.16299	-7.44961	0.1	110000	1304.89599442482
44	-46.3	-46.3	-50.0	-7.4500875	15.242213	4.204187	-54.043644	-7.4500875	0.0	112500	1335.4483001232147
45	-49.0	-49.0	-49.7	-7.406351	15.199296	3.9251199	-55.713062	-7.406351	0.0	115000	1365.2105906009674
46	-47.82	-47.82	-50.0	-7.465495	15.214921	5.55567	-54.356953	-7.465495	0.0	117500	1394.9918901920319
47	-46.88	-46.88	-45.0	-7.428587	15.121633	3.586924	-52.525845	-7.428587	0.1	120000	1424.8244059085846
48	-48.0	-48.0	-50.0	-7.368517	15.037978	4.849259	-53.22689	-7.368517	0.0	122500	1454.574142217636
49	-46.14	-46.14	-44.5	-7.354892	15.003881	3.1902826	-53.29046	-7.354892	0.1	125000	1485.323323249817
50	-49.8	-49.8	-49.5	-7.388539	15.034837	5.1353874	-53.785564	-7.388539	0.0	127500	1515.8828036785126
51	-44.86	-44.86	-45.0	-7.330533	14.952115	3.9141836	-53.040646	-7.330533	0.1	130000	1546.0849823951721
52	-47.0	-47.0	-44.8	-7.2820845	14.888459	4.142329	-55.066093	-7.2820845	0.1	132500	1575.7497732639313
53	-45.3	-45.3	-45.0	-7.248848	14.830274	5.113804	-55.4352	-7.248848	0.1	135000	1606.3507566452026
54	-45.56	-45.56	-50.0	-7.264376	14.805795	3.462231	-54.51878	-7.264376	0.0	137500	1636.7843449115753
55	-48.18	-48.18	-45.0	-7.2408214	14.73732	4.0968137	-55.163273	-7.2408214	0.1	140000	1667.0676128864288
56	-47.16	-47.16	-45.399998	-7.114755	14.487579	3.434773	-53.77986	-7.114755	0.1	142500	1696.6143915653229
57	-45.3	-45.3	-49.1	-7.0065722	14.255328	3.6613905	-56.916126	-7.0065722	0.1	145000	1727.5412204265594
58	-46.94	-46.94	-45.0	-6.8717833	13.981661	4.387657	-54.50886	-6.8717833	0.1	147500	1757.7035801410675
59	-48.06	-48.06	-50.0	-6.781839	13.754058	3.0150378	-55.37875	-6.781839	0.0	150000	1786.8529510498047
60	-48.02	-48.02	-50.0	-6.6617208	13.59188	3.8482072	-59.74632	-6.6617208	0.0	152500	1816.7261505126953
61	-48.6	-48.6	-46.0	-6.648888	13.549032	2.9475882	-56.428192	-6.648888	0.1	155000	1846.9602601528168
62	-46.26	-46.26	-50.0	-6.623302	13.52548	5.266584	-54.200005	-6.623302	0.0	157500	1876.9945073127747
63	-46.8	-46.8	-42.100002	-6.6527677	13.49952	3.2054224	-56.439507	-6.6527677	0.2	160000	1906.3673708438873
64	-47.88	-47.88	-49.4	-6.5728564	13.376205	3.0566132	-56.278664	-6.5728564	0.0	162500	1937.8676369190216
65	-46.82	-46.82	-45.3	-6.575956	13.353464	4.9915605	-54.63994	-6.575956	0.1	165000	1967.4015192985535
66	-43.68	-43.68	-46.2	-6.5403166	13.29887	5.9937716	-54.93481	-6.5403166	0.1	167500	1996.6981604099274
67	-45.54	-45.54	-50.0	-6.524536	13.272478	4.458261	-55.01008	-6.524536	0.0	170000	2026.6264646053314
68	-46.68	-46.68	-44.399998	-6.4698987	13.178513	3.4545388	-54.65221	-6.4698987	0.1	172500	2055.74854016304
69	-44.02	-44.02	-50.0	-6.4253287	13.068439	3.5744367	-57.078777	-6.4253287	0.0	175000	2083.137688398361
70	-45.94	-45.94	-36.8	-6.3860345	13.01465	4.60719	-54.137337	-6.3860345	0.3	177500	2113.9863357543945
71	-44.52	-44.52	-44.5	-6.3412733	12.925885	4.82615	-58.136284	-6.3412733	0.1	180000	2144.0483961105347
72	-44.84	-44.84	-43.100002	-6.2345176	12.722629	3.0837846	-56.727753	-6.2345176	0.1	182500	2173.8551445007324
73	-43.78	-43.78	-49.7	-6.2132354	12.570127	3.312665	-56.14681	-6.2132354	0.0	185000	2204.1762130260468
74	-40.9	-40.9	-45.7	-6.144629	12.371089	4.4004216	-56.577183	-6.144629	0.1	187500	2233.6149883270264
75	-46.96	-46.96	-49.4	-6.027895	12.105565	5.6404953	-55.141235	-6.027895	0.0	190000	2263.743507385254
76	-45.36	-45.36	-45.2	-5.8370028	11.757462	4.821628	-55.674335	-5.8370028	0.1	192500	2293.7372901439667
77	-47.02	-47.02	-50.0	-5.698225	11.437292	2.8646402	-58.872692	-5.698225	0.0	195000	2323.7230472564697
78	-48.52	-48.52	-36.899998	-5.6277556	11.232075	3.132368	-56.629475	-5.6277556	0.3	197500	2352.630900621414
79	-43.06	-43.06	-49.4	-5.530778	11.004492	3.221837	-54.836838	-5.530778	0.1	200000	2382.4611389636993
80	-44.62	-44.62	-39.8	-5.3862925	10.665744	3.5829344	-58.266357	-5.3862925	0.2	202500	2412.6502282619476
81	-41.86	-41.86	-38.8	-5.25519	10.363	3.0349119	-62.62254	-5.25519	0.1	205000	2442.1652405261993
82	-44.18	-44.18	-45.3	-5.1731205	10.141555	3.090938	-55.42034	-5.1731205	0.1	207500	2472.4087793827057
83	-43.68	-43.68	-40.7	-5.106083	9.953941	2.8055055	-56.41339	-5.106083	0.2	210000	2502.2780714035034
84	-41.96	-41.96	-43.5	-5.0470343	9.801456	4.1386433	-55.125107	-5.0470343	0.2	212500	2532.1581025123596
85	-43.96	-43.96	-42.2	-4.9774847	9.649508	3.088857	-56.261127	-4.9774847	0.1	215000	2561.6404452323914
86	-45.7	-45.7	-43.399998	-4.8977213	9.449416	3.8647842	-59.948704	-4.8977213	0.2	217500	2591.577918767929
87	-45.64	-45.64	-44.7	-4.8567386	9.320251	4.304195	-57.8984	-4.8567386	0.2	220000	2621.0111272335052
88	-36.9	-36.9	-41.3	-4.785681	9.206838	2.6433089	-58.827744	-4.785681	0.2	222500	2650.702224969864
89	-43.12	-43.12	-42.8	-4.7544746	9.112952	3.1411314	-55.988968	-4.7544746	0.1	225000	2680.681271314621
90	-43.42	-43.42	-42.3	-4.7878194	9.136662	3.0735366	-57.528286	-4.7878194	0.1	227500	2710.364737510681
91	-39.46	-39.46	-39.399998	-4.775114	9.105209	2.7586405	-62.884907	-4.775114	0.3	230000	2739.646651029587
92	-43.18	-43.18	-42.8	-4.7621055	9.036707	3.155389	-57.752583	-4.7621055	0.2	232500	2769.2911446094513
93	-40.0	-40.0	-43.8	-4.715355	8.952379	3.1326103	-56.010754	-4.715355	0.3	235000	2798.9080395698547
94	-40.92	-40.92	-34.0	-4.682874	8.859849	3.81183	-56.44472	-4.682874	0.5	237500	2828.822181224823
95	-41.3	-41.3	-42.7	-4.629741	8.72142	3.0814984	-56.134228	-4.629741	0.2	240000	2858.6017501354218
96	-44.08	-44.08	-46.9	-4.567186	8.566213	2.6495671	-57.733707	-4.567186	0.1	242500	2888.1507396698
97	-37.52	-37.52	-34.399998	-4.5507708	8.506466	3.8926857	-55.73183	-4.5507708	0.4	245000	2918.9098134040833
98	-41.56	-41.56	-33.399998	-4.559079	8.472011	2.929483	-57.863403	-4.559079	0.6	247500	2948.0252566337585
99	-40.84	-40.84	-40.3	-4.5753922	8.475764	2.7878313	-56.737434	-4.5753922	0.2	250000	2977.306680202484
100	-39.08	-39.08	-47.8	-4.5477376	8.4031	2.7617533	-56.90947	-4.5477376	0.0	252500	3007.428355693817
101	-39.8	-39.8	-46.9	-4.5370035	8.368216	3.6779156	-62.327682	-4.5370035	0.2	255000	3037.4224870204926
102	-40.14	-40.14	-37.2	-4.5272055	8.28746	4.7722726	-56.371765	-4.5272055	0.3	257500	3066.7965602874756
103	-37.02	-37.02	-38.0	-4.510253	8.203967	3.172653	-54.99482	-4.510253	0.3	260000	3096.339049577713
104	-38.12	-38.12	-27.2	-4.5134487	8.171145	5.3682775	-57.247517	-4.5134487	0.7	262500	3125.8393654823303
105	-39.42	-39.42	-36.0	-4.5061045	8.1082535	3.409952	-56.31433	-4.5061045	0.3	265000	3155.2126953601837
106	-36.2	-36.2	-24.2	-4.4951224	8.097822	6.179879	-56.82686	-4.4951224	0.7	267500	3184.6659269332886
107	-39.28	-39.28	-34.100002	-4.5151176	8.032479	2.7507064	-54.083454	-4.5151176	0.5	270000	3214.7205333709717
108	-37.1	-37.1	-40.0	-4.5374646	8.041342	5.875871	-55.760506	-4.5374646	0.3	272500	3245.0635566711426
109	-37.16	-37.16	-30.0	-4.524464	7.9636865	4.423674	-54.897614	-4.524464	0.5	275000	3274.0139145851135
110	-37.32	-37.32	-29.2	-4.4901795	7.832742	2.4279628	-55.71971	-4.4901795	0.5	277500	3304.7417471408844
111	-36.66	-36.66	-42.8	-4.4355803	7.6896796	3.7866597	-54.4735	-4.4355803	0.0	280000	3334.163667201996
112	-41.18	-41.18	-37.5	-4.4333587	7.6122065	2.8268034	-56.08638	-4.4333587	0.2	282500	3363.588166952133
113	-33.72	-33.72	-34.5	-4.431558	7.5572906	2.7450638	-57.73354	-4.431558	0.4	285000	3393.641412973404
114	-38.06	-38.06	-35.0	-4.3921866	7.4533787	4.1754603	-61.349846	-4.3921866	0.4	287500	3424.2432827949524
115	-35.32	-35.32	-40.399998	-4.356169	7.348022	2.548479	-60.39445	-4.356169	0.3	290000	3453.2301206588745
116	-38.16	-38.16	-37.2	-4.338754	7.245762	4.913947	-56.50609	-4.338754	0.3	292500	3482.818170070648
117	-37.64	-37.64	-33.2	-4.335554	7.1809907	4.505431	-57.455227	-4.335554	0.5	295000	3511.964273929596
118	-37.26	-37.26	-31.6	-4.3122563	7.113234	2.6721785	-54.65631	-4.3122563	0.4	297500	3541.9309113025665
119	-33.38	-33.38	-35.899998	-4.2927933	7.018006	2.588941	-54.931602	-4.2927933	0.4	300000	3571.127162694931
120	-34.8	-34.8	-37.899998	-4.2518787	6.950284	2.7444496	-55.401676	-4.2518787	0.2	302500	3600.769865989685
121	-35.58	-35.58	-32.899998	-4.2621894	6.906961	3.3907187	-59.012577	-4.2621894	0.7	305000	3630.499719619751
122	-32.66	-32.66	-26.7	-4.244217	6.82793	3.3370159	-57.352142	-4.244217	0.5	307500	3660.074385404587
123	-33.92	-33.92	-30.4	-4.1975703	6.67954	2.5418043	-56.552803	-4.1975703	0.5	310000	3690.1109759807587
124	-30.96	-30.96	-36.7	-4.1437025	6.5877457	3.1418538	-54.34655	-4.1437025	0.4	312500	3720.0975205898285
125	-34.24	-34.24	-33.5	-4.119188	6.477048	2.478575	-52.64912	-4.119188	0.4	315000	3749.799109697342
126	-32.72	-32.72	-28.4	-4.160239	6.4656167	4.8681545	-56.83007	-4.160239	0.4	317500	3778.8837456703186
127	-35.06	-35.06	-38.600002	-4.146539	6.41537	3.4088683	-55.787647	-4.146539	0.4	320000	3808.76682806015
128	-37.42	-37.42	-19.5	-4.0889835	6.289686	3.1424637	-57.171898	-4.0889835	0.7	322500	3838.293299674988
129	-35.98	-35.98	-38.600002	-4.072862	6.216495	3.568036	-59.06951	-4.072862	0.3	325000	3867.8615078926086
130	-34.1	-34.1	-28.6	-4.0659957	6.117113	3.42788	-55.422016	-4.0659957	0.7	327500	3897.9970960617065
131	-35.64	-35.64	-28.1	-4.0558047	6.080888	3.4581678	-55.06605	-4.0558047	0.5	330000	3928.5768613815308
132	-34.3	-34.3	-25.8	-4.029538	6.0282927	3.0822043	-56.05153	-4.029538	0.6	332500	3958.4947032928467
133	-32.12	-32.12	-29.1	-4.056405	6.0425363	3.175443	-52.280666	-4.056405	0.8	335000	3988.815702676773
134	-32.64	-32.64	-30.1	-4.095237	6.0373635	3.4384596	-56.574493	-4.095237	0.4	337500	4018.667206764221
135	-33.14	-33.14	-24.7	-4.050312	5.92588	3.9681237	-51.043354	-4.050312	0.7	340000	4048.39373755455
136	-33.68	-33.68	-26.5	-4.046232	5.8860803	3.4285855	-53.789204	-4.046232	0.8	342500	4078.607532262802
137	-31.4	-31.4	-27.8	-4.0552316	5.8470335	3.4185982	-53.101974	-4.0552316	0.7	345000	4108.8520612716675
138	-28.98	-28.98	-20.5	-4.0274897	5.822989	3.7349002	-51.961243	-4.0274897	0.7	347500	4138.759942770004
139	-32.82	-32.82	-26.4	-4.0524654	5.7976007	4.014248	-51.012066	-4.0524654	0.7	350000	4168.994825363159
140	-28.72	-28.72	-34.899998	-4.0048795	5.7045593	4.1024585	-50.04484	-4.0048795	0.6	352500	4198.53307390213
141	-26.98	-26.98	-19.199999	-3.9484155	5.611215	5.6787863	-52.060925	-3.9484155	0.8	355000	4228.582484483719
142	-33.26	-33.26	-25.7	-3.9264534	5.5795236	3.6706123	-50.70432	-3.9264534	0.6	357500	4257.676556348801
143	-30.44	-30.44	-26.9	-3.9774036	5.606143	2.367731	-52.641365	-3.9774036	0.5	360000	4287.711957454681
144	-32.38	-32.38	-31.6	-3.987338	5.6070004	3.132006	-53.290977	-3.987338	0.6	362500	4317.840239048004
145	-32.46	-32.46	-34.100002	-3.9705322	5.5715256	9.607628	-53.0754	-3.9705322	0.5	365000	4347.286501646042
146	-26.96	-26.96	-27.8	-3.9496512	5.531236	4.081358	-54.338593	-3.9496512	0.5	367500	4376.356509208679
147	-29.48	-29.48	-27.0	-3.9341	5.4765186	3.7429242	-53.30683	-3.9341	0.6	370000	4405.938099145889
148	-35.8	-35.8	-35.0	-3.9563644	5.530247	3.1931562	-54.945385	-3.9563644	0.7	372500	4435.079420089722
149	-31.04	-31.04	-30.5	-3.9918098	5.573953	3.0924559	-55.359394	-3.9918098	0.5	375000	4464.6704387664795
150	-34.68	-34.68	-19.4	-3.9958081	5.601493	5.6032457	-64.41524	-3.9958081	0.9	377500	4495.137339830399
151	-33.56	-33.56	-23.5	-3.9998145	5.585398	4.292256	-56.253033	-3.9998145	0.9	380000	4525.066077709198
152	-26.12	-26.12	-20.9	-4.0015306	5.5815744	5.4639044	-54.278088	-4.0015306	0.7	382500	4555.700307607651
153	-33.22	-33.22	-34.100002	-4.0055165	5.5508347	3.8216898	-53.131668	-4.0055165	0.4	385000	4585.16010260582
154	-30.76	-30.76	-18.300001	-3.9985516	5.511364	4.7016263	-72.46514	-3.9985516	0.9	387500	4614.94167470932
155	-29.94	-29.94	-20.1	-4.0242257	5.5028095	3.3862283	-52.82221	-4.0242257	0.8	390000	4644.843882083893
156	-27.58	-27.58	-21.1	-4.022675	5.5077963	3.2179482	-53.56682	-4.022675	0.9	392500	4674.688720941544
157	-29.36	-29.36	-35.2	-4.032658	5.54846	3.576384	-63.665653	-4.032658	0.4	395000	4704.700501203537
158	-25.5	-25.5	-28.6	-4.029942	5.49765	4.1163583	-53.704792	-4.029942	0.7	397500	4734.969885110855
159	-28.32	-28.32	-32.600002	-3.9912455	5.4268107	3.7643843	-58.225735	-3.9912455	0.6	400000	4764.672941207886
160	-30.52	-30.52	-22.5	-4.0140195	5.473365	6.543665	-52.906406	-4.0140195	0.9	402500	4794.030272245407
161	-31.0	-31.0	-28.8	-4.013682	5.418219	9.150737	-52.6258	-4.013682	0.7	405000	4823.995696544647
162	-30.5	-30.5	-12.6	-4.0309734	5.3956766	12.595681	-51.026928	-4.0309734	1.0	407500	4853.202683210373
163	-30.1	-30.1	-19.800001	-4.0088434	5.3127165	13.585181	-50.685486	-4.0088434	0.7	410000	4882.557513713837
164	-24.58	-24.58	-22.699999	-4.001263	5.26818	6.1594577	-51.005524	-4.001263	0.9	412500	4912.542987108231
165	-26.76	-26.76	-20.699999	-3.9795303	5.204987	9.42123	-52.302082	-3.9795303	1.0	415000	4942.542719841003
166	-26.7	-26.7	-20.0	-3.933276	5.123204	10.166604	-50.638153	-3.933276	0.8	417500	4971.650061368942
167	-27.14	-27.14	-18.4	-3.9119134	5.03982	13.978609	-55.341537	-3.9119134	0.8	420000	5001.73477268219
168	-26.38	-26.38	-20.800001	-3.874891	4.992744	11.009055	-54.842857	-3.874891	0.9	422500	5031.853538274765
169	-30.82	-30.82	-25.8	-3.862576	4.9816375	10.366308	-61.055313	-3.862576	0.7	425000	5062.033455610275
170	-29.74	-29.74	-14.3	-3.8324597	4.922005	8.607456	-55.320595	-3.8324597	0.7	427500	5091.727426767349
171	-26.08	-26.08	-17.5	-3.8432868	4.886472	9.589825	-56.226715	-3.8432868	0.9	430000	5121.382059574127
172	-27.26	-27.26	-21.699999	-3.8333986	4.908007	3.976313	-55.87303	-3.8333986	0.9	432500	5150.257805585861
173	-25.62	-25.62	-18.9	-3.799824	4.885045	6.122888	-55.744892	-3.799824	0.9	435000	5180.293402194977
174	-26.54	-26.54	-31.4	-3.8284726	4.915784	2.4193578	-59.770924	-3.8284726	0.7	437500	5210.694789171219
175	-27.68	-27.68	-19.800001	-3.839726	4.959128	2.8084583	-58.820026	-3.839726	0.9	440000	5239.774114608765
176	-29.3	-29.3	-13.7	-3.8421593	5.024467	3.8670645	-56.499107	-3.8421593	1.0	442500	5269.049086093903
177	-24.44	-24.44	-32.5	-3.8640442	5.1104946	5.4263062	-55.90096	-3.8640442	0.5	445000	5299.717530488968
178	-24.78	-24.78	-20.699999	-3.8369825	5.094798	4.545157	-62.136612	-3.8369825	0.8	447500	5329.488726377487
179	-32.84	-32.84	-23.7	-3.836423	5.04473	6.725733	-56.29664	-3.836423	0.8	450000	5359.56115603447
180	-25.7	-25.7	-27.5	-3.8339248	5.0278087	9.464371	-60.28087	-3.8339248	0.6	452500	5388.9991681575775
181	-23.5	-23.5	-17.300001	-3.8372421	5.018065	17.123371	-59.3488	-3.8372421	1.0	455000	5418.208437919617
182	-23.24	-23.24	-27.0	-3.824305	4.9869747	12.083395	-59.192673	-3.824305	0.8	457500	5448.619594812393
183	-26.94	-26.94	-15.5	-3.777471	4.9565206	9.13275	-57.435738	-3.777471	1.0	460000	5478.528938293457
184	-24.08	-24.08	-22.300001	-3.7917173	5.0719495	4.8977103	-68.78136	-3.7917173	0.7	462500	5508.3280165195465
185	-25.62	-25.62	-9.3	-3.8159149	5.196252	17.73626	-65.632576	-3.8159149	1.0	465000	5537.848360300064
186	-26.98	-26.98	-18.300001	-3.810409	5.1951857	5.238417	-59.77783	-3.810409	0.9	467500	5567.418331861496
187	-26.78	-26.78	-20.300001	-3.8041341	5.164911	6.0948067	-58.893005	-3.8041341	0.9	470000	5597.18483877182
188	-24.52	-24.52	-19.4	-3.815704	5.2074666	4.040093	-56.58714	-3.815704	0.9	472500	5626.430166006088
189	-24.46	-24.46	-12.9	-3.8122776	5.2581334	4.7935686	-64.26076	-3.8122776	1.0	475000	5656.170486688614
190	-24.94	-24.94	-22.4	-3.7834394	5.2593236	5.82889	-59.825127	-3.7834394	0.9	477500	5685.997011899948
191	-27.52	-27.52	-23.6	-3.7951763	5.312003	3.860204	-62.11582	-3.7951763	0.8	480000	5715.374985456467
192	-23.48	-23.48	-22.300001	-3.7878177	5.3341937	3.8363447	-56.37631	-3.7878177	0.8	482500	5744.860226631165
193	-27.5	-27.5	-20.699999	-3.7600155	5.336265	12.991203	-61.393932	-3.7600155	0.9	485000	5773.62521481514
194	-23.92	-23.92	-18.0	-3.7187018	5.2396617	7.930538	-58.448856	-3.7187018	0.9	487500	5803.1258981227875
195	-28.02	-28.02	-17.800001	-3.6957903	5.223536	4.2155275	-56.39033	-3.6957903	0.9	490000	5832.556736469269
196	-27.64	-27.64	-20.5	-3.7062814	5.227831	5.0378222	-55.481583	-3.7062814	0.8	492500	5862.7074954509735
197	-25.72	-25.72	-20.4	-3.6988647	5.218272	8.183621	-60.498844	-3.6988647	0.9	495000	5892.639834403992
198	-27.4	-27.4	-23.8	-3.694733	5.2154784	5.591552	-60.671204	-3.694733	0.7	497500	5922.672936439514
199	-20.98	-20.98	-22.1	-3.6795254	5.2652216	3.8028622	-61.715004	-3.6795254	0.7	500000	5952.720285892487
200	-23.46	-23.46	-23.4	-3.6410062	5.226071	5.0750003	-59.61963	-3.6410062	0.9	502500	5982.519894123077
201	-26.38	-26.38	-24.6	-3.6337657	5.2464514	3.5211725	-59.824284	-3.6337657	0.8	505000	6012.383678674698
202	-26.9	-26.9	-19.800001	-3.6352265	5.283002	3.7343278	-59.83353	-3.6352265	0.8	507500	6041.666461467743
203	-25.42	-25.42	-12.4	-3.6017683	5.2779617	5.1527796	-59.890118	-3.6017683	0.9	510000	6071.202295780182
204	-26.68	-26.68	-17.6	-3.6069667	5.299473	3.667986	-63.631947	-3.6069667	0.9	512500	6101.066322565079
205	-24.06	-24.06	-18.300001	-3.6039069	5.35703	10.832478	-60.010624	-3.6039069	0.9	515000	6130.322335243225
206	-25.3	-25.3	-17.4	-3.5985742	5.339402	10.534169	-57.10412	-3.5985742	0.9	517500	6159.557069301605
207	-20.88	-20.88	-27.7	-3.6163259	5.3728805	10.284283	-58.244133	-3.6163259	0.8	520000	6189.3013389110565
208	-23.28	-23.28	-19.5	-3.5792134	5.3528767	5.0585203	-64.69026	-3.5792134	0.8	522500	6218.735324382782
209	-20.24	-20.24	-18.300001	-3.5495553	5.3226557	3.5733442	-59.886333	-3.5495553	1.0	525000	6248.604952812195
210	-28.08	-28.08	-16.199999	-3.5024836	5.2732058	8.82896	-58.042698	-3.5024836	0.9	527500	6278.773668050766
211	-24.56	-24.56	-14.0	-3.489792	5.262438	3.3356369	-59.03501	-3.489792	0.9	530000	6308.361871957779
212	-23.52	-23.52	-16.699999	-3.472768	5.256484	9.929354	-57.603523	-3.472768	0.9	532500	6337.851462364197
213	-25.38	-25.38	-19.199999	-3.4537566	5.2441764	6.712536	-57.897594	-3.4537566	0.8	535000	6367.649737119675
214	-25.06	-25.06	-14.0	-3.4134681	5.190112	12.096603	-57.581444	-3.4134681	1.0	537500	6397.160493135452
215	-25.8	-25.8	-16.6	-3.4310606	5.2296596	5.2060857	-57.942455	-3.4310606	0.9	540000	6426.758543729782
216	-22.56	-22.56	-16.1	-3.3909366	5.189801	8.5628	-60.804592	-3.3909366	0.9	542500	6457.343360900879
217	-20.02	-20.02	-21.1	-3.3481047	5.127432	9.386539	-58.093723	-3.3481047	0.7	545000	6487.358458042145
218	-24.76	-24.76	-19.300001	-3.3404377	5.1361723	4.8039165	-70.269394	-3.3404377	0.8	547500	6517.631432294846
219	-24.9	-24.9	-23.9	-3.343495	5.1556005	8.618618	-61.23732	-3.343495	0.9	550000	6547.336738348007
220	-23.3	-23.3	-19.9	-3.3534472	5.1669917	5.26932	-82.94434	-3.3534472	0.9	552500	6577.1938552856445
221	-22.2	-22.2	-14.9	-3.3238912	5.102518	4.132248	-61.557453	-3.3238912	1.0	555000	6606.7063319683075
222	-21.0	-21.0	-15.6	-3.291759	5.023005	8.028625	-56.151573	-3.291759	1.0	557500	6636.020760297775
223	-24.62	-24.62	-19.4	-3.2585332	5.027732	3.2840104	-59.77098	-3.2585332	0.9	560000	6666.460781335831
224	-27.1	-27.1	-19.699999	-3.2529697	5.036626	9.54211	-58.207783	-3.2529697	0.9	562500	6696.35009598732
225	-24.42	-24.42	-18.5	-3.2328525	4.9759383	8.900135	-60.59385	-3.2328525	1.0	565000	6726.528361320496
226	-23.16	-23.16	-17.699999	-3.2285957	4.993096	8.943375	-58.763165	-3.2285957	0.9	567500	6756.932854652405
227	-21.54	-21.54	-19.4	-3.2056649	4.993047	3.6884623	-75.44183	-3.2056649	0.9	570000	6786.6393439769745
228	-24.86	-24.86	-24.2	-3.1948397	4.9591413	6.148099	-64.55158	-3.1948397	0.8	572500	6815.920890331268
229	-24.32	-24.32	-14.1	-3.164492	4.9126062	4.3617764	-58.410213	-3.164492	1.0	575000	6846.39918589592
230	-24.36	-24.36	-13.7	-3.1541507	4.8906336	5.021803	-61.64687	-3.1541507	1.0	577500	6876.164982318878
231	-19.46	-19.46	-13.6	-3.136422	4.8459086	6.800787	-59.780987	-3.136422	1.0	580000	6905.755933761597
232	-22.94	-22.94	-19.0	-3.105872	4.8799243	3.629114	-61.18409	-3.105872	0.8	582500	6935.389403343201
233	-23.12	-23.12	-11.2	-3.0748525	4.8165593	6.074172	-56.342342	-3.0748525	0.9	585000	6965.710834026337
234	-21.18	-21.18	-15.8	-3.0515397	4.7618895	10.492338	-56.560852	-3.0515397	0.9	587500	6995.213587284088
235	-23.6	-23.6	-12.0	-3.0561154	4.839249	2.5288756	-58.781166	-3.0561154	1.0	590000	7025.007215976715
236	-21.14	-21.14	-12.3	-3.025638	4.769877	3.5169501	-65.9075	-3.025638	0.9	592500	7054.778557300568
237	-24.5	-24.5	-24.2	-3.0101817	4.754477	6.34838	-59.01654	-3.0101817	0.9	595000	7084.716819763184
238	-17.76	-17.76	-12.0	-2.9818945	4.744513	4.162286	-62.15098	-2.9818945	1.0	597500	7114.015499353409
239	-22.22	-22.22	-12.2	-2.999865	4.754259	7.5136805	-57.793526	-2.999865	1.0	600000	7143.627894639969
240	-20.28	-20.28	-15.3	-3.0069342	4.7527432	10.866126	-62.25508	-3.0069342	1.0	602500	7173.604393005371
241	-21.3	-21.3	-9.5	-2.9722984	4.7190733	7.3691697	-62.439583	-2.9722984	1.0	605000	7203.583898305893
242	-24.24	-24.24	-17.6	-2.9308689	4.6543007	3.9985473	-58.155495	-2.9308689	0.9	607500	7233.708773851395
243	-21.52	-21.52	-16.5	-2.9350183	4.658436	4.51487	-72.776085	-2.9350183	0.9	610000	7263.339709997177
244	-19.4	-19.4	-10.400001	-2.9180954	4.5846233	2.7353275	-60.9607	-2.9180954	1.0	612500	7293.255085706711
245	-21.96	-21.96	-14.0	-2.9071455	4.5760403	10.15373	-67.438156	-2.9071455	0.8	615000	7323.006667852402
246	-19.88	-19.88	-20.9	-2.8797245	4.5103807	3.1835842	-75.37504	-2.8797245	0.8	617500	7352.536968946457
247	-23.92	-23.92	-15.1	-2.8719902	4.489869	8.665939	-56.94754	-2.8719902	0.9	620000	7383.079049110413
248	-24.18	-24.18	-17.0	-2.8457124	4.4280744	6.239813	-63.486813	-2.8457124	0.9	622500	7413.591287612915
249	-21.72	-21.72	-11.2	-2.829556	4.4261136	13.214314	-51.84494	-2.829556	1.0	625000	7443.87050819397
250	-20.34	-20.34	-14.3	-2.8262289	4.4173903	9.0214	-55.903267	-2.8262289	1.0	627500	7473.586087465286
251	-18.74	-18.74	-11.5	-2.8201103	4.434598	6.453834	-61.90764	-2.8201103	1.0	630000	7503.402482509613
252	-21.96	-21.96	-10.0	-2.803055	4.386657	5.5456667	-52.23331	-2.803055	1.0	632500	7533.164985656738
253	-22.7	-22.7	-20.699999	-2.7792923	4.383521	15.348433	-52.549225	-2.7792923	0.8	635000	7563.110158205032
254	-23.08	-23.08	-12.8	-2.7733421	4.4059043	3.589558	-55.83759	-2.7733421	1.0	637500	7593.071514129639
255	-22.06	-22.06	-18.9	-2.7904754	4.4483404	2.7850232	-62.525818	-2.7904754	1.0	640000	7623.577513456345
256	-18.92	-18.92	-21.0	-2.7708845	4.434118	2.1632838	-56.92152	-2.7708845	0.8	642500	7653.696329116821
257	-22.22	-22.22	-17.9	-2.7657783	4.422246	8.015291	-56.427826	-2.7657783	1.0	645000	7683.662833929062
258	-19.6	-19.6	-17.699999	-2.7472255	4.3688016	12.50877	-65.905014	-2.7472255	0.9	647500	7713.45667219162
259	-21.3	-21.3	-16.800001	-2.7363162	4.371628	8.022265	-74.74456	-2.7363162	0.9	650000	7743.442194223404
260	-18.96	-18.96	-10.7	-2.715068	4.319459	2.7335858	-55.881744	-2.715068	1.0	652500	7773.5057826042175
261	-25.48	-25.48	-14.5	-2.7219186	4.322271	4.0319767	-60.325504	-2.7219186	1.0	655000	7803.7465262413025
262	-19.74	-19.74	-11.7	-2.7200189	4.3214903	2.8339326	-61.22805	-2.7200189	1.0	657500	7834.070569753647
263	-21.58	-21.58	-14.8	-2.7092876	4.3099704	3.4815125	-55.40115	-2.7092876	0.9	660000	7864.001604318619
264	-21.44	-21.44	-14.0	-2.695601	4.2774196	2.6227016	-54.389015	-2.695601	1.0	662500	7894.067654132843
265	-20.68	-20.68	-11.7	-2.6544802	4.2371135	2.8876328	-56.546867	-2.6544802	1.0	665000	7924.022041320801
266	-22.34	-22.34	-13.0	-2.6406682	4.21157	2.5312204	-56.167168	-2.6406682	1.0	667500	7954.103618383408
267	-20.04	-20.04	-15.6	-2.64712	4.2178235	2.6365504	-82.03567	-2.64712	1.0	670000	7984.775104761124
268	-24.02	-24.02	-15.3	-2.6396832	4.2118545	2.9405396	-61.548595	-2.6396832	0.9	672500	8014.00111079216
269	-20.18	-20.18	-21.1	-2.6239133	4.157996	3.097629	-59.196407	-2.6239133	0.9	675000	8043.719838857651
270	-23.52	-23.52	-13.6	-2.6361012	4.173451	2.8637826	-60.262833	-2.6361012	1.0	677500	8072.414637327194
271	-22.22	-22.22	-18.800001	-2.637648	4.192355	2.8889534	-56.01511	-2.637648	0.8	680000	8102.704978466034
272	-21.42	-21.42	-11.5	-2.619273	4.166555	3.652738	-59.131985	-2.619273	1.0	682500	8132.51114320755
273	-24.24	-24.24	-18.4	-2.6026618	4.1195517	2.1172304	-62.35127	-2.6026618	1.0	685000	8162.845803260803
274	-23.9	-23.9	-10.400001	-2.5876215	4.05713	2.6260328	-55.566338	-2.5876215	1.0	687500	8192.54365682602
275	-20.3	-20.3	-9.0	-2.5579853	3.9962895	3.1085532	-59.22856	-2.5579853	1.0	690000	8221.670122623444
276	-18.52	-18.52	-11.0	-2.5841281	3.9989355	2.805223	-53.03876	-2.5841281	1.0	692500	8252.105729341507
277	-18.68	-18.68	-13.1	-2.5477238	3.9444633	3.5548303	-49.69947	-2.5477238	1.0	695000	8282.364378929138
278	-20.5	-20.5	-15.4	-2.542592	3.947691	2.931612	-50.39301	-2.542592	0.9	697500	8312.115125656128
279	-20.3	-20.3	-8.099999	-2.501919	3.8647573	2.5795038	-50.222263	-2.501919	1.0	700000	8341.59359240532
280	-20.44	-20.44	-11.3	-2.4945235	3.8110592	2.0419707	-50.050484	-2.4945235	1.0	702500	8371.642486810684
281	-21.14	-21.14	-13.6	-2.4894116	3.8187563	3.328462	-49.677452	-2.4894116	0.9	705000	8401.98359322548
282	-17.28	-17.28	-12.1	-2.4933627	3.8536322	3.5168366	-48.065376	-2.4933627	1.0	707500	8431.802412748337
283	-24.56	-24.56	-9.3	-2.4911878	3.8736076	2.2815847	-48.419876	-2.4911878	1.0	710000	8462.20457315445
284	-19.34	-19.34	-13.8	-2.5019734	3.9004807	2.1421797	-53.18901	-2.5019734	1.0	712500	8491.695439815521
285	-19.06	-19.06	-9.2	-2.4809747	3.908956	2.094974	-54.828777	-2.4809747	1.0	715000	8521.85952949524
286	-24.32	-24.32	-12.4	-2.4756248	3.8903716	2.8452578	-57.336212	-2.4756248	0.9	717500	8552.214511871338
287	-20.34	-20.34	-12.2	-2.4708867	3.8672576	2.1680038	-50.679	-2.4708867	1.0	720000	8581.744523763657
288	-19.66	-19.66	-14.0	-2.4669902	3.8599076	2.4907484	-52.63759	-2.4669902	1.0	722500	8611.883445978165
289	-20.44	-20.44	-8.2	-2.4688554	3.8430133	2.3570428	-51.434116	-2.4688554	1.0	725000	8641.54498052597
290	-21.36	-21.36	-12.0	-2.4654057	3.836052	2.896213	-88.098915	-2.4654057	1.0	727500	8671.260521888733
291	-18.2	-18.2	-11.7	-2.4659653	3.84805	4.2912025	-54.353306	-2.4659653	1.0	730000	8700.85708475113
292	-19.24	-19.24	-14.3	-2.4597697	3.8778214	4.2361126	-56.768135	-2.4597697	0.9	732500	8730.009305238724
293	-17.96	-17.96	-10.400001	-2.4651954	3.912253	2.5378728	-54.041954	-2.4651954	1.0	735000	8759.696244478226
294	-19.52	-19.52	-12.2	-2.454182	3.8849306	3.1567419	-52.79809	-2.454182	1.0	737500	8789.26235628128
295	-24.9	-24.9	-10.0	-2.4377747	3.893018	2.572873	-53.42833	-2.4377747	1.0	740000	8818.869080781937
296	-17.76	-17.76	-11.9	-2.4564385	3.9332187	2.0266175	-54.53381	-2.4564385	1.0	742500	8847.793250083923
297	-20.94	-20.94	-8.2	-2.4390707	3.9511204	2.0083916	-55.975407	-2.4390707	1.0	745000	8877.197711706161
298	-20.72	-20.72	-16.800001	-2.4386914	3.9736366	5.5427294	-57.962605	-2.4386914	0.9	747500	8906.714873790741
299	-20.08	-20.08	-11.099999	-2.4428923	4.0153384	10.524266	-53.56569	-2.4428923	0.9	750000	8936.100214242935
300	-22.82	-22.82	-14.1	-2.4300866	3.987247	2.5822184	-56.683155	-2.4300866	1.0	752500	8965.334724187851
301	-19.58	-19.58	-11.2	-2.4390702	4.0006495	3.0782745	-67.82015	-2.4390702	1.0	755000	8995.100167512894
302	-19.38	-19.38	-6.0	-2.415572	3.9658926	2.8129714	-60.570435	-2.415572	1.0	757500	9023.89757347107
303	-21.3	-21.3	-15.0	-2.4069004	3.919557	2.8993042	-54.824806	-2.4069004	0.9	760000	9052.682219266891
304	-19.9	-19.9	-10.400001	-2.4057891	3.9108133	2.793373	-58.14333	-2.4057891	1.0	762500	9081.282400846481
305	-22.32	-22.32	-14.7	-2.409827	3.902736	2.3093603	-59.292862	-2.409827	1.0	765000	9111.839549064636
306	-21.42	-21.42	-13.5	-2.4059856	3.8990645	9.69388	-60.71223	-2.4059856	1.0	767500	9140.875587940216
307	-19.54	-19.54	-13.1	-2.37359	3.867657	4.397462	-57.750515	-2.37359	1.0	770000	9171.168780565262
308	-22.58	-22.58	-11.599999	-2.3909464	3.9152012	2.6099977	-56.623703	-2.3909464	1.0	772500	9200.10699415207
309	-18.82	-18.82	-11.599999	-2.3901024	3.9216213	11.028701	-55.55968	-2.3901024	1.0	775000	9229.076684951782
310	-21.54	-21.54	-8.900001	-2.3857827	3.903394	3.0719457	-57.908607	-2.3857827	1.0	777500	9258.194381952286
311	-23.38	-23.38	-16.4	-2.3834088	3.8887188	1.966752	-58.31624	-2.3834088	0.9	780000	9287.74480509758
312	-19.7	-19.7	-14.8	-2.3779166	3.9048347	8.357557	-55.40808	-2.3779166	0.9	782500	9317.016254901886
313	-20.48	-20.48	-11.5	-2.371778	3.8972929	4.76418	-59.73866	-2.371778	1.0	785000	9346.81227350235
314	-21.3	-21.3	-9.8	-2.3782372	3.9068882	1.8871064	-63.460068	-2.3782372	1.0	787500	9375.80919265747
315	-20.5	-20.5	-13.7	-2.3785403	3.926609	3.7937028	-60.0461	-2.3785403	1.0	790000	9405.424361228943
316	-15.28	-15.28	-12.4	-2.3753316	3.9027176	1.8349898	-57.510296	-2.3753316	1.0	792500	9435.760784387589
317	-18.38	-18.38	-10.400001	-2.3598993	3.903708	2.3299804	-56.784966	-2.3598993	1.0	795000	9466.15535902977
318	-20.9	-20.9	-18.6	-2.3348184	3.8771212	3.2559528	-52.079185	-2.3348184	0.8	797500	9496.11244392395
319	-20.02	-20.02	-12.7	-2.3558488	3.898529	2.861228	-57.654003	-2.3558488	0.9	800000	9526.113871335983
320	-22.76	-22.76	-16.300001	-2.3566282	3.9072905	2.4648557	-59.249577	-2.3566282	1.0	802500	9555.870103359222
321	-20.76	-20.76	-9.3	-2.3723435	3.9539154	2.672475	-59.34535	-2.3723435	1.0	805000	9585.374561548233
322	-21.02	-21.02	-11.099999	-2.3581054	3.9570706	5.227814	-57.48426	-2.3581054	1.0	807500	9614.900144577026
323	-20.62	-20.62	-16.5	-2.3667295	3.9723418	3.584565	-56.573547	-2.3667295	0.9	810000	9644.295899868011
324	-18.52	-18.52	-9.0	-2.3588316	3.9717107	3.3386064	-61.898746	-2.3588316	1.0	812500	9673.962474107742
325	-20.8	-20.8	-15.3	-2.3635607	3.9936507	2.7099323	-60.205025	-2.3635607	0.9	815000	9704.640331983566
326	-17.68	-17.68	-10.0	-2.346637	3.9636614	2.625437	-62.347324	-2.346637	1.0	817500	9734.526418209076
327	-20.34	-20.34	-15.9	-2.356413	4.007516	4.5585394	-57.81253	-2.356413	0.9	820000	9764.51227259636
328	-24.12	-24.12	-10.5	-2.369814	4.0252867	7.0393653	-60.187416	-2.369814	1.0	822500	9794.313312768936
329	-18.48	-18.48	-9.099999	-2.363396	4.032956	1.7594621	-60.540527	-2.363396	1.0	825000	9824.489047050476
330	-21.8	-21.8	-18.4	-2.3613954	4.075161	2.4636405	-67.395805	-2.3613954	0.9	827500	9853.994039058685
331	-19.98	-19.98	-13.7	-2.3598347	4.024701	6.467962	-55.29537	-2.3598347	1.0	830000	9883.554183483124
332	-19.86	-19.86	-16.800001	-2.348926	3.9734485	2.3753896	-58.701717	-2.348926	0.9	832500	9912.865277051926
333	-21.22	-21.22	-12.5	-2.3393652	3.9546652	9.715745	-55.357853	-2.3393652	0.9	835000	9942.52814745903
334	-20.78	-20.78	-10.5	-2.3190818	3.8967164	8.119281	-59.48157	-2.3190818	1.0	837500	9972.189937353134
335	-20.06	-20.06	-10.2	-2.3277805	3.9175735	9.727289	-57.63886	-2.3277805	1.0	840000	10001.564245223999
336	-21.68	-21.68	-12.3	-2.3372338	3.936862	2.7064111	-68.85584	-2.3372338	1.0	842500	10031.795048952103
337	-18.34	-18.34	-12.2	-2.3105965	3.8712363	5.330516	-59.236053	-2.3105965	1.0	845000	10061.064100027084
338	-18.48	-18.48	-11.8	-2.3032904	3.8380423	3.1074898	-56.222134	-2.3032904	1.0	847500	10090.591821670532
339	-21.4	-21.4	-9.099999	-2.3043804	3.868056	2.4617257	-54.290462	-2.3043804	1.0	850000	10120.518736362457
340	-19.06	-19.06	-13.0	-2.3176758	3.863536	1.815273	-55.526756	-2.3176758	0.9	852500	10150.447209596634
341	-19.68	-19.68	-7.8	-2.2959914	3.851817	2.215405	-58.556267	-2.2959914	1.0	855000	10179.943652629852
342	-18.68	-18.68	-9.599999	-2.3037357	3.843717	4.436379	-53.323353	-2.3037357	1.0	857500	10209.64167046547
343	-17.68	-17.68	-11.400001	-2.2836494	3.842074	1.9729334	-61.8006	-2.2836494	1.0	860000	10239.843338727951
344	-18.96	-18.96	-8.8	-2.2761621	3.8323054	2.6266868	-65.46759	-2.2761621	1.0	862500	10269.625412464142
345	-18.2	-18.2	-12.5	-2.2808704	3.8520167	3.885929	-56.04419	-2.2808704	1.0	865000	10298.793903827667
346	-19.22	-19.22	-16.199999	-2.2707572	3.8237443	2.940197	-50.50283	-2.2707572	0.9	867500	10328.422829389572
347	-19.64	-19.64	-9.3	-2.2536187	3.7986276	2.895266	-57.395664	-2.2536187	1.0	870000	10357.882546186447
348	-17.78	-17.78	-13.7	-2.2469525	3.7677152	2.9566545	-68.65254	-2.2469525	0.9	872500	10387.478958845139
349	-19.4	-19.4	-10.099999	-2.2481103	3.78336	5.8127294	-54.288136	-2.2481103	1.0	875000	10416.673945188522
350	-19.96	-19.96	-13.9	-2.2422576	3.7795537	2.4864106	-56.253323	-2.2422576	1.0	877500	10446.672057628632
351	-19.18	-19.18	-14.1	-2.2405431	3.774537	2.3628643	-52.105747	-2.2405431	0.9	880000	10477.141692876816
352	-20.58	-20.58	-15.0	-2.2378843	3.7907503	2.8369632	-52.891342	-2.2378843	0.9	882500	10506.93589258194
353	-18.62	-18.62	-9.900001	-2.2309988	3.7732437	3.368874	-54.94747	-2.2309988	1.0	885000	10537.38831782341
354	-20.56	-20.56	-13.8	-2.2215798	3.7534478	3.1799805	-55.686058	-2.2215798	1.0	887500	10567.14336514473
355	-23.68	-23.68	-12.7	-2.213399	3.7181964	3.7776027	-53.919357	-2.213399	0.9	890000	10596.237265825272
356	-16.46	-16.46	-13.0	-2.2124949	3.7144558	3.529481	-60.971394	-2.2124949	1.0	892500	10624.814359903336
357	-19.8	-19.8	-10.400001	-2.210715	3.7248523	3.7384713	-52.464695	-2.210715	1.0	895000	10653.931220769882
358	-17.92	-17.92	-12.7	-2.1972961	3.717226	2.1829586	-51.533604	-2.1972961	0.9	897500	10682.879583120346
359	-19.34	-19.34	-14.1	-2.2070906	3.7316322	3.5934682	-53.871384	-2.2070906	0.9	900000	10711.924638748169
360	-20.02	-20.02	-10.7	-2.1939712	3.7332408	7.197858	-57.280975	-2.1939712	1.0	902500	10740.833620786667
361	-18.88	-18.88	-11.7	-2.1921368	3.745903	3.7348993	-56.50165	-2.1921368	1.0	905000	10770.23978972435
362	-21.36	-21.36	-13.2	-2.1874845	3.7365437	3.5353749	-58.46224	-2.1874845	1.0	907500	10800.2044942379
363	-19.66	-19.66	-12.5	-2.1903384	3.7190182	2.0765884	-59.848824	-2.1903384	1.0	910000	10829.8533141613
364	-17.66	-17.66	-12.2	-2.199951	3.7690263	3.0946481	-55.466347	-2.199951	0.9	912500	10859.552666425705
365	-20.56	-20.56	-8.900001	-2.180307	3.7712893	1.6710896	-57.087563	-2.180307	1.0	915000	10888.755534648895
366	-20.62	-20.62	-14.8	-2.1937654	3.7965107	2.3178666	-57.882423	-2.1937654	0.9	917500	10918.442025184631
367	-20.48	-20.48	-13.0	-2.2022269	3.765128	3.9132571	-55.866932	-2.2022269	0.9	920000	10947.632994651794
368	-18.42	-18.42	-13.3	-2.1789968	3.7478652	2.0458875	-64.19698	-2.1789968	0.9	922500	10976.199826955795
369	-21.74	-21.74	-19.6	-2.1721537	3.7204907	8.0129	-55.893856	-2.1721537	0.8	925000	11005.870806217194
370	-21.6	-21.6	-18.699999	-2.1869605	3.76423	2.1876092	-54.757454	-2.1869605	0.8	927500	11036.183974981308
371	-19.4	-19.4	-14.2	-2.1848266	3.7355556	2.4455357	-61.108105	-2.1848266	0.9	930000	11065.215757131577
372	-21.74	-21.74	-11.5	-2.1633408	3.7060552	6.575605	-52.81624	-2.1633408	1.0	932500	11094.325566291809
373	-20.08	-20.08	-11.2	-2.1718905	3.697807	6.1379743	-54.440792	-2.1718905	0.9	935000	11123.340916872025
374	-17.66	-17.66	-12.7	-2.1596572	3.67278	2.686665	-54.16221	-2.1596572	0.9	937500	11152.090764760971
375	-18.76	-18.76	-11.0	-2.1636517	3.6669414	3.356937	-51.428307	-2.1636517	1.0	940000	11181.718346595764
376	-19.96	-19.96	-14.1	-2.1696963	3.6510608	2.6296997	-52.58584	-2.1696963	1.0	942500	11210.685423374176
377	-17.12	-17.12	-8.5	-2.1674006	3.629093	2.6811674	-49.541283	-2.1674006	1.0	945000	11240.645929574966
378	-17.2	-17.2	-12.2	-2.1476147	3.6199205	2.709104	-50.267494	-2.1476147	1.0	947500	11271.028380155563
379	-20.06	-20.06	-8.900001	-2.1553867	3.6070635	2.7564967	-46.8728	-2.1553867	1.0	950000	11300.489776611328
380	-18.76	-18.76	-10.599999	-2.1471148	3.5944064	1.8153299	-47.48173	-2.1471148	1.0	952500	11329.904461622238
381	-22.04	-22.04	-11.5	-2.152247	3.6382513	3.650351	-46.93976	-2.152247	1.0	955000	11359.641685009003
382	-18.2	-18.2	-12.8	-2.1543238	3.647944	2.574525	-47.712677	-2.1543238	0.9	957500	11389.158677101135
383	-18.88	-18.88	-14.1	-2.166825	3.6781192	4.418418	-48.511322	-2.166825	0.9	960000	11418.025752544403
384	-18.04	-18.04	-11.3	-2.1588805	3.6809585	4.09485	-48.106792	-2.1588805	1.0	962500	11448.515818834305
385	-19.16	-19.16	-14.3	-2.1365757	3.6541426	3.3069692	-47.460464	-2.1365757	1.0	965000	11477.878336906433
386	-21.02	-21.02	-13.3	-2.1432672	3.6314871	3.6729164	-46.371655	-2.1432672	1.0	967500	11507.872560977936
387	-20.24	-20.24	-15.1	-2.1533353	3.6755648	3.6116383	-46.99961	-2.1533353	0.9	970000	11537.147061109543
388	-17.68	-17.68	-14.1	-2.1422856	3.6862478	7.807019	-53.91676	-2.1422856	1.0	972500	11566.731203079224
389	-21.1	-21.1	-9.7	-2.1493313	3.7035596	2.4684675	-51.665268	-2.1493313	1.0	975000	11596.564537525177
390	-18.38	-18.38	-10.099999	-2.140297	3.7048082	2.523593	-52.1853	-2.140297	1.0	977500	11626.816172599792
391	-16.8	-16.8	-14.4	-2.133032	3.702875	3.8415952	-58.8239	-2.133032	0.9	980000	11658.34004330635
392	-18.8	-18.8	-10.900001	-2.1354084	3.7427049	5.263379	-56.756016	-2.1354084	1.0	982500	11687.806403875351
393	-19.74	-19.74	-10.8	-2.1414037	3.7495177	2.0400343	-56.472103	-2.1414037	1.0	985000	11717.335245370865
394	-19.68	-19.68	-16.0	-2.1440604	3.7780929	1.8460203	-58.239334	-2.1440604	0.9	987500	11747.645792245865
395	-19.12	-19.12	-12.4	-2.1309068	3.7725773	3.0894778	-58.712826	-2.1309068	1.0	990000	11777.268623113632
396	-18.64	-18.64	-8.400001	-2.1375976	3.7692416	4.1132174	-54.418953	-2.1375976	1.0	992500	11806.287091493607
397	-17.78	-17.78	-9.599999	-2.13884	3.772811	2.7787347	-57.387108	-2.13884	1.0	995000	11835.402617692947
398	-19.14	-19.14	-12.6	-2.1448026	3.784652	2.399582	-58.685913	-2.1448026	1.0	997500	11864.6881005764
399	-19.08	-19.08	-10.0	-2.1236038	3.772219	3.1150484	-57.35437	-2.1236038	1.0	1000000	11894.285201311111
400	-18.32	-18.32	-11.5	-2.1258183	3.7861981	3.6739502	-60.555042	-2.1258183	1.0	1002500	11923.318637371063
401	-19.72	-19.72	-11.7	-2.1316125	3.774121	2.8066678	-61.65377	-2.1316125	1.0	1005000	11953.173174858093
402	-18.2	-18.2	-15.6	-2.1364427	3.7876492	2.463038	-59.454807	-2.1364427	0.9	1007500	11982.711295843124
403	-17.7	-17.7	-7.1	-2.121519	3.7366335	2.1286173	-57.032562	-2.121519	1.0	1010000	12011.979406833649
404	-16.6	-16.6	-16.199999	-2.0965128	3.6996737	1.9169605	-56.93219	-2.0965128	0.9	1012500	12041.476619005203
405	-20.04	-20.04	-12.4	-2.100905	3.7198565	2.2107506	-54.88684	-2.100905	1.0	1015000	12070.461352348328
406	-19.48	-19.48	-13.7	-2.117214	3.7467747	2.315298	-52.771854	-2.117214	0.9	1017500	12100.141039848328
407	-19.8	-19.8	-12.4	-2.118513	3.7447236	1.8833563	-58.027473	-2.118513	1.0	1020000	12129.534350633621
408	-20.0	-20.0	-13.5	-2.1106284	3.7079773	2.2222714	-54.83202	-2.1106284	0.9	1022500	12159.031916379929
409	-17.76	-17.76	-9.900001	-2.1029873	3.6928039	2.7966485	-56.596664	-2.1029873	1.0	1025000	12188.534719944
410	-18.2	-18.2	-16.300001	-2.1013596	3.6979132	2.1712961	-66.96793	-2.1013596	0.8	1027500	12218.42708826065
411	-15.84	-15.84	-14.8	-2.0854332	3.662511	2.3480406	-53.388096	-2.0854332	0.9	1030000	12248.531842947006
412	-19.18	-19.18	-11.8	-2.09027	3.684418	1.8224436	-54.087276	-2.09027	1.0	1032500	12278.808626651764
413	-20.5	-20.5	-9.400001	-2.0796278	3.656527	2.1028252	-54.171658	-2.0796278	1.0	1035000	12307.977241277695
414	-16.54	-16.54	-11.400001	-2.0738862	3.6218941	3.39867	-54.070164	-2.0738862	1.0	1037500	12337.593552350998
415	-22.1	-22.1	-13.0	-2.0785127	3.6621702	3.0677288	-53.56484	-2.0785127	1.0	1040000	12366.67083120346
416	-20.66	-20.66	-10.900001	-2.0839155	3.673824	2.9067395	-60.052765	-2.0839155	1.0	1042500	12396.281453371048
417	-17.26	-17.26	-9.2	-2.0692625	3.646023	2.287562	-55.43081	-2.0692625	1.0	1045000	12425.49075460434
418	-18.88	-18.88	-10.2	-2.0805676	3.6651528	2.2893682	-54.297874	-2.0805676	1.0	1047500	12454.827831029892
419	-19.28	-19.28	-13.2	-2.0709815	3.6282303	2.3624928	-64.14379	-2.0709815	0.9	1050000	12483.89792585373
420	-21.18	-21.18	-14.0	-2.0675063	3.6127236	2.5899792	-60.51204	-2.0675063	0.9	1052500	12513.400731086731
421	-24.02	-24.02	-10.0	-2.072666	3.648465	2.8780775	-57.018394	-2.072666	1.0	1055000	12542.286681890488
422	-20.22	-20.22	-19.1	-2.0753565	3.628435	2.568792	-54.36092	-2.0753565	0.9	1057500	12571.03533577919
423	-18.18	-18.18	-14.2	-2.086344	3.680651	1.921197	-57.99528	-2.086344	0.9	1060000	12600.381953001022
424	-21.26	-21.26	-13.2	-2.0794475	3.6573362	3.221627	-54.843147	-2.0794475	0.9	1062500	12630.202034711838
425	-19.32	-19.32	-12.4	-2.0800605	3.6752362	4.269412	-60.813423	-2.0800605	1.0	1065000	12660.097241163254
426	-18.56	-18.56	-8.099999	-2.0752244	3.6583052	3.4699807	-54.224037	-2.0752244	1.0	1067500	12689.79953622818
427	-22.42	-22.42	-8.599999	-2.0902362	3.695817	3.026711	-55.660137	-2.0902362	1.0	1070000	12719.388064622879
428	-17.84	-17.84	-11.599999	-2.0927334	3.7239351	4.867942	-58.356365	-2.0927334	1.0	1072500	12748.658484697342
429	-19.64	-19.64	-14.0	-2.089411	3.765685	3.3957777	-59.319344	-2.089411	0.9	1075000	12777.891090869904
430	-18.22	-18.22	-8.3	-2.090474	3.7236893	3.4956417	-57.76326	-2.090474	1.0	1077500	12807.338489294052
431	-23.3	-23.3	-11.0	-2.116807	3.7817633	6.287157	-68.783646	-2.116807	1.0	1080000	12837.292818784714
432	-20.2	-20.2	-8.3	-2.1248991	3.8053334	4.1967173	-55.65773	-2.1248991	1.0	1082500	12866.959987163544
433	-19.62	-19.62	-10.8	-2.1049135	3.745559	3.0161817	-64.00179	-2.1049135	1.0	1085000	12896.67346405983
434	-20.78	-20.78	-11.099999	-2.1094096	3.7349377	2.6055956	-54.322617	-2.1094096	1.0	1087500	12926.928322315216
435	-21.86	-21.86	-12.7	-2.1084766	3.7080717	2.6701715	-52.7506	-2.1084766	0.9	1090000	12956.484233856201
436	-17.02	-17.02	-7.0	-2.0913908	3.6897564	2.566533	-56.578064	-2.0913908	1.0	1092500	12986.08024764061
437	-22.12	-22.12	-10.3	-2.0900505	3.664231	3.0892859	-55.755318	-2.0900505	1.0	1095000	13015.203279972076
438	-19.62	-19.62	-8.0	-2.0778513	3.6328053	2.664546	-53.18789	-2.0778513	1.0	1097500	13044.26409316063
439	-19.06	-19.06	-10.0	-2.0880826	3.672446	2.4011755	-55.46451	-2.0880826	1.0	1100000	13073.503568172455
440	-20.46	-20.46	-12.5	-2.0915046	3.66414	2.539449	-55.892254	-2.0915046	1.0	1102500	13102.660534858704
441	-18.92	-18.92	-14.1	-2.098982	3.6463919	4.162916	-50.596	-2.098982	0.8	1105000	13132.042160511017
442	-19.74	-19.74	-10.400001	-2.0969663	3.6306543	7.4020953	-55.2363	-2.0969663	1.0	1107500	13162.448101520538
443	-19.26	-19.26	-11.9	-2.0954614	3.6106732	3.093419	-52.923645	-2.0954614	1.0	1110000	13192.59150505066
444	-23.4	-23.4	-15.3	-2.0803492	3.5817025	2.3791776	-52.978127	-2.0803492	0.9	1112500	13222.00620675087
445	-17.78	-17.78	-11.3	-2.0780082	3.5556395	5.218812	-51.583256	-2.0780082	1.0	1115000	13251.781419992447
446	-17.62	-17.62	-11.0	-2.0718353	3.5590913	3.491137	-49.930336	-2.0718353	1.0	1117500	13281.212218523026
447	-19.9	-19.9	-7.7	-2.073045	3.558468	2.5486019	-49.52301	-2.073045	1.0	1120000	13311.054852724075
448	-17.28	-17.28	-10.900001	-2.086466	3.5680416	2.4483628	-52.54287	-2.086466	1.0	1122500	13340.935374736786
449	-19.18	-19.18	-8.8	-2.0697966	3.5240307	1.8026783	-49.64103	-2.0697966	1.0	1125000	13372.354823827744
450	-17.22	-17.22	-13.7	-2.06623	3.53029	2.4594996	-52.05513	-2.06623	0.9	1127500	13401.900590658188
451	-21.76	-21.76	-10.599999	-2.0477202	3.4753146	2.275294	-53.092632	-2.0477202	1.0	1130000	13431.940760612488
452	-17.58	-17.58	-9.5	-2.052476	3.4862134	2.8630767	-52.84747	-2.052476	1.0	1132500	13461.752663373947
453	-20.7	-20.7	-10.900001	-2.0626597	3.4887023	5.1387577	-55.325348	-2.0626597	1.0	1135000	13492.230771064758
454	-15.52	-15.52	-9.0	-2.0542715	3.4969354	2.4390845	-54.378872	-2.0542715	1.0	1137500	13521.500239133835
455	-22.34	-22.34	-7.9	-2.0493906	3.4994895	3.3577247	-52.165478	-2.0493906	1.0	1140000	13550.91804599762
456	-20.02	-20.02	-11.3	-2.0629773	3.5223622	2.1583867	-53.434036	-2.0629773	0.9	1142500	13579.805919885635
457	-22.24	-22.24	-14.4	-2.0580878	3.5508873	4.8321896	-54.906536	-2.0580878	0.8	1145000	13609.201403141022
458	-21.2	-21.2	-11.9	-2.0547187	3.5499656	3.5873384	-52.511078	-2.0547187	0.9	1147500	13638.075901031494
459	-15.28	-15.28	-7.9	-2.0779412	3.609652	3.2387078	-55.37484	-2.0779412	1.0	1150000	13668.354897022247
460	-18.56	-18.56	-9.3	-2.0731413	3.618626	4.6344576	-58.7001	-2.0731413	1.0	1152500	13698.078219890594
461	-18.68	-18.68	-15.3	-2.073303	3.6205745	2.9733963	-56.576984	-2.073303	0.9	1155000	13727.508442640305
462	-17.54	-17.54	-10.2	-2.0650373	3.6048245	2.681647	-59.30914	-2.0650373	1.0	1157500	13757.31817317009
463	-18.98	-18.98	-8.099999	-2.0616646	3.5975466	3.064091	-55.51387	-2.0616646	1.0	1160000	13786.269963741302
464	-17.14	-17.14	-8.2	-2.0503783	3.5839891	2.8278773	-64.96024	-2.0503783	1.0	1162500	13816.555625677109
465	-17.28	-17.28	-8.8	-2.0533907	3.578802	3.9373474	-52.12997	-2.0533907	1.0	1165000	13845.52118396759
466	-18.08	-18.08	-19.6	-2.0391638	3.5552013	4.2097154	-55.012596	-2.0391638	0.8	1167500	13875.252258777618
467	-21.38	-21.38	-9.0	-2.0527594	3.5468946	4.0246234	-51.825417	-2.0527594	1.0	1170000	13903.86560678482
468	-17.18	-17.18	-11.599999	-2.034088	3.5014877	3.4341521	-50.642136	-2.034088	1.0	1172500	13933.114104509354
469	-20.1	-20.1	-15.5	-2.0123374	3.4438872	3.2184772	-50.444706	-2.0123374	1.0	1175000	13961.968121051788
470	-17.2	-17.2	-15.5	-2.012138	3.4298265	2.8668923	-60.076946	-2.012138	0.9	1177500	13991.061511039734
471	-17.24	-17.24	-13.5	-2.0217428	3.4221594	3.171485	-53.001503	-2.0217428	0.9	1180000	14021.77875161171
472	-17.18	-17.18	-16.6	-2.0214932	3.4101193	3.584093	-50.911427	-2.0214932	0.9	1182500	14051.372978925705
473	-15.56	-15.56	-11.7	-2.00114	3.372766	2.0840182	-52.680717	-2.00114	1.0	1185000	14080.849033594131
474	-21.34	-21.34	-12.4	-1.9994639	3.3561208	2.6155734	-52.79916	-1.9994639	1.0	1187500	14110.137732982635
475	-20.62	-20.62	-13.1	-2.0146723	3.3898811	4.115893	-52.985695	-2.0146723	0.9	1190000	14140.339118480682
476	-21.62	-21.62	-13.3	-2.00892	3.3977468	4.480756	-41.43437	-2.00892	0.9	1192500	14169.955329179764
477	-15.84	-15.84	-8.599999	-2.0060077	3.4021966	3.0154703	-49.229645	-2.0060077	1.0	1195000	14199.394629716873
478	-18.6	-18.6	-10.7	-2.0128732	3.4373348	3.7755415	-48.69856	-2.0128732	1.0	1197500	14228.449821710587
479	-18.62	-18.62	-6.2	-2.0217323	3.4673383	2.982072	-50.292995	-2.0217323	1.0	1200000	14258.021144628525
480	-18.74	-18.74	-7.5	-2.0242498	3.514236	2.0487304	-51.452114	-2.0242498	1.0	1202500	14286.997654676437
481	-22.06	-22.06	-10.2	-2.037273	3.5506544	3.1550407	-52.07009	-2.037273	1.0	1205000	14316.65470290184
482	-18.94	-18.94	-11.3	-2.036396	3.5633864	4.0781913	-52.34537	-2.036396	1.0	1207500	14346.971195459366
483	-17.3	-17.3	-10.599999	-2.0420158	3.5908506	2.9489255	-53.442135	-2.0420158	1.0	1210000	14377.07942533493
484	-18.68	-18.68	-8.8	-2.0451448	3.6307518	3.0078833	-54.741276	-2.0451448	1.0	1212500	14407.14717721939
485	-16.96	-16.96	-6.7	-2.054382	3.688827	3.4349618	-54.21057	-2.054382	1.0	1215000	14437.367429733276
486	-21.42	-21.42	-8.8	-2.0505342	3.7170777	5.7144003	-61.28164	-2.0505342	1.0	1217500	14466.807050943375
487	-18.52	-18.52	-10.2	-2.0562189	3.7025626	2.7697434	-54.44164	-2.0562189	1.0	1220000	14496.405377388
488	-19.02	-19.02	-10.3	-2.0430968	3.6941173	4.113385	-55.341553	-2.0430968	1.0	1222500	14526.509631872177
489	-18.22	-18.22	-18.6	-2.060127	3.7326772	3.3556395	-55.37006	-2.060127	1.0	1225000	14556.740683794022
490	-18.04	-18.04	-7.3	-2.0578105	3.7334435	2.160749	-56.00842	-2.0578105	1.0	1227500	14586.594923734665
491	-17.72	-17.72	-8.5	-2.0740864	3.7696395	3.3321972	-55.168285	-2.0740864	1.0	1230000	14616.393671989441
492	-21.16	-21.16	-14.8	-2.0600643	3.7501147	3.950406	-55.230057	-2.0600643	0.9	1232500	14644.783236503601
493	-21.84	-21.84	-16.300001	-2.068557	3.762827	3.570043	-55.110447	-2.068557	0.9	1235000	14672.845900297165
494	-17.76	-17.76	-17.9	-2.0764475	3.7689803	3.0664008	-53.5907	-2.0764475	0.9	1237500	14701.429069280624
495	-17.84	-17.84	-7.3	-2.0762825	3.7784812	3.1994653	-54.438236	-2.0762825	1.0	1240000	14729.80750489235
496	-17.26	-17.26	-11.5	-2.062119	3.7895308	4.1323986	-57.145138	-2.062119	1.0	1242500	14758.106765985489
497	-20.54	-20.54	-7.0	-2.0833762	3.8375423	2.5768929	-57.221344	-2.0833762	1.0	1245000	14786.073683023453
498	-17.98	-17.98	-9.3	-2.057612	3.792631	2.8782372	-56.194878	-2.057612	1.0	1247500	14814.25145149231
499	-15.98	-15.98	-7.8	-2.0666845	3.823048	4.21744	-55.455635	-2.0666845	1.0	1250000	14842.10632276535
