Epoch	EpRet	EpRealRet	TestEpRet	AverageQ1	StdQ1	MaxQ1	MinQ1	Q2	TestSuccess	TotalEnvInteracts	TotalTime
0	-45.06	-45.06	-50.0	-0.45791325	0.9636424	0.8632642	-6.855662	-0.45795602	0.0	2500	39.004908084869385
1	-49.0	-49.0	-45.0	-1.080336	2.2436135	1.704923	-14.521877	-1.0802201	0.1	5000	83.13963675498962
2	-46.0	-46.0	-50.0	-1.6865017	3.504791	1.6961701	-26.19612	-1.6865855	0.0	7500	126.6667537689209
3	-45.66	-45.66	-50.0	-2.196272	4.5550823	3.6530802	-27.329231	-2.1961813	0.0	10000	170.38552856445312
4	-46.0	-46.0	-50.0	-2.6012564	5.417207	2.7547126	-33.431057	-2.6012542	0.0	12500	214.219633102417
5	-46.0	-46.0	-45.0	-2.9877498	6.2325287	2.892726	-46.850212	-2.9876955	0.1	15000	257.98282527923584
6	-48.06	-48.06	-45.0	-3.291098	6.8708663	2.420537	-55.965115	-3.2912273	0.1	17500	301.2783966064453
7	-48.0	-48.0	-45.0	-3.5594778	7.4246306	2.2136378	-61.71764	-3.5595129	0.1	20000	344.96271276474
8	-44.8	-44.8	-35.0	-3.7868848	7.9002886	2.4088678	-52.458344	-3.7870743	0.3	22500	387.7253394126892
9	-47.0	-47.0	-50.0	-3.9346907	8.255616	3.8195684	-52.362537	-3.9348674	0.0	25000	428.66108870506287
10	-48.0	-48.0	-40.0	-4.1319084	8.622699	1.6889882	-53.002132	-4.132007	0.2	27500	471.7575283050537
11	-47.14	-47.14	-50.0	-4.247231	8.9080305	2.3872929	-52.736313	-4.2472787	0.0	30000	515.2777736186981
12	-47.0	-47.0	-45.0	-4.3886695	9.182653	2.2920747	-47.99828	-4.388839	0.1	32500	559.1670198440552
13	-49.0	-49.0	-50.0	-4.464726	9.365163	1.8289411	-44.240273	-4.464836	0.0	35000	602.8265669345856
14	-47.0	-47.0	-50.0	-4.581141	9.586115	2.3975747	-45.999886	-4.5812	0.0	37500	647.1159155368805
15	-48.7	-48.7	-44.5	-4.6767106	9.769617	2.2051885	-46.81285	-4.676754	0.1	40000	690.8328607082367
16	-48.0	-48.0	-50.0	-4.7690067	9.942882	2.517345	-47.91728	-4.7690144	0.0	42500	734.4577224254608
17	-47.0	-47.0	-45.0	-4.862407	10.108359	2.5480301	-51.37903	-4.862285	0.1	45000	777.5826919078827
18	-46.0	-46.0	-45.0	-4.946643	10.273579	1.9679115	-58.18371	-4.9467053	0.1	47500	821.427606344223
19	-45.8	-45.8	-50.0	-4.99279	10.384909	4.6454663	-60.568214	-4.9928513	0.0	50000	864.8185951709747
20	-47.0	-47.0	-45.0	-5.033149	10.474413	4.115225	-55.593388	-5.032983	0.1	52500	907.8491296768188
21	-47.0	-47.0	-50.0	-5.078458	10.563336	3.017282	-52.150723	-5.078291	0.0	55000	951.9346721172333
22	-48.0	-48.0	-50.0	-5.129087	10.641673	2.949518	-54.513412	-5.1291394	0.0	57500	995.9402973651886
23	-46.0	-46.0	-45.0	-5.151638	10.691683	3.1162977	-50.851147	-5.151595	0.1	60000	1040.880470752716
24	-46.16	-46.16	-50.0	-5.151982	10.721297	7.511841	-56.577118	-5.152177	0.0	62500	1084.0632545948029
25	-49.0	-49.0	-50.0	-5.1697464	10.760746	2.8277073	-57.061375	-5.169778	0.0	65000	1127.8937938213348
26	-49.0	-49.0	-45.0	-5.21888	10.835841	3.50742	-55.835472	-5.2188773	0.1	67500	1171.947826385498
27	-48.08	-48.08	-50.0	-5.2678494	10.920561	2.5829961	-57.549824	-5.2679577	0.0	70000	1215.6353647708893
28	-47.0	-47.0	-50.0	-5.3450727	11.019713	2.1296043	-58.040005	-5.3449483	0.0	72500	1258.5073618888855
29	-49.0	-49.0	-50.0	-5.3398857	11.043684	2.5483353	-59.18532	-5.339866	0.0	75000	1301.9325680732727
30	-47.0	-47.0	-50.0	-5.342809	11.067634	2.630788	-55.04908	-5.342822	0.0	77500	1345.1313796043396
31	-45.8	-45.8	-50.0	-5.3898873	11.139925	2.8029637	-54.53509	-5.3901067	0.0	80000	1388.7539291381836
32	-45.62	-45.62	-50.0	-5.3904943	11.165614	2.950576	-56.85673	-5.390433	0.0	82500	1432.9930365085602
33	-49.0	-49.0	-45.0	-5.422676	11.209195	2.0339873	-57.68529	-5.422603	0.1	85000	1476.4925405979156
34	-45.36	-45.36	-45.0	-5.4410567	11.247737	2.930372	-57.667675	-5.4412284	0.1	87500	1520.3694078922272
35	-50.0	-50.0	-50.0	-5.474572	11.289073	5.4900904	-56.172497	-5.4744754	0.0	90000	1563.8933684825897
36	-49.0	-49.0	-50.0	-5.49045	11.32317	3.3353646	-63.998688	-5.4905386	0.0	92500	1607.5282385349274
37	-45.58	-45.58	-50.0	-5.484678	11.341641	2.4377542	-58.54615	-5.484825	0.0	95000	1650.6514744758606
38	-48.0	-48.0	-50.0	-5.4998875	11.3643465	2.815724	-58.238396	-5.49988	0.0	97500	1694.5581657886505
39	-46.0	-46.0	-50.0	-5.5561585	11.42252	3.527309	-66.790184	-5.556249	0.0	100000	1738.2088282108307
40	-42.36	-42.36	-50.0	-5.5207067	11.413545	3.9637814	-63.94463	-5.5208664	0.0	102500	1782.7280325889587
41	-48.0	-48.0	-50.0	-5.556722	11.46156	4.6633344	-55.799522	-5.556719	0.0	105000	1825.8290057182312
42	-49.24	-49.24	-50.0	-5.582578	11.517513	3.6577263	-53.590645	-5.582678	0.0	107500	1869.8489663600922
43	-46.0	-46.0	-45.0	-5.576189	11.53705	2.6838005	-59.311764	-5.576161	0.1	110000	1914.104168176651
44	-46.0	-46.0	-50.0	-5.6459255	11.604159	7.523106	-58.6101	-5.6461196	0.0	112500	1957.6697270870209
45	-49.0	-49.0	-45.0	-5.637036	11.606712	5.381135	-54.876217	-5.6372	0.1	115000	2002.157282590866
46	-45.62	-45.62	-40.0	-5.62105	11.60341	3.9510794	-55.291573	-5.620978	0.2	117500	2045.553522348404
47	-42.56	-42.56	-45.0	-5.640588	11.635071	5.544892	-57.2242	-5.6407657	0.1	120000	2090.378545999527
48	-47.1	-47.1	-50.0	-5.611427	11.61072	3.3945026	-55.33907	-5.6115546	0.0	122500	2133.6757979393005
49	-44.02	-44.02	-45.0	-5.667059	11.6588	3.0785644	-56.02545	-5.667047	0.1	125000	2176.938899040222
50	-43.64	-43.64	-50.0	-5.665427	11.67119	4.4185176	-57.616886	-5.6656485	0.0	127500	2220.5664188861847
51	-49.0	-49.0	-45.0	-5.651868	11.671093	3.1775088	-56.87919	-5.6520343	0.1	130000	2264.4731135368347
52	-45.44	-45.44	-45.0	-5.684581	11.704607	3.9376993	-58.845978	-5.6845613	0.1	132500	2308.2455155849457
53	-48.0	-48.0	-45.399998	-5.664296	11.697912	4.2196407	-55.815662	-5.6643944	0.1	135000	2352.2238068580627
54	-46.44	-46.44	-45.0	-5.6778045	11.710444	6.045934	-54.657837	-5.6779203	0.1	137500	2395.6518082618713
55	-46.0	-46.0	-50.0	-5.6974325	11.72996	3.079714	-53.58155	-5.697347	0.0	140000	2438.392663002014
56	-47.0	-47.0	-50.0	-5.6851273	11.7288265	6.0980124	-57.057697	-5.685512	0.0	142500	2482.225013256073
57	-47.0	-47.0	-45.0	-5.6756387	11.726962	3.2528806	-62.90296	-5.675769	0.1	145000	2525.9082639217377
58	-46.86	-46.86	-50.0	-5.6834283	11.731807	8.852898	-58.252617	-5.6831737	0.0	147500	2568.858785867691
59	-47.0	-47.0	-40.0	-5.682384	11.738115	6.7198615	-59.317078	-5.682378	0.2	150000	2611.771632909775
60	-47.16	-47.16	-50.0	-5.7046103	11.760551	3.645409	-55.673393	-5.704486	0.0	152500	2655.1095883846283
61	-47.58	-47.58	-50.0	-5.7388806	11.79467	4.5846252	-58.79698	-5.738697	0.0	155000	2698.210653781891
62	-43.02	-43.02	-45.0	-5.6940365	11.762335	5.581056	-83.43624	-5.694215	0.1	157500	2741.3294067382812
63	-47.0	-47.0	-45.0	-5.737658	11.810423	3.348132	-62.017963	-5.7376127	0.1	160000	2784.73113155365
64	-47.0	-47.0	-50.0	-5.7328987	11.808629	7.3901386	-58.788162	-5.7328777	0.0	162500	2829.529296398163
65	-49.0	-49.0	-45.0	-5.758892	11.845071	3.5158632	-57.25559	-5.7591305	0.1	165000	2874.0809593200684
66	-46.82	-46.82	-45.0	-5.734327	11.833894	6.2571034	-59.756622	-5.7343144	0.1	167500	2917.1652104854584
67	-48.08	-48.08	-45.3	-5.749278	11.851876	3.3536134	-62.271145	-5.7493567	0.0	170000	2961.557553768158
68	-48.0	-48.0	-50.0	-5.7525163	11.858558	4.3444204	-59.20383	-5.752703	0.0	172500	3005.28013753891
69	-46.0	-46.0	-40.0	-5.7251363	11.8356695	5.664714	-58.50832	-5.725055	0.2	175000	3048.4161558151245
70	-44.96	-44.96	-35.0	-5.7388577	11.850559	5.7779202	-62.454758	-5.7390356	0.3	177500	3092.264100551605
71	-45.56	-45.56	-50.0	-5.749948	11.852003	4.579695	-56.53634	-5.750029	0.0	180000	3135.585346221924
72	-47.0	-47.0	-50.0	-5.7412496	11.85657	3.462836	-59.389175	-5.741233	0.0	182500	3179.830340862274
73	-47.0	-47.0	-45.0	-5.76355	11.885186	3.409947	-56.980446	-5.763427	0.1	185000	3223.053100347519
74	-50.0	-50.0	-50.0	-5.7777257	11.897982	3.6149435	-61.009384	-5.777899	0.0	187500	3266.377191066742
75	-41.56	-41.56	-50.0	-5.7672863	11.8878975	5.020893	-57.909416	-5.7671957	0.0	190000	3309.3372192382812
76	-45.02	-45.02	-45.0	-5.7609034	11.897258	5.21274	-60.28422	-5.7606807	0.1	192500	3353.127056121826
77	-47.0	-47.0	-50.0	-5.7294583	11.875004	3.8132467	-60.524292	-5.729436	0.0	195000	3393.0289216041565
78	-46.14	-46.14	-50.0	-5.755585	11.892563	4.102672	-62.406757	-5.7557	0.0	197500	3436.9506120681763
79	-49.0	-49.0	-50.0	-5.7408304	11.884475	5.6179504	-56.882797	-5.7408223	0.0	200000	3479.321247816086
80	-48.14	-48.14	-45.0	-5.765461	11.902058	9.878132	-57.09545	-5.7653203	0.1	202500	3522.510413169861
81	-47.0	-47.0	-40.0	-5.774056	11.916164	3.7444565	-58.940872	-5.773937	0.2	205000	3567.4358086586
82	-44.78	-44.78	-50.0	-5.746926	11.891259	4.5658283	-62.911324	-5.7472486	0.0	207500	3610.9907274246216
83	-47.94	-47.94	-50.0	-5.786137	11.930108	3.9694571	-60.282974	-5.786006	0.0	210000	3654.6878323554993
84	-44.34	-44.34	-45.0	-5.7967215	11.935137	8.165857	-57.34678	-5.796507	0.1	212500	3698.805035352707
85	-45.0	-45.0	-40.0	-5.779173	11.930228	3.515044	-57.280857	-5.779079	0.2	215000	3743.1617641448975
86	-47.0	-47.0	-45.0	-5.784	11.935912	4.0428944	-59.201687	-5.7840605	0.1	217500	3787.6198210716248
87	-48.0	-48.0	-50.0	-5.7631116	11.921165	4.7362523	-63.21444	-5.762969	0.0	220000	3830.8763296604156
88	-47.0	-47.0	-50.0	-5.7815595	11.924776	3.3892744	-62.886772	-5.7816033	0.0	222500	3874.902062177658
89	-45.96	-45.96	-50.0	-5.749474	11.890419	2.775557	-61.0536	-5.7497945	0.0	225000	3918.964397907257
90	-46.96	-46.96	-45.0	-5.771348	11.903135	7.1189303	-59.2769	-5.771389	0.1	227500	3963.421430826187
91	-48.0	-48.0	-40.3	-5.7445536	11.876588	4.3281775	-57.471935	-5.7441964	0.2	230000	4007.9724798202515
92	-49.0	-49.0	-49.5	-5.696878	11.827517	3.632477	-58.36948	-5.696846	0.0	232500	4051.5184841156006
93	-45.86	-45.86	-45.0	-5.7085915	11.824009	3.4107652	-56.585857	-5.7086773	0.1	235000	4095.756998062134
94	-44.44	-44.44	-40.0	-5.7274513	11.822883	3.8506181	-57.445107	-5.727324	0.2	237500	4139.276176452637
95	-43.68	-43.68	-50.0	-5.7498903	11.847852	3.2135134	-59.65738	-5.749945	0.0	240000	4181.836583614349
96	-45.78	-45.78	-45.3	-5.7109146	11.807286	4.194822	-56.955788	-5.7106767	0.1	242500	4224.7577929496765
97	-46.18	-46.18	-40.0	-5.723781	11.803264	3.0704157	-62.654404	-5.7237887	0.2	245000	4267.694306135178
98	-47.56	-47.56	-45.0	-5.703852	11.78459	2.502677	-58.999847	-5.7038355	0.1	247500	4311.7931225299835
99	-47.0	-47.0	-50.0	-5.684491	11.766462	5.5933456	-70.18284	-5.68464	0.0	250000	4355.137689828873
100	-47.0	-47.0	-45.0	-5.6808	11.752682	2.9481242	-63.941437	-5.6809483	0.1	252500	4399.0446972846985
101	-44.16	-44.16	-45.0	-5.703065	11.7639475	4.333481	-60.28576	-5.7032676	0.1	255000	4442.307904481888
102	-49.0	-49.0	-50.0	-5.7017226	11.764575	3.333289	-59.277317	-5.7017093	0.0	257500	4485.517827987671
103	-44.68	-44.68	-45.0	-5.697524	11.766981	2.6790206	-60.609894	-5.697613	0.1	260000	4529.7280151844025
104	-45.98	-45.98	-50.0	-5.6812263	11.748843	2.883053	-60.357555	-5.680989	0.0	262500	4573.678593873978
105	-48.04	-48.04	-40.0	-5.7050767	11.771183	3.6558769	-59.88562	-5.705154	0.2	265000	4617.2740268707275
106	-46.86	-46.86	-35.0	-5.6972265	11.764122	3.6312187	-63.089294	-5.696976	0.3	267500	4661.277460575104
107	-45.48	-45.48	-50.0	-5.6890345	11.751245	3.5247903	-58.262394	-5.6887813	0.0	270000	4704.708151578903
108	-48.44	-48.44	-40.0	-5.662684	11.728369	1.9196956	-60.08852	-5.6626673	0.2	272500	4748.323693275452
109	-46.3	-46.3	-45.0	-5.6741676	11.749335	2.8217335	-63.332756	-5.673855	0.1	275000	4791.922856092453
110	-49.0	-49.0	-35.0	-5.687283	11.760645	2.7064848	-62.76693	-5.6870165	0.3	277500	4836.00633764267
111	-47.0	-47.0	-47.9	-5.7237077	11.79445	6.2217135	-57.315533	-5.723848	0.1	280000	4879.657987833023
112	-46.1	-46.1	-50.0	-5.6863475	11.76925	3.2469368	-60.630825	-5.686218	0.0	282500	4921.578296422958
113	-44.82	-44.82	-45.0	-5.7196865	11.805046	3.8423238	-64.31828	-5.71942	0.1	285000	4965.561469078064
114	-46.18	-46.18	-45.0	-5.695719	11.789492	4.1191554	-59.95018	-5.6954956	0.1	287500	5009.302730321884
115	-46.6	-46.6	-50.0	-5.694425	11.774297	3.2833269	-59.506313	-5.694184	0.0	290000	5052.594828605652
116	-43.02	-43.02	-45.0	-5.7013774	11.785516	4.1076164	-62.104107	-5.701188	0.1	292500	5096.212603092194
117	-47.46	-47.46	-50.0	-5.6879344	11.772067	4.511727	-59.90473	-5.688214	0.0	295000	5139.7578711509705
118	-47.0	-47.0	-45.0	-5.7047634	11.788102	3.7852604	-62.71008	-5.7044826	0.1	297500	5183.056004285812
119	-45.96	-45.96	-40.0	-5.7003484	11.794394	3.7008758	-57.916126	-5.700256	0.2	300000	5227.352157354355
120	-45.6	-45.6	-45.0	-5.6953387	11.794801	3.8980186	-61.54513	-5.6952176	0.1	302500	5271.645867586136
121	-49.1	-49.1	-50.0	-5.6963363	11.795792	4.5108414	-63.102386	-5.6960964	0.0	305000	5315.320643901825
122	-47.96	-47.96	-45.8	-5.7191095	11.817639	5.198857	-68.5765	-5.7189603	0.1	307500	5358.985836029053
123	-47.0	-47.0	-45.0	-5.730521	11.834504	4.433318	-61.01723	-5.7304907	0.1	310000	5403.026360273361
124	-46.48	-46.48	-50.0	-5.7281384	11.833559	4.760486	-91.56599	-5.7282147	0.0	312500	5445.496534585953
125	-45.72	-45.72	-50.0	-5.7390795	11.848686	4.3275	-72.14298	-5.7390685	0.0	315000	5488.515987634659
126	-46.88	-46.88	-40.0	-5.6848316	11.798824	3.9420145	-68.34959	-5.684777	0.2	317500	5531.722440958023
127	-49.0	-49.0	-45.0	-5.7414713	11.845313	3.2961297	-64.59351	-5.741446	0.1	320000	5575.22056388855
128	-45.02	-45.02	-45.0	-5.715221	11.814809	3.491232	-64.041725	-5.7155204	0.1	322500	5618.195142030716
129	-48.0	-48.0	-35.0	-5.7152395	11.817181	5.7864804	-61.840477	-5.7148566	0.3	325000	5661.3995180130005
130	-47.02	-47.02	-40.0	-5.713296	11.8167	4.003738	-64.49629	-5.7132034	0.2	327500	5705.7182075977325
131	-45.76	-45.76	-45.100002	-5.733272	11.8234215	5.1477203	-68.53946	-5.733361	0.1	330000	5748.993530511856
132	-48.0	-48.0	-45.0	-5.724308	11.806522	5.7920003	-66.563065	-5.7242513	0.1	332500	5793.160927534103
133	-48.12	-48.12	-42.8	-5.744631	11.819974	10.364343	-61.756073	-5.744714	0.2	335000	5837.220833539963
134	-46.0	-46.0	-45.0	-5.7246447	11.807054	4.4615746	-59.633026	-5.7247295	0.1	337500	5880.474367141724
135	-47.62	-47.62	-40.0	-5.715171	11.808012	5.527094	-60.617985	-5.7152557	0.2	340000	5923.6946341991425
136	-46.8	-46.8	-41.100002	-5.734154	11.822386	9.035194	-58.107063	-5.7336373	0.2	342500	5966.969593048096
137	-44.5	-44.5	-35.0	-5.762598	11.84808	5.488401	-59.950287	-5.762581	0.3	345000	6011.1907081604
138	-47.34	-47.34	-50.0	-5.723224	11.809316	6.8332844	-61.39694	-5.723049	0.0	347500	6054.550569295883
139	-48.0	-48.0	-45.0	-5.757913	11.848502	4.8294053	-62.32349	-5.7577868	0.1	350000	6097.332448720932
140	-43.84	-43.84	-50.0	-5.765801	11.853191	4.2848983	-63.98931	-5.765863	0.0	352500	6141.579658269882
141	-46.4	-46.4	-50.0	-5.72169	11.817013	4.2884774	-60.96423	-5.721705	0.0	355000	6186.347689628601
142	-45.14	-45.14	-50.0	-5.7460337	11.839941	6.9272475	-61.83599	-5.746022	0.0	357500	6230.294713258743
143	-48.0	-48.0	-45.0	-5.770693	11.872468	6.094421	-60.74387	-5.7706647	0.1	360000	6273.881877660751
144	-45.7	-45.7	-50.0	-5.7905116	11.893392	4.0684657	-59.109924	-5.790505	0.0	362500	6318.06823849678
145	-46.6	-46.6	-40.0	-5.7662873	11.872141	4.656152	-59.8372	-5.7663417	0.2	365000	6361.9342522621155
146	-46.98	-46.98	-40.0	-5.780965	11.894534	8.035375	-62.244335	-5.780897	0.2	367500	6405.729714632034
147	-47.66	-47.66	-45.0	-5.766185	11.890438	8.646045	-57.66619	-5.766196	0.1	370000	6449.220296382904
148	-47.24	-47.24	-45.0	-5.7710986	11.898711	4.8815794	-65.04998	-5.771097	0.1	372500	6492.790283441544
149	-47.32	-47.32	-50.0	-5.8082805	11.932573	4.926669	-58.76292	-5.8083363	0.0	375000	6536.360682964325
150	-47.22	-47.22	-50.0	-5.7761474	11.908156	5.6392856	-58.938255	-5.776091	0.0	377500	6579.529038190842
151	-46.44	-46.44	-30.0	-5.8039784	11.934845	5.7085867	-62.368874	-5.804059	0.4	380000	6622.520965576172
152	-46.84	-46.84	-40.8	-5.8566465	11.979508	4.876413	-62.821804	-5.8565445	0.2	382500	6666.3786063194275
153	-47.48	-47.48	-45.0	-5.7904367	11.928676	8.382938	-59.235332	-5.7904696	0.1	385000	6710.547635793686
154	-44.22	-44.22	-40.0	-5.8133397	11.946932	6.1827035	-58.523415	-5.813407	0.2	387500	6753.785752058029
155	-47.62	-47.62	-50.0	-5.817809	11.963603	5.9887023	-62.61993	-5.8177896	0.0	390000	6796.409930467606
156	-45.02	-45.02	-50.0	-5.852359	11.983208	6.2111683	-62.58023	-5.8523154	0.0	392500	6839.481142997742
157	-47.16	-47.16	-50.0	-5.8461347	11.976563	5.05062	-67.987434	-5.846162	0.0	395000	6882.931253194809
158	-44.98	-44.98	-40.3	-5.8359485	11.964894	5.0776	-58.245384	-5.835919	0.2	397500	6926.218160867691
159	-41.88	-41.88	-40.0	-5.8185654	11.95866	5.627367	-64.29162	-5.818583	0.2	400000	6969.2474937438965
160	-46.58	-46.58	-30.8	-5.8277526	11.962585	4.0739574	-57.946575	-5.8277593	0.4	402500	7012.299498081207
161	-43.94	-43.94	-50.0	-5.807958	11.956485	6.5919056	-62.21289	-5.807956	0.0	405000	7056.047157287598
162	-44.92	-44.92	-50.0	-5.8502054	11.995264	4.5954695	-59.522766	-5.8501134	0.0	407500	7099.348729610443
163	-47.12	-47.12	-38.8	-5.7815547	11.946851	7.707589	-58.351788	-5.781625	0.3	410000	7142.949661493301
164	-44.94	-44.94	-50.0	-5.8267317	11.983572	4.693258	-72.142006	-5.826743	0.0	412500	7186.513449907303
165	-45.98	-45.98	-50.0	-5.838718	11.994472	4.559906	-58.78603	-5.8386273	0.0	415000	7230.341238975525
166	-46.02	-46.02	-49.6	-5.8729677	12.035034	8.288166	-61.225437	-5.873078	0.0	417500	7274.020646095276
167	-46.74	-46.74	-50.0	-5.7935724	11.970231	4.855423	-64.69382	-5.7935286	0.0	420000	7318.808201313019
168	-47.04	-47.04	-40.899998	-5.8296733	11.988762	5.527597	-61.493504	-5.829608	0.2	422500	7362.179112911224
169	-48.42	-48.42	-46.399998	-5.816866	11.968851	5.1870413	-59.16188	-5.8169374	0.1	425000	7405.59762597084
170	-47.12	-47.12	-39.0	-5.8163733	11.954012	4.4765573	-63.047844	-5.8163776	0.3	427500	7448.625691175461
171	-44.96	-44.96	-50.0	-5.821846	11.949053	4.5454936	-66.363716	-5.82184	0.0	430000	7492.715337753296
172	-42.88	-42.88	-45.0	-5.816556	11.946082	5.3242655	-64.99516	-5.816531	0.1	432500	7536.487605571747
173	-40.74	-40.74	-45.0	-5.8049836	11.931897	10.089959	-64.058014	-5.8049784	0.1	435000	7580.035361528397
174	-42.72	-42.72	-50.0	-5.776457	11.89808	7.0795565	-60.816998	-5.7765036	0.0	437500	7623.573046207428
175	-47.5	-47.5	-45.899998	-5.7507133	11.856053	6.1325374	-60.08213	-5.75071	0.1	440000	7667.633588314056
176	-48.92	-48.92	-41.0	-5.7691936	11.857684	4.5712247	-73.18145	-5.769182	0.2	442500	7712.227758169174
177	-44.96	-44.96	-45.0	-5.778942	11.861748	7.86634	-63.753036	-5.7789016	0.1	445000	7755.46787405014
178	-46.78	-46.78	-38.100002	-5.7790623	11.855875	5.0454073	-60.68817	-5.779065	0.3	447500	7799.921788215637
179	-44.7	-44.7	-36.3	-5.7462025	11.811032	4.215007	-62.452694	-5.7462773	0.3	450000	7843.509881496429
180	-44.68	-44.68	-50.0	-5.757508	11.817322	5.3235836	-58.589134	-5.75749	0.0	452500	7886.153993368149
181	-43.46	-43.46	-46.2	-5.7317142	11.783809	6.471047	-84.06383	-5.7317867	0.1	455000	7929.142918348312
182	-44.86	-44.86	-42.100002	-5.757874	11.793441	6.54064	-70.880295	-5.757775	0.2	457500	7973.8807644844055
183	-46.48	-46.48	-30.0	-5.760848	11.801974	7.2801495	-59.156254	-5.760835	0.4	460000	8016.935859441757
184	-45.68	-45.68	-41.2	-5.7613435	11.785329	7.0881133	-78.62728	-5.7613564	0.2	462500	8060.198962688446
185	-43.68	-43.68	-35.600002	-5.7756233	11.796374	9.670402	-61.73452	-5.7756367	0.5	465000	8103.482642173767
186	-46.36	-46.36	-47.6	-5.758203	11.770405	5.2550855	-62.81123	-5.75815	0.1	467500	8146.872496604919
187	-41.7	-41.7	-42.899998	-5.7352834	11.737369	5.3090415	-57.12682	-5.7352643	0.2	470000	8191.0173008441925
188	-45.88	-45.88	-32.600002	-5.710281	11.701179	6.653119	-56.320408	-5.7104254	0.4	472500	8236.421429157257
189	-44.04	-44.04	-40.399998	-5.720043	11.702249	6.0999894	-61.685623	-5.719936	0.3	475000	8278.48342704773
190	-43.84	-43.84	-43.100002	-5.734144	11.724111	6.117865	-61.551533	-5.734162	0.2	477500	8322.425265550613
191	-44.04	-44.04	-46.5	-5.69837	11.679014	5.9890356	-64.83324	-5.698392	0.1	480000	8366.789910078049
192	-47.5	-47.5	-46.0	-5.706199	11.674709	7.254011	-68.35848	-5.7061386	0.1	482500	8410.712806224823
193	-47.94	-47.94	-50.0	-5.7087255	11.669633	7.5559945	-60.240543	-5.708735	0.0	485000	8454.325149536133
194	-45.06	-45.06	-45.0	-5.704572	11.64563	7.316119	-59.865788	-5.704613	0.1	487500	8497.787908554077
195	-47.1	-47.1	-42.899998	-5.723551	11.651912	4.90635	-64.84449	-5.7234974	0.2	490000	8541.13092136383
196	-42.58	-42.58	-46.3	-5.7589893	11.677903	4.875223	-63.50607	-5.759051	0.1	492500	8585.441399335861
197	-42.26	-42.26	-35.0	-5.7266774	11.661802	6.6575885	-63.605236	-5.726589	0.3	495000	8628.97057723999
198	-47.78	-47.78	-46.5	-5.7386036	11.664455	6.245198	-60.00815	-5.738596	0.1	497500	8673.418761014938
199	-44.24	-44.24	-37.3	-5.731486	11.647709	7.7264423	-60.597855	-5.7315097	0.3	500000	8717.240415334702
200	-45.9	-45.9	-35.8	-5.745673	11.651654	5.9839387	-61.80009	-5.745754	0.3	502500	8760.88711977005
201	-43.54	-43.54	-45.0	-5.7495065	11.644551	4.824144	-65.800224	-5.7494664	0.1	505000	8804.193487882614
202	-45.56	-45.56	-37.0	-5.7469506	11.640611	6.4964437	-59.675583	-5.74696	0.3	507500	8847.631159305573
203	-46.08	-46.08	-49.1	-5.751908	11.63304	10.42278	-68.4817	-5.7518973	0.1	510000	8891.457057714462
204	-43.3	-43.3	-37.7	-5.7341146	11.608117	6.52048	-61.147892	-5.7341065	0.3	512500	8934.236832857132
205	-43.06	-43.06	-41.0	-5.723912	11.579025	5.8554277	-61.73254	-5.723909	0.2	515000	8976.537997245789
206	-43.46	-43.46	-45.399998	-5.7678404	11.597237	6.4343443	-64.839005	-5.767942	0.1	517500	9020.525897979736
207	-40.98	-40.98	-35.600002	-5.772077	11.59202	10.610575	-60.653904	-5.7718954	0.3	520000	9063.345762491226
208	-41.54	-41.54	-44.2	-5.7738185	11.597049	5.5909443	-65.739716	-5.773995	0.2	522500	9106.273383617401
209	-45.26	-45.26	-41.100002	-5.773945	11.605407	6.75657	-63.46769	-5.7738366	0.2	525000	9149.21630191803
210	-44.06	-44.06	-45.899998	-5.775202	11.591341	8.336013	-60.740433	-5.775212	0.1	527500	9191.38469529152
211	-41.74	-41.74	-36.899998	-5.770502	11.588975	8.099162	-66.44907	-5.7704678	0.3	530000	9234.502063274384
212	-43.62	-43.62	-44.0	-5.742304	11.548001	6.995113	-60.350483	-5.742317	0.2	532500	9277.714688062668
213	-42.74	-42.74	-36.899998	-5.7075047	11.503364	14.649705	-66.8065	-5.7075405	0.3	535000	9321.920154333115
214	-43.52	-43.52	-39.7	-5.7259855	11.4958315	5.7870383	-60.28796	-5.72587	0.3	537500	9366.945968389511
215	-43.72	-43.72	-28.2	-5.7399206	11.486862	4.933015	-60.087727	-5.7400446	0.5	540000	9412.102085828781
216	-41.22	-41.22	-36.3	-5.7249184	11.448135	5.044499	-66.172165	-5.724921	0.4	542500	9456.390404701233
217	-40.96	-40.96	-28.7	-5.7039814	11.421729	5.280952	-60.906254	-5.7039413	0.5	545000	9500.037847280502
218	-46.74	-46.74	-44.3	-5.714728	11.430233	11.728824	-73.96221	-5.714799	0.2	547500	9543.959846735
219	-39.98	-39.98	-29.1	-5.6906114	11.3778305	6.637335	-60.38362	-5.6906195	0.5	550000	9587.451023101807
220	-43.68	-43.68	-27.0	-5.6782546	11.349543	7.532456	-64.71708	-5.678301	0.6	552500	9631.760751962662
221	-44.4	-44.4	-36.100002	-5.7290883	11.391031	6.2812243	-62.84925	-5.729082	0.4	555000	9675.387869596481
222	-44.14	-44.14	-28.2	-5.6606426	11.304869	7.3135056	-59.09761	-5.6606584	0.6	557500	9719.227495670319
223	-43.24	-43.24	-29.8	-5.689345	11.303941	5.5418944	-62.06669	-5.68915	0.6	560000	9762.00748348236
224	-39.28	-39.28	-23.7	-5.6356616	11.223439	10.884057	-61.24456	-5.6357865	0.6	562500	9806.795704364777
225	-43.54	-43.54	-42.0	-5.691622	11.244234	7.599146	-65.5877	-5.6914935	0.2	565000	9849.849258422852
226	-40.78	-40.78	-26.6	-5.654274	11.182492	5.9203672	-64.84465	-5.654248	0.6	567500	9893.586598157883
227	-38.56	-38.56	-36.0	-5.612519	11.11767	6.060831	-68.522446	-5.6127615	0.3	570000	9937.171574354172
228	-43.1	-43.1	-34.899998	-5.5681343	11.0243025	5.2678676	-60.005653	-5.5678473	0.5	572500	9980.673850536346
229	-42.78	-42.78	-26.2	-5.5542617	10.966999	7.6885247	-72.76711	-5.554339	0.6	575000	10025.70997428894
230	-38.42	-38.42	-41.100002	-5.5760994	10.965244	5.7844877	-63.737923	-5.57627	0.3	577500	10068.750134468079
231	-39.1	-39.1	-36.100002	-5.5648336	10.951657	6.201332	-62.449406	-5.564733	0.4	580000	10112.3222823143
232	-38.86	-38.86	-19.800001	-5.526955	10.86985	9.163505	-58.866077	-5.526808	0.8	582500	10155.947219610214
233	-40.02	-40.02	-32.2	-5.529032	10.8476925	6.7754636	-65.01589	-5.529173	0.4	585000	10199.556172132492
234	-41.18	-41.18	-27.4	-5.470491	10.735084	7.4989753	-66.323685	-5.4704638	0.6	587500	10243.307230710983
235	-37.88	-37.88	-31.8	-5.4922	10.725903	5.4183393	-59.291737	-5.492123	0.5	590000	10287.594618558884
236	-37.82	-37.82	-35.600002	-5.469829	10.686975	4.9056144	-64.64561	-5.46985	0.5	592500	10331.847578763962
237	-42.7	-42.7	-18.300001	-5.4753103	10.695601	6.6651254	-62.74389	-5.4753203	0.8	595000	10375.490316390991
238	-41.2	-41.2	-38.8	-5.455361	10.631229	4.538395	-65.5655	-5.4553533	0.5	597500	10419.66493320465
239	-41.9	-41.9	-27.0	-5.448172	10.600009	6.258743	-65.24665	-5.4482555	0.6	600000	10463.383234739304
240	-34.72	-34.72	-26.2	-5.4098043	10.500117	7.3783207	-61.5481	-5.4098034	0.6	602500	10506.621033668518
241	-37.98	-37.98	-21.699999	-5.371581	10.431189	8.955293	-72.1937	-5.3715553	0.8	605000	10550.363344430923
242	-39.6	-39.6	-31.6	-5.326994	10.32754	7.6296554	-61.050407	-5.326942	0.5	607500	10594.364758729935
243	-35.88	-35.88	-39.899998	-5.278981	10.230319	7.6559906	-64.89197	-5.279046	0.3	610000	10638.2389087677
244	-37.38	-37.38	-25.8	-5.2701974	10.123822	11.756833	-59.988438	-5.270075	0.6	612500	10681.398312807083
245	-39.1	-39.1	-20.800001	-5.236325	10.032598	6.1118956	-59.392784	-5.2363667	0.8	615000	10724.265543222427
246	-35.46	-35.46	-31.8	-5.2003303	9.954045	7.192419	-59.405064	-5.200412	0.5	617500	10766.988811969757
247	-33.88	-33.88	-23.3	-5.1460395	9.834016	6.129506	-65.69442	-5.1459427	0.7	620000	10810.426248073578
248	-39.6	-39.6	-28.9	-5.11601	9.752562	5.1298018	-62.148132	-5.1161127	0.6	622500	10853.263670444489
249	-41.18	-41.18	-25.2	-5.108384	9.700819	8.835658	-86.96962	-5.1083817	0.7	625000	10897.667642354965
250	-37.66	-37.66	-20.6	-5.0681915	9.612853	5.630694	-58.756603	-5.068096	0.8	627500	10941.208515644073
251	-35.92	-35.92	-26.9	-5.03956	9.525285	7.152854	-61.29174	-5.0398803	0.6	630000	10984.710777044296
252	-33.54	-33.54	-24.5	-4.9847283	9.437538	4.9708257	-64.71691	-4.9846	0.6	632500	11028.338985443115
253	-38.26	-38.26	-18.300001	-4.9508295	9.32237	5.9134464	-61.180527	-4.950835	0.9	635000	11071.179291725159
254	-38.46	-38.46	-20.4	-4.931241	9.222541	5.6058693	-65.75529	-4.931163	0.9	637500	11115.708627939224
255	-35.74	-35.74	-29.7	-4.878195	9.117834	5.832488	-69.76889	-4.878098	0.8	640000	11159.027102947235
256	-35.42	-35.42	-24.5	-4.840916	9.001721	5.4675546	-63.374706	-4.841126	0.7	642500	11202.19290137291
257	-35.2	-35.2	-25.3	-4.847423	8.950665	4.8150105	-59.785923	-4.8474336	0.8	645000	11245.771841526031
258	-35.68	-35.68	-22.4	-4.785054	8.8244	6.2815447	-66.120964	-4.7849193	0.9	647500	11290.201977968216
259	-35.08	-35.08	-26.5	-4.715871	8.684124	5.6978555	-69.877686	-4.7159247	0.6	650000	11334.328828573227
260	-39.98	-39.98	-30.5	-4.764838	8.693348	4.175942	-57.810673	-4.764787	0.7	652500	11377.342885494232
261	-32.66	-32.66	-24.3	-4.7455554	8.656482	5.0422177	-61.259483	-4.745596	0.8	655000	11421.291332960129
262	-32.1	-32.1	-28.7	-4.7216864	8.611982	8.608778	-60.621822	-4.7216487	0.7	657500	11464.766036510468
263	-31.08	-31.08	-22.4	-4.6912875	8.555801	6.075432	-63.744144	-4.6913075	0.7	660000	11508.805817604065
264	-34.7	-34.7	-17.699999	-4.6268773	8.441311	6.8270445	-60.826332	-4.626688	0.8	662500	11552.959192752838
265	-34.7	-34.7	-25.6	-4.6007295	8.307934	5.503221	-66.286896	-4.600861	0.8	665000	11596.328382492065
266	-37.5	-37.5	-22.699999	-4.621011	8.27871	5.62598	-61.93582	-4.6210136	0.8	667500	11640.324470043182
267	-33.64	-33.64	-24.6	-4.5919943	8.223375	5.50289	-59.476162	-4.5918493	0.8	670000	11684.50698709488
268	-33.3	-33.3	-23.3	-4.5705748	8.157231	6.1296225	-78.20455	-4.5708394	0.8	672500	11728.14358496666
269	-30.88	-30.88	-24.7	-4.5188336	8.0381155	5.4371996	-58.255543	-4.518682	0.9	675000	11771.31660246849
270	-34.9	-34.9	-16.5	-4.4799743	7.944341	5.9365735	-62.87829	-4.4799724	1.0	677500	11815.059777259827
271	-27.7	-27.7	-13.6	-4.4636383	7.8558974	4.8338146	-66.86312	-4.4637265	0.9	680000	11857.715107679367
272	-33.02	-33.02	-18.4	-4.4328446	7.803929	4.3285437	-62.089176	-4.4326153	1.0	682500	11901.30964422226
273	-32.7	-32.7	-13.0	-4.399949	7.7391667	4.986203	-64.89447	-4.400203	0.9	685000	11945.465198278427
274	-32.18	-32.18	-22.5	-4.388263	7.699156	5.272927	-57.324253	-4.3882675	0.9	687500	11989.088529348373
275	-30.02	-30.02	-20.5	-4.3440404	7.598166	5.9299765	-60.112038	-4.3441386	0.9	690000	12032.45812034607
276	-33.84	-33.84	-19.0	-4.350137	7.5614924	4.824607	-57.45734	-4.349961	0.8	692500	12076.297308206558
277	-30.94	-30.94	-22.699999	-4.3430705	7.5431786	4.396446	-70.712036	-4.3432956	0.8	695000	12120.673596858978
278	-34.78	-34.78	-13.3	-4.336225	7.5018544	5.590788	-94.9197	-4.3360305	1.0	697500	12165.067028522491
279	-31.16	-31.16	-20.0	-4.343635	7.4869986	4.30529	-60.851093	-4.343636	0.8	700000	12208.30567908287
280	-35.6	-35.6	-22.300001	-4.3189955	7.4479866	5.104689	-60.85443	-4.318993	0.8	702500	12252.08198261261
281	-33.58	-33.58	-11.5	-4.2887635	7.3505874	6.5705147	-59.770157	-4.288723	1.0	705000	12296.421839952469
282	-30.2	-30.2	-11.099999	-4.264969	7.2546997	5.611261	-65.02733	-4.2650423	1.0	707500	12340.020658016205
283	-28.92	-28.92	-21.5	-4.257394	7.1859345	5.6771803	-60.77742	-4.2573037	0.9	710000	12383.684461593628
284	-31.12	-31.12	-18.1	-4.241379	7.149186	5.7356334	-62.29204	-4.2413125	1.0	712500	12426.804240226746
285	-31.58	-31.58	-12.1	-4.2174926	7.103391	5.628434	-60.42118	-4.2177744	1.0	715000	12470.172958374023
286	-31.12	-31.12	-18.9	-4.205451	7.0483503	4.5955734	-60.3668	-4.2052593	0.9	717500	12512.729668140411
287	-29.52	-29.52	-17.9	-4.214928	7.038086	8.381784	-62.876785	-4.215064	0.9	720000	12556.949669599533
288	-28.82	-28.82	-12.7	-4.203092	6.992156	4.732837	-59.64444	-4.202953	1.0	722500	12600.738229513168
289	-31.92	-31.92	-15.3	-4.148172	6.912117	5.641832	-67.017456	-4.1481414	0.9	725000	12644.99748468399
290	-29.36	-29.36	-18.300001	-4.146075	6.8727903	4.769985	-70.6165	-4.1461897	0.9	727500	12688.451653957367
291	-32.28	-32.28	-14.9	-4.125442	6.840779	4.12192	-76.587006	-4.125379	1.0	730000	12730.924790620804
292	-28.36	-28.36	-17.6	-4.12628	6.813331	5.3298903	-59.40628	-4.1263194	0.9	732500	12774.669488191605
293	-32.94	-32.94	-17.699999	-4.1390862	6.77965	4.1139927	-88.50506	-4.138978	0.9	735000	12819.17522406578
294	-31.86	-31.86	-15.0	-4.1122236	6.758504	4.585276	-58.662315	-4.1122017	1.0	737500	12862.449499607086
295	-27.86	-27.86	-21.1	-4.1047053	6.7302656	7.9971223	-68.90778	-4.104654	0.8	740000	12906.133010149002
296	-27.28	-27.28	-9.599999	-4.1103535	6.697726	6.283065	-60.08183	-4.110313	1.0	742500	12949.137557506561
297	-30.26	-30.26	-12.1	-4.064465	6.5947504	7.878628	-60.472614	-4.06478	1.0	745000	12992.479180574417
298	-27.28	-27.28	-11.7	-4.059298	6.5839567	5.18218	-78.05442	-4.0591726	1.0	747500	13034.91312456131
299	-28.66	-28.66	-12.6	-4.010679	6.499407	6.7670116	-62.06683	-4.0106626	1.0	750000	13079.087428808212
300	-32.12	-32.12	-12.4	-4.012764	6.450101	3.7039788	-64.834595	-4.0128803	1.0	752500	13122.888294696808
301	-30.46	-30.46	-14.1	-4.035923	6.4740415	5.319651	-85.339294	-4.0358644	1.0	755000	13168.394231081009
302	-24.84	-24.84	-11.2	-4.009448	6.430129	4.193535	-64.931076	-4.0094056	1.0	757500	13212.46571135521
303	-28.82	-28.82	-11.7	-3.990039	6.3886642	4.6747093	-62.87021	-3.9899302	1.0	760000	13255.820052146912
304	-27.78	-27.78	-17.699999	-3.9836192	6.3466873	6.2008824	-61.690544	-3.9837096	0.9	762500	13299.339500188828
305	-29.0	-29.0	-12.0	-3.9856956	6.3069873	4.223468	-57.740204	-3.9858046	1.0	765000	13342.967722654343
306	-28.44	-28.44	-14.2	-3.9441745	6.243831	4.4553666	-93.41815	-3.9441254	1.0	767500	13387.280433654785
307	-29.64	-29.64	-13.3	-3.9094028	6.171897	5.0906124	-58.65913	-3.9095063	1.0	770000	13429.900224685669
308	-28.94	-28.94	-14.4	-3.875292	6.091928	6.7344823	-61.777596	-3.8750908	0.9	772500	13472.809619426727
309	-32.74	-32.74	-15.8	-3.8895679	6.108972	4.7807097	-59.097775	-3.8893938	0.9	775000	13516.367020845413
310	-31.92	-31.92	-21.199999	-3.9116142	6.135786	5.9279027	-72.39917	-3.9117496	0.9	777500	13561.198140621185
311	-28.22	-28.22	-11.599999	-3.9003658	6.119002	4.0181236	-58.184776	-3.9005332	1.0	780000	13604.804527759552
312	-30.64	-30.64	-15.6	-3.9057982	6.084651	5.445762	-65.064926	-3.9055974	1.0	782500	13648.613303899765
313	-27.96	-27.96	-17.5	-3.8915126	6.036188	5.204107	-62.76079	-3.8915908	1.0	785000	13692.37806892395
314	-29.62	-29.62	-17.4	-3.8519502	5.9886875	6.109516	-79.8108	-3.8521504	0.9	787500	13735.628600597382
315	-33.52	-33.52	-12.3	-3.8410456	5.9439907	4.4939466	-60.63957	-3.8410208	0.9	790000	13778.12328529358
316	-28.32	-28.32	-23.7	-3.8458	5.943599	5.0535703	-71.1485	-3.8457158	0.9	792500	13821.070981025696
317	-30.36	-30.36	-16.199999	-3.873061	5.9278755	4.058925	-59.71514	-3.8729355	0.9	795000	13864.043860197067
318	-28.26	-28.26	-24.2	-3.8490038	5.8920083	7.6462345	-62.647583	-3.8489692	0.8	797500	13906.651139736176
319	-29.3	-29.3	-16.9	-3.8541486	5.888758	4.791202	-66.269806	-3.85415	0.9	800000	13950.231821537018
320	-24.72	-24.72	-8.2	-3.797786	5.8369694	4.5485086	-57.528458	-3.7979364	1.0	802500	13993.393887996674
321	-29.1	-29.1	-13.7	-3.7945344	5.8048086	4.1801867	-60.127983	-3.794591	1.0	805000	14036.978125095367
322	-28.28	-28.28	-18.6	-3.7846353	5.774881	4.0006514	-70.309906	-3.7845328	0.9	807500	14081.318898200989
323	-30.44	-30.44	-13.7	-3.78683	5.7841024	4.537095	-83.99011	-3.7869852	1.0	810000	14123.314483880997
324	-27.92	-27.92	-10.8	-3.7635744	5.743606	4.061137	-58.113506	-3.763513	1.0	812500	14165.317920684814
325	-29.2	-29.2	-14.8	-3.748529	5.7276864	3.9991002	-61.190247	-3.748524	0.9	815000	14208.855575084686
326	-27.3	-27.3	-13.0	-3.7542958	5.706849	3.9852004	-60.849174	-3.754229	1.0	817500	14252.421804189682
327	-30.18	-30.18	-8.5	-3.7526426	5.709627	7.610583	-62.876495	-3.752645	1.0	820000	14295.490924835205
328	-29.56	-29.56	-15.6	-3.7429118	5.6919537	4.5050926	-66.98487	-3.7428098	0.9	822500	14336.866162776947
329	-30.32	-30.32	-12.5	-3.736814	5.677311	3.8532517	-63.92458	-3.7370396	1.0	825000	14380.525178909302
330	-27.04	-27.04	-11.599999	-3.6987176	5.6247253	3.9444761	-60.29747	-3.6986196	1.0	827500	14424.763345718384
331	-29.62	-29.62	-13.7	-3.69092	5.607493	3.5915349	-78.87685	-3.6910908	0.9	830000	14469.019756793976
332	-28.88	-28.88	-14.5	-3.6777768	5.570511	3.9827485	-60.78854	-3.677503	0.9	832500	14511.87144446373
333	-28.92	-28.92	-15.7	-3.6712916	5.561696	3.5730622	-66.20799	-3.671357	0.9	835000	14555.7427277565
334	-31.06	-31.06	-17.300001	-3.6905432	5.5805025	4.5008907	-62.808243	-3.6905808	0.9	837500	14598.67364859581
335	-25.78	-25.78	-13.4	-3.662575	5.559062	3.3724604	-59.402504	-3.6626053	1.0	840000	14642.337619543076
336	-27.02	-27.02	-15.7	-3.632809	5.508881	4.534636	-57.85159	-3.6327033	0.9	842500	14686.100078821182
337	-26.48	-26.48	-14.0	-3.6037385	5.4734054	3.4180512	-61.30401	-3.603981	1.0	845000	14730.4946975708
338	-28.28	-28.28	-11.400001	-3.5860858	5.421754	3.9613853	-57.21495	-3.5858936	1.0	847500	14774.36255979538
339	-26.9	-26.9	-21.6	-3.6212888	5.486919	4.1095753	-60.047966	-3.621458	0.7	850000	14817.486378908157
340	-27.04	-27.04	-12.7	-3.6192126	5.495793	4.2082047	-63.537434	-3.6189222	1.0	852500	14860.418246030807
341	-28.76	-28.76	-11.0	-3.5865655	5.469375	3.585598	-60.595844	-3.5869517	1.0	855000	14903.284308433533
342	-26.8	-26.8	-17.699999	-3.5811691	5.4496384	4.0928698	-67.88442	-3.581111	0.9	857500	14946.719175338745
343	-30.14	-30.14	-14.1	-3.5806117	5.4473495	3.635853	-62.470917	-3.5805204	0.9	860000	14990.065529108047
344	-29.88	-29.88	-9.5	-3.562711	5.42826	3.195164	-60.742157	-3.5626538	1.0	862500	15033.56350517273
345	-25.44	-25.44	-14.3	-3.5443385	5.4220123	3.5068917	-62.32596	-3.5443842	0.9	865000	15076.393258571625
346	-24.58	-24.58	-14.9	-3.5061462	5.341644	3.5911212	-59.543915	-3.5060668	0.9	867500	15118.55474805832
347	-29.5	-29.5	-16.5	-3.5128562	5.348415	3.560788	-61.52582	-3.5129302	0.9	870000	15161.329998493195
348	-27.56	-27.56	-13.0	-3.5080054	5.348079	3.765577	-57.63626	-3.5079522	1.0	872500	15203.609806537628
349	-30.22	-30.22	-13.3	-3.5042777	5.3410344	3.296167	-61.46865	-3.5043592	0.9	875000	15246.011320829391
350	-28.06	-28.06	-12.9	-3.4970765	5.330683	3.892552	-61.083645	-3.4969773	0.9	877500	15288.114670753479
351	-29.56	-29.56	-15.6	-3.4886324	5.3156037	3.8675313	-60.92546	-3.488571	1.0	880000	15329.981647014618
352	-29.56	-29.56	-9.599999	-3.484547	5.318772	4.7178273	-60.374268	-3.4845595	1.0	882500	15372.78220129013
353	-26.4	-26.4	-14.2	-3.4786787	5.330876	3.834253	-61.98134	-3.4787097	1.0	885000	15414.16720533371
354	-26.06	-26.06	-13.1	-3.4579797	5.2913265	3.500665	-67.68913	-3.4580684	1.0	887500	15455.882488012314
355	-28.86	-28.86	-12.1	-3.4446301	5.2832866	4.269371	-61.481464	-3.4447172	1.0	890000	15497.690133333206
356	-26.96	-26.96	-17.0	-3.4299643	5.266019	6.7834115	-62.8851	-3.4298837	0.9	892500	15539.711068630219
357	-25.9	-25.9	-10.900001	-3.4224155	5.2535987	3.0963197	-60.735092	-3.4223945	1.0	895000	15581.585036039352
358	-32.26	-32.26	-14.8	-3.422906	5.244507	3.0290263	-61.758198	-3.4229105	1.0	897500	15623.92642712593
359	-30.48	-30.48	-12.5	-3.4143007	5.2026896	5.8028035	-56.34057	-3.4141238	1.0	900000	15665.442896842957
360	-26.8	-26.8	-10.900001	-3.394314	5.172304	3.5085201	-61.842552	-3.3944392	1.0	902500	15708.137068986893
361	-27.14	-27.14	-12.4	-3.384791	5.154952	11.544758	-60.633873	-3.3847196	1.0	905000	15750.822473287582
362	-29.92	-29.92	-11.9	-3.396937	5.181649	3.6760035	-60.790333	-3.3971555	1.0	907500	15793.820164442062
363	-26.86	-26.86	-16.6	-3.3722034	5.1343675	9.419572	-59.425716	-3.3721511	0.8	910000	15836.27148938179
364	-27.84	-27.84	-9.7	-3.3943973	5.1542244	3.4388654	-65.325615	-3.3943338	1.0	912500	15878.487827062607
365	-29.4	-29.4	-12.8	-3.3885102	5.1580253	3.2834027	-61.14251	-3.3883743	1.0	915000	15922.582491397858
366	-28.88	-28.88	-11.3	-3.3912334	5.165756	2.8052568	-77.04908	-3.3912318	1.0	917500	15966.340947389603
367	-29.24	-29.24	-8.8	-3.366348	5.1388617	3.540568	-83.534515	-3.3663254	1.0	920000	16008.586296796799
368	-29.0	-29.0	-14.2	-3.3578777	5.111361	3.93925	-58.995968	-3.35799	1.0	922500	16050.03819489479
369	-27.12	-27.12	-23.8	-3.351331	5.107794	3.5945556	-58.97073	-3.351224	0.8	925000	16092.462496042252
370	-27.9	-27.9	-14.5	-3.3380878	5.0915713	3.4509912	-64.56133	-3.3382668	0.9	927500	16133.785850048065
371	-27.76	-27.76	-9.400001	-3.3447003	5.0742393	5.32244	-62.981323	-3.3446288	1.0	930000	16176.743070363998
372	-27.64	-27.64	-14.0	-3.321035	5.0599	3.4879308	-70.51353	-3.3209493	1.0	932500	16219.445040941238
373	-25.3	-25.3	-12.5	-3.3356197	5.073368	3.213374	-57.124886	-3.335545	1.0	935000	16263.027057170868
374	-25.3	-25.3	-10.599999	-3.3338294	5.0717044	5.6246314	-55.88127	-3.3340628	1.0	937500	16307.012749671936
375	-26.48	-26.48	-18.0	-3.3117146	5.0510736	4.054934	-60.81002	-3.3116698	0.9	940000	16349.679332256317
376	-29.6	-29.6	-13.7	-3.301446	5.0188613	5.501523	-61.016106	-3.3013315	1.0	942500	16392.825981140137
377	-29.94	-29.94	-14.5	-3.3040204	5.028539	5.107575	-63.582844	-3.304178	0.9	945000	16435.686953544617
378	-27.82	-27.82	-14.9	-3.275123	4.997592	3.426622	-57.453964	-3.2750607	1.0	947500	16478.571316242218
379	-30.86	-30.86	-10.3	-3.2821784	5.0122485	3.9094484	-58.441402	-3.2820659	1.0	950000	16522.15353822708
380	-29.72	-29.72	-12.7	-3.2839656	4.992054	4.191805	-60.18223	-3.2838533	1.0	952500	16565.096665620804
381	-26.38	-26.38	-11.0	-3.2754526	4.976809	4.7435975	-63.02958	-3.275684	1.0	955000	16607.313433408737
382	-28.3	-28.3	-11.099999	-3.2895358	5.0118785	5.7180505	-64.329414	-3.2895482	1.0	957500	16649.820697784424
383	-29.46	-29.46	-10.599999	-3.291594	5.0097804	4.9993143	-60.50249	-3.2914987	1.0	960000	16692.952725172043
384	-25.56	-25.56	-13.5	-3.2875307	5.005199	3.4309034	-59.579716	-3.2875886	0.9	962500	16736.15760922432
385	-25.38	-25.38	-16.1	-3.2907836	5.0360494	5.581796	-65.51426	-3.2908285	0.9	965000	16779.453768253326
386	-27.9	-27.9	-11.5	-3.2824755	5.012282	3.7871532	-56.990303	-3.2823882	0.9	967500	16822.38542151451
387	-27.0	-27.0	-15.6	-3.2842872	5.0293446	2.9437783	-58.41109	-3.284401	0.9	970000	16865.39471554756
388	-27.2	-27.2	-11.400001	-3.2782345	5.014016	4.5785856	-77.68111	-3.2782633	0.9	972500	16907.8116915226
389	-29.56	-29.56	-12.6	-3.278715	5.020872	6.068565	-59.7648	-3.2787051	1.0	975000	16950.46067404747
390	-28.46	-28.46	-14.3	-3.2833388	5.0121803	3.0855386	-65.70038	-3.2831826	0.9	977500	16993.544405460358
391	-26.54	-26.54	-9.599999	-3.2948668	5.0273476	3.5979247	-57.799446	-3.294946	1.0	980000	17036.078626155853
392	-27.56	-27.56	-15.7	-3.2613258	4.985575	2.6987927	-59.161736	-3.2613745	0.9	982500	17077.590138435364
393	-29.7	-29.7	-12.0	-3.2448153	4.9734836	4.0876107	-60.532364	-3.244672	1.0	985000	17120.515080451965
394	-29.88	-29.88	-11.400001	-3.24473	4.948016	3.8649695	-64.70478	-3.244845	1.0	987500	17162.23846912384
395	-28.78	-28.78	-13.7	-3.2857945	4.984214	3.804367	-63.58998	-3.2858334	1.0	990000	17204.188996076584
396	-27.92	-27.92	-11.3	-3.2898955	4.995241	8.194086	-60.64229	-3.2899263	1.0	992500	17246.46048283577
397	-29.7	-29.7	-10.8	-3.2508	4.9574084	7.724236	-58.192368	-3.2506196	1.0	995000	17288.68760085106
398	-30.86	-30.86	-11.5	-3.239164	4.946985	6.488294	-59.552338	-3.239308	1.0	997500	17330.26424908638
399	-27.66	-27.66	-13.6	-3.2431579	4.940473	4.0431237	-59.513294	-3.2431123	1.0	1000000	17371.767093658447
400	-30.48	-30.48	-13.4	-3.244721	4.933507	5.823226	-60.944324	-3.244712	0.9	1002500	17414.056999206543
401	-28.84	-28.84	-9.7	-3.2502964	4.9453444	2.997698	-57.38989	-3.2503226	1.0	1005000	17457.593715906143
402	-26.48	-26.48	-15.3	-3.2550948	4.9268484	3.823624	-58.498962	-3.2549918	0.9	1007500	17499.89343237877
403	-25.58	-25.58	-12.3	-3.245986	4.9201674	3.0770502	-55.90038	-3.2460163	1.0	1010000	17542.479295015335
404	-29.36	-29.36	-10.400001	-3.2508407	4.9349627	3.0605369	-57.160206	-3.2509456	1.0	1012500	17584.302956342697
405	-28.34	-28.34	-9.900001	-3.2627826	4.9419146	7.1931415	-57.618073	-3.262638	1.0	1015000	17626.410216093063
406	-25.4	-25.4	-10.599999	-3.2394974	4.897037	4.5010834	-56.576363	-3.2395809	1.0	1017500	17668.574699401855
407	-28.56	-28.56	-12.4	-3.2322428	4.9133987	3.5294204	-61.59973	-3.2321973	1.0	1020000	17711.32421541214
408	-27.56	-27.56	-12.1	-3.233656	4.9001265	3.205564	-59.37535	-3.2337	1.0	1022500	17754.549481153488
409	-26.54	-26.54	-15.6	-3.2225916	4.8987923	2.5189555	-55.934887	-3.2226083	0.9	1025000	17796.694350004196
410	-29.18	-29.18	-12.4	-3.217326	4.889329	2.8669372	-61.325047	-3.2171862	1.0	1027500	17839.09552669525
411	-29.64	-29.64	-10.099999	-3.2197206	4.8779354	5.430229	-56.99725	-3.2199306	1.0	1030000	17880.374807834625
412	-25.48	-25.48	-11.7	-3.1791208	4.8335457	3.374195	-57.938416	-3.1789582	1.0	1032500	17921.699694395065
413	-29.96	-29.96	-11.400001	-3.1833262	4.8505106	2.695145	-56.132164	-3.183482	1.0	1035000	17963.01820039749
414	-28.2	-28.2	-11.3	-3.177716	4.8453836	2.8849657	-62.243324	-3.1776867	1.0	1037500	18006.118094444275
415	-28.3	-28.3	-19.699999	-3.175883	4.832071	3.2867274	-58.691784	-3.1757944	0.8	1040000	18049.33370757103
416	-26.44	-26.44	-11.599999	-3.1940787	4.845269	3.8210876	-59.040962	-3.194166	1.0	1042500	18090.303064584732
417	-26.2	-26.2	-11.2	-3.1992695	4.851661	3.8393962	-59.042046	-3.1992471	1.0	1045000	18131.365004062653
418	-28.98	-28.98	-13.0	-3.1896336	4.8773575	4.398982	-58.184574	-3.1896117	1.0	1047500	18172.182545423508
419	-28.76	-28.76	-13.8	-3.1853807	4.8573875	3.2429578	-61.439075	-3.1854522	1.0	1050000	18215.24113345146
420	-28.76	-28.76	-16.199999	-3.199337	4.8674307	4.7408633	-60.80514	-3.199274	0.9	1052500	18256.389848947525
421	-21.42	-21.42	-12.5	-3.199399	4.872496	3.152857	-55.769295	-3.1993759	1.0	1055000	18298.85038638115
422	-27.38	-27.38	-10.2	-3.1707542	4.87064	3.5393355	-63.656902	-3.1707454	1.0	1057500	18342.809424638748
423	-28.32	-28.32	-15.7	-3.1705604	4.8377275	3.385685	-57.60412	-3.1704829	0.9	1060000	18383.746837615967
424	-29.3	-29.3	-11.7	-3.1816912	4.8575277	3.4088328	-59.461094	-3.1817558	1.0	1062500	18425.24249148369
425	-27.86	-27.86	-10.400001	-3.1857097	4.8550954	3.5946481	-56.094322	-3.1856818	1.0	1065000	18466.372680664062
426	-25.44	-25.44	-9.2	-3.1927123	4.852806	4.778429	-57.916176	-3.1928382	1.0	1067500	18508.891444921494
427	-25.48	-25.48	-16.4	-3.1725998	4.844612	4.304815	-60.231842	-3.1724548	0.9	1070000	18550.19846701622
428	-30.6	-30.6	-9.2	-3.1721025	4.834923	4.0458302	-58.373333	-3.1721637	1.0	1072500	18590.72467470169
429	-29.72	-29.72	-10.3	-3.168271	4.8193974	3.1103992	-59.465332	-3.1683202	1.0	1075000	18631.741273403168
430	-26.86	-26.86	-17.300001	-3.149962	4.8133492	2.7343118	-64.89567	-3.149907	0.9	1077500	18672.71656703949
431	-26.84	-26.84	-14.7	-3.1555965	4.8129864	3.4973195	-63.213223	-3.1555407	0.9	1080000	18713.773328781128
432	-22.82	-22.82	-11.7	-3.1480029	4.828803	3.367302	-65.302734	-3.1480787	1.0	1082500	18754.746138334274
433	-28.62	-28.62	-14.7	-3.1610193	4.851555	3.3613305	-61.469498	-3.1610587	0.9	1085000	18796.013157129288
434	-30.28	-30.28	-18.0	-3.1672583	4.846547	3.8728201	-59.64423	-3.1672602	0.9	1087500	18836.818115234375
435	-24.6	-24.6	-9.7	-3.13135	4.8010974	3.3885586	-56.43542	-3.1312885	1.0	1090000	18878.209993839264
436	-26.02	-26.02	-9.7	-3.1580248	4.843505	2.5899982	-59.58332	-3.158017	1.0	1092500	18918.650186300278
437	-28.96	-28.96	-12.1	-3.1635907	4.854267	4.228443	-62.600693	-3.1637027	1.0	1095000	18961.098345279694
438	-29.24	-29.24	-12.4	-3.176416	4.8645473	2.9434206	-66.89929	-3.1762419	1.0	1097500	19003.640293598175
439	-27.78	-27.78	-12.6	-3.1794255	4.8742237	3.5702004	-56.13116	-3.179564	1.0	1100000	19044.44865012169
440	-24.92	-24.92	-12.2	-3.170348	4.8715153	4.3277206	-67.50879	-3.1702678	1.0	1102500	19085.31331062317
441	-25.08	-25.08	-10.2	-3.1839483	4.8849382	3.2365625	-57.635033	-3.1840036	1.0	1105000	19126.248681783676
442	-27.14	-27.14	-12.0	-3.1649368	4.865698	4.115696	-61.2202	-3.164914	1.0	1107500	19167.16953611374
443	-29.66	-29.66	-14.3	-3.1573486	4.8607006	2.6905456	-62.243183	-3.157358	0.9	1110000	19209.031039714813
444	-28.72	-28.72	-12.5	-3.1472416	4.8391404	4.5878043	-71.32424	-3.1471455	1.0	1112500	19250.662883758545
445	-25.2	-25.2	-12.6	-3.14898	4.8289165	2.9365668	-67.072136	-3.1490898	0.9	1115000	19292.675722837448
446	-27.58	-27.58	-9.400001	-3.1251092	4.800654	3.7257202	-56.224308	-3.1250904	1.0	1117500	19333.430663585663
447	-30.08	-30.08	-11.3	-3.1385307	4.8088675	3.3626952	-65.25985	-3.1385758	1.0	1120000	19375.87226486206
448	-23.82	-23.82	-11.599999	-3.134371	4.7884007	5.559246	-63.119003	-3.1343362	1.0	1122500	19416.6703748703
449	-29.56	-29.56	-10.8	-3.1169536	4.767838	3.1027238	-61.175236	-3.1170385	1.0	1125000	19457.587036132812
450	-22.6	-22.6	-10.3	-3.1116705	4.7611103	5.5840416	-56.507336	-3.111633	1.0	1127500	19497.89676809311
451	-25.86	-25.86	-15.3	-3.0795376	4.730755	4.150079	-57.50514	-3.0794134	0.9	1130000	19539.79351758957
452	-28.46	-28.46	-13.7	-3.0846786	4.7387476	3.4996672	-60.239334	-3.0846703	1.0	1132500	19583.581495523453
453	-28.54	-28.54	-10.400001	-3.0727105	4.726636	3.5837462	-60.126278	-3.0727487	1.0	1135000	19624.72935438156
454	-26.88	-26.88	-12.6	-3.0826287	4.7025213	4.2737184	-56.93734	-3.0827167	1.0	1137500	19665.887150526047
455	-25.64	-25.64	-12.5	-3.1003997	4.742764	3.12025	-59.129585	-3.1004553	0.9	1140000	19706.867317914963
456	-27.5	-27.5	-19.0	-3.0901532	4.756991	3.381743	-59.420155	-3.0901175	0.8	1142500	19747.336604595184
457	-26.24	-26.24	-9.400001	-3.0884054	4.7621565	2.7342052	-56.39981	-3.0883038	0.9	1145000	19787.885476350784
458	-24.86	-24.86	-13.3	-3.0845642	4.7548075	3.4131265	-59.85246	-3.0845218	1.0	1147500	19828.445054531097
459	-26.14	-26.14	-14.6	-3.0866783	4.7643237	3.5419729	-61.09174	-3.0867136	1.0	1150000	19869.187185525894
460	-28.46	-28.46	-12.0	-3.089777	4.756584	2.9513297	-59.379475	-3.0898416	1.0	1152500	19909.738483428955
461	-27.42	-27.42	-11.0	-3.0731835	4.7395616	3.1288571	-59.18182	-3.073173	1.0	1155000	19950.403952121735
462	-28.36	-28.36	-16.199999	-3.080355	4.7623982	3.7437887	-57.803814	-3.0803993	0.9	1157500	19991.547177553177
463	-27.62	-27.62	-13.0	-3.066867	4.720019	3.436927	-63.65177	-3.0668364	1.0	1160000	20032.127891540527
464	-26.18	-26.18	-12.5	-3.0505087	4.702262	3.9186625	-61.07246	-3.0504353	1.0	1162500	20074.413064479828
465	-23.86	-23.86	-9.599999	-3.0549247	4.6896873	2.861668	-59.63912	-3.0549707	1.0	1165000	20116.961013793945
466	-28.56	-28.56	-15.3	-3.0522013	4.693839	2.903634	-66.98818	-3.0522177	0.9	1167500	20158.244028568268
467	-27.14	-27.14	-14.6	-3.031415	4.676937	3.1902647	-62.04601	-3.0314326	1.0	1170000	20199.764488220215
468	-25.88	-25.88	-8.900001	-3.040543	4.695231	3.0487974	-67.88113	-3.040405	1.0	1172500	20240.708906412125
469	-27.24	-27.24	-12.9	-3.0559134	4.7192984	4.154994	-73.02564	-3.0560262	1.0	1175000	20281.366028547287
470	-26.84	-26.84	-10.5	-3.0602171	4.748949	3.729459	-62.254513	-3.0602374	1.0	1177500	20322.57375741005
471	-26.78	-26.78	-14.5	-3.0472775	4.7495956	3.5857255	-82.07152	-3.0474021	0.9	1180000	20363.382497549057
472	-28.06	-28.06	-15.9	-3.0377939	4.7179384	4.200473	-70.41895	-3.0376194	0.9	1182500	20404.597972631454
473	-24.62	-24.62	-8.099999	-3.0394385	4.6952586	3.2697036	-58.159748	-3.0393655	1.0	1185000	20447.185500860214
474	-27.62	-27.62	-11.099999	-3.0579045	4.7300525	2.7981987	-56.18589	-3.057889	1.0	1187500	20488.376565933228
475	-24.7	-24.7	-11.099999	-3.0595038	4.756671	3.883383	-61.711933	-3.0596495	1.0	1190000	20529.62691807747
476	-26.82	-26.82	-9.599999	-3.0260267	4.701073	3.2609355	-60.06672	-3.025948	1.0	1192500	20571.50129389763
477	-26.58	-26.58	-7.3	-3.0142004	4.6916904	2.922225	-62.023064	-3.0142586	1.0	1195000	20612.968512058258
478	-27.14	-27.14	-13.9	-3.0136755	4.6709623	4.463745	-58.64182	-3.0136368	0.9	1197500	20653.640695810318
479	-28.1	-28.1	-12.6	-3.0080123	4.679536	3.5303133	-60.239403	-3.0080433	1.0	1200000	20694.340014219284
480	-25.0	-25.0	-10.099999	-3.004115	4.6739316	4.0580664	-55.7532	-3.0041258	1.0	1202500	20735.289442300797
481	-27.46	-27.46	-18.1	-2.9974797	4.6707983	2.6032825	-93.75013	-2.99751	0.9	1205000	20776.583916902542
482	-26.64	-26.64	-10.2	-2.9991083	4.6505923	7.1033907	-61.091923	-2.9991074	1.0	1207500	20817.61130809784
483	-30.22	-30.22	-9.8	-2.990398	4.641742	3.3060203	-63.082695	-2.9902997	1.0	1210000	20859.755567789078
484	-29.32	-29.32	-12.6	-3.0129704	4.6932755	2.8015935	-66.48826	-3.0129218	1.0	1212500	20903.923098802567
485	-25.3	-25.3	-11.5	-2.9892216	4.657902	3.9384782	-57.723106	-2.9894404	1.0	1215000	20945.018003940582
486	-25.38	-25.38	-12.6	-2.9911275	4.6476235	5.840522	-65.5582	-2.990939	0.9	1217500	20986.697489738464
487	-22.42	-22.42	-10.400001	-2.9903169	4.6478176	3.9426744	-62.699394	-2.990476	1.0	1220000	21027.254124403
488	-27.82	-27.82	-9.0	-2.9778762	4.6381187	4.1171846	-65.203674	-2.9775958	1.0	1222500	21068.571543455124
489	-27.98	-27.98	-15.0	-2.9786334	4.62766	2.970416	-59.44641	-2.9787636	1.0	1225000	21110.774703979492
490	-27.8	-27.8	-8.3	-2.9948254	4.679504	3.404441	-64.44198	-2.9948554	1.0	1227500	21152.08190512657
491	-25.58	-25.58	-11.2	-2.9876792	4.6649146	3.0311077	-84.51021	-2.9877737	1.0	1230000	21193.110122442245
492	-23.92	-23.92	-11.099999	-2.9833846	4.641743	2.661487	-57.169487	-2.9833896	1.0	1232500	21231.235772371292
493	-28.88	-28.88	-9.7	-2.9666557	4.6324916	3.7364032	-61.4253	-2.966519	1.0	1235000	21267.59220123291
494	-25.3	-25.3	-10.2	-2.9808092	4.6413846	5.0841875	-70.64882	-2.980927	1.0	1237500	21299.84303855896
495	-23.72	-23.72	-18.0	-2.965065	4.620464	5.4708676	-58.999027	-2.9650443	1.0	1240000	21330.857236385345
496	-26.6	-26.6	-12.9	-2.96169	4.6173153	3.614551	-59.19916	-2.9616063	1.0	1242500	21360.178615808487
497	-26.54	-26.54	-10.400001	-2.9598722	4.603468	3.8614051	-71.53779	-2.9599564	1.0	1245000	21388.941861867905
498	-28.14	-28.14	-15.7	-2.9744222	4.630079	2.7044706	-60.76138	-2.97454	1.0	1247500	21417.00231909752
499	-25.04	-25.04	-11.2	-2.968769	4.630057	2.399932	-64.15786	-2.9686184	1.0	1250000	21445.003446102142
