Epoch	EpRet	EpRealRet	TestEpRet	AverageQ1	StdQ1	MaxQ1	MinQ1	Q2	TestSuccess	TotalEnvInteracts	TotalTime
0	-48.0	-48.0	-50.0	-1.3082654	1.9820267	1.165008	-16.825495	-1.3083619	0.0	2500	74.02570748329163
1	-46.62	-46.62	-45.0	-2.4810252	4.6301513	0.70746684	-52.224216	-2.4804964	0.1	5000	149.42864847183228
2	-48.0	-48.0	-50.0	-3.69581	7.0972385	1.0237844	-50.18302	-3.695187	0.0	7500	222.1193404197693
3	-49.0	-49.0	-50.0	-4.4860277	8.913072	1.2071326	-47.689884	-4.486003	0.0	10000	293.6025938987732
4	-48.3	-48.3	-45.0	-5.135533	10.259731	1.0887554	-52.94176	-5.13477	0.1	12500	365.26134276390076
5	-50.0	-50.0	-45.0	-5.647302	11.363484	3.1681428	-54.095074	-5.6484303	0.1	15000	435.68461990356445
6	-46.96	-46.96	-50.0	-6.2023296	12.436422	2.5774229	-54.8226	-6.2029033	0.0	17500	509.99310398101807
7	-48.0	-48.0	-45.0	-6.6684422	13.379939	5.7919617	-58.15443	-6.668698	0.1	20000	582.8201484680176
8	-48.12	-48.12	-50.0	-7.05322	14.159735	4.352887	-57.010242	-7.0527687	0.0	22500	655.8219971656799
9	-49.0	-49.0	-50.0	-7.3910475	14.850685	3.4337306	-64.467064	-7.391206	0.0	25000	728.0136849880219
10	-46.0	-46.0	-45.0	-7.7002916	15.4443035	3.894251	-57.17401	-7.6990094	0.1	27500	801.5134129524231
11	-46.26	-46.26	-50.0	-7.929722	15.935434	3.276554	-58.249977	-7.9305663	0.0	30000	873.2807419300079
12	-48.92	-48.92	-50.0	-8.21703	16.440514	9.782745	-58.85551	-8.217132	0.0	32500	943.5783543586731
13	-46.8	-46.8	-50.0	-8.450057	16.859943	3.686534	-69.24941	-8.44996	0.0	35000	1017.7218608856201
14	-47.96	-47.96	-50.0	-8.508227	16.964376	3.3863535	-66.49195	-8.508066	0.0	37500	1089.3018989562988
15	-49.0	-49.0	-50.0	-8.5124855	16.968363	6.079176	-67.62885	-8.511716	0.0	40000	1161.2643678188324
16	-47.0	-47.0	-50.0	-8.560746	17.034174	3.1604333	-57.48329	-8.560474	0.0	42500	1232.348581790924
17	-50.0	-50.0	-50.0	-8.622732	17.192629	3.6727123	-57.040207	-8.623413	0.0	45000	1305.154376745224
18	-49.0	-49.0	-49.7	-8.725708	17.345793	1.9491267	-58.501907	-8.726762	0.0	47500	1376.2837181091309
19	-47.0	-47.0	-50.0	-8.813453	17.449913	3.914275	-61.32359	-8.813781	0.0	50000	1446.799559354782
20	-45.6	-45.6	-50.0	-8.938369	17.622343	4.8240395	-65.685165	-8.938943	0.0	52500	1519.0971331596375
21	-48.32	-48.32	-45.0	-8.981946	17.684238	3.985084	-67.7121	-8.983341	0.1	55000	1591.3039622306824
22	-46.24	-46.24	-36.0	-8.951852	17.658285	5.342636	-78.92315	-8.950998	0.3	57500	1661.6305158138275
23	-47.46	-47.46	-45.0	-8.985528	17.69001	2.8679874	-65.42685	-8.986765	0.1	60000	1732.8567910194397
24	-48.52	-48.52	-50.0	-9.022454	17.714432	4.124069	-59.6305	-9.022148	0.0	62500	1805.0387184619904
25	-48.52	-48.52	-46.399998	-9.039649	17.776186	4.158708	-60.863106	-9.039984	0.0	65000	1876.7636966705322
26	-48.9	-48.9	-50.0	-8.985517	17.761723	7.4906363	-58.37474	-8.986084	0.0	67500	1947.4527306556702
27	-48.36	-48.36	-50.0	-9.075193	17.866167	5.2991223	-60.176765	-9.076465	0.0	70000	2019.2918410301208
28	-48.38	-48.38	-50.0	-9.162602	17.954494	8.401512	-66.3002	-9.162319	0.0	72500	2090.1382586956024
29	-50.0	-50.0	-47.0	-9.194623	17.996674	4.659178	-65.89585	-9.1942625	0.1	75000	2162.108780145645
30	-49.0	-49.0	-45.0	-9.235361	18.040705	4.327371	-64.319214	-9.235674	0.1	77500	2232.9418234825134
31	-46.06	-46.06	-40.0	-9.226217	18.016264	3.9746127	-67.35149	-9.226326	0.2	80000	2305.5186738967896
32	-46.98	-46.98	-45.0	-9.199098	18.00748	5.1162705	-64.53445	-9.197835	0.1	82500	2374.734796524048
33	-49.1	-49.1	-45.0	-9.134938	17.917963	6.9580503	-59.67754	-9.135213	0.1	85000	2446.861006498337
34	-42.88	-42.88	-45.0	-9.260905	18.003803	4.6431227	-65.2538	-9.2618685	0.1	87500	2520.3767700195312
35	-46.24	-46.24	-50.0	-9.127435	17.792978	6.7052402	-62.2483	-9.126711	0.0	90000	2591.0542554855347
36	-47.42	-47.42	-45.2	-8.877767	17.422178	6.0334015	-60.705547	-8.878168	0.1	92500	2665.482493162155
37	-48.84	-48.84	-50.0	-8.613682	16.916426	6.1263466	-62.26018	-8.613101	0.0	95000	2737.462988138199
38	-44.92	-44.92	-50.0	-8.519842	16.748869	6.2739897	-61.25441	-8.520252	0.0	97500	2809.3843669891357
39	-49.2	-49.2	-44.7	-8.497428	16.705843	4.9029956	-58.4162	-8.498504	0.1	100000	2878.0544674396515
40	-50.0	-50.0	-45.0	-8.542372	16.786121	6.7258787	-61.436707	-8.542487	0.1	102500	2948.9216821193695
41	-47.32	-47.32	-46.100002	-8.704468	17.01045	4.831116	-57.80992	-8.703764	0.1	105000	3020.361159801483
42	-48.08	-48.08	-49.8	-8.739879	17.077806	5.89969	-63.045437	-8.739063	0.0	107500	3089.37886095047
43	-49.92	-49.92	-38.100002	-8.817726	17.139647	8.464377	-60.011017	-8.819691	0.3	110000	3162.0691182613373
44	-49.64	-49.64	-41.399998	-8.867945	17.198149	4.9214892	-59.919456	-8.869132	0.2	112500	3232.1695251464844
45	-46.68	-46.68	-50.0	-8.760244	17.053194	4.438113	-66.05703	-8.75894	0.0	115000	3301.3307676315308
46	-46.42	-46.42	-36.100002	-8.816776	17.069479	6.3988724	-62.933033	-8.817027	0.3	117500	3371.8821156024933
47	-47.86	-47.86	-48.4	-8.821888	17.073595	4.476266	-57.949013	-8.821039	0.1	120000	3443.1115062236786
48	-46.2	-46.2	-45.0	-8.845491	17.102076	5.864828	-60.32914	-8.846133	0.1	122500	3512.84983420372
49	-47.26	-47.26	-48.8	-8.81201	17.042377	5.849571	-64.416534	-8.814428	0.1	125000	3583.78551197052
50	-47.76	-47.76	-47.3	-8.856019	17.079924	4.715811	-61.801014	-8.854267	0.1	127500	3655.3499615192413
51	-49.06	-49.06	-40.0	-8.820516	17.01013	8.846095	-59.247166	-8.820995	0.2	130000	3724.005939245224
52	-45.22	-45.22	-50.0	-8.802045	16.93812	7.0661745	-70.34531	-8.801867	0.0	132500	3795.037671804428
53	-46.0	-46.0	-44.7	-8.697704	16.766933	5.000777	-62.73193	-8.69687	0.1	135000	3863.8131198883057
54	-48.24	-48.24	-46.5	-8.720188	16.74498	5.49907	-62.234467	-8.720292	0.1	137500	3933.331212759018
55	-45.52	-45.52	-46.8	-8.6671295	16.640076	7.03412	-62.08462	-8.666181	0.1	140000	4003.735369205475
56	-47.8	-47.8	-50.0	-8.587793	16.503147	4.112317	-65.6147	-8.590041	0.0	142500	4072.625286102295
57	-42.5	-42.5	-45.7	-8.4744	16.305029	5.8722987	-58.728546	-8.476439	0.1	145000	4144.159253120422
58	-48.06	-48.06	-41.8	-8.405689	16.18874	5.1788797	-69.03432	-8.408519	0.3	147500	4213.5151624679565
59	-44.84	-44.84	-40.8	-8.409491	16.125732	12.007299	-59.42685	-8.412615	0.3	150000	4284.487799167633
60	-48.36	-48.36	-47.0	-8.286612	15.992755	4.2666698	-65.205376	-8.286455	0.1	152500	4353.87137389183
61	-46.8	-46.8	-46.8	-8.3704195	16.064032	12.663241	-66.3009	-8.370874	0.1	155000	4424.212613105774
62	-46.52	-46.52	-42.100002	-8.382719	16.055433	6.090895	-63.37382	-8.385399	0.2	157500	4495.103342294693
63	-47.08	-47.08	-46.0	-8.452545	16.131407	4.991751	-74.01132	-8.451288	0.1	160000	4565.037417888641
64	-45.1	-45.1	-50.0	-8.304321	15.990665	15.954596	-73.479225	-8.3031	0.0	162500	4635.772239923477
65	-44.72	-44.72	-37.5	-8.390798	16.052494	4.733718	-65.1947	-8.393245	0.3	165000	4706.723773241043
66	-44.26	-44.26	-30.3	-8.378922	16.02365	4.1115184	-66.46925	-8.378075	0.6	167500	4775.688227653503
67	-47.12	-47.12	-50.0	-8.38982	16.004816	3.7474463	-68.18749	-8.391159	0.0	170000	4844.443207979202
68	-43.96	-43.96	-50.0	-8.306201	15.887327	9.46628	-67.22725	-8.307658	0.0	172500	4912.237398386002
69	-47.04	-47.04	-41.5	-8.371694	15.919646	5.208268	-60.27297	-8.3713665	0.4	175000	4980.520359754562
70	-43.56	-43.56	-50.0	-8.325615	15.8242855	3.8113046	-59.389984	-8.327125	0.0	177500	5048.454485654831
71	-46.18	-46.18	-42.0	-8.390291	15.86292	11.206263	-57.64433	-8.391177	0.2	180000	5114.367392063141
72	-44.76	-44.76	-39.899998	-8.33871	15.789216	4.4374466	-63.07807	-8.338537	0.3	182500	5181.030430316925
73	-45.68	-45.68	-43.0	-8.315923	15.734913	4.656858	-65.838715	-8.314787	0.2	185000	5249.613978862762
74	-46.92	-46.92	-46.0	-8.359524	15.786836	6.3118305	-65.937935	-8.359176	0.1	187500	5317.611243963242
75	-45.04	-45.04	-44.899998	-8.359283	15.747526	8.956675	-63.55274	-8.360916	0.2	190000	5386.920289993286
76	-42.92	-42.92	-45.399998	-8.304386	15.69915	5.4180923	-64.311646	-8.304206	0.1	192500	5452.482173442841
77	-43.24	-43.24	-46.100002	-8.237816	15.599312	6.7122984	-60.20411	-8.2374115	0.2	195000	5522.237617731094
78	-42.52	-42.52	-39.899998	-8.304628	15.637313	2.9987092	-61.53245	-8.305616	0.3	197500	5591.442708969116
79	-42.96	-42.96	-47.9	-8.236791	15.554882	6.861119	-71.74241	-8.236893	0.1	200000	5660.82164978981
80	-44.2	-44.2	-49.0	-8.226086	15.534199	3.2186012	-78.77869	-8.227513	0.1	202500	5730.7440321445465
81	-42.44	-42.44	-42.3	-8.241089	15.516298	7.2240353	-59.923958	-8.240721	0.3	205000	5798.2423849105835
82	-45.68	-45.68	-36.0	-8.215091	15.489674	2.776297	-73.36458	-8.216701	0.4	207500	5869.350765943527
83	-43.2	-43.2	-40.2	-8.229045	15.502671	8.4086485	-65.31078	-8.230735	0.2	210000	5937.068942308426
84	-46.7	-46.7	-28.3	-8.230324	15.497022	6.676571	-59.620605	-8.228477	0.5	212500	6006.480149030685
85	-41.96	-41.96	-43.3	-8.127031	15.391183	3.8996277	-61.589806	-8.124637	0.2	215000	6073.490597009659
86	-46.94	-46.94	-38.2	-8.101049	15.328173	7.2208395	-61.808735	-8.100922	0.3	217500	6141.824487686157
87	-39.02	-39.02	-46.399998	-8.098837	15.299041	2.960292	-63.054596	-8.09789	0.2	220000	6210.215468168259
88	-43.44	-43.44	-46.100002	-8.117575	15.297681	2.7639534	-60.891106	-8.117929	0.1	222500	6276.813902616501
89	-45.22	-45.22	-49.9	-8.121888	15.303809	6.5724797	-80.69163	-8.12108	0.0	225000	6343.772953271866
90	-45.22	-45.22	-42.2	-8.074739	15.214585	6.267185	-61.40481	-8.074955	0.2	227500	6410.316892385483
91	-44.56	-44.56	-39.100002	-8.035816	15.149322	4.406205	-60.761665	-8.035965	0.3	230000	6478.551790714264
92	-43.38	-43.38	-40.3	-8.089028	15.166411	4.3536534	-74.4041	-8.089844	0.2	232500	6543.7377943992615
93	-43.32	-43.32	-39.399998	-8.06118	15.124328	7.8614283	-61.448772	-8.05989	0.3	235000	6613.371517658234
94	-40.9	-40.9	-41.2	-8.034756	15.085418	3.0664225	-73.33022	-8.033294	0.2	237500	6679.6660878658295
95	-45.76	-45.76	-37.7	-8.079187	15.079693	7.467024	-59.06744	-8.078903	0.3	240000	6746.888370990753
96	-38.94	-38.94	-29.8	-8.055873	15.037886	7.5203795	-62.175045	-8.056667	0.5	242500	6815.308283805847
97	-41.06	-41.06	-38.2	-8.071461	15.014854	5.6715107	-71.25975	-8.07177	0.3	245000	6884.308733224869
98	-42.06	-42.06	-41.7	-7.987186	14.902631	7.7870207	-58.880577	-7.9871206	0.1	247500	6951.542451143265
99	-45.48	-45.48	-33.0	-7.9299197	14.85053	5.721069	-70.73555	-7.930459	0.4	250000	7020.447738170624
100	-43.82	-43.82	-41.5	-8.050701	14.905956	7.0920496	-60.499012	-8.05099	0.3	252500	7090.066126346588
101	-43.64	-43.64	-41.5	-7.969713	14.792637	5.3953376	-63.054554	-7.968993	0.3	255000	7157.871909379959
102	-41.52	-41.52	-36.8	-7.967993	14.708997	9.588111	-69.250595	-7.968452	0.3	257500	7226.238878250122
103	-44.02	-44.02	-41.0	-8.030346	14.738166	13.412854	-73.695274	-8.031015	0.2	260000	7294.791640043259
104	-41.98	-41.98	-42.3	-8.052925	14.711369	9.597162	-60.000618	-8.053335	0.2	262500	7362.548643112183
105	-41.96	-41.96	-45.100002	-8.00462	14.639175	18.689795	-60.343708	-8.00476	0.1	265000	7430.836998462677
106	-43.38	-43.38	-31.7	-7.9968204	14.577791	8.415068	-69.33069	-7.9980087	0.5	267500	7499.080256223679
107	-42.68	-42.68	-38.5	-8.031427	14.57144	7.9315815	-63.503933	-8.031423	0.2	270000	7568.542491197586
108	-40.7	-40.7	-33.600002	-7.981556	14.42953	6.7714543	-78.65539	-7.9828553	0.4	272500	7636.860790252686
109	-40.36	-40.36	-31.6	-7.9992094	14.403502	6.651246	-65.92488	-7.9987116	0.5	275000	7704.688104867935
110	-41.08	-41.08	-33.0	-7.8738313	14.072245	4.681312	-68.78061	-7.872198	0.5	277500	7771.437272787094
111	-40.86	-40.86	-38.2	-7.7309766	13.730304	5.2484293	-60.71003	-7.732067	0.4	280000	7840.140490055084
112	-44.28	-44.28	-34.899998	-7.6549945	13.46823	4.1184435	-59.13606	-7.6543193	0.4	282500	7909.439992189407
113	-41.88	-41.88	-33.399998	-7.6391606	13.381838	4.716675	-63.56069	-7.638738	0.4	285000	7978.164221048355
114	-38.8	-38.8	-40.5	-7.632775	13.320911	5.725733	-72.62378	-7.6320443	0.2	287500	8048.067445039749
115	-43.2	-43.2	-33.899998	-7.5826654	13.233154	8.167987	-73.78094	-7.584789	0.5	290000	8113.799151182175
116	-41.56	-41.56	-39.0	-7.623623	13.368081	5.4443603	-62.189373	-7.6241117	0.3	292500	8183.883038520813
117	-39.92	-39.92	-41.100002	-7.755679	13.630652	7.87818	-75.19061	-7.757063	0.3	295000	8250.072266578674
118	-40.34	-40.34	-30.8	-7.7976346	13.79788	8.077093	-61.44177	-7.7970176	0.5	297500	8319.04752254486
119	-42.42	-42.42	-35.8	-7.786301	13.786941	8.769243	-60.718254	-7.7874985	0.4	300000	8385.612162590027
120	-40.12	-40.12	-32.8	-7.747263	13.693587	5.874279	-67.978874	-7.7480035	0.4	302500	8450.9451379776
121	-42.9	-42.9	-30.4	-7.843113	13.767051	7.4259105	-69.33767	-7.841102	0.5	305000	8518.853205442429
122	-37.46	-37.46	-27.9	-7.9216523	13.88976	6.927133	-68.888435	-7.91951	0.5	307500	8584.530028104782
123	-41.96	-41.96	-31.5	-7.9494567	13.970766	5.273205	-59.321392	-7.950207	0.6	310000	8651.342145442963
124	-38.8	-38.8	-28.7	-7.886615	13.902676	7.1109776	-62.69751	-7.8862076	0.5	312500	8717.825483083725
125	-38.46	-38.46	-26.0	-7.85248	13.87215	5.7202654	-60.689697	-7.8527904	0.6	315000	8787.025998592377
126	-38.92	-38.92	-32.3	-7.8592806	13.82734	6.465249	-64.835045	-7.860723	0.6	317500	8853.539662599564
127	-35.82	-35.82	-23.8	-7.8702593	13.756172	9.455251	-64.67652	-7.8687043	0.6	320000	8922.945652484894
128	-40.2	-40.2	-35.8	-7.8331256	13.692503	7.0280213	-61.76191	-7.831707	0.4	322500	8989.310040712357
129	-40.16	-40.16	-26.6	-7.8252234	13.604619	9.309894	-60.257225	-7.828321	0.7	325000	9056.948152780533
130	-37.38	-37.38	-36.8	-7.907455	13.670767	6.954802	-63.521015	-7.9060607	0.5	327500	9126.516397476196
131	-38.86	-38.86	-35.2	-7.8825536	13.635081	7.4194064	-64.50355	-7.884101	0.4	330000	9194.00508069992
132	-37.5	-37.5	-33.100002	-7.766976	13.507011	7.8715906	-66.609024	-7.7661133	0.4	332500	9261.117098093033
133	-35.98	-35.98	-28.7	-7.727361	13.445896	5.078211	-63.854233	-7.727005	0.4	335000	9327.413752555847
134	-36.78	-36.78	-31.7	-7.807297	13.490978	6.331666	-65.18963	-7.809055	0.5	337500	9395.103138446808
135	-39.96	-39.96	-20.6	-7.69317	13.362053	4.9648843	-63.73791	-7.6935563	0.7	340000	9464.713254213333
136	-39.2	-39.2	-25.5	-7.7165008	13.311477	5.8570175	-61.95978	-7.7162466	0.7	342500	9533.794986486435
137	-39.52	-39.52	-19.699999	-7.6826615	13.239624	12.027888	-77.28145	-7.68244	0.8	345000	9601.888239383698
138	-38.04	-38.04	-17.800001	-7.6284733	13.161794	7.781254	-63.965485	-7.628984	0.8	347500	9670.101479291916
139	-38.98	-38.98	-24.2	-7.681064	13.168229	6.16589	-81.6583	-7.681307	0.7	350000	9739.79728269577
140	-36.52	-36.52	-21.4	-7.6977634	13.137188	9.134112	-62.592487	-7.6965914	0.8	352500	9807.41690993309
141	-37.1	-37.1	-27.9	-7.6274934	13.042431	9.29248	-67.86745	-7.628481	0.6	355000	9876.558653116226
142	-40.24	-40.24	-28.3	-7.579334	13.03045	5.944704	-65.132645	-7.5804815	0.6	357500	9944.511839389801
143	-36.88	-36.88	-28.3	-7.628957	13.07608	5.3984213	-65.329	-7.630099	0.6	360000	10011.101198673248
144	-36.26	-36.26	-30.8	-7.5913367	13.039743	8.309952	-66.89628	-7.59032	0.5	362500	10081.15720653534
145	-34.38	-34.38	-26.9	-7.5587754	12.978884	7.4271164	-62.287697	-7.5580635	0.6	365000	10147.989850521088
146	-37.1	-37.1	-27.8	-7.4770803	12.828456	9.805782	-63.636845	-7.4760613	0.7	367500	10217.167653560638
147	-40.92	-40.92	-23.4	-7.482797	12.758059	9.262063	-90.05937	-7.4829936	0.7	370000	10284.683655500412
148	-34.84	-34.84	-21.199999	-7.3975563	12.672296	6.9714985	-63.255123	-7.3985467	0.7	372500	10353.050070047379
149	-33.2	-33.2	-29.6	-7.3448167	12.547866	6.69738	-61.87306	-7.344563	0.5	375000	10418.417572498322
150	-36.8	-36.8	-21.4	-7.293455	12.453866	5.5570455	-60.9961	-7.2905335	0.7	377500	10489.085305452347
151	-33.82	-33.82	-20.199999	-7.2565265	12.356739	11.401277	-61.21734	-7.2565756	0.6	380000	10557.789442062378
152	-33.32	-33.32	-25.3	-7.248696	12.269935	6.5872498	-68.27916	-7.247358	0.6	382500	10625.90894150734
153	-33.62	-33.62	-29.2	-7.2082024	12.226197	15.415195	-66.89816	-7.208171	0.5	385000	10695.675589084625
154	-36.88	-36.88	-15.1	-7.052737	11.935753	7.0559063	-61.730694	-7.052241	0.8	387500	10763.900063991547
155	-34.16	-34.16	-16.800001	-7.025265	11.759627	6.317785	-62.354527	-7.0285287	0.9	390000	10831.068164110184
156	-35.86	-35.86	-15.8	-6.8807154	11.508415	6.169037	-63.039993	-6.881347	0.8	392500	10899.312970399857
157	-36.76	-36.76	-14.3	-6.852574	11.303085	4.171799	-64.13886	-6.8545976	1.0	395000	10967.606261730194
158	-32.76	-32.76	-27.2	-6.6781425	10.768553	8.801466	-61.860256	-6.6780534	0.6	397500	11035.46336889267
159	-35.06	-35.06	-15.0	-6.5065236	10.282264	4.038008	-73.98075	-6.505516	0.9	400000	11104.813339471817
160	-31.4	-31.4	-23.5	-6.343417	9.887672	8.818937	-58.91162	-6.3445053	0.7	402500	11173.71346950531
161	-32.22	-32.22	-17.9	-6.283492	9.705318	8.202553	-68.26692	-6.283283	0.9	405000	11241.783109426498
162	-34.32	-34.32	-14.9	-6.1965904	9.585198	17.801865	-66.40758	-6.1975694	0.9	407500	11312.248710393906
163	-37.44	-37.44	-18.800001	-6.196348	9.506702	8.001721	-60.032417	-6.1953874	0.7	410000	11381.19343137741
164	-33.6	-33.6	-23.8	-6.1749983	9.428404	14.179626	-68.89264	-6.174984	0.7	412500	11450.505379915237
165	-35.8	-35.8	-13.7	-6.1488442	9.396302	5.054647	-62.354855	-6.1481204	0.9	415000	11519.554923295975
166	-31.74	-31.74	-16.300001	-6.0121846	9.182709	5.665898	-62.728897	-6.0111156	0.8	417500	11587.424609661102
167	-33.62	-33.62	-18.5	-5.957936	9.008546	4.9222403	-76.80874	-5.9573193	0.9	420000	11655.80702996254
168	-33.36	-33.36	-8.7	-5.900712	8.858494	6.2123156	-59.94641	-5.9012485	1.0	422500	11722.441397190094
169	-31.84	-31.84	-15.8	-5.8839626	8.771621	10.58527	-68.749664	-5.883464	0.9	425000	11792.945013284683
170	-29.68	-29.68	-9.2	-5.773385	8.609375	7.5072484	-59.664356	-5.7713733	1.0	427500	11859.996664047241
171	-34.6	-34.6	-14.4	-5.6965117	8.49829	8.49194	-63.43687	-5.695155	0.9	430000	11931.44431257248
172	-31.22	-31.22	-18.199999	-5.703471	8.451078	6.4253674	-61.71878	-5.704114	0.8	432500	11997.820157289505
173	-28.24	-28.24	-13.4	-5.673162	8.383164	6.9308476	-61.41332	-5.6730843	0.9	435000	12066.795295238495
174	-25.16	-25.16	-12.1	-5.617514	8.326913	8.573523	-68.87807	-5.617115	1.0	437500	12135.111737966537
175	-34.36	-34.36	-11.599999	-5.5652895	8.205459	8.04549	-64.88907	-5.5638156	0.9	440000	12202.447905302048
176	-32.48	-32.48	-11.9	-5.5671453	8.284714	6.955637	-73.428474	-5.566146	1.0	442500	12272.677549600601
177	-31.08	-31.08	-11.3	-5.5381303	8.212982	7.29688	-67.447556	-5.538726	0.9	445000	12341.839703321457
178	-31.42	-31.42	-15.4	-5.473575	8.113751	5.6695414	-66.47755	-5.4737644	0.9	447500	12410.367839097977
179	-29.58	-29.58	-8.900001	-5.4194493	8.035457	8.154382	-73.05174	-5.4198666	1.0	450000	12480.52673625946
180	-29.86	-29.86	-19.4	-5.3311734	7.8962493	10.09236	-62.722015	-5.3312387	0.7	452500	12549.509521245956
181	-32.2	-32.2	-17.300001	-5.3378983	7.8296685	6.9736814	-64.15248	-5.3373213	0.7	455000	12618.171485900879
182	-29.64	-29.64	-20.1	-5.2529063	7.679672	6.6681066	-64.056015	-5.249944	0.7	457500	12685.620564699173
183	-33.96	-33.96	-10.599999	-5.237609	7.668912	6.6150737	-62.811134	-5.2349877	1.0	460000	12755.5389149189
184	-29.5	-29.5	-11.7	-5.1812544	7.6055784	6.0809903	-64.478806	-5.178859	0.9	462500	12823.400151491165
185	-29.66	-29.66	-23.7	-5.1814404	7.5789237	5.2344375	-65.698586	-5.1774874	0.6	465000	12892.374579429626
186	-29.3	-29.3	-20.300001	-5.107398	7.436852	7.4776206	-81.35591	-5.1056356	0.7	467500	12962.657568454742
187	-30.02	-30.02	-14.8	-5.036128	7.2789745	6.108177	-60.498177	-5.035346	0.8	470000	13029.625869750977
188	-32.6	-32.6	-15.3	-5.0432687	7.3337364	4.6155453	-68.55587	-5.0445824	0.9	472500	13098.035318136215
189	-27.68	-27.68	-9.599999	-5.0371466	7.3739195	10.741305	-62.180214	-5.0372605	1.0	475000	13164.796795129776
190	-31.04	-31.04	-11.0	-4.994102	7.2903047	5.431205	-68.1038	-4.9935794	1.0	477500	13234.577289581299
191	-30.18	-30.18	-13.7	-4.9345555	7.211682	3.9430528	-64.52704	-4.9347496	0.9	480000	13303.407609939575
192	-31.6	-31.6	-9.2	-4.9228296	7.161838	4.4477167	-70.35704	-4.921378	1.0	482500	13373.844252109528
193	-27.4	-27.4	-16.9	-4.837902	6.985624	6.625683	-61.19893	-4.8391595	0.8	485000	13442.001881599426
194	-29.84	-29.84	-10.0	-4.8028507	6.97041	11.158449	-70.525215	-4.802244	1.0	487500	13511.525216579437
195	-30.28	-30.28	-13.2	-4.726568	6.8167224	4.8325157	-61.40922	-4.7242885	1.0	490000	13581.70061802864
196	-31.36	-31.36	-10.0	-4.7358456	6.7906804	4.528184	-94.64419	-4.735099	1.0	492500	13650.7769947052
197	-31.52	-31.52	-14.0	-4.690268	6.7106805	3.5315318	-61.218987	-4.6895175	0.9	495000	13719.206479549408
198	-31.22	-31.22	-14.2	-4.674853	6.6627564	9.986348	-60.725304	-4.6745462	0.9	497500	13786.773912906647
199	-28.02	-28.02	-15.1	-4.6557093	6.6707172	3.5107043	-59.786003	-4.6544833	0.9	500000	13856.669821977615
200	-30.46	-30.46	-11.5	-4.6360025	6.6640124	7.843462	-72.4981	-4.6340737	1.0	502500	13924.028417825699
201	-28.9	-28.9	-17.1	-4.625434	6.626368	6.0992203	-64.23039	-4.6236897	0.8	505000	13992.724777698517
202	-32.28	-32.28	-11.7	-4.592808	6.569198	7.640838	-73.4364	-4.5952725	0.9	507500	14060.662722826004
203	-27.82	-27.82	-8.0	-4.5765553	6.5540957	7.027853	-66.46927	-4.5742	1.0	510000	14128.881448507309
204	-32.88	-32.88	-13.6	-4.545508	6.492259	4.8332	-64.158554	-4.5464997	1.0	512500	14198.961978673935
205	-29.1	-29.1	-9.0	-4.515934	6.4475875	11.891765	-63.377823	-4.5130825	1.0	515000	14266.419637918472
206	-34.1	-34.1	-11.3	-4.4569664	6.357729	11.26888	-62.688793	-4.456195	1.0	517500	14336.207044839859
207	-29.82	-29.82	-9.900001	-4.4704614	6.363676	19.141022	-59.456867	-4.4694033	1.0	520000	14405.06550359726
208	-32.08	-32.08	-14.7	-4.440178	6.339404	6.750596	-67.64135	-4.439182	0.9	522500	14474.252423286438
209	-27.48	-27.48	-7.8	-4.405663	6.2615504	4.846989	-64.9764	-4.4047794	1.0	525000	14542.927919387817
210	-30.5	-30.5	-11.7	-4.3624444	6.209332	4.418169	-62.455383	-4.3644953	1.0	527500	14611.46736240387
211	-28.8	-28.8	-7.7	-4.33409	6.1627727	16.707483	-72.665565	-4.3336563	1.0	530000	14680.52417230606
212	-32.2	-32.2	-11.400001	-4.3502426	6.2115164	4.044593	-74.89102	-4.351094	1.0	532500	14746.986545801163
213	-30.16	-30.16	-9.0	-4.321109	6.1574306	6.842794	-64.59538	-4.3194985	1.0	535000	14816.47889637947
214	-27.6	-27.6	-10.7	-4.275164	6.1417255	5.3103447	-67.227455	-4.2752905	1.0	537500	14885.54415845871
215	-28.3	-28.3	-9.400001	-4.245503	6.06527	4.4380608	-63.973984	-4.2431846	1.0	540000	14954.849544286728
216	-32.62	-32.62	-15.0	-4.259788	6.0902553	13.2205105	-71.43334	-4.2601843	0.9	542500	15022.418474912643
217	-29.22	-29.22	-11.599999	-4.2359266	6.058181	6.3645186	-60.442966	-4.2340727	1.0	545000	15092.158861398697
218	-30.12	-30.12	-12.9	-4.2178206	6.004129	14.519463	-65.4321	-4.217368	0.9	547500	15162.546022176743
219	-29.82	-29.82	-8.7	-4.190199	5.956714	5.071879	-62.02898	-4.1902537	1.0	550000	15229.208061218262
220	-30.52	-30.52	-11.0	-4.163844	5.888572	4.9416523	-69.482765	-4.162581	1.0	552500	15298.13967347145
221	-30.94	-30.94	-13.3	-4.1440372	5.8760147	4.8851404	-65.53428	-4.1452155	0.9	555000	15367.784941911697
222	-31.3	-31.3	-10.2	-4.127519	5.869475	5.4584494	-60.848766	-4.1261826	1.0	557500	15438.67205619812
223	-26.44	-26.44	-10.7	-4.124183	5.830712	6.5799236	-68.888	-4.123631	1.0	560000	15508.015236854553
224	-31.6	-31.6	-12.5	-4.0854416	5.835707	5.764043	-67.25316	-4.085377	0.9	562500	15575.940216064453
225	-30.4	-30.4	-11.3	-4.072519	5.786303	17.521053	-76.3668	-4.072009	1.0	565000	15645.021450042725
226	-26.72	-26.72	-16.800001	-4.0679903	5.757772	10.520727	-61.59541	-4.067499	0.8	567500	15713.410426139832
227	-30.02	-30.02	-10.5	-4.0207586	5.680459	7.225561	-69.324486	-4.0228195	1.0	570000	15782.087535619736
228	-30.36	-30.36	-11.5	-4.025366	5.6986446	7.5710955	-65.20208	-4.025074	1.0	572500	15851.178287744522
229	-34.16	-34.16	-11.3	-4.0363235	5.672849	7.2923403	-69.809784	-4.036451	1.0	575000	15923.080191373825
230	-31.58	-31.58	-9.099999	-4.055772	5.7025504	7.025185	-63.898655	-4.0573344	1.0	577500	15992.238647699356
231	-25.88	-25.88	-11.2	-4.00246	5.6314535	4.862356	-66.10998	-4.003013	1.0	580000	16060.756573915482
232	-25.22	-25.22	-11.3	-3.9888384	5.604259	7.270328	-68.93323	-3.988684	1.0	582500	16128.725630044937
233	-24.32	-24.32	-9.2	-3.9880028	5.608156	5.875174	-66.92956	-3.9866624	1.0	585000	16198.96408200264
234	-29.48	-29.48	-10.400001	-3.9707627	5.5693746	6.185233	-68.83913	-3.9704723	1.0	587500	16269.840523481369
235	-26.68	-26.68	-11.9	-3.9460406	5.553317	5.432309	-60.152637	-3.9444366	1.0	590000	16339.21589756012
236	-26.24	-26.24	-10.8	-3.9399202	5.5376215	6.5591	-60.876476	-3.941363	1.0	592500	16411.230729579926
237	-26.82	-26.82	-9.3	-3.9419463	5.5265126	5.5818124	-65.003525	-3.9411495	1.0	595000	16480.31078696251
238	-26.38	-26.38	-9.900001	-3.920352	5.5345373	6.98526	-62.09146	-3.9224133	1.0	597500	16546.8777179718
239	-27.62	-27.62	-9.400001	-3.894515	5.479746	8.427477	-66.963356	-3.8935668	1.0	600000	16617.21718430519
240	-30.14	-30.14	-11.599999	-3.890389	5.4711275	12.183754	-63.801075	-3.8910246	1.0	602500	16687.91913843155
241	-30.18	-30.18	-10.5	-3.8796391	5.5100594	7.655922	-69.16824	-3.8793035	1.0	605000	16758.49532866478
242	-29.78	-29.78	-9.099999	-3.8624911	5.473353	10.916002	-65.95152	-3.8623927	1.0	607500	16828.139443397522
243	-30.46	-30.46	-12.7	-3.844778	5.4521265	8.195854	-63.480885	-3.8453252	0.9	610000	16897.552159786224
244	-30.5	-30.5	-11.3	-3.83043	5.4477797	10.1490755	-67.0947	-3.8317132	1.0	612500	16967.136924505234
245	-26.32	-26.32	-12.2	-3.8415334	5.421218	8.920064	-70.22273	-3.8402882	1.0	615000	17035.40385389328
246	-27.26	-27.26	-12.2	-3.8403885	5.4536037	5.7116537	-69.820595	-3.840719	0.9	617500	17104.828544855118
247	-29.0	-29.0	-14.7	-3.8244505	5.4018564	5.2164392	-65.262985	-3.823993	0.9	620000	17172.661734104156
248	-31.02	-31.02	-15.5	-3.849001	5.4575124	7.0703115	-67.48954	-3.8488915	0.8	622500	17240.17540192604
249	-25.8	-25.8	-10.0	-3.8568401	5.474093	8.6372175	-66.76102	-3.855784	1.0	625000	17307.347986459732
250	-24.58	-24.58	-9.8	-3.829976	5.446109	10.4494915	-65.43602	-3.8292594	1.0	627500	17376.350240707397
251	-32.82	-32.82	-8.400001	-3.8226442	5.417924	4.305435	-67.56261	-3.8225224	1.0	630000	17443.020269155502
252	-29.92	-29.92	-12.8	-3.8075633	5.4274163	8.021219	-67.70217	-3.8087475	0.9	632500	17510.116002082825
253	-26.5	-26.5	-12.7	-3.8132925	5.40514	11.560881	-63.373726	-3.8135867	0.9	635000	17578.229455947876
254	-27.88	-27.88	-9.5	-3.8180254	5.432677	12.792661	-75.90493	-3.8184707	1.0	637500	17645.69848227501
255	-32.78	-32.78	-8.0	-3.8334918	5.4808464	6.5272684	-69.07416	-3.8328025	1.0	640000	17713.57460641861
256	-26.5	-26.5	-10.3	-3.8146076	5.4410353	7.4564333	-65.68165	-3.8130324	0.9	642500	17781.37503862381
257	-33.24	-33.24	-13.0	-3.8232522	5.479657	7.984593	-70.36159	-3.8245633	0.9	645000	17851.613263130188
258	-29.06	-29.06	-12.7	-3.8200514	5.4490457	6.9847183	-69.27947	-3.8230944	0.9	647500	17919.412880182266
259	-26.48	-26.48	-9.7	-3.8344746	5.4505286	14.538646	-67.81008	-3.8346522	1.0	650000	17988.704364299774
260	-31.04	-31.04	-9.099999	-3.8501093	5.4775743	4.678645	-65.798485	-3.8490882	1.0	652500	18060.364414215088
261	-28.32	-28.32	-10.900001	-3.854649	5.460911	4.9705124	-67.667595	-3.8533633	1.0	655000	18128.587057828903
262	-30.22	-30.22	-7.2	-3.8635345	5.498099	4.6859555	-63.361446	-3.8630047	1.0	657500	18197.236507177353
263	-30.58	-30.58	-8.8	-3.8467128	5.4664397	5.947918	-67.22316	-3.8459427	1.0	660000	18265.691109657288
264	-28.58	-28.58	-7.0	-3.8750377	5.5234337	4.6759205	-64.57683	-3.8752658	1.0	662500	18335.378480672836
265	-27.36	-27.36	-8.7	-3.864502	5.4938855	4.820663	-66.96868	-3.8652608	1.0	665000	18404.236919403076
266	-27.22	-27.22	-10.599999	-3.8940425	5.530693	5.035098	-64.932205	-3.894991	0.9	667500	18474.45207619667
267	-28.8	-28.8	-8.900001	-3.8908825	5.5009623	9.953955	-67.8151	-3.8927085	1.0	670000	18542.592568397522
268	-29.08	-29.08	-9.0	-3.887644	5.5324726	4.6870832	-66.1061	-3.8872166	1.0	672500	18608.916879177094
269	-30.22	-30.22	-10.5	-3.895084	5.5674415	5.304924	-89.99739	-3.8943927	1.0	675000	18677.59563922882
270	-26.9	-26.9	-15.4	-3.9518049	5.6409416	8.467065	-66.75235	-3.9513443	0.8	677500	18745.43851494789
271	-25.08	-25.08	-10.2	-3.930647	5.6180773	9.901512	-60.533722	-3.9309244	0.9	680000	18815.275376796722
272	-30.08	-30.08	-8.0	-3.9248817	5.610184	6.691601	-77.86983	-3.9231958	1.0	682500	18881.671224832535
273	-30.58	-30.58	-10.2	-3.922528	5.5703964	5.1670365	-71.6295	-3.9233596	1.0	685000	18951.644734859467
274	-26.2	-26.2	-12.7	-3.914319	5.5762906	7.34634	-63.120335	-3.9139936	1.0	687500	19021.752464532852
275	-28.44	-28.44	-12.7	-3.8893676	5.553163	7.77391	-102.85613	-3.889501	0.9	690000	19089.731876850128
276	-28.64	-28.64	-12.9	-3.9059143	5.5868826	5.6508036	-63.91691	-3.9053116	0.9	692500	19159.78177666664
277	-29.56	-29.56	-9.7	-3.9110992	5.5607867	6.769934	-66.26052	-3.9125082	1.0	695000	19228.828538894653
278	-29.64	-29.64	-19.199999	-3.9274566	5.614484	4.5715017	-75.0731	-3.927539	0.7	697500	19298.97914338112
279	-29.54	-29.54	-12.8	-3.9202335	5.617987	8.114375	-70.70939	-3.9199772	0.9	700000	19366.858248233795
280	-31.3	-31.3	-12.7	-3.9510095	5.631997	4.6664705	-77.0974	-3.9494405	0.9	702500	19435.31244826317
281	-30.42	-30.42	-10.2	-3.915671	5.6235704	8.483669	-65.43918	-3.9151695	1.0	705000	19501.479293823242
282	-33.4	-33.4	-6.7	-3.9370775	5.66393	18.186945	-75.91796	-3.9369977	1.0	707500	19569.332743167877
283	-34.56	-34.56	-9.7	-3.9497788	5.6690598	4.3805065	-62.1024	-3.9498577	1.0	710000	19639.06807255745
284	-29.72	-29.72	-8.599999	-3.9851465	5.6680036	5.868208	-66.5283	-3.9869487	1.0	712500	19707.70130586624
285	-27.8	-27.8	-10.599999	-4.001348	5.708878	5.6629057	-70.84044	-4.0018463	1.0	715000	19775.470785856247
286	-25.82	-25.82	-9.400001	-3.9540932	5.6987786	5.1531215	-67.89294	-3.9529903	1.0	717500	19841.74310207367
287	-28.46	-28.46	-11.7	-3.9866493	5.6842084	4.2511578	-61.931763	-3.986475	0.9	720000	19911.932883262634
288	-27.86	-27.86	-10.599999	-3.9979405	5.684177	6.9152427	-65.26486	-3.997321	1.0	722500	19979.658831596375
289	-31.7	-31.7	-9.099999	-4.0238943	5.7499886	18.317741	-64.66114	-4.0246797	1.0	725000	20047.865441083908
290	-29.2	-29.2	-14.9	-4.063337	5.803526	5.0091953	-69.87498	-4.063483	0.8	727500	20117.940759420395
291	-30.36	-30.36	-9.8	-4.0417776	5.775031	9.898614	-84.106514	-4.040361	1.0	730000	20186.446405410767
292	-30.42	-30.42	-8.3	-4.009702	5.7051954	10.449659	-62.32809	-4.011175	1.0	732500	20255.527990341187
293	-36.26	-36.26	-10.099999	-4.0280657	5.7052627	6.4257603	-63.61245	-4.027313	1.0	735000	20321.808530330658
294	-29.58	-29.58	-8.900001	-4.058699	5.700001	5.58954	-64.32875	-4.0605597	1.0	737500	20390.483880996704
295	-28.02	-28.02	-12.5	-4.085043	5.7427006	4.4436007	-64.45319	-4.0840273	0.9	740000	20458.075444698334
296	-30.58	-30.58	-10.2	-4.0695777	5.7560096	6.447689	-74.31245	-4.065784	1.0	742500	20525.605330467224
297	-31.34	-31.34	-7.6	-4.0643015	5.75549	7.781345	-66.86804	-4.0654564	1.0	745000	20595.52459359169
298	-29.44	-29.44	-9.5	-4.1025496	5.827971	6.1797204	-63.18005	-4.102343	1.0	747500	20663.579931259155
299	-28.48	-28.48	-10.8	-4.1127005	5.8327227	13.372698	-70.471344	-4.1128716	1.0	750000	20732.750859975815
300	-32.1	-32.1	-19.4	-4.072678	5.818619	7.800563	-78.06569	-4.0721364	0.7	752500	20800.93535900116
301	-29.86	-29.86	-11.099999	-4.1208715	5.850417	4.7058907	-70.856064	-4.120073	1.0	755000	20871.85231900215
302	-30.3	-30.3	-10.5	-4.1285524	5.8502483	7.2980914	-74.765915	-4.1284785	1.0	757500	20938.189027786255
303	-27.5	-27.5	-13.4	-4.1116333	5.861316	6.5335536	-69.91689	-4.1126723	0.9	760000	21008.784649848938
304	-29.12	-29.12	-7.9	-4.12987	5.891088	5.409089	-71.67006	-4.129396	1.0	762500	21079.11836886406
305	-29.2	-29.2	-11.599999	-4.155876	5.891443	7.6082897	-62.92511	-4.154876	0.9	765000	21145.575344324112
306	-25.04	-25.04	-8.400001	-4.1120815	5.841119	6.1073847	-64.583595	-4.11238	1.0	767500	21214.737480401993
307	-33.54	-33.54	-12.2	-4.146645	5.876962	10.590389	-69.90686	-4.147337	0.9	770000	21283.85594701767
308	-33.04	-33.04	-9.400001	-4.1768746	5.941425	6.3541226	-71.509224	-4.1754427	1.0	772500	21352.521534204483
309	-30.26	-30.26	-15.9	-4.202856	5.9613414	5.9156914	-68.369125	-4.201942	0.9	775000	21421.061470985413
310	-31.82	-31.82	-13.7	-4.1429806	5.858535	4.975396	-68.47513	-4.143744	0.9	777500	21490.43514108658
311	-29.92	-29.92	-8.900001	-4.1280236	5.8117647	20.457336	-67.04801	-4.129155	1.0	780000	21560.186888694763
312	-28.46	-28.46	-8.8	-4.1498528	5.843777	6.0644083	-71.38656	-4.1500897	1.0	782500	21628.036765813828
313	-27.94	-27.94	-13.0	-4.190726	5.905803	6.875058	-68.81499	-4.191136	0.9	785000	21698.67352247238
314	-28.32	-28.32	-9.7	-4.1904025	5.900217	9.44915	-73.99828	-4.1902776	1.0	787500	21766.843853473663
315	-32.02	-32.02	-14.5	-4.158753	5.8147826	7.3450236	-68.6772	-4.1562877	0.9	790000	21835.474762916565
316	-31.64	-31.64	-9.3	-4.187116	5.813856	7.553476	-74.41678	-4.1888533	0.9	792500	21904.706376075745
317	-31.84	-31.84	-9.2	-4.205767	5.926653	6.700042	-62.414406	-4.2057285	1.0	795000	21973.739939689636
318	-28.6	-28.6	-10.5	-4.170045	5.8443055	8.5764065	-70.31501	-4.1690784	1.0	797500	22042.37664294243
319	-24.62	-24.62	-8.7	-4.180757	5.885339	7.403679	-61.889675	-4.181429	1.0	800000	22110.385499238968
320	-32.42	-32.42	-10.5	-4.189955	5.8851976	5.5408173	-62.795624	-4.189496	1.0	802500	22180.87712454796
321	-31.38	-31.38	-7.9	-4.2192407	5.896293	9.803485	-64.648766	-4.219085	1.0	805000	22247.757090091705
322	-26.62	-26.62	-12.4	-4.2032757	5.9211707	5.9946337	-71.85497	-4.202711	0.9	807500	22318.01173567772
323	-28.12	-28.12	-13.1	-4.233139	5.91254	8.742371	-68.18804	-4.2341022	0.9	810000	22386.71698999405
324	-30.84	-30.84	-10.5	-4.2120743	5.9130783	13.085506	-75.82848	-4.212194	1.0	812500	22455.316821336746
325	-29.98	-29.98	-13.3	-4.2004757	5.8733587	6.809066	-60.938293	-4.199935	0.9	815000	22523.818202733994
326	-29.24	-29.24	-11.2	-4.2017655	5.866052	9.429705	-89.22478	-4.2020674	1.0	817500	22592.880301952362
327	-31.8	-31.8	-8.3	-4.186173	5.8686223	9.443873	-78.30015	-4.1840925	1.0	820000	22662.041957616806
328	-30.26	-30.26	-10.7	-4.199556	5.795672	11.0868435	-60.542793	-4.1987686	1.0	822500	22728.497248888016
329	-30.8	-30.8	-9.7	-4.204748	5.8493643	4.539809	-60.19618	-4.203432	1.0	825000	22797.092678546906
330	-27.42	-27.42	-9.400001	-4.2618904	5.9218597	4.853889	-63.9015	-4.260073	1.0	827500	22865.354795217514
331	-27.46	-27.46	-9.8	-4.2656126	5.921114	11.328995	-66.49396	-4.265356	1.0	830000	22933.74867749214
332	-29.38	-29.38	-7.3	-4.2105017	5.876648	6.1441774	-77.734375	-4.2091413	1.0	832500	23003.06992816925
333	-35.32	-35.32	-12.8	-4.2057576	5.822139	19.247398	-91.25991	-4.205458	0.9	835000	23070.907225608826
334	-32.54	-32.54	-15.0	-4.241718	5.882798	11.335567	-65.74174	-4.241074	0.9	837500	23140.489809036255
335	-28.8	-28.8	-11.0	-4.198167	5.85569	6.6547346	-67.28239	-4.1986923	1.0	840000	23207.93330693245
336	-31.6	-31.6	-9.8	-4.248442	5.8822565	7.179484	-63.351437	-4.249889	1.0	842500	23278.849146842957
337	-30.78	-30.78	-8.7	-4.2263722	5.9055104	19.715702	-65.27977	-4.2270103	0.9	845000	23347.204835414886
338	-29.32	-29.32	-12.9	-4.204649	5.8449388	10.033282	-67.98649	-4.20671	0.8	847500	23417.915462493896
339	-27.26	-27.26	-8.099999	-4.21074	5.8798056	4.774183	-76.42872	-4.211259	1.0	850000	23484.858662605286
340	-31.4	-31.4	-9.0	-4.219131	5.931115	9.312769	-71.84159	-4.2202263	0.9	852500	23551.980219125748
341	-34.36	-34.36	-10.2	-4.173547	5.8667	9.778752	-64.636635	-4.171673	0.8	855000	23619.395693302155
342	-32.98	-32.98	-14.7	-4.184737	5.812476	6.7685537	-65.94737	-4.1841187	0.9	857500	23686.410490751266
343	-28.8	-28.8	-16.9	-4.20885	5.8812795	14.020932	-63.014053	-4.209987	0.7	860000	23757.15839934349
344	-33.42	-33.42	-13.4	-4.2296696	5.838006	19.702541	-61.160202	-4.229151	0.8	862500	23825.19692349434
345	-33.14	-33.14	-9.3	-4.238687	5.9008737	8.055614	-67.14707	-4.2377367	1.0	865000	23892.70353269577
346	-35.18	-35.18	-11.0	-4.259581	5.8736033	11.019446	-78.91206	-4.261075	1.0	867500	23960.969860076904
347	-30.34	-30.34	-9.599999	-4.244082	5.8589587	7.964097	-71.993996	-4.2442236	1.0	870000	24030.311197280884
348	-31.76	-31.76	-12.5	-4.208835	5.789359	5.7359295	-73.23066	-4.209525	0.9	872500	24101.096621751785
349	-32.34	-32.34	-10.099999	-4.224133	5.8013024	5.620516	-69.19487	-4.223555	0.9	875000	24170.932923078537
350	-32.78	-32.78	-9.900001	-4.269914	5.8677106	6.4840126	-66.238014	-4.270938	1.0	877500	24237.84015440941
351	-29.78	-29.78	-9.599999	-4.269288	5.8879833	7.8092937	-64.25921	-4.2698655	1.0	880000	24305.145642518997
352	-31.14	-31.14	-13.7	-4.267728	5.8635178	6.2583313	-63.420216	-4.270098	0.8	882500	24374.2548327446
353	-29.02	-29.02	-13.0	-4.2769713	5.8726993	5.603951	-66.653336	-4.2764306	0.8	885000	24442.002942800522
354	-29.4	-29.4	-8.099999	-4.2464085	5.8294873	8.938277	-64.631546	-4.2452283	1.0	887500	24511.762978553772
355	-34.44	-34.44	-12.1	-4.235543	5.8398557	7.592231	-60.240864	-4.2351646	0.9	890000	24580.772321224213
356	-32.78	-32.78	-10.5	-4.2254148	5.777207	7.577418	-65.97884	-4.2261314	1.0	892500	24648.673640727997
357	-30.56	-30.56	-7.0	-4.239364	5.806568	4.6807823	-73.07808	-4.240336	1.0	895000	24719.08744621277
358	-32.9	-32.9	-13.1	-4.3120203	5.9207163	7.1185694	-62.69041	-4.3128343	0.9	897500	24786.590629816055
359	-31.92	-31.92	-8.400001	-4.3291674	5.9599156	7.772914	-60.339603	-4.329364	1.0	900000	24856.87392640114
360	-32.22	-32.22	-9.900001	-4.317183	5.946711	19.568705	-61.619217	-4.3175735	1.0	902500	24924.60577082634
361	-28.92	-28.92	-9.099999	-4.293262	5.9175215	6.1204195	-64.42013	-4.2931185	0.9	905000	24994.72866511345
362	-27.02	-27.02	-16.199999	-4.293319	5.9753823	3.967236	-73.44899	-4.2942996	0.8	907500	25062.53022480011
363	-34.36	-34.36	-11.099999	-4.3291745	6.0025616	5.0472145	-76.33923	-4.3286514	1.0	910000	25130.192906856537
364	-32.94	-32.94	-11.9	-4.2700815	5.865199	9.361425	-66.5755	-4.2712755	0.9	912500	25198.590730190277
365	-29.9	-29.9	-11.099999	-4.3237767	5.9498777	12.628469	-68.177925	-4.32251	1.0	915000	25268.0337331295
366	-29.38	-29.38	-12.7	-4.36228	6.010677	6.094596	-64.23021	-4.361825	0.8	917500	25336.37794828415
367	-30.8	-30.8	-8.900001	-4.3475924	5.970371	9.618009	-62.315773	-4.347694	1.0	920000	25405.988116264343
368	-31.28	-31.28	-9.8	-4.3684196	6.013948	7.785744	-64.460655	-4.367123	1.0	922500	25477.335827350616
369	-28.94	-28.94	-9.2	-4.3706584	6.0255985	9.656338	-65.85305	-4.3691745	1.0	925000	25546.972170352936
370	-30.54	-30.54	-8.599999	-4.3584523	6.0155764	9.840999	-61.376328	-4.358412	1.0	927500	25616.176975250244
371	-32.44	-32.44	-13.9	-4.348632	5.986794	5.72639	-64.41192	-4.348673	0.8	930000	25684.37907743454
372	-32.66	-32.66	-11.7	-4.3553033	6.041911	19.495487	-62.953457	-4.356448	0.9	932500	25751.352390766144
373	-31.02	-31.02	-14.9	-4.3776364	6.0535583	5.283023	-69.76103	-4.377546	0.9	935000	25821.55559182167
374	-32.02	-32.02	-17.4	-4.3862686	6.0788627	6.3511057	-75.84835	-4.3855934	0.7	937500	25888.75246810913
375	-30.26	-30.26	-10.8	-4.373523	6.0990496	6.819278	-67.48876	-4.373745	0.9	940000	25957.2802734375
376	-34.04	-34.04	-13.2	-4.368358	6.0905943	10.085136	-64.35533	-4.3698354	0.8	942500	26024.71059155464
377	-30.42	-30.42	-8.5	-4.379382	6.1231427	6.049664	-67.36305	-4.3803444	0.9	945000	26093.451159238815
378	-30.28	-30.28	-9.599999	-4.385723	6.1198516	14.331247	-71.45144	-4.385832	0.9	947500	26164.18118739128
379	-32.3	-32.3	-11.2	-4.368279	6.071632	5.820067	-78.05036	-4.3675036	0.9	950000	26230.232249975204
380	-27.98	-27.98	-9.599999	-4.3645926	6.0638494	16.413681	-69.58289	-4.365014	1.0	952500	26298.54818367958
381	-29.88	-29.88	-9.599999	-4.319847	5.990594	9.849321	-77.18986	-4.320402	1.0	955000	26365.321486234665
382	-32.7	-32.7	-10.599999	-4.289859	5.947896	7.355337	-63.12152	-4.289608	0.9	957500	26435.52897286415
383	-31.98	-31.98	-15.2	-4.3252273	5.9584727	5.7611694	-66.42185	-4.326098	0.7	960000	26502.429753303528
384	-32.82	-32.82	-12.5	-4.320374	6.005247	7.488651	-74.01292	-4.3201137	0.9	962500	26568.405038833618
385	-27.32	-27.32	-12.8	-4.31837	5.983335	5.110432	-75.29499	-4.31867	0.9	965000	26636.536450386047
386	-30.28	-30.28	-11.8	-4.3461633	6.014348	8.252222	-70.06994	-4.3445525	0.9	967500	26702.54276251793
387	-29.5	-29.5	-14.4	-4.339208	6.01008	5.1637583	-61.3625	-4.339033	0.9	970000	26772.283646583557
388	-30.28	-30.28	-9.8	-4.328061	5.9915457	7.7103124	-64.78268	-4.328546	1.0	972500	26840.025161266327
389	-33.78	-33.78	-11.0	-4.331393	5.96126	4.823038	-61.785744	-4.3318267	1.0	975000	26908.488701820374
390	-30.38	-30.38	-10.599999	-4.3093762	5.9022484	6.318783	-72.552025	-4.308675	1.0	977500	26977.310750484467
391	-31.3	-31.3	-14.5	-4.3072224	5.943017	4.763399	-75.1212	-4.3076487	0.8	980000	27045.98508644104
392	-25.46	-25.46	-16.1	-4.2960978	5.932737	7.2888412	-63.878124	-4.2951345	0.8	982500	27111.73408317566
393	-28.32	-28.32	-10.599999	-4.2680473	5.9693604	6.1186166	-70.46912	-4.2674084	0.9	985000	27179.110663175583
394	-33.42	-33.42	-10.2	-4.2604566	5.834749	8.098188	-81.53027	-4.260003	1.0	987500	27247.49558377266
395	-30.8	-30.8	-9.7	-4.294313	5.9105067	6.4671288	-62.55742	-4.2951455	1.0	990000	27313.480255126953
396	-32.0	-32.0	-8.8	-4.3366036	5.933017	22.742079	-68.8626	-4.336645	1.0	992500	27382.76454615593
397	-33.28	-33.28	-11.9	-4.3242006	5.91887	6.6438036	-67.560425	-4.3223376	0.9	995000	27450.353095769882
398	-31.22	-31.22	-8.599999	-4.3524694	5.974117	11.847729	-64.34202	-4.351085	1.0	997500	27518.99650001526
399	-30.64	-30.64	-9.400001	-4.3359985	5.912838	24.779694	-68.796745	-4.3364687	1.0	1000000	27588.65264415741
400	-30.02	-30.02	-13.6	-4.379078	6.0233374	4.3388777	-75.05411	-4.378642	0.8	1002500	27659.23276090622
401	-34.26	-34.26	-12.6	-4.395839	6.007991	6.025511	-77.42864	-4.396605	0.9	1005000	27729.140620708466
402	-28.26	-28.26	-18.5	-4.4203243	6.041882	5.88708	-63.86897	-4.420468	0.8	1007500	27795.740691900253
403	-35.28	-35.28	-14.0	-4.402496	6.000959	6.8264227	-66.04291	-4.4030814	0.8	1010000	27865.79686975479
404	-31.2	-31.2	-9.8	-4.409553	6.0345583	8.170118	-61.255455	-4.409492	1.0	1012500	27931.69863510132
405	-30.62	-30.62	-14.5	-4.357678	5.992455	7.3950624	-64.055145	-4.359654	0.9	1015000	28000.976412534714
406	-32.86	-32.86	-10.2	-4.352446	5.94574	11.097155	-62.306698	-4.35211	1.0	1017500	28069.91842150688
407	-28.2	-28.2	-9.0	-4.3964486	5.98474	5.288268	-62.992558	-4.397504	1.0	1020000	28136.41353225708
408	-31.64	-31.64	-8.5	-4.376111	5.9574275	4.7325926	-64.3688	-4.374792	1.0	1022500	28205.67495250702
409	-27.9	-27.9	-12.4	-4.386473	5.981343	5.2160797	-67.784615	-4.3878717	0.9	1025000	28276.333481788635
410	-32.5	-32.5	-9.0	-4.4736395	6.07219	7.9606714	-65.78838	-4.473799	1.0	1027500	28348.883913755417
411	-29.7	-29.7	-9.599999	-4.3970094	6.002104	8.246592	-64.06076	-4.3973904	1.0	1030000	28420.107501506805
412	-31.16	-31.16	-13.0	-4.3951797	5.992887	5.1925974	-67.14006	-4.395521	0.9	1032500	28488.732364416122
413	-29.66	-29.66	-8.5	-4.467145	6.109293	5.6361094	-62.06567	-4.4674506	1.0	1035000	28558.51644229889
414	-29.56	-29.56	-10.5	-4.457698	6.0951266	5.875264	-63.886257	-4.458524	1.0	1037500	28628.785099744797
415	-28.5	-28.5	-9.400001	-4.4718575	6.05524	4.9913387	-62.837643	-4.472947	1.0	1040000	28698.70512866974
416	-28.84	-28.84	-12.0	-4.5064807	6.112594	5.537057	-63.570114	-4.507361	0.9	1042500	28767.924337625504
417	-31.24	-31.24	-14.1	-4.434893	6.057481	14.794112	-67.053635	-4.4354305	0.9	1045000	28839.308814048767
418	-30.66	-30.66	-9.8	-4.401879	6.037207	17.37496	-63.620403	-4.4010696	1.0	1047500	28911.4884288311
419	-32.52	-32.52	-11.7	-4.3999825	6.0498543	5.6002526	-64.57416	-4.4006815	0.9	1050000	28982.17088508606
420	-34.12	-34.12	-8.5	-4.360694	5.9268246	8.647802	-72.53135	-4.360278	1.0	1052500	29051.440828323364
421	-26.12	-26.12	-10.5	-4.3842907	6.0232944	11.787074	-64.8445	-4.3839984	0.9	1055000	29119.663554430008
422	-27.38	-27.38	-9.7	-4.334033	5.986991	7.7495894	-65.48737	-4.332921	0.9	1057500	29191.159212589264
423	-32.9	-32.9	-13.1	-4.35916	5.9585924	6.3569727	-72.613045	-4.3579965	0.9	1060000	29262.031944036484
424	-30.96	-30.96	-25.6	-4.4202538	6.051957	11.362263	-61.8146	-4.4194446	0.5	1062500	29334.912532567978
425	-33.78	-33.78	-10.5	-4.3873477	6.0371556	15.713306	-62.873768	-4.388232	1.0	1065000	29405.969311237335
426	-33.36	-33.36	-11.3	-4.4165096	6.055803	6.5168443	-79.20152	-4.415676	0.9	1067500	29476.781220197678
427	-29.06	-29.06	-9.599999	-4.409259	6.016944	6.5380535	-70.95193	-4.4098506	0.8	1070000	29548.14073395729
428	-29.84	-29.84	-12.0	-4.383656	6.048388	8.052332	-81.20984	-4.3828917	0.9	1072500	29618.246068000793
429	-31.06	-31.06	-10.400001	-4.4184666	6.166682	13.059189	-69.110794	-4.418943	0.9	1075000	29687.880786180496
430	-31.8	-31.8	-10.900001	-4.4419837	6.150557	6.7332954	-85.40645	-4.4401436	1.0	1077500	29760.672446250916
431	-28.76	-28.76	-10.3	-4.414831	6.099222	10.3839655	-63.056786	-4.4147015	1.0	1080000	29831.081255674362
432	-33.52	-33.52	-9.400001	-4.411879	6.0911636	8.255411	-66.67501	-4.4122376	0.9	1082500	29902.333897829056
433	-31.68	-31.68	-9.5	-4.4406385	6.1599846	8.390723	-64.7648	-4.4401546	1.0	1085000	29974.279007196426
434	-29.02	-29.02	-13.2	-4.433272	6.160359	5.47974	-83.35731	-4.4336405	0.8	1087500	30045.512246131897
435	-30.18	-30.18	-9.8	-4.4255195	6.1014123	4.0602574	-71.928406	-4.4251943	1.0	1090000	30117.319891929626
436	-29.04	-29.04	-9.3	-4.4666896	6.1594987	4.542994	-69.59328	-4.4672256	1.0	1092500	30189.223977327347
437	-30.06	-30.06	-14.6	-4.4404283	6.174232	10.343754	-63.23976	-4.4397244	0.8	1095000	30262.092007160187
438	-33.54	-33.54	-8.5	-4.428863	6.1138144	8.064206	-61.22094	-4.427813	1.0	1097500	30333.59631896019
439	-30.26	-30.26	-12.5	-4.431987	6.094841	5.3885984	-75.38976	-4.4334674	0.9	1100000	30404.792240142822
440	-29.34	-29.34	-10.8	-4.4469047	6.1019197	5.48104	-61.659073	-4.446918	0.9	1102500	30474.641484737396
441	-30.44	-30.44	-11.9	-4.478474	6.1548295	11.9166565	-67.5176	-4.477935	0.9	1105000	30543.66935801506
442	-29.46	-29.46	-12.2	-4.429956	6.1136427	12.918146	-70.17398	-4.4288063	0.9	1107500	30611.307813167572
443	-33.38	-33.38	-8.5	-4.434507	6.138171	14.326584	-71.133286	-4.4342856	1.0	1110000	30683.583936929703
444	-24.88	-24.88	-11.099999	-4.377868	6.0829163	6.951696	-62.204285	-4.3785863	0.9	1112500	30754.88489294052
445	-25.6	-25.6	-14.6	-4.44032	6.1735396	16.203428	-62.1481	-4.4416537	0.7	1115000	30825.484377861023
446	-31.64	-31.64	-15.4	-4.4425683	6.1724553	8.941955	-67.63194	-4.443414	0.8	1117500	30898.339827299118
447	-34.24	-34.24	-9.900001	-4.434593	6.1303673	21.831982	-80.05967	-4.43362	1.0	1120000	30969.246734142303
448	-34.14	-34.14	-9.900001	-4.4558845	6.1503663	9.099823	-84.416115	-4.4562755	0.9	1122500	31041.018805503845
449	-31.36	-31.36	-11.400001	-4.4298944	6.116905	7.3596735	-61.870544	-4.429994	0.9	1125000	31111.152292251587
450	-31.34	-31.34	-9.2	-4.4953504	6.1932406	5.0285788	-65.24226	-4.4968534	1.0	1127500	31182.297186374664
451	-29.58	-29.58	-11.5	-4.511076	6.260828	13.3700285	-60.83014	-4.51215	0.8	1130000	31254.483530044556
452	-29.98	-29.98	-11.9	-4.4856644	6.2686853	8.209164	-61.49542	-4.486316	0.9	1132500	31326.75661921501
453	-31.86	-31.86	-10.0	-4.421321	6.147992	7.337472	-67.79997	-4.42037	1.0	1135000	31398.704176425934
454	-33.38	-33.38	-8.599999	-4.433089	6.12295	11.8749695	-64.388145	-4.4327846	1.0	1137500	31468.828934907913
455	-34.54	-34.54	-11.2	-4.4716234	6.180623	5.450748	-79.27584	-4.468384	0.9	1140000	31538.575300455093
456	-32.0	-32.0	-13.4	-4.423206	6.1211944	5.5694456	-73.82779	-4.4240746	0.7	1142500	31609.42320752144
457	-32.08	-32.08	-13.4	-4.41674	6.1209106	6.320818	-64.8145	-4.4177337	0.9	1145000	31678.396396398544
458	-32.28	-32.28	-11.599999	-4.42801	6.1525803	21.767998	-77.768295	-4.4284277	0.9	1147500	31747.671905755997
459	-30.8	-30.8	-11.400001	-4.4184194	6.123193	6.5225487	-81.01765	-4.4189057	1.0	1150000	31814.712866544724
460	-26.14	-26.14	-17.9	-4.4183235	6.1577597	5.626329	-65.11219	-4.4182267	0.7	1152500	31880.546224832535
461	-29.4	-29.4	-9.900001	-4.4612665	6.239017	8.930011	-72.618645	-4.4624524	1.0	1155000	31947.96893429756
462	-31.36	-31.36	-6.3	-4.4638734	6.2943797	10.102234	-69.09845	-4.4628425	1.0	1157500	32014.902546167374
463	-28.24	-28.24	-12.4	-4.490688	6.320473	7.1247554	-61.341587	-4.4909787	0.9	1160000	32084.12632393837
464	-28.08	-28.08	-10.0	-4.433344	6.2445464	11.14414	-77.950966	-4.4331255	0.9	1162500	32150.54713153839
465	-32.04	-32.04	-14.4	-4.4260626	6.250466	5.4916697	-69.882095	-4.428502	0.9	1165000	32215.528235197067
466	-32.88	-32.88	-10.900001	-4.4124193	6.1965995	5.7891636	-69.67705	-4.411182	0.9	1167500	32284.03633904457
467	-29.06	-29.06	-16.6	-4.4297676	6.2452736	5.6255293	-65.92944	-4.428885	0.6	1170000	32350.147138834
468	-28.52	-28.52	-14.4	-4.4022174	6.2096496	8.016653	-61.637383	-4.403738	0.9	1172500	32416.45254588127
469	-29.5	-29.5	-9.599999	-4.36672	6.1356034	7.893834	-63.560184	-4.3669734	1.0	1175000	32484.43155169487
470	-29.36	-29.36	-9.5	-4.353345	6.1192007	6.1668196	-63.098766	-4.3537765	1.0	1177500	32549.49112391472
471	-29.52	-29.52	-17.699999	-4.3509703	6.152031	4.8230762	-62.85887	-4.349733	0.8	1180000	32617.093610048294
472	-32.38	-32.38	-12.1	-4.321049	6.116752	10.065704	-67.97822	-4.3201985	0.9	1182500	32685.31138420105
473	-31.32	-31.32	-8.400001	-4.3350377	6.1115327	8.549346	-68.92507	-4.3370633	1.0	1185000	32752.2810819149
474	-31.6	-31.6	-12.4	-4.365348	6.128679	10.955309	-73.03904	-4.366663	0.9	1187500	32819.33365106583
475	-29.36	-29.36	-10.0	-4.288298	6.0559716	8.478228	-65.47784	-4.2884283	1.0	1190000	32886.43170714378
476	-30.26	-30.26	-12.1	-4.301279	6.114552	7.1740646	-65.38966	-4.3031363	0.6	1192500	32954.37472033501
477	-28.1	-28.1	-12.2	-4.303772	6.09848	7.7713385	-70.61238	-4.3031073	0.9	1195000	33019.133152484894
478	-33.54	-33.54	-13.3	-4.30323	6.1095595	5.4672346	-91.567635	-4.3055534	0.9	1197500	33087.1451189518
479	-29.08	-29.08	-12.0	-4.351845	6.1666555	11.490737	-66.90525	-4.349534	0.9	1200000	33154.45288300514
480	-27.44	-27.44	-15.3	-4.3815246	6.2082047	5.417238	-62.195076	-4.3829484	0.9	1202500	33220.17109107971
481	-35.46	-35.46	-17.199999	-4.3803163	6.17576	6.8962917	-72.7503	-4.379558	0.8	1205000	33287.43843793869
482	-27.88	-27.88	-9.900001	-4.305723	6.0557976	7.133937	-71.02832	-4.304606	1.0	1207500	33352.34205889702
483	-27.84	-27.84	-7.1	-4.2544794	6.008467	6.357067	-63.14843	-4.253456	1.0	1210000	33418.29454135895
484	-35.68	-35.68	-6.8	-4.297664	6.1072435	5.694854	-60.49759	-4.2983656	1.0	1212500	33483.16861438751
485	-31.5	-31.5	-9.599999	-4.3227787	6.1487994	7.0304613	-66.24869	-4.3236446	1.0	1215000	33550.59592151642
486	-31.82	-31.82	-16.5	-4.34024	6.1561503	5.332058	-70.45461	-4.3404064	0.8	1217500	33617.39036011696
487	-27.24	-27.24	-20.1	-4.3424015	6.169638	6.219813	-71.31014	-4.3427744	0.7	1220000	33684.701050043106
488	-33.52	-33.52	-12.4	-4.268279	6.1152143	11.734145	-65.61946	-4.268138	0.9	1222500	33750.67301154137
489	-27.96	-27.96	-11.3	-4.26378	6.1045637	6.676299	-77.34585	-4.2622023	0.9	1225000	33818.24533486366
490	-32.28	-32.28	-10.400001	-4.2577605	6.053454	15.483935	-65.07595	-4.256923	1.0	1227500	33881.25788354874
491	-31.22	-31.22	-21.6	-4.2649765	6.0453	6.815242	-61.735165	-4.265623	0.7	1230000	33944.99984383583
492	-31.74	-31.74	-12.0	-4.241158	5.982484	8.682013	-62.850124	-4.2395787	0.9	1232500	34007.357469558716
493	-29.78	-29.78	-10.8	-4.214249	5.9187555	5.93703	-63.378372	-4.2154584	0.9	1235000	34070.43574619293
494	-30.46	-30.46	-11.099999	-4.2500467	5.991696	8.082438	-60.759777	-4.250904	1.0	1237500	34134.37777590752
495	-27.94	-27.94	-8.0	-4.241701	6.001355	5.4816494	-60.8457	-4.2420974	1.0	1240000	34196.776408433914
496	-25.92	-25.92	-16.6	-4.2242026	5.949816	5.8904276	-64.77419	-4.223184	0.9	1242500	34260.293541669846
497	-31.12	-31.12	-17.300001	-4.2564683	5.9905148	13.060451	-65.33417	-4.257594	0.7	1245000	34325.03605079651
498	-27.86	-27.86	-9.099999	-4.215182	5.959037	5.9798555	-64.78244	-4.21256	0.9	1247500	34389.73652124405
499	-30.2	-30.2	-13.3	-4.201137	5.9014177	6.8550777	-71.01645	-4.199914	0.8	1250000	34452.72019195557
