Epoch	EpRet	EpRealRet	TestEpRet	AverageQ1	StdQ1	MaxQ1	MinQ1	Q2	TestSuccess	TotalEnvInteracts	TotalTime
0	-48.0	-48.0	-50.0	-1.7058403	3.191774	1.4122688	-25.306898	nan	0.0	2500	50.92888617515564
1	-46.0	-46.0	-45.0	-3.2966666	7.0412955	0.6785563	-39.10467	nan	0.1	5000	118.57116794586182
2	-48.0	-48.0	-50.0	-4.60781	9.972509	1.2000097	-55.60083	nan	0.0	7500	185.69022011756897
3	-49.0	-49.0	-50.0	-5.0616136	11.131374	0.6753694	-49.87787	nan	0.0	10000	250.08321952819824
4	-48.86	-48.86	-45.0	-5.426363	11.88736	1.7374542	-50.279022	nan	0.1	12500	312.4841077327728
5	-50.0	-50.0	-45.0	-5.773606	12.5679655	1.5152925	-51.049255	nan	0.1	15000	375.1665859222412
6	-47.0	-47.0	-50.0	-6.01067	13.116963	1.7679027	-51.101707	nan	0.0	17500	436.5404028892517
7	-48.0	-48.0	-45.0	-6.1658263	13.389528	6.3012576	-64.87489	nan	0.1	20000	496.96588110923767
8	-49.0	-49.0	-50.0	-6.4478793	13.831088	5.791052	-57.398556	nan	0.0	22500	556.4134485721588
9	-48.9	-48.9	-50.0	-6.7887726	14.430633	7.002246	-65.93218	nan	0.0	25000	616.6883327960968
10	-46.0	-46.0	-45.0	-7.0617633	14.912576	5.9515357	-57.89769	nan	0.1	27500	676.5638453960419
11	-45.34	-45.34	-50.0	-7.044685	14.972193	3.672326	-62.613342	nan	0.0	30000	738.5590364933014
12	-49.0	-49.0	-50.0	-6.878402	14.678705	2.5982666	-70.47049	nan	0.0	32500	800.3756861686707
13	-47.0	-47.0	-50.0	-6.7805552	14.444162	8.426252	-71.67222	nan	0.0	35000	862.1480076313019
14	-48.0	-48.0	-50.0	-6.890189	14.596213	6.463767	-61.833622	nan	0.0	37500	922.6622807979584
15	-49.0	-49.0	-50.0	-6.969893	14.732928	7.613428	-64.32937	nan	0.0	40000	982.9480607509613
16	-47.0	-47.0	-50.0	-6.8659396	14.588518	4.395953	-58.46707	nan	0.0	42500	1043.7633168697357
17	-49.5	-49.5	-50.0	-6.8658786	14.602893	2.5600224	-56.69982	nan	0.0	45000	1105.1360323429108
18	-49.56	-49.56	-50.0	-7.0871677	14.920505	4.7682004	-55.804916	nan	0.0	47500	1166.6390283107758
19	-47.0	-47.0	-50.0	-7.127221	15.0318365	12.925259	-61.94578	nan	0.0	50000	1227.245965719223
20	-45.0	-45.0	-50.0	-7.2256236	15.158469	4.245655	-63.593086	nan	0.0	52500	1287.8244230747223
21	-48.84	-48.84	-45.0	-7.1955986	15.149252	4.2128954	-59.782887	nan	0.1	55000	1348.5707342624664
22	-47.0	-47.0	-40.0	-7.0918155	14.989929	5.5511775	-64.30166	nan	0.2	57500	1409.3030762672424
23	-48.92	-48.92	-45.0	-6.923456	14.690038	7.5741596	-64.27477	nan	0.1	60000	1470.044813156128
24	-49.0	-49.0	-50.0	-6.780101	14.37163	3.9379487	-57.872772	nan	0.0	62500	1530.873010635376
25	-49.0	-49.0	-45.0	-6.6259847	14.056856	5.217929	-58.10633	nan	0.1	65000	1592.5007102489471
26	-49.0	-49.0	-50.0	-6.580422	13.97275	4.6451874	-60.453976	nan	0.0	67500	1653.9669377803802
27	-48.0	-48.0	-50.0	-6.5981812	14.011392	5.367865	-59.046406	nan	0.0	70000	1714.7772896289825
28	-49.0	-49.0	-50.0	-6.614001	13.959257	4.8174176	-55.66753	nan	0.0	72500	1775.4259564876556
29	-49.62	-49.62	-50.0	-6.452223	13.633484	3.2646823	-59.24091	nan	0.0	75000	1836.0605804920197
30	-49.0	-49.0	-45.0	-6.297406	13.278644	6.2463636	-54.321213	nan	0.1	77500	1897.226951122284
31	-46.04	-46.04	-39.5	-6.2671638	13.13205	6.9285326	-56.881893	nan	0.2	80000	1958.5520458221436
32	-46.9	-46.9	-41.0	-5.19525	10.9423895	5.4855103	-57.836422	nan	0.2	82500	2021.2993454933167
33	-49.28	-49.28	-45.0	-4.9151998	10.218817	4.4240203	-55.024567	nan	0.1	85000	2084.0007824897766
34	-43.26	-43.26	-45.0	-5.2038817	10.765653	4.021736	-53.58942	nan	0.1	87500	2144.6558492183685
35	-46.0	-46.0	-50.0	-5.595916	11.586162	3.9192944	-54.41167	nan	0.0	90000	2205.7798013687134
36	-49.0	-49.0	-50.0	-6.1491003	12.660583	7.599127	-60.621452	nan	0.0	92500	2266.925469636917
37	-49.0	-49.0	-50.0	-6.495997	13.402573	5.1095552	-56.8493	nan	0.0	95000	2327.7711074352264
38	-46.64	-46.64	-50.0	-6.246814	13.034611	5.2269607	-57.299797	nan	0.0	97500	2389.0045969486237
39	-50.0	-50.0	-45.0	-6.070707	12.754807	3.8222208	-56.418114	nan	0.1	100000	2450.1385445594788
40	-50.0	-50.0	-46.399998	-6.3163276	13.175967	4.5121946	-55.72815	nan	0.1	102500	2510.656829595566
41	-48.0	-48.0	-50.0	-6.4943085	13.507994	4.0778093	-55.29622	nan	0.0	105000	2570.658761024475
42	-48.64	-48.64	-50.0	-6.7034693	13.87861	3.985228	-61.036816	nan	0.0	107500	2630.771457195282
43	-50.0	-50.0	-45.0	-6.7882266	14.073059	5.5005674	-57.762436	nan	0.1	110000	2691.99747133255
44	-50.0	-50.0	-45.0	-6.7630525	14.08653	3.3976526	-55.182396	nan	0.1	112500	2752.6240367889404
45	-48.0	-48.0	-50.0	-6.7245803	14.056274	4.9311175	-54.922028	nan	0.0	115000	2813.4946043491364
46	-47.0	-47.0	-40.7	-6.660446	13.966388	4.8117743	-53.481087	nan	0.2	117500	2874.6224269866943
47	-49.0	-49.0	-50.0	-6.5975947	13.8495	4.442074	-69.39231	nan	0.0	120000	2935.2270832061768
48	-48.8	-48.8	-45.0	-6.4287596	13.54118	4.9241915	-53.969894	nan	0.1	122500	2995.158593893051
49	-47.4	-47.4	-50.0	-6.4926066	13.562388	4.0929885	-59.93088	nan	0.0	125000	3055.524956226349
50	-48.0	-48.0	-50.0	-6.4896245	13.54873	4.7005854	-54.62183	nan	0.0	127500	3115.3416969776154
51	-49.48	-49.48	-36.5	-6.4361963	13.482045	5.200355	-55.874046	nan	0.3	130000	3174.0942730903625
52	-46.84	-46.84	-50.0	-6.3776383	13.33906	6.131222	-54.440544	nan	0.0	132500	3234.072037220001
53	-47.0	-47.0	-45.0	-6.222014	13.110287	4.537672	-55.694862	nan	0.1	135000	3294.318583250046
54	-50.0	-50.0	-50.0	-6.168149	12.96142	4.468355	-56.357536	nan	0.0	137500	3357.216337442398
55	-48.28	-48.28	-50.0	-5.7937717	12.212137	4.736504	-57.728077	nan	0.0	140000	3417.617217063904
56	-48.84	-48.84	-50.0	-5.358497	11.333045	5.5098205	-59.696003	nan	0.0	142500	3478.383707523346
57	-48.0	-48.0	-49.6	-5.467255	11.447057	8.265001	-56.002373	nan	0.0	145000	3538.609575986862
58	-48.0	-48.0	-50.0	-5.8689017	12.140272	5.0373344	-57.40094	nan	0.0	147500	3598.632976293564
59	-46.12	-46.12	-50.0	-6.1484904	12.67916	3.1667247	-55.717407	nan	0.0	150000	3659.2034668922424
60	-49.76	-49.76	-46.8	-6.1223464	12.882104	8.359363	-55.173763	nan	0.1	152500	3719.0462477207184
61	-48.0	-48.0	-50.0	-6.136301	12.944527	6.7977495	-61.265446	nan	0.0	155000	3780.1406633853912
62	-50.0	-50.0	-50.0	-6.1507688	12.987912	4.893132	-58.733036	nan	0.0	157500	3841.019186973572
63	-48.92	-48.92	-50.0	-6.319851	13.260825	5.606595	-55.85889	nan	0.0	160000	3900.834174633026
64	-47.88	-47.88	-50.0	-6.4090943	13.506776	6.879928	-54.763493	nan	0.0	162500	3960.6557252407074
65	-45.98	-45.98	-50.0	-6.4084716	13.527787	7.6883383	-57.062004	nan	0.0	165000	4020.9378502368927
66	-46.0	-46.0	-49.8	-6.1666403	13.032469	6.3064322	-56.35495	nan	0.0	167500	4081.3471331596375
67	-48.12	-48.12	-50.0	-5.675201	11.964117	5.482216	-58.973827	nan	0.0	170000	4141.783148050308
68	-47.0	-47.0	-50.0	-5.0763626	10.555176	6.159598	-57.78164	nan	0.0	172500	4201.868213176727
69	-49.0	-49.0	-50.0	-5.0937414	10.442888	9.556279	-59.80907	nan	0.0	175000	4263.134193181992
70	-47.7	-47.7	-49.5	-5.327629	10.945563	8.629566	-62.03422	nan	0.0	177500	4322.913486003876
71	-46.52	-46.52	-50.0	-5.6221557	11.599521	5.957258	-55.90233	nan	0.0	180000	4383.524263620377
72	-47.82	-47.82	-50.0	-5.952785	12.343205	10.488884	-63.864964	nan	0.0	182500	4444.450696229935
73	-49.06	-49.06	-50.0	-6.237521	12.916918	7.1338086	-66.67164	nan	0.0	185000	4503.484512805939
74	-49.68	-49.68	-50.0	-6.365857	13.2139	11.335714	-60.79584	nan	0.0	187500	4564.008677005768
75	-48.1	-48.1	-50.0	-6.3530307	13.292879	6.816672	-55.301495	nan	0.0	190000	4624.8635947704315
76	-45.62	-45.62	-45.0	-6.309641	13.332752	9.250126	-53.536175	nan	0.1	192500	4685.5351395606995
77	-47.52	-47.52	-42.0	-6.0487285	13.046827	9.745621	-54.66643	nan	0.2	195000	4746.424001455307
78	-44.64	-44.64	-46.2	-5.7608747	12.697982	11.715363	-55.136253	nan	0.1	197500	4807.07586312294
79	-46.18	-46.18	-49.9	-5.637837	12.402267	13.111481	-53.997368	nan	0.0	200000	4867.78023648262
80	-49.86	-49.86	-50.0	-5.723517	12.312174	5.330927	-57.14751	nan	0.0	202500	4928.5923500061035
81	-46.64	-46.64	-50.0	-5.9669075	12.595081	3.5552511	-55.924786	nan	0.0	205000	4988.311532497406
82	-48.36	-48.36	-50.0	-6.1609583	12.909262	3.6585617	-54.892166	nan	0.0	207500	5047.669549226761
83	-46.64	-46.64	-49.0	-6.2746177	13.173075	2.3691497	-59.373634	nan	0.0	210000	5106.952861070633
84	-49.44	-49.44	-40.0	-6.3275304	13.327205	2.0030246	-57.174713	nan	0.2	212500	5167.583465576172
85	-44.5	-44.5	-44.899998	-6.2944107	13.316877	1.8521686	-57.35927	nan	0.1	215000	5227.116802692413
86	-48.46	-48.46	-47.0	-6.194401	13.181569	1.9641685	-57.555077	nan	0.1	217500	5286.88157749176
87	-44.1	-44.1	-46.5	-6.1330132	13.101755	3.5020356	-54.309486	nan	0.1	220000	5346.77615070343
88	-49.7	-49.7	-50.0	-6.098448	13.05801	3.1128926	-54.2476	nan	0.0	222500	5406.757747888565
89	-48.7	-48.7	-49.5	-6.1136317	13.039151	3.252633	-54.418037	nan	0.0	225000	5466.872502326965
90	-47.24	-47.24	-50.0	-6.055009	12.886112	2.4759402	-55.23047	nan	0.0	227500	5526.55327129364
91	-48.64	-48.64	-50.0	-6.0557513	12.806537	11.116144	-66.43423	nan	0.0	230000	5586.595705509186
92	-47.16	-47.16	-45.8	-6.101016	12.810023	6.514756	-58.49563	nan	0.1	232500	5645.951828479767
93	-45.92	-45.92	-40.5	-6.100421	12.795473	2.027277	-57.055298	nan	0.2	235000	5705.392667770386
94	-45.38	-45.38	-45.0	-6.064899	12.775497	2.0322738	-61.85124	nan	0.1	237500	5764.817891359329
95	-46.14	-46.14	-45.0	-6.094371	12.798846	3.3550348	-56.90942	nan	0.1	240000	5825.879851818085
96	-48.14	-48.14	-43.8	-6.1302576	12.859559	3.7083244	-58.84092	nan	0.2	242500	5886.501772642136
97	-46.96	-46.96	-50.0	-6.101716	12.716854	1.7441912	-54.96778	nan	0.0	245000	5946.320950984955
98	-46.68	-46.68	-50.0	-6.031821	12.623636	3.0390768	-55.657837	nan	0.0	247500	6006.508463382721
99	-47.04	-47.04	-49.4	-6.059667	12.7069235	2.552724	-56.978607	nan	0.0	250000	6065.634738445282
100	-46.74	-46.74	-49.7	-6.1053667	12.795221	2.6583023	-56.763805	nan	0.0	252500	6125.829221487045
101	-47.98	-47.98	-46.5	-5.905719	12.516334	2.9659157	-55.280468	nan	0.1	255000	6184.657175779343
102	-44.4	-44.4	-40.899998	-5.8687377	12.531629	2.3561306	-58.14049	nan	0.2	257500	6244.320016384125
103	-46.4	-46.4	-45.0	-6.000429	12.764443	2.1715584	-57.935738	nan	0.1	260000	6304.204255104065
104	-46.28	-46.28	-50.0	-6.051759	12.893564	2.0955772	-55.436314	nan	0.0	262500	6364.006690979004
105	-46.42	-46.42	-50.0	-6.0690775	12.965965	1.9963045	-57.633682	nan	0.0	265000	6424.2011282444
106	-46.92	-46.92	-49.9	-6.0296555	12.905268	2.0646906	-56.03194	nan	0.0	267500	6484.071033716202
107	-46.36	-46.36	-50.0	-6.0768986	12.94452	1.828229	-55.98566	nan	0.0	270000	6544.871125221252
108	-46.18	-46.18	-45.0	-6.0587826	12.921277	1.6354265	-54.765675	nan	0.1	272500	6605.049388408661
109	-46.32	-46.32	-40.7	-6.056224	12.903124	1.5482073	-55.288425	nan	0.2	275000	6665.303623199463
110	-43.42	-43.42	-42.5	-6.0346403	12.833375	2.3382053	-52.956207	nan	0.2	277500	6725.310187101364
111	-46.14	-46.14	-49.1	-5.9068017	12.5570965	2.0341768	-52.875305	nan	0.0	280000	6785.336708545685
112	-46.14	-46.14	-42.5	-5.660203	11.881233	2.8147202	-53.46205	nan	0.2	282500	6847.084415912628
113	-44.94	-44.94	-41.100002	-5.399597	11.161272	2.2416525	-52.643967	nan	0.2	285000	6908.032440662384
114	-46.72	-46.72	-46.100002	-5.296166	10.88232	1.764658	-54.515385	nan	0.1	287500	6969.063204050064
115	-45.9	-45.9	-38.2	-5.369786	11.132358	1.998621	-53.760384	nan	0.2	290000	7030.91571354866
116	-46.52	-46.52	-42.0	-5.5135407	11.52269	1.8893919	-55.12787	nan	0.2	292500	7092.608232498169
117	-46.0	-46.0	-47.3	-5.6573114	11.868427	2.028041	-54.80484	nan	0.1	295000	7154.285890340805
118	-46.04	-46.04	-38.899998	-5.683997	11.992761	2.7502728	-57.94554	nan	0.3	297500	7215.874967098236
119	-44.34	-44.34	-50.0	-5.730134	12.0875435	2.1479921	-58.040936	nan	0.0	300000	7276.608608484268
120	-44.94	-44.94	-41.2	-5.786194	12.225688	2.1192389	-55.737812	nan	0.3	302500	7337.285923957825
121	-46.22	-46.22	-45.2	-5.8496084	12.349615	2.2179604	-54.75424	nan	0.1	305000	7397.560140609741
122	-42.92	-42.92	-30.4	-5.820953	12.397103	2.9262676	-56.58664	nan	0.5	307500	7458.072946071625
123	-44.56	-44.56	-39.3	-5.8911347	12.561298	2.6784115	-58.26401	nan	0.3	310000	7518.736084222794
124	-42.9	-42.9	-39.7	-5.868792	12.537907	2.641859	-57.926216	nan	0.2	312500	7578.575294494629
125	-43.18	-43.18	-37.100002	-5.8635726	12.557974	2.2807617	-55.564156	nan	0.4	315000	7637.942412376404
126	-43.02	-43.02	-47.3	-5.820941	12.516445	3.3299522	-53.72054	nan	0.1	317500	7696.674781799316
127	-41.92	-41.92	-46.100002	-5.7227135	12.359151	2.4951382	-52.21156	nan	0.1	320000	7757.598930835724
128	-43.9	-43.9	-42.2	-5.4535794	11.698477	2.7766838	-52.871067	nan	0.2	322500	7817.810584068298
129	-48.28	-48.28	-42.3	-4.7596507	9.823048	1.843811	-53.97983	nan	0.3	325000	7878.471626281738
130	-44.76	-44.76	-42.399998	-4.0502095	7.8809032	2.4234982	-50.96218	nan	0.2	327500	7938.970097064972
131	-46.24	-46.24	-46.8	-3.9310145	7.4843493	2.5567522	-51.443336	nan	0.1	330000	7999.033149719238
132	-45.02	-45.02	-46.0	-4.1729255	7.983949	1.9326363	-53.43995	nan	0.1	332500	8058.399896144867
133	-43.54	-43.54	-46.100002	-4.354445	8.364305	3.6105642	-49.583305	nan	0.1	335000	8119.157116889954
134	-45.4	-45.4	-44.100002	-4.4426837	8.601402	3.0414543	-53.903183	nan	0.2	337500	8179.781506061554
135	-48.26	-48.26	-33.600002	-4.674013	9.1685295	4.9150143	-56.804234	nan	0.4	340000	8241.079707860947
136	-47.14	-47.14	-42.7	-4.9453516	9.855598	1.8579979	-53.827705	nan	0.2	342500	8301.783214569092
137	-44.3	-44.3	-42.7	-5.1613646	10.406003	2.3643942	-58.054344	nan	0.2	345000	8362.530057907104
138	-45.68	-45.68	-36.2	-5.267728	10.750998	2.6688395	-54.767918	nan	0.3	347500	8423.095078229904
139	-47.12	-47.12	-39.0	-5.282934	10.808656	2.615242	-53.73485	nan	0.3	350000	8484.03384590149
140	-42.76	-42.76	-32.3	-5.3831425	11.00991	2.8507605	-56.959194	nan	0.6	352500	8544.723839759827
141	-48.42	-48.42	-50.0	-5.42231	11.131907	2.6951466	-55.252003	nan	0.0	355000	8605.743819475174
142	-47.84	-47.84	-36.600002	-5.3606577	11.0627365	2.4027538	-53.405197	nan	0.4	357500	8666.364075422287
143	-43.1	-43.1	-49.2	-5.3045874	10.850272	2.1302414	-50.395805	nan	0.0	360000	8728.361677408218
144	-44.1	-44.1	-37.8	-4.558981	8.949823	2.3637276	-47.510174	nan	0.3	362500	8790.566174507141
145	-42.48	-42.48	-45.399998	-3.8387835	6.7918777	2.5999317	-45.673542	nan	0.1	365000	8851.667207241058
146	-43.98	-43.98	-40.899998	-4.1099167	7.3870564	2.545617	-47.603436	nan	0.3	367500	8913.327058553696
147	-46.2	-46.2	-36.600002	-4.4467607	8.202737	2.2833614	-52.32789	nan	0.4	370000	8973.670099973679
148	-42.24	-42.24	-43.899998	-4.460401	8.362819	2.6433697	-57.31266	nan	0.3	372500	9033.73568367958
149	-41.38	-41.38	-42.2	-4.595047	8.819508	2.4303522	-57.769264	nan	0.2	375000	9094.293260097504
150	-43.88	-43.88	-42.8	-4.7884316	9.4524555	2.3406649	-66.30627	nan	0.2	377500	9153.797309160233
151	-38.44	-38.44	-35.600002	-5.023413	10.054565	2.927723	-58.986626	nan	0.4	380000	9214.028059244156
152	-41.74	-41.74	-33.2	-5.1442647	10.390878	3.1269798	-56.242264	nan	0.4	382500	9273.283965110779
153	-43.94	-43.94	-39.600002	-5.2417917	10.512619	3.1578608	-53.771744	nan	0.3	385000	9333.92016029358
154	-42.22	-42.22	-40.8	-5.102721	10.195873	2.258501	-54.26776	nan	0.2	387500	9395.524379253387
155	-42.1	-42.1	-40.100002	-4.783146	9.171983	2.8866405	-56.937656	nan	0.3	390000	9457.053506851196
156	-42.3	-42.3	-36.399998	-4.1501617	7.4657345	5.217019	-56.430485	nan	0.4	392500	9516.878484487534
157	-41.94	-41.94	-39.399998	-4.079595	7.2519846	2.8650227	-57.152584	nan	0.3	395000	9577.251387834549
158	-41.48	-41.48	-43.5	-4.13812	7.4319134	3.451376	-56.154076	nan	0.2	397500	9638.190119028091
159	-45.64	-45.64	-38.8	-4.225752	7.548675	4.007122	-56.599777	nan	0.3	400000	9699.160524129868
160	-39.5	-39.5	-42.3	-4.3584657	7.8630543	2.9511642	-64.21804	nan	0.2	402500	9758.493034362793
161	-43.08	-43.08	-39.5	-4.4495573	8.107651	2.5673485	-55.98841	nan	0.4	405000	9817.558100938797
162	-41.34	-41.34	-41.399998	-4.3818135	7.902695	2.9721127	-60.780357	nan	0.3	407500	9877.641863822937
163	-44.78	-44.78	-22.9	-4.29014	7.7189584	2.6791477	-58.979156	nan	0.6	410000	9938.76232266426
164	-44.32	-44.32	-43.399998	-4.2980685	7.7740808	3.6565952	-57.42406	nan	0.2	412500	9998.16473031044
165	-43.38	-43.38	-32.0	-4.430292	8.079053	2.9023342	-54.366833	nan	0.4	415000	10058.663885116577
166	-41.52	-41.52	-34.0	-4.5033135	8.282521	2.508831	-54.751335	nan	0.4	417500	10117.69192647934
167	-41.84	-41.84	-37.7	-4.623901	8.516801	2.2901096	-53.295723	nan	0.3	420000	10176.330040216446
168	-40.4	-40.4	-27.9	-4.772643	8.966833	2.8534527	-56.202393	nan	0.5	422500	10235.309570074081
169	-40.34	-40.34	-42.0	-4.925925	9.301496	2.706211	-62.91091	nan	0.2	425000	10294.642947912216
170	-40.92	-40.92	-32.7	-4.9890795	9.49284	3.2515392	-57.679413	nan	0.4	427500	10352.999137163162
171	-43.62	-43.62	-31.3	-5.048573	9.712672	3.339756	-54.635323	nan	0.5	430000	10413.896241426468
172	-41.8	-41.8	-31.0	-5.1230683	10.006055	4.9567432	-53.950855	nan	0.5	432500	10474.430527925491
173	-37.52	-37.52	-22.6	-5.195931	10.188633	3.8006382	-55.74705	nan	0.8	435000	10533.944117546082
174	-37.04	-37.04	-35.100002	-5.195511	10.232477	5.0462055	-57.50067	nan	0.4	437500	10593.301725149155
175	-42.68	-42.68	-22.1	-5.1149864	10.0348	4.3702984	-51.438847	nan	0.7	440000	10654.957233190536
176	-40.82	-40.82	-25.9	-5.0110507	9.737598	3.7425041	-52.35874	nan	0.7	442500	10715.18405508995
177	-39.66	-39.66	-22.300001	-4.9944196	9.648114	4.1906643	-53.314747	nan	0.7	445000	10776.246840000153
178	-42.44	-42.44	-34.0	-4.9805174	9.639985	6.347231	-54.33209	nan	0.4	447500	10836.60318183899
179	-38.94	-38.94	-26.1	-5.0009937	9.7245865	5.0294666	-57.077477	nan	0.7	450000	10897.508943796158
180	-41.98	-41.98	-44.3	-4.9949613	9.768421	3.4292908	-56.84733	nan	0.1	452500	10958.116263866425
181	-41.08	-41.08	-26.3	-5.0545583	9.820622	4.991951	-55.0483	nan	0.6	455000	11018.884209156036
182	-38.56	-38.56	-34.3	-4.8898044	9.485705	4.156376	-53.585617	nan	0.4	457500	11080.858879804611
183	-43.64	-43.64	-36.899998	-4.642493	8.655023	4.1156044	-56.41865	nan	0.3	460000	11142.2357172966
184	-36.58	-36.58	-28.3	-4.5064564	8.174815	3.3394241	-57.616394	nan	0.5	462500	11202.260727405548
185	-39.54	-39.54	-35.3	-4.6282673	8.512749	2.7387466	-54.393272	nan	0.4	465000	11262.76545882225
186	-39.16	-39.16	-34.600002	-4.8085012	9.019067	4.827999	-54.417336	nan	0.4	467500	11323.061749219894
187	-39.36	-39.36	-38.0	-4.859327	9.245434	3.238266	-54.782936	nan	0.3	470000	11383.289790153503
188	-41.06	-41.06	-30.5	-4.8163657	9.222018	4.4568195	-57.450916	nan	0.5	472500	11444.638399362564
189	-36.08	-36.08	-28.2	-4.576274	8.503375	3.1850834	-65.98001	nan	0.5	475000	11506.048635005951
190	-35.66	-35.66	-25.7	-4.1173153	7.080747	3.7344398	-55.069355	nan	0.6	477500	11566.839014053345
191	-39.42	-39.42	-22.5	-3.9648266	6.769935	7.695902	-50.97799	nan	0.8	480000	11628.660390615463
192	-39.1	-39.1	-26.5	-3.9613779	6.882142	3.6433296	-50.99079	nan	0.6	482500	11689.881854772568
193	-36.94	-36.94	-33.7	-4.210583	7.469253	2.7816772	-51.080017	nan	0.4	485000	11751.348212957382
194	-33.18	-33.18	-25.3	-4.4305468	8.053623	3.3659172	-50.68766	nan	0.6	487500	11814.060194253922
195	-38.74	-38.74	-45.899998	-4.396443	7.9663396	3.2986584	-46.289246	nan	0.1	490000	11876.464599609375
196	-38.64	-38.64	-22.1	-4.4083676	7.9676843	4.4707737	-46.598717	nan	0.7	492500	11938.441324234009
197	-39.04	-39.04	-27.9	-4.4637303	8.08753	3.9473915	-48.69124	nan	0.6	495000	12000.558424711227
198	-38.86	-38.86	-37.5	-4.503454	8.346726	8.220861	-53.828896	nan	0.4	497500	12062.22394824028
199	-31.96	-31.96	-35.600002	-4.5504417	8.564759	2.9968395	-53.176567	nan	0.4	500000	12123.440131187439
200	-36.18	-36.18	-30.7	-4.6215944	8.802803	5.9818573	-52.11866	nan	0.5	502500	12185.050079345703
201	-36.26	-36.26	-34.0	-4.6569033	8.994297	2.988205	-50.20046	nan	0.5	505000	12247.401678800583
202	-39.04	-39.04	-32.399998	-4.6380014	9.030012	5.494316	-55.250244	nan	0.4	507500	12308.29827785492
203	-36.46	-36.46	-13.2	-4.60675	9.026546	3.3604774	-55.466324	nan	0.9	510000	12369.045812129974
204	-39.74	-39.74	-37.2	-4.3751197	8.231371	3.8557644	-56.135826	nan	0.3	512500	12431.087242364883
205	-35.4	-35.4	-16.699999	-3.963803	6.929831	2.7830067	-53.07897	nan	0.9	515000	12492.233627557755
206	-40.06	-40.06	-29.2	-4.0137315	7.1175537	4.198368	-54.252495	nan	0.6	517500	12553.065895318985
207	-37.2	-37.2	-34.7	-4.260291	7.8318686	3.318102	-57.239986	nan	0.4	520000	12612.188246965408
208	-35.34	-35.34	-30.1	-4.5113916	8.558592	4.9905167	-59.57235	nan	0.5	522500	12672.77195763588
209	-32.68	-32.68	-20.5	-4.680421	9.0491495	3.766695	-55.627663	nan	0.7	525000	12733.069042921066
210	-36.76	-36.76	-36.600002	-4.713016	9.28088	6.506155	-54.307777	nan	0.3	527500	12795.379576444626
211	-35.64	-35.64	-16.0	-4.723483	9.196228	4.669487	-57.073456	nan	0.8	530000	12856.345698595047
212	-41.18	-41.18	-33.8	-4.56108	8.852304	4.260954	-55.912918	nan	0.4	532500	12917.459980726242
213	-35.34	-35.34	-21.4	-4.4796085	8.559129	4.62846	-53.35147	nan	0.8	535000	12979.28645157814
214	-35.7	-35.7	-23.8	-4.4032984	8.347559	4.410557	-55.04909	nan	0.7	537500	13042.05104804039
215	-37.34	-37.34	-17.4	-4.3198657	8.087463	5.744318	-61.874016	nan	0.9	540000	13103.561845541
216	-36.68	-36.68	-28.2	-4.2484446	7.8594856	5.8357334	-60.35318	nan	0.6	542500	13165.926638364792
217	-35.24	-35.24	-38.7	-4.0428395	7.3924327	5.4988937	-59.50416	nan	0.3	545000	13227.31007695198
218	-36.82	-36.82	-26.6	-3.8992121	6.9481325	3.1275654	-55.467056	nan	0.7	547500	13288.486229658127
219	-37.72	-37.72	-16.800001	-3.9413235	7.0760727	5.2436295	-53.595795	nan	0.9	550000	13349.678210258484
220	-34.04	-34.04	-26.6	-3.8205564	6.792624	5.440899	-50.584915	nan	0.6	552500	13411.669116735458
221	-35.92	-35.92	-30.6	-3.7557414	6.6096263	5.327244	-50.665504	nan	0.6	555000	13474.710070848465
222	-38.16	-38.16	-15.2	-3.776862	6.570512	2.9002285	-42.961815	nan	0.9	557500	13536.073317050934
223	-34.42	-34.42	-32.399998	-3.8317256	6.7778163	8.910143	-44.6528	nan	0.5	560000	13597.2851998806
224	-39.6	-39.6	-22.6	-3.530756	6.165314	9.51866	-49.084816	nan	0.7	562500	13658.515930891037
225	-38.46	-38.46	-25.6	-3.3780496	5.683615	6.9514236	-57.146877	nan	0.7	565000	13720.49331331253
226	-36.04	-36.04	-33.3	-3.672628	6.388273	3.3809853	-55.38732	nan	0.4	567500	13780.980794906616
227	-38.56	-38.56	-30.0	-3.877943	7.006838	4.3316193	-53.883495	nan	0.5	570000	13841.42145705223
228	-36.72	-36.72	-29.8	-3.8750439	7.012509	5.934656	-55.494804	nan	0.5	572500	13901.406192064285
229	-41.82	-41.82	-27.0	-3.8411446	6.974396	4.6475506	-56.38301	nan	0.6	575000	13962.243357181549
230	-37.56	-37.56	-21.300001	-3.9244256	7.29812	5.476925	-56.534775	nan	0.6	577500	14024.298169851303
231	-31.78	-31.78	-36.8	-4.025155	7.586979	4.632015	-58.155926	nan	0.3	580000	14085.010002613068
232	-30.14	-30.14	-27.1	-4.060806	7.6795335	5.181097	-62.932625	nan	0.6	582500	14146.4859354496
233	-31.38	-31.38	-23.8	-4.0909514	7.7434564	3.678444	-55.14343	nan	0.7	585000	14207.433976888657
234	-36.86	-36.86	-18.6	-4.0648375	7.667495	3.1299381	-56.831604	nan	0.8	587500	14268.990172863007
235	-35.84	-35.84	-33.8	-4.0169606	7.5833	3.770687	-58.430744	nan	0.4	590000	14329.402802228928
236	-33.32	-33.32	-25.1	-4.0134544	7.4841785	3.764431	-61.385403	nan	0.6	592500	14389.421818256378
237	-33.56	-33.56	-25.6	-3.9845757	7.443701	4.361763	-58.674614	nan	0.6	595000	14449.58947968483
238	-32.82	-32.82	-32.3	-3.955361	7.3975945	3.7103024	-53.923893	nan	0.5	597500	14509.811010599136
239	-33.7	-33.7	-23.7	-3.9598777	7.4559455	5.2201443	-63.119263	nan	0.7	600000	14570.519772529602
240	-35.16	-35.16	-26.1	-4.0216064	7.5936003	4.9495125	-73.7016	nan	0.6	602500	14631.21418094635
241	-35.48	-35.48	-31.1	-4.0075912	7.536423	3.7250996	-64.86774	nan	0.5	605000	14692.208198547363
242	-33.56	-33.56	-21.199999	-4.010889	7.6559033	4.2307167	-53.853123	nan	0.7	607500	14752.954154014587
243	-32.48	-32.48	-33.600002	-4.0016317	7.7505693	4.4470673	-55.971718	nan	0.5	610000	14813.150972127914
244	-35.0	-35.0	-23.6	-3.9561763	7.703718	3.966505	-56.79574	nan	0.7	612500	14873.824780702591
245	-33.54	-33.54	-33.7	-3.9263968	7.5695977	4.607294	-59.66413	nan	0.4	615000	14936.221480369568
246	-31.26	-31.26	-20.699999	-3.8315966	7.2639313	4.9643764	-63.108196	nan	0.7	617500	14997.177489995956
247	-35.46	-35.46	-26.6	-3.7530286	7.0331874	4.7523823	-55.986256	nan	0.6	620000	15058.20736837387
248	-38.98	-38.98	-22.1	-3.7912862	7.2100677	5.7766323	-68.6776	nan	0.7	622500	15118.959636449814
249	-34.26	-34.26	-20.5	-3.955288	7.675167	3.2944698	-62.787506	nan	0.7	625000	15179.013310670853
250	-31.92	-31.92	-25.6	-3.9990945	7.9117346	3.2321568	-55.10047	nan	0.6	627500	15239.10252404213
251	-37.58	-37.58	-20.800001	-3.9077277	7.604869	5.079315	-56.886005	nan	0.8	630000	15299.89490365982
252	-38.28	-38.28	-20.699999	-3.899477	7.56757	4.0137405	-57.54402	nan	0.7	632500	15360.779585838318
253	-31.5	-31.5	-13.4	-3.8883386	7.636711	4.1103535	-61.327255	nan	0.9	635000	15421.422185659409
254	-35.56	-35.56	-21.300001	-3.917467	7.747666	4.016344	-71.81298	nan	0.7	637500	15483.186040878296
255	-38.06	-38.06	-11.7	-3.8766975	7.683959	5.0843143	-63.420586	nan	0.9	640000	15543.150018453598
256	-34.92	-34.92	-18.4	-3.7750213	7.266246	6.4662933	-59.760384	nan	0.8	642500	15604.215325832367
257	-38.96	-38.96	-25.8	-3.6829677	6.8620906	3.1452827	-57.62804	nan	0.6	645000	15665.298637390137
258	-34.96	-34.96	-25.2	-3.695598	6.977788	3.660204	-55.66146	nan	0.7	647500	15724.782716035843
259	-33.68	-33.68	-25.2	-3.7049406	7.06124	3.8883076	-47.656036	nan	0.6	650000	15786.556737184525
260	-34.42	-34.42	-19.9	-3.7202067	7.1453185	3.2014217	-52.30489	nan	0.7	652500	15846.70622754097
261	-34.12	-34.12	-28.9	-3.7306373	7.235451	2.8677769	-57.496178	nan	0.5	655000	15907.730715751648
262	-37.24	-37.24	-17.4	-3.7728019	7.3524747	4.182188	-64.20585	nan	0.8	657500	15968.165590047836
263	-37.36	-37.36	-10.8	-3.6765451	7.117364	2.966568	-58.18844	nan	1.0	660000	16028.63507437706
264	-31.96	-31.96	-10.400001	-3.637359	7.004604	2.4782085	-62.772186	nan	1.0	662500	16089.905370473862
265	-36.16	-36.16	-21.800001	-3.6708562	7.136101	2.5429611	-59.916824	nan	0.8	665000	16151.249268054962
266	-31.58	-31.58	-20.1	-3.6363842	7.1349998	2.6573887	-57.043793	nan	0.7	667500	16212.496873378754
267	-32.1	-32.1	-21.1	-3.6122773	7.0309696	2.507616	-57.183556	nan	0.7	670000	16272.583679676056
268	-34.32	-34.32	-23.4	-3.5610137	6.8648195	3.3402615	-59.005997	nan	0.7	672500	16333.882709980011
269	-31.04	-31.04	-22.9	-3.480967	6.597003	2.5655842	-63.140556	nan	0.7	675000	16394.269982099533
270	-28.6	-28.6	-30.0	-3.438892	6.4853115	2.4993076	-60.98694	nan	0.5	677500	16454.374484062195
271	-29.18	-29.18	-22.1	-3.3870537	6.329558	4.1757317	-59.44368	nan	0.7	680000	16515.18484020233
272	-34.64	-34.64	-12.6	-3.3559263	6.2578278	3.1901684	-67.85692	nan	1.0	682500	16575.210923671722
273	-35.68	-35.68	-23.5	-3.3615692	6.243218	3.087555	-54.337337	nan	0.6	685000	16636.31751894951
274	-31.92	-31.92	-33.899998	-3.354996	6.1961646	3.1172714	-62.66292	nan	0.4	687500	16697.577966690063
275	-34.76	-34.76	-20.199999	-3.3003445	6.0881214	4.220249	-62.44033	nan	0.7	690000	16757.779550552368
276	-33.92	-33.92	-21.1	-3.3741512	6.150944	5.3806686	-60.35736	nan	0.7	692500	16818.039264678955
277	-33.2	-33.2	-26.2	-3.3599908	6.214868	2.944519	-53.297935	nan	0.6	695000	16880.02478122711
278	-34.38	-34.38	-28.6	-3.3768365	6.2271442	2.4639797	-77.33249	nan	0.5	697500	16939.388872861862
279	-36.0	-36.0	-28.0	-3.3344524	6.0898395	7.1615353	-56.618767	nan	0.5	700000	17000.299612045288
280	-36.64	-36.64	-15.2	-3.3486094	6.088358	2.535736	-60.158546	nan	0.8	702500	17061.73783516884
281	-35.62	-35.62	-18.800001	-3.3047643	6.0103374	2.7135143	-74.8253	nan	0.8	705000	17122.033316373825
282	-37.48	-37.48	-19.6	-3.3154242	6.0157137	3.5579586	-59.82994	nan	0.6	707500	17182.38976264
283	-38.9	-38.9	-20.800001	-3.3279054	6.0009527	3.0369377	-58.18338	nan	0.7	710000	17242.599551916122
284	-33.8	-33.8	-11.8	-3.3139937	6.0072227	4.608404	-63.577095	nan	1.0	712500	17303.070444107056
285	-31.72	-31.72	-23.0	-3.2617779	5.89426	3.4571419	-61.10752	nan	0.6	715000	17364.030172348022
286	-32.38	-32.38	-22.1	-3.251795	5.795714	2.761324	-52.440956	nan	0.7	717500	17424.49901866913
287	-30.58	-30.58	-16.300001	-3.2561445	5.784859	2.0409565	-58.596523	nan	0.8	720000	17485.384006261826
288	-30.2	-30.2	-17.699999	-3.2243319	5.670371	3.7387142	-55.99907	nan	0.8	722500	17547.116953134537
289	-36.52	-36.52	-20.5	-3.1946368	5.5625653	2.6204166	-61.52423	nan	0.7	725000	17609.499822616577
290	-32.66	-32.66	-18.300001	-3.1897814	5.514954	4.7843456	-55.439518	nan	0.7	727500	17671.731688976288
291	-33.92	-33.92	-18.800001	-3.0754201	5.283212	4.540201	-53.2721	nan	0.8	730000	17732.73780798912
292	-32.54	-32.54	-12.9	-3.0576694	5.17682	3.7206173	-60.820263	nan	0.9	732500	17793.218279838562
293	-39.38	-39.38	-20.1	-3.0776346	5.1835628	4.4975853	-51.93508	nan	0.7	735000	17854.441252708435
294	-32.42	-32.42	-17.4	-3.0669425	5.0882616	3.2664585	-53.055183	nan	0.9	737500	17916.631547689438
295	-32.7	-32.7	-16.1	-3.0369284	5.0229406	2.7066097	-51.803253	nan	0.8	740000	17978.278990507126
296	-34.5	-34.5	-15.5	-3.0477576	5.0330787	2.6629448	-52.60068	nan	0.9	742500	18040.070683002472
297	-34.4	-34.4	-14.7	-3.028051	4.9896927	3.3518314	-53.33857	nan	0.9	745000	18103.01221704483
298	-28.28	-28.28	-13.8	-3.032865	4.96838	3.1087875	-53.369953	nan	0.9	747500	18165.26587843895
299	-30.44	-30.44	-16.800001	-3.0358496	4.9951224	4.1446342	-82.17077	nan	0.8	750000	18226.06327176094
300	-34.32	-34.32	-24.8	-3.0213904	5.010324	3.753765	-51.933384	nan	0.6	752500	18287.904996156693
301	-32.92	-32.92	-15.7	-3.0148761	4.902571	3.2931538	-53.01543	nan	0.8	755000	18349.03605222702
302	-30.5	-30.5	-17.0	-3.0045888	4.8931136	2.812971	-53.077946	nan	0.8	757500	18410.681693077087
303	-31.1	-31.1	-16.5	-2.9940557	4.830035	8.418898	-54.853374	nan	0.8	760000	18473.434240818024
304	-30.3	-30.3	-12.5	-2.9890227	4.7649894	5.6847553	-52.613567	nan	0.9	762500	18534.50981903076
305	-31.32	-31.32	-11.2	-2.9501	4.7070327	5.1653233	-53.898647	nan	0.9	765000	18596.537209033966
306	-27.16	-27.16	-11.7	-2.945049	4.6972685	6.616583	-56.72909	nan	0.9	767500	18658.18889784813
307	-32.36	-32.36	-18.4	-2.9385617	4.6851354	4.3000793	-59.383995	nan	0.8	770000	18720.057376623154
308	-33.18	-33.18	-16.199999	-2.9389222	4.674002	3.1188908	-60.18473	nan	0.8	772500	18781.916472434998
309	-30.6	-30.6	-26.9	-2.927183	4.6378016	6.8374844	-54.853962	nan	0.6	775000	18844.5307199955
310	-32.12	-32.12	-18.300001	-2.9022834	4.5347233	4.14213	-54.389225	nan	0.9	777500	18905.728144407272
311	-29.64	-29.64	-12.4	-2.9160802	4.5725307	5.1035805	-55.02929	nan	0.9	780000	18967.45972752571
312	-30.1	-30.1	-12.7	-2.8962326	4.517454	3.4763584	-57.122887	nan	0.9	782500	19028.83783197403
313	-28.9	-28.9	-14.0	-2.905237	4.546763	3.669159	-57.99813	nan	0.9	785000	19088.90528321266
314	-30.24	-30.24	-13.1	-2.880202	4.506234	3.59029	-54.645477	nan	0.9	787500	19150.522594213486
315	-32.52	-32.52	-15.4	-2.8904898	4.5380936	3.5487537	-54.99402	nan	0.9	790000	19211.096520662308
316	-32.22	-32.22	-12.8	-2.9143856	4.556686	10.06378	-54.35162	nan	0.9	792500	19273.248841285706
317	-31.88	-31.88	-10.900001	-2.9057333	4.6090884	4.8674126	-59.870872	nan	1.0	795000	19335.059530973434
318	-28.0	-28.0	-15.5	-2.8956563	4.5694194	4.8408794	-56.10293	nan	0.9	797500	19395.516815185547
319	-27.06	-27.06	-12.8	-2.908939	4.5669484	3.1619492	-55.101402	nan	0.9	800000	19455.595034599304
320	-30.52	-30.52	-15.1	-2.875418	4.482234	3.1438866	-52.10206	nan	0.9	802500	19517.953620672226
321	-32.84	-32.84	-9.400001	-2.8518598	4.371576	3.4491138	-48.607784	nan	1.0	805000	19578.558467149734
322	-26.62	-26.62	-15.1	-2.8424373	4.322857	4.399414	-49.03016	nan	0.9	807500	19638.552440166473
323	-28.66	-28.66	-16.1	-2.8649573	4.3198924	3.1301575	-47.10721	nan	0.8	810000	19700.247629880905
324	-31.04	-31.04	-14.2	-2.847891	4.287425	5.4274254	-53.07852	nan	0.9	812500	19761.051538944244
325	-29.38	-29.38	-14.8	-2.839957	4.240052	2.9671307	-51.00586	nan	0.9	815000	19822.295410633087
326	-29.96	-29.96	-17.300001	-2.8287888	4.181472	3.8255863	-47.545723	nan	0.8	817500	19883.912840127945
327	-31.04	-31.04	-8.7	-2.8340352	4.1871305	2.680956	-46.75704	nan	1.0	820000	19945.519305467606
328	-33.06	-33.06	-12.8	-2.8476052	4.2366247	2.7168388	-48.387367	nan	1.0	822500	20006.570552110672
329	-29.66	-29.66	-13.9	-2.8225262	4.1584826	3.0929718	-52.086613	nan	0.9	825000	20067.523288488388
330	-29.14	-29.14	-19.199999	-2.7770553	4.0849066	3.331911	-47.42041	nan	0.8	827500	20129.281615257263
331	-29.2	-29.2	-9.400001	-2.7889376	4.090687	6.26532	-49.353252	nan	1.0	830000	20191.39398241043
332	-30.44	-30.44	-8.400001	-2.7800996	4.0545154	4.04792	-45.20278	nan	1.0	832500	20254.86258339882
333	-34.28	-34.28	-14.1	-2.7717166	4.042166	3.165739	-48.58081	nan	0.9	835000	20317.227989196777
334	-33.34	-33.34	-11.5	-2.7795799	4.0564594	3.069481	-49.377243	nan	1.0	837500	20379.26699447632
335	-30.36	-30.36	-10.900001	-2.7624397	4.0173287	4.2365074	-51.419533	nan	1.0	840000	20440.733133792877
336	-33.56	-33.56	-11.7	-2.755279	3.9707448	3.263834	-47.831223	nan	1.0	842500	20503.48976111412
337	-31.16	-31.16	-8.8	-2.7628908	3.9301083	4.024908	-43.327785	nan	1.0	845000	20564.059105873108
338	-30.58	-30.58	-12.6	-2.7631223	3.936641	4.975788	-41.532154	nan	0.9	847500	20626.618728637695
339	-26.02	-26.02	-9.0	-2.735332	3.880216	4.5719852	-40.114365	nan	1.0	850000	20687.573781251907
340	-34.1	-34.1	-8.8	-2.73635	3.8652482	3.0050964	-41.717827	nan	1.0	852500	20748.455996990204
341	-33.42	-33.42	-10.2	-2.716856	3.8357022	3.6629715	-43.979877	nan	1.0	855000	20811.294739723206
342	-32.62	-32.62	-15.0	-2.7326012	3.8458145	3.9979858	-45.940277	nan	0.9	857500	20873.120193958282
343	-28.48	-28.48	-12.0	-2.7173748	3.8209362	3.3709106	-40.616264	nan	1.0	860000	20933.514504671097
344	-33.58	-33.58	-9.7	-2.7319086	3.8285272	4.237667	-37.54604	nan	1.0	862500	20994.299139738083
345	-34.82	-34.82	-13.1	-2.7262912	3.826518	7.0083656	-41.255974	nan	0.9	865000	21055.34897661209
346	-36.24	-36.24	-11.400001	-2.7274988	3.8163364	3.5185394	-38.23979	nan	1.0	867500	21115.751108169556
347	-31.42	-31.42	-11.2	-2.7186384	3.8000076	3.7073383	-46.101128	nan	1.0	870000	21176.930894374847
348	-33.72	-33.72	-10.8	-2.7366273	3.8276534	3.6416988	-38.576637	nan	1.0	872500	21238.03767299652
349	-31.02	-31.02	-9.900001	-2.7230616	3.8121748	3.5437908	-38.950043	nan	1.0	875000	21300.321618318558
350	-32.48	-32.48	-10.599999	-2.735113	3.820114	5.2704563	-37.715538	nan	1.0	877500	21362.238409280777
351	-32.16	-32.16	-15.1	-2.7312694	3.8063054	4.0270004	-40.376152	nan	0.9	880000	21424.35232591629
352	-30.98	-30.98	-11.2	-2.7374382	3.807283	3.8886852	-41.266624	nan	1.0	882500	21485.89444375038
353	-29.74	-29.74	-11.0	-2.7538817	3.8311942	3.4127254	-43.650745	nan	1.0	885000	21548.682291269302
354	-29.36	-29.36	-8.5	-2.7358232	3.8183632	4.883003	-46.933517	nan	1.0	887500	21610.67392039299
355	-35.04	-35.04	-9.099999	-2.7257044	3.8009117	4.050516	-44.940746	nan	1.0	890000	21671.332733392715
356	-29.58	-29.58	-10.8	-2.7388651	3.8262389	3.548277	-38.140617	nan	1.0	892500	21732.200607061386
357	-31.08	-31.08	-7.5	-2.7152603	3.8071427	4.1833	-38.011993	nan	1.0	895000	21792.640195131302
358	-32.64	-32.64	-20.1	-2.7312636	3.8322935	5.173893	-48.194363	nan	0.8	897500	21853.08043909073
359	-32.14	-32.14	-8.5	-2.7308228	3.809601	4.069515	-36.595104	nan	1.0	900000	21913.910338401794
360	-31.26	-31.26	-11.0	-2.7255666	3.8134933	3.6917076	-38.685112	nan	1.0	902500	21974.44999241829
361	-29.02	-29.02	-9.3	-2.7141814	3.8167393	3.0894032	-41.320076	nan	1.0	905000	22034.15990638733
362	-28.82	-28.82	-12.2	-2.7064428	3.7861948	7.0379295	-36.73826	nan	1.0	907500	22096.140655517578
363	-33.26	-33.26	-13.8	-2.7153356	3.7953157	2.9992332	-42.308067	nan	0.9	910000	22157.650324106216
364	-32.22	-32.22	-9.5	-2.7066922	3.7955923	4.9272137	-40.015682	nan	1.0	912500	22218.3987929821
365	-30.44	-30.44	-10.900001	-2.7013323	3.8090734	6.3710327	-44.0133	nan	0.9	915000	22280.443907260895
366	-28.66	-28.66	-10.099999	-2.7070987	3.8320355	3.5234623	-42.389977	nan	1.0	917500	22342.41257739067
367	-29.08	-29.08	-9.599999	-2.6906226	3.7924783	4.504986	-54.343906	nan	1.0	920000	22403.59422492981
368	-33.38	-33.38	-9.2	-2.691322	3.7625418	4.6921635	-41.021927	nan	1.0	922500	22463.600548505783
369	-28.96	-28.96	-9.8	-2.699857	3.796762	3.0523205	-42.757706	nan	1.0	925000	22523.937530755997
370	-30.72	-30.72	-9.2	-2.7020726	3.7981558	5.0132046	-50.29676	nan	1.0	927500	22584.73193836212
371	-30.42	-30.42	-12.3	-2.7127597	3.808563	3.7925987	-39.267117	nan	1.0	930000	22645.38806939125
372	-32.18	-32.18	-12.3	-2.7023757	3.8142118	7.2628117	-43.25592	nan	1.0	932500	22705.787880897522
373	-27.36	-27.36	-16.699999	-2.7016501	3.8060803	4.8520966	-42.32598	nan	0.9	935000	22764.912429094315
374	-31.52	-31.52	-11.599999	-2.7033467	3.806155	4.878269	-41.158947	nan	1.0	937500	22824.113110542297
375	-29.54	-29.54	-10.3	-2.6958075	3.8067021	5.784096	-38.026062	nan	1.0	940000	22883.64538550377
376	-29.36	-29.36	-10.7	-2.6836956	3.7868822	3.3470573	-41.20201	nan	1.0	942500	22944.304983139038
377	-30.24	-30.24	-8.400001	-2.6835012	3.793675	5.6227226	-41.19087	nan	1.0	945000	23003.94240307808
378	-30.1	-30.1	-9.7	-2.6670713	3.7834885	4.285219	-41.79969	nan	1.0	947500	23064.307255983353
379	-31.58	-31.58	-11.0	-2.6861973	3.8006203	4.6300373	-39.330475	nan	1.0	950000	23125.33962225914
380	-28.94	-28.94	-10.8	-2.6742702	3.7932413	5.829685	-38.31651	nan	1.0	952500	23185.961178302765
381	-29.92	-29.92	-10.2	-2.6574478	3.7500482	4.5441933	-41.10131	nan	1.0	955000	23245.8610060215
382	-33.68	-33.68	-8.900001	-2.6581995	3.7570415	4.200609	-36.41435	nan	1.0	957500	23305.905926465988
383	-33.08	-33.08	-10.0	-2.6662397	3.763386	3.6874619	-41.43488	nan	1.0	960000	23365.682325601578
384	-33.9	-33.9	-13.8	-2.6660397	3.762789	3.3824825	-42.300663	nan	0.9	962500	23425.66786956787
385	-25.94	-25.94	-11.099999	-2.666745	3.7500396	5.579359	-49.333572	nan	1.0	965000	23486.18344759941
386	-31.3	-31.3	-9.5	-2.6752362	3.745237	4.343752	-48.08815	nan	1.0	967500	23546.508654356003
387	-30.62	-30.62	-11.099999	-2.6694844	3.7458146	4.6992264	-49.485355	nan	1.0	970000	23607.68479514122
388	-30.78	-30.78	-10.5	-2.655589	3.7245357	4.525217	-39.030483	nan	1.0	972500	23667.872557401657
389	-33.04	-33.04	-11.2	-2.6795073	3.7815235	5.447689	-39.60137	nan	1.0	975000	23727.36480498314
390	-30.92	-30.92	-15.8	-2.686385	3.769088	6.091917	-41.655014	nan	0.9	977500	23787.025567531586
391	-32.56	-32.56	-10.8	-2.6835325	3.7877495	4.5119076	-44.236603	nan	1.0	980000	23847.16432952881
392	-27.78	-27.78	-12.3	-2.6695123	3.7596095	3.361576	-41.472134	nan	1.0	982500	23908.121990442276
393	-27.74	-27.74	-9.599999	-2.6769986	3.784195	5.240469	-48.530815	nan	1.0	985000	23968.793523311615
394	-32.56	-32.56	-11.0	-2.6762784	3.7643814	8.009281	-41.796604	nan	1.0	987500	24029.162391901016
395	-31.1	-31.1	-10.599999	-2.6688037	3.7541192	3.6953602	-39.77379	nan	1.0	990000	24088.989143371582
396	-31.1	-31.1	-12.0	-2.6785645	3.777141	5.584093	-46.139313	nan	0.9	992500	24149.683520317078
397	-33.28	-33.28	-10.0	-2.6772459	3.7635107	6.3131905	-39.593487	nan	1.0	995000	24210.64439845085
398	-33.38	-33.38	-9.099999	-2.7082272	3.8237517	4.7204742	-40.789474	nan	1.0	997500	24270.5530731678
399	-32.4	-32.4	-9.8	-2.7015333	3.7989318	5.65135	-48.626076	nan	1.0	1000000	24331.449645996094
400	-31.14	-31.14	-10.900001	-2.6998487	3.7990417	5.1879673	-43.983696	nan	1.0	1002500	24390.819083213806
401	-35.64	-35.64	-10.0	-2.7141845	3.8137743	4.6285496	-48.965286	nan	1.0	1005000	24450.08235502243
402	-30.0	-30.0	-13.0	-2.7266903	3.839114	9.569347	-48.55273	nan	1.0	1007500	24510.234902620316
403	-34.04	-34.04	-9.099999	-2.721042	3.8462481	4.732485	-43.751053	nan	1.0	1010000	24570.326125621796
404	-32.36	-32.36	-10.099999	-2.7280774	3.863039	4.714676	-40.024063	nan	1.0	1012500	24631.10008072853
405	-30.48	-30.48	-12.2	-2.7341301	3.8681087	7.142746	-45.02781	nan	1.0	1015000	24690.482647657394
406	-34.7	-34.7	-10.0	-2.7436478	3.890198	6.8050385	-43.71095	nan	1.0	1017500	24751.848346471786
407	-32.4	-32.4	-9.5	-2.7457366	3.8846684	5.0639935	-42.48935	nan	1.0	1020000	24812.751599550247
408	-31.34	-31.34	-8.2	-2.7695677	3.912794	5.2740917	-46.35131	nan	1.0	1022500	24872.727937221527
409	-29.54	-29.54	-11.400001	-2.7664866	3.9072819	5.9713326	-49.59507	nan	1.0	1025000	24932.61049103737
410	-33.62	-33.62	-9.7	-2.7719686	3.9237869	4.5988007	-50.436573	nan	1.0	1027500	24993.94018983841
411	-31.02	-31.02	-10.099999	-2.754677	3.9019117	6.9984283	-44.326694	nan	1.0	1030000	25054.77594256401
412	-31.6	-31.6	-11.2	-2.7697332	3.9372048	3.5728207	-47.792747	nan	1.0	1032500	25115.095616817474
413	-33.64	-33.64	-12.5	-2.785173	3.9612877	5.1276608	-41.33536	nan	0.9	1035000	25176.056078910828
414	-26.98	-26.98	-11.3	-2.8019671	3.9856653	5.742943	-51.612755	nan	1.0	1037500	25236.42215204239
415	-27.72	-27.72	-14.2	-2.7666476	3.9556825	7.742466	-45.238647	nan	0.9	1040000	25297.688680887222
416	-30.26	-30.26	-9.900001	-2.7676473	3.965242	6.58127	-41.16685	nan	1.0	1042500	25358.232508420944
417	-32.54	-32.54	-12.3	-2.766513	3.9890409	7.2364483	-41.837814	nan	1.0	1045000	25419.125947475433
418	-31.1	-31.1	-10.7	-2.777707	3.9939895	9.760481	-47.673176	nan	1.0	1047500	25479.555806159973
419	-34.1	-34.1	-9.099999	-2.7701688	3.997573	4.579178	-44.826134	nan	1.0	1050000	25539.786773443222
420	-35.5	-35.5	-8.7	-2.7805355	4.001528	5.1194153	-45.211754	nan	1.0	1052500	25600.311161994934
421	-28.72	-28.72	-9.8	-2.7881963	4.015815	3.6690788	-52.149345	nan	1.0	1055000	25661.90835928917
422	-30.18	-30.18	-10.3	-2.7843978	4.0416265	4.6934433	-48.36432	nan	1.0	1057500	25721.636078596115
423	-31.96	-31.96	-12.9	-2.778835	4.0213747	4.6712914	-49.12813	nan	0.9	1060000	25782.412504434586
424	-30.68	-30.68	-13.2	-2.7800045	4.035129	4.6493645	-48.118385	nan	1.0	1062500	25842.734850645065
425	-31.72	-31.72	-10.8	-2.7816656	4.0273747	4.374771	-47.480743	nan	1.0	1065000	25903.71826028824
426	-31.16	-31.16	-9.099999	-2.778212	4.05222	5.2759056	-45.296314	nan	1.0	1067500	25964.829885721207
427	-32.38	-32.38	-9.099999	-2.7687595	4.020776	5.786953	-46.501015	nan	1.0	1070000	26027.0550365448
428	-30.78	-30.78	-10.5	-2.7664697	4.043278	4.650387	-41.603554	nan	1.0	1072500	26088.354781627655
429	-30.82	-30.82	-8.900001	-2.7743568	4.077554	5.3869743	-51.6903	nan	1.0	1075000	26150.053956508636
430	-34.0	-34.0	-11.3	-2.7824419	4.06186	6.3081665	-62.048687	nan	1.0	1077500	26211.92780637741
431	-31.7	-31.7	-11.3	-2.7699473	4.059245	4.8660774	-47.73344	nan	1.0	1080000	26272.762665748596
432	-34.66	-34.66	-9.099999	-2.7677135	4.0549593	4.7641907	-56.142864	nan	1.0	1082500	26333.946610212326
433	-31.74	-31.74	-10.099999	-2.764966	4.040793	9.84391	-56.819313	nan	1.0	1085000	26395.615815401077
434	-31.22	-31.22	-10.900001	-2.7758756	4.0782275	7.5250053	-44.144363	nan	1.0	1087500	26456.857688188553
435	-30.56	-30.56	-9.599999	-2.7907398	4.099972	6.4963837	-57.572678	nan	1.0	1090000	26518.374506235123
436	-28.22	-28.22	-12.5	-2.7973921	4.130032	6.7705116	-45.32773	nan	0.9	1092500	26577.926009893417
437	-32.12	-32.12	-10.599999	-2.777218	4.1049366	4.753502	-46.283638	nan	1.0	1095000	26636.025513648987
438	-34.68	-34.68	-8.599999	-2.787591	4.1075883	4.5099297	-46.23865	nan	1.0	1097500	26696.076743125916
439	-30.14	-30.14	-10.900001	-2.7912667	4.1258025	5.414791	-46.295227	nan	1.0	1100000	26754.70739006996
440	-30.62	-30.62	-9.8	-2.7963798	4.133535	5.889141	-44.365944	nan	1.0	1102500	26813.810101270676
441	-30.9	-30.9	-9.5	-2.813489	4.1859403	5.7048264	-47.587738	nan	1.0	1105000	26873.710310459137
442	-29.98	-29.98	-14.9	-2.8029706	4.1620307	5.5268707	-50.750748	nan	0.9	1107500	26932.763087511063
443	-33.16	-33.16	-9.0	-2.8051944	4.1899495	5.6012497	-50.870506	nan	1.0	1110000	26991.95767402649
444	-28.14	-28.14	-11.2	-2.802817	4.1827774	6.608513	-44.20451	nan	1.0	1112500	27050.780396938324
445	-28.16	-28.16	-15.3	-2.808414	4.180111	4.2582054	-45.779816	nan	0.9	1115000	27110.919011116028
446	-30.78	-30.78	-11.0	-2.799579	4.190099	7.3675537	-55.16971	nan	1.0	1117500	27169.892189264297
447	-35.16	-35.16	-10.2	-2.7815325	4.1795907	6.440174	-44.080353	nan	1.0	1120000	27227.75041127205
448	-34.82	-34.82	-10.3	-2.8074977	4.2205915	5.330738	-44.396877	nan	1.0	1122500	27285.349234580994
449	-35.02	-35.02	-10.3	-2.812443	4.255438	5.033001	-60.974453	nan	1.0	1125000	27342.167612552643
450	-30.42	-30.42	-9.599999	-2.824418	4.252909	10.975353	-46.638035	nan	1.0	1127500	27397.889946222305
451	-31.74	-31.74	-10.3	-2.8314686	4.2517486	6.94347	-49.657326	nan	1.0	1130000	27450.29548072815
452	-29.12	-29.12	-10.7	-2.8480594	4.273816	6.4710236	-57.314423	nan	1.0	1132500	27501.21946120262
453	-31.98	-31.98	-11.3	-2.8410614	4.2970862	7.3585587	-53.673733	nan	1.0	1135000	27551.539487838745
454	-35.06	-35.06	-8.900001	-2.8542395	4.3096504	7.232895	-48.57097	nan	1.0	1137500	27604.466783761978
455	-36.92	-36.92	-8.7	-2.8635116	4.3530674	8.6778145	-50.333546	nan	1.0	1140000	27655.533358335495
456	-32.96	-32.96	-10.400001	-2.8495593	4.302792	6.6368027	-49.116547	nan	1.0	1142500	27703.380081176758
457	-32.44	-32.44	-10.8	-2.8354397	4.301226	11.762352	-51.77064	nan	1.0	1145000	27749.62423682213
458	-35.52	-35.52	-10.7	-2.8663867	4.333044	11.066101	-49.50028	nan	1.0	1147500	27795.025941848755
459	-32.76	-32.76	-9.900001	-2.8869805	4.361159	7.395046	-46.610672	nan	1.0	1150000	27840.25063085556
460	-28.74	-28.74	-14.0	-2.895978	4.387086	9.213612	-51.100037	nan	0.9	1152500	27885.062458753586
461	-31.42	-31.42	-14.1	-2.869504	4.3619156	9.539448	-51.000954	nan	0.9	1155000	27930.813109636307
462	-34.48	-34.48	-6.5	-2.8598535	4.353324	9.353878	-56.292477	nan	1.0	1157500	27975.545404672623
463	-30.96	-30.96	-10.3	-2.8951344	4.3938565	6.3778114	-70.179474	nan	1.0	1160000	28020.881242513657
464	-31.38	-31.38	-8.900001	-2.8570018	4.3674107	7.6687126	-50.39126	nan	1.0	1162500	28064.744564294815
465	-32.78	-32.78	-12.3	-2.8879907	4.394443	9.901489	-57.28741	nan	1.0	1165000	28108.846460819244
466	-35.36	-35.36	-9.599999	-2.8840759	4.398531	6.5439644	-48.840614	nan	1.0	1167500	28151.80301260948
467	-29.96	-29.96	-12.4	-2.906558	4.430247	12.313866	-54.439224	nan	1.0	1170000	28194.79936361313
468	-29.14	-29.14	-13.3	-2.9025793	4.4387956	5.279686	-49.77171	nan	0.9	1172500	28237.044405937195
469	-28.66	-28.66	-10.3	-2.8691251	4.391433	4.730751	-55.992767	nan	1.0	1175000	28279.18892621994
470	-31.6	-31.6	-13.2	-2.8861897	4.420823	4.3200073	-46.67302	nan	0.9	1177500	28321.55551624298
471	-31.56	-31.56	-12.9	-2.9038641	4.4496813	5.5252495	-52.110283	nan	1.0	1180000	28363.368085622787
472	-36.48	-36.48	-11.8	-2.8898797	4.438084	9.131584	-57.72068	nan	1.0	1182500	28404.468309879303
473	-34.02	-34.02	-9.0	-2.8819866	4.4365945	6.8152657	-53.62075	nan	1.0	1185000	28447.222400665283
474	-34.02	-34.02	-11.8	-2.8687224	4.4144034	5.742481	-68.25573	nan	1.0	1187500	28490.277539253235
475	-32.48	-32.48	-11.2	-2.8570256	4.4015894	5.295418	-51.013252	nan	1.0	1190000	28531.952211380005
476	-31.36	-31.36	-10.3	-2.862854	4.379835	10.086601	-54.423523	nan	1.0	1192500	28573.479990959167
477	-30.48	-30.48	-12.6	-2.8830392	4.431108	7.0453415	-63.1212	nan	0.9	1195000	28616.19919681549
478	-35.1	-35.1	-15.0	-2.8675985	4.419081	10.536182	-48.45062	nan	0.9	1197500	28658.269577503204
479	-31.0	-31.0	-10.099999	-2.8711572	4.417937	5.599163	-67.58713	nan	1.0	1200000	28701.46260046959
480	-31.78	-31.78	-16.699999	-2.868988	4.461036	7.8376083	-51.917435	nan	0.9	1202500	28744.60378909111
481	-37.14	-37.14	-11.599999	-2.8722043	4.4580326	8.720413	-53.60276	nan	1.0	1205000	28786.874698638916
482	-30.24	-30.24	-15.2	-2.8936024	4.459125	6.9227524	-53.738907	nan	0.9	1207500	28830.038090467453
483	-30.92	-30.92	-8.7	-2.8607345	4.446087	4.6672363	-66.15973	nan	0.9	1210000	28873.022045850754
484	-37.26	-37.26	-7.1	-2.8826714	4.4640336	7.818722	-63.331535	nan	1.0	1212500	28917.124090909958
485	-33.68	-33.68	-8.599999	-2.886849	4.457333	5.5644875	-49.135002	nan	1.0	1215000	28959.768227815628
486	-34.68	-34.68	-16.1	-2.8749838	4.4564595	5.0017357	-59.837517	nan	0.8	1217500	29001.41152739525
487	-31.6	-31.6	-15.4	-2.8825943	4.461566	9.096245	-67.839966	nan	0.9	1220000	29044.009869098663
488	-34.62	-34.62	-10.599999	-2.867295	4.4767137	7.5963173	-51.55577	nan	1.0	1222500	29086.18441438675
489	-29.42	-29.42	-9.400001	-2.868311	4.458099	4.5185585	-55.56417	nan	1.0	1225000	29129.230659246445
490	-36.68	-36.68	-10.7	-2.8941014	4.5079107	7.1452065	-52.937206	nan	1.0	1227500	29171.235435962677
491	-33.18	-33.18	-13.4	-2.9180305	4.5271072	6.914734	-54.74971	nan	1.0	1230000	29213.99702000618
492	-34.44	-34.44	-8.7	-2.8800333	4.4792576	10.92754	-58.472855	nan	1.0	1232500	29256.44177055359
493	-31.48	-31.48	-9.7	-2.9130805	4.539692	8.273083	-59.35669	nan	1.0	1235000	29299.464584350586
494	-29.56	-29.56	-12.7	-2.9229627	4.582774	7.9259033	-61.925156	nan	1.0	1237500	29342.91982269287
495	-28.64	-28.64	-8.099999	-2.8980684	4.5454316	5.969967	-54.655434	nan	1.0	1240000	29385.149987459183
496	-27.44	-27.44	-13.6	-2.9056687	4.5452576	7.2729416	-56.418858	nan	1.0	1242500	29423.85179758072
497	-31.9	-31.9	-15.6	-2.9141877	4.5542173	8.281513	-54.014656	nan	0.9	1245000	29462.418612957
498	-31.0	-31.0	-9.599999	-2.9343464	4.561756	10.606979	-51.818554	nan	1.0	1247500	29501.953789949417
499	-33.88	-33.88	-11.0	-2.897981	4.518731	9.102657	-57.241543	nan	0.9	1250000	29541.89279603958
