Epoch	EpRet	EpRealRet	TestEpRet	AverageQ1	StdQ1	MaxQ1	MinQ1	Q2	TestSuccess	TotalEnvInteracts	TotalTime
0	-44.92	-44.92	-50.0	0.12771316	0.09410281	0.87935483	0.004076306	0.12726724	0.0	2500	70.84015703201294
1	-46.44	-46.44	-45.0	0.37464148	0.21717818	5.282734	0.12629296	0.3656865	0.1	5000	163.76881980895996
2	-46.74	-46.74	-45.0	0.43444067	0.1065526	0.8809431	0.188003	0.42957872	0.1	7500	254.97780203819275
3	-45.3	-45.3	-50.0	0.50539225	0.12880225	1.1821688	0.12368529	0.5002005	0.0	10000	342.0677750110626
4	-49.0	-49.0	-40.0	0.53779405	0.13930945	1.1306115	0.19713768	0.5335041	0.2	12500	427.1085238456726
5	-48.0	-48.0	-50.0	0.56828004	0.14695562	1.3026136	0.21622035	0.56415063	0.0	15000	513.3924286365509
6	-47.92	-47.92	-50.0	0.59605163	0.15214977	1.2963042	0.17712319	0.58901453	0.0	17500	598.1739437580109
7	-49.0	-49.0	-50.0	0.5929118	0.15603137	1.6723175	0.22319235	0.582307	0.0	20000	682.204761505127
8	-48.0	-48.0	-45.0	0.5730404	0.15352547	1.5268102	0.20635736	0.55806	0.1	22500	768.8815097808838
9	-48.0	-48.0	-45.0	0.5748915	0.15694526	2.212428	0.19684851	0.5643027	0.1	25000	853.0316474437714
10	-48.52	-48.52	-50.0	0.57853866	0.15166166	1.5706081	0.16727793	0.57149136	0.0	27500	926.4034683704376
11	-45.0	-45.0	-45.0	0.57342017	0.14770263	1.3613329	0.22662511	0.566255	0.1	30000	991.7215266227722
12	-48.1	-48.1	-50.0	0.5819759	0.15838696	1.5790677	0.19384083	0.57542914	0.0	32500	1052.6343071460724
13	-46.94	-46.94	-42.600002	0.59287184	0.16295704	1.6285533	0.2264619	0.5843209	0.1	35000	1114.124051809311
14	-48.0	-48.0	-45.0	0.6041574	0.15434162	1.7781692	0.23816271	0.5986395	0.1	37500	1174.385645866394
15	-45.42	-45.42	-50.0	0.6213025	0.20972869	5.0672607	0.19223215	0.6128534	0.0	40000	1235.1640486717224
16	-44.28	-44.28	-50.0	0.6192064	0.17202075	1.9839602	0.22504395	0.607095	0.0	42500	1294.6954998970032
17	-47.66	-47.66	-45.0	0.60548943	0.18117842	3.1142836	0.18719363	0.60067517	0.1	45000	1354.4633417129517
18	-45.0	-45.0	-50.0	0.59804904	0.18097782	3.0953643	0.17282161	0.5862566	0.0	47500	1414.5198118686676
19	-48.84	-48.84	-50.0	0.6013633	0.17361046	2.3090503	0.18832432	0.5916581	0.0	50000	1475.0351066589355
20	-47.12	-47.12	-50.0	0.600205	0.17503195	2.425891	0.22059755	0.5884146	0.0	52500	1536.1263287067413
21	-46.0	-46.0	-48.1	0.6083986	0.17791535	2.7395835	0.19638738	0.59136826	0.1	55000	1596.2053971290588
22	-49.46	-49.46	-34.100002	0.60638607	0.1638602	1.5483043	0.23317397	0.59506077	0.3	57500	1656.212410211563
23	-47.0	-47.0	-50.0	0.6173123	0.16946025	2.2594113	0.23695947	0.61033	0.0	60000	1716.2862751483917
24	-43.0	-43.0	-46.9	0.6117789	0.16979942	2.1434429	0.19724512	0.60290414	0.0	62500	1776.6377861499786
25	-47.12	-47.12	-50.0	0.6071945	0.17302443	2.2508051	0.19269198	0.5927843	0.0	65000	1836.1704864501953
26	-48.44	-48.44	-45.8	0.6011031	0.1702596	2.371002	0.19345343	0.5952145	0.1	67500	1895.8136730194092
27	-45.52	-45.52	-48.7	0.61367846	0.175349	2.5603325	0.20799284	0.6065806	0.0	70000	1955.7599680423737
28	-46.0	-46.0	-38.7	0.6070526	0.18528126	3.3620782	0.21996203	0.5985416	0.2	72500	2015.4159092903137
29	-47.0	-47.0	-50.0	0.62804586	0.17569123	2.1369839	0.2167853	0.6184011	0.0	75000	2074.9503514766693
30	-47.3	-47.3	-45.0	0.61185586	0.16761832	2.259872	0.19521493	0.605359	0.1	77500	2135.034749507904
31	-47.98	-47.98	-44.7	0.637541	0.18227181	2.475438	0.2348071	0.62927914	0.1	80000	2195.0380189418793
32	-48.16	-48.16	-45.0	0.6441254	0.18974335	3.1080685	0.25314528	0.6375395	0.1	82500	2255.0564982891083
33	-48.0	-48.0	-50.0	0.64467305	0.19758344	2.9957366	0.22921044	0.63155335	0.0	85000	2315.505336046219
34	-45.1	-45.1	-45.0	0.65192336	0.20273295	2.6427526	0.2923464	0.6417216	0.1	87500	2375.450334072113
35	-46.86	-46.86	-50.0	0.64560133	0.20203954	3.2930415	0.24333282	0.6393869	0.0	90000	2436.4287509918213
36	-45.54	-45.54	-39.899998	0.63739854	0.1844933	3.045747	0.230272	0.62619483	0.2	92500	2497.6235506534576
37	-47.92	-47.92	-50.0	0.6436261	0.19777536	2.5961876	0.2503589	0.63612133	0.0	95000	2558.234889268875
38	-45.9	-45.9	-49.7	0.65585506	0.1779867	2.588313	0.24880946	0.6459777	0.0	97500	2618.399829387665
39	-47.14	-47.14	-41.100002	0.64863807	0.20461369	2.7599301	0.25682414	0.64195645	0.1	100000	2679.0689215660095
40	-46.58	-46.58	-50.0	0.65612674	0.20416778	2.974173	0.21348375	0.6529662	0.0	102500	2739.776715993881
41	-45.6	-45.6	-45.0	0.6592184	0.2070089	3.0164788	0.27029902	0.65045184	0.1	105000	2799.819631099701
42	-47.96	-47.96	-44.600002	0.6621637	0.21032694	3.240468	0.25637862	0.6543213	0.1	107500	2859.5088880062103
43	-48.5	-48.5	-50.0	0.6707962	0.20554781	3.0762527	0.2879926	0.66392255	0.0	110000	2920.130104780197
44	-47.76	-47.76	-40.0	0.681729	0.23174207	3.0517838	0.23127167	0.6679686	0.2	112500	2980.844959259033
45	-46.12	-46.12	-45.0	0.69678867	0.24180257	3.3123212	0.27470824	0.6907323	0.1	115000	3040.5438055992126
46	-45.0	-45.0	-49.2	0.67514783	0.23307723	3.269616	0.26601356	0.66520524	0.0	117500	3100.457165002823
47	-45.88	-45.88	-45.0	0.68743753	0.22864883	3.2167387	0.24605605	0.6723091	0.1	120000	3160.502877473831
48	-44.0	-44.0	-50.0	0.6770575	0.20156536	2.5173578	0.26097202	0.6692258	0.0	122500	3220.529484272003
49	-48.78	-48.78	-45.5	0.6879557	0.20450258	2.6490116	0.22837605	0.6761752	0.1	125000	3280.613804101944
50	-45.64	-45.64	-50.0	0.7172378	0.22736372	2.702119	0.26443428	0.70561254	0.0	127500	3340.439159631729
51	-47.32	-47.32	-50.0	0.71639705	0.23787256	3.93649	0.28011513	0.71078706	0.0	130000	3400.0222628116608
52	-47.98	-47.98	-43.2	0.71666485	0.24813123	3.656118	0.2479583	0.71520925	0.1	132500	3460.279136657715
53	-46.42	-46.42	-42.600002	0.7198419	0.21919121	2.689073	0.24144565	0.71834433	0.1	135000	3519.895708322525
54	-46.06	-46.06	-45.0	0.728842	0.25482354	3.1260068	0.24505702	0.7238171	0.1	137500	3579.177862405777
55	-44.22	-44.22	-37.8	0.7154119	0.2166762	2.8488612	0.3085063	0.70467836	0.2	140000	3639.630273103714
56	-41.1	-41.1	-47.2	0.7157141	0.23077703	3.414685	0.2638634	0.7148927	0.1	142500	3701.3183736801147
57	-42.0	-42.0	-50.0	0.7121716	0.22619957	3.5191746	0.23772307	0.70378476	0.0	145000	3761.35587310791
58	-45.96	-45.96	-50.0	0.72304595	0.22777978	3.5423048	0.2267175	0.71360403	0.0	147500	3821.1671092510223
59	-44.66	-44.66	-45.0	0.72366536	0.2504862	3.3825102	0.24764505	0.7140402	0.1	150000	3880.578106880188
60	-44.76	-44.76	-45.8	0.72607493	0.25238565	3.733117	0.2736336	0.71507555	0.1	152500	3941.488628387451
61	-45.98	-45.98	-40.0	0.73300844	0.26138172	4.071358	0.24430439	0.72280425	0.2	155000	4001.9096908569336
62	-47.8	-47.8	-38.5	0.714041	0.22431232	2.841388	0.30166006	0.7062473	0.2	157500	4061.9656636714935
63	-45.08	-45.08	-50.0	0.734025	0.26881787	3.918683	0.2766194	0.72507375	0.0	160000	4122.325604915619
64	-44.3	-44.3	-50.0	0.7395763	0.25639206	4.077536	0.2673676	0.73115575	0.0	162500	4183.20237326622
65	-49.66	-49.66	-45.0	0.7405664	0.2374382	3.9797888	0.26288626	0.7281902	0.1	165000	4242.9440133571625
66	-45.58	-45.58	-41.2	0.72809887	0.22520645	2.7940931	0.29751438	0.7165638	0.1	167500	4302.55255818367
67	-46.4	-46.4	-46.399998	0.73362464	0.2651957	4.217268	0.28268203	0.72632056	0.1	170000	4363.213855981827
68	-39.58	-39.58	-50.0	0.74965924	0.2842657	5.3398657	0.27779952	0.7407687	0.0	172500	4423.610683441162
69	-45.46	-45.46	-45.5	0.7287767	0.22166859	2.748879	0.29406714	0.7221904	0.2	175000	4483.982388973236
70	-41.5	-41.5	-44.600002	0.76181716	0.2563401	3.3814406	0.22179934	0.7525163	0.2	177500	4544.128456830978
71	-44.46	-44.46	-48.4	0.7374625	0.2379413	3.6902802	0.2474728	0.72914743	0.0	180000	4604.715328216553
72	-47.58	-47.58	-39.2	0.7560667	0.2887472	6.6154723	0.26402554	0.74910796	0.4	182500	4664.906876325607
73	-48.04	-48.04	-40.0	0.7526297	0.26736215	6.023033	0.2852814	0.7465286	0.2	185000	4725.20231628418
74	-41.02	-41.02	-50.0	0.779028	0.3129348	5.607325	0.25897947	0.76798874	0.0	187500	4785.685878992081
75	-45.72	-45.72	-41.3	0.7684386	0.26595256	3.7982597	0.26690257	0.75736904	0.2	190000	4846.651695013046
76	-46.42	-46.42	-49.7	0.77151084	0.28306958	3.9570358	0.29890475	0.76123655	0.0	192500	4907.354026079178
77	-44.32	-44.32	-41.100002	0.7629526	0.24297245	2.7558835	0.30464423	0.7546252	0.2	195000	4968.377857208252
78	-45.02	-45.02	-50.0	0.7786743	0.2911624	4.469398	0.2988364	0.76874024	0.0	197500	5028.7370574474335
79	-46.88	-46.88	-41.600002	0.7536987	0.23607509	3.1902156	0.27295855	0.7495912	0.2	200000	5089.018794536591
80	-43.5	-43.5	-43.3	0.7506232	0.24763583	3.298208	0.29593572	0.7435206	0.3	202500	5150.468757390976
81	-46.0	-46.0	-45.899998	0.7683469	0.25764516	3.7208943	0.27167013	0.75861305	0.1	205000	5211.542487621307
82	-44.62	-44.62	-45.0	0.77293605	0.313401	5.0249543	0.266425	0.760572	0.1	207500	5272.87428855896
83	-42.34	-42.34	-44.7	0.7637653	0.27018845	3.7837536	0.31416208	0.76001996	0.1	210000	5333.613487958908
84	-47.14	-47.14	-41.100002	0.7765127	0.26505554	3.9426565	0.20646223	0.77399707	0.2	212500	5394.194728851318
85	-46.44	-46.44	-41.5	0.77152663	0.30330363	4.1792336	0.27752984	0.763625	0.2	215000	5455.608869552612
86	-44.68	-44.68	-49.9	0.79104835	0.31722358	5.2051115	0.28912944	0.79105616	0.1	217500	5517.111533880234
87	-46.4	-46.4	-40.8	0.7762782	0.27539885	5.0540123	0.3144543	0.77712077	0.2	220000	5579.624356269836
88	-46.0	-46.0	-40.0	0.7839222	0.31033894	4.5469356	0.28171203	0.78101903	0.2	222500	5640.865128517151
89	-40.16	-40.16	-41.5	0.77939916	0.2761455	3.922379	0.28292716	0.7752712	0.2	225000	5701.68051981926
90	-44.12	-44.12	-44.899998	0.7957561	0.3001703	4.319874	0.27775854	0.7855738	0.1	227500	5762.1503093242645
91	-41.68	-41.68	-48.0	0.79960376	0.29942924	5.755982	0.27286604	0.7953396	0.1	230000	5823.790004968643
92	-42.28	-42.28	-41.600002	0.789766	0.26068774	3.4989562	0.293428	0.7916975	0.2	232500	5883.914605379105
93	-41.46	-41.46	-48.3	0.7971388	0.27048492	4.130044	0.30684972	0.794712	0.1	235000	5944.624311685562
94	-47.08	-47.08	-38.5	0.80575603	0.30738515	4.6464005	0.30205318	0.80051	0.2	237500	6005.648664474487
95	-41.26	-41.26	-41.8	0.8074278	0.26033804	3.1264558	0.31101912	0.8058737	0.2	240000	6066.470144748688
96	-45.42	-45.42	-45.600002	0.7967554	0.25815946	3.649705	0.26074266	0.79715914	0.2	242500	6126.921894073486
97	-44.38	-44.38	-41.3	0.8047113	0.28772643	4.8265333	0.29690057	0.80348796	0.2	245000	6187.633022546768
98	-41.34	-41.34	-39.8	0.8033659	0.30029804	4.9576616	0.2571057	0.7997426	0.2	247500	6249.27738571167
99	-43.06	-43.06	-38.5	0.80641305	0.28464207	4.6868343	0.28404105	0.79587543	0.3	250000	6310.980250835419
100	-43.32	-43.32	-44.3	0.83045053	0.32183674	5.559426	0.34433347	0.8245327	0.3	252500	6371.439134597778
101	-44.94	-44.94	-34.100002	0.8213355	0.29204163	4.2550535	0.31732762	0.81885606	0.3	255000	6432.497896194458
102	-44.44	-44.44	-42.2	0.8278229	0.29133216	3.5490897	0.29910082	0.8212858	0.2	257500	6493.041718959808
103	-44.38	-44.38	-33.8	0.82308483	0.29902002	4.414643	0.3516761	0.8210519	0.4	260000	6553.676267385483
104	-42.28	-42.28	-36.2	0.8203844	0.27805188	4.619993	0.34446833	0.8120366	0.3	262500	6614.278698205948
105	-42.3	-42.3	-42.600002	0.8227264	0.29890093	4.4825974	0.2947622	0.81555426	0.2	265000	6675.386798143387
106	-42.12	-42.12	-36.100002	0.8290544	0.26536882	3.7978563	0.27721402	0.83149177	0.4	267500	6736.242441654205
107	-42.42	-42.42	-39.0	0.8523007	0.27801698	3.7008548	0.33327097	0.8538097	0.3	270000	6797.8630311489105
108	-39.92	-39.92	-41.0	0.8577392	0.34200224	4.7628274	0.28155106	0.84596974	0.4	272500	6859.230909109116
109	-41.84	-41.84	-37.399998	0.8568013	0.30514503	4.387522	0.3196336	0.8572547	0.4	275000	6920.447372436523
110	-43.74	-43.74	-39.7	0.8547065	0.29912356	4.2911186	0.36249304	0.8518126	0.3	277500	6982.023824453354
111	-41.34	-41.34	-35.7	0.8578811	0.3409241	5.013775	0.30469614	0.85538024	0.4	280000	7045.454391956329
112	-39.78	-39.78	-42.5	0.8469415	0.28748214	3.8368733	0.33053002	0.84680796	0.2	282500	7106.697272539139
113	-42.7	-42.7	-38.600002	0.8806794	0.3534156	5.872566	0.28611422	0.8785934	0.5	285000	7168.436538219452
114	-40.72	-40.72	-34.8	0.8681987	0.3382351	4.8802347	0.30055752	0.8653535	0.4	287500	7231.11830329895
115	-40.02	-40.02	-39.7	0.89057046	0.39147112	5.428774	0.2681856	0.88480467	0.2	290000	7293.175383090973
116	-35.98	-35.98	-35.5	0.8993253	0.3899033	5.1224704	0.34264323	0.8986194	0.5	292500	7354.897848367691
117	-44.52	-44.52	-18.800001	0.88735753	0.37250847	5.5568256	0.37240314	0.8861793	0.8	295000	7415.684077501297
118	-39.1	-39.1	-49.4	0.8908797	0.43330058	7.7166867	0.36692256	0.8788694	0.0	297500	7478.644507884979
119	-40.04	-40.04	-32.3	0.87785566	0.39696494	6.423769	0.3794484	0.86955726	0.5	300000	7541.2072830200195
120	-38.52	-38.52	-33.399998	0.8525351	0.34956217	6.799844	0.33027738	0.8521846	0.6	302500	7603.571920156479
121	-36.64	-36.64	-35.399998	0.8454498	0.30320716	4.85819	0.36271587	0.8493037	0.5	305000	7665.338477373123
122	-38.0	-38.0	-30.0	0.84806836	0.3080284	5.607194	0.29140824	0.8403103	0.6	307500	7726.804908514023
123	-37.84	-37.84	-30.5	0.8466985	0.3072595	4.580695	0.31843382	0.84324247	0.6	310000	7786.842095851898
124	-37.5	-37.5	-38.3	0.8483729	0.34484878	6.391489	0.32111037	0.8503905	0.4	312500	7847.780465364456
125	-37.2	-37.2	-39.399998	0.8375264	0.32158732	5.30756	0.2894234	0.83447236	0.4	315000	7909.530020236969
126	-35.58	-35.58	-30.8	0.8253125	0.2746275	3.9699254	0.32262754	0.82736206	0.8	317500	7971.749586820602
127	-38.42	-38.42	-25.6	0.8272218	0.29780424	3.731827	0.37772173	0.82790744	0.6	320000	8033.643332004547
128	-38.86	-38.86	-23.5	0.8083644	0.27236623	4.7022176	0.3225703	0.8075944	0.8	322500	8095.157248497009
129	-35.6	-35.6	-25.0	0.8212376	0.3253331	5.5214233	0.34237057	0.81959385	0.8	325000	8157.077613353729
130	-37.98	-37.98	-23.6	0.8190983	0.2920954	4.2048798	0.30579343	0.8189298	0.6	327500	8219.781792640686
131	-34.06	-34.06	-36.100002	0.7992705	0.28886265	4.004697	0.31720355	0.807659	0.6	330000	8282.6697640419
132	-36.58	-36.58	-31.5	0.8061357	0.30107874	7.346782	0.3504176	0.8071239	0.6	332500	8344.149873018265
133	-37.1	-37.1	-29.8	0.810904	0.30103335	4.817772	0.35537544	0.8167275	0.6	335000	8405.717949867249
134	-33.74	-33.74	-36.8	0.8278914	0.30001572	3.3806446	0.3240499	0.8290878	0.4	337500	8468.194984197617
135	-36.26	-36.26	-33.5	0.8281561	0.30011377	3.9411402	0.2642385	0.832626	0.5	340000	8530.89508485794
136	-31.3	-31.3	-27.3	0.7913458	0.25715944	3.4971354	0.30781895	0.7956529	0.6	342500	8593.788890600204
137	-31.58	-31.58	-25.8	0.80019766	0.274943	3.5762951	0.32950425	0.8044435	0.6	345000	8655.573167324066
138	-33.92	-33.92	-13.3	0.78330886	0.26536968	4.288036	0.31408745	0.78703386	1.0	347500	8718.305085420609
139	-31.56	-31.56	-27.1	0.7970886	0.26364532	3.9008505	0.32736897	0.7996353	0.6	350000	8780.342453718185
140	-33.82	-33.82	-24.8	0.787786	0.27443728	3.9564323	0.306881	0.7849187	0.7	352500	8842.6673848629
141	-34.44	-34.44	-23.5	0.7905849	0.2896428	4.209532	0.3165957	0.7925668	0.7	355000	8904.588997125626
142	-31.98	-31.98	-38.7	0.7882534	0.2781188	3.2020316	0.3481783	0.7828137	0.4	357500	8967.547881364822
143	-31.3	-31.3	-30.6	0.7926129	0.29952988	3.7672594	0.3624187	0.79384166	0.6	360000	9029.611827611923
144	-30.9	-30.9	-13.5	0.7716914	0.26123422	3.4367275	0.29250318	0.77239656	0.9	362500	9091.945129394531
145	-29.78	-29.78	-27.1	0.7545956	0.2688608	3.6692505	0.21932423	0.75236076	0.5	365000	9154.128226280212
146	-35.02	-35.02	-24.6	0.77228147	0.2916985	6.4159827	0.3080468	0.7637002	0.8	367500	9217.078856945038
147	-35.82	-35.82	-25.8	0.78233904	0.41720304	10.610214	0.31272438	0.7734213	0.6	370000	9279.617029190063
148	-32.24	-32.24	-19.9	0.787002	0.43192455	9.62021	0.26386255	0.78322786	0.9	372500	9341.437414884567
149	-34.16	-34.16	-24.2	0.7426814	0.25658587	3.5088456	0.23075724	0.73198974	0.7	375000	9403.843853473663
150	-29.42	-29.42	-19.6	0.746664	0.29723352	4.1734614	0.25626057	0.74258137	0.9	377500	9466.60137796402
151	-30.42	-30.42	-21.699999	0.73733115	0.27102056	3.6875107	0.33680445	0.7284129	0.9	380000	9528.617741823196
152	-32.08	-32.08	-18.300001	0.7326046	0.27758297	4.816131	0.30583048	0.725944	0.8	382500	9592.738121509552
153	-33.16	-33.16	-17.4	0.7260017	0.26897728	3.3974745	0.2703451	0.715805	0.8	385000	9656.417072534561
154	-30.66	-30.66	-24.9	0.72965676	0.3050836	5.635893	0.29746538	0.726483	0.7	387500	9718.573192119598
155	-31.28	-31.28	-18.6	0.7176843	0.26120505	4.705217	0.24077123	0.7086686	1.0	390000	9780.78347659111
156	-34.32	-34.32	-24.6	0.7175949	0.262531	3.6705592	0.29934615	0.7080344	0.8	392500	9843.123814582825
157	-28.48	-28.48	-28.0	0.7276898	0.35259762	6.830309	0.30534157	0.71471995	0.5	395000	9905.538072109222
158	-31.68	-31.68	-15.3	0.71087086	0.3039362	5.2629814	0.2963745	0.7028973	0.9	397500	9966.79510307312
159	-31.78	-31.78	-20.300001	0.7102895	0.2968074	5.056501	0.32471728	0.7066683	0.9	400000	10028.287764310837
160	-34.92	-34.92	-20.699999	0.69256884	0.2830789	4.4851108	0.28906476	0.6855535	0.8	402500	10091.228368759155
161	-28.26	-28.26	-26.2	0.68707436	0.28058055	5.686763	0.27338907	0.68837935	0.6	405000	10153.453089237213
162	-31.48	-31.48	-12.7	0.6880348	0.25660303	3.2822323	0.26933134	0.68248314	1.0	407500	10216.16292142868
163	-35.0	-35.0	-21.6	0.699665	0.27066547	5.0734706	0.27336586	0.6921125	0.8	410000	10278.797405004501
164	-28.48	-28.48	-19.4	0.7002682	0.29457214	4.765845	0.2932192	0.6979646	0.9	412500	10340.788345575333
165	-30.94	-30.94	-28.4	0.6905125	0.25493348	2.778718	0.25433144	0.6877025	0.8	415000	10402.006860494614
166	-33.24	-33.24	-29.2	0.70353293	0.3369809	7.209561	0.27949935	0.69746435	0.7	417500	10464.525910139084
167	-30.54	-30.54	-20.800001	0.689071	0.28852478	3.6985726	0.29042894	0.67750573	0.8	420000	10527.330478668213
168	-32.68	-32.68	-21.0	0.70319116	0.29719946	3.9787705	0.2979058	0.70422316	0.9	422500	10589.820874452591
169	-30.48	-30.48	-13.4	0.6740979	0.2857354	7.7576694	0.27370444	0.6613297	0.9	425000	10651.023318767548
170	-31.42	-31.42	-23.1	0.6628059	0.25632858	3.7825663	0.2786623	0.6543909	0.8	427500	10711.735822439194
171	-33.78	-33.78	-23.5	0.6476333	0.2623073	6.2929616	0.30296993	0.644984	0.8	430000	10773.732538223267
172	-31.1	-31.1	-23.199999	0.6556476	0.27847558	6.585736	0.23547265	0.65119445	0.8	432500	10834.430624723434
173	-30.62	-30.62	-22.699999	0.6450226	0.23087701	2.7905526	0.23994131	0.64325815	0.9	435000	10895.531245470047
174	-23.64	-23.64	-26.4	0.6275501	0.26881894	7.1668286	0.28497708	0.62071496	0.7	437500	10957.686757802963
175	-30.72	-30.72	-17.5	0.640969	0.23805057	3.144174	0.27806634	0.6363	1.0	440000	11019.546509027481
176	-29.16	-29.16	-28.3	0.65003103	0.29285514	3.2923129	0.27790034	0.63568425	0.7	442500	11082.237410783768
177	-30.0	-30.0	-22.800001	0.627548	0.24524526	3.166593	0.28437853	0.6232539	0.8	445000	11143.312609672546
178	-28.32	-28.32	-29.5	0.62042046	0.25960848	5.8047175	0.2967261	0.60948145	0.6	447500	11204.906452178955
179	-30.08	-30.08	-20.0	0.61554104	0.26633188	4.131485	0.24117506	0.5992434	0.9	450000	11266.774888515472
180	-31.58	-31.58	-17.6	0.62176466	0.25559393	3.6797125	0.27549183	0.60613185	0.9	452500	11329.583305120468
181	-33.3	-33.3	-22.199999	0.6249287	0.3480358	7.425836	0.2769077	0.61355823	0.8	455000	11391.324390888214
182	-30.54	-30.54	-21.199999	0.60581315	0.24333645	4.460188	0.29436114	0.59640723	0.9	457500	11452.850230693817
183	-28.76	-28.76	-22.5	0.604739	0.29580408	6.2323885	0.27675143	0.5940604	1.0	460000	11514.813497066498
184	-25.28	-25.28	-26.9	0.609551	0.3314813	8.353591	0.28555405	0.59435886	0.6	462500	11577.491055488586
185	-28.46	-28.46	-27.0	0.59990174	0.2971638	6.954985	0.28006345	0.59539574	0.6	465000	11638.977175235748
186	-34.98	-34.98	-21.800001	0.6138701	0.27927008	3.7818317	0.304885	0.6004878	1.0	467500	11700.23155784607
187	-28.28	-28.28	-19.6	0.61225843	0.3385814	7.607763	0.28035036	0.5968444	0.9	470000	11760.747012853622
188	-32.52	-32.52	-20.6	0.58516896	0.24546409	3.9212904	0.2732592	0.5760718	0.8	472500	11822.422776222229
189	-24.44	-24.44	-17.9	0.58226246	0.24704774	4.384151	0.25833887	0.57190883	0.9	475000	11884.57170701027
190	-29.76	-29.76	-21.1	0.57403433	0.24276343	4.4133005	0.2669948	0.56764466	0.9	477500	11946.78652882576
191	-30.68	-30.68	-22.699999	0.56942713	0.23688646	4.679766	0.21607003	0.5624293	0.8	480000	12008.761765003204
192	-25.44	-25.44	-14.8	0.5821644	0.31546152	9.362089	0.25602293	0.5736888	1.0	482500	12070.055528402328
193	-27.1	-27.1	-13.8	0.57282436	0.22705896	4.34889	0.2747472	0.5696723	0.9	485000	12132.020797729492
194	-28.72	-28.72	-17.800001	0.5904746	0.29394516	6.644706	0.26265693	0.5754273	0.9	487500	12192.995616674423
195	-32.18	-32.18	-16.0	0.57604635	0.23340069	4.9632006	0.2632358	0.55962896	0.9	490000	12253.740038394928
196	-27.76	-27.76	-17.9	0.56106824	0.27931508	5.3600645	0.2807966	0.5527378	0.9	492500	12315.096373081207
197	-31.7	-31.7	-16.5	0.5643523	0.3025709	6.8159795	0.28787073	0.5615559	0.9	495000	12376.669824123383
198	-30.3	-30.3	-25.4	0.5553363	0.21294424	3.5478916	0.2706818	0.54692495	0.9	497500	12438.326424121857
199	-29.4	-29.4	-16.800001	0.5505427	0.22556667	3.3289456	0.25629607	0.5418502	0.9	500000	12500.405466556549
200	-28.68	-28.68	-15.0	0.5522853	0.22713654	4.9352436	0.25439516	0.5421612	1.0	502500	12563.166908502579
201	-26.82	-26.82	-15.8	0.57305163	0.25459844	5.0088573	0.22344723	0.5616842	1.0	505000	12624.495532035828
202	-31.08	-31.08	-20.5	0.5547145	0.26672852	6.1046395	0.2699981	0.54748315	0.9	507500	12686.637635946274
203	-32.82	-32.82	-16.6	0.55181944	0.28156087	7.308957	0.26590884	0.5455345	1.0	510000	12748.833604097366
204	-28.74	-28.74	-20.5	0.5419844	0.26550367	5.9744225	0.27824208	0.5367264	1.0	512500	12811.909536600113
205	-29.06	-29.06	-12.7	0.56213236	0.32634208	5.5764766	0.21796183	0.5535135	1.0	515000	12874.35255908966
206	-32.06	-32.06	-15.8	0.5425156	0.21748067	5.4589424	0.2509158	0.5417651	1.0	517500	12936.31505703926
207	-26.88	-26.88	-16.5	0.54978883	0.23908459	4.080978	0.27104288	0.55106145	0.9	520000	12997.734409809113
208	-30.08	-30.08	-16.1	0.5529287	0.28822833	7.712966	0.27839154	0.55004364	1.0	522500	13059.904497385025
209	-25.28	-25.28	-20.5	0.55045396	0.26936093	6.332768	0.26133484	0.54806006	1.0	525000	13121.304357767105
210	-26.28	-26.28	-17.4	0.5525366	0.23754153	3.9974818	0.24627155	0.54696846	1.0	527500	13184.16261601448
211	-31.1	-31.1	-22.800001	0.5551101	0.27899906	6.7498956	0.27648455	0.55460733	0.9	530000	13246.495813846588
212	-26.44	-26.44	-15.8	0.5569353	0.23489468	4.987783	0.24207339	0.5479862	1.0	532500	13308.995484113693
213	-26.84	-26.84	-19.4	0.54726523	0.24737228	6.121466	0.26358452	0.5465862	0.9	535000	13372.072840929031
214	-29.64	-29.64	-15.2	0.5625991	0.34198904	7.4592485	0.28001177	0.5543433	0.9	537500	13436.782473564148
215	-26.1	-26.1	-19.300001	0.5160012	0.1609483	4.00479	0.27952036	0.5143358	0.9	540000	13499.24623966217
216	-27.1	-27.1	-21.9	0.53177816	0.22835939	6.425594	0.26540256	0.5305609	0.9	542500	13561.63806939125
217	-28.74	-28.74	-13.2	0.54448193	0.2167619	4.438978	0.26748997	0.53899413	1.0	545000	13624.618839740753
218	-29.92	-29.92	-17.0	0.550905	0.26609415	7.060611	0.2445607	0.5446885	1.0	547500	13687.333482980728
219	-26.8	-26.8	-22.199999	0.5502522	0.17549266	2.6653326	0.28156126	0.5513761	0.9	550000	13750.282527446747
220	-28.06	-28.06	-16.199999	0.5552774	0.23379391	4.7338986	0.27788568	0.55753696	1.0	552500	13813.430529594421
221	-26.78	-26.78	-18.1	0.54625446	0.17894353	2.5123153	0.27352303	0.54469967	1.0	555000	13876.033078193665
222	-28.3	-28.3	-27.0	0.55486465	0.29125693	6.611403	0.26159897	0.54614866	0.8	557500	13938.374886989594
223	-27.14	-27.14	-15.5	0.5538626	0.2789185	7.5426717	0.2573203	0.55284387	1.0	560000	14000.08697462082
224	-25.9	-25.9	-23.8	0.5579401	0.30716223	7.6825366	0.2635808	0.54324234	0.8	562500	14061.75211429596
225	-30.52	-30.52	-19.4	0.5521525	0.21353355	2.8153594	0.2561137	0.5493673	0.9	565000	14124.872356891632
226	-25.88	-25.88	-19.5	0.5441071	0.25550425	6.2110567	0.2703064	0.5405298	1.0	567500	14187.100961208344
227	-25.04	-25.04	-20.0	0.5596032	0.30358914	8.278889	0.26913905	0.54747206	1.0	570000	14249.414313077927
228	-28.44	-28.44	-17.800001	0.55418223	0.2769164	6.817608	0.28503788	0.5395876	1.0	572500	14311.966624498367
229	-25.32	-25.32	-14.8	0.5578768	0.27009797	6.871336	0.24849801	0.547776	1.0	575000	14375.157346963882
230	-26.98	-26.98	-17.9	0.56077236	0.25731355	7.2465296	0.26809412	0.54865307	1.0	577500	14437.407818317413
231	-27.66	-27.66	-10.5	0.5559322	0.30258393	8.212333	0.2805035	0.543583	1.0	580000	14499.448797941208
232	-28.02	-28.02	-25.0	0.55966854	0.33057454	9.689797	0.24965835	0.55585706	1.0	582500	14561.458208560944
233	-26.78	-26.78	-16.9	0.567427	0.2617607	4.654062	0.26771235	0.55814856	0.9	585000	14623.66198515892
234	-28.84	-28.84	-18.300001	0.55181134	0.22481537	5.233542	0.26459712	0.5475942	0.9	587500	14687.180525302887
235	-28.04	-28.04	-19.300001	0.5506595	0.21367408	4.1220794	0.2687143	0.5441679	1.0	590000	14749.413750886917
236	-22.94	-22.94	-12.2	0.54026026	0.20613804	6.2348714	0.21459314	0.535955	1.0	592500	14811.676175355911
237	-28.9	-28.9	-20.699999	0.54610044	0.19008125	3.1364708	0.24634802	0.5364459	0.9	595000	14872.43600153923
238	-27.18	-27.18	-18.199999	0.5453378	0.18642701	3.3185863	0.26785463	0.5403981	1.0	597500	14934.632061481476
239	-30.14	-30.14	-25.1	0.5777754	0.28128463	8.957497	0.29806963	0.5651812	0.9	600000	14995.822289705276
240	-25.44	-25.44	-21.6	0.57290196	0.2549693	4.8398213	0.27378315	0.5684762	0.9	602500	15057.298768520355
241	-26.64	-26.64	-18.9	0.57351947	0.251876	4.452215	0.29149765	0.5664471	1.0	605000	15118.501152515411
242	-28.08	-28.08	-13.0	0.5682916	0.22521386	4.7439795	0.2894575	0.5536136	1.0	607500	15180.151722192764
243	-28.76	-28.76	-20.0	0.56322247	0.27260384	6.981883	0.25865448	0.55361754	0.9	610000	15242.563427686691
244	-24.46	-24.46	-22.4	0.56302637	0.2812986	8.976247	0.28460893	0.54991156	0.8	612500	15305.20101094246
245	-25.88	-25.88	-18.4	0.56754243	0.22612093	5.3907022	0.26851195	0.5565188	1.0	615000	15366.466719865799
246	-28.18	-28.18	-15.0	0.5725741	0.36029014	8.753268	0.25174165	0.5561068	1.0	617500	15429.536368846893
247	-26.2	-26.2	-11.7	0.5764667	0.27346626	5.720443	0.27216858	0.5691783	1.0	620000	15491.819122076035
248	-28.7	-28.7	-13.6	0.565393	0.19825067	4.4859147	0.27031544	0.55703217	1.0	622500	15553.741630792618
249	-25.22	-25.22	-19.4	0.57159334	0.20410037	5.5995417	0.2947176	0.5617035	0.9	625000	15615.951998710632
250	-28.36	-28.36	-15.1	0.5762959	0.27097017	7.4801717	0.28351152	0.5628235	1.0	627500	15677.888203382492
251	-31.84	-31.84	-18.6	0.5619614	0.20806132	5.930111	0.2926172	0.554828	0.9	630000	15740.023347854614
252	-28.82	-28.82	-19.300001	0.5890723	0.24188614	5.3157263	0.27682245	0.5883337	1.0	632500	15801.915286302567
253	-29.56	-29.56	-20.5	0.5854016	0.24152215	4.1402125	0.24510485	0.571984	1.0	635000	15864.824436187744
254	-28.12	-28.12	-20.800001	0.590473	0.2691476	6.842468	0.26925582	0.5773166	1.0	637500	15928.107419729233
255	-30.16	-30.16	-14.8	0.5869468	0.23985426	5.3118005	0.3087639	0.5804115	1.0	640000	15989.78176689148
256	-27.46	-27.46	-18.0	0.5977524	0.5513883	17.610516	0.2904569	0.58442724	1.0	642500	16051.858721256256
257	-27.66	-27.66	-15.2	0.5927351	0.49711072	17.647928	0.3169162	0.5859427	1.0	645000	16113.521082162857
258	-26.04	-26.04	-10.900001	0.5790161	0.3018459	8.977598	0.24291275	0.5718729	1.0	647500	16177.359097242355
259	-27.44	-27.44	-14.4	0.5827356	0.3116858	11.721996	0.26042	0.576375	0.9	650000	16239.906640529633
260	-25.52	-25.52	-15.8	0.6084743	0.3885539	10.991506	0.30181944	0.5909418	1.0	652500	16303.859944820404
261	-24.46	-24.46	-13.9	0.6029932	0.29976952	9.787598	0.31051636	0.590734	1.0	655000	16365.916011333466
262	-28.74	-28.74	-17.4	0.59367484	0.1921075	3.2513108	0.2677309	0.58089113	1.0	657500	16429.50657939911
263	-25.76	-25.76	-15.6	0.59985274	0.20486946	3.78034	0.30676472	0.58996385	1.0	660000	16490.378039598465
264	-22.46	-22.46	-15.4	0.62020946	0.23021092	3.46767	0.27130514	0.60256076	1.0	662500	16552.96477985382
265	-29.26	-29.26	-15.0	0.623773	0.44154495	17.654646	0.30687273	0.62116337	1.0	665000	16614.813370227814
266	-27.9	-27.9	-17.800001	0.61109793	0.20244165	3.3355312	0.30674767	0.59854007	1.0	667500	16677.83250975609
267	-28.28	-28.28	-15.1	0.6006299	0.22120509	6.648514	0.2993949	0.5833909	1.0	670000	16740.667473316193
268	-26.86	-26.86	-20.6	0.5838526	0.1976811	5.5422	0.28258812	0.5718364	1.0	672500	16803.05998468399
269	-29.6	-29.6	-18.6	0.62069887	0.38374692	14.780532	0.28506708	0.6015672	1.0	675000	16864.89865207672
270	-26.16	-26.16	-17.800001	0.61279273	0.26955655	8.276775	0.27977133	0.60015297	0.9	677500	16927.226469516754
271	-25.14	-25.14	-24.7	0.6237082	0.2334637	3.3918574	0.29611522	0.6074349	0.9	680000	16989.63132071495
272	-25.58	-25.58	-16.9	0.63328844	0.28695777	8.605725	0.31165713	0.61805254	1.0	682500	17052.046233654022
273	-27.14	-27.14	-15.2	0.6264842	0.20479399	4.313524	0.29803836	0.60840416	1.0	685000	17114.53400874138
274	-29.08	-29.08	-20.199999	0.63723314	0.36233345	11.518494	0.3200003	0.6226024	1.0	687500	17175.896728277206
275	-27.7	-27.7	-16.1	0.63678175	0.3398671	9.886924	0.3102989	0.62448704	1.0	690000	17238.344264745712
276	-25.12	-25.12	-12.0	0.6390358	0.4401184	11.156458	0.30940956	0.6369276	1.0	692500	17301.635212183
277	-28.06	-28.06	-17.6	0.62785685	0.28877577	6.436941	0.30345958	0.602537	1.0	695000	17364.22549033165
278	-27.5	-27.5	-22.199999	0.6225282	0.22043587	5.256143	0.2858981	0.609264	0.9	697500	17426.673676013947
279	-26.52	-26.52	-19.5	0.66051453	0.5331342	11.824489	0.29882786	0.6394115	1.0	700000	17489.063316822052
280	-25.34	-25.34	-14.0	0.6455573	0.34854618	13.010589	0.28774083	0.6273941	1.0	702500	17550.880229711533
281	-24.96	-24.96	-15.7	0.62208027	0.19040391	3.2995925	0.2766919	0.602385	0.9	705000	17614.522670269012
282	-21.88	-21.88	-14.8	0.6479602	0.34425464	9.272967	0.31431168	0.63540584	1.0	707500	17676.651683807373
283	-24.12	-24.12	-15.9	0.6327603	0.33973223	12.6205845	0.29910702	0.617547	1.0	710000	17737.426204919815
284	-27.74	-27.74	-19.699999	0.6421504	0.19465268	2.8666263	0.33172786	0.6300005	0.8	712500	17801.176139116287
285	-28.76	-28.76	-15.4	0.6742144	0.3782258	12.533806	0.30576518	0.6562757	0.9	715000	17863.768015623093
286	-26.0	-26.0	-17.300001	0.68905747	0.3212986	8.918287	0.3315107	0.67199826	1.0	717500	17926.395409584045
287	-26.12	-26.12	-19.800001	0.6688726	0.28656486	7.9908233	0.29987043	0.6506216	1.0	720000	17989.883752822876
288	-22.34	-22.34	-20.300001	0.6661965	0.26375735	7.3701563	0.31534082	0.6449167	0.9	722500	18052.798710107803
289	-29.1	-29.1	-17.9	0.6666609	0.2167151	5.164075	0.3354575	0.65892994	0.9	725000	18116.57908987999
290	-25.96	-25.96	-17.699999	0.65979016	0.20755583	3.7917202	0.3228814	0.64126134	0.9	727500	18179.194447040558
291	-31.1	-31.1	-16.0	0.66720116	0.22337897	4.362653	0.31543317	0.64991516	1.0	730000	18241.57716679573
292	-26.94	-26.94	-19.199999	0.69008744	0.41545367	11.580799	0.3244704	0.67185813	1.0	732500	18304.41339492798
293	-25.12	-25.12	-20.199999	0.687521	0.43846583	10.440894	0.31828576	0.6785692	0.9	735000	18366.853179216385
294	-24.76	-24.76	-18.699999	0.657062	0.27369478	8.229514	0.34518594	0.6352815	1.0	737500	18428.826400995255
295	-26.68	-26.68	-15.8	0.6691079	0.24578664	4.485052	0.29501307	0.65387213	0.9	740000	18490.986622333527
296	-27.22	-27.22	-15.5	0.6705729	0.24729013	5.15525	0.29526675	0.65185857	0.9	742500	18554.2726521492
297	-24.54	-24.54	-15.1	0.69000816	0.40635136	9.505244	0.316937	0.67203224	1.0	745000	18617.105664491653
298	-24.48	-24.48	-16.800001	0.6786113	0.34260675	9.171099	0.31964898	0.6579314	1.0	747500	18680.0678255558
299	-28.4	-28.4	-14.9	0.6782817	0.29240376	8.026968	0.29595548	0.6615865	1.0	750000	18743.46719932556
300	-25.46	-25.46	-17.6	0.7009848	0.34994575	9.932286	0.3154301	0.6825529	0.9	752500	18805.933017492294
301	-23.9	-23.9	-15.9	0.68393713	0.30672652	7.0102253	0.25539666	0.66607994	1.0	755000	18868.390667915344
302	-24.14	-24.14	-16.0	0.6922097	0.28325987	4.5056124	0.32738966	0.66386646	1.0	757500	18931.78321170807
303	-27.42	-27.42	-13.5	0.6944381	0.26370576	6.918719	0.3592853	0.67381567	1.0	760000	18995.262736320496
304	-25.66	-25.66	-14.8	0.6894278	0.36106795	12.441699	0.30884773	0.65716684	1.0	762500	19058.94156074524
305	-24.18	-24.18	-13.3	0.70374006	0.386714	8.990185	0.34764385	0.66249365	1.0	765000	19122.704519033432
306	-25.9	-25.9	-12.8	0.70093787	0.321764	7.1179423	0.32622468	0.68084776	1.0	767500	19185.619799137115
307	-25.36	-25.36	-15.5	0.69567263	0.43405825	10.302148	0.32085	0.6757223	1.0	770000	19248.064281225204
308	-27.14	-27.14	-17.199999	0.66027665	0.21435863	4.007634	0.30181926	0.64152	0.9	772500	19310.4092400074
309	-27.58	-27.58	-16.300001	0.68856674	0.2540635	6.6466064	0.31283525	0.6629034	1.0	775000	19372.872069358826
310	-27.96	-27.96	-17.300001	0.66415685	0.22908838	5.5833716	0.34803012	0.63881946	1.0	777500	19434.11402487755
311	-24.5	-24.5	-15.1	0.6756147	0.2056825	4.4065228	0.30697042	0.65564615	1.0	780000	19496.553087711334
312	-26.02	-26.02	-19.1	0.697999	0.4429518	10.541376	0.31625208	0.6723982	1.0	782500	19558.347917318344
313	-26.86	-26.86	-21.1	0.67451715	0.34388185	13.688074	0.28358924	0.65247947	0.9	785000	19620.96647286415
314	-26.42	-26.42	-12.2	0.70003796	0.37726077	10.65735	0.34079656	0.6739763	1.0	787500	19683.996557474136
315	-29.84	-29.84	-23.7	0.6988483	0.2563201	5.373619	0.33765674	0.6751068	0.9	790000	19746.209969997406
316	-26.78	-26.78	-18.4	0.7088411	0.31596908	8.199955	0.3434003	0.68306065	1.0	792500	19809.208676576614
317	-26.06	-26.06	-15.3	0.7093854	0.38780007	12.984191	0.35044366	0.68557435	0.9	795000	19871.017993688583
318	-25.24	-25.24	-13.0	0.7211235	0.36126605	10.306891	0.31297132	0.70530236	1.0	797500	19934.09081220627
319	-22.9	-22.9	-14.7	0.7120124	0.3008497	6.5035815	0.37143952	0.69123113	1.0	800000	19997.73053431511
320	-23.84	-23.84	-18.800001	0.7028688	0.21910559	4.1644073	0.35650364	0.6815846	0.9	802500	20061.041798830032
321	-23.86	-23.86	-15.0	0.69515854	0.38277468	14.042933	0.3233409	0.6683444	1.0	805000	20123.031911849976
322	-25.96	-25.96	-15.0	0.6898156	0.28343052	6.581093	0.32215032	0.6634717	1.0	807500	20186.642827749252
323	-24.0	-24.0	-18.0	0.7134448	0.40381882	10.325078	0.3753311	0.67999375	1.0	810000	20249.653924703598
324	-25.72	-25.72	-17.1	0.7324794	0.4014034	8.613571	0.37924778	0.70997727	1.0	812500	20311.71132159233
325	-26.84	-26.84	-19.0	0.70569277	0.29719236	8.255746	0.36272544	0.6814155	0.9	815000	20375.482640504837
326	-25.9	-25.9	-9.5	0.7121085	0.38551265	8.624714	0.34447396	0.6832024	1.0	817500	20438.442975997925
327	-27.96	-27.96	-14.0	0.705251	0.25637028	5.2582746	0.3275942	0.67928106	1.0	820000	20501.0394179821
328	-26.9	-26.9	-10.3	0.70453846	0.30728662	6.9831634	0.35214478	0.6814408	1.0	822500	20562.81918334961
329	-27.76	-27.76	-16.800001	0.70490444	0.26913902	7.419438	0.31198588	0.68968165	1.0	825000	20624.64726638794
330	-25.58	-25.58	-21.6	0.7115226	0.45967722	17.258045	0.31092852	0.68972045	1.0	827500	20687.463498353958
331	-27.02	-27.02	-15.6	0.7038969	0.30790624	7.0581226	0.31625742	0.67004305	1.0	830000	20749.56063270569
332	-24.1	-24.1	-11.8	0.7354283	0.50105774	11.720446	0.32937956	0.7071626	1.0	832500	20812.340037107468
333	-27.66	-27.66	-17.4	0.72028506	0.33594412	9.925877	0.36557984	0.6906294	1.0	835000	20876.46556377411
334	-24.74	-24.74	-12.3	0.71558154	0.28493655	6.202341	0.35784212	0.6954453	1.0	837500	20938.113862991333
335	-25.54	-25.54	-19.300001	0.70192516	0.32840037	9.650856	0.34745455	0.67386293	0.9	840000	21000.77439546585
336	-26.56	-26.56	-21.4	0.70233303	0.35807732	12.040917	0.3584216	0.6849475	1.0	842500	21062.742696762085
337	-23.14	-23.14	-14.4	0.70197636	0.47788098	14.616268	0.35838908	0.6747532	1.0	845000	21124.128593444824
338	-26.42	-26.42	-18.300001	0.69327563	0.34291914	11.22341	0.32242236	0.66826946	1.0	847500	21187.23513484001
339	-30.72	-30.72	-15.5	0.7003223	0.20076776	2.9675636	0.35469145	0.6724962	1.0	850000	21248.732823848724
340	-25.24	-25.24	-14.9	0.72789264	0.46990368	14.847282	0.36787277	0.6980508	1.0	852500	21310.21881198883
341	-27.1	-27.1	-16.5	0.7219724	0.472605	17.402992	0.29919118	0.6886241	1.0	855000	21372.42921280861
342	-22.96	-22.96	-15.2	0.7003208	0.22453332	4.2686067	0.23897679	0.6752679	1.0	857500	21433.533648252487
343	-25.24	-25.24	-14.6	0.70551014	0.43487215	13.3391	0.2743321	0.69004446	1.0	860000	21496.17389678955
344	-26.18	-26.18	-13.1	0.7176366	0.48725608	13.274679	0.3248338	0.683949	1.0	862500	21557.341866493225
345	-23.68	-23.68	-18.300001	0.7210409	0.39022598	10.595184	0.3638829	0.6816935	1.0	865000	21620.26811695099
346	-23.94	-23.94	-13.4	0.7008759	0.24062775	6.3103704	0.3312212	0.67653924	1.0	867500	21681.94470834732
347	-24.14	-24.14	-16.6	0.7074049	0.26618832	6.4732733	0.3780533	0.6808435	1.0	870000	21745.195007562637
348	-24.24	-24.24	-13.9	0.70917153	0.26843023	5.2172027	0.33648625	0.68730664	1.0	872500	21807.361247062683
349	-27.22	-27.22	-17.9	0.71172804	0.38164818	10.6592045	0.30257124	0.6754326	1.0	875000	21868.917271137238
350	-26.26	-26.26	-19.0	0.70592743	0.2611379	6.5137167	0.31505713	0.6769247	1.0	877500	21930.977334976196
351	-26.94	-26.94	-14.6	0.70058966	0.31470844	9.74863	0.29369467	0.6790478	1.0	880000	21993.20648574829
352	-27.98	-27.98	-20.5	0.6947068	0.22787951	5.50331	0.31475586	0.6710515	0.9	882500	22054.95293045044
353	-23.8	-23.8	-16.199999	0.7174072	0.2616309	6.025945	0.32377157	0.6928766	1.0	885000	22117.166209936142
354	-25.36	-25.36	-14.4	0.71785945	0.41385582	12.428741	0.3576826	0.6803716	1.0	887500	22180.320469379425
355	-28.12	-28.12	-17.199999	0.7130483	0.2428086	5.188375	0.34707817	0.689103	1.0	890000	22243.636177301407
356	-26.26	-26.26	-17.1	0.69813585	0.19698653	4.048549	0.32433903	0.6761872	1.0	892500	22306.15308022499
357	-25.32	-25.32	-15.3	0.7133664	0.23524715	4.956066	0.37001628	0.6877113	1.0	895000	22368.692468881607
358	-23.98	-23.98	-14.7	0.708234	0.22974165	5.4019003	0.38502884	0.68558866	1.0	897500	22431.136897563934
359	-28.56	-28.56	-17.6	0.73054093	0.32565388	6.897294	0.35164803	0.7048206	1.0	900000	22493.531218528748
360	-26.36	-26.36	-18.4	0.70793515	0.20574705	4.817984	0.323291	0.6880112	0.9	902500	22555.61355161667
361	-27.64	-27.64	-12.9	0.7147809	0.43817645	13.316558	0.3556205	0.67990565	1.0	905000	22619.23761820793
362	-22.26	-22.26	-13.3	0.72960097	0.3389766	11.745532	0.33864743	0.69995445	1.0	907500	22682.444222688675
363	-27.04	-27.04	-13.4	0.7239239	0.2525995	7.101967	0.3653679	0.6965681	1.0	910000	22745.508100032806
364	-24.32	-24.32	-17.5	0.73466206	0.50444037	19.221014	0.36350617	0.71253836	1.0	912500	22806.95403289795
365	-29.36	-29.36	-17.0	0.7239429	0.4501057	17.279945	0.29092193	0.6905889	1.0	915000	22870.02140879631
366	-24.86	-24.86	-16.199999	0.7039773	0.22701493	4.309129	0.36697623	0.6792738	0.9	917500	22932.7402677536
367	-27.16	-27.16	-14.8	0.71555996	0.20684795	3.6956751	0.36097002	0.68943346	1.0	920000	22994.907668590546
368	-21.94	-21.94	-22.4	0.7094856	0.21562916	4.858531	0.3604683	0.6786083	0.9	922500	23057.334938764572
369	-25.4	-25.4	-13.6	0.6961231	0.20656297	5.6748133	0.33666188	0.6737983	1.0	925000	23118.383360862732
370	-23.1	-23.1	-16.9	0.716101	0.23049918	5.9328313	0.3279655	0.69547004	1.0	927500	23181.336141109467
371	-27.0	-27.0	-12.7	0.70933855	0.2035841	3.9039435	0.31034166	0.6866429	1.0	930000	23243.8532705307
372	-22.26	-22.26	-17.300001	0.7219165	0.26985916	4.7472534	0.31732562	0.6933123	1.0	932500	23305.456148386
373	-22.82	-22.82	-14.5	0.7038416	0.24039471	4.713268	0.3234281	0.6825346	1.0	935000	23367.982843399048
374	-24.34	-24.34	-19.699999	0.72402334	0.5023999	12.567703	0.33408052	0.69349515	1.0	937500	23429.57584953308
375	-26.94	-26.94	-13.3	0.70391196	0.23617531	5.3872557	0.36199299	0.6797208	1.0	940000	23492.68494296074
376	-24.28	-24.28	-16.800001	0.698608	0.22142272	5.0428753	0.32498735	0.6727797	0.9	942500	23555.698899507523
377	-22.04	-22.04	-16.5	0.6889596	0.1952945	3.927929	0.3396566	0.6637352	1.0	945000	23618.60461449623
378	-19.72	-19.72	-22.9	0.7005072	0.3286136	12.723483	0.31139493	0.6762192	0.9	947500	23680.658012866974
379	-26.42	-26.42	-14.8	0.7273646	0.4893312	14.145772	0.35900933	0.69808763	1.0	950000	23744.36644935608
380	-30.08	-30.08	-14.1	0.7187831	0.34889504	11.670265	0.37109768	0.6879271	1.0	952500	23806.55100131035
381	-26.92	-26.92	-15.4	0.6933598	0.18623981	3.5959644	0.3553537	0.67342734	1.0	955000	23868.4964492321
382	-22.14	-22.14	-15.8	0.71357375	0.22069378	4.6221504	0.3436105	0.68720424	1.0	957500	23930.344928979874
383	-24.04	-24.04	-17.199999	0.7283167	0.24013932	3.3778427	0.36618015	0.70489895	1.0	960000	23992.593455076218
384	-26.26	-26.26	-12.3	0.72574186	0.24980788	4.0385156	0.31936276	0.69948435	1.0	962500	24054.712706565857
385	-22.26	-22.26	-12.0	0.6991821	0.20569892	5.873524	0.325243	0.6821511	1.0	965000	24115.91443324089
386	-25.86	-25.86	-17.0	0.7118789	0.19053745	3.4955103	0.35093424	0.6889571	1.0	967500	24178.733030080795
387	-27.3	-27.3	-14.8	0.7099601	0.19975828	4.0846457	0.3432305	0.69587773	1.0	970000	24240.75747537613
388	-24.96	-24.96	-13.5	0.72447777	0.21142215	4.3864927	0.37328058	0.70876443	1.0	972500	24302.520630836487
389	-26.58	-26.58	-15.1	0.7490547	0.23109788	3.8373406	0.37208447	0.7223969	1.0	975000	24366.43149971962
390	-28.88	-28.88	-12.3	0.73206484	0.23995434	6.603808	0.38878232	0.71092814	1.0	977500	24429.01197719574
391	-23.26	-23.26	-16.199999	0.71973985	0.20614266	4.056795	0.33450258	0.6972732	1.0	980000	24492.739175081253
392	-26.7	-26.7	-17.800001	0.7100132	0.21243547	5.469635	0.31259972	0.6905321	1.0	982500	24554.885559797287
393	-26.04	-26.04	-15.1	0.7141488	0.22683878	4.40561	0.35588914	0.693606	1.0	985000	24617.723375558853
394	-24.22	-24.22	-18.0	0.70158315	0.19262025	3.831049	0.3101384	0.6870188	0.9	987500	24680.02463388443
395	-22.96	-22.96	-18.4	0.7163665	0.20403011	4.0156317	0.33886752	0.6968975	0.9	990000	24742.972840309143
396	-25.18	-25.18	-16.4	0.72012734	0.21799798	3.8533688	0.350241	0.7004486	0.9	992500	24804.09862446785
397	-23.62	-23.62	-21.199999	0.70860887	0.1858107	3.2408154	0.34825322	0.6906121	0.9	995000	24865.81974697113
398	-24.94	-24.94	-13.6	0.7119723	0.193593	3.2499464	0.37187737	0.69205165	1.0	997500	24927.217361927032
399	-25.04	-25.04	-10.8	0.7080429	0.25137323	7.104424	0.34932566	0.69721776	1.0	1000000	24989.08845424652
400	-25.74	-25.74	-13.6	0.7037648	0.20897047	4.579248	0.31372154	0.67920434	1.0	1002500	25051.28574538231
401	-28.52	-28.52	-13.0	0.6962662	0.1868665	2.590983	0.32743183	0.6839482	1.0	1005000	25113.153039455414
402	-22.66	-22.66	-12.4	0.7106762	0.28453624	9.272748	0.32247186	0.69013315	1.0	1007500	25176.524841547012
403	-27.28	-27.28	-18.4	0.7065331	0.22660306	5.133436	0.3175068	0.6907231	0.9	1010000	25239.189611911774
404	-27.26	-27.26	-16.5	0.70617557	0.23793642	4.883219	0.3397876	0.6867856	0.9	1012500	25301.248594999313
405	-26.46	-26.46	-13.3	0.71668994	0.20309591	3.9340231	0.38875246	0.69312966	1.0	1015000	25365.03672003746
406	-27.38	-27.38	-15.4	0.71513075	0.21943189	4.409352	0.38583758	0.6984115	1.0	1017500	25427.971633195877
407	-24.0	-24.0	-16.699999	0.7154046	0.2500629	5.441721	0.38894355	0.6955038	0.9	1020000	25490.95815038681
408	-25.22	-25.22	-15.5	0.71313983	0.23307574	4.4993353	0.35306925	0.6995071	1.0	1022500	25552.90773320198
409	-25.76	-25.76	-23.4	0.7020995	0.22828995	4.390206	0.32390982	0.6756718	0.9	1025000	25615.764240264893
410	-27.44	-27.44	-13.7	0.70698804	0.18979615	3.5042176	0.3480974	0.68602306	1.0	1027500	25678.31672358513
411	-24.66	-24.66	-14.0	0.7198908	0.21441773	3.3086014	0.33493346	0.6988272	1.0	1030000	25739.95004439354
412	-22.46	-22.46	-14.0	0.72721815	0.28879282	7.308627	0.37242305	0.70823735	1.0	1032500	25801.95773434639
413	-27.66	-27.66	-15.1	0.73579943	0.23817736	5.099649	0.35708907	0.71691185	1.0	1035000	25865.12823820114
414	-27.98	-27.98	-15.0	0.70300394	0.19556437	3.6366246	0.34634018	0.6849653	0.9	1037500	25927.60633444786
415	-28.24	-28.24	-14.7	0.7111401	0.22406892	3.6328645	0.36910075	0.6913251	1.0	1040000	25990.074463367462
416	-26.12	-26.12	-15.3	0.7008352	0.20811926	5.49887	0.35465443	0.6774326	1.0	1042500	26053.140214681625
417	-23.98	-23.98	-9.7	0.7271094	0.2711407	5.848747	0.3713725	0.70233953	1.0	1045000	26116.660143852234
418	-28.82	-28.82	-12.8	0.70681983	0.20709135	4.001558	0.32825792	0.68373185	1.0	1047500	26179.40815782547
419	-25.44	-25.44	-16.300001	0.7056726	0.20571417	5.3704967	0.32786575	0.683645	0.9	1050000	26241.534648418427
420	-29.52	-29.52	-14.5	0.7112189	0.21923466	5.168128	0.3324917	0.69103944	1.0	1052500	26305.06628012657
421	-23.86	-23.86	-14.5	0.72786915	0.24128361	5.8392015	0.36412114	0.71106964	0.9	1055000	26368.14246225357
422	-24.48	-24.48	-15.4	0.7157991	0.20854492	3.7565877	0.3440349	0.694901	1.0	1057500	26430.250462055206
423	-23.68	-23.68	-15.1	0.721638	0.22450139	4.271788	0.35921896	0.7037452	1.0	1060000	26493.09663963318
424	-25.52	-25.52	-9.5	0.72203517	0.23141506	3.974871	0.35100698	0.70319384	1.0	1062500	26555.119671583176
425	-24.94	-24.94	-13.1	0.7103202	0.19783537	3.8165452	0.3770784	0.68827474	1.0	1065000	26618.1202852726
426	-27.0	-27.0	-13.4	0.71309924	0.20218214	4.3282714	0.35011792	0.6981752	1.0	1067500	26680.087148189545
427	-29.44	-29.44	-19.9	0.7250625	0.21592495	4.279767	0.36376426	0.6992847	1.0	1070000	26742.58208179474
428	-25.58	-25.58	-13.6	0.6934685	0.17058615	2.9375868	0.3629631	0.6815371	1.0	1072500	26804.0032453537
429	-25.26	-25.26	-15.0	0.7044107	0.21832763	5.6146655	0.34512097	0.68670475	1.0	1075000	26865.453605413437
430	-24.28	-24.28	-14.1	0.71466035	0.1949435	2.7991924	0.3485099	0.689097	1.0	1077500	26928.92545557022
431	-26.72	-26.72	-11.5	0.71294105	0.19246063	3.05404	0.32680553	0.68994594	1.0	1080000	26991.68637752533
432	-27.54	-27.54	-15.8	0.71815586	0.26413944	6.488643	0.36131915	0.6929326	1.0	1082500	27055.108585357666
433	-23.06	-23.06	-13.4	0.72143066	0.21834384	3.0538578	0.34583622	0.6981115	1.0	1085000	27116.846732378006
434	-25.22	-25.22	-13.5	0.7122564	0.2690133	7.600066	0.32493362	0.6954385	1.0	1087500	27180.37077140808
435	-24.08	-24.08	-17.4	0.7234573	0.23150517	4.237189	0.32022476	0.71148115	1.0	1090000	27243.39799308777
436	-26.52	-26.52	-15.3	0.7251702	0.25968796	6.9223046	0.370997	0.70496863	1.0	1092500	27306.53932118416
437	-26.48	-26.48	-14.8	0.7084689	0.21559845	4.5747547	0.32688838	0.68805003	1.0	1095000	27368.928069591522
438	-23.12	-23.12	-12.8	0.72010756	0.26427075	6.5006747	0.30763105	0.71304053	1.0	1097500	27431.038937568665
439	-25.2	-25.2	-14.5	0.7455316	0.35685474	7.758948	0.35122168	0.7242182	1.0	1100000	27493.257299900055
440	-25.24	-25.24	-13.9	0.71404976	0.33946407	12.911183	0.32312727	0.705905	1.0	1102500	27555.749366998672
441	-22.42	-22.42	-16.6	0.7109777	0.22306658	4.520042	0.35660297	0.6842128	1.0	1105000	27617.74882221222
442	-26.02	-26.02	-17.6	0.7238082	0.3724515	7.5822854	0.3635491	0.7045198	0.9	1107500	27679.290999174118
443	-27.68	-27.68	-13.9	0.740487	0.43750054	13.120837	0.3488312	0.7199206	1.0	1110000	27742.732399225235
444	-28.44	-28.44	-14.3	0.70522785	0.24264927	4.202344	0.36709487	0.6905053	1.0	1112500	27804.417464494705
445	-25.1	-25.1	-15.0	0.7109132	0.27249083	5.727057	0.3427385	0.69279796	1.0	1115000	27866.21728181839
446	-27.44	-27.44	-11.3	0.71356493	0.2584346	6.2312493	0.33958218	0.6965158	1.0	1117500	27929.649737119675
447	-25.16	-25.16	-18.199999	0.723829	0.29519382	7.018156	0.37018278	0.70666194	1.0	1120000	27991.600854873657
448	-23.08	-23.08	-16.300001	0.7018046	0.19568382	3.268423	0.32647014	0.69233334	1.0	1122500	28055.020775794983
449	-24.4	-24.4	-16.300001	0.71834695	0.26415068	5.3204055	0.33214545	0.71005565	1.0	1125000	28117.951465845108
450	-22.5	-22.5	-9.400001	0.71749073	0.23850252	4.050698	0.34412503	0.691569	1.0	1127500	28179.46813559532
451	-26.18	-26.18	-19.300001	0.7215129	0.3323331	7.9697285	0.33055544	0.69422877	1.0	1130000	28240.99258041382
452	-27.7	-27.7	-15.4	0.71680194	0.2444358	4.3748627	0.36591065	0.68960106	1.0	1132500	28303.558800458908
453	-24.44	-24.44	-20.1	0.7081462	0.25776342	5.869343	0.32153594	0.6914012	0.9	1135000	28365.990257501602
454	-20.92	-20.92	-16.0	0.6929829	0.23100396	5.9257336	0.3062363	0.68641824	1.0	1137500	28428.70330452919
455	-24.44	-24.44	-15.3	0.6955493	0.24978854	5.1360183	0.32453746	0.6771986	1.0	1140000	28491.599889993668
456	-25.48	-25.48	-16.4	0.71427894	0.24324283	4.699573	0.32540202	0.69459736	1.0	1142500	28552.989735364914
457	-21.04	-21.04	-11.599999	0.7175858	0.25158262	5.3853807	0.3631873	0.6986793	1.0	1145000	28609.983659505844
458	-24.14	-24.14	-11.9	0.72254664	0.26526782	5.270487	0.32125425	0.70294505	1.0	1147500	28665.296971321106
459	-27.96	-27.96	-14.1	0.72682494	0.28006157	6.177335	0.33396447	0.71699464	1.0	1150000	28722.163237333298
460	-22.88	-22.88	-17.300001	0.7096962	0.18320788	2.5215983	0.35859466	0.69670814	1.0	1152500	28778.488575220108
461	-25.88	-25.88	-10.7	0.721484	0.21761598	3.4640505	0.35429233	0.7003311	1.0	1155000	28833.987718582153
462	-26.86	-26.86	-12.6	0.7166439	0.30973446	8.186166	0.31426343	0.7066895	1.0	1157500	28890.340051651
463	-25.68	-25.68	-15.7	0.72047967	0.35468665	11.570271	0.33418965	0.69701076	1.0	1160000	28947.53289604187
464	-23.84	-23.84	-16.5	0.7260152	0.22617178	4.448358	0.3433004	0.7024978	0.9	1162500	29004.050481796265
465	-24.14	-24.14	-16.199999	0.72460085	0.23421617	4.724956	0.30415097	0.7025282	1.0	1165000	29059.66975235939
466	-26.28	-26.28	-12.0	0.71559685	0.24505831	5.583687	0.35715634	0.6949167	1.0	1167500	29115.467874526978
467	-24.68	-24.68	-14.3	0.71915823	0.22591904	3.36473	0.32942933	0.69639486	1.0	1170000	29171.282915830612
468	-27.58	-27.58	-13.6	0.72800475	0.30613223	7.292533	0.32601425	0.71004504	1.0	1172500	29227.48644399643
469	-21.54	-21.54	-13.7	0.7130242	0.2206502	3.5232074	0.35407248	0.6986719	1.0	1175000	29283.57388997078
470	-23.52	-23.52	-14.8	0.7078875	0.27923363	8.222456	0.3304065	0.6918939	1.0	1177500	29340.11393761635
471	-24.46	-24.46	-18.199999	0.7138689	0.24878332	6.064091	0.3296199	0.69674456	1.0	1180000	29397.057234048843
472	-23.06	-23.06	-14.1	0.72334385	0.23841265	4.2164507	0.33484393	0.7056941	1.0	1182500	29453.610781431198
473	-25.2	-25.2	-18.199999	0.7136517	0.23587252	5.2931824	0.3274685	0.6932674	1.0	1185000	29511.15358042717
474	-22.2	-22.2	-19.6	0.71007997	0.22527209	4.0292196	0.33867028	0.69389075	0.9	1187500	29568.843985795975
475	-24.72	-24.72	-14.6	0.7042868	0.24132758	5.507083	0.32571265	0.69075197	1.0	1190000	29625.91886162758
476	-29.92	-29.92	-13.3	0.7102423	0.21434633	4.243725	0.3675732	0.6880431	1.0	1192500	29679.676185131073
477	-26.1	-26.1	-13.0	0.70644736	0.19448963	3.1859782	0.35702878	0.6864911	1.0	1195000	29732.76645755768
478	-25.2	-25.2	-14.5	0.70291954	0.25415933	5.9013405	0.3171752	0.68058765	1.0	1197500	29786.405683994293
479	-25.34	-25.34	-14.1	0.7010818	0.19988875	3.3435884	0.34302625	0.6900146	1.0	1200000	29841.093287706375
480	-25.0	-25.0	-17.699999	0.7014332	0.20903453	4.192965	0.35455203	0.68487775	0.9	1202500	29895.39929842949
481	-26.66	-26.66	-10.5	0.7156311	0.23857713	4.883435	0.32652295	0.68772674	1.0	1205000	29949.609387159348
482	-26.36	-26.36	-14.9	0.7053287	0.20275518	3.8057919	0.347214	0.6922766	1.0	1207500	30003.68760085106
483	-21.34	-21.34	-11.8	0.70045716	0.21618167	3.8110013	0.35849956	0.68489593	1.0	1210000	30057.932161569595
484	-23.66	-23.66	-13.6	0.6908543	0.20991144	5.510289	0.3477274	0.67566466	1.0	1212500	30111.612331151962
485	-23.32	-23.32	-14.0	0.70438355	0.20904562	5.31407	0.2930417	0.6855639	1.0	1215000	30165.65468430519
486	-22.18	-22.18	-19.4	0.7099875	0.23046032	6.2109356	0.3634832	0.695775	0.9	1217500	30219.700496196747
487	-23.94	-23.94	-16.9	0.7122882	0.2117465	4.072078	0.36820292	0.7005565	1.0	1220000	30273.72433757782
488	-27.98	-27.98	-11.5	0.70174277	0.21768685	3.9208636	0.34526873	0.6889342	1.0	1222500	30328.129770040512
489	-24.94	-24.94	-15.5	0.71253735	0.2576326	6.686447	0.29978684	0.6998501	0.9	1225000	30382.19053721428
490	-25.64	-25.64	-12.1	0.69045126	0.19534151	3.0919955	0.33518165	0.67379564	1.0	1227500	30437.089360952377
491	-24.2	-24.2	-16.4	0.7007683	0.22251758	4.354003	0.34035486	0.68739265	0.9	1230000	30491.49372625351
492	-28.48	-28.48	-12.1	0.70544237	0.21901245	4.6578345	0.36446553	0.6888631	1.0	1232500	30546.066191911697
493	-29.02	-29.02	-12.1	0.71469766	0.21276383	4.0305986	0.35080004	0.70281893	1.0	1235000	30600.184426546097
494	-25.82	-25.82	-14.3	0.70189035	0.1930481	3.3300848	0.2863766	0.69001514	1.0	1237500	30654.02591753006
495	-23.2	-23.2	-15.4	0.7042594	0.19528048	3.1182232	0.30742145	0.6908152	1.0	1240000	30708.788635253906
496	-25.34	-25.34	-13.1	0.7041267	0.19093265	3.2825162	0.31491563	0.68301904	1.0	1242500	30764.772701263428
497	-23.88	-23.88	-12.0	0.69723773	0.25959173	4.940596	0.3093539	0.6891521	1.0	1245000	30818.453641414642
498	-26.02	-26.02	-13.4	0.6824357	0.17480958	2.4356158	0.2973786	0.6712417	1.0	1247500	30872.100644350052
499	-25.78	-25.78	-13.7	0.70219225	0.25261167	7.872609	0.33005306	0.68514216	1.0	1250000	30928.273893356323
