Epoch	EpRet	EpRealRet	TestEpRet	AverageQ1	StdQ1	MaxQ1	MinQ1	Q2	TestSuccess	TotalEnvInteracts	TotalTime
0	-44.0	-44.0	-50.0	-0.49896166	1.014871	1.3238503	-6.54377	-0.4987811	0.0	2500	41.12400817871094
1	-46.0	-46.0	-45.0	-1.0802666	2.2869282	1.0187101	-12.745747	-1.0803571	0.1	5000	83.90672016143799
2	-46.0	-46.0	-45.0	-1.6621037	3.4981606	2.617885	-18.748083	-1.6621718	0.1	7500	127.20568943023682
3	-46.0	-46.0	-50.0	-2.1527948	4.5433025	1.6277585	-26.379927	-2.152854	0.0	10000	170.66566920280457
4	-49.0	-49.0	-40.0	-2.5805094	5.428472	1.691144	-31.789486	-2.5805504	0.2	12500	213.32346105575562
5	-48.9	-48.9	-50.0	-2.9653032	6.1900196	1.2885677	-54.70308	-2.965411	0.0	15000	255.71497654914856
6	-48.72	-48.72	-50.0	-3.317652	6.87947	2.2123668	-58.95613	-3.3177814	0.0	17500	299.1656677722931
7	-49.0	-49.0	-50.0	-3.5970404	7.4515567	1.7185285	-52.710636	-3.5972104	0.0	20000	341.7687420845032
8	-47.96	-47.96	-45.0	-3.853446	7.960869	2.2023969	-53.906845	-3.853535	0.1	22500	384.257874250412
9	-48.78	-48.78	-45.0	-4.0304728	8.35366	2.56416	-59.14993	-4.0306315	0.1	25000	426.9179220199585
10	-48.0	-48.0	-50.0	-4.219394	8.715361	2.6317294	-54.49856	-4.21947	0.0	27500	470.6538007259369
11	-46.08	-46.08	-45.0	-4.393027	9.034467	2.7542977	-52.37093	-4.3931847	0.1	30000	513.7688527107239
12	-49.0	-49.0	-50.0	-4.508808	9.286026	2.1775236	-51.705902	-4.508957	0.0	32500	556.8897013664246
13	-47.0	-47.0	-40.0	-4.6336446	9.533537	4.8883905	-53.53939	-4.6338463	0.2	35000	600.1613943576813
14	-48.0	-48.0	-45.0	-4.709481	9.712873	3.3549337	-52.49083	-4.70953	0.1	37500	643.4427647590637
15	-45.0	-45.0	-50.0	-4.8247848	9.899957	3.3323493	-52.125	-4.8250175	0.0	40000	686.0368194580078
16	-45.0	-45.0	-50.0	-4.872152	10.035586	4.045823	-53.02003	-4.8722105	0.0	42500	728.6876225471497
17	-47.58	-47.58	-45.0	-4.976982	10.207275	4.2838845	-52.667294	-4.976961	0.1	45000	771.8359150886536
18	-45.5	-45.5	-45.600002	-4.9800267	10.278092	3.3722806	-51.210247	-4.980191	0.1	47500	814.2521984577179
19	-49.0	-49.0	-50.0	-5.059893	10.408006	4.721792	-50.672955	-5.060012	0.0	50000	856.7198526859283
20	-48.0	-48.0	-50.0	-5.119554	10.519901	4.6633453	-53.158997	-5.119817	0.0	52500	899.9057395458221
21	-45.86	-45.86	-50.0	-5.2090383	10.651466	3.8616462	-52.71712	-5.209114	0.0	55000	941.917661190033
22	-49.0	-49.0	-30.0	-5.1944356	10.688217	4.714363	-50.92312	-5.1944838	0.4	57500	984.6258523464203
23	-47.0	-47.0	-50.0	-5.2334833	10.771187	3.4100218	-55.917686	-5.233591	0.0	60000	1027.2548155784607
24	-42.72	-42.72	-45.0	-5.251657	10.817759	5.023844	-54.48174	-5.2517123	0.1	62500	1070.7874884605408
25	-48.68	-48.68	-50.0	-5.286825	10.889406	4.592998	-57.64232	-5.286822	0.0	65000	1113.8581850528717
26	-47.82	-47.82	-50.0	-5.3574305	10.984259	4.1781073	-60.900333	-5.3573084	0.0	67500	1156.806410074234
27	-47.48	-47.48	-45.0	-5.339053	11.002252	5.8121634	-60.097595	-5.338937	0.1	70000	1199.9099669456482
28	-45.94	-45.94	-35.0	-5.3748355	11.06111	3.4063299	-57.464634	-5.374894	0.3	72500	1238.4757742881775
29	-47.0	-47.0	-50.0	-5.378473	11.082235	3.6643898	-56.7475	-5.3784747	0.0	75000	1281.9501974582672
30	-48.0	-48.0	-41.2	-5.38825	11.1142845	4.050305	-61.487053	-5.3880987	0.2	77500	1325.077582359314
31	-49.0	-49.0	-45.0	-5.447376	11.18546	3.5532448	-55.366608	-5.447214	0.1	80000	1368.212177991867
32	-46.98	-46.98	-45.0	-5.4719486	11.230177	3.8221147	-58.93045	-5.471892	0.1	82500	1406.633440732956
33	-48.0	-48.0	-50.0	-5.4887557	11.26601	5.7558603	-59.045246	-5.4888167	0.0	85000	1446.655217885971
34	-44.16	-44.16	-45.0	-5.4922214	11.27906	4.809439	-58.91032	-5.492167	0.1	87500	1489.2673180103302
35	-46.22	-46.22	-50.0	-5.5440392	11.334269	3.4702976	-55.11629	-5.54404	0.0	90000	1532.2165522575378
36	-46.66	-46.66	-40.0	-5.5311866	11.349464	4.292278	-54.51183	-5.531176	0.2	92500	1575.318932056427
37	-47.1	-47.1	-50.0	-5.5632825	11.395277	3.9228654	-55.08759	-5.5633316	0.0	95000	1618.432282447815
38	-45.94	-45.94	-50.0	-5.5732565	11.426637	3.9326947	-56.5524	-5.573168	0.0	97500	1661.0311379432678
39	-47.98	-47.98	-40.0	-5.5701222	11.43639	3.687944	-53.95699	-5.570097	0.2	100000	1704.0747108459473
40	-46.76	-46.76	-50.0	-5.5900993	11.459142	3.6858792	-60.837887	-5.5900793	0.0	102500	1746.852238893509
41	-46.92	-46.92	-45.0	-5.583491	11.466954	6.129481	-56.931232	-5.583467	0.1	105000	1789.7493875026703
42	-47.88	-47.88	-40.0	-5.5895953	11.488499	3.5561702	-57.11892	-5.5893507	0.2	107500	1832.828367471695
43	-47.78	-47.78	-50.0	-5.617578	11.526529	4.1247797	-53.980843	-5.6174755	0.0	110000	1875.7548878192902
44	-48.0	-48.0	-35.3	-5.647354	11.576333	3.7835915	-56.958614	-5.6473007	0.3	112500	1918.8377938270569
45	-47.0	-47.0	-45.0	-5.665876	11.610642	5.730842	-57.521717	-5.6658387	0.1	115000	1961.040650844574
46	-45.6	-45.6	-44.8	-5.6489673	11.605502	3.5671778	-55.867264	-5.6488247	0.1	117500	2004.747281074524
47	-46.96	-46.96	-40.7	-5.6763973	11.638343	4.582168	-56.224808	-5.676388	0.2	120000	2047.03373336792
48	-45.0	-45.0	-50.0	-5.657268	11.635145	5.8912935	-56.607094	-5.657101	0.0	122500	2090.088268995285
49	-48.0	-48.0	-45.2	-5.710992	11.688922	4.9612036	-58.811512	-5.7108717	0.1	125000	2133.467190504074
50	-46.9	-46.9	-50.0	-5.707856	11.693517	4.058959	-57.34729	-5.7077656	0.0	127500	2176.759665966034
51	-44.54	-44.54	-50.0	-5.676433	11.673247	6.6472187	-55.188877	-5.676348	0.0	130000	2220.4151628017426
52	-48.0	-48.0	-40.0	-5.6912518	11.682321	9.084007	-57.962894	-5.691299	0.2	132500	2264.1988713741302
53	-47.56	-47.56	-45.0	-5.7223125	11.711421	8.35997	-56.622433	-5.7222605	0.1	135000	2307.0590901374817
54	-46.46	-46.46	-45.0	-5.720612	11.729689	6.7381616	-59.592175	-5.7203727	0.1	137500	2350.526614665985
55	-45.0	-45.0	-35.899998	-5.7272124	11.735223	3.9326339	-55.608456	-5.727251	0.3	140000	2394.0933418273926
56	-43.12	-43.12	-50.0	-5.693969	11.7083845	5.869809	-56.295967	-5.69402	0.0	142500	2437.0034325122833
57	-42.02	-42.02	-50.0	-5.715254	11.737178	4.639768	-56.995068	-5.7151084	0.0	145000	2480.670975923538
58	-44.6	-44.6	-49.7	-5.728945	11.743835	8.55653	-55.463223	-5.728709	0.0	147500	2523.972559928894
59	-44.7	-44.7	-45.0	-5.7392483	11.741033	5.663189	-57.337135	-5.7392917	0.1	150000	2567.2861642837524
60	-45.74	-45.74	-46.2	-5.7408805	11.744178	12.097669	-55.9706	-5.7407765	0.1	152500	2610.4804956912994
61	-45.98	-45.98	-40.0	-5.726486	11.748036	11.566603	-55.03315	-5.7266297	0.2	155000	2653.587698698044
62	-46.32	-46.32	-40.3	-5.7342176	11.762779	4.0252013	-55.81743	-5.7340665	0.2	157500	2696.8725447654724
63	-44.92	-44.92	-50.0	-5.755916	11.797862	5.0366225	-55.444656	-5.7558527	0.0	160000	2740.624336004257
64	-45.78	-45.78	-45.7	-5.7677445	11.808715	5.1362205	-60.35182	-5.7676563	0.1	162500	2783.5278763771057
65	-49.96	-49.96	-45.0	-5.755419	11.790312	5.370126	-58.687477	-5.7554617	0.1	165000	2826.4410121440887
66	-46.34	-46.34	-40.0	-5.7541304	11.791931	7.189158	-57.57893	-5.7540536	0.2	167500	2868.416690349579
67	-46.9	-46.9	-50.0	-5.7902155	11.822272	5.398399	-58.198566	-5.7903786	0.0	170000	2911.809190750122
68	-39.04	-39.04	-46.5	-5.7122307	11.760868	5.532931	-56.810284	-5.7122006	0.1	172500	2955.245181798935
69	-45.48	-45.48	-45.399998	-5.746515	11.802242	7.2200575	-61.221096	-5.746618	0.1	175000	2999.0643739700317
70	-43.4	-43.4	-45.0	-5.7508755	11.79984	5.235002	-56.208424	-5.7509966	0.1	177500	3042.310708761215
71	-43.84	-43.84	-45.0	-5.7650003	11.814645	5.1981153	-58.809055	-5.764733	0.1	180000	3086.029577732086
72	-48.26	-48.26	-36.0	-5.7244444	11.783693	5.3679066	-57.77596	-5.7243934	0.3	182500	3129.6972188949585
73	-49.78	-49.78	-40.0	-5.727804	11.784998	5.6559877	-55.187195	-5.7277513	0.2	185000	3173.5572588443756
74	-44.56	-44.56	-50.0	-5.7614174	11.822879	5.3762784	-59.628178	-5.761485	0.0	187500	3217.0093915462494
75	-45.76	-45.76	-40.5	-5.7557445	11.8296	4.63976	-57.616543	-5.755633	0.2	190000	3261.0321333408356
76	-45.2	-45.2	-45.7	-5.7153964	11.789217	5.3610563	-56.23365	-5.7156305	0.1	192500	3304.417258501053
77	-45.8	-45.8	-45.0	-5.7432475	11.811484	4.6884027	-55.211582	-5.743141	0.1	195000	3347.783874988556
78	-45.98	-45.98	-50.0	-5.719118	11.786213	9.196101	-57.112576	-5.719259	0.0	197500	3391.7106244564056
79	-48.06	-48.06	-45.0	-5.736715	11.804032	4.8374796	-69.04151	-5.7365413	0.1	200000	3435.4610047340393
80	-45.02	-45.02	-46.9	-5.763426	11.829286	7.293117	-61.68264	-5.7632723	0.1	202500	3478.641526699066
81	-47.7	-47.7	-42.0	-5.775836	11.835522	5.252708	-56.798565	-5.7756386	0.2	205000	3522.2904813289642
82	-44.66	-44.66	-45.0	-5.7549376	11.81989	6.7119513	-67.661644	-5.7551994	0.1	207500	3565.4249851703644
83	-45.34	-45.34	-45.0	-5.7409472	11.811462	6.4086795	-57.868973	-5.7409554	0.1	210000	3608.3691034317017
84	-47.42	-47.42	-45.0	-5.755341	11.824726	8.595865	-58.7666	-5.7552347	0.1	212500	3651.5884397029877
85	-48.88	-48.88	-45.7	-5.7546167	11.827885	5.6039886	-56.97027	-5.7545824	0.1	215000	3694.8331282138824
86	-47.76	-47.76	-50.0	-5.802324	11.880088	3.7567465	-67.832	-5.8024607	0.0	217500	3737.6667869091034
87	-47.18	-47.18	-37.899998	-5.749364	11.84129	8.862322	-61.03455	-5.749688	0.3	220000	3780.4256868362427
88	-46.54	-46.54	-40.0	-5.7999153	11.886529	5.171095	-57.795876	-5.7998366	0.2	222500	3822.3243355751038
89	-42.76	-42.76	-46.5	-5.783952	11.867325	4.28247	-58.223057	-5.7840195	0.1	225000	3864.780633687973
90	-43.4	-43.4	-41.7	-5.756307	11.827785	5.829648	-58.13192	-5.7560163	0.2	227500	3907.8798315525055
91	-44.26	-44.26	-46.100002	-5.72991	11.793798	4.321319	-59.53975	-5.729913	0.1	230000	3951.664323091507
92	-42.26	-42.26	-39.899998	-5.7064233	11.767732	6.781818	-59.818295	-5.70644	0.3	232500	3994.5371992588043
93	-43.76	-43.76	-45.600002	-5.722537	11.756215	6.1442685	-58.725056	-5.7223706	0.2	235000	4037.597033262253
94	-47.28	-47.28	-40.0	-5.715751	11.733787	7.7418256	-67.181755	-5.7157154	0.2	237500	4081.5150842666626
95	-45.0	-45.0	-38.2	-5.715711	11.713164	6.42894	-65.00532	-5.7159133	0.3	240000	4125.145382165909
96	-46.9	-46.9	-42.3	-5.699686	11.695193	4.1781726	-61.53654	-5.699491	0.2	242500	4168.491162061691
97	-47.24	-47.24	-34.3	-5.713946	11.705987	6.670476	-55.952248	-5.7138925	0.5	245000	4212.223996162415
98	-44.58	-44.58	-37.3	-5.7030253	11.686777	4.239759	-60.60755	-5.7030015	0.3	247500	4256.009256362915
99	-45.18	-45.18	-42.3	-5.7031536	11.677195	5.2482567	-57.277546	-5.702754	0.3	250000	4298.93678689003
100	-44.28	-44.28	-50.0	-5.724676	11.683065	4.4491487	-73.77954	-5.7245436	0.0	252500	4342.216504812241
101	-47.02	-47.02	-45.5	-5.705422	11.653968	8.195873	-58.20061	-5.705795	0.1	255000	4386.13330245018
102	-45.7	-45.7	-46.0	-5.698535	11.623517	6.855701	-60.970284	-5.6985836	0.1	257500	4429.830779790878
103	-44.48	-44.48	-28.6	-5.6614323	11.5651865	7.3696194	-63.186592	-5.661504	0.5	260000	4473.270948648453
104	-42.9	-42.9	-34.0	-5.573896	11.423311	4.6410456	-61.174973	-5.5738688	0.4	262500	4516.559706926346
105	-44.24	-44.24	-50.0	-5.556817	11.342615	5.146238	-63.35556	-5.556576	0.0	265000	4559.810937404633
106	-42.46	-42.46	-36.100002	-5.4843693	11.204844	6.32365	-58.381805	-5.484578	0.3	267500	4602.943403244019
107	-43.06	-43.06	-47.1	-5.4141645	11.103311	4.433036	-58.408215	-5.4135756	0.1	270000	4646.250982999802
108	-44.08	-44.08	-45.8	-5.430531	11.088652	9.435376	-67.50634	-5.4302216	0.2	272500	4688.826956272125
109	-43.16	-43.16	-35.100002	-5.398818	11.013453	6.0311866	-58.25425	-5.3987813	0.4	275000	4731.40402173996
110	-43.76	-43.76	-36.5	-5.4566293	11.032912	5.239799	-58.862087	-5.4565053	0.4	277500	4774.2180144786835
111	-43.28	-43.28	-43.0	-5.3983836	10.943779	4.217336	-59.26953	-5.398238	0.3	280000	4816.628298521042
112	-42.22	-42.22	-35.3	-5.3910656	10.890739	5.9842463	-62.842293	-5.3907175	0.4	282500	4859.5353474617
113	-42.68	-42.68	-39.5	-5.3932905	10.861004	5.644827	-65.86207	-5.393822	0.4	285000	4902.07777261734
114	-43.38	-43.38	-36.7	-5.3604274	10.786821	8.560786	-63.621174	-5.3601794	0.3	287500	4945.263911962509
115	-39.3	-39.3	-34.5	-5.297026	10.679164	7.361529	-60.059906	-5.29715	0.4	290000	4988.199938058853
116	-36.46	-36.46	-36.399998	-5.289407	10.627769	4.6867113	-61.771957	-5.2896543	0.4	292500	5031.366290092468
117	-41.34	-41.34	-23.7	-5.268682	10.556816	5.0652742	-62.23437	-5.2686357	0.7	295000	5075.159116029739
118	-41.12	-41.12	-36.5	-5.2287674	10.461086	6.347703	-58.44064	-5.228885	0.3	297500	5118.20138502121
119	-43.94	-43.94	-29.5	-5.1649165	10.360966	5.390186	-59.131596	-5.1649113	0.5	300000	5161.168622016907
120	-42.26	-42.26	-31.3	-5.127253	10.26059	4.196728	-57.02446	-5.1273193	0.7	302500	5203.732719182968
121	-40.34	-40.34	-26.0	-5.1158853	10.199944	5.0205746	-59.481674	-5.1161914	0.6	305000	5246.137541055679
122	-40.88	-40.88	-24.2	-5.0878234	10.145867	6.1605883	-60.113758	-5.0881133	0.8	307500	5289.583642959595
123	-39.4	-39.4	-38.7	-5.0672984	10.063658	3.6978197	-60.234688	-5.067478	0.3	310000	5332.836042404175
124	-38.3	-38.3	-27.5	-4.997879	9.910901	5.0928626	-62.63464	-4.9979634	0.6	312500	5376.852192401886
125	-39.16	-39.16	-32.100002	-4.9606414	9.826653	3.8331976	-62.660957	-4.9607344	0.5	315000	5420.368635416031
126	-39.1	-39.1	-21.4	-4.913404	9.729179	7.2500787	-62.73616	-4.9133077	0.8	317500	5464.771475076675
127	-38.2	-38.2	-30.8	-4.8292813	9.556295	5.719985	-57.12024	-4.8293233	0.5	320000	5508.370160341263
128	-39.1	-39.1	-24.7	-4.78257	9.449597	5.1538677	-60.36982	-4.7826056	0.6	322500	5551.295944690704
129	-35.1	-35.1	-34.8	-4.7475085	9.329018	5.042923	-59.625614	-4.7475786	0.5	325000	5595.136736869812
130	-41.02	-41.02	-19.4	-4.684181	9.201303	5.210643	-59.912888	-4.684157	0.7	327500	5639.041849851608
131	-38.0	-38.0	-31.5	-4.6454287	9.0674305	4.310761	-58.62709	-4.645338	0.6	330000	5683.2235634326935
132	-38.72	-38.72	-23.199999	-4.656494	9.015245	5.3825717	-62.70178	-4.6565137	0.8	332500	5724.6214554309845
133	-37.5	-37.5	-27.2	-4.58275	8.905676	4.846996	-56.864796	-4.5828404	0.6	335000	5767.168179273605
134	-33.66	-33.66	-31.1	-4.4949293	8.77006	4.659335	-56.186493	-4.4948297	0.5	337500	5810.232410669327
135	-36.28	-36.28	-21.6	-4.489024	8.662273	4.880052	-55.127056	-4.4890766	0.8	340000	5853.591665506363
136	-36.28	-36.28	-22.0	-4.4144526	8.520939	4.289076	-57.352875	-4.4144845	0.7	342500	5897.470676422119
137	-34.5	-34.5	-24.1	-4.3986382	8.423074	4.4912343	-56.273445	-4.3987107	0.8	345000	5940.546676635742
138	-33.0	-33.0	-15.0	-4.365906	8.342941	8.605809	-56.581264	-4.365781	0.9	347500	5983.0716779232025
139	-35.52	-35.52	-18.4	-4.343275	8.241516	4.7212143	-57.57219	-4.3432884	1.0	350000	6026.366627693176
140	-33.98	-33.98	-27.4	-4.3107758	8.157796	6.216747	-59.187935	-4.310676	0.6	352500	6069.349995851517
141	-34.5	-34.5	-24.9	-4.270724	8.079439	3.8088984	-71.30928	-4.270791	0.6	355000	6112.10545539856
142	-33.92	-33.92	-29.2	-4.246867	7.9905534	6.751125	-59.986332	-4.246812	0.6	357500	6155.834132432938
143	-30.84	-30.84	-18.800001	-4.1819615	7.8698144	5.5207567	-59.928413	-4.1820145	0.9	360000	6199.181644201279
144	-32.04	-32.04	-11.599999	-4.1563425	7.7884927	4.564772	-57.893894	-4.156236	1.0	362500	6242.350716352463
145	-31.14	-31.14	-18.800001	-4.1262302	7.6864886	4.2870636	-61.082775	-4.1262975	0.9	365000	6286.510833978653
146	-35.34	-35.34	-31.1	-4.1082063	7.645607	5.056831	-59.494205	-4.1081815	0.5	367500	6330.028977870941
147	-36.42	-36.42	-12.2	-4.080994	7.5488563	5.8538036	-60.445595	-4.081151	1.0	370000	6373.3885498046875
148	-34.0	-34.0	-16.800001	-4.0572906	7.4699078	5.649777	-60.238457	-4.0573554	0.9	372500	6417.1484298706055
149	-30.88	-30.88	-19.0	-3.9987786	7.340232	8.551117	-56.94695	-3.9986556	0.8	375000	6460.23986697197
150	-28.78	-28.78	-14.3	-3.961998	7.228054	3.9684823	-59.49849	-3.962044	1.0	377500	6503.746756076813
151	-31.36	-31.36	-28.7	-3.958242	7.1546144	7.2432895	-59.03047	-3.9581761	0.6	380000	6547.084187030792
152	-30.96	-30.96	-15.4	-3.9555326	7.106935	5.380365	-60.19769	-3.9555702	0.8	382500	6590.4659016132355
153	-34.86	-34.86	-14.1	-3.946665	7.0671206	5.5997744	-58.548008	-3.9465756	0.9	385000	6634.313479423523
154	-32.58	-32.58	-24.3	-3.9700239	7.072548	4.8972006	-55.86665	-3.9701173	0.7	387500	6677.51087641716
155	-32.66	-32.66	-24.1	-3.9615471	7.010228	5.089512	-55.623474	-3.9615836	0.7	390000	6720.529659748077
156	-31.72	-31.72	-21.1	-3.9335213	6.9674716	5.7848554	-58.542618	-3.9334714	0.8	392500	6763.808362483978
157	-32.62	-32.62	-25.4	-3.9097104	6.907972	7.939595	-57.14156	-3.9098275	0.7	395000	6807.388560295105
158	-31.26	-31.26	-10.2	-3.8941183	6.8238153	7.761164	-69.058235	-3.8940458	1.0	397500	6851.116867780685
159	-32.3	-32.3	-12.5	-3.8712745	6.770679	4.6308417	-58.88049	-3.8712938	1.0	400000	6894.486376047134
160	-30.68	-30.68	-12.4	-3.8686805	6.7270494	4.6169233	-55.683357	-3.8686028	1.0	402500	6934.711052656174
161	-29.24	-29.24	-20.300001	-3.8564577	6.658873	6.504162	-58.03344	-3.856533	0.8	405000	6977.918416976929
162	-29.8	-29.8	-13.7	-3.8371692	6.581355	4.6965733	-59.07328	-3.8370712	1.0	407500	7021.616228342056
163	-31.6	-31.6	-15.8	-3.8029435	6.5135508	20.888475	-57.601032	-3.8030097	0.9	410000	7065.186349630356
164	-29.92	-29.92	-12.9	-3.7875767	6.4873652	4.570352	-58.089874	-3.7876534	1.0	412500	7108.931221961975
165	-33.02	-33.02	-11.7	-3.800804	6.4381146	5.7247334	-56.73813	-3.8007104	1.0	415000	7153.469492435455
166	-31.42	-31.42	-23.1	-3.77758	6.407889	6.7670317	-59.90326	-3.7776043	0.8	417500	7196.979662656784
167	-27.3	-27.3	-21.6	-3.7960236	6.392123	5.740306	-55.306095	-3.795834	0.8	420000	7240.401546239853
168	-32.44	-32.44	-24.4	-3.7876084	6.3718114	10.217013	-58.49323	-3.7878575	0.7	422500	7284.321569681168
169	-33.02	-33.02	-11.3	-3.7939215	6.3438554	4.9606476	-58.90358	-3.793653	1.0	425000	7327.73819065094
170	-30.9	-30.9	-19.800001	-3.7543304	6.2581086	3.57896	-72.60973	-3.754603	0.8	427500	7371.240847110748
171	-32.8	-32.8	-20.4	-3.7433887	6.200254	8.046714	-55.915363	-3.7432327	0.8	430000	7414.7052438259125
172	-30.24	-30.24	-13.6	-3.7110965	6.1296744	6.0602036	-56.35324	-3.7112975	1.0	432500	7457.887987375259
173	-30.2	-30.2	-18.199999	-3.7336082	6.113723	3.9794767	-57.11268	-3.7334309	0.9	435000	7499.010466575623
174	-25.2	-25.2	-16.1	-3.7204933	6.0710864	6.570261	-56.817093	-3.7205362	1.0	437500	7541.547007799149
175	-30.32	-30.32	-14.0	-3.690749	6.0055947	4.0647483	-54.136505	-3.6907573	0.9	440000	7585.360098361969
176	-31.32	-31.32	-19.1	-3.6937253	5.9942293	4.5379596	-54.639046	-3.6939266	1.0	442500	7628.110263347626
177	-29.22	-29.22	-19.699999	-3.656623	5.914579	7.183402	-55.62376	-3.6562915	0.8	445000	7670.933683872223
178	-32.42	-32.42	-17.0	-3.659005	5.8845477	5.87877	-55.32095	-3.659214	0.9	447500	7714.378320217133
179	-30.7	-30.7	-18.1	-3.6832654	5.870766	9.072564	-54.32157	-3.6832495	0.9	450000	7757.314755439758
180	-32.08	-32.08	-18.1	-3.6657908	5.820312	5.8634653	-54.321518	-3.665769	0.9	452500	7801.224969863892
181	-29.6	-29.6	-15.6	-3.6727288	5.803557	7.813574	-53.326622	-3.6727211	0.9	455000	7844.313244104385
182	-32.34	-32.34	-17.5	-3.6563344	5.801269	5.0771503	-55.55927	-3.6563733	0.9	457500	7887.641892910004
183	-29.78	-29.78	-20.699999	-3.6439443	5.754994	8.0461855	-57.968426	-3.6436086	0.9	460000	7931.311513900757
184	-27.1	-27.1	-12.7	-3.6440797	5.7331104	6.36131	-55.371338	-3.6444383	1.0	462500	7975.131795167923
185	-30.74	-30.74	-16.5	-3.6047854	5.669518	3.7435858	-59.243515	-3.6046665	0.9	465000	8018.214070081711
186	-33.44	-33.44	-21.699999	-3.6342647	5.6681175	4.6598325	-56.956924	-3.634321	0.8	467500	8061.8667895793915
187	-30.48	-30.48	-20.4	-3.6296582	5.6379724	4.4757023	-57.41086	-3.6296835	0.8	470000	8105.784272193909
188	-28.7	-28.7	-11.0	-3.611493	5.610233	3.6429634	-57.854927	-3.611382	1.0	472500	8149.930742263794
189	-30.0	-30.0	-14.0	-3.5808916	5.5394835	6.176319	-58.134403	-3.5809577	1.0	475000	8193.131142377853
190	-27.78	-27.78	-16.1	-3.5763216	5.4892697	3.6604278	-56.66691	-3.5762486	0.9	477500	8236.954117774963
191	-27.22	-27.22	-22.1	-3.5491	5.4453297	12.1704645	-60.833885	-3.5491571	0.8	480000	8281.342883110046
192	-28.88	-28.88	-12.0	-3.5499256	5.4433312	6.8161926	-55.36174	-3.5499814	0.9	482500	8324.078988075256
193	-27.24	-27.24	-16.0	-3.5355217	5.412278	7.1442227	-55.416977	-3.5354328	0.9	485000	8367.037351369858
194	-30.06	-30.06	-14.7	-3.5249789	5.3869696	5.1049414	-58.815426	-3.525004	0.9	487500	8409.795857429504
195	-31.42	-31.42	-11.8	-3.5194058	5.3504267	6.282403	-56.522694	-3.5194259	1.0	490000	8453.776923179626
196	-28.66	-28.66	-22.9	-3.5179412	5.3450503	3.655576	-56.38538	-3.517997	0.8	492500	8496.967371225357
197	-29.18	-29.18	-15.9	-3.5322623	5.3608475	3.1313915	-61.00575	-3.5320714	0.9	495000	8539.886543035507
198	-30.9	-30.9	-12.8	-3.5222538	5.3185525	6.6141095	-57.17725	-3.5223806	1.0	497500	8583.188797950745
199	-34.02	-34.02	-10.5	-3.5046365	5.2651296	5.2814994	-56.6918	-3.5043473	1.0	500000	8626.207891702652
200	-30.4	-30.4	-14.1	-3.5071354	5.2702003	8.04012	-54.51215	-3.5074313	0.9	502500	8669.813976287842
201	-26.08	-26.08	-14.3	-3.496106	5.255165	3.7975876	-59.704914	-3.4960124	0.9	505000	8712.94991183281
202	-30.04	-30.04	-15.7	-3.4908454	5.2224627	6.885817	-64.55765	-3.4910884	1.0	507500	8757.16143155098
203	-28.86	-28.86	-14.6	-3.4876509	5.2038345	3.386894	-54.782345	-3.4874594	0.9	510000	8801.173415660858
204	-28.72	-28.72	-11.400001	-3.5047035	5.2155185	4.8071995	-61.995155	-3.504615	1.0	512500	8844.886779546738
205	-30.0	-30.0	-11.099999	-3.489587	5.213977	4.0739865	-57.15378	-3.4897535	1.0	515000	8888.865474700928
206	-32.84	-32.84	-11.599999	-3.5015562	5.2053013	4.4313374	-61.0412	-3.5015523	1.0	517500	8932.506932020187
207	-29.22	-29.22	-8.2	-3.4808433	5.172829	10.4202795	-55.076683	-3.4807503	1.0	520000	8976.507802009583
208	-31.1	-31.1	-20.699999	-3.4928749	5.1720915	5.720714	-56.07645	-3.4927995	0.8	522500	9020.131699800491
209	-27.38	-27.38	-10.5	-3.4842227	5.1594276	8.289517	-57.811905	-3.4842806	1.0	525000	9063.779636144638
210	-25.98	-25.98	-15.4	-3.4668524	5.114687	5.5241213	-58.735905	-3.4670775	0.9	527500	9107.716644763947
211	-34.24	-34.24	-18.699999	-3.4440105	5.07255	4.3753104	-57.351273	-3.4439852	0.9	530000	9152.65804719925
212	-27.34	-27.34	-9.7	-3.4595425	5.0978847	8.378594	-56.689716	-3.4593704	1.0	532500	9196.69594669342
213	-29.38	-29.38	-15.0	-3.4455714	5.080376	6.0266724	-55.266556	-3.4455855	0.9	535000	9241.058463811874
214	-28.4	-28.4	-10.7	-3.4518905	5.0937905	6.586558	-55.09102	-3.4517558	1.0	537500	9284.322063922882
215	-27.04	-27.04	-12.9	-3.4577036	5.101957	4.299524	-57.005917	-3.4578857	0.9	540000	9327.015189647675
216	-26.98	-26.98	-19.699999	-3.4368138	5.0834045	4.563477	-66.05292	-3.4367185	0.8	542500	9369.234344005585
217	-27.66	-27.66	-10.8	-3.4361637	5.0725064	5.042044	-56.26766	-3.4361255	1.0	545000	9412.269284009933
218	-27.06	-27.06	-16.9	-3.3978033	5.0333395	9.477631	-56.81017	-3.3979433	0.9	547500	9454.944695234299
219	-28.24	-28.24	-17.4	-3.3815038	5.018105	4.4534793	-57.025536	-3.3814123	0.9	550000	9497.777357578278
220	-28.36	-28.36	-10.5	-3.4039955	5.042561	4.2454696	-76.08338	-3.4039977	1.0	552500	9541.048142433167
221	-30.82	-30.82	-13.4	-3.4140744	5.04554	4.4494452	-57.309155	-3.4140518	1.0	555000	9584.841432094574
222	-31.58	-31.58	-14.2	-3.39974	5.065512	4.4093575	-59.95854	-3.3997564	1.0	557500	9628.013241767883
223	-27.16	-27.16	-9.3	-3.4106417	5.0525336	5.8539724	-68.07626	-3.4106226	1.0	560000	9670.859801769257
224	-27.02	-27.02	-15.1	-3.4116218	5.0444016	3.8398414	-53.6445	-3.4115663	0.9	562500	9714.928701877594
225	-29.64	-29.64	-13.7	-3.3969407	5.0340905	3.3871665	-59.654625	-3.3968892	0.9	565000	9759.177528619766
226	-26.64	-26.64	-14.1	-3.3791738	5.005482	6.8170934	-59.888096	-3.379214	1.0	567500	9803.42682504654
227	-26.38	-26.38	-12.2	-3.3840377	5.0167046	5.540392	-58.482975	-3.3841817	1.0	570000	9846.874998807907
228	-30.58	-30.58	-11.099999	-3.3664825	4.995983	5.481679	-55.023823	-3.3663702	1.0	572500	9890.606698989868
229	-27.44	-27.44	-14.0	-3.3655605	4.980097	8.549616	-61.189087	-3.3656967	0.9	575000	9933.875558376312
230	-31.44	-31.44	-12.1	-3.371984	4.994961	7.2158484	-58.379	-3.3719292	1.0	577500	9978.052612781525
231	-28.82	-28.82	-6.9	-3.3651469	4.992429	4.51292	-60.36594	-3.3651245	1.0	580000	10020.30886220932
232	-28.46	-28.46	-19.300001	-3.3504205	4.9638157	5.5509377	-56.726482	-3.3504353	0.9	582500	10063.685859918594
233	-30.16	-30.16	-9.7	-3.358374	4.97791	4.7320476	-56.12876	-3.358338	1.0	585000	10106.772258281708
234	-30.02	-30.02	-11.3	-3.3766587	5.0009007	4.186684	-57.581642	-3.3767757	1.0	587500	10150.272031068802
235	-28.3	-28.3	-14.8	-3.3484976	4.9630523	6.7105427	-56.360676	-3.3483615	0.9	590000	10193.837422847748
236	-27.48	-27.48	-9.0	-3.3637836	4.9913797	5.2759967	-66.8617	-3.3637974	1.0	592500	10237.856402397156
237	-30.32	-30.32	-13.3	-3.3386402	4.9705706	3.7836702	-55.239185	-3.3386734	0.9	595000	10279.344225645065
238	-28.7	-28.7	-13.3	-3.3373826	4.939057	7.6614	-64.16675	-3.337423	1.0	597500	10322.229558944702
239	-29.74	-29.74	-11.099999	-3.3283827	4.9394574	4.0073643	-59.37181	-3.3283482	1.0	600000	10364.718041419983
240	-28.8	-28.8	-12.0	-3.322245	4.919565	6.146705	-62.093586	-3.3222597	1.0	602500	10407.349503278732
241	-29.54	-29.54	-11.8	-3.3345494	4.9402537	3.563164	-58.93635	-3.3346393	1.0	605000	10450.807295799255
242	-28.94	-28.94	-8.900001	-3.3366222	4.9360723	7.7293153	-59.05756	-3.336523	1.0	607500	10494.26634478569
243	-30.32	-30.32	-15.1	-3.327614	4.9122505	4.625187	-59.24321	-3.3275564	0.9	610000	10538.388008356094
244	-30.1	-30.1	-16.6	-3.3120005	4.9107485	8.456703	-61.844776	-3.31198	0.9	612500	10582.140249490738
245	-27.68	-27.68	-18.300001	-3.3128128	4.8928976	5.3960633	-59.768906	-3.3129034	0.9	615000	10626.324402332306
246	-28.22	-28.22	-13.8	-3.3105218	4.9080935	10.103251	-58.051735	-3.310621	0.9	617500	10670.282185316086
247	-26.44	-26.44	-8.0	-3.2898717	4.8866315	5.174281	-57.25402	-3.2897854	1.0	620000	10714.080001831055
248	-28.06	-28.06	-9.599999	-3.2872696	4.866849	12.9001665	-62.23369	-3.2872093	1.0	622500	10757.799698114395
249	-25.84	-25.84	-10.900001	-3.2864814	4.8831897	6.3516517	-63.232597	-3.2865217	1.0	625000	10801.497510910034
250	-25.7	-25.7	-8.8	-3.2791815	4.851507	3.6195953	-56.82026	-3.279262	1.0	627500	10845.304034471512
251	-26.94	-26.94	-21.4	-3.2506115	4.8150835	3.339524	-56.50171	-3.2504861	0.7	630000	10889.682669878006
252	-27.58	-27.58	-12.3	-3.2373824	4.8236356	7.5393414	-57.53285	-3.2375631	1.0	632500	10933.676289319992
253	-29.28	-29.28	-14.3	-3.2405376	4.831146	4.2929406	-62.76525	-3.2404604	1.0	635000	10977.578580617905
254	-29.88	-29.88	-13.4	-3.2442389	4.819914	17.421055	-56.488194	-3.2441144	1.0	637500	11021.75477552414
255	-28.32	-28.32	-10.5	-3.2479227	4.8291893	6.9133387	-60.010887	-3.248006	1.0	640000	11065.327705144882
256	-23.96	-23.96	-11.7	-3.2509115	4.7978992	5.2094474	-56.67157	-3.2508483	1.0	642500	11109.591185808182
257	-23.94	-23.94	-12.3	-3.2534707	4.8162394	15.484092	-57.45142	-3.2534647	1.0	645000	11152.054150104523
258	-28.04	-28.04	-9.3	-3.2233844	4.7950597	4.475339	-58.79209	-3.2233562	1.0	647500	11195.560850381851
259	-30.88	-30.88	-11.2	-3.2098417	4.7812037	3.6377623	-68.0615	-3.2099133	1.0	650000	11239.016176223755
260	-26.88	-26.88	-11.2	-3.2028897	4.7744446	4.7128553	-61.785217	-3.2028644	1.0	652500	11282.523589372635
261	-23.32	-23.32	-8.900001	-3.2051554	4.7714505	4.84982	-59.174995	-3.2052305	1.0	655000	11325.252650976181
262	-27.3	-27.3	-10.5	-3.1942499	4.768599	2.8495727	-61.475365	-3.1941411	1.0	657500	11368.578243970871
263	-28.66	-28.66	-10.599999	-3.1813114	4.742964	2.588331	-62.754818	-3.1813347	1.0	660000	11412.318859100342
264	-26.98	-26.98	-10.400001	-3.1661243	4.7336864	8.18652	-60.75073	-3.166181	1.0	662500	11455.611278533936
265	-31.14	-31.14	-9.3	-3.1774876	4.735604	3.6238208	-58.25435	-3.1775203	1.0	665000	11498.70181107521
266	-26.6	-26.6	-13.6	-3.1685092	4.724506	2.6979334	-60.683674	-3.1685402	1.0	667500	11542.192848920822
267	-29.8	-29.8	-10.5	-3.1587336	4.722079	3.3118136	-57.273327	-3.1586285	1.0	670000	11586.284054756165
268	-29.56	-29.56	-11.9	-3.1556883	4.730816	4.207801	-59.238968	-3.1556787	1.0	672500	11630.35993885994
269	-30.06	-30.06	-13.2	-3.1613111	4.727748	3.0484426	-59.601578	-3.1613243	1.0	675000	11674.258996963501
270	-28.98	-28.98	-11.7	-3.159748	4.746471	2.7627883	-56.769165	-3.1597924	1.0	677500	11718.794737100601
271	-24.16	-24.16	-13.3	-3.141541	4.7151294	6.678469	-57.936535	-3.141509	1.0	680000	11763.069946527481
272	-27.04	-27.04	-17.800001	-3.1337395	4.718388	2.896268	-62.238285	-3.1337652	0.9	682500	11807.347234487534
273	-28.4	-28.4	-13.9	-3.1212828	4.680423	3.6260798	-55.91437	-3.1212268	1.0	685000	11850.94120836258
274	-29.66	-29.66	-14.8	-3.1282237	4.7004404	2.4489074	-57.84484	-3.128358	0.9	687500	11894.524906396866
275	-29.2	-29.2	-14.9	-3.115873	4.6788926	2.1526203	-58.241917	-3.1157663	0.9	690000	11938.42305111885
276	-24.12	-24.12	-9.3	-3.1265852	4.6894913	2.6282756	-59.556522	-3.1266983	1.0	692500	11982.014598608017
277	-29.86	-29.86	-11.7	-3.1160512	4.6891093	4.573155	-59.398533	-3.1158729	1.0	695000	12025.0987033844
278	-26.56	-26.56	-12.0	-3.1243622	4.694926	3.3398094	-61.278236	-3.1244116	1.0	697500	12068.57038116455
279	-26.14	-26.14	-11.2	-3.1181505	4.694591	3.547135	-55.404087	-3.118171	1.0	700000	12112.079659461975
280	-27.2	-27.2	-12.8	-3.1214936	4.6834764	3.2165005	-61.027554	-3.1215358	0.9	702500	12154.617961883545
281	-24.1	-24.1	-8.0	-3.0781183	4.631916	3.0936236	-55.882362	-3.0780628	1.0	705000	12197.869582176208
282	-25.78	-25.78	-11.0	-3.077416	4.6247897	2.9886596	-59.80466	-3.0773644	0.9	707500	12241.239040851593
283	-25.1	-25.1	-10.900001	-3.0846882	4.6598916	2.6346579	-57.870796	-3.0847652	1.0	710000	12285.086396217346
284	-28.84	-28.84	-9.900001	-3.0942886	4.669584	3.8588853	-73.88667	-3.0942302	1.0	712500	12328.798825979233
285	-27.68	-27.68	-9.3	-3.0844238	4.647918	5.1487465	-64.09923	-3.0845616	1.0	715000	12372.444519519806
286	-27.8	-27.8	-15.8	-3.073431	4.6399155	2.5689704	-59.151127	-3.0733788	0.9	717500	12415.974672555923
287	-27.38	-27.38	-12.6	-3.064349	4.6370506	3.6447275	-74.87782	-3.0642505	1.0	720000	12459.609611272812
288	-24.66	-24.66	-11.8	-3.0454783	4.6038947	4.238576	-60.38668	-3.0455077	1.0	722500	12503.714442253113
289	-27.1	-27.1	-16.0	-3.0556076	4.6038694	4.2298026	-62.735886	-3.055581	0.9	725000	12548.144657611847
290	-26.12	-26.12	-10.2	-3.055009	4.623709	3.5699575	-92.09181	-3.0550313	1.0	727500	12592.6630153656
291	-29.06	-29.06	-15.2	-3.042995	4.5924296	3.7755778	-57.698112	-3.0429497	0.9	730000	12636.910625457764
292	-29.86	-29.86	-13.2	-3.0303993	4.58104	2.9188325	-66.157196	-3.030363	1.0	732500	12680.46904373169
293	-26.5	-26.5	-9.3	-3.0420382	4.596423	2.961527	-60.360855	-3.042135	1.0	735000	12724.276680469513
294	-25.42	-25.42	-14.9	-3.0401905	4.6061363	2.3196652	-63.310486	-3.0401683	1.0	737500	12768.699466466904
295	-25.54	-25.54	-10.8	-3.0364091	4.6018233	2.2091196	-57.853966	-3.0364919	1.0	740000	12813.001989841461
296	-28.58	-28.58	-8.8	-3.0371323	4.626372	2.3279123	-61.309185	-3.0370617	1.0	742500	12856.287033319473
297	-26.88	-26.88	-13.3	-3.0460033	4.6366186	5.467972	-64.82045	-3.0458076	0.9	745000	12899.694080591202
298	-24.98	-24.98	-11.3	-3.0612874	4.658557	3.0524518	-59.323544	-3.0616663	1.0	747500	12943.26417517662
299	-28.08	-28.08	-11.5	-3.0554175	4.631731	7.7740817	-70.38226	-3.0551622	1.0	750000	12986.804759025574
300	-26.16	-26.16	-11.0	-3.0629034	4.647371	6.327669	-56.483	-3.0629835	1.0	752500	13030.53330540657
301	-25.0	-25.0	-12.9	-3.0500832	4.634859	3.5719893	-61.453987	-3.0500934	1.0	755000	13073.955417633057
302	-29.18	-29.18	-12.4	-3.034783	4.609931	2.735216	-65.38309	-3.0347898	1.0	757500	13116.98246216774
303	-24.12	-24.12	-13.9	-3.0191884	4.5932636	3.247727	-60.922123	-3.0192194	0.9	760000	13160.429104089737
304	-29.92	-29.92	-11.5	-3.026236	4.5722704	2.6405396	-63.79358	-3.0261378	1.0	762500	13204.083155155182
305	-26.84	-26.84	-8.8	-3.0375786	4.5908866	2.764411	-69.30589	-3.0376065	1.0	765000	13246.334814548492
306	-26.3	-26.3	-9.0	-3.013617	4.5753245	2.9301748	-83.50739	-3.013581	1.0	767500	13288.758374929428
307	-26.9	-26.9	-10.900001	-3.0097904	4.560351	2.7575066	-58.47476	-3.0100055	1.0	770000	13331.747252464294
308	-26.32	-26.32	-8.5	-3.0225353	4.5894203	2.674058	-58.700863	-3.0224426	1.0	772500	13374.126117706299
309	-27.36	-27.36	-9.900001	-3.0318134	4.595844	3.5640466	-64.30296	-3.0318012	1.0	775000	13418.17440533638
310	-28.7	-28.7	-13.3	-3.0138135	4.588815	3.0267217	-60.311386	-3.0137448	1.0	777500	13461.583152532578
311	-26.16	-26.16	-10.599999	-3.0155427	4.5873613	2.79496	-58.926773	-3.0155704	1.0	780000	13503.360946655273
312	-26.26	-26.26	-12.0	-3.011249	4.589784	2.7817183	-64.65118	-3.0112047	1.0	782500	13547.246809959412
313	-27.88	-27.88	-10.3	-3.0118046	4.5980988	3.1028075	-59.79842	-3.0118797	1.0	785000	13590.975605726242
314	-27.26	-27.26	-9.599999	-3.0151224	4.605258	2.2988303	-57.354786	-3.0151558	1.0	787500	13635.178088188171
315	-33.26	-33.26	-15.2	-3.0039368	4.583097	3.8286824	-56.871223	-3.003927	1.0	790000	13676.88058257103
316	-26.86	-26.86	-11.5	-3.0106356	4.562248	3.590453	-55.41163	-3.0105493	1.0	792500	13721.101809740067
317	-29.1	-29.1	-9.8	-3.0285609	4.5915914	3.0683823	-56.48234	-3.0285735	1.0	795000	13764.715116024017
318	-27.46	-27.46	-10.400001	-3.024687	4.606	13.847958	-63.464104	-3.0247605	1.0	797500	13807.263188362122
319	-24.04	-24.04	-10.599999	-3.0240169	4.5943117	2.5297487	-58.498623	-3.0238795	1.0	800000	13851.423465490341
320	-26.36	-26.36	-12.0	-3.0258164	4.6258006	3.341033	-57.938385	-3.0259097	1.0	802500	13895.069188594818
321	-26.64	-26.64	-14.5	-3.0062008	4.58943	3.994696	-57.594196	-3.0062358	0.9	805000	13938.732074022293
322	-25.0	-25.0	-16.1	-2.9983733	4.5732746	3.5145106	-55.784203	-2.9982638	0.9	807500	13982.916469573975
323	-26.12	-26.12	-13.0	-2.9725282	4.5509424	9.015163	-58.334763	-2.9724908	1.0	810000	14027.29013299942
324	-24.56	-24.56	-10.400001	-2.9752138	4.551704	15.034122	-63.236183	-2.975307	1.0	812500	14071.216025352478
325	-29.3	-29.3	-10.5	-2.9704475	4.5433717	5.4389925	-58.621902	-2.970428	1.0	815000	14114.994241952896
326	-29.44	-29.44	-7.4	-2.968395	4.5503616	3.6226315	-57.723904	-2.9683166	1.0	817500	14155.518988370895
327	-28.02	-28.02	-16.199999	-2.9828103	4.5680304	2.4089427	-55.829094	-2.9829586	0.9	820000	14199.136536121368
328	-28.76	-28.76	-8.099999	-3.0009823	4.5756087	5.9406996	-56.61366	-3.000968	1.0	822500	14242.902769088745
329	-27.38	-27.38	-15.9	-2.9922433	4.5645237	5.6752315	-55.047543	-2.9922588	0.9	825000	14285.487738370895
330	-27.16	-27.16	-15.6	-2.9814131	4.549516	3.7886891	-72.297516	-2.9813583	0.9	827500	14328.704113483429
331	-28.64	-28.64	-13.2	-2.9845152	4.560788	2.5961955	-56.366856	-2.984511	1.0	830000	14371.554939985275
332	-27.2	-27.2	-9.0	-2.976639	4.536586	9.510015	-57.029324	-2.9766498	1.0	832500	14415.007322072983
333	-27.68	-27.68	-12.1	-2.9884396	4.566694	2.798842	-60.122387	-2.9883864	1.0	835000	14458.625285863876
334	-28.58	-28.58	-9.2	-2.9770157	4.5591726	3.0520728	-73.15411	-2.9770603	1.0	837500	14502.686649799347
335	-27.08	-27.08	-11.3	-2.9948778	4.5710707	5.2464995	-58.393227	-2.994981	1.0	840000	14546.45168542862
336	-23.28	-23.28	-16.6	-2.984449	4.55386	3.305028	-58.29951	-2.9843783	0.9	842500	14590.118244886398
337	-23.34	-23.34	-13.1	-2.9802608	4.5449414	3.003658	-67.815414	-2.9803245	0.9	845000	14633.34314751625
338	-25.48	-25.48	-13.2	-2.9871159	4.5717573	2.997035	-61.49506	-2.9869792	1.0	847500	14676.349041938782
339	-28.18	-28.18	-11.400001	-2.9859989	4.581391	2.9669194	-63.98517	-2.9861438	1.0	850000	14719.1342523098
340	-25.78	-25.78	-9.0	-2.981601	4.5702906	4.394073	-58.745228	-2.981565	1.0	852500	14762.35695195198
341	-28.38	-28.38	-11.9	-2.9818847	4.564309	4.4801354	-62.180004	-2.9818797	1.0	855000	14806.041656255722
342	-24.22	-24.22	-12.7	-2.9642105	4.541741	3.2221928	-63.240334	-2.9641929	1.0	857500	14849.718231201172
343	-25.04	-25.04	-11.5	-2.970987	4.5667133	4.7774262	-69.63468	-2.9708903	1.0	860000	14893.402021408081
344	-28.02	-28.02	-15.7	-2.9912663	4.5917373	4.2435493	-70.49828	-2.9913309	0.9	862500	14936.18924856186
345	-29.56	-29.56	-12.2	-2.9826698	4.590994	12.0203085	-55.178364	-2.9826384	1.0	865000	14978.227438926697
346	-26.4	-26.4	-11.5	-2.9836898	4.586219	2.9971838	-69.00295	-2.983719	1.0	867500	15020.920616388321
347	-26.2	-26.2	-10.7	-2.9736967	4.5724354	9.1476345	-61.799473	-2.973731	1.0	870000	15062.360671281815
348	-25.5	-25.5	-11.099999	-2.9741542	4.5984473	4.5166097	-82.780045	-2.974103	1.0	872500	15104.24544620514
349	-25.14	-25.14	-21.199999	-2.9692707	4.579577	3.8105407	-57.286404	-2.969315	0.8	875000	15146.303631544113
350	-27.68	-27.68	-12.6	-2.965559	4.571014	2.9597049	-63.34473	-2.9654574	1.0	877500	15188.524743318558
351	-25.34	-25.34	-14.8	-2.9531348	4.573383	5.64684	-58.002403	-2.9531987	0.9	880000	15230.02914094925
352	-29.5	-29.5	-13.3	-2.9491377	4.549347	2.9941456	-59.75611	-2.949168	1.0	882500	15271.927889823914
353	-25.34	-25.34	-12.7	-2.9474015	4.541127	5.083791	-64.369896	-2.947477	1.0	885000	15313.614636182785
354	-28.14	-28.14	-9.900001	-2.9663632	4.547054	3.124617	-58.490772	-2.9663026	1.0	887500	15355.525211572647
355	-26.16	-26.16	-11.2	-2.954926	4.537148	3.867535	-55.659367	-2.9548006	1.0	890000	15398.002741336823
356	-29.0	-29.0	-12.3	-2.9463503	4.534672	10.18231	-57.93664	-2.9463007	1.0	892500	15440.839313745499
357	-25.18	-25.18	-11.7	-2.9497378	4.552768	6.524557	-60.890926	-2.9498422	1.0	895000	15484.244720220566
358	-26.46	-26.46	-9.8	-2.9544258	4.5276666	7.7875743	-58.185295	-2.9544308	1.0	897500	15527.267971515656
359	-28.3	-28.3	-12.2	-2.9607906	4.553376	3.584852	-57.988438	-2.9608254	1.0	900000	15569.645107984543
360	-30.54	-30.54	-17.9	-2.9735758	4.5554852	5.7400813	-56.374115	-2.9734914	0.9	902500	15612.133480548859
361	-28.66	-28.66	-10.400001	-2.9848323	4.5734353	2.994409	-56.857918	-2.9849315	1.0	905000	15654.926265954971
362	-26.98	-26.98	-9.599999	-2.981006	4.5930505	4.7771115	-57.87235	-2.980973	1.0	907500	15697.080278158188
363	-28.16	-28.16	-11.099999	-2.9700966	4.5841312	4.270894	-57.723328	-2.970028	1.0	910000	15738.410543441772
364	-28.16	-28.16	-10.599999	-2.991369	4.5932755	8.301583	-65.45473	-2.9914677	1.0	912500	15780.339938879013
365	-28.78	-28.78	-12.9	-2.9940252	4.59354	3.6028457	-57.247437	-2.9939232	1.0	915000	15822.438838481903
366	-21.98	-21.98	-11.099999	-2.9961436	4.5711894	4.9646196	-56.764683	-2.9963682	1.0	917500	15864.46642446518
367	-30.28	-30.28	-11.8	-3.0089707	4.618278	4.7502604	-57.7393	-3.008851	1.0	920000	15906.863173007965
368	-24.8	-24.8	-16.199999	-2.9954596	4.6169453	5.5989876	-58.943695	-2.9955845	0.9	922500	15949.16031050682
369	-28.66	-28.66	-9.599999	-2.9905994	4.605637	10.100099	-55.723503	-2.9904704	1.0	925000	15991.80230307579
370	-25.32	-25.32	-11.9	-2.9985626	4.6218176	2.6617	-58.25039	-2.9984925	1.0	927500	16034.735060691833
371	-27.34	-27.34	-11.099999	-3.0116138	4.650016	3.5107925	-57.31795	-3.0117126	1.0	930000	16077.048112869263
372	-24.28	-24.28	-12.8	-2.9901323	4.6445537	3.0655224	-58.323868	-2.9899995	1.0	932500	16119.22263622284
373	-24.48	-24.48	-11.3	-2.997015	4.6395783	4.034767	-55.78458	-2.9970665	1.0	935000	16160.770592689514
374	-27.54	-27.54	-12.8	-3.0173438	4.6565094	4.3753266	-56.706497	-3.01727	1.0	937500	16202.45525598526
375	-25.74	-25.74	-13.7	-2.9847982	4.625255	12.2043495	-65.74389	-2.984822	0.9	940000	16243.533173799515
376	-25.5	-25.5	-11.599999	-2.9914951	4.63468	2.8258896	-56.151123	-2.9916122	1.0	942500	16285.308955192566
377	-25.46	-25.46	-13.6	-2.9918396	4.6366844	3.6270032	-60.371197	-2.9917285	1.0	945000	16327.033549785614
378	-24.14	-24.14	-15.0	-2.982869	4.626154	3.6958013	-57.723354	-2.9829826	1.0	947500	16368.299676656723
379	-26.92	-26.92	-13.1	-2.9892406	4.6330285	3.4826794	-57.143963	-2.9891682	1.0	950000	16409.94021964073
380	-29.28	-29.28	-14.9	-2.9836364	4.618562	3.2725794	-57.0417	-2.9836817	0.9	952500	16451.352291584015
381	-27.6	-27.6	-14.7	-2.966826	4.611698	3.186495	-56.830967	-2.9667213	0.9	955000	16492.86340212822
382	-25.74	-25.74	-11.7	-2.9757779	4.609607	3.2141314	-60.165245	-2.9757524	1.0	957500	16533.235074043274
383	-25.52	-25.52	-14.5	-2.9757767	4.6225543	9.508746	-56.405083	-2.9759505	1.0	960000	16574.684663057327
384	-26.68	-26.68	-10.400001	-3.0016615	4.621821	4.606151	-58.035816	-3.0015864	1.0	962500	16616.286163568497
385	-26.54	-26.54	-9.8	-2.9848301	4.6295886	3.0867097	-58.287544	-2.9847758	1.0	965000	16657.310232639313
386	-26.4	-26.4	-13.0	-2.9973001	4.6278076	3.6000323	-57.117138	-2.997381	1.0	967500	16699.51698255539
387	-25.32	-25.32	-12.5	-2.9911685	4.6233478	2.9660277	-59.958706	-2.9910986	1.0	970000	16741.986047029495
388	-27.28	-27.28	-11.099999	-2.9785435	4.6005716	4.323924	-58.98033	-2.9785826	1.0	972500	16784.07613825798
389	-26.46	-26.46	-12.4	-2.975605	4.6067495	5.450189	-60.50135	-2.9755912	1.0	975000	16826.090996026993
390	-26.26	-26.26	-9.400001	-2.9745808	4.5916615	5.1174307	-57.35385	-2.9745219	1.0	977500	16868.28809785843
391	-24.58	-24.58	-15.0	-2.968541	4.57284	3.894358	-57.591423	-2.968515	0.9	980000	16910.59070944786
392	-26.18	-26.18	-10.5	-2.9657977	4.571297	4.1049275	-67.63517	-2.96582	1.0	982500	16953.01987361908
393	-24.36	-24.36	-11.7	-2.955682	4.5680714	5.2034664	-60.604156	-2.955717	1.0	985000	16995.079624176025
394	-23.44	-23.44	-12.1	-2.9591324	4.5634384	7.085915	-56.03015	-2.9592187	1.0	987500	17037.593742847443
395	-23.44	-23.44	-8.400001	-2.9455914	4.5820546	6.207866	-58.553764	-2.9455113	1.0	990000	17080.00319814682
396	-26.86	-26.86	-10.5	-2.9255111	4.524099	5.242202	-57.03445	-2.9255276	1.0	992500	17121.93825674057
397	-25.22	-25.22	-13.6	-2.928672	4.548996	3.799032	-60.18115	-2.9287505	1.0	995000	17163.886287212372
398	-25.22	-25.22	-10.599999	-2.9072835	4.538819	4.7717094	-56.874733	-2.9072595	1.0	997500	17206.655955791473
399	-26.0	-26.0	-9.0	-2.9179032	4.5384407	5.5273	-55.321472	-2.9178047	1.0	1000000	17249.59245109558
400	-23.24	-23.24	-11.0	-2.913499	4.539307	3.911447	-57.557175	-2.9135604	1.0	1002500	17291.936887025833
401	-27.3	-27.3	-11.2	-2.910918	4.5418487	2.7896762	-60.56997	-2.9110045	1.0	1005000	17334.548046827316
402	-26.3	-26.3	-9.7	-2.950831	4.5814567	2.5322063	-55.61026	-2.9507546	1.0	1007500	17377.285401821136
403	-27.12	-27.12	-14.9	-2.928361	4.557539	2.397098	-55.678547	-2.9284213	0.9	1010000	17419.05961084366
404	-27.84	-27.84	-13.0	-2.9371676	4.57063	2.036676	-60.666363	-2.9371474	1.0	1012500	17461.079428195953
405	-27.22	-27.22	-14.1	-2.9498227	4.564745	4.6526146	-56.978073	-2.9498258	0.9	1015000	17502.536976099014
406	-31.44	-31.44	-13.1	-2.9267783	4.532447	4.409595	-55.743702	-2.9266071	1.0	1017500	17545.20305967331
407	-28.2	-28.2	-10.099999	-2.9420466	4.557631	3.6142585	-55.15609	-2.942278	1.0	1020000	17586.325556755066
408	-27.92	-27.92	-10.7	-2.948905	4.5666823	2.8224483	-59.838367	-2.9488416	1.0	1022500	17624.94910311699
409	-26.22	-26.22	-11.7	-2.9541657	4.5943255	2.5996099	-57.29398	-2.9540248	1.0	1025000	17666.039164066315
410	-25.92	-25.92	-14.7	-2.9417987	4.575403	3.9417746	-59.031044	-2.9419646	0.9	1027500	17707.1488199234
411	-26.84	-26.84	-9.5	-2.9416475	4.561813	2.7646427	-56.346367	-2.94166	1.0	1030000	17750.315544366837
412	-25.0	-25.0	-10.599999	-2.9515123	4.5746927	3.4900422	-68.55271	-2.9513621	1.0	1032500	17791.902596235275
413	-24.94	-24.94	-12.5	-2.9223301	4.5671806	2.9072454	-56.30288	-2.9223871	1.0	1035000	17833.790791511536
414	-25.94	-25.94	-10.3	-2.936479	4.5786557	3.2812965	-57.83936	-2.936427	1.0	1037500	17875.842698574066
415	-28.44	-28.44	-10.099999	-2.931042	4.5770283	3.0881388	-57.922234	-2.9310668	1.0	1040000	17917.689462661743
416	-24.92	-24.92	-13.8	-2.9370408	4.5820622	2.740709	-55.065796	-2.937135	1.0	1042500	17958.99253153801
417	-23.8	-23.8	-8.0	-2.932827	4.5709352	4.95085	-62.623035	-2.932694	1.0	1045000	17999.963526964188
418	-29.28	-29.28	-10.2	-2.9409828	4.5712056	2.3309436	-60.636467	-2.9410233	1.0	1047500	18040.84024310112
419	-25.7	-25.7	-11.8	-2.9218996	4.5671782	6.496899	-56.224297	-2.9218256	1.0	1050000	18081.49614429474
420	-31.8	-31.8	-12.7	-2.9126213	4.5315065	2.4919624	-72.28137	-2.9127128	1.0	1052500	18121.839557647705
421	-22.78	-22.78	-9.8	-2.9277961	4.5580745	2.7193708	-56.169434	-2.9276993	1.0	1055000	18162.470921278
422	-24.72	-24.72	-8.7	-2.934152	4.5620694	2.9110725	-59.69427	-2.9342208	1.0	1057500	18203.219955444336
423	-24.78	-24.78	-15.4	-2.940142	4.5760407	3.7523475	-57.779007	-2.9401171	0.9	1060000	18243.983337640762
424	-25.62	-25.62	-9.900001	-2.933273	4.587276	2.7646413	-76.75013	-2.9333081	1.0	1062500	18284.431117534637
425	-27.12	-27.12	-10.2	-2.9423134	4.5617757	5.115405	-56.706013	-2.9422402	1.0	1065000	18324.803864240646
426	-27.88	-27.88	-10.099999	-2.921855	4.560604	3.772395	-67.617096	-2.921873	1.0	1067500	18365.583634376526
427	-29.6	-29.6	-14.3	-2.942287	4.582879	4.453371	-59.45028	-2.9423695	1.0	1070000	18406.36764907837
428	-27.98	-27.98	-8.0	-2.9387841	4.556327	4.0261145	-58.58666	-2.9386983	1.0	1072500	18446.953049898148
429	-27.0	-27.0	-10.0	-2.9442255	4.5634785	2.7246232	-55.542667	-2.944283	1.0	1075000	18487.585589170456
430	-27.52	-27.52	-12.8	-2.9502692	4.5739408	4.184138	-56.096695	-2.9502952	1.0	1077500	18528.31437444687
431	-24.0	-24.0	-8.599999	-2.9526517	4.5952373	3.935342	-57.13957	-2.952619	1.0	1080000	18569.027106523514
432	-26.8	-26.8	-11.3	-2.952148	4.605689	3.5428023	-66.59672	-2.9520934	1.0	1082500	18609.76567721367
433	-22.74	-22.74	-10.0	-2.9494636	4.6112	2.809466	-59.117847	-2.9495199	1.0	1085000	18650.273476600647
434	-23.76	-23.76	-16.699999	-2.9438474	4.6311316	3.3583815	-57.463978	-2.9438703	0.9	1087500	18691.331622600555
435	-28.12	-28.12	-12.1	-2.9497657	4.603326	2.9693131	-57.83696	-2.9497278	1.0	1090000	18732.590167045593
436	-27.98	-27.98	-11.0	-2.946495	4.6246715	4.2696476	-83.414856	-2.9464302	1.0	1092500	18774.11267709732
437	-29.44	-29.44	-11.2	-2.9572868	4.618881	6.813168	-55.85936	-2.9573956	1.0	1095000	18815.443412303925
438	-25.7	-25.7	-9.900001	-2.9510713	4.6231146	3.3447504	-56.901863	-2.951093	1.0	1097500	18856.456022500992
439	-22.8	-22.8	-10.0	-2.9440231	4.6031466	2.9689307	-63.65084	-2.943954	1.0	1100000	18897.1996614933
440	-27.34	-27.34	-11.0	-2.9413698	4.60588	3.1983817	-62.50497	-2.9414737	1.0	1102500	18938.250339508057
441	-23.04	-23.04	-11.9	-2.9306479	4.5792756	3.7769117	-64.05278	-2.9306417	1.0	1105000	18979.359078884125
442	-26.1	-26.1	-12.0	-2.9241228	4.5849986	3.2420468	-67.993095	-2.9240596	1.0	1107500	19020.42885375023
443	-29.7	-29.7	-11.0	-2.921498	4.5843534	3.745933	-58.332626	-2.9215746	1.0	1110000	19061.204387426376
444	-26.96	-26.96	-11.0	-2.911425	4.5614	2.8828201	-57.864494	-2.9112387	1.0	1112500	19102.082717895508
445	-24.92	-24.92	-15.1	-2.9273791	4.580919	3.4934306	-54.71115	-2.9274147	0.9	1115000	19142.912105321884
446	-28.9	-28.9	-15.0	-2.9224226	4.5739813	3.4548712	-55.52819	-2.922364	0.9	1117500	19183.754338741302
447	-28.18	-28.18	-10.7	-2.9108298	4.5560646	4.4262466	-58.19024	-2.910967	1.0	1120000	19224.931803703308
448	-27.5	-27.5	-11.9	-2.9204493	4.5838547	3.4564877	-62.00178	-2.9204652	1.0	1122500	19265.804411649704
449	-27.68	-27.68	-13.7	-2.9194481	4.574798	3.4455426	-56.72737	-2.9193766	1.0	1125000	19306.783769369125
450	-25.78	-25.78	-7.4	-2.916612	4.561464	2.3332288	-59.658623	-2.9165103	1.0	1127500	19347.848031759262
451	-25.18	-25.18	-13.1	-2.9146166	4.5802274	8.765668	-57.874588	-2.914747	1.0	1130000	19389.14089488983
452	-29.64	-29.64	-12.9	-2.935053	4.5956306	3.26961	-56.41534	-2.9349885	1.0	1132500	19430.37332510948
453	-24.76	-24.76	-15.2	-2.919305	4.5625405	4.2264843	-56.704712	-2.9193816	0.9	1135000	19471.118200063705
454	-22.5	-22.5	-12.2	-2.9146004	4.5407615	2.696918	-61.101933	-2.91458	0.9	1137500	19512.07392024994
455	-24.72	-24.72	-10.0	-2.9191818	4.5619645	4.845167	-59.59687	-2.9191008	1.0	1140000	19553.41620349884
456	-24.58	-24.58	-11.2	-2.8993096	4.535694	2.5545022	-58.449276	-2.899354	1.0	1142500	19594.74433207512
457	-23.48	-23.48	-12.6	-2.9000504	4.530182	5.268494	-58.501133	-2.9000337	0.9	1145000	19636.43505167961
458	-26.4	-26.4	-9.0	-2.867291	4.4952707	3.153485	-59.98291	-2.8673651	1.0	1147500	19678.008769273758
459	-27.42	-27.42	-12.3	-2.8811457	4.498338	5.38257	-54.85744	-2.8809428	1.0	1150000	19718.618430137634
460	-27.78	-27.78	-11.2	-2.9031892	4.5183053	5.867223	-74.027534	-2.9034293	1.0	1152500	19757.79604625702
461	-28.88	-28.88	-7.8	-2.909857	4.526903	4.204913	-66.12663	-2.909826	1.0	1155000	19798.024173736572
462	-28.8	-28.8	-10.099999	-2.912672	4.5450516	3.8416688	-61.941383	-2.9126136	1.0	1157500	19839.2704641819
463	-25.8	-25.8	-12.9	-2.9054873	4.5276012	2.8867152	-54.982506	-2.9054518	1.0	1160000	19880.567013025284
464	-26.06	-26.06	-17.0	-2.906049	4.527506	5.703912	-58.114685	-2.9060493	0.8	1162500	19921.318014144897
465	-25.3	-25.3	-15.4	-2.901484	4.5169187	3.3705153	-63.607166	-2.9015214	0.9	1165000	19961.879150390625
466	-27.3	-27.3	-9.5	-2.895002	4.5148406	4.821992	-55.899498	-2.8949823	1.0	1167500	20002.066811323166
467	-24.54	-24.54	-11.8	-2.9159725	4.5298753	2.7947037	-61.465317	-2.916002	1.0	1170000	20042.516877412796
468	-27.66	-27.66	-10.2	-2.9038303	4.5151515	2.9331505	-63.755287	-2.903771	1.0	1172500	20083.383554458618
469	-24.08	-24.08	-15.1	-2.8866708	4.5066786	3.431894	-55.191254	-2.8867052	0.9	1175000	20124.092844724655
470	-24.4	-24.4	-10.7	-2.8915908	4.52556	4.1530304	-60.948685	-2.891619	1.0	1177500	20165.210207939148
471	-25.54	-25.54	-11.7	-2.906243	4.522462	2.709382	-59.940475	-2.9062364	1.0	1180000	20205.903846740723
472	-25.22	-25.22	-9.7	-2.8907514	4.522933	4.7251954	-58.082603	-2.8907905	1.0	1182500	20247.144411087036
473	-26.86	-26.86	-14.6	-2.894264	4.5137396	4.83822	-63.87974	-2.8942807	1.0	1185000	20287.974509477615
474	-22.04	-22.04	-16.300001	-2.8893795	4.4976306	3.1700976	-65.98992	-2.8893428	1.0	1187500	20329.081142663956
475	-26.72	-26.72	-12.1	-2.8860166	4.507151	3.133823	-60.032326	-2.885996	1.0	1190000	20369.97849225998
476	-29.32	-29.32	-9.900001	-2.8892636	4.5147567	5.16149	-58.47791	-2.8892565	1.0	1192500	20410.382823228836
477	-28.24	-28.24	-10.400001	-2.892025	4.507079	4.0909834	-57.1291	-2.892048	1.0	1195000	20451.787412643433
478	-28.34	-28.34	-10.599999	-2.8993247	4.5188303	3.1779892	-56.024952	-2.8993242	1.0	1197500	20493.314699172974
479	-26.72	-26.72	-15.0	-2.9100099	4.5175433	4.013835	-63.070328	-2.9100294	0.9	1200000	20534.488267183304
480	-27.0	-27.0	-10.8	-2.896996	4.510502	3.8775156	-55.80128	-2.8969076	1.0	1202500	20575.37123823166
481	-25.18	-25.18	-9.8	-2.8920817	4.474308	3.1426256	-55.80906	-2.8922496	1.0	1205000	20616.589913606644
482	-31.14	-31.14	-10.2	-2.8972924	4.4926505	15.79859	-59.836174	-2.8971615	1.0	1207500	20657.343690156937
483	-24.0	-24.0	-9.599999	-2.901194	4.4909472	5.1826587	-57.97859	-2.9011781	1.0	1210000	20698.248797893524
484	-26.36	-26.36	-10.599999	-2.908999	4.5090895	3.4564617	-60.1061	-2.9090703	1.0	1212500	20739.2928109169
485	-22.98	-22.98	-9.900001	-2.8894327	4.4911017	3.7583573	-58.661526	-2.8895025	1.0	1215000	20779.94026041031
486	-24.7	-24.7	-13.6	-2.9006286	4.5177937	3.154932	-87.77112	-2.9005978	1.0	1217500	20820.701111793518
487	-25.68	-25.68	-11.7	-2.9128437	4.5486684	3.553647	-55.03867	-2.912818	1.0	1220000	20861.012835502625
488	-27.34	-27.34	-10.099999	-2.8891485	4.5004635	3.0080936	-66.89873	-2.8891146	1.0	1222500	20901.728317022324
489	-27.28	-27.28	-8.900001	-2.8803031	4.4966555	3.1374078	-58.527336	-2.880352	1.0	1225000	20941.872305870056
490	-26.7	-26.7	-11.2	-2.8768167	4.461417	2.7857432	-58.123817	-2.8767433	1.0	1227500	20983.047838687897
491	-27.52	-27.52	-13.2	-2.8853207	4.4890842	3.8828015	-65.31659	-2.885383	1.0	1230000	21023.44987797737
492	-26.94	-26.94	-14.4	-2.8891869	4.489406	5.3847327	-60.465797	-2.8891695	0.9	1232500	21064.08222770691
493	-30.4	-30.4	-9.599999	-2.8833334	4.4968286	4.441342	-55.509464	-2.8833442	1.0	1235000	21105.136753320694
494	-27.12	-27.12	-13.6	-2.9072802	4.5276055	4.199069	-63.211857	-2.907269	0.9	1237500	21145.54015660286
495	-24.44	-24.44	-11.3	-2.9037328	4.5118256	4.081216	-62.898483	-2.9037154	1.0	1240000	21186.535140752792
496	-24.44	-24.44	-9.599999	-2.8943286	4.4888697	5.5395436	-59.189594	-2.894271	1.0	1242500	21224.721817731857
497	-22.32	-22.32	-8.3	-2.8767052	4.474542	3.4208589	-57.688892	-2.8767042	1.0	1245000	21259.917560577393
498	-28.62	-28.62	-10.3	-2.8737853	4.4881606	5.216758	-57.316643	-2.8739393	1.0	1247500	21290.824417114258
499	-29.16	-29.16	-9.7	-2.87688	4.4757767	3.5962691	-66.007774	-2.8767736	1.0	1250000	21321.89004778862
