Epoch	EpRet	EpRealRet	TestEpRet	AverageQ1	StdQ1	MaxQ1	MinQ1	Q2	TestSuccess	TotalEnvInteracts	TotalTime
0	-50.0	-50.0	-50.0	0.116784595	0.09716639	1.3405031	0.0021039445	0.12188562	0.0	2500	65.48768019676208
1	-47.0	-47.0	-40.0	0.33259735	0.088388965	0.67244285	0.12323171	0.33974606	0.2	5000	155.94141960144043
2	-47.0	-47.0	-45.0	0.43734142	0.10146898	0.89911807	0.19503787	0.44071475	0.1	7500	244.68712496757507
3	-46.68	-46.68	-45.0	0.46498108	0.110231146	0.9988285	0.17871004	0.46805787	0.1	10000	334.84489941596985
4	-48.78	-48.78	-49.2	0.49586058	0.11843994	1.5826824	0.21042898	0.49577895	0.0	12500	421.3616256713867
5	-46.56	-46.56	-45.0	0.5031508	0.11594375	0.98944485	0.15543503	0.50478303	0.1	15000	509.11660504341125
6	-45.1	-45.1	-45.0	0.513662	0.119221084	1.1999371	0.22034901	0.5127588	0.1	17500	594.8185911178589
7	-47.0	-47.0	-45.0	0.49761024	0.115585834	1.0914916	0.19902888	0.494882	0.1	20000	678.9504852294922
8	-47.62	-47.62	-40.0	0.49210632	0.112129055	1.1211752	0.21838091	0.49172637	0.2	22500	766.1501576900482
9	-48.58	-48.58	-50.0	0.49717486	0.12015336	1.4444139	0.2314044	0.49595228	0.0	25000	852.8718116283417
10	-47.0	-47.0	-45.0	0.5095284	0.12519172	1.7790864	0.2296395	0.5036055	0.1	27500	938.3792355060577
11	-46.52	-46.52	-45.0	0.50251037	0.11858683	1.0665147	0.21602489	0.49867347	0.1	30000	1017.340035200119
12	-49.0	-49.0	-45.0	0.51015973	0.11943863	1.0871027	0.22055902	0.50436795	0.1	32500	1096.066180229187
13	-44.88	-44.88	-50.0	0.5309804	0.1297622	1.4876817	0.2088635	0.5326515	0.0	35000	1176.554445028305
14	-46.38	-46.38	-44.2	0.5452796	0.13101141	1.7848647	0.20168078	0.54116577	0.2	37500	1257.566288948059
15	-46.48	-46.48	-50.0	0.55028856	0.13779603	1.4021838	0.23572509	0.5538379	0.0	40000	1339.5748753547668
16	-48.0	-48.0	-45.0	0.5644882	0.14215285	1.457355	0.22937143	0.56754464	0.1	42500	1420.8652174472809
17	-43.08	-43.08	-50.0	0.5669545	0.14461417	1.7242336	0.24480623	0.56248766	0.0	45000	1501.062900543213
18	-47.32	-47.32	-45.0	0.5737201	0.15040585	1.6876416	0.2117508	0.57078886	0.1	47500	1581.3273413181305
19	-48.0	-48.0	-50.0	0.5685859	0.15063304	2.052474	0.24476628	0.5631106	0.0	50000	1661.5687441825867
20	-47.0	-47.0	-40.899998	0.5682407	0.15018468	2.179719	0.20922165	0.5654829	0.2	52500	1742.4681844711304
21	-49.28	-49.28	-50.0	0.57509434	0.15221588	1.7151163	0.20151654	0.5738421	0.0	55000	1820.6125600337982
22	-48.9	-48.9	-50.0	0.5940214	0.15783207	1.5058482	0.22819707	0.5895199	0.0	57500	1900.6607761383057
23	-46.22	-46.22	-50.0	0.59309524	0.18133554	2.591765	0.24569458	0.5867241	0.0	60000	1981.235190629959
24	-47.6	-47.6	-45.0	0.58976173	0.16409788	1.8408408	0.26592273	0.5854951	0.1	62500	2062.137754201889
25	-48.0	-48.0	-45.0	0.59500796	0.16801131	1.8922906	0.23167872	0.59025306	0.1	65000	2143.359219789505
26	-44.84	-44.84	-48.9	0.59919786	0.16464368	2.0149834	0.23946431	0.5956526	0.0	67500	2223.680695772171
27	-47.74	-47.74	-45.0	0.6086932	0.16669744	2.03238	0.23120576	0.60704255	0.1	70000	2302.015755176544
28	-45.0	-45.0	-43.5	0.61256176	0.16360815	1.5443964	0.2322548	0.61064345	0.2	72500	2380.495957136154
29	-48.78	-48.78	-48.5	0.6148529	0.16919719	2.2164354	0.24138224	0.6131433	0.0	75000	2459.1142835617065
30	-46.64	-46.64	-42.100002	0.6235683	0.1729286	2.1691613	0.24389045	0.6201729	0.2	77500	2537.5743827819824
31	-47.78	-47.78	-45.0	0.6206998	0.17936361	2.796453	0.24797508	0.61954546	0.1	80000	2615.071877717972
32	-43.74	-43.74	-46.6	0.6387816	0.2029204	3.3558006	0.26704878	0.63716745	0.1	82500	2695.505578994751
33	-44.0	-44.0	-50.0	0.6399127	0.22703046	5.306897	0.24789894	0.63741994	0.0	85000	2774.8767812252045
34	-47.48	-47.48	-40.5	0.6265934	0.18372701	2.202121	0.2490386	0.62623006	0.2	87500	2852.579456090927
35	-45.0	-45.0	-43.600002	0.631553	0.18040754	2.5126467	0.22999269	0.6342947	0.1	90000	2928.5730805397034
36	-47.9	-47.9	-45.0	0.6281549	0.18113431	2.060581	0.25707766	0.62824064	0.1	92500	3007.340119123459
37	-47.12	-47.12	-42.3	0.62465185	0.1805647	2.4864798	0.19398484	0.6265276	0.1	95000	3085.775509119034
38	-46.76	-46.76	-45.0	0.6308251	0.17429489	2.115726	0.23779356	0.6354532	0.1	97500	3164.174442052841
39	-47.0	-47.0	-45.0	0.62243944	0.17313574	2.1233695	0.2573477	0.6248472	0.1	100000	3241.973684310913
40	-46.04	-46.04	-35.399998	0.64114755	0.2001551	3.204115	0.2512769	0.64607704	0.3	102500	3321.557504415512
41	-47.3	-47.3	-40.0	0.6369406	0.1863633	2.3419666	0.24094553	0.63801414	0.2	105000	3401.6747610569
42	-47.7	-47.7	-31.1	0.63868564	0.19333479	2.6267283	0.20520194	0.64152503	0.4	107500	3481.5185120105743
43	-45.6	-45.6	-40.0	0.63873327	0.18153018	2.3644245	0.22478005	0.6453168	0.2	110000	3560.322613477707
44	-46.12	-46.12	-50.0	0.63987327	0.17843175	2.5237725	0.29144108	0.6448748	0.0	112500	3639.7066428661346
45	-48.64	-48.64	-44.899998	0.6354533	0.17269094	1.6597482	0.24331447	0.6421869	0.1	115000	3719.344147205353
46	-47.1	-47.1	-50.0	0.6393733	0.17548473	2.1756675	0.26447988	0.6363502	0.0	117500	3798.490257501602
47	-45.9	-45.9	-39.7	0.6529936	0.19221984	2.1180995	0.26728648	0.655518	0.3	120000	3876.5538997650146
48	-48.0	-48.0	-46.0	0.6477864	0.19953686	2.516096	0.27393275	0.6536037	0.1	122500	3954.7415702342987
49	-42.86	-42.86	-40.0	0.65052307	0.18447927	2.00216	0.23824823	0.65577406	0.2	125000	4032.5878360271454
50	-48.24	-48.24	-44.7	0.6620708	0.19764082	2.4542675	0.19838291	0.6713086	0.1	127500	4110.820546865463
51	-43.34	-43.34	-45.0	0.66273797	0.2025098	2.8154035	0.2655446	0.6731954	0.1	130000	4189.8995678424835
52	-47.5	-47.5	-45.0	0.66346425	0.19253936	2.4337924	0.27095613	0.6734666	0.1	132500	4270.568277359009
53	-43.76	-43.76	-45.0	0.69093925	0.21806674	3.242217	0.2626688	0.6986178	0.1	135000	4349.572116613388
54	-44.74	-44.74	-50.0	0.6732678	0.20019436	2.264485	0.29918557	0.6810785	0.0	137500	4427.379990577698
55	-46.38	-46.38	-44.899998	0.6825987	0.21494266	3.190354	0.25070482	0.69174504	0.1	140000	4506.388180971146
56	-48.34	-48.34	-45.600002	0.6807418	0.21897653	3.0370057	0.25652185	0.69197375	0.1	142500	4584.967451810837
57	-45.9	-45.9	-50.0	0.6777624	0.21987517	3.3932025	0.2837671	0.6910459	0.0	145000	4663.012615680695
58	-47.38	-47.38	-45.0	0.69888157	0.2624957	4.4505897	0.2936154	0.7069258	0.1	147500	4741.098071336746
59	-47.36	-47.36	-46.8	0.70838565	0.23978017	3.2121441	0.24500184	0.7160165	0.1	150000	4818.432790517807
60	-47.32	-47.32	-44.3	0.6903366	0.22178996	2.971475	0.29608017	0.6997562	0.1	152500	4895.519079208374
61	-48.18	-48.18	-36.3	0.6886891	0.22049777	2.849082	0.28516454	0.69889736	0.2	155000	4973.502066612244
62	-45.36	-45.36	-50.0	0.6953337	0.2205695	4.9032316	0.24802682	0.70411265	0.0	157500	5050.827908277512
63	-45.82	-45.82	-38.2	0.7081044	0.24167736	4.121854	0.29711038	0.7100322	0.3	160000	5129.256070137024
64	-48.68	-48.68	-42.100002	0.7019026	0.22978985	4.1647024	0.27949557	0.70610595	0.2	162500	5208.514429330826
65	-45.7	-45.7	-49.8	0.6924667	0.24682668	4.457966	0.22783624	0.69942135	0.0	165000	5287.481660366058
66	-43.16	-43.16	-45.3	0.70808727	0.21340014	2.8763757	0.20661533	0.7058738	0.1	167500	5364.996469974518
67	-47.52	-47.52	-50.0	0.7275992	0.23452742	2.6227314	0.30894807	0.73606175	0.0	170000	5443.094433784485
68	-47.82	-47.82	-40.0	0.7319101	0.24087511	3.3846354	0.3323101	0.7360374	0.2	172500	5521.846278429031
69	-45.6	-45.6	-50.0	0.7352329	0.28961632	5.881228	0.26110286	0.7418037	0.0	175000	5601.634989023209
70	-45.52	-45.52	-36.399998	0.7396382	0.23594034	2.9197698	0.24710941	0.74323016	0.3	177500	5680.098454475403
71	-41.88	-41.88	-40.399998	0.7411372	0.258144	4.115362	0.25144133	0.74484277	0.2	180000	5758.744192361832
72	-43.9	-43.9	-44.8	0.7367591	0.25452477	4.70579	0.31098187	0.74199724	0.1	182500	5837.895249605179
73	-46.48	-46.48	-50.0	0.73720646	0.24372293	4.4649153	0.33134598	0.7337268	0.0	185000	5916.759140968323
74	-44.68	-44.68	-49.4	0.74996054	0.2599193	4.7917557	0.26871294	0.74342006	0.0	187500	5996.291733980179
75	-48.6	-48.6	-48.2	0.7376299	0.22515698	2.180429	0.23703687	0.7376487	0.1	190000	6073.649210929871
76	-44.3	-44.3	-42.899998	0.7540915	0.24478564	3.6026192	0.27302682	0.751567	0.1	192500	6152.47566819191
77	-46.26	-46.26	-49.7	0.7451424	0.2360836	2.8253803	0.30872086	0.7435219	0.0	195000	6231.013568162918
78	-47.04	-47.04	-45.0	0.7502925	0.26240227	4.891278	0.3011188	0.7451282	0.1	197500	6309.2154421806335
79	-42.58	-42.58	-46.399998	0.7420141	0.22378656	3.2653184	0.29701737	0.73543316	0.2	200000	6386.986690998077
80	-44.74	-44.74	-38.600002	0.7364098	0.2380773	4.9291325	0.30565956	0.7378825	0.3	202500	6464.829362869263
81	-43.68	-43.68	-45.0	0.7654532	0.28345022	4.7205853	0.3241433	0.75365245	0.1	205000	6542.366450786591
82	-44.08	-44.08	-42.399998	0.75472486	0.24808261	4.034316	0.31919026	0.75465894	0.2	207500	6620.419298171997
83	-46.72	-46.72	-41.8	0.77653617	0.2611305	3.591817	0.2882837	0.7726313	0.1	210000	6697.628216743469
84	-42.1	-42.1	-50.0	0.77637625	0.26043108	4.914084	0.28257495	0.76671255	0.0	212500	6776.278964519501
85	-44.5	-44.5	-37.2	0.79443145	0.29487297	4.6260014	0.31042784	0.7789279	0.3	215000	6855.354887247086
86	-40.46	-40.46	-45.0	0.7823082	0.26469347	3.9921134	0.2628572	0.77433753	0.1	217500	6932.746948003769
87	-43.52	-43.52	-48.8	0.776825	0.24777876	3.2757316	0.25911832	0.76903903	0.1	220000	7010.078501462936
88	-40.18	-40.18	-50.0	0.79245144	0.27681053	4.419051	0.3157923	0.78444815	0.0	222500	7087.860060930252
89	-46.42	-46.42	-47.2	0.78580195	0.23835677	4.6430154	0.32093602	0.7780757	0.0	225000	7165.6823806762695
90	-45.52	-45.52	-35.3	0.80604565	0.28932953	4.3163195	0.26589996	0.7998576	0.3	227500	7243.910411119461
91	-44.92	-44.92	-38.100002	0.7995751	0.26037	3.5011017	0.32657912	0.78996855	0.3	230000	7321.48556470871
92	-44.02	-44.02	-46.7	0.81053907	0.2579604	3.4044666	0.36353266	0.7979662	0.0	232500	7400.625709295273
93	-43.38	-43.38	-45.8	0.8308274	0.28623122	4.540739	0.279759	0.82362634	0.1	235000	7479.886820793152
94	-44.12	-44.12	-37.5	0.84250504	0.3069905	4.649869	0.32039875	0.8316523	0.3	237500	7559.23454785347
95	-41.06	-41.06	-25.5	0.8281898	0.27882117	6.608781	0.27483857	0.81848043	0.7	240000	7637.968714475632
96	-44.8	-44.8	-46.8	0.8278034	0.26696932	3.6405451	0.30386907	0.81561375	0.1	242500	7716.964585065842
97	-36.48	-36.48	-43.0	0.8239142	0.27394694	4.3333564	0.358236	0.8143143	0.3	245000	7796.213204860687
98	-39.5	-39.5	-39.7	0.8354166	0.28177223	4.355853	0.31919312	0.8284385	0.4	247500	7876.172875165939
99	-40.26	-40.26	-40.600002	0.8304066	0.2831142	4.8010116	0.3491724	0.82319206	0.2	250000	7954.71283364296
100	-41.38	-41.38	-26.2	0.8210725	0.28905994	4.0833635	0.35586923	0.8142988	0.6	252500	8034.03293299675
101	-40.66	-40.66	-34.2	0.83165956	0.32754883	8.117569	0.34795654	0.82016546	0.6	255000	8112.420373678207
102	-39.42	-39.42	-36.5	0.8187882	0.28508645	4.5282726	0.3582731	0.81889737	0.6	257500	8190.028450012207
103	-38.34	-38.34	-44.399998	0.8002572	0.24793442	3.3042574	0.35985035	0.7927328	0.2	260000	8268.779414653778
104	-36.54	-36.54	-29.8	0.79453504	0.2617107	3.726041	0.3436887	0.7846942	0.6	262500	8346.808010339737
105	-39.54	-39.54	-30.4	0.80921817	0.27670383	4.098026	0.24179156	0.8017527	0.6	265000	8425.76190328598
106	-33.92	-33.92	-39.2	0.80042076	0.2628484	4.853676	0.26323962	0.795213	0.2	267500	8505.070276498795
107	-34.04	-34.04	-30.7	0.79265493	0.27856767	4.980012	0.3314271	0.78472316	0.6	270000	8584.123010158539
108	-32.92	-32.92	-25.8	0.79643786	0.2828519	4.725295	0.35450223	0.788389	0.5	272500	8664.270312070847
109	-35.94	-35.94	-37.7	0.78166753	0.28324518	4.660742	0.34913588	0.773545	0.5	275000	8742.653838634491
110	-35.3	-35.3	-28.1	0.78432816	0.28542647	5.336712	0.32290083	0.7745117	0.6	277500	8821.292933702469
111	-38.4	-38.4	-28.1	0.78871024	0.29506993	4.678087	0.28553623	0.774434	0.6	280000	8900.664262771606
112	-36.56	-36.56	-25.6	0.78794503	0.289224	4.6082	0.31516144	0.7840171	0.9	282500	8980.123472690582
113	-37.82	-37.82	-27.7	0.78248656	0.29593512	5.583369	0.30754244	0.771714	0.6	285000	9058.701969146729
114	-35.04	-35.04	-26.2	0.7535039	0.2454363	3.1971025	0.31112528	0.7486988	0.6	287500	9138.191345453262
115	-30.9	-30.9	-36.3	0.7722233	0.28270447	4.340854	0.27407968	0.7631823	0.6	290000	9216.021721601486
116	-33.58	-33.58	-37.100002	0.7679414	0.25735855	3.8594553	0.32304257	0.76304996	0.8	292500	9294.93753027916
117	-32.36	-32.36	-22.699999	0.7383774	0.24248657	3.53549	0.28679395	0.7311303	0.9	295000	9372.951493501663
118	-37.92	-37.92	-30.3	0.7571483	0.24615861	3.0505836	0.28696114	0.749468	0.7	297500	9451.924923419952
119	-30.98	-30.98	-27.6	0.75396085	0.25167972	4.018635	0.31550837	0.750503	0.7	300000	9530.578077077866
120	-34.22	-34.22	-19.699999	0.7489544	0.24394117	3.328527	0.30730146	0.7446294	0.9	302500	9609.678552389145
121	-35.06	-35.06	-26.4	0.76284164	0.2648387	3.5278592	0.33342943	0.7595088	0.8	305000	9687.91625213623
122	-34.12	-34.12	-21.5	0.74139404	0.25179064	3.8267527	0.29121497	0.74081534	0.7	307500	9766.975745677948
123	-32.9	-32.9	-28.0	0.74006546	0.25698486	3.8921494	0.3097203	0.73708165	0.7	310000	9846.333372116089
124	-33.06	-33.06	-22.4	0.7229083	0.25018468	3.987374	0.29924688	0.714017	1.0	312500	9923.748356580734
125	-34.8	-34.8	-24.6	0.7271609	0.24561666	3.1740224	0.27083305	0.71988463	0.7	315000	10003.28868985176
126	-33.16	-33.16	-20.6	0.7088861	0.24680637	2.9601564	0.28443924	0.7077591	0.7	317500	10084.86440873146
127	-34.16	-34.16	-26.0	0.72787225	0.2743962	3.1999474	0.27613372	0.72301465	0.5	320000	10163.063164234161
128	-33.8	-33.8	-20.9	0.69817835	0.27449918	8.469769	0.30157146	0.6935222	0.8	322500	10242.367720365524
129	-36.44	-36.44	-21.6	0.71068007	0.24003269	3.4072387	0.28695452	0.7097712	0.9	325000	10321.625681400299
130	-32.3	-32.3	-19.9	0.6891201	0.24107136	5.3089037	0.27533755	0.6894071	0.8	327500	10399.037638425827
131	-32.82	-32.82	-23.8	0.6811869	0.22846209	3.9117124	0.31941155	0.67163926	0.8	330000	10478.1455078125
132	-31.28	-31.28	-20.699999	0.6791918	0.21917595	3.7493868	0.28238106	0.6807263	0.9	332500	10556.315582752228
133	-34.22	-34.22	-24.2	0.67329055	0.21129665	2.8098094	0.26659667	0.6713441	0.8	335000	10635.973496198654
134	-29.72	-29.72	-18.699999	0.6736405	0.2425643	4.965785	0.26690322	0.66834104	1.0	337500	10714.391003131866
135	-33.22	-33.22	-24.7	0.6808523	0.286463	5.4234543	0.3008039	0.6899221	0.6	340000	10796.803780317307
136	-31.94	-31.94	-26.7	0.6576467	0.19555844	2.793136	0.27581376	0.6646557	0.6	342500	10875.323867082596
137	-31.88	-31.88	-24.1	0.6546333	0.22782864	5.578503	0.28976512	0.6559246	0.7	345000	10953.359058618546
138	-29.16	-29.16	-25.2	0.6719061	0.32001615	6.172382	0.3020048	0.67526525	0.8	347500	11032.277178287506
139	-31.66	-31.66	-17.5	0.6362038	0.2188561	5.230088	0.2848329	0.63564366	1.0	350000	11112.71594953537
140	-27.76	-27.76	-16.0	0.64015186	0.22937201	4.438226	0.23288468	0.63924706	1.0	352500	11192.093270301819
141	-30.82	-30.82	-26.8	0.63878745	0.22031386	4.0917435	0.27969626	0.639793	0.6	355000	11272.353120326996
142	-30.96	-30.96	-20.800001	0.63172704	0.19579932	3.412437	0.2747208	0.6321145	0.8	357500	11352.515964269638
143	-27.52	-27.52	-24.1	0.6428379	0.2691445	6.142245	0.29652038	0.6394034	0.9	360000	11431.618911266327
144	-31.6	-31.6	-21.0	0.62358487	0.21507326	3.5152872	0.28618628	0.62217426	0.8	362500	11511.207760334015
145	-31.66	-31.66	-23.4	0.61744845	0.21512596	2.8084683	0.21010812	0.62037486	0.9	365000	11589.99186205864
146	-27.1	-27.1	-29.1	0.60623795	0.21343942	3.5219576	0.24623191	0.6100168	0.6	367500	11669.734172582626
147	-31.38	-31.38	-17.4	0.60828835	0.2448388	5.718901	0.28077307	0.60876304	0.9	370000	11750.873358249664
148	-34.44	-34.44	-21.4	0.5947116	0.21472864	5.927497	0.26091635	0.5991246	0.9	372500	11831.156718730927
149	-28.76	-28.76	-17.800001	0.60466844	0.22131178	4.4894795	0.25084567	0.59838015	0.9	375000	11909.646670818329
150	-29.5	-29.5	-15.6	0.59428746	0.2387074	6.692952	0.27240866	0.60260475	1.0	377500	11989.623027086258
151	-33.94	-33.94	-25.4	0.58757925	0.23690411	4.9656105	0.2559511	0.59227467	0.8	380000	12069.559525489807
152	-26.8	-26.8	-15.7	0.57663125	0.21010797	4.1928115	0.25868088	0.5751222	1.0	382500	12150.190205097198
153	-32.18	-32.18	-16.4	0.57326007	0.24917144	5.5453444	0.26859596	0.56777817	1.0	385000	12229.012615919113
154	-28.82	-28.82	-15.5	0.57139146	0.25121513	4.6226287	0.27242714	0.57105505	1.0	387500	12309.07869386673
155	-28.74	-28.74	-17.9	0.55646056	0.1835563	3.8897717	0.21301992	0.56826586	0.9	390000	12389.486305713654
156	-29.78	-29.78	-22.300001	0.5729293	0.21196938	3.5121238	0.2892073	0.5730012	0.7	392500	12469.523822069168
157	-26.24	-26.24	-29.8	0.56128347	0.1885589	3.4851122	0.21364407	0.56715757	0.7	395000	12551.238924741745
158	-29.16	-29.16	-18.5	0.545094	0.19314744	4.1072364	0.2375899	0.55093026	0.9	397500	12631.772763490677
159	-28.14	-28.14	-23.9	0.5413992	0.19129649	3.7308965	0.24732538	0.54181236	0.9	400000	12712.947900772095
160	-29.02	-29.02	-21.199999	0.53987515	0.22820228	5.9459944	0.21858695	0.5404478	1.0	402500	12793.069592237473
161	-31.96	-31.96	-24.5	0.5394609	0.19648662	3.8779304	0.25815415	0.54482204	0.6	405000	12873.632209539413
162	-31.02	-31.02	-16.699999	0.54491913	0.25624397	6.0432644	0.2616982	0.5475458	1.0	407500	12953.062281847
163	-30.62	-30.62	-18.800001	0.51888746	0.21727665	5.1160026	0.2435176	0.520394	0.9	410000	13033.025678873062
164	-31.36	-31.36	-22.5	0.53191316	0.23043063	4.9400554	0.24062763	0.5299585	0.9	412500	13112.735243082047
165	-28.86	-28.86	-21.800001	0.5278789	0.18101732	3.1253138	0.26627928	0.52761036	0.8	415000	13190.762562990189
166	-28.66	-28.66	-19.9	0.53468734	0.1959633	4.546122	0.18504567	0.5311853	1.0	417500	13269.273891448975
167	-29.08	-29.08	-16.199999	0.5259747	0.2182773	4.9407654	0.21505387	0.5239851	1.0	420000	13347.58427643776
168	-26.3	-26.3	-13.3	0.5166756	0.20366073	5.0442863	0.23510695	0.5172511	0.9	422500	13425.164566516876
169	-27.88	-27.88	-26.4	0.5101453	0.16301851	2.7120428	0.22111788	0.5130381	0.7	425000	13503.079785108566
170	-28.58	-28.58	-14.2	0.5155	0.205489	5.3033953	0.2237481	0.5145702	0.9	427500	13579.195272445679
171	-25.94	-25.94	-18.300001	0.5007849	0.21524847	6.9859667	0.23131043	0.5044602	0.9	430000	13657.343870162964
172	-29.4	-29.4	-16.6	0.51523024	0.17896143	4.276525	0.24407001	0.5132118	0.9	432500	13736.552475690842
173	-28.8	-28.8	-21.1	0.5126851	0.20338835	3.5019302	0.24933814	0.5072958	0.9	435000	13815.575716257095
174	-26.66	-26.66	-20.5	0.5030603	0.1769576	3.9051507	0.2601841	0.49878648	1.0	437500	13893.46876502037
175	-29.74	-29.74	-18.9	0.51192456	0.19609644	4.138047	0.24062376	0.51040924	1.0	440000	13972.058823108673
176	-29.7	-29.7	-16.199999	0.5150331	0.22907513	5.2687073	0.2639236	0.51554185	1.0	442500	14051.882677316666
177	-26.96	-26.96	-17.0	0.5046813	0.2618715	7.7321525	0.24394265	0.5027583	0.9	445000	14130.1870033741
178	-25.26	-25.26	-15.1	0.4892402	0.15640427	3.0307746	0.23127893	0.4894428	1.0	447500	14210.7946767807
179	-29.26	-29.26	-23.0	0.5019224	0.20749104	4.1743913	0.25994346	0.51102394	0.8	450000	14290.19254398346
180	-31.6	-31.6	-20.4	0.50484174	0.22402337	4.5288386	0.26389498	0.5066657	1.0	452500	14370.849398851395
181	-24.46	-24.46	-12.9	0.50757134	0.22611679	4.790643	0.2450472	0.5007838	0.9	455000	14451.046085119247
182	-27.08	-27.08	-17.6	0.51322764	0.23444796	4.6463237	0.25306132	0.5095752	1.0	457500	14531.263560295105
183	-28.26	-28.26	-22.300001	0.51615274	0.18514764	3.7767346	0.25750232	0.5195158	0.9	460000	14611.515324115753
184	-24.98	-24.98	-21.1	0.508247	0.18827246	3.5401633	0.2446337	0.5111232	0.9	462500	14692.428432941437
185	-26.68	-26.68	-11.400001	0.5091227	0.20906137	4.562528	0.27217585	0.50223887	0.9	465000	14771.282620191574
186	-26.66	-26.66	-18.6	0.50434464	0.15471293	3.9782517	0.2533087	0.5043731	1.0	467500	14850.855498552322
187	-27.94	-27.94	-15.4	0.50489175	0.18274228	4.1861258	0.27519214	0.5024169	1.0	470000	14931.947279691696
188	-26.64	-26.64	-17.699999	0.517077	0.203123	3.614615	0.25845814	0.5154006	1.0	472500	15011.246695518494
189	-25.88	-25.88	-15.8	0.50663525	0.16487685	3.2231624	0.24420708	0.5049585	1.0	475000	15091.784417629242
190	-26.66	-26.66	-17.300001	0.50950617	0.1640491	3.4788847	0.24764982	0.50499713	1.0	477500	15171.19061255455
191	-26.76	-26.76	-20.800001	0.50032187	0.18572985	3.5179672	0.23532492	0.4958361	1.0	480000	15250.432430505753
192	-24.2	-24.2	-23.1	0.5102456	0.23371387	6.1344557	0.24590448	0.5068632	0.9	482500	15331.408560276031
193	-25.36	-25.36	-16.4	0.52168274	0.21847634	5.2409563	0.27251676	0.5115154	1.0	485000	15409.645636320114
194	-28.34	-28.34	-20.4	0.5331627	0.22454596	5.054884	0.24550885	0.5238547	1.0	487500	15490.606360912323
195	-25.6	-25.6	-20.199999	0.5292303	0.19274071	3.8384724	0.2512586	0.5227047	0.9	490000	15570.782309770584
196	-28.9	-28.9	-18.9	0.5367618	0.19311514	4.897505	0.26481593	0.5313599	1.0	492500	15648.922065019608
197	-27.18	-27.18	-14.8	0.544317	0.23224741	6.433557	0.29090494	0.5317909	1.0	495000	15729.66297698021
198	-24.9	-24.9	-17.300001	0.54731	0.2694636	6.178015	0.27442968	0.5337094	0.9	497500	15806.98136806488
199	-25.34	-25.34	-19.699999	0.54585534	0.21400589	4.2267456	0.2905742	0.53765225	0.9	500000	15886.510429382324
200	-27.16	-27.16	-13.8	0.54222155	0.2139514	4.602428	0.27236864	0.53281415	1.0	502500	15965.461048603058
201	-27.16	-27.16	-19.300001	0.54627895	0.26057765	9.598132	0.23196603	0.5363629	0.9	505000	16044.377672672272
202	-24.94	-24.94	-12.7	0.5610785	0.19994912	3.4272313	0.27427214	0.5481804	1.0	507500	16123.061443328857
203	-23.96	-23.96	-11.5	0.56371284	0.16803943	2.4896488	0.2465169	0.54828674	1.0	510000	16202.125050783157
204	-24.18	-24.18	-14.1	0.5688535	0.2431978	4.0496016	0.30236304	0.5613062	1.0	512500	16280.960612773895
205	-27.8	-27.8	-16.800001	0.5548339	0.18630247	4.425008	0.28806588	0.5504046	1.0	515000	16360.844708919525
206	-22.74	-22.74	-12.1	0.56136966	0.27810445	9.719711	0.288549	0.54933107	1.0	517500	16442.123851299286
207	-25.24	-25.24	-20.1	0.55607074	0.22473393	5.1128798	0.27667183	0.54753304	0.9	520000	16519.069138765335
208	-25.72	-25.72	-17.199999	0.55671585	0.19886741	4.532385	0.2824872	0.54870677	1.0	522500	16599.034606456757
209	-27.1	-27.1	-13.5	0.55794615	0.1798458	3.838116	0.3042726	0.5449342	1.0	525000	16678.515548467636
210	-26.14	-26.14	-18.0	0.55769765	0.17628111	3.4168715	0.30461353	0.5458557	1.0	527500	16759.22409105301
211	-26.86	-26.86	-14.2	0.5732022	0.18113792	4.0538654	0.29184896	0.56425154	1.0	530000	16837.139075517654
212	-21.12	-21.12	-15.6	0.5737558	0.23466034	8.071537	0.2930798	0.56218076	1.0	532500	16917.768394231796
213	-29.04	-29.04	-12.0	0.5794242	0.33106947	10.512308	0.30721477	0.5692475	1.0	535000	16996.25994205475
214	-27.14	-27.14	-14.9	0.5802875	0.27156225	9.53474	0.2906378	0.5688231	1.0	537500	17076.18422269821
215	-22.88	-22.88	-13.1	0.57512295	0.19246222	3.8696098	0.25671303	0.5708893	1.0	540000	17155.567121505737
216	-24.56	-24.56	-15.3	0.5627926	0.16152939	3.0453768	0.2704604	0.5570337	1.0	542500	17235.905472755432
217	-23.82	-23.82	-23.8	0.58538365	0.1909828	3.684602	0.30467638	0.57512033	0.9	545000	17314.763700723648
218	-26.38	-26.38	-14.4	0.591939	0.21094638	4.79985	0.29383355	0.58159995	1.0	547500	17395.30000114441
219	-26.88	-26.88	-24.4	0.5728806	0.15044887	3.0668914	0.2864776	0.57109666	0.8	550000	17474.06345462799
220	-25.18	-25.18	-19.6	0.60869855	0.22297075	4.12928	0.29761147	0.59461963	0.9	552500	17554.32712173462
221	-24.58	-24.58	-20.1	0.60240465	0.18422224	3.911187	0.29299414	0.5967096	0.9	555000	17632.565952539444
222	-25.28	-25.28	-17.1	0.58965784	0.17309006	2.900177	0.26839748	0.57972956	0.9	557500	17711.45730829239
223	-24.04	-24.04	-17.300001	0.5795066	0.19290893	5.608839	0.32250234	0.5757889	1.0	560000	17790.361159563065
224	-27.18	-27.18	-16.199999	0.58208835	0.18835677	4.1060123	0.30386868	0.5694421	1.0	562500	17870.075814008713
225	-25.2	-25.2	-17.800001	0.5910944	0.20213869	3.2153902	0.26754403	0.5852333	1.0	565000	17949.268817186356
226	-27.3	-27.3	-19.1	0.58845615	0.19342832	4.8378286	0.27850693	0.5843291	0.9	567500	18029.78853392601
227	-24.62	-24.62	-24.1	0.5939962	0.17441116	2.3903294	0.2798553	0.59300095	0.9	570000	18110.807213544846
228	-27.18	-27.18	-15.5	0.59595865	0.2329094	7.155808	0.3211781	0.5921483	1.0	572500	18190.304991960526
229	-27.32	-27.32	-15.8	0.61797535	0.18597072	3.8883576	0.27541852	0.6148969	1.0	575000	18270.11684036255
230	-27.64	-27.64	-17.1	0.6051824	0.1834118	3.223505	0.2939003	0.6052858	1.0	577500	18348.87685894966
231	-23.66	-23.66	-23.1	0.62272114	0.30108318	7.8255444	0.31516135	0.6089029	1.0	580000	18428.684638023376
232	-26.62	-26.62	-16.199999	0.6018224	0.17994492	3.8718805	0.33137023	0.6018393	1.0	582500	18509.080154657364
233	-24.78	-24.78	-13.4	0.61438775	0.18359423	4.0889635	0.33593112	0.6085763	1.0	585000	18587.99427461624
234	-22.94	-22.94	-15.1	0.6114205	0.21051069	3.7085316	0.31987038	0.6120191	1.0	587500	18667.392469882965
235	-25.6	-25.6	-11.5	0.6061336	0.17272633	2.4247787	0.2925076	0.61259913	1.0	590000	18746.137985944748
236	-25.1	-25.1	-10.5	0.6200929	0.28435034	8.983866	0.27489316	0.6160885	1.0	592500	18825.35459780693
237	-26.46	-26.46	-17.800001	0.6309861	0.19455917	3.9204164	0.33692664	0.62899035	1.0	595000	18903.82249879837
238	-23.98	-23.98	-13.9	0.65469724	0.3581754	11.7500515	0.30965874	0.6518381	1.0	597500	18984.040410757065
239	-21.52	-21.52	-15.6	0.6222269	0.27498108	8.358154	0.30311644	0.6258827	1.0	600000	19066.217262744904
240	-23.38	-23.38	-14.7	0.62398326	0.24437904	7.413832	0.2661074	0.62395203	0.9	602500	19144.369959115982
241	-28.44	-28.44	-14.1	0.6276279	0.23775028	8.13232	0.32104146	0.62782466	1.0	605000	19224.899866580963
242	-27.22	-27.22	-16.4	0.6393465	0.19674087	3.3514333	0.32624343	0.6383998	1.0	607500	19304.365515947342
243	-25.4	-25.4	-15.1	0.63984644	0.36422276	10.645748	0.31997007	0.630767	1.0	610000	19381.94318652153
244	-28.26	-28.26	-16.4	0.6424037	0.21335045	4.662473	0.32292026	0.6412114	0.9	612500	19461.168885707855
245	-27.1	-27.1	-12.3	0.639786	0.26910627	7.6053157	0.3216954	0.6373651	1.0	615000	19541.122926950455
246	-27.08	-27.08	-19.5	0.62366724	0.1675573	2.6781113	0.34166694	0.62278587	0.8	617500	19621.541177988052
247	-25.4	-25.4	-18.800001	0.62852556	0.16945228	3.0474262	0.3375156	0.62929213	0.9	620000	19701.154391527176
248	-26.04	-26.04	-23.8	0.6337642	0.21199228	6.179255	0.33586195	0.63746554	0.8	622500	19780.067274570465
249	-25.68	-25.68	-15.3	0.6444366	0.19079813	4.6326685	0.33733255	0.64741457	1.0	625000	19857.74936556816
250	-22.14	-22.14	-14.3	0.6438727	0.25443777	9.020682	0.32675153	0.6529873	1.0	627500	19937.881472587585
251	-23.86	-23.86	-16.699999	0.66057485	0.26120052	9.0823765	0.329967	0.6589461	1.0	630000	20018.63640999794
252	-28.04	-28.04	-13.8	0.63159144	0.16123646	2.5313973	0.31016377	0.63579565	1.0	632500	20098.01574254036
253	-27.62	-27.62	-13.4	0.6366067	0.148983	1.7102379	0.33027297	0.6434777	1.0	635000	20176.203186035156
254	-28.64	-28.64	-19.0	0.64098114	0.2400081	7.285427	0.3471205	0.6377047	0.9	637500	20257.214909553528
255	-26.48	-26.48	-16.4	0.6462539	0.2474313	7.600972	0.31217992	0.6539048	1.0	640000	20336.245383501053
256	-23.32	-23.32	-18.9	0.64497733	0.18354015	4.460196	0.35304797	0.65061265	0.9	642500	20417.24353170395
257	-27.8	-27.8	-19.1	0.6493292	0.33431244	13.569264	0.36476725	0.6515404	1.0	645000	20494.610806941986
258	-25.32	-25.32	-14.8	0.65947556	0.18489929	4.0623164	0.3557811	0.66510564	1.0	647500	20575.65052175522
259	-28.94	-28.94	-15.2	0.6504557	0.1778036	3.7360218	0.34155765	0.6481658	1.0	650000	20653.232483625412
260	-22.14	-22.14	-20.5	0.67804223	0.25984907	5.6432443	0.33928353	0.6766376	0.8	652500	20733.901672124863
261	-29.18	-29.18	-15.6	0.66076046	0.19495639	4.8978734	0.35014692	0.66365504	1.0	655000	20815.341742753983
262	-26.12	-26.12	-14.6	0.66462386	0.30018818	9.462956	0.29649156	0.6668669	1.0	657500	20896.916977882385
263	-25.34	-25.34	-21.199999	0.67119986	0.19439128	3.7363665	0.3539851	0.6662384	1.0	660000	20977.470231294632
264	-25.5	-25.5	-16.0	0.6692494	0.26912573	9.388531	0.32899278	0.6757597	1.0	662500	21057.03982281685
265	-24.7	-24.7	-16.0	0.6635651	0.18456827	3.920043	0.34403464	0.666166	1.0	665000	21136.18367958069
266	-27.64	-27.64	-22.1	0.6704864	0.19503605	4.318653	0.3476903	0.669297	0.9	667500	21215.649624347687
267	-26.64	-26.64	-19.9	0.663442	0.16248712	2.3414884	0.3336584	0.66206807	1.0	670000	21295.114563941956
268	-26.28	-26.28	-19.0	0.6831939	0.22772144	5.6259375	0.35879233	0.68125814	1.0	672500	21375.41846370697
269	-26.18	-26.18	-17.6	0.6831222	0.2746863	6.001076	0.34214208	0.68850857	1.0	675000	21454.213921785355
270	-26.96	-26.96	-13.3	0.6658339	0.2717518	7.137769	0.3590116	0.66331506	1.0	677500	21532.703971147537
271	-24.78	-24.78	-12.3	0.683818	0.26057255	5.359964	0.31887493	0.6789475	1.0	680000	21613.209832906723
272	-21.8	-21.8	-11.2	0.67553616	0.2301211	5.0905113	0.32312626	0.67491496	0.9	682500	21690.579890727997
273	-28.52	-28.52	-18.4	0.67143655	0.24231818	5.1386633	0.339916	0.67785907	1.0	685000	21771.96578168869
274	-27.94	-27.94	-19.300001	0.67017484	0.23493178	8.077703	0.33623296	0.6736162	1.0	687500	21853.00669980049
275	-27.94	-27.94	-14.3	0.6854683	0.18583108	3.3484254	0.3326478	0.68417716	1.0	690000	21932.113574504852
276	-24.5	-24.5	-13.4	0.6737988	0.17212138	2.4103808	0.35335648	0.67828774	1.0	692500	22012.597785949707
277	-23.7	-23.7	-17.300001	0.6985826	0.20805113	4.311023	0.35920495	0.69497913	1.0	695000	22093.135187864304
278	-25.74	-25.74	-17.699999	0.69364685	0.1862074	2.92763	0.32269722	0.6960658	1.0	697500	22171.85914826393
279	-26.1	-26.1	-12.0	0.7156962	0.35860956	8.002171	0.349129	0.71399	1.0	700000	22249.86415886879
280	-26.1	-26.1	-18.9	0.7319408	0.26109958	5.3756647	0.36851224	0.7251433	0.8	702500	22329.36232161522
281	-25.52	-25.52	-15.6	0.7087473	0.22148244	4.6804743	0.3637363	0.7074959	1.0	705000	22408.827197551727
282	-26.12	-26.12	-15.0	0.7022782	0.22767416	6.807662	0.36603206	0.70142955	1.0	707500	22488.040637254715
283	-28.92	-28.92	-10.900001	0.70061046	0.27367842	7.2671666	0.34710413	0.7016744	1.0	710000	22566.78568482399
284	-28.7	-28.7	-13.6	0.710099	0.22325993	4.5785294	0.3415234	0.71779126	1.0	712500	22645.788658857346
285	-24.88	-24.88	-15.2	0.7083213	0.2239287	4.0176306	0.26739323	0.7050483	0.9	715000	22725.66420006752
286	-27.74	-27.74	-11.2	0.6991554	0.21569784	3.894085	0.36130074	0.6973264	1.0	717500	22806.027318954468
287	-20.82	-20.82	-15.6	0.7031207	0.32775223	11.50332	0.3565	0.7049514	1.0	720000	22886.50770354271
288	-25.72	-25.72	-23.6	0.6958778	0.18465164	3.237198	0.35473186	0.70032156	0.8	722500	22964.056042909622
289	-23.0	-23.0	-14.0	0.7010173	0.2167752	3.8610978	0.35096893	0.7006054	1.0	725000	23041.107206344604
290	-25.62	-25.62	-17.300001	0.71802664	0.37668228	14.268835	0.36464575	0.716253	1.0	727500	23119.50116109848
291	-24.06	-24.06	-19.0	0.70456487	0.32356557	11.996503	0.36404166	0.70104796	1.0	730000	23197.91451025009
292	-24.84	-24.84	-13.8	0.7179803	0.2437223	4.590555	0.3314395	0.7177075	1.0	732500	23275.928042650223
293	-22.88	-22.88	-21.699999	0.73276913	0.4315336	12.283315	0.31143048	0.7330842	0.9	735000	23355.44368314743
294	-24.34	-24.34	-17.0	0.73674804	0.37034222	10.393391	0.3688422	0.73711383	0.9	737500	23435.101083755493
295	-28.08	-28.08	-14.0	0.71311224	0.21827197	4.8891163	0.32218483	0.7173682	1.0	740000	23514.774738311768
296	-26.78	-26.78	-13.9	0.7161385	0.18481702	2.7003384	0.3542575	0.71771264	1.0	742500	23594.586161851883
297	-25.26	-25.26	-10.900001	0.7380956	0.2981829	10.575566	0.38986775	0.7361837	1.0	745000	23673.469046592712
298	-24.7	-24.7	-10.3	0.72312605	0.20408326	2.8180633	0.36709142	0.7218084	1.0	747500	23752.689832925797
299	-25.64	-25.64	-16.5	0.7085855	0.1920351	4.9960318	0.32756484	0.7102836	1.0	750000	23832.29377770424
300	-24.98	-24.98	-19.9	0.71240187	0.2336629	5.9874806	0.35682905	0.71396035	1.0	752500	23909.536860227585
301	-22.74	-22.74	-13.4	0.72516215	0.29664022	8.040725	0.3559472	0.72048473	1.0	755000	23990.348191022873
302	-29.46	-29.46	-7.8	0.7390652	0.32531372	11.325174	0.34787565	0.7350301	1.0	757500	24068.369292974472
303	-25.96	-25.96	-15.7	0.73225987	0.35396162	10.903351	0.34767735	0.73099405	1.0	760000	24148.347009897232
304	-24.98	-24.98	-16.1	0.7482738	0.2544621	7.1124663	0.3804717	0.7505781	0.9	762500	24226.979170799255
305	-24.82	-24.82	-16.1	0.7406286	0.21948686	6.19218	0.34840813	0.7412974	1.0	765000	24305.164947271347
306	-27.48	-27.48	-14.4	0.7274766	0.17937058	2.422977	0.36970282	0.733912	1.0	767500	24385.147365808487
307	-23.0	-23.0	-13.8	0.7383049	0.2910297	11.129828	0.36381292	0.7400422	1.0	770000	24464.85812306404
308	-26.98	-26.98	-15.4	0.7365471	0.22859292	6.7007475	0.3851246	0.74096227	1.0	772500	24546.219376325607
309	-27.2	-27.2	-14.4	0.7233684	0.20684704	6.3324037	0.3709138	0.73123574	1.0	775000	24624.429043531418
310	-25.14	-25.14	-12.4	0.7609496	0.50278795	18.698067	0.38308948	0.7568746	1.0	777500	24702.972398281097
311	-28.54	-28.54	-13.7	0.7619533	0.35067597	10.22591	0.39348269	0.7615098	1.0	780000	24780.911358594894
312	-21.8	-21.8	-17.699999	0.7600437	0.27497932	7.9613037	0.36404413	0.76511914	0.9	782500	24860.994704008102
313	-24.96	-24.96	-14.3	0.7419571	0.39355016	12.428855	0.37412328	0.7327098	1.0	785000	24937.03887629509
314	-23.7	-23.7	-17.0	0.732214	0.22942941	6.6170793	0.36081946	0.7310002	0.9	787500	25016.517639160156
315	-26.88	-26.88	-20.0	0.73193735	0.28007692	8.71987	0.35373458	0.73035145	0.9	790000	25094.439378023148
316	-23.9	-23.9	-15.0	0.7254537	0.2405779	6.095801	0.37528402	0.72633255	1.0	792500	25173.00190782547
317	-24.64	-24.64	-12.9	0.7321924	0.2251938	6.4777675	0.3229906	0.73728955	1.0	795000	25253.236553668976
318	-22.82	-22.82	-17.699999	0.7361969	0.21318343	4.2129183	0.36796412	0.7432221	1.0	797500	25333.55337715149
319	-24.64	-24.64	-13.0	0.74163353	0.24184369	6.050366	0.34591258	0.7495214	1.0	800000	25411.352214097977
320	-26.62	-26.62	-15.3	0.74204165	0.1986153	4.5124903	0.37880078	0.74936116	1.0	802500	25490.299160003662
321	-21.7	-21.7	-14.3	0.7504689	0.20365159	3.540129	0.39036924	0.75233155	1.0	805000	25569.721866607666
322	-23.52	-23.52	-16.5	0.74550784	0.26088306	7.2658577	0.39077365	0.7495765	1.0	807500	25649.74012875557
323	-25.0	-25.0	-13.7	0.74051845	0.23037717	3.841337	0.34838814	0.747464	1.0	810000	25730.60350871086
324	-23.1	-23.1	-11.7	0.755102	0.33917406	7.2844934	0.3651173	0.7557488	1.0	812500	25810.644073724747
325	-24.1	-24.1	-15.5	0.751911	0.31466627	7.7539725	0.3794558	0.74954844	1.0	815000	25888.519273281097
326	-22.28	-22.28	-15.0	0.74201524	0.26356086	6.6969132	0.37399003	0.7434341	0.9	817500	25967.59102010727
327	-22.78	-22.78	-14.6	0.7522597	0.32283646	7.8177705	0.35827428	0.75667816	1.0	820000	26047.7924015522
328	-27.86	-27.86	-14.6	0.740407	0.21287158	4.7571793	0.38541666	0.7390334	1.0	822500	26129.312054395676
329	-26.24	-26.24	-15.3	0.74110854	0.28609204	8.507329	0.34989154	0.74515635	1.0	825000	26208.432763814926
330	-24.52	-24.52	-14.9	0.7479508	0.22139423	4.2361054	0.400111	0.7532178	1.0	827500	26288.17675304413
331	-21.68	-21.68	-11.7	0.7471191	0.19204292	3.1978133	0.33888155	0.7555458	1.0	830000	26367.654329538345
332	-24.42	-24.42	-18.6	0.75602585	0.21220809	4.020431	0.37996706	0.7629123	1.0	832500	26446.471011161804
333	-22.72	-22.72	-15.6	0.75648534	0.36951816	11.767833	0.36004746	0.76140416	1.0	835000	26524.521673440933
334	-25.78	-25.78	-17.300001	0.7379607	0.25829986	6.638033	0.34092402	0.74432236	1.0	837500	26602.7012219429
335	-25.08	-25.08	-16.0	0.73852885	0.25862044	6.1839824	0.35155863	0.7381128	1.0	840000	26681.668476343155
336	-25.44	-25.44	-12.9	0.726545	0.21086545	3.8575866	0.37968627	0.73294204	1.0	842500	26759.165553808212
337	-23.38	-23.38	-13.7	0.71915865	0.208341	4.1074734	0.36548865	0.73557854	1.0	845000	26836.389274597168
338	-23.3	-23.3	-14.0	0.73147327	0.19399288	3.3574398	0.40042508	0.745438	1.0	847500	26915.962440252304
339	-26.52	-26.52	-11.7	0.7535977	0.2854434	8.147099	0.36763263	0.7648213	1.0	850000	26995.464106321335
340	-22.88	-22.88	-10.400001	0.76061624	0.3361977	10.557367	0.3783337	0.7708965	1.0	852500	27074.373086690903
341	-22.78	-22.78	-11.0	0.75540525	0.22270298	4.5175	0.36796695	0.7583791	1.0	855000	27153.05571579933
342	-23.66	-23.66	-11.9	0.7653861	0.27833164	5.1314497	0.36681673	0.7686405	1.0	857500	27232.995761871338
343	-24.52	-24.52	-16.800001	0.76566726	0.24428864	5.0687757	0.37184116	0.7788832	1.0	860000	27310.973734140396
344	-23.38	-23.38	-16.800001	0.75331354	0.29238504	9.14923	0.36088207	0.7707628	0.9	862500	27392.084411621094
345	-27.54	-27.54	-13.3	0.7361365	0.28037396	8.81592	0.34041637	0.7470312	1.0	865000	27473.153737306595
346	-23.14	-23.14	-17.800001	0.7285044	0.27321494	7.1448026	0.3358486	0.7472908	1.0	867500	27552.45202112198
347	-25.08	-25.08	-15.1	0.73431045	0.23277102	4.8138623	0.33871436	0.74615395	0.9	870000	27630.150708198547
348	-25.04	-25.04	-9.400001	0.7322641	0.21253683	4.342728	0.38907358	0.74609333	1.0	872500	27708.58194708824
349	-24.38	-24.38	-14.7	0.7326574	0.20913988	3.4006035	0.37121782	0.7498595	1.0	875000	27789.091633558273
350	-23.38	-23.38	-15.3	0.73351437	0.24156111	6.982303	0.3603723	0.7497484	1.0	877500	27867.70636487007
351	-25.16	-25.16	-20.1	0.7405597	0.23635222	5.5189457	0.36660713	0.74676186	0.8	880000	27946.321871757507
352	-26.7	-26.7	-12.6	0.7295398	0.19656943	4.5080657	0.37639132	0.7493634	1.0	882500	28024.967935085297
353	-24.62	-24.62	-13.4	0.7572337	0.29105303	6.213768	0.42062974	0.76432884	1.0	885000	28104.868648052216
354	-23.18	-23.18	-14.6	0.76292914	0.26160872	6.3726015	0.41106656	0.77052	1.0	887500	28182.65770125389
355	-24.82	-24.82	-18.4	0.7718294	0.26367718	4.4282417	0.38461962	0.7759077	0.9	890000	28261.26092815399
356	-20.96	-20.96	-15.4	0.764979	0.22036752	4.13752	0.36462438	0.77691627	1.0	892500	28341.178409337997
357	-26.96	-26.96	-15.2	0.75871336	0.2147238	3.1209567	0.3869486	0.77588683	0.9	895000	28417.714215278625
358	-24.18	-24.18	-10.900001	0.75928736	0.24078552	4.484804	0.3923896	0.7739159	1.0	897500	28493.828718185425
359	-26.02	-26.02	-19.0	0.75811815	0.26450345	8.486598	0.30367905	0.76666224	0.9	900000	28573.68844652176
360	-28.38	-28.38	-10.900001	0.7685901	0.28816667	7.236585	0.34824437	0.7841531	1.0	902500	28653.253665685654
361	-21.96	-21.96	-15.1	0.75498176	0.21017413	2.929748	0.36382073	0.7680882	0.9	905000	28732.568831920624
362	-27.5	-27.5	-14.6	0.76775247	0.29906407	8.524363	0.352459	0.7763225	1.0	907500	28811.467243909836
363	-26.28	-26.28	-14.3	0.75679606	0.20480536	3.0276604	0.36511916	0.7658009	1.0	910000	28891.51663851738
364	-24.4	-24.4	-12.7	0.7851522	0.27335757	5.040637	0.33250618	0.7930197	1.0	912500	28970.048233509064
365	-23.34	-23.34	-11.599999	0.7868064	0.2762884	5.626857	0.3822685	0.79506814	1.0	915000	29047.314862966537
366	-26.36	-26.36	-13.8	0.76741546	0.30718634	6.365434	0.36161134	0.7807639	1.0	917500	29123.647693395615
367	-27.44	-27.44	-17.6	0.7744845	0.25283256	5.7547526	0.38406897	0.78682065	1.0	920000	29200.79418706894
368	-23.76	-23.76	-15.8	0.7696083	0.29992405	6.260655	0.38741636	0.78320277	0.9	922500	29274.734872579575
369	-25.86	-25.86	-20.199999	0.75501645	0.21642779	4.9072733	0.36199427	0.77706176	0.9	925000	29346.83723258972
370	-24.96	-24.96	-14.9	0.78957886	0.27320716	5.2495437	0.39176208	0.80314356	1.0	927500	29419.208881378174
371	-23.02	-23.02	-14.1	0.76914036	0.43647647	16.871618	0.40086222	0.78617495	1.0	930000	29493.233021259308
372	-27.0	-27.0	-19.9	0.7782095	0.42501968	15.590326	0.37341833	0.78856647	0.8	932500	29566.027852773666
373	-24.9	-24.9	-11.2	0.7857059	0.3179086	5.9318466	0.36817807	0.7939033	1.0	935000	29638.804569721222
374	-23.64	-23.64	-13.6	0.77336717	0.25455523	5.0794044	0.34609398	0.78547764	1.0	937500	29708.00148844719
375	-24.0	-24.0	-14.2	0.7643301	0.32771102	10.835709	0.3748845	0.77885574	1.0	940000	29778.366720438004
376	-25.86	-25.86	-17.199999	0.7848025	0.44477218	15.063252	0.38996813	0.79536855	0.9	942500	29848.337330818176
377	-22.98	-22.98	-16.699999	0.76653546	0.27838746	5.9509926	0.35904375	0.7839995	0.9	945000	29920.497544527054
378	-24.84	-24.84	-15.5	0.76683277	0.25570408	5.1779823	0.3767274	0.7867411	1.0	947500	29987.960745096207
379	-26.14	-26.14	-12.6	0.7762163	0.25248176	4.5779405	0.36542156	0.78512466	1.0	950000	30056.256120443344
380	-24.92	-24.92	-16.6	0.77679163	0.28611985	7.4497695	0.39504504	0.78077036	1.0	952500	30123.478813886642
381	-25.48	-25.48	-12.4	0.7935368	0.33321238	8.738056	0.33738703	0.8009372	1.0	955000	30188.532251119614
382	-22.14	-22.14	-10.7	0.763559	0.22534171	4.9081535	0.36361915	0.7705096	1.0	957500	30253.34961771965
383	-26.04	-26.04	-17.1	0.76979375	0.22863474	4.507548	0.3419938	0.7893302	1.0	960000	30315.90481376648
384	-24.8	-24.8	-14.8	0.7739371	0.24894965	4.1862493	0.3654227	0.78281844	1.0	962500	30375.182924747467
385	-23.14	-23.14	-15.6	0.7631265	0.2259737	3.9063096	0.37289646	0.77334577	1.0	965000	30434.894280195236
386	-24.76	-24.76	-19.9	0.74901086	0.207587	3.9337463	0.3892314	0.764008	1.0	967500	30492.6094994545
387	-27.36	-27.36	-16.5	0.764735	0.25431904	5.011291	0.35708693	0.7703333	1.0	970000	30550.510859251022
388	-24.78	-24.78	-17.5	0.7620841	0.24529408	5.77698	0.3474068	0.7826095	1.0	972500	30606.497908115387
389	-26.06	-26.06	-13.8	0.7533925	0.23683013	4.992601	0.30696648	0.765559	0.9	975000	30661.30950832367
390	-24.7	-24.7	-11.599999	0.7614967	0.20899834	3.3889415	0.3599126	0.7772345	1.0	977500	30717.015737771988
391	-22.02	-22.02	-17.4	0.76394945	0.24768555	4.226252	0.36472064	0.77381665	1.0	980000	30774.161495685577
392	-25.18	-25.18	-17.4	0.76749164	0.2599758	7.2066355	0.37065694	0.77626646	0.9	982500	30829.3017411232
393	-27.92	-27.92	-15.7	0.75417197	0.20319903	3.0388696	0.33314776	0.76596975	1.0	985000	30883.874217271805
394	-23.28	-23.28	-14.2	0.76621056	0.22519797	4.0005007	0.37591112	0.78252375	1.0	987500	30940.79687142372
395	-24.52	-24.52	-12.3	0.7775301	0.25865847	4.9106054	0.3816787	0.7932526	1.0	990000	30993.72896885872
396	-21.52	-21.52	-8.900001	0.7797813	0.22480075	4.049803	0.39417195	0.7977274	1.0	992500	31046.525391340256
397	-26.62	-26.62	-13.6	0.80072594	0.30532202	7.854161	0.33362538	0.82459605	1.0	995000	31100.30092024803
398	-24.18	-24.18	-16.0	0.7738734	0.22976276	4.2482076	0.3865105	0.7847368	1.0	997500	31153.64895749092
399	-26.72	-26.72	-10.7	0.75231314	0.24847092	6.869959	0.34309635	0.7603948	1.0	1000000	31208.504604816437
400	-26.62	-26.62	-13.1	0.7519245	0.19877087	3.4292486	0.36254257	0.76928306	1.0	1002500	31261.698303937912
401	-26.62	-26.62	-13.9	0.76161206	0.24592796	6.628188	0.39852753	0.7741287	1.0	1005000	31316.247829437256
402	-24.02	-24.02	-14.5	0.76405543	0.21919085	3.5747004	0.3138463	0.7867945	1.0	1007500	31367.617298841476
403	-21.66	-21.66	-9.8	0.76147777	0.21384782	3.8789685	0.3799284	0.7792653	1.0	1010000	31416.94233107567
404	-22.7	-22.7	-15.1	0.7590431	0.18910903	2.531282	0.3903108	0.7705136	1.0	1012500	31465.60471701622
405	-23.98	-23.98	-16.6	0.758995	0.21889508	4.945275	0.39497185	0.77598315	1.0	1015000	31514.334389448166
406	-25.78	-25.78	-18.199999	0.7702876	0.21593879	2.5975976	0.3658589	0.7902181	0.9	1017500	31561.656974315643
407	-24.5	-24.5	-18.300001	0.793885	0.26431817	6.0749493	0.33764452	0.8083445	1.0	1020000	31609.627074956894
408	-24.08	-24.08	-12.7	0.7771093	0.2090391	2.9950075	0.351017	0.7905264	1.0	1022500	31658.17804670334
409	-21.82	-21.82	-12.8	0.767093	0.20237379	2.8822365	0.36508048	0.7846601	1.0	1025000	31706.121748209
410	-22.46	-22.46	-16.5	0.7682863	0.20231387	2.9226813	0.39006102	0.7822448	1.0	1027500	31754.572464227676
411	-21.86	-21.86	-15.8	0.7326799	0.1890007	3.6488004	0.37036735	0.75494456	1.0	1030000	31803.59703183174
412	-24.56	-24.56	-14.5	0.7586347	0.19782728	2.3573008	0.38305855	0.76721334	1.0	1032500	31852.082414388657
413	-22.7	-22.7	-14.3	0.7738108	0.20490676	2.5228195	0.3442496	0.77928907	1.0	1035000	31899.306888103485
414	-23.68	-23.68	-14.2	0.7648901	0.20195268	3.3015566	0.37981415	0.7714605	1.0	1037500	31947.90021777153
415	-25.54	-25.54	-16.9	0.76659757	0.20115122	3.1294518	0.39190453	0.7809629	1.0	1040000	31996.397894620895
416	-24.9	-24.9	-12.4	0.7603339	0.20463294	4.045543	0.35013884	0.7663529	1.0	1042500	32044.84622144699
417	-23.9	-23.9	-14.5	0.7653613	0.19952327	2.5718703	0.3832746	0.7763169	1.0	1045000	32092.352083444595
418	-25.4	-25.4	-16.4	0.7630353	0.41088045	16.866241	0.33943176	0.77002275	1.0	1047500	32139.675121068954
419	-21.94	-21.94	-14.7	0.76805776	0.39253053	15.785154	0.3697855	0.7730532	1.0	1050000	32187.060943841934
420	-26.54	-26.54	-15.4	0.7689485	0.2456869	6.1331763	0.3992942	0.7797313	1.0	1052500	32234.33717417717
421	-27.64	-27.64	-18.0	0.75661576	0.19005509	2.4383519	0.3878625	0.76571435	1.0	1055000	32282.07433438301
422	-28.48	-28.48	-12.8	0.77405727	0.21172912	2.6583376	0.3726242	0.7820376	1.0	1057500	32329.045434951782
423	-23.54	-23.54	-21.6	0.7775488	0.28279218	7.287759	0.38567662	0.7831338	0.8	1060000	32376.765595674515
424	-25.14	-25.14	-12.4	0.78941905	0.3064429	9.016981	0.35731107	0.8044099	1.0	1062500	32423.46940803528
425	-25.34	-25.34	-12.4	0.79534084	0.42356983	14.404601	0.37626946	0.8005199	1.0	1065000	32469.838277339935
426	-24.92	-24.92	-11.400001	0.7797053	0.31394982	11.056461	0.3611021	0.78556776	1.0	1067500	32517.06194281578
427	-29.54	-29.54	-11.0	0.7757041	0.2050394	2.4188507	0.3542461	0.7885099	1.0	1070000	32563.13979959488
428	-24.04	-24.04	-13.9	0.7769776	0.24506919	4.2353644	0.34904316	0.7840517	1.0	1072500	32610.9558365345
429	-27.0	-27.0	-14.1	0.7972551	0.40187734	13.814706	0.34588546	0.8058865	1.0	1075000	32656.810255765915
430	-23.72	-23.72	-11.0	0.8062227	0.6908413	22.95537	0.34243715	0.8039666	1.0	1077500	32703.920538187027
431	-24.5	-24.5	-14.6	0.80696535	0.49502915	17.978138	0.3909486	0.8107647	0.9	1080000	32749.702293634415
432	-24.96	-24.96	-11.400001	0.82117015	0.4417489	12.164496	0.40030974	0.8132956	1.0	1082500	32796.290105342865
433	-21.46	-21.46	-12.4	0.8243944	0.34415603	6.911272	0.35607135	0.8237504	1.0	1085000	32843.03285074234
434	-24.1	-24.1	-15.1	0.84197634	0.37521067	8.927318	0.42793158	0.86092466	1.0	1087500	32888.79273724556
435	-24.18	-24.18	-14.3	0.87029123	0.36144638	7.055882	0.3790972	0.868073	1.0	1090000	32934.5723130703
436	-26.66	-26.66	-10.599999	0.85131985	0.508325	19.232656	0.3891974	0.85768104	1.0	1092500	32981.28238725662
437	-25.76	-25.76	-13.4	0.8284328	0.34069648	9.623135	0.40642166	0.8356249	1.0	1095000	33027.59598779678
438	-23.26	-23.26	-9.7	0.8140791	0.24567881	5.121022	0.37202597	0.82025033	1.0	1097500	33074.982618808746
439	-22.98	-22.98	-9.5	0.79364955	0.26088932	5.3531866	0.38488722	0.80289453	1.0	1100000	33122.22881746292
440	-25.54	-25.54	-14.5	0.8244314	0.27562007	4.9594336	0.41820824	0.8236543	1.0	1102500	33168.56565308571
441	-23.5	-23.5	-10.900001	0.8124994	0.3107042	6.395976	0.39827067	0.81668615	1.0	1105000	33214.72397136688
442	-25.2	-25.2	-15.9	0.8029662	0.2342387	4.349184	0.38618875	0.8064369	1.0	1107500	33262.153673410416
443	-22.58	-22.58	-17.9	0.7933966	0.25161034	4.8074417	0.3775675	0.8021037	0.9	1110000	33308.519839048386
444	-26.7	-26.7	-13.9	0.7811002	0.25183743	6.271321	0.3763154	0.79367846	1.0	1112500	33353.59930944443
445	-23.54	-23.54	-13.7	0.77637124	0.2293196	4.8335295	0.36350247	0.77528584	1.0	1115000	33397.84949469566
446	-24.5	-24.5	-11.599999	0.8003777	0.3003143	5.6188946	0.38803887	0.80119663	1.0	1117500	33443.1626021862
447	-26.28	-26.28	-14.3	0.80793554	0.25113222	3.869916	0.40644294	0.8079771	0.9	1120000	33489.697482824326
448	-23.82	-23.82	-12.6	0.79531	0.3067367	9.252925	0.33506334	0.792449	1.0	1122500	33535.52268910408
449	-25.22	-25.22	-9.599999	0.7903833	0.27218205	7.2735515	0.3841953	0.7936	1.0	1125000	33581.99802160263
450	-24.14	-24.14	-19.4	0.81656235	0.28548586	4.555488	0.37980962	0.8281316	0.9	1127500	33628.146978378296
451	-27.98	-27.98	-17.1	0.8187224	0.25555444	4.8203073	0.38222656	0.82700694	0.9	1130000	33673.73446202278
452	-24.38	-24.38	-12.8	0.8171541	0.26267132	5.1825123	0.38243276	0.82093877	1.0	1132500	33720.36396455765
453	-25.86	-25.86	-14.3	0.8446829	0.2736164	4.996243	0.32639578	0.8433309	1.0	1135000	33765.807409763336
454	-21.84	-21.84	-15.9	0.8395909	0.2669236	4.3665705	0.40138873	0.8479707	1.0	1137500	33811.71048998833
455	-26.36	-26.36	-11.099999	0.83700866	0.2733782	4.0585423	0.39082256	0.8469109	1.0	1140000	33858.94346475601
456	-25.22	-25.22	-11.8	0.8119828	0.2555456	4.7261314	0.3426048	0.8146628	1.0	1142500	33905.25282931328
457	-24.72	-24.72	-13.5	0.82607335	0.28317523	6.3616014	0.39550442	0.8393944	1.0	1145000	33951.2767894268
458	-25.62	-25.62	-13.6	0.8301045	0.2632113	3.3481107	0.413289	0.83200675	1.0	1147500	33997.36317539215
459	-24.08	-24.08	-11.599999	0.8283745	0.2957373	5.541965	0.31285867	0.83039737	1.0	1150000	34043.19080686569
460	-24.0	-24.0	-13.5	0.82091075	0.23405443	4.305466	0.37357137	0.8205138	1.0	1152500	34089.15933418274
461	-27.18	-27.18	-19.300001	0.80985886	0.26245233	5.7172103	0.3981074	0.81606776	0.9	1155000	34136.4110584259
462	-24.14	-24.14	-17.300001	0.81781334	0.5131146	20.766615	0.38929504	0.8194691	1.0	1157500	34182.66062068939
463	-24.84	-24.84	-10.3	0.824215	0.24757159	3.3913488	0.37627152	0.828853	1.0	1160000	34228.89605522156
464	-23.32	-23.32	-12.4	0.8257903	0.25801834	3.3432424	0.3780771	0.82074153	1.0	1162500	34274.554178237915
465	-22.62	-22.62	-14.8	0.8379043	0.26920798	4.030797	0.40869385	0.843374	1.0	1165000	34320.33130598068
466	-25.26	-25.26	-13.4	0.84836113	0.25294676	3.680909	0.3527784	0.8464874	1.0	1167500	34367.22737622261
467	-24.3	-24.3	-9.8	0.85391724	0.2966418	4.457986	0.4002189	0.84906036	1.0	1170000	34413.424626111984
468	-23.06	-23.06	-11.8	0.8242552	0.23009357	2.7453687	0.36660224	0.82431936	1.0	1172500	34459.217431783676
469	-22.64	-22.64	-13.6	0.83554685	0.30489817	5.727905	0.39752364	0.84306556	1.0	1175000	34504.94372963905
470	-21.04	-21.04	-15.2	0.82382256	0.25938207	4.4868183	0.37665242	0.82751936	1.0	1177500	34550.97937750816
471	-23.56	-23.56	-17.5	0.82680124	0.3409511	12.200254	0.34063166	0.83684605	0.9	1180000	34596.93865633011
472	-24.12	-24.12	-17.1	0.8356398	0.26774174	3.8624365	0.38298413	0.8384252	1.0	1182500	34644.07252383232
473	-21.96	-21.96	-15.9	0.8208093	0.22925006	2.883142	0.37760702	0.82158434	1.0	1185000	34691.866216659546
474	-26.12	-26.12	-17.9	0.8290134	0.35346472	11.2816105	0.41539752	0.83750445	1.0	1187500	34737.505157232285
475	-26.88	-26.88	-19.5	0.83275586	0.38753423	14.541361	0.41602355	0.83812845	0.9	1190000	34782.81250143051
476	-25.58	-25.58	-13.6	0.8099928	0.23638381	2.8203926	0.40473518	0.8134101	1.0	1192500	34828.23480677605
477	-21.18	-21.18	-16.0	0.80968785	0.4589017	11.264479	0.41006947	0.8126178	0.9	1195000	34874.21438932419
478	-25.62	-25.62	-18.5	0.7999432	0.34657395	11.512309	0.37822235	0.79385793	0.9	1197500	34919.09802031517
479	-25.72	-25.72	-9.099999	0.8097936	0.32827434	10.142113	0.34905374	0.82344997	1.0	1200000	34964.819532871246
480	-23.76	-23.76	-13.1	0.8118008	0.4037616	11.681927	0.389598	0.8097868	1.0	1202500	35011.975053310394
481	-27.8	-27.8	-19.199999	0.8094552	0.3927721	13.176451	0.3636598	0.81193316	0.9	1205000	35059.14261722565
482	-25.08	-25.08	-13.2	0.79495823	0.3108304	9.986841	0.38772348	0.7972654	1.0	1207500	35106.38857913017
483	-24.9	-24.9	-15.2	0.790886	0.39854148	11.145905	0.3864208	0.7897885	1.0	1210000	35151.413743019104
484	-25.24	-25.24	-11.5	0.80521435	0.2581835	3.9459682	0.3608268	0.8061878	1.0	1212500	35197.200323581696
485	-22.46	-22.46	-8.400001	0.8165996	0.38525134	12.451188	0.30073744	0.8226843	1.0	1215000	35242.04029273987
486	-25.64	-25.64	-13.9	0.8460512	0.5103611	18.228746	0.37240556	0.84835804	1.0	1217500	35287.64151763916
487	-25.62	-25.62	-13.9	0.82269055	0.35559237	9.559807	0.38971585	0.82692	1.0	1220000	35333.25627374649
488	-24.14	-24.14	-19.699999	0.81449807	0.23066945	2.4755344	0.34025294	0.814318	1.0	1222500	35379.71085333824
489	-21.28	-21.28	-20.1	0.84141713	0.507128	12.924269	0.3627482	0.84530336	0.9	1225000	35425.65084242821
490	-24.22	-24.22	-14.1	0.8173819	0.24180207	3.2208996	0.37109715	0.8257489	1.0	1227500	35471.52713775635
491	-24.8	-24.8	-16.199999	0.8112782	0.32713872	10.499471	0.423603	0.81932044	1.0	1230000	35517.18248462677
492	-25.4	-25.4	-15.0	0.83062196	0.58207345	22.603426	0.37605208	0.8376361	1.0	1232500	35562.61655020714
493	-27.24	-27.24	-14.2	0.8223156	0.42424858	14.023672	0.35370243	0.8246826	1.0	1235000	35609.765766859055
494	-25.38	-25.38	-17.6	0.8032309	0.21913148	2.8886535	0.36821783	0.81250185	0.9	1237500	35655.7574365139
495	-25.02	-25.02	-9.3	0.8245439	0.4064803	8.871002	0.36685166	0.8330156	1.0	1240000	35701.77944636345
496	-21.02	-21.02	-13.9	0.8062638	0.29239583	8.910993	0.38337323	0.8136295	1.0	1242500	35749.0954477787
497	-26.94	-26.94	-9.400001	0.8252583	0.36363935	10.800487	0.4179389	0.8336721	1.0	1245000	35793.7653503418
498	-23.36	-23.36	-11.099999	0.8105477	0.24244113	3.5142117	0.36084336	0.81901	1.0	1247500	35839.927075624466
499	-25.84	-25.84	-12.0	0.8126653	0.25130385	3.927191	0.37226576	0.82219726	1.0	1250000	35884.44693517685
