Epoch	EpRet	EpRealRet	TestEpRet	AverageQ1	StdQ1	MaxQ1	MinQ1	Q2	TestSuccess	TotalEnvInteracts	TotalTime
0	-46.18	-46.18	-50.0	0.15273541	0.33635333	4.2181854	0.0008616778	0.14932086	0.0	2500	64.31364393234253
1	-49.0	-49.0	-45.0	0.3614318	0.20566382	2.732124	0.10842331	0.3626652	0.1	5000	157.90623712539673
2	-46.0	-46.0	-50.0	0.94628257	1.6935749	24.422768	0.20716405	0.94273746	0.0	7500	247.7346830368042
3	-45.4	-45.4	-50.0	6.7891903	26.670713	367.16327	0.28471988	6.787703	0.0	10000	336.90592527389526
4	-46.0	-46.0	-50.0	117.025375	496.25223	9344.296	0.40593958	116.91358	0.0	12500	424.42821073532104
5	-46.5	-46.5	-45.0	1037.0303	5090.876	62747.023	0.45959535	1036.8369	0.1	15000	513.1990330219269
6	-48.0	-48.0	-45.0	4176.028	21839.926	280733.25	2.2897985	4192.3516	0.1	17500	600.8877046108246
7	-48.98	-48.98	-45.0	9330.078	41856.824	469039.97	31.116196	9309.0	0.1	20000	688.6772320270538
8	-47.42	-47.42	-38.399998	18807.46	85442.945	1016775.4	243.3334	18672.531	0.2	22500	775.6765813827515
9	-46.98	-46.98	-50.0	38723.785	182047.67	2188094.2	752.338	38420.777	0.0	25000	864.7532663345337
10	-48.62	-48.62	-43.600002	77171.58	323614.25	4098912.5	1918.245	76832.445	0.1	27500	952.4195001125336
11	-48.0	-48.0	-50.0	134697.84	501968.22	6800016.5	3381.3025	134257.02	0.0	30000	1034.7609162330627
12	-47.04	-47.04	-45.0	204416.22	714029.7	8133940.5	11629.396	204320.45	0.1	32500	1115.911306142807
13	-49.0	-49.0	-48.6	274120.6	882897.1	11276359.0	21990.887	274824.9	0.0	35000	1196.7880373001099
14	-47.0	-47.0	-50.0	401598.12	1090051.0	14836206.0	43331.78	401805.4	0.0	37500	1280.1381356716156
15	-47.54	-47.54	-40.0	605992.7	1486069.6	15922999.0	64182.43	606995.1	0.2	40000	1362.5298070907593
16	-48.76	-48.76	-50.0	652289.94	1610624.0	20401000.0	61160.035	651031.44	0.0	42500	1446.5666222572327
17	-47.62	-47.62	-45.0	684825.06	1690157.9	23520532.0	68102.84	683787.7	0.1	45000	1530.3161897659302
18	-46.0	-46.0	-45.0	757602.6	2114748.0	30811216.0	71895.09	756686.75	0.1	47500	1612.5273532867432
19	-45.0	-45.0	-50.0	754765.75	2118504.8	32288008.0	39740.293	756385.44	0.0	50000	1695.493658065796
20	-47.0	-47.0	-45.0	897477.3	2702515.2	46413844.0	64706.535	897599.56	0.1	52500	1777.825915336609
21	-47.0	-47.0	-50.0	1023806.06	3436530.5	43137988.0	60308.95	1027123.2	0.0	55000	1858.956755399704
22	-47.36	-47.36	-50.0	1079528.2	3163249.2	57028096.0	57543.11	1082483.4	0.0	57500	1942.8154621124268
23	-46.0	-46.0	-45.0	1231625.2	4570645.0	63838924.0	67841.64	1233131.4	0.1	60000	2025.960967540741
24	-46.82	-46.82	-50.0	1229481.6	4314832.5	57854176.0	51143.688	1235592.9	0.0	62500	2109.006081342697
25	-49.0	-49.0	-50.0	923049.2	3353963.8	60322490.0	43168.875	925014.25	0.0	65000	2192.003205537796
26	-49.0	-49.0	-41.5	1445325.5	6711909.5	96172390.0	42891.586	1452730.2	0.2	67500	2273.849575996399
27	-48.94	-48.94	-50.0	1676962.0	8070483.0	111361210.0	57820.688	1688225.4	0.0	70000	2354.417536497116
28	-47.0	-47.0	-50.0	1396578.9	6509870.5	150801380.0	61015.258	1403328.8	0.0	72500	2434.4467306137085
29	-49.0	-49.0	-50.0	2084428.0	10861441.0	223379170.0	32687.465	2097426.0	0.0	75000	2516.140372991562
30	-47.0	-47.0	-50.0	2492129.5	13401447.0	291499840.0	67395.97	2507866.2	0.0	77500	2594.4387440681458
31	-45.92	-45.92	-50.0	3355835.5	18331910.0	383462500.0	95030.875	3361784.8	0.0	80000	2675.9722917079926
32	-45.46	-45.46	-50.0	4497212.0	24308434.0	441731700.0	95175.95	4526567.5	0.0	82500	2756.207020998001
33	-49.0	-49.0	-45.0	5205748.0	28521352.0	550635200.0	171293.81	5241692.5	0.1	85000	2836.5644674301147
34	-44.0	-44.0	-45.0	6500433.5	34470890.0	682989600.0	110678.2	6517407.5	0.1	87500	2916.509560585022
35	-50.0	-50.0	-50.0	8255786.0	40411836.0	720025340.0	300161.66	8286295.5	0.0	90000	2995.7641689777374
36	-49.0	-49.0	-50.0	9407986.0	45215332.0	812866560.0	529016.25	9431756.0	0.0	92500	3075.184894323349
37	-44.0	-44.0	-50.0	10581681.0	49761388.0	980634600.0	642925.4	10605871.0	0.0	95000	3154.7295351028442
38	-48.0	-48.0	-50.0	12070316.0	58745100.0	1177657700.0	752098.25	12103629.0	0.0	97500	3234.802363395691
39	-46.86	-46.86	-50.0	11007330.0	59658030.0	1329301100.0	549994.25	11019986.0	0.0	100000	3315.7821097373962
40	-42.0	-42.0	-50.0	14674817.0	78490970.0	1552921300.0	665846.5	14660789.0	0.0	102500	3397.5635669231415
41	-48.96	-48.96	-50.0	16203123.0	78494940.0	1702021500.0	847065.75	16142617.0	0.0	105000	3478.0419886112213
42	-49.0	-49.0	-50.0	20980532.0	93392590.0	1978201100.0	1232307.5	21133130.0	0.0	107500	3558.533799648285
43	-46.48	-46.48	-45.0	23740686.0	113088920.0	2384971000.0	1196980.6	23730614.0	0.1	110000	3637.6504826545715
44	-46.0	-46.0	-50.0	20842876.0	72663144.0	2555285800.0	1430719.5	20816302.0	0.0	112500	3715.683507204056
45	-49.84	-49.84	-45.0	29994758.0	151533980.0	2759419000.0	1676273.9	30095494.0	0.1	115000	3795.734686613083
46	-44.0	-44.0	-40.0	24291168.0	121940710.0	2652301300.0	1592458.2	24411426.0	0.2	117500	3874.8235216140747
47	-42.44	-42.44	-44.7	25700434.0	125307730.0	2320009200.0	1641370.1	25726272.0	0.1	120000	3956.1428554058075
48	-47.0	-47.0	-50.0	24138060.0	128144616.0	2584459500.0	1428380.6	24158192.0	0.0	122500	4035.3784654140472
49	-45.0	-45.0	-45.0	18199732.0	72690000.0	1857689700.0	1377582.5	18233286.0	0.1	125000	4114.92959356308
50	-42.9	-42.9	-50.0	20021404.0	94331910.0	1745522700.0	1360912.2	20079408.0	0.0	127500	4196.021215200424
51	-49.0	-49.0	-45.0	16959674.0	85678850.0	1771637600.0	1182902.0	16896922.0	0.1	130000	4274.947073459625
52	-45.0	-45.0	-45.0	15128196.0	68972460.0	1323213400.0	950049.5	15095625.0	0.1	132500	4353.513967037201
53	-48.0	-48.0	-50.0	10335597.0	47638084.0	1242605400.0	831620.06	10320482.0	0.0	135000	4434.219525098801
54	-47.64	-47.64	-45.0	10740577.0	52210080.0	980104960.0	709729.5	10765990.0	0.1	137500	4513.154433965683
55	-46.0	-46.0	-50.0	8175061.5	48491016.0	1100934300.0	639749.25	8188125.0	0.0	140000	4591.967897176743
56	-47.88	-47.88	-50.0	7130466.5	35545812.0	781966900.0	530025.1	7128318.0	0.0	142500	4669.414350032806
57	-46.98	-46.98	-48.8	7182500.5	40968828.0	916109950.0	460689.94	7203949.5	0.0	145000	4748.082441806793
58	-46.68	-46.68	-50.0	5763501.5	35264696.0	837500350.0	397274.94	5770538.0	0.0	147500	4826.1760449409485
59	-47.0	-47.0	-40.5	5408963.5	34987864.0	801119000.0	327538.12	5380791.5	0.1	150000	4903.750778436661
60	-47.0	-47.0	-50.0	4839087.5	25093830.0	557491600.0	265589.56	4977027.0	0.0	152500	4983.888595342636
61	-48.18	-48.18	-50.0	6049042.5	46230468.0	1240316000.0	268907.8	6123881.5	0.0	155000	5064.019572257996
62	-43.88	-43.88	-49.7	9374628.0	53604376.0	1320535600.0	227223.84	9447386.0	0.0	157500	5144.690701246262
63	-47.0	-47.0	-45.0	9121920.0	61577770.0	1303964800.0	289813.12	9182807.0	0.1	160000	5222.576406240463
64	-46.12	-46.12	-50.0	9103470.0	60927920.0	1450387300.0	303597.3	9237134.0	0.0	162500	5302.508451461792
65	-49.0	-49.0	-45.0	10984458.0	54672220.0	1470678000.0	404860.12	11122984.0	0.1	165000	5382.16450881958
66	-46.0	-46.0	-45.0	15696849.0	91964990.0	2612928500.0	517448.94	15860104.0	0.1	167500	5461.868371725082
67	-48.4	-48.4	-45.0	23957324.0	118706104.0	3031683000.0	1110599.5	24052784.0	0.1	170000	5540.319044828415
68	-48.0	-48.0	-50.0	30812632.0	165158820.0	3725853400.0	730364.5	31151796.0	0.0	172500	5620.81201672554
69	-46.28	-46.28	-40.0	36359896.0	217791940.0	5121543700.0	1146878.9	36279970.0	0.2	175000	5698.51148891449
70	-45.0	-45.0	-35.0	39559344.0	223638830.0	5064464000.0	1292575.0	39505700.0	0.3	177500	5777.017667531967
71	-44.34	-44.34	-50.0	46514150.0	251116960.0	5077961700.0	1564205.4	46407812.0	0.0	180000	5855.941957950592
72	-47.0	-47.0	-50.0	46340644.0	249944980.0	7071420000.0	1631684.8	46690804.0	0.0	182500	5933.148185968399
73	-47.0	-47.0	-45.0	56155430.0	320004770.0	9803076000.0	2357152.5	56558600.0	0.1	185000	6012.300656795502
74	-50.0	-50.0	-50.0	86719360.0	561174800.0	12414408000.0	2268463.5	86618260.0	0.0	187500	6091.541469573975
75	-42.0	-42.0	-50.0	91378790.0	591642400.0	13810726000.0	2367775.5	91753736.0	0.0	190000	6169.8738622665405
76	-44.58	-44.58	-45.0	122987120.0	671645400.0	13577985000.0	3705487.5	123524250.0	0.1	192500	6249.6618711948395
77	-47.0	-47.0	-50.0	121941200.0	707442000.0	18821607000.0	4629473.0	121827970.0	0.0	195000	6328.591360330582
78	-47.0	-47.0	-50.0	147717140.0	891710340.0	20682258000.0	4516865.0	148609060.0	0.0	197500	6408.375413417816
79	-49.0	-49.0	-50.0	162698910.0	853638140.0	20047931000.0	4792674.5	164024940.0	0.0	200000	6486.575163125992
80	-48.0	-48.0	-49.6	149604350.0	482129920.0	14698721000.0	6438911.0	150937440.0	0.0	202500	6564.686631679535
81	-47.88	-47.88	-40.0	165267180.0	638377500.0	24845818000.0	7846453.5	167060670.0	0.2	205000	6643.043128490448
82	-44.0	-44.0	-50.0	116976710.0	203062080.0	2751932000.0	5914603.0	116419496.0	0.0	207500	6721.252960681915
83	-48.94	-48.94	-50.0	177289900.0	284786430.0	2961141500.0	9797001.0	175003000.0	0.0	210000	6800.170997142792
84	-45.38	-45.38	-46.5	193231380.0	287227970.0	2888367900.0	11611480.0	192383180.0	0.0	212500	6879.571897268295
85	-46.78	-46.78	-40.0	208627860.0	321467780.0	3381719800.0	12625438.0	208826900.0	0.2	215000	6957.928996324539
86	-47.0	-47.0	-45.0	219385950.0	358505920.0	3908440800.0	9193349.0	219424600.0	0.1	217500	7035.750944852829
87	-48.0	-48.0	-50.0	272493250.0	405280700.0	3939232300.0	14928159.0	269990430.0	0.0	220000	7112.8797726631165
88	-47.0	-47.0	-50.0	290729760.0	448631970.0	5587288600.0	14144754.0	288810900.0	0.0	222500	7191.345194816589
89	-46.74	-46.74	-50.0	282257340.0	432726900.0	5985838000.0	11705328.0	281324800.0	0.0	225000	7269.687953710556
90	-47.0	-47.0	-45.0	300863870.0	428078750.0	3858803700.0	15169264.0	299791940.0	0.1	227500	7347.264340400696
91	-48.0	-48.0	-48.1	379953340.0	590207000.0	5058642400.0	20631684.0	378110940.0	0.0	230000	7424.299246072769
92	-49.0	-49.0	-45.0	411259740.0	611387840.0	4765580300.0	17598092.0	410268000.0	0.1	232500	7504.961361885071
93	-46.0	-46.0	-45.0	336134080.0	519005700.0	4245883100.0	16531673.0	333796480.0	0.1	235000	7584.713583946228
94	-45.06	-45.06	-40.0	297812300.0	518249820.0	6303807000.0	13661780.0	298025100.0	0.2	237500	7663.4424793720245
95	-45.0	-45.0	-50.0	309109980.0	521131870.0	5088308000.0	13853540.0	308892130.0	0.0	240000	7743.89227104187
96	-47.7	-47.7	-50.0	300215360.0	566365250.0	5433777700.0	13590942.0	304311360.0	0.0	242500	7823.6318237781525
97	-47.38	-47.38	-40.0	296278200.0	525331500.0	6129737000.0	15092536.0	296551500.0	0.2	245000	7903.532488584518
98	-48.62	-48.62	-45.0	345354940.0	860160640.0	27768295000.0	17698406.0	342597540.0	0.1	247500	7982.057958841324
99	-47.72	-47.72	-50.0	316642900.0	551520500.0	5411279400.0	16150091.0	316432260.0	0.0	250000	8060.414425611496
100	-47.0	-47.0	-45.0	346299300.0	606273540.0	6034398000.0	16028556.0	343834800.0	0.1	252500	8139.330487251282
101	-46.9	-46.9	-45.0	298590270.0	599276100.0	9355348000.0	11751551.0	304656030.0	0.1	255000	8217.159278392792
102	-48.14	-48.14	-50.0	382797380.0	803107840.0	11806887000.0	13836907.0	386978370.0	0.0	257500	8296.12111234665
103	-46.66	-46.66	-45.0	440436130.0	1084147700.0	28171936000.0	14601398.0	439972900.0	0.1	260000	8374.161087274551
104	-45.18	-45.18	-50.0	414253570.0	827595500.0	10627713000.0	13418330.0	419934200.0	0.0	262500	8452.779188394547
105	-48.74	-48.74	-40.0	513120740.0	1207190700.0	34346494000.0	16867448.0	522191500.0	0.2	265000	8531.444532871246
106	-47.78	-47.78	-39.399998	570823300.0	1455879300.0	35779870000.0	16007657.0	582384200.0	0.2	267500	8610.327941417694
107	-47.0	-47.0	-50.0	600586560.0	1263903400.0	25812775000.0	19410460.0	604342500.0	0.0	270000	8687.235316991806
108	-49.0	-49.0	-40.0	691470200.0	1416535000.0	30596987000.0	27403348.0	700495040.0	0.2	272500	8766.986756563187
109	-48.66	-48.66	-45.0	690389950.0	1262997900.0	15436563000.0	15048892.0	705114430.0	0.1	275000	8844.25109219551
110	-49.0	-49.0	-38.899998	693279360.0	1217284900.0	14154257000.0	16969092.0	707641500.0	0.2	277500	8923.889843702316
111	-48.36	-48.36	-50.0	848402400.0	1872208600.0	33447141000.0	15232405.0	862829400.0	0.0	280000	9001.713648080826
112	-46.9	-46.9	-50.0	978087200.0	1961666000.0	36190704000.0	27534392.0	997787000.0	0.0	282500	9080.586875677109
113	-45.36	-45.36	-45.0	950261600.0	2149600500.0	37809844000.0	24385816.0	959435140.0	0.1	285000	9158.542211055756
114	-46.9	-46.9	-45.0	1024067500.0	1916753800.0	33937918000.0	25774114.0	1035625540.0	0.1	287500	9235.100220441818
115	-46.0	-46.0	-50.0	1071348100.0	2141486100.0	50661470000.0	27034948.0	1088981400.0	0.0	290000	9313.036900281906
116	-44.22	-44.22	-41.100002	1382067200.0	2497465600.0	29113948000.0	22108316.0	1396207000.0	0.2	292500	9390.713016033173
117	-44.78	-44.78	-50.0	1415070800.0	2444622800.0	35632775000.0	28250072.0	1425657700.0	0.0	295000	9468.766095399857
118	-47.0	-47.0	-48.1	1914660200.0	3866676200.0	56818070000.0	50707130.0	1933864100.0	0.0	297500	9545.717080831528
119	-46.46	-46.46	-40.0	2078767600.0	4500888600.0	59903713000.0	45652250.0	2122338400.0	0.2	300000	9624.584451198578
120	-47.78	-47.78	-45.0	2286797800.0	4200055600.0	51736480000.0	60629980.0	2321190100.0	0.1	302500	9701.898532629013
121	-49.22	-49.22	-50.0	2191222000.0	3976765000.0	63428770000.0	34259990.0	2211783200.0	0.0	305000	9782.09350347519
122	-46.84	-46.84	-50.0	2308176000.0	4567629300.0	66779440000.0	67014330.0	2326096400.0	0.0	307500	9860.125323534012
123	-46.98	-46.98	-45.0	2576483300.0	5211927600.0	78837680000.0	49553450.0	2616756000.0	0.1	310000	9938.167705535889
124	-47.94	-47.94	-50.0	2806241000.0	5149063000.0	81648140000.0	54683710.0	2853935000.0	0.0	312500	10018.560893058777
125	-45.9	-45.9	-50.0	3389487900.0	6264591000.0	92731370000.0	58177600.0	3433713400.0	0.0	315000	10099.769549131393
126	-47.3	-47.3	-40.0	3484408000.0	6096116700.0	121493045000.0	77073670.0	3540493000.0	0.2	317500	10178.924848794937
127	-48.3	-48.3	-45.0	3764780800.0	6253282000.0	80968140000.0	75720850.0	3841667300.0	0.1	320000	10259.164225101471
128	-47.7	-47.7	-45.0	3913635800.0	7334445000.0	110953480000.0	75039864.0	3973126000.0	0.1	322500	10337.845533132553
129	-48.82	-48.82	-35.0	3601779500.0	6195167000.0	83641205000.0	72633150.0	3692426200.0	0.3	325000	10416.432693719864
130	-47.86	-47.86	-40.0	4177371100.0	8374208500.0	120099600000.0	93555680.0	4243866000.0	0.2	327500	10495.001827478409
131	-45.96	-45.96	-48.3	4063244500.0	6601629000.0	74650160000.0	78319800.0	4135158000.0	0.1	330000	10574.462399244308
132	-47.74	-47.74	-48.6	4070324000.0	7083222500.0	100084620000.0	60458240.0	4134181400.0	0.0	332500	10653.792301654816
133	-48.74	-48.74	-50.0	4340577300.0	7962266600.0	120630130000.0	78517090.0	4461903400.0	0.0	335000	10733.8403134346
134	-47.48	-47.48	-45.0	4762114000.0	8090929700.0	110375846000.0	88624290.0	4797418500.0	0.1	337500	10816.46503162384
135	-46.5	-46.5	-43.600002	4822911500.0	8572923400.0	107791830000.0	51223656.0	4933606000.0	0.1	340000	10897.424444437027
136	-47.86	-47.86	-45.0	3808691700.0	6401443300.0	96168890000.0	69644890.0	3900408600.0	0.1	342500	10975.948551416397
137	-45.02	-45.02	-38.8	4398047700.0	8678193000.0	152899100000.0	56285228.0	4509673500.0	0.2	345000	11056.460546255112
138	-48.0	-48.0	-50.0	4741788000.0	9172247000.0	138523180000.0	51360084.0	4918321000.0	0.0	347500	11137.829895734787
139	-48.0	-48.0	-45.0	4696413000.0	9818669000.0	155180060000.0	90252936.0	4804175000.0	0.1	350000	11218.300221920013
140	-44.84	-44.84	-50.0	4586232300.0	8737930000.0	131917560000.0	56908708.0	4711167000.0	0.0	352500	11298.253660440445
141	-48.52	-48.52	-50.0	5347718000.0	9877299000.0	148730970000.0	57587320.0	5488632000.0	0.0	355000	11377.710452079773
142	-46.0	-46.0	-50.0	6022975000.0	12356835000.0	168541750000.0	76302000.0	6186385400.0	0.0	357500	11458.418033361435
143	-48.88	-48.88	-45.0	5475848700.0	11598895000.0	184370410000.0	83797660.0	5611760600.0	0.1	360000	11538.487630844116
144	-46.9	-46.9	-50.0	7661096400.0	14372323000.0	191359430000.0	111906640.0	7788200400.0	0.0	362500	11620.210439443588
145	-47.0	-47.0	-40.3	8478135300.0	15057844000.0	184272910000.0	114259150.0	8629587000.0	0.2	365000	11702.44300031662
146	-47.0	-47.0	-40.0	7248107500.0	13981855000.0	260732680000.0	143877740.0	7395012000.0	0.2	367500	11783.583902359009
147	-46.72	-46.72	-45.0	9036898000.0	16740819000.0	251251880000.0	134167860.0	9189921000.0	0.1	370000	11865.160670518875
148	-47.0	-47.0	-45.0	7789069000.0	13885983000.0	159039060000.0	137335550.0	8011181600.0	0.1	372500	11945.80571269989
149	-48.0	-48.0	-50.0	8776792000.0	15329872000.0	251293760000.0	130507950.0	8940130000.0	0.0	375000	12025.381903409958
150	-48.64	-48.64	-50.0	8503128600.0	14982818000.0	161062110000.0	140738500.0	8645245000.0	0.0	377500	12107.802537202835
151	-49.4	-49.4	-34.600002	9558890000.0	18899933000.0	251191620000.0	183644770.0	9765317000.0	0.3	380000	12188.674702882767
152	-47.92	-47.92	-45.0	9142694000.0	17321830000.0	280136420000.0	139894300.0	9341139000.0	0.1	382500	12269.892037391663
153	-47.0	-47.0	-46.0	10361050000.0	20498973000.0	251400620000.0	176168450.0	10604847000.0	0.0	385000	12352.072682142258
154	-46.46	-46.46	-41.3	10277080000.0	18002207000.0	200781100000.0	175125680.0	10310321000.0	0.1	387500	12433.596900939941
155	-48.0	-48.0	-50.0	10651670000.0	20212838000.0	260596330000.0	127497060.0	10922857000.0	0.0	390000	12515.150446414948
156	-46.84	-46.84	-50.0	9414548000.0	16706052000.0	277878900000.0	86261576.0	9592047000.0	0.0	392500	12595.464435577393
157	-48.52	-48.52	-50.0	10000918000.0	17615340000.0	327400160000.0	138070130.0	10153966000.0	0.0	395000	12676.956238508224
158	-45.88	-45.88	-49.4	11669278000.0	23660180000.0	390990800000.0	106873930.0	11868978000.0	0.0	397500	12756.894260883331
159	-44.62	-44.62	-40.0	12160176000.0	24287252000.0	441179180000.0	175335970.0	12360494000.0	0.2	400000	12837.529361963272
160	-47.62	-47.62	-35.0	13390832000.0	32822536000.0	481886240000.0	243708820.0	13579345000.0	0.3	402500	12915.280880689621
161	-45.96	-45.96	-50.0	11804689000.0	20645306000.0	282389970000.0	241709120.0	11946477000.0	0.0	405000	12995.638479232788
162	-46.36	-46.36	-50.0	13298031000.0	24779690000.0	542164100000.0	263203780.0	13546149000.0	0.0	407500	13076.967656612396
163	-48.0	-48.0	-47.9	12409562000.0	25352163000.0	656548950000.0	112477140.0	12599241000.0	0.0	410000	13158.290770053864
164	-45.0	-45.0	-50.0	11442898000.0	22334153000.0	553931240000.0	105362880.0	11567888000.0	0.0	412500	13237.623849868774
165	-46.94	-46.94	-50.0	14232366000.0	32485698000.0	612536750000.0	198765420.0	14399536000.0	0.0	415000	13316.88067483902
166	-46.08	-46.08	-45.0	13919914000.0	29518793000.0	494823240000.0	146389470.0	14055833000.0	0.1	417500	13397.645506620407
167	-47.0	-47.0	-50.0	16827595000.0	36997652000.0	846667640000.0	336244400.0	17019651000.0	0.0	420000	13477.738255023956
168	-48.0	-48.0	-45.0	22718499000.0	41964245000.0	780913340000.0	472222720.0	22468104000.0	0.1	422500	13557.301045894623
169	-47.48	-47.48	-50.0	24594838000.0	40923304000.0	482903920000.0	651652350.0	24575203000.0	0.0	425000	13634.893203258514
170	-47.88	-47.88	-40.0	25215863000.0	42414760000.0	474007900000.0	688684800.0	25586512000.0	0.2	427500	13715.28974866867
171	-46.0	-46.0	-48.8	27980194000.0	48018813000.0	782378400000.0	681905540.0	28272034000.0	0.1	430000	13794.920909643173
172	-43.36	-43.36	-45.0	32322150000.0	52228526000.0	563729100000.0	951370560.0	32444543000.0	0.1	432500	13873.607743501663
173	-43.0	-43.0	-45.0	37805646000.0	74568900000.0	1116933300000.0	1066322400.0	38240813000.0	0.1	435000	13952.982060194016
174	-46.0	-46.0	-50.0	40309936000.0	84627710000.0	1500325600000.0	1044212600.0	40611238000.0	0.0	437500	14033.319622278214
175	-48.88	-48.88	-50.0	39694330000.0	74378650000.0	1217079700000.0	1443730000.0	40647336000.0	0.0	440000	14113.792717695236
176	-49.0	-49.0	-45.0	43877870000.0	77713990000.0	986184940000.0	1264808000.0	44791894000.0	0.1	442500	14195.297533273697
177	-46.0	-46.0	-45.0	48438833000.0	85573894000.0	984312640000.0	1731194400.0	48695046000.0	0.1	445000	14275.577705860138
178	-48.58	-48.58	-45.0	49045850000.0	83437400000.0	962363460000.0	1896148500.0	49762560000.0	0.1	447500	14356.997189760208
179	-47.86	-47.86	-40.0	51660485000.0	98744345000.0	969202000000.0	1990121700.0	52254610000.0	0.2	450000	14437.423142671585
180	-47.58	-47.58	-50.0	51198075000.0	102372580000.0	1021006250000.0	1865912300.0	51718330000.0	0.0	452500	14517.252256631851
181	-43.82	-43.82	-50.0	54217437000.0	109412340000.0	1121492100000.0	1380120700.0	54580890000.0	0.0	455000	14597.658111095428
182	-45.0	-45.0	-45.0	55347750000.0	109601560000.0	1282580200000.0	2189962200.0	55778010000.0	0.1	457500	14680.739470005035
183	-48.8	-48.8	-30.0	61001515000.0	123649090000.0	1330991900000.0	2190176800.0	61864040000.0	0.4	460000	14760.565466880798
184	-45.96	-45.96	-49.4	66671464000.0	145823480000.0	2159786600000.0	2188270600.0	66751450000.0	0.0	462500	14839.878220558167
185	-45.0	-45.0	-50.0	66808300000.0	129772280000.0	1903702200000.0	2452171300.0	67529978000.0	0.0	465000	14920.062676429749
186	-47.04	-47.04	-50.0	82738990000.0	152774670000.0	1713924100000.0	3211613700.0	83320330000.0	0.0	467500	15002.508481502533
187	-45.0	-45.0	-45.0	82590090000.0	163841900000.0	1964412400000.0	2698780400.0	82571534000.0	0.1	470000	15083.199965238571
188	-47.0	-47.0	-45.0	84604764000.0	162384230000.0	1717454400000.0	2768024000.0	85778500000.0	0.1	472500	15163.88990187645
189	-47.4	-47.4	-50.0	90813530000.0	182192590000.0	2368860300000.0	3433075500.0	91006920000.0	0.0	475000	15242.472280025482
190	-46.9	-46.9	-45.0	94956590000.0	177207260000.0	1881994800000.0	3998274600.0	95351780000.0	0.1	477500	15323.531383275986
191	-45.0	-45.0	-50.0	94785585000.0	208152170000.0	2836898000000.0	2967023600.0	95384910000.0	0.0	480000	15403.60595202446
192	-49.0	-49.0	-50.0	97539826000.0	194776580000.0	2234113900000.0	2957044500.0	97702920000.0	0.0	482500	15485.104449033737
193	-49.0	-49.0	-50.0	112202330000.0	225932850000.0	2514323000000.0	3225363000.0	113659410000.0	0.0	485000	15566.379916667938
194	-48.96	-48.96	-45.0	106684320000.0	211968300000.0	2414170000000.0	3359387000.0	107083230000.0	0.1	487500	15647.310335874557
195	-47.76	-47.76	-45.0	107593270000.0	227086610000.0	2821220700000.0	3197944800.0	107698440000.0	0.1	490000	15727.581200838089
196	-43.32	-43.32	-50.0	134079970000.0	274126110000.0	3308962200000.0	3508050000.0	134275780000.0	0.0	492500	15807.108219861984
197	-45.0	-45.0	-35.0	150043640000.0	293246370000.0	3106430000000.0	4159447800.0	151841550000.0	0.3	495000	15887.649938583374
198	-49.0	-49.0	-50.0	160040390000.0	337209400000.0	6299942000000.0	4189987600.0	161327330000.0	0.0	497500	15966.182482004166
199	-46.0	-46.0	-40.0	172555170000.0	344629020000.0	5287039000000.0	3767456800.0	172695760000.0	0.2	500000	16045.701303243637
200	-48.5	-48.5	-45.0	181283960000.0	346977240000.0	4399288500000.0	4071794000.0	182048640000.0	0.1	502500	16125.886454582214
201	-44.98	-44.98	-45.0	209693540000.0	416158480000.0	6180414000000.0	5789659600.0	209991300000.0	0.1	505000	16206.019433259964
202	-50.0	-50.0	-45.0	229470100000.0	509074150000.0	7409556000000.0	6296658000.0	231430850000.0	0.1	507500	16286.0424284935
203	-47.94	-47.94	-50.0	237429870000.0	458869930000.0	7480851600000.0	5887870000.0	239350780000.0	0.0	510000	16367.053638219833
204	-46.92	-46.92	-45.0	286528930000.0	622165600000.0	7798207000000.0	8135878700.0	286432170000.0	0.1	512500	16448.875819444656
205	-45.68	-45.68	-45.0	326813700000.0	734682100000.0	10847764000000.0	9095338000.0	324637400000.0	0.1	515000	16531.083116054535
206	-46.0	-46.0	-50.0	328102200000.0	614347000000.0	7522978600000.0	9128303000.0	329296100000.0	0.0	517500	16612.071902275085
207	-46.98	-46.98	-40.0	363519500000.0	758837350000.0	9745183000000.0	9179365000.0	365971670000.0	0.2	520000	16693.534283638
208	-45.0	-45.0	-50.0	414939870000.0	853440500000.0	10162723000000.0	9966388000.0	419085200000.0	0.0	522500	16774.170516252518
209	-47.0	-47.0	-45.0	508013840000.0	1092155870000.0	21202093000000.0	12923840000.0	510526260000.0	0.1	525000	16854.901832818985
210	-48.0	-48.0	-50.0	525694270000.0	1092961100000.0	11147986000000.0	16527026000.0	526727380000.0	0.0	527500	16933.914007663727
211	-48.0	-48.0	-50.0	544930760000.0	1033308730000.0	12689891000000.0	15472610000.0	546625780000.0	0.0	530000	17013.769480466843
212	-47.0	-47.0	-50.0	614338460000.0	1312114000000.0	14965903000000.0	21696490000.0	617472500000.0	0.0	532500	17095.38776755333
213	-47.0	-47.0	-45.0	623364000000.0	1296737400000.0	15029015000000.0	19606479000.0	627850150000.0	0.1	535000	17175.375458955765
214	-49.0	-49.0	-46.9	690406950000.0	1489169200000.0	19344176000000.0	18433884000.0	692290000000.0	0.0	537500	17256.13313293457
215	-47.0	-47.0	-30.0	703131350000.0	1458955500000.0	16936609000000.0	27203004000.0	708241260000.0	0.4	540000	17337.15062022209
216	-46.0	-46.0	-40.0	812495860000.0	1661250700000.0	19130659000000.0	27349959000.0	814946450000.0	0.2	542500	17416.95616531372
217	-46.0	-46.0	-40.0	981395440000.0	2205309000000.0	21112816000000.0	31462790000.0	981178840000.0	0.2	545000	17497.046669244766
218	-49.0	-49.0	-50.0	1049936600000.0	2244440500000.0	22428881000000.0	29930752000.0	1054225470000.0	0.0	547500	17576.817417621613
219	-45.0	-45.0	-45.0	1114082800000.0	2341168700000.0	25301732000000.0	36796430000.0	1114539600000.0	0.1	550000	17655.766167640686
220	-48.0	-48.0	-45.0	1235531300000.0	2715311000000.0	32665420000000.0	33685537000.0	1231010700000.0	0.1	552500	17734.27943944931
221	-46.0	-46.0	-45.0	1314468000000.0	2961547000000.0	37033314000000.0	39388135000.0	1306636700000.0	0.1	555000	17813.831866025925
222	-50.0	-50.0	-40.0	1350357500000.0	3098173000000.0	34258427000000.0	29636480000.0	1348217200000.0	0.2	557500	17894.40416574478
223	-48.0	-48.0	-45.0	1520712700000.0	3342847200000.0	37395144000000.0	28516174000.0	1515233200000.0	0.1	560000	17973.92776441574
224	-45.72	-45.72	-40.0	1640053900000.0	3439241000000.0	38735460000000.0	36711310000.0	1638778800000.0	0.2	562500	18055.177361011505
225	-46.0	-46.0	-45.0	1760269600000.0	3647954700000.0	42745335000000.0	44977420000.0	1755275100000.0	0.1	565000	18135.393285036087
226	-47.9	-47.9	-45.0	1888633000000.0	4061863000000.0	43166140000000.0	38451954000.0	1899678800000.0	0.1	567500	18215.49175786972
227	-42.0	-42.0	-40.0	1875233700000.0	3814320200000.0	44487390000000.0	51271737000.0	1874105700000.0	0.2	570000	18296.1819024086
228	-47.0	-47.0	-50.0	2061010000000.0	4574528000000.0	55652643000000.0	53854814000.0	2054008200000.0	0.0	572500	18378.306848287582
229	-48.94	-48.94	-45.0	2190120500000.0	4355030300000.0	46888790000000.0	52762984000.0	2190038400000.0	0.1	575000	18457.801618099213
230	-46.26	-46.26	-50.0	2385919600000.0	5198418300000.0	52274907000000.0	55372100000.0	2375734800000.0	0.0	577500	18537.58622956276
231	-47.4	-47.4	-45.0	2572855000000.0	5828267500000.0	93347935000000.0	58748930000.0	2574451500000.0	0.1	580000	18616.903321504593
232	-46.0	-46.0	-45.0	2630640200000.0	5753479400000.0	97514600000000.0	66954170000.0	2616273700000.0	0.1	582500	18695.09780883789
233	-44.0	-44.0	-50.0	2805822000000.0	5965282000000.0	74846290000000.0	69091840000.0	2793693500000.0	0.0	585000	18774.41541671753
234	-46.0	-46.0	-45.0	3192420600000.0	6183010000000.0	66592675000000.0	72777970000.0	3184389300000.0	0.1	587500	18855.262034654617
235	-44.0	-44.0	-50.0	3362456900000.0	6688739400000.0	85969650000000.0	101158490000.0	3370347700000.0	0.0	590000	18936.560685634613
236	-48.0	-48.0	-45.0	3758801300000.0	8339531000000.0	96769690000000.0	106588620000.0	3740346400000.0	0.1	592500	19015.017829179764
237	-49.0	-49.0	-30.0	4335179400000.0	9675260000000.0	102134370000000.0	107592140000.0	4326826400000.0	0.4	595000	19095.909344911575
238	-48.0	-48.0	-50.0	3946941500000.0	8815751000000.0	104230880000000.0	82088350000.0	3954370700000.0	0.0	597500	19174.999786138535
239	-48.84	-48.84	-40.0	4665166000000.0	10275433000000.0	115538860000000.0	83139170000.0	4654837000000.0	0.2	600000	19254.7140147686
240	-45.0	-45.0	-40.0	4981419000000.0	10860651000000.0	110545980000000.0	125557340000.0	5009255700000.0	0.2	602500	19335.81156039238
241	-44.0	-44.0	-50.0	5493009000000.0	12167384000000.0	134312030000000.0	119739830000.0	5500110000000.0	0.0	605000	19413.812779188156
242	-50.0	-50.0	-49.6	6393530000000.0	13705304000000.0	160801460000000.0	198422230000.0	6408429400000.0	0.0	607500	19493.78289103508
243	-44.96	-44.96	-50.0	8084211000000.0	15748055000000.0	166384780000000.0	216177440000.0	8082381000000.0	0.0	610000	19574.592353105545
244	-48.0	-48.0	-40.0	10526417000000.0	20899527000000.0	278502360000000.0	281605700000.0	10532941000000.0	0.2	612500	19655.228974103928
245	-48.16	-48.16	-45.0	12679341000000.0	22080080000000.0	285257570000000.0	635887900000.0	12659783000000.0	0.1	615000	19735.914288520813
246	-46.72	-46.72	-45.0	12859377000000.0	20268770000000.0	193880100000000.0	741662260000.0	12820803000000.0	0.1	617500	19815.287377119064
247	-46.0	-46.0	-45.0	12604495000000.0	21603348000000.0	279949910000000.0	720550170000.0	12543552000000.0	0.1	620000	19896.117388486862
248	-50.0	-50.0	-40.0	12142873000000.0	21584526000000.0	235000480000000.0	595609060000.0	12095341000000.0	0.2	622500	19979.097675323486
249	-47.0	-47.0	-45.0	12850196000000.0	23025783000000.0	232700600000000.0	429001400000.0	12821658000000.0	0.1	625000	20060.64022421837
250	-47.22	-47.22	-45.0	13135723000000.0	25103098000000.0	315277750000000.0	498339050000.0	13122271000000.0	0.1	627500	20142.57812523842
251	-47.0	-47.0	-45.0	14950970000000.0	27392340000000.0	300805000000000.0	649325500000.0	14901193000000.0	0.1	630000	20222.644733190536
252	-46.0	-46.0	-35.0	14758803000000.0	26114452000000.0	254765180000000.0	631109000000.0	14790341000000.0	0.3	632500	20302.461205244064
253	-48.4	-48.4	-35.8	15677301000000.0	26113270000000.0	275688400000000.0	499646300000.0	15750315000000.0	0.3	635000	20383.31123161316
254	-48.0	-48.0	-50.0	17737190000000.0	31235299000000.0	317393450000000.0	449045800000.0	17817299000000.0	0.0	637500	20463.529444217682
255	-46.0	-46.0	-50.0	20921380000000.0	37771494000000.0	388629380000000.0	759525930000.0	21005303000000.0	0.0	640000	20542.184384822845
256	-46.0	-46.0	-45.0	22545570000000.0	40261310000000.0	405999840000000.0	649725900000.0	22541605000000.0	0.1	642500	20622.770377635956
257	-48.0	-48.0	-50.0	24625006000000.0	40790617000000.0	352935380000000.0	874546600000.0	24575323000000.0	0.0	645000	20704.116686105728
258	-48.94	-48.94	-45.0	24580329000000.0	40329084000000.0	322862100000000.0	765442500000.0	24523169000000.0	0.1	647500	20785.306900262833
259	-47.94	-47.94	-45.0	26717115000000.0	43048147000000.0	387176540000000.0	874848300000.0	26697040000000.0	0.1	650000	20868.280477046967
260	-50.0	-50.0	-50.0	27186902000000.0	43650220000000.0	427811760000000.0	952120000000.0	27296635000000.0	0.0	652500	20950.30947947502
261	-45.0	-45.0	-50.0	22534645000000.0	36272900000000.0	470509500000000.0	1166000500000.0	22559205000000.0	0.0	655000	21030.53892803192
262	-46.68	-46.68	-50.0	25533318000000.0	39956740000000.0	407053880000000.0	1335786500000.0	25477673000000.0	0.0	657500	21111.50089240074
263	-44.04	-44.04	-45.0	25159130000000.0	39901890000000.0	388368600000000.0	1249015200000.0	25280770000000.0	0.1	660000	21192.44717311859
264	-47.0	-47.0	-37.2	27039411000000.0	44218150000000.0	431292130000000.0	1269714300000.0	27181808000000.0	0.2	662500	21273.751799583435
265	-48.0	-48.0	-50.0	26946160000000.0	41866160000000.0	418934700000000.0	1431525700000.0	27071244000000.0	0.0	665000	21352.60036444664
266	-47.0	-47.0	-50.0	27897409000000.0	46211690000000.0	614194000000000.0	1100234000000.0	28046973000000.0	0.0	667500	21432.337553977966
267	-45.0	-45.0	-50.0	27987708000000.0	40378007000000.0	351240040000000.0	1260588900000.0	28125465000000.0	0.0	670000	21511.792939901352
268	-48.0	-48.0	-50.0	27146492000000.0	39337744000000.0	427675500000000.0	1375923100000.0	27318639000000.0	0.0	672500	21592.05810523033
269	-45.0	-45.0	-45.0	32013736000000.0	48323403000000.0	430805820000000.0	1587351300000.0	31994054000000.0	0.1	675000	21672.216886520386
270	-48.0	-48.0	-45.0	34748408000000.0	49933177000000.0	541136080000000.0	1246424200000.0	34893195000000.0	0.1	677500	21753.40338921547
271	-47.0	-47.0	-40.0	30057746000000.0	45039030000000.0	437221160000000.0	1298744700000.0	30142773000000.0	0.2	680000	21833.51296520233
272	-49.0	-49.0	-50.0	29469522000000.0	44307170000000.0	559492300000000.0	1215632200000.0	29544600000000.0	0.0	682500	21913.165457487106
273	-47.92	-47.92	-35.0	30216792000000.0	45198692000000.0	395241650000000.0	1174075300000.0	30273666000000.0	0.3	685000	21992.690890073776
274	-48.9	-48.9	-50.0	31936465000000.0	50432140000000.0	649395360000000.0	1179507500000.0	31900362000000.0	0.0	687500	22071.763622045517
275	-44.26	-44.26	-50.0	33956660000000.0	57642980000000.0	656261000000000.0	1246210200000.0	33971216000000.0	0.0	690000	22151.609048128128
276	-49.0	-49.0	-50.0	30115554000000.0	47708396000000.0	495961050000000.0	1020784600000.0	30106209000000.0	0.0	692500	22230.645820856094
277	-45.32	-45.32	-50.0	31639533000000.0	56044500000000.0	611026940000000.0	1389287800000.0	31673733000000.0	0.0	695000	22310.272840738297
278	-46.4	-46.4	-45.0	29598640000000.0	48766644000000.0	535880800000000.0	1201204800000.0	29621741000000.0	0.1	697500	22388.385404586792
279	-44.96	-44.96	-50.0	29559740000000.0	53996295000000.0	796523970000000.0	1342431800000.0	29685306000000.0	0.0	700000	22466.208070278168
280	-48.0	-48.0	-50.0	29852801000000.0	51632537000000.0	707902300000000.0	1435462100000.0	29753535000000.0	0.0	702500	22544.855274677277
281	-47.0	-47.0	-40.0	30050192000000.0	47192920000000.0	501054640000000.0	1251521900000.0	30035965000000.0	0.2	705000	22624.128398895264
282	-49.0	-49.0	-40.0	31772630000000.0	53721275000000.0	637547200000000.0	1595010200000.0	31875970000000.0	0.2	707500	22703.832105398178
283	-46.0	-46.0	-50.0	29754906000000.0	48335450000000.0	522678860000000.0	1791409300000.0	29623836000000.0	0.0	710000	22782.70800447464
284	-46.98	-46.98	-50.0	32849992000000.0	57335270000000.0	628521960000000.0	1523255300000.0	32840675000000.0	0.0	712500	22861.823938131332
285	-47.96	-47.96	-40.0	30088746000000.0	49423023000000.0	511629800000000.0	1460645100000.0	30015108000000.0	0.2	715000	22939.762872457504
286	-46.64	-46.64	-50.0	33335934000000.0	58306890000000.0	755442900000000.0	1857074800000.0	33340822000000.0	0.0	717500	23019.145062446594
287	-42.0	-42.0	-50.0	31864054000000.0	51129807000000.0	501877930000000.0	1704344300000.0	31830732000000.0	0.0	720000	23094.619498729706
288	-46.0	-46.0	-50.0	34183567000000.0	56604574000000.0	520951380000000.0	1360978200000.0	34151948000000.0	0.0	722500	23173.979530096054
289	-48.0	-48.0	-50.0	38727330000000.0	62513350000000.0	511859440000000.0	1442773500000.0	38689116000000.0	0.0	725000	23251.71395254135
290	-44.8	-44.8	-50.0	36687028000000.0	56852155000000.0	484506840000000.0	1380876200000.0	36563728000000.0	0.0	727500	23329.778146505356
291	-48.0	-48.0	-45.0	38270797000000.0	60613170000000.0	509209540000000.0	1706032900000.0	38118212000000.0	0.1	730000	23408.10688352585
292	-47.0	-47.0	-50.0	35669620000000.0	58154180000000.0	520686500000000.0	1349497800000.0	35505950000000.0	0.0	732500	23487.16170310974
293	-46.0	-46.0	-50.0	34612718000000.0	58000232000000.0	510334520000000.0	1228621900000.0	34693810000000.0	0.0	735000	23566.2880358696
294	-43.0	-43.0	-50.0	37176016000000.0	60833694000000.0	551746400000000.0	1087224400000.0	37106360000000.0	0.0	737500	23646.26164507866
295	-47.0	-47.0	-50.0	41323357000000.0	69728440000000.0	588291540000000.0	1426713700000.0	41139487000000.0	0.0	740000	23725.924575805664
296	-45.64	-45.64	-40.0	39764080000000.0	67785523000000.0	582821960000000.0	1183881200000.0	39802116000000.0	0.2	742500	23804.56189417839
297	-48.0	-48.0	-45.0	42425075000000.0	71137795000000.0	530126870000000.0	1456200400000.0	42568566000000.0	0.1	745000	23885.374714374542
298	-45.9	-45.9	-50.0	41770327000000.0	63919910000000.0	659180500000000.0	1597424500000.0	41846710000000.0	0.0	747500	23966.13131761551
299	-46.0	-46.0	-40.0	41007190000000.0	64733084000000.0	701511440000000.0	1233300800000.0	41014930000000.0	0.2	750000	24044.381977319717
300	-47.0	-47.0	-50.0	39852140000000.0	67524155000000.0	753743700000000.0	1531473300000.0	39894320000000.0	0.0	752500	24120.642322063446
301	-46.0	-46.0	-50.0	39740050000000.0	64702307000000.0	707322200000000.0	1335381100000.0	39833553000000.0	0.0	755000	24201.050082445145
302	-45.0	-45.0	-45.0	45246010000000.0	70734990000000.0	625501700000000.0	1641077800000.0	45266930000000.0	0.1	757500	24280.072193145752
303	-49.0	-49.0	-50.0	48213860000000.0	78254320000000.0	1034126200000000.0	1514441500000.0	48272600000000.0	0.0	760000	24361.11058664322
304	-43.9	-43.9	-40.0	48801025000000.0	76074850000000.0	572762600000000.0	1677526300000.0	48838410000000.0	0.2	762500	24441.46768641472
305	-46.0	-46.0	-45.0	47676427000000.0	71425190000000.0	550201500000000.0	1400034300000.0	47872762000000.0	0.1	765000	24520.490377664566
306	-49.0	-49.0	-50.0	47465466000000.0	74108690000000.0	698757900000000.0	1271693000000.0	47618310000000.0	0.0	767500	24598.036561012268
307	-45.0	-45.0	-50.0	47817616000000.0	77145000000000.0	549830840000000.0	1347460500000.0	47961023000000.0	0.0	770000	24678.515894412994
308	-46.0	-46.0	-45.0	46370290000000.0	74258450000000.0	602882800000000.0	1485299100000.0	46492258000000.0	0.1	772500	24757.974387168884
309	-48.0	-48.0	-40.0	45963587000000.0	73595680000000.0	724605800000000.0	1586556800000.0	46254520000000.0	0.2	775000	24836.247918128967
310	-47.0	-47.0	-50.0	48416273000000.0	79491590000000.0	809127300000000.0	1284655400000.0	48656904000000.0	0.0	777500	24914.635492801666
311	-47.86	-47.86	-40.0	53046960000000.0	85218230000000.0	973010700000000.0	1423693600000.0	53306520000000.0	0.2	780000	24993.191435813904
312	-45.94	-45.94	-40.0	53933788000000.0	86227950000000.0	913486700000000.0	1205363000000.0	53798710000000.0	0.2	782500	25073.783241271973
313	-49.02	-49.02	-50.0	61134360000000.0	97258440000000.0	1027233400000000.0	1430770400000.0	61312370000000.0	0.0	785000	25152.406184196472
314	-47.88	-47.88	-45.0	56742580000000.0	94572910000000.0	995388300000000.0	1667447400000.0	56788355000000.0	0.1	787500	25231.88298845291
315	-48.0	-48.0	-44.899998	60862410000000.0	95885600000000.0	910399050000000.0	1464835500000.0	61279540000000.0	0.1	790000	25309.2860724926
316	-47.0	-47.0	-50.0	56712166000000.0	88768850000000.0	842019100000000.0	1821822300000.0	56699092000000.0	0.0	792500	25388.792949199677
317	-46.0	-46.0	-45.0	54425524000000.0	87241790000000.0	1024377800000000.0	1726717900000.0	54852670000000.0	0.1	795000	25468.60443162918
318	-45.4	-45.4	-50.0	56641700000000.0	88577140000000.0	920822800000000.0	1184761600000.0	56793342000000.0	0.0	797500	25547.69699048996
319	-46.0	-46.0	-50.0	61301255000000.0	99878005000000.0	1074374860000000.0	1770697800000.0	61758455000000.0	0.0	800000	25626.657180786133
320	-46.0	-46.0	-40.0	61858266000000.0	98678630000000.0	884009760000000.0	1904051700000.0	62106790000000.0	0.2	802500	25706.08101272583
321	-49.0	-49.0	-50.0	63688468000000.0	106323510000000.0	1127516000000000.0	1354839000000.0	64153460000000.0	0.0	805000	25784.29098176956
322	-47.0	-47.0	-45.0	64170448000000.0	97212090000000.0	1098386900000000.0	1508274700000.0	64357484000000.0	0.1	807500	25864.009214639664
323	-46.94	-46.94	-50.0	65471890000000.0	105446296000000.0	1176739800000000.0	1524367600000.0	65926840000000.0	0.0	810000	25944.38193678856
324	-47.82	-47.82	-40.399998	61301477000000.0	95286080000000.0	816385640000000.0	1403971400000.0	61583397000000.0	0.1	812500	26023.993705511093
325	-47.0	-47.0	-35.0	58841673000000.0	100518510000000.0	909107100000000.0	1867711800000.0	59130670000000.0	0.3	815000	26102.545259475708
326	-47.0	-47.0	-45.0	62728570000000.0	100339770000000.0	877727640000000.0	1568999600000.0	62677536000000.0	0.1	817500	26184.24533367157
327	-48.0	-48.0	-36.899998	67394430000000.0	103819430000000.0	837089100000000.0	2553278600000.0	67581533000000.0	0.2	820000	26263.026876211166
328	-45.36	-45.36	-50.0	74709600000000.0	121213250000000.0	956445200000000.0	2004171400000.0	75156200000000.0	0.0	822500	26342.676798582077
329	-47.0	-47.0	-50.0	81145404000000.0	124873934000000.0	1520548300000000.0	1852715000000.0	81558720000000.0	0.0	825000	26421.290816783905
330	-43.46	-43.46	-50.0	75219306000000.0	109700340000000.0	1069600540000000.0	2333032300000.0	75589740000000.0	0.0	827500	26500.483310222626
331	-47.86	-47.86	-45.0	76632250000000.0	120328550000000.0	1038133800000000.0	2291008500000.0	76854540000000.0	0.1	830000	26579.26975297928
332	-45.0	-45.0	-45.0	74586120000000.0	109432604000000.0	774989900000000.0	2316718600000.0	75043850000000.0	0.1	832500	26658.50049352646
333	-48.0	-48.0	-50.0	83734300000000.0	120508640000000.0	1234016700000000.0	2903187700000.0	84397770000000.0	0.0	835000	26738.121083259583
334	-48.0	-48.0	-50.0	93354720000000.0	134248450000000.0	1286455200000000.0	2476956000000.0	93494360000000.0	0.0	837500	26815.68198299408
335	-43.92	-43.92	-50.0	92540160000000.0	130353130000000.0	1277590200000000.0	3352362000000.0	92799280000000.0	0.0	840000	26894.727762937546
336	-45.12	-45.12	-50.0	91408506000000.0	130162050000000.0	1211943300000000.0	2664628200000.0	91749440000000.0	0.0	842500	26973.899252414703
337	-46.0	-46.0	-45.0	103462810000000.0	142603820000000.0	1140562800000000.0	3073138800000.0	103743030000000.0	0.1	845000	27051.46938252449
338	-46.0	-46.0	-50.0	105746800000000.0	148357630000000.0	1438902100000000.0	3270035400000.0	105957170000000.0	0.0	847500	27130.411376953125
339	-47.0	-47.0	-45.0	105072630000000.0	146777190000000.0	1492896100000000.0	4431441000000.0	105293246000000.0	0.1	850000	27208.527151823044
340	-45.0	-45.0	-45.0	106018870000000.0	148888920000000.0	1618611300000000.0	3056628000000.0	106068026000000.0	0.1	852500	27289.179111480713
341	-48.0	-48.0	-45.0	115030250000000.0	162933540000000.0	1494758500000000.0	4688889000000.0	115495550000000.0	0.1	855000	27366.198043107986
342	-44.88	-44.88	-45.0	113408960000000.0	153349090000000.0	1459099400000000.0	3999773800000.0	113770940000000.0	0.1	857500	27446.71378016472
343	-47.84	-47.84	-50.0	113684140000000.0	147346050000000.0	1293796600000000.0	2889477500000.0	114215930000000.0	0.0	860000	27525.800687789917
344	-46.0	-46.0	-45.0	119466235000000.0	162010800000000.0	1461390000000000.0	3440471700000.0	119952650000000.0	0.1	862500	27604.163053750992
345	-46.0	-46.0	-45.0	129852515000000.0	167841160000000.0	1492855200000000.0	3458688000000.0	129953170000000.0	0.1	865000	27684.243139743805
346	-46.42	-46.42	-45.0	127382640000000.0	163967090000000.0	1491331400000000.0	4238600000000.0	127582890000000.0	0.1	867500	27764.858704566956
347	-47.9	-47.9	-45.0	131169450000000.0	176426670000000.0	1748705500000000.0	4961899400000.0	131282690000000.0	0.1	870000	27842.761420726776
348	-48.0	-48.0	-40.0	138674910000000.0	182654640000000.0	2117285700000000.0	3859348700000.0	138938830000000.0	0.2	872500	27921.338824748993
349	-50.0	-50.0	-45.0	152415400000000.0	211768850000000.0	2464712600000000.0	5143379600000.0	152842300000000.0	0.1	875000	27999.79988884926
350	-45.86	-45.86	-43.100002	143628760000000.0	193781020000000.0	1899915000000000.0	6207380000000.0	143230780000000.0	0.1	877500	28079.71308541298
351	-49.14	-49.14	-50.0	137216540000000.0	178479310000000.0	1742320500000000.0	5868319000000.0	137412070000000.0	0.0	880000	28160.00112748146
352	-47.0	-47.0	-45.0	154985070000000.0	202681970000000.0	1765815800000000.0	5116854000000.0	155310310000000.0	0.1	882500	28237.12654352188
353	-43.88	-43.88	-50.0	159118640000000.0	207087820000000.0	1793291400000000.0	4542426000000.0	159290000000000.0	0.0	885000	28316.919680833817
354	-45.0	-45.0	-50.0	164353620000000.0	229219590000000.0	2058555300000000.0	6103810000000.0	164126290000000.0	0.0	887500	28393.651035547256
355	-46.0	-46.0	-50.0	174569310000000.0	253989720000000.0	2682907700000000.0	6891118000000.0	174551380000000.0	0.0	890000	28471.831518173218
356	-44.0	-44.0	-50.0	188579430000000.0	269407810000000.0	2158500400000000.0	6227769700000.0	188372280000000.0	0.0	892500	28551.258125782013
357	-42.78	-42.78	-40.0	187584810000000.0	256158190000000.0	2290780000000000.0	6492202700000.0	187706230000000.0	0.2	895000	28631.09429049492
358	-48.0	-48.0	-50.0	180614980000000.0	252490360000000.0	1982895300000000.0	6191645000000.0	180228940000000.0	0.0	897500	28709.94655776024
359	-47.0	-47.0	-45.0	192447900000000.0	262616140000000.0	2251473100000000.0	7052659000000.0	191736900000000.0	0.1	900000	28788.317840576172
360	-45.38	-45.38	-45.0	195014990000000.0	279723330000000.0	2385534600000000.0	5770088300000.0	194396880000000.0	0.1	902500	28866.575914382935
361	-44.5	-44.5	-45.0	197896360000000.0	295884300000000.0	3537048600000000.0	7767557400000.0	198213280000000.0	0.1	905000	28945.745903491974
362	-46.72	-46.72	-45.0	197624580000000.0	290071450000000.0	2416055000000000.0	6488690000000.0	197598950000000.0	0.1	907500	29023.564241170883
363	-47.0	-47.0	-40.0	178408430000000.0	240958300000000.0	1847528400000000.0	7573586000000.0	178327500000000.0	0.2	910000	29099.683319568634
364	-46.0	-46.0	-40.0	186778670000000.0	246919770000000.0	1815510500000000.0	5470341300000.0	186657600000000.0	0.2	912500	29175.476672410965
365	-48.0	-48.0	-50.0	198830160000000.0	265024330000000.0	2031584400000000.0	7749676000000.0	198668830000000.0	0.0	915000	29250.776481866837
366	-49.0	-49.0	-45.0	193089260000000.0	259681660000000.0	2443952000000000.0	5741137000000.0	192621230000000.0	0.1	917500	29325.982844352722
367	-47.94	-47.94	-35.0	193959360000000.0	266757650000000.0	2245380400000000.0	8162002300000.0	193362110000000.0	0.3	920000	29400.232233524323
368	-46.0	-46.0	-50.0	192697580000000.0	263283600000000.0	2356960700000000.0	7393616300000.0	192109700000000.0	0.0	922500	29475.46693968773
369	-47.0	-47.0	-50.0	194434230000000.0	261707120000000.0	2271129300000000.0	6764157000000.0	194284600000000.0	0.0	925000	29552.303361177444
370	-46.0	-46.0	-50.0	204810670000000.0	272470060000000.0	1944132200000000.0	7160701400000.0	204118320000000.0	0.0	927500	29626.656133174896
371	-46.0	-46.0	-45.0	201371940000000.0	265849500000000.0	2178447800000000.0	6576967500000.0	200802150000000.0	0.1	930000	29700.445784807205
372	-47.0	-47.0	-50.0	196646800000000.0	268959680000000.0	2405650400000000.0	7094999000000.0	196143770000000.0	0.0	932500	29776.086435317993
373	-44.0	-44.0	-45.0	193973040000000.0	262444750000000.0	2833366800000000.0	8833260000000.0	193604960000000.0	0.1	935000	29851.703457593918
374	-46.84	-46.84	-45.0	189057280000000.0	253902510000000.0	2036304100000000.0	7296373000000.0	189074220000000.0	0.1	937500	29929.319367408752
375	-44.76	-44.76	-50.0	201360870000000.0	282146840000000.0	3660870000000000.0	7514808600000.0	200986530000000.0	0.0	940000	30004.161425113678
376	-47.0	-47.0	-50.0	189255030000000.0	262426210000000.0	2053760200000000.0	7652426400000.0	189033400000000.0	0.0	942500	30077.291683912277
377	-47.0	-47.0	-45.0	203322230000000.0	276416680000000.0	2585207700000000.0	7541694700000.0	202998730000000.0	0.1	945000	30151.078012228012
378	-47.0	-47.0	-50.0	193664450000000.0	259129290000000.0	2393753900000000.0	8394509400000.0	193435980000000.0	0.0	947500	30227.979393720627
379	-47.0	-47.0	-45.0	192864320000000.0	260616520000000.0	2289415100000000.0	9030055000000.0	192717060000000.0	0.1	950000	30300.749389886856
380	-45.0	-45.0	-50.0	196436350000000.0	266000680000000.0	2729099500000000.0	9007167000000.0	195852190000000.0	0.0	952500	30372.38810801506
381	-45.0	-45.0	-45.0	189621600000000.0	258289250000000.0	2429604500000000.0	9231671000000.0	189713500000000.0	0.1	955000	30445.63798046112
382	-47.0	-47.0	-45.0	209933070000000.0	288386000000000.0	2261664500000000.0	11669463000000.0	210187760000000.0	0.1	957500	30517.970093250275
383	-48.0	-48.0	-39.899998	205114030000000.0	276071140000000.0	2031508100000000.0	10633718000000.0	205349920000000.0	0.2	960000	30588.10563969612
384	-46.0	-46.0	-45.0	218538820000000.0	290670370000000.0	2481571000000000.0	10741336000000.0	217927400000000.0	0.1	962500	30659.643723726273
385	-49.0	-49.0	-50.0	221830680000000.0	278525190000000.0	2321231400000000.0	13763290000000.0	222222060000000.0	0.0	965000	30729.131771326065
386	-48.0	-48.0	-40.0	242208810000000.0	313406850000000.0	2954511200000000.0	17530500000000.0	242148330000000.0	0.2	967500	30800.449860334396
387	-49.0	-49.0	-50.0	244295300000000.0	315750930000000.0	2999589300000000.0	16363095000000.0	244773540000000.0	0.0	970000	30871.48723244667
388	-48.96	-48.96	-36.8	258456600000000.0	323782650000000.0	2428008400000000.0	21250466000000.0	259234810000000.0	0.2	972500	30945.96254181862
389	-49.0	-49.0	-50.0	248334150000000.0	298709200000000.0	2343134700000000.0	24785218000000.0	248216040000000.0	0.0	975000	31018.486875534058
390	-47.0	-47.0	-40.0	279183400000000.0	345824660000000.0	3272590900000000.0	26594586000000.0	280110280000000.0	0.2	977500	31091.906251192093
391	-47.0	-47.0	-45.0	287319020000000.0	323673870000000.0	2523187000000000.0	40432587000000.0	287967160000000.0	0.1	980000	31166.963306188583
392	-46.0	-46.0	-45.0	288879900000000.0	317932500000000.0	2344365000000000.0	29694955000000.0	289738900000000.0	0.1	982500	31240.772881269455
393	-50.0	-50.0	-50.0	308952870000000.0	314110350000000.0	2957485000000000.0	33986790000000.0	309955900000000.0	0.0	985000	31313.17620754242
394	-46.0	-46.0	-50.0	328053600000000.0	316263470000000.0	3462232700000000.0	60973640000000.0	329013350000000.0	0.0	987500	31382.938446998596
395	-45.0	-45.0	-50.0	313740580000000.0	308542600000000.0	2957532700000000.0	57868863000000.0	314275300000000.0	0.0	990000	31458.531532764435
396	-48.0	-48.0	-50.0	336805560000000.0	334585670000000.0	2928243000000000.0	55078887000000.0	338278440000000.0	0.0	992500	31532.00199365616
397	-46.0	-46.0	-40.0	332077070000000.0	328703540000000.0	3231574700000000.0	42072845000000.0	334030680000000.0	0.2	995000	31605.05466079712
398	-50.0	-50.0	-50.0	342275140000000.0	359256260000000.0	3891980400000000.0	55468513000000.0	344549320000000.0	0.0	997500	31677.006948947906
399	-48.0	-48.0	-50.0	321415700000000.0	339899200000000.0	3498613800000000.0	39192030000000.0	323350370000000.0	0.0	1000000	31750.417129039764
400	-46.52	-46.52	-45.0	332609380000000.0	339094400000000.0	3062875400000000.0	43153046000000.0	333591420000000.0	0.1	1002500	31825.19604730606
401	-47.74	-47.74	-50.0	311395360000000.0	331876100000000.0	2902020800000000.0	49715656000000.0	312754750000000.0	0.0	1005000	31896.950157880783
402	-45.0	-45.0	-50.0	338754700000000.0	355490300000000.0	2506987700000000.0	24756946000000.0	340616200000000.0	0.0	1007500	31966.708585500717
403	-44.46	-44.46	-45.0	347692940000000.0	378374670000000.0	3506828400000000.0	48009100000000.0	350307130000000.0	0.1	1010000	32036.85600209236
404	-49.0	-49.0	-40.0	354317900000000.0	401744460000000.0	3540323300000000.0	46274120000000.0	356602200000000.0	0.2	1012500	32105.206188440323
405	-47.0	-47.0	-40.0	339763050000000.0	388929500000000.0	3183843000000000.0	44448490000000.0	341486600000000.0	0.2	1015000	32170.13300061226
406	-46.9	-46.9	-45.0	325277130000000.0	389544340000000.0	3035530000000000.0	30542300000000.0	327635980000000.0	0.1	1017500	32235.667615413666
407	-48.0	-48.0	-45.0	352282280000000.0	430287000000000.0	3644925600000000.0	19234675000000.0	353385080000000.0	0.1	1020000	32305.117728948593
408	-48.0	-48.0	-50.0	352412270000000.0	430846200000000.0	3785134500000000.0	34612550000000.0	353788070000000.0	0.0	1022500	32377.885699748993
409	-45.0	-45.0	-45.0	347832660000000.0	455331160000000.0	3762583000000000.0	34579918000000.0	349548700000000.0	0.1	1025000	32446.721190214157
410	-44.56	-44.56	-50.0	379195820000000.0	529548760000000.0	6038509300000000.0	19320750000000.0	380022700000000.0	0.0	1027500	32518.70487833023
411	-47.0	-47.0	-45.0	372317200000000.0	512497500000000.0	5264865400000000.0	24789062000000.0	374253280000000.0	0.1	1030000	32585.065403223038
412	-42.5	-42.5	-45.0	372311500000000.0	534698560000000.0	5157368000000000.0	31083910000000.0	374047530000000.0	0.1	1032500	32652.190672159195
413	-49.0	-49.0	-45.0	380244020000000.0	566221600000000.0	5055067000000000.0	28737976000000.0	381600500000000.0	0.1	1035000	32717.991731882095
414	-46.78	-46.78	-50.0	364450720000000.0	541105080000000.0	4648509700000000.0	25680180000000.0	365072400000000.0	0.0	1037500	32783.82042217255
415	-47.9	-47.9	-50.0	353393330000000.0	517287440000000.0	4913871500000000.0	20569700000000.0	355018200000000.0	0.0	1040000	32846.46955919266
416	-43.56	-43.56	-50.0	356579360000000.0	550700270000000.0	5237631000000000.0	18008536000000.0	357673870000000.0	0.0	1042500	32907.3453669548
417	-47.74	-47.74	-45.0	359114030000000.0	539983860000000.0	4014183800000000.0	16242200000000.0	360550660000000.0	0.1	1045000	32970.556013822556
418	-46.88	-46.88	-50.0	321213660000000.0	478756450000000.0	5629785700000000.0	17606268000000.0	323054920000000.0	0.0	1047500	33034.92192554474
419	-49.0	-49.0	-50.0	299550150000000.0	466603400000000.0	4161289700000000.0	14518604000000.0	301587230000000.0	0.0	1050000	33098.12450027466
420	-48.68	-48.68	-50.0	297139100000000.0	448843300000000.0	3401691400000000.0	15200086000000.0	298754400000000.0	0.0	1052500	33159.4982521534
421	-40.98	-40.98	-50.0	281564900000000.0	407850400000000.0	3105124700000000.0	18161156000000.0	283400330000000.0	0.0	1055000	33221.70509624481
422	-48.34	-48.34	-40.0	288901040000000.0	444279800000000.0	3203832500000000.0	12000457000000.0	290113160000000.0	0.2	1057500	33283.7068772316
423	-46.84	-46.84	-50.0	280013480000000.0	453088000000000.0	4302937100000000.0	9920547000000.0	280379780000000.0	0.0	1060000	33346.65361523628
424	-47.0	-47.0	-50.0	267852750000000.0	412726830000000.0	3902234000000000.0	10967375000000.0	268899820000000.0	0.0	1062500	33406.13060450554
425	-47.28	-47.28	-44.5	286211800000000.0	436548500000000.0	3483551600000000.0	10904349000000.0	287551100000000.0	0.1	1065000	33466.52487421036
426	-46.0	-46.0	-49.2	298358800000000.0	454599040000000.0	3622387500000000.0	7218854400000.0	300049870000000.0	0.0	1067500	33526.396842718124
427	-47.0	-47.0	-50.0	309202650000000.0	494333660000000.0	4315553300000000.0	11365897000000.0	310655620000000.0	0.0	1070000	33590.576973199844
428	-49.44	-49.44	-45.0	305031060000000.0	477047650000000.0	3491240700000000.0	11862333000000.0	306182650000000.0	0.1	1072500	33653.09611582756
429	-49.0	-49.0	-40.0	320595850000000.0	499385980000000.0	4394068600000000.0	11933886000000.0	322080200000000.0	0.2	1075000	33714.90649986267
430	-42.0	-42.0	-50.0	319236000000000.0	489064870000000.0	3784411000000000.0	10376830000000.0	321330200000000.0	0.0	1077500	33778.83589363098
431	-47.12	-47.12	-50.0	290781000000000.0	458465180000000.0	3834610400000000.0	9757519000000.0	293188830000000.0	0.0	1080000	33840.93555188179
432	-44.7	-44.7	-49.2	320776380000000.0	479117360000000.0	3837297500000000.0	10907889000000.0	322094130000000.0	0.0	1082500	33902.33528280258
433	-47.36	-47.36	-49.6	293801260000000.0	467342170000000.0	4655865000000000.0	12050584000000.0	294945940000000.0	0.0	1085000	33963.50868844986
434	-45.86	-45.86	-50.0	295471540000000.0	449846120000000.0	4657888000000000.0	8497233700000.0	296717900000000.0	0.0	1087500	34026.64478182793
435	-46.96	-46.96	-45.0	281321820000000.0	415750100000000.0	3156615200000000.0	10188937000000.0	283016430000000.0	0.1	1090000	34088.04648041725
436	-42.9	-42.9	-45.0	328212800000000.0	477373940000000.0	3560517400000000.0	9457540000000.0	328480940000000.0	0.1	1092500	34151.15898656845
437	-47.0	-47.0	-50.0	316846820000000.0	454540050000000.0	4101693200000000.0	9502004000000.0	317543500000000.0	0.0	1095000	34210.82278609276
438	-46.44	-46.44	-50.0	316664380000000.0	447291150000000.0	4508616000000000.0	8777583600000.0	317711300000000.0	0.0	1097500	34271.18018221855
439	-47.5	-47.5	-50.0	315769250000000.0	443194520000000.0	4433444600000000.0	12273683000000.0	316672740000000.0	0.0	1100000	34332.42835330963
440	-48.0	-48.0	-50.0	317812680000000.0	442649130000000.0	3727873500000000.0	13723923000000.0	320043850000000.0	0.0	1102500	34394.4348089695
441	-49.0	-49.0	-45.0	305752600000000.0	418918660000000.0	3511715300000000.0	9991021000000.0	306425720000000.0	0.1	1105000	34456.467202186584
442	-50.0	-50.0	-45.0	305290900000000.0	407368550000000.0	3794545000000000.0	11735575000000.0	306662100000000.0	0.1	1107500	34519.57210969925
443	-46.0	-46.0	-45.0	303863130000000.0	437793500000000.0	4103022000000000.0	10756107000000.0	304899360000000.0	0.1	1110000	34582.43072795868
444	-50.0	-50.0	-50.0	288525330000000.0	393371100000000.0	3443475000000000.0	9556294000000.0	289141000000000.0	0.0	1112500	34647.12795114517
445	-44.5	-44.5	-45.0	292709870000000.0	399850100000000.0	3508954500000000.0	13426512000000.0	294512700000000.0	0.1	1115000	34709.431205272675
446	-49.0	-49.0	-45.0	303323300000000.0	403535700000000.0	3269047000000000.0	13217449000000.0	303585400000000.0	0.1	1117500	34769.08950662613
447	-48.0	-48.0	-45.0	300403130000000.0	398621050000000.0	3102423500000000.0	12691658000000.0	302564780000000.0	0.1	1120000	34830.537195920944
448	-45.9	-45.9	-50.0	310688200000000.0	414943300000000.0	3815229400000000.0	14745667000000.0	311801570000000.0	0.0	1122500	34890.17341089249
449	-48.0	-48.0	-50.0	305506260000000.0	398960250000000.0	3233671800000000.0	10828448000000.0	306346060000000.0	0.0	1125000	34950.403755664825
450	-46.0	-46.0	-45.0	327320870000000.0	427482420000000.0	3496989200000000.0	12961959000000.0	328450580000000.0	0.1	1127500	35013.72250843048
451	-43.28	-43.28	-50.0	313293270000000.0	407435830000000.0	4066026500000000.0	13131915000000.0	314889420000000.0	0.0	1130000	35077.89171767235
452	-45.64	-45.64	-50.0	290286300000000.0	386786940000000.0	3522769800000000.0	9139008000000.0	290743280000000.0	0.0	1132500	35140.90917134285
453	-48.0	-48.0	-50.0	297302430000000.0	374108560000000.0	3200536600000000.0	10420620000000.0	298097170000000.0	0.0	1135000	35202.02817940712
454	-47.88	-47.88	-45.0	303216640000000.0	380833980000000.0	2780216000000000.0	12724435000000.0	304989350000000.0	0.1	1137500	35264.80281043053
455	-45.3	-45.3	-45.0	295257960000000.0	379039500000000.0	3378167300000000.0	12045971000000.0	296041930000000.0	0.1	1140000	35325.96640205383
456	-47.0	-47.0	-45.0	329714200000000.0	408685330000000.0	3583512000000000.0	13755216000000.0	332062000000000.0	0.1	1142500	35389.759924411774
457	-48.74	-48.74	-40.0	298709900000000.0	382992500000000.0	3737947000000000.0	9896217000000.0	300798340000000.0	0.2	1145000	35452.74424481392
458	-45.66	-45.66	-49.4	303449440000000.0	389881560000000.0	4536447000000000.0	10675616000000.0	302861870000000.0	0.0	1147500	35513.916734457016
459	-45.0	-45.0	-45.0	348184380000000.0	453956940000000.0	3566083000000000.0	10740577000000.0	347914630000000.0	0.1	1150000	35577.000774383545
460	-49.0	-49.0	-50.0	368185900000000.0	476642300000000.0	4248844400000000.0	12085572000000.0	369812150000000.0	0.0	1152500	35639.94540929794
461	-47.0	-47.0	-49.6	368439200000000.0	453907100000000.0	4111459700000000.0	12771366000000.0	369307130000000.0	0.0	1155000	35701.7960729599
462	-48.66	-48.66	-40.0	359626600000000.0	469464100000000.0	4870528300000000.0	11213730000000.0	361079600000000.0	0.2	1157500	35766.18317103386
463	-44.9	-44.9	-50.0	364841800000000.0	457286000000000.0	3008390000000000.0	11649125000000.0	365854370000000.0	0.0	1160000	35825.876812934875
464	-45.0	-45.0	-50.0	423172630000000.0	542888660000000.0	5284475700000000.0	10501065000000.0	423906260000000.0	0.0	1162500	35888.61778998375
465	-42.74	-42.74	-50.0	432713020000000.0	558200700000000.0	6370521000000000.0	12486825000000.0	433578100000000.0	0.0	1165000	35955.13819670677
466	-47.3	-47.3	-45.0	442044100000000.0	566854500000000.0	5439189500000000.0	12955983000000.0	442817170000000.0	0.1	1167500	36011.37595272064
467	-46.5	-46.5	-45.0	434830040000000.0	554444170000000.0	4642665000000000.0	10413173000000.0	435834320000000.0	0.1	1170000	36061.652094841
468	-44.98	-44.98	-45.0	419728560000000.0	534590400000000.0	3748046700000000.0	15632321000000.0	421371420000000.0	0.1	1172500	36111.60397529602
469	-48.0	-48.0	-50.0	387121340000000.0	492676900000000.0	3790638000000000.0	12747157000000.0	388695000000000.0	0.0	1175000	36160.83085536957
470	-46.0	-46.0	-50.0	391443400000000.0	489796830000000.0	3917185500000000.0	18955603000000.0	392700540000000.0	0.0	1177500	36209.949813365936
471	-44.82	-44.82	-50.0	368833840000000.0	477513200000000.0	5696228300000000.0	14355194000000.0	369836400000000.0	0.0	1180000	36258.683896541595
472	-48.42	-48.42	-50.0	330101420000000.0	394340100000000.0	3004013000000000.0	16838119000000.0	331733500000000.0	0.0	1182500	36307.14394259453
473	-46.54	-46.54	-40.0	297189120000000.0	339672660000000.0	3093341000000000.0	15160600000000.0	300208800000000.0	0.2	1185000	36355.49206542969
474	-45.0	-45.0	-40.0	275642780000000.0	307000000000000.0	2908281300000000.0	18821725000000.0	277079880000000.0	0.2	1187500	36401.01548695564
475	-47.96	-47.96	-45.0	281181410000000.0	290558030000000.0	2484757000000000.0	23616058000000.0	282488150000000.0	0.1	1190000	36446.07226371765
476	-48.7	-48.7	-45.0	286992940000000.0	281174200000000.0	2987151000000000.0	18440767000000.0	288702740000000.0	0.1	1192500	36491.681525707245
477	-48.0	-48.0	-35.0	274715000000000.0	270224430000000.0	2614892000000000.0	28637950000000.0	276373550000000.0	0.3	1195000	36535.853721141815
478	-45.68	-45.68	-50.0	262891540000000.0	272624500000000.0	2946025400000000.0	21719432000000.0	263842200000000.0	0.0	1197500	36579.936843156815
479	-48.04	-48.04	-45.0	241363740000000.0	268987140000000.0	3385988500000000.0	16945638000000.0	241873870000000.0	0.1	1200000	36623.20308327675
480	-46.0	-46.0	-45.0	222273670000000.0	267592320000000.0	2445431200000000.0	12949191000000.0	222239460000000.0	0.1	1202500	36664.68954896927
481	-47.68	-47.68	-50.0	215804370000000.0	246072770000000.0	1974056000000000.0	11509545000000.0	216587630000000.0	0.0	1205000	36704.76368379593
482	-48.84	-48.84	-40.0	227333830000000.0	278668940000000.0	1956814000000000.0	12118730000000.0	227868200000000.0	0.2	1207500	36744.51943349838
483	-49.0	-49.0	-45.0	227381730000000.0	276661380000000.0	2280087500000000.0	10551298000000.0	227444520000000.0	0.1	1210000	36785.88607287407
484	-48.0	-48.0	-50.0	226870370000000.0	291080170000000.0	2844145000000000.0	9244370000000.0	227493480000000.0	0.0	1212500	36826.36154675484
485	-47.88	-47.88	-44.5	229415760000000.0	284854600000000.0	2400099000000000.0	13389181000000.0	230072660000000.0	0.1	1215000	36866.87396192551
486	-46.0	-46.0	-45.0	249507840000000.0	317262100000000.0	3624788700000000.0	11416052000000.0	248721570000000.0	0.1	1217500	36907.536650657654
487	-40.62	-40.62	-40.0	245930820000000.0	294792200000000.0	2365051400000000.0	11593660000000.0	245572490000000.0	0.2	1220000	36947.45435118675
488	-47.0	-47.0	-45.0	265630560000000.0	317864020000000.0	2852536600000000.0	16713475000000.0	264434060000000.0	0.1	1222500	36987.74014520645
489	-42.0	-42.0	-44.100002	272104470000000.0	327009200000000.0	3600108000000000.0	19852966000000.0	272424070000000.0	0.1	1225000	37027.88571715355
490	-48.0	-48.0	-40.0	284125470000000.0	321835120000000.0	2541230000000000.0	18676552000000.0	284329800000000.0	0.2	1227500	37068.81695151329
491	-44.0	-44.0	-50.0	293978900000000.0	329311750000000.0	3252438000000000.0	23903657000000.0	294418030000000.0	0.0	1230000	37110.0235812664
492	-48.0	-48.0	-50.0	304591600000000.0	323270400000000.0	2621469000000000.0	29488398000000.0	305344500000000.0	0.0	1232500	37150.47190952301
493	-49.0	-49.0	-40.0	329952800000000.0	364462070000000.0	3494202900000000.0	25907708000000.0	331510040000000.0	0.2	1235000	37191.44188404083
494	-47.0	-47.0	-45.0	336208360000000.0	320714800000000.0	2455176400000000.0	33732535000000.0	336401300000000.0	0.1	1237500	37232.002318143845
495	-44.0	-44.0	-50.0	346151480000000.0	335655400000000.0	2526772500000000.0	38831965000000.0	345663230000000.0	0.0	1240000	37272.555433511734
496	-43.68	-43.68	-50.0	334067150000000.0	347884870000000.0	3223809400000000.0	37401943000000.0	334293950000000.0	0.0	1242500	37312.95146846771
497	-46.0	-46.0	-45.0	324167800000000.0	351835940000000.0	3552507800000000.0	35612824000000.0	323780000000000.0	0.1	1245000	37353.57195663452
498	-48.96	-48.96	-50.0	326183100000000.0	365470650000000.0	2820744000000000.0	34888737000000.0	326616530000000.0	0.0	1247500	37394.09443593025
499	-47.0	-47.0	-45.0	316224380000000.0	368954330000000.0	3451235500000000.0	26117973000000.0	316594560000000.0	0.1	1250000	37434.862681388855
