Epoch	EpRet	EpRealRet	TestEpRet	AverageQ1	StdQ1	MaxQ1	MinQ1	Q2	TestSuccess	TotalEnvInteracts	TotalTime
0	-49.9	-49.9	-50.0	-1.80101	3.5287225	1.3077296	-19.249357	nan	0.0	2500	35.52807807922363
1	-50.0	-50.0	-50.0	-3.7693114	7.522225	1.0021379	-31.033463	nan	0.0	5000	72.0138783454895
2	-50.0	-50.0	-50.0	-5.2847114	10.558957	2.6628313	-58.577744	nan	0.0	7500	121.91281127929688
3	-50.0	-50.0	-50.0	-6.002587	12.081436	2.1784341	-55.386883	nan	0.0	10000	173.81684231758118
4	-50.0	-50.0	-50.0	-6.022045	12.329345	1.6773541	-54.815605	nan	0.0	12500	226.24767470359802
5	-49.9	-49.9	-50.0	-6.427033	13.103265	1.4710228	-56.733376	nan	0.0	15000	279.3323450088501
6	-50.0	-50.0	-50.0	-6.753412	13.59665	1.6294159	-58.008114	nan	0.0	17500	331.5574223995209
7	-49.28	-49.28	-49.9	-6.740273	13.348688	2.404711	-54.43194	nan	0.0	20000	385.1015911102295
8	-49.68	-49.68	-50.0	-6.5870094	12.904296	2.2700171	-56.29478	nan	0.0	22500	438.8294458389282
9	-50.0	-50.0	-50.0	-6.69389	13.038937	1.8974706	-62.44526	nan	0.0	25000	492.22186040878296
10	-49.74	-49.74	-50.0	-6.6313567	12.884854	2.1521564	-55.723972	nan	0.0	27500	545.0612933635712
11	-50.0	-50.0	-49.0	-6.7076387	13.010078	2.1292381	-54.5674	nan	0.0	30000	597.9994015693665
12	-49.74	-49.74	-50.0	-6.738071	13.133955	2.759908	-54.848625	nan	0.0	32500	649.9768624305725
13	-50.0	-50.0	-50.0	-6.79601	13.389954	1.8704209	-55.841145	nan	0.0	35000	703.1615493297577
14	-49.96	-49.96	-50.0	-6.8621635	13.607911	2.1121519	-54.531296	nan	0.0	37500	756.9468429088593
15	-49.5	-49.5	-49.7	-6.5410743	12.764894	2.5171504	-54.283844	nan	0.0	40000	811.2366433143616
16	-49.46	-49.46	-50.0	-6.282269	12.006504	2.3834295	-54.79443	nan	0.0	42500	865.5774145126343
17	-49.12	-49.12	-50.0	-6.407497	12.287423	3.8702555	-57.25684	nan	0.0	45000	918.862868309021
18	-49.96	-49.96	-50.0	-6.568542	12.571977	5.0798435	-54.89086	nan	0.0	47500	971.0721628665924
19	-49.94	-49.94	-49.8	-6.2550406	12.010675	3.1454566	-55.441013	nan	0.0	50000	1025.144690990448
20	-50.0	-50.0	-50.0	-6.377403	12.223168	2.1765785	-63.347664	nan	0.0	52500	1078.9392828941345
21	-50.0	-50.0	-48.9	-6.64429	12.763902	3.9037297	-54.946964	nan	0.0	55000	1130.9548053741455
22	-49.0	-49.0	-50.0	-6.867297	13.253662	2.637206	-57.62284	nan	0.0	57500	1185.0173304080963
23	-49.46	-49.46	-49.8	-7.052738	13.635864	2.3131142	-58.317043	nan	0.0	60000	1238.0699124336243
24	-50.0	-50.0	-50.0	-7.2259283	13.87891	3.1232138	-66.288864	nan	0.0	62500	1292.0785784721375
25	-49.54	-49.54	-50.0	-7.251236	13.849535	3.301279	-59.839813	nan	0.0	65000	1343.799926996231
26	-48.9	-48.9	-50.0	-7.1695304	13.697981	3.9893837	-59.94226	nan	0.0	67500	1397.4913418293
27	-48.74	-48.74	-50.0	-6.840042	12.967083	4.2836556	-56.449364	nan	0.0	70000	1451.1154148578644
28	-49.88	-49.88	-49.7	-6.911479	12.929855	3.4381905	-55.4347	nan	0.0	72500	1503.8506956100464
29	-49.54	-49.54	-49.6	-7.038088	13.276992	16.38828	-56.3593	nan	0.0	75000	1556.9865036010742
30	-49.54	-49.54	-50.0	-6.928222	13.185346	6.1640234	-61.441525	nan	0.0	77500	1610.5423781871796
31	-49.64	-49.64	-50.0	-6.8353677	12.901896	4.297237	-56.443104	nan	0.0	80000	1663.922367811203
32	-49.92	-49.92	-50.0	-6.411462	12.018593	4.4751797	-67.24052	nan	0.0	82500	1717.2354760169983
33	-49.78	-49.78	-49.7	-6.489467	12.140162	7.2588444	-58.451996	nan	0.0	85000	1770.4853644371033
34	-49.66	-49.66	-50.0	-6.58886	12.233873	2.2985582	-56.77865	nan	0.0	87500	1823.2282450199127
35	-49.4	-49.4	-50.0	-6.712542	12.430267	1.573154	-58.798817	nan	0.0	90000	1874.7202742099762
36	-49.46	-49.46	-50.0	-6.819302	12.641695	2.0791237	-56.982067	nan	0.0	92500	1925.9946460723877
37	-49.42	-49.42	-49.6	-6.8478575	12.6953945	2.9699848	-55.191765	nan	0.0	95000	1978.893060207367
38	-49.46	-49.46	-50.0	-6.7475934	12.39012	2.531142	-57.51819	nan	0.0	97500	2032.0126683712006
39	-49.9	-49.9	-50.0	-6.583268	12.135991	9.410752	-57.042896	nan	0.0	100000	2085.2846167087555
40	-49.84	-49.84	-49.1	-6.4886518	12.0468025	2.6432083	-56.155228	nan	0.0	102500	2138.854676246643
41	-49.92	-49.92	-50.0	-6.253296	11.5822935	4.0847754	-67.508705	nan	0.0	105000	2192.663081407547
42	-49.26	-49.26	-50.0	-6.441792	11.618884	3.3871117	-56.937366	nan	0.0	107500	2244.8664350509644
43	-49.06	-49.06	-50.0	-6.8573685	12.389574	2.674156	-57.299946	nan	0.0	110000	2297.6519947052
44	-49.96	-49.96	-50.0	-7.1302066	12.872103	3.171239	-56.81905	nan	0.0	112500	2351.423872232437
45	-49.64	-49.64	-50.0	-7.283616	13.264023	2.6932175	-55.712288	nan	0.0	115000	2405.8851046562195
46	-49.94	-49.94	-50.0	-7.531951	13.681566	5.073366	-59.369812	nan	0.0	117500	2458.361807823181
47	-49.62	-49.62	-49.6	-7.532188	13.670942	8.982264	-69.40873	nan	0.0	120000	2511.2269089221954
48	-49.4	-49.4	-50.0	-7.3187995	13.218595	2.8845634	-58.83532	nan	0.0	122500	2563.9085438251495
49	-47.9	-47.9	-45.3	-7.2489343	13.0336485	4.281951	-59.494938	nan	0.0	125000	2617.4475865364075
50	-49.94	-49.94	-50.0	-7.211825	12.966736	3.652586	-67.55939	nan	0.0	127500	2669.7617790699005
51	-49.32	-49.32	-50.0	-7.2069674	13.017242	2.7511582	-57.201847	nan	0.0	130000	2722.5985922813416
52	-49.14	-49.14	-49.6	-7.393455	13.364698	2.4737792	-56.22437	nan	0.0	132500	2775.5062992572784
53	-48.98	-48.98	-47.8	-7.5246634	13.656544	4.2033434	-55.33346	nan	0.1	135000	2828.568747997284
54	-48.56	-48.56	-49.6	-7.56216	13.694656	4.1825395	-61.747887	nan	0.0	137500	2881.1759326457977
55	-49.26	-49.26	-50.0	-7.482873	13.415501	3.1508255	-61.167683	nan	0.0	140000	2933.7743582725525
56	-49.26	-49.26	-50.0	-7.3252363	13.0675335	4.289079	-72.15189	nan	0.0	142500	2985.5690462589264
57	-48.52	-48.52	-50.0	-7.2070055	12.88126	2.7598162	-54.212997	nan	0.0	145000	3038.010950565338
58	-49.74	-49.74	-45.0	-7.1439414	12.697159	4.026081	-59.28184	nan	0.1	147500	3090.5773622989655
59	-49.48	-49.48	-45.0	-7.0727663	12.302566	4.739077	-55.789505	nan	0.1	150000	3143.9093725681305
60	-49.06	-49.06	-50.0	-6.7556543	11.737552	5.849811	-58.043392	nan	0.0	152500	3197.6930224895477
61	-49.58	-49.58	-45.2	-6.7871723	11.775876	6.3919554	-57.512302	nan	0.1	155000	3252.7385420799255
62	-49.48	-49.48	-50.0	-7.0035696	12.174978	4.8166203	-68.07757	nan	0.0	157500	3305.6566824913025
63	-49.32	-49.32	-48.6	-7.281756	12.620164	4.9165187	-56.79219	nan	0.0	160000	3358.3801171779633
64	-49.9	-49.9	-49.1	-7.410402	12.883967	3.2566638	-57.535034	nan	0.1	162500	3411.0334372520447
65	-48.68	-48.68	-50.0	-7.408446	12.865864	4.859924	-59.75498	nan	0.0	165000	3462.7361249923706
66	-49.44	-49.44	-47.6	-7.2657638	12.618417	6.5038824	-69.38703	nan	0.0	167500	3515.5587482452393
67	-47.98	-47.98	-45.899998	-7.2616134	12.638579	5.4531364	-65.81502	nan	0.0	170000	3569.101669549942
68	-48.88	-48.88	-49.7	-7.276162	12.7422285	7.0067773	-60.83719	nan	0.0	172500	3621.6109511852264
69	-49.7	-49.7	-48.5	-7.352875	12.872621	4.6358786	-56.51446	nan	0.2	175000	3674.8613328933716
70	-49.42	-49.42	-50.0	-7.418034	13.01748	5.5591393	-63.35126	nan	0.0	177500	3727.5686399936676
71	-49.24	-49.24	-49.9	-7.604143	13.369004	6.912876	-57.90072	nan	0.0	180000	3779.6429522037506
72	-49.68	-49.68	-49.1	-7.548849	13.221023	4.7524137	-73.880035	nan	0.0	182500	3831.771039247513
73	-47.64	-47.64	-48.3	-7.139156	12.240203	5.469305	-56.08991	nan	0.0	185000	3884.906049966812
74	-48.5	-48.5	-49.9	-6.9735436	11.859588	4.0817175	-55.622734	nan	0.0	187500	3939.2177000045776
75	-48.84	-48.84	-49.4	-6.784545	11.4212885	4.141555	-56.259315	nan	0.0	190000	3992.102641105652
76	-48.42	-48.42	-47.1	-6.850699	11.501252	5.1742954	-57.8406	nan	0.1	192500	4044.512795686722
77	-49.38	-49.38	-48.9	-7.008917	11.832491	5.7908363	-66.687675	nan	0.0	195000	4096.730272769928
78	-48.94	-48.94	-49.2	-7.2614465	12.325383	3.1797867	-59.288143	nan	0.1	197500	4149.527567625046
79	-48.66	-48.66	-49.0	-7.347457	12.540513	4.8919525	-63.974995	nan	0.0	200000	4202.078586101532
80	-48.88	-48.88	-47.7	-7.4559674	12.732181	5.991887	-58.169827	nan	0.0	202500	4254.317826032639
81	-49.48	-49.48	-49.8	-7.5693383	12.948582	4.088256	-60.881847	nan	0.0	205000	4305.566469669342
82	-48.7	-48.7	-49.3	-7.672395	13.113371	7.7692165	-62.64973	nan	0.0	207500	4357.481971502304
83	-49.58	-49.58	-49.6	-7.823046	13.315673	5.3353586	-60.12798	nan	0.0	210000	4410.22164106369
84	-47.98	-47.98	-41.100002	-7.795765	13.268938	9.222963	-62.746037	nan	0.2	212500	4463.8086540699005
85	-49.3	-49.3	-48.6	-7.7549376	13.110189	5.242037	-77.13444	nan	0.0	215000	4516.66313958168
86	-48.54	-48.54	-49.4	-7.814288	13.073436	6.953989	-83.52027	nan	0.0	217500	4570.161078214645
87	-49.14	-49.14	-48.3	-7.7931757	12.976154	9.300813	-61.1134	nan	0.0	220000	4622.852811098099
88	-49.36	-49.36	-50.0	-7.755009	12.855602	13.748887	-64.89803	nan	0.0	222500	4677.18151974678
89	-48.38	-48.38	-47.7	-7.746619	12.744489	9.733216	-62.392525	nan	0.0	225000	4729.4918820858
90	-49.6	-49.6	-46.6	-7.8398094	12.886409	7.1773806	-57.80622	nan	0.1	227500	4782.115922927856
91	-48.98	-48.98	-49.9	-7.861564	12.854793	8.938423	-59.60869	nan	0.0	230000	4835.280678987503
92	-49.02	-49.02	-49.3	-7.7249236	12.520689	5.5174675	-72.83231	nan	0.0	232500	4888.74574971199
93	-47.9	-47.9	-49.6	-7.7170386	12.44672	7.5365953	-60.122265	nan	0.0	235000	4940.845131397247
94	-49.02	-49.02	-50.0	-7.840784	12.63236	7.0388393	-68.882645	nan	0.0	237500	4993.01958155632
95	-48.92	-48.92	-50.0	-7.932712	12.720808	8.738287	-61.280064	nan	0.0	240000	5046.051971912384
96	-49.4	-49.4	-46.3	-7.9645677	12.752937	4.127407	-69.62033	nan	0.1	242500	5099.010945558548
97	-47.54	-47.54	-46.399998	-7.9174123	12.635141	7.4535246	-58.866505	nan	0.2	245000	5151.632091999054
98	-48.78	-48.78	-46.0	-7.7758865	12.3245535	4.987815	-57.27926	nan	0.0	247500	5204.357280015945
99	-47.74	-47.74	-48.4	-7.823873	12.286814	6.221632	-62.9326	nan	0.0	250000	5257.881838083267
100	-48.48	-48.48	-49.7	-7.863905	12.290916	5.302821	-73.093094	nan	0.0	252500	5311.010275840759
101	-48.62	-48.62	-47.0	-7.737847	11.930515	5.881941	-60.9683	nan	0.1	255000	5364.049559354782
102	-49.3	-49.3	-49.3	-7.7002783	11.809085	6.058524	-67.41414	nan	0.0	257500	5418.083352565765
103	-48.76	-48.76	-50.0	-7.7529607	11.831913	9.318477	-58.721836	nan	0.0	260000	5470.830073356628
104	-49.6	-49.6	-46.9	-7.698993	11.684889	9.962295	-71.07251	nan	0.1	262500	5524.935807228088
105	-47.82	-47.82	-46.5	-7.5972853	11.417898	11.166906	-61.013107	nan	0.0	265000	5578.42441701889
106	-49.22	-49.22	-48.8	-7.13537	10.746642	9.1389065	-62.45468	nan	0.0	267500	5632.784473657608
107	-49.88	-49.88	-49.6	-6.78821	10.301885	17.13729	-64.93261	nan	0.0	270000	5686.893925666809
108	-49.82	-49.82	-46.3	-6.577231	9.881897	5.982581	-59.035416	nan	0.1	272500	5741.770271062851
109	-49.88	-49.88	-50.0	-6.269268	9.456424	6.9404144	-61.141357	nan	0.0	275000	5794.84006023407
110	-49.84	-49.84	-50.0	-6.2576547	9.504793	8.385511	-62.194633	nan	0.0	277500	5846.924471616745
111	-49.66	-49.66	-49.4	-6.786467	9.9899435	9.675543	-66.470375	nan	0.0	280000	5900.02140879631
112	-47.66	-47.66	-48.2	-7.296545	10.678503	8.972908	-71.87774	nan	0.1	282500	5952.082518577576
113	-49.24	-49.24	-47.3	-7.492126	11.012489	9.91635	-61.26194	nan	0.0	285000	6005.029581546783
114	-48.6	-48.6	-49.5	-7.5651245	11.114258	7.993907	-74.47724	nan	0.0	287500	6057.6301119327545
115	-48.92	-48.92	-49.8	-7.563579	11.128245	5.1479235	-58.898907	nan	0.0	290000	6109.609412431717
116	-48.44	-48.44	-45.600002	-7.570071	11.196074	5.3141136	-65.02154	nan	0.1	292500	6160.968088150024
117	-48.64	-48.64	-48.6	-7.691081	11.318397	6.9590607	-63.665424	nan	0.0	295000	6213.222270011902
118	-48.68	-48.68	-47.2	-7.8141336	11.503884	6.8334246	-62.37201	nan	0.0	297500	6266.700810432434
119	-48.3	-48.3	-49.3	-7.8663054	11.494433	18.021177	-59.883373	nan	0.0	300000	6320.654952287674
120	-47.88	-47.88	-43.899998	-7.8447843	11.337109	5.340618	-80.83168	nan	0.1	302500	6372.622070550919
121	-48.06	-48.06	-47.0	-8.063116	11.608797	8.53881	-58.61661	nan	0.1	305000	6425.147964477539
122	-47.94	-47.94	-49.6	-8.111989	11.701963	9.35686	-60.311832	nan	0.0	307500	6477.221582889557
123	-47.88	-47.88	-48.1	-8.078276	11.614729	7.269513	-60.384407	nan	0.0	310000	6528.82888841629
124	-47.52	-47.52	-43.8	-7.9706235	11.405443	16.040203	-63.976345	nan	0.2	312500	6581.42495059967
125	-49.82	-49.82	-45.7	-7.8076887	11.002196	11.167423	-55.603996	nan	0.1	315000	6634.071632862091
126	-48.8	-48.8	-47.7	-7.6092315	10.567457	7.602046	-56.796738	nan	0.1	317500	6686.186988592148
127	-48.58	-48.58	-46.9	-7.4659953	10.279479	8.083103	-55.28232	nan	0.1	320000	6739.760882139206
128	-49.5	-49.5	-49.1	-7.3456125	10.193279	7.916355	-60.15115	nan	0.0	322500	6791.194769620895
129	-47.2	-47.2	-47.4	-7.464057	10.421335	7.3075104	-62.18975	nan	0.2	325000	6844.759166955948
130	-49.14	-49.14	-48.6	-7.7469845	10.805237	11.711987	-64.33562	nan	0.0	327500	6897.138892889023
131	-49.64	-49.64	-47.1	-7.705995	10.786261	10.91811	-61.502018	nan	0.1	330000	6950.637722492218
132	-47.62	-47.62	-49.2	-7.8060317	10.9785	13.594845	-60.547203	nan	0.0	332500	7002.613846063614
133	-48.76	-48.76	-46.100002	-8.061086	11.330282	11.924496	-58.763145	nan	0.1	335000	7054.250830173492
134	-48.06	-48.06	-47.6	-8.151206	11.404818	12.286804	-65.77016	nan	0.0	337500	7105.843637228012
135	-48.34	-48.34	-48.6	-8.127003	11.304607	10.573334	-67.81286	nan	0.1	340000	7157.7106211185455
136	-49.2	-49.2	-47.5	-8.05425	11.136222	10.11059	-67.56303	nan	0.0	342500	7209.414987325668
137	-47.36	-47.36	-49.2	-8.004399	10.95806	8.667898	-60.864845	nan	0.0	345000	7261.148782968521
138	-48.58	-48.58	-45.7	-8.0719	11.043044	8.638662	-60.20609	nan	0.0	347500	7312.719673395157
139	-47.5	-47.5	-50.0	-8.22177	11.262945	8.721172	-55.87939	nan	0.0	350000	7365.62863278389
140	-48.32	-48.32	-50.0	-8.451593	11.640605	10.163855	-62.517677	nan	0.0	352500	7418.612764120102
141	-48.1	-48.1	-47.7	-8.604248	11.90075	11.553419	-62.369324	nan	0.0	355000	7470.82382941246
142	-48.08	-48.08	-47.3	-8.649838	11.99251	12.529148	-57.382328	nan	0.0	357500	7522.929329633713
143	-47.38	-47.38	-43.0	-8.682868	12.003741	8.935411	-59.57738	nan	0.2	360000	7574.905410766602
144	-48.28	-48.28	-49.2	-8.695692	12.055302	12.662405	-72.236275	nan	0.1	362500	7627.939111471176
145	-47.08	-47.08	-48.0	-8.552304	11.877977	24.81307	-62.797775	nan	0.0	365000	7680.8997411727905
146	-47.88	-47.88	-47.8	-8.452449	11.674832	10.370373	-61.894615	nan	0.0	367500	7734.024657487869
147	-48.82	-48.82	-49.2	-8.3983345	11.58098	13.784975	-62.98407	nan	0.0	370000	7787.250987768173
148	-48.52	-48.52	-49.4	-8.298874	11.44951	8.207394	-62.2357	nan	0.0	372500	7840.197677373886
149	-47.5	-47.5	-48.7	-8.123748	11.225205	10.83115	-65.97554	nan	0.0	375000	7893.389745950699
150	-48.56	-48.56	-44.0	-8.078554	11.229789	12.641888	-63.687263	nan	0.2	377500	7947.49524140358
151	-47.64	-47.64	-49.3	-8.191152	11.305672	16.429073	-61.021454	nan	0.0	380000	8000.767457723618
152	-49.18	-49.18	-49.6	-8.165943	11.22122	8.895111	-63.799194	nan	0.0	382500	8054.156603097916
153	-48.92	-48.92	-49.2	-7.6692414	10.358075	8.52779	-61.328537	nan	0.1	385000	8108.173920869827
154	-48.88	-48.88	-50.0	-7.439576	9.838061	13.058058	-65.853905	nan	0.0	387500	8162.704467535019
155	-48.76	-48.76	-50.0	-7.4793286	9.733537	19.065939	-57.377113	nan	0.0	390000	8216.53973698616
156	-46.84	-46.84	-49.3	-7.617409	9.981939	17.79095	-63.151176	nan	0.0	392500	8269.994532585144
157	-47.66	-47.66	-44.5	-7.8834834	10.3760395	11.157938	-64.30548	nan	0.0	395000	8321.78245639801
158	-48.82	-48.82	-50.0	-8.072065	10.677558	11.354218	-64.670265	nan	0.0	397500	8374.580153465271
159	-47.0	-47.0	-49.0	-8.152732	10.8608055	17.475664	-59.640446	nan	0.0	400000	8426.157306194305
160	-48.7	-48.7	-46.0	-8.125328	10.839393	14.143284	-57.660828	nan	0.2	402500	8478.718435764313
161	-47.96	-47.96	-49.2	-8.2133875	10.948062	10.084269	-60.02285	nan	0.0	405000	8531.659758329391
162	-48.52	-48.52	-43.0	-8.00182	10.685835	10.226746	-57.789845	nan	0.1	407500	8584.789080142975
163	-48.5	-48.5	-44.2	-7.422411	9.79321	10.083197	-57.321083	nan	0.2	410000	8639.98987197876
164	-49.1	-49.1	-46.3	-7.1373534	9.402249	15.149698	-62.585613	nan	0.0	412500	8694.213334083557
165	-47.88	-47.88	-45.5	-7.3786454	9.616254	17.662506	-58.173317	nan	0.2	415000	8748.1139960289
166	-47.8	-47.8	-50.0	-7.513569	9.846262	8.653906	-59.91886	nan	0.0	417500	8804.037069320679
167	-47.32	-47.32	-46.8	-7.623024	9.998703	13.808836	-61.978947	nan	0.0	420000	8856.273643493652
168	-49.14	-49.14	-49.0	-7.417795	9.697939	8.940075	-70.56705	nan	0.0	422500	8910.28994846344
169	-48.82	-48.82	-46.2	-7.242992	9.2611885	7.999504	-56.911873	nan	0.1	425000	8963.302027702332
170	-47.88	-47.88	-49.2	-7.478821	9.593481	8.952919	-72.046616	nan	0.0	427500	9016.122408390045
171	-49.38	-49.38	-49.9	-7.7547307	10.147236	12.773607	-62.16237	nan	0.0	430000	9069.953071832657
172	-48.02	-48.02	-50.0	-8.07345	10.759207	10.802248	-73.55613	nan	0.0	432500	9126.234755039215
173	-48.1	-48.1	-45.399998	-8.352648	11.314722	7.6631985	-69.69464	nan	0.1	435000	9179.289690732956
174	-48.9	-48.9	-42.2	-8.503459	11.627841	21.125895	-60.644844	nan	0.1	437500	9232.250237703323
175	-48.94	-48.94	-47.0	-8.327668	11.465265	8.133911	-67.16124	nan	0.1	440000	9284.913203239441
176	-48.0	-48.0	-43.100002	-8.290842	11.431179	25.106586	-76.63426	nan	0.2	442500	9337.486320495605
177	-47.38	-47.38	-46.7	-8.385158	11.588506	6.822813	-62.066193	nan	0.3	445000	9390.4378824234
178	-47.82	-47.82	-46.2	-8.364006	11.477421	7.755039	-58.42488	nan	0.2	447500	9443.639937877655
179	-48.64	-48.64	-45.7	-8.080308	10.991857	18.204632	-58.71295	nan	0.1	450000	9496.750804424286
180	-49.62	-49.62	-48.9	-7.583194	10.210254	13.117413	-60.65586	nan	0.0	452500	9548.544811487198
181	-48.18	-48.18	-50.0	-7.473486	10.013681	9.268578	-57.678864	nan	0.0	455000	9602.315403938293
182	-48.54	-48.54	-49.4	-7.241598	9.69258	7.4507084	-62.833694	nan	0.0	457500	9655.594561100006
183	-49.14	-49.14	-47.1	-6.9581137	9.22193	8.721552	-57.877083	nan	0.0	460000	9709.589150428772
184	-48.28	-48.28	-46.399998	-7.012368	9.309903	7.2690697	-61.578354	nan	0.1	462500	9762.972914457321
185	-48.68	-48.68	-50.0	-7.2734056	9.729694	19.176302	-59.14702	nan	0.0	465000	9815.306189060211
186	-49.14	-49.14	-46.2	-7.5118666	10.136388	8.707998	-65.44186	nan	0.1	467500	9867.452071428299
187	-48.14	-48.14	-46.6	-7.688664	10.468961	7.1443005	-57.44671	nan	0.0	470000	9920.355228424072
188	-47.58	-47.58	-47.0	-7.705215	10.5860615	9.394714	-58.427383	nan	0.0	472500	9973.791467905045
189	-47.8	-47.8	-47.5	-7.679222	10.635353	7.59828	-62.478516	nan	0.1	475000	10026.972378492355
190	-47.72	-47.72	-42.399998	-7.751332	10.656774	7.3329277	-55.5373	nan	0.3	477500	10080.915868520737
191	-49.64	-49.64	-49.6	-7.7890806	10.65244	14.783367	-60.766148	nan	0.0	480000	10133.558957576752
192	-48.48	-48.48	-49.7	-7.7344265	10.410498	21.760101	-58.981277	nan	0.0	482500	10185.992965459824
193	-48.4	-48.4	-50.0	-7.461465	9.925186	10.494614	-57.189224	nan	0.0	485000	10239.127721071243
194	-46.68	-46.68	-47.6	-7.4516435	9.879643	6.5519695	-59.567303	nan	0.1	487500	10292.719322681427
195	-48.48	-48.48	-46.9	-7.493922	10.012503	7.097557	-63.438843	nan	0.1	490000	10347.04809808731
196	-46.02	-46.02	-46.2	-7.602265	10.179433	7.777315	-59.222717	nan	0.1	492500	10400.174153804779
197	-47.22	-47.22	-36.3	-7.7202578	10.40507	8.940966	-66.68433	nan	0.3	495000	10454.340191602707
198	-48.76	-48.76	-50.0	-7.7921715	10.526999	16.002754	-67.509125	nan	0.0	497500	10508.402836322784
199	-47.02	-47.02	-50.0	-7.9122868	10.692664	9.620829	-62.026806	nan	0.0	500000	10562.006362915039
200	-46.32	-46.32	-46.9	-8.011055	10.901435	11.557299	-57.580772	nan	0.1	502500	10614.787146568298
201	-46.98	-46.98	-48.9	-8.072282	11.044507	11.741276	-65.36792	nan	0.0	505000	10669.223772525787
202	-47.3	-47.3	-37.399998	-8.145918	11.205103	10.012259	-58.331154	nan	0.4	507500	10721.759493350983
203	-47.98	-47.98	-50.0	-8.1255455	11.273385	12.268589	-68.716805	nan	0.0	510000	10774.9833984375
204	-48.02	-48.02	-44.600002	-8.04768	11.211542	7.022434	-65.07155	nan	0.2	512500	10828.295654773712
205	-48.26	-48.26	-50.0	-8.007831	11.244096	11.863804	-61.233257	nan	0.0	515000	10881.895063877106
206	-48.06	-48.06	-48.0	-8.042415	11.265561	12.238539	-59.369164	nan	0.1	517500	10934.166244983673
207	-45.94	-45.94	-48.8	-8.059395	11.418845	15.4587555	-62.532745	nan	0.1	520000	10987.111896276474
208	-48.02	-48.02	-43.5	-8.166457	11.562445	9.916985	-62.393494	nan	0.2	522500	11038.509795188904
209	-48.58	-48.58	-47.9	-8.164725	11.4986105	12.885773	-59.64353	nan	0.1	525000	11091.513057470322
210	-48.5	-48.5	-41.7	-8.2164545	11.502938	8.3347225	-78.18	nan	0.3	527500	11144.55988073349
211	-46.96	-46.96	-48.7	-8.263708	11.546387	14.209299	-79.722984	nan	0.1	530000	11198.06190419197
212	-48.58	-48.58	-43.399998	-8.085342	11.238003	9.990961	-58.967255	nan	0.1	532500	11251.161120891571
213	-46.56	-46.56	-48.1	-7.7609525	10.685557	10.441744	-64.12268	nan	0.1	535000	11305.226885557175
214	-46.32	-46.32	-50.0	-7.568617	10.429437	9.922302	-58.775406	nan	0.0	537500	11357.462730169296
215	-47.72	-47.72	-47.5	-7.709917	10.637315	7.66461	-57.69976	nan	0.1	540000	11410.546699762344
216	-47.06	-47.06	-44.3	-7.8120036	10.728877	6.4936924	-62.568504	nan	0.2	542500	11462.549712181091
217	-47.72	-47.72	-43.600002	-7.7210236	10.586938	13.202255	-62.67108	nan	0.2	545000	11515.81969833374
218	-48.62	-48.62	-42.3	-7.5268345	10.321664	11.079685	-62.041035	nan	0.3	547500	11567.671662807465
219	-47.5	-47.5	-46.7	-7.4216223	10.2358675	8.944809	-65.70211	nan	0.1	550000	11620.790058851242
220	-46.92	-46.92	-42.2	-7.598854	10.45749	10.412167	-62.845104	nan	0.2	552500	11673.870169401169
221	-47.9	-47.9	-42.399998	-7.8472614	10.832347	10.16	-77.30908	nan	0.1	555000	11726.729457616806
222	-48.24	-48.24	-42.600002	-7.9501987	10.98641	6.311075	-73.58845	nan	0.3	557500	11780.570111989975
223	-48.94	-48.94	-43.399998	-7.843843	10.8248625	8.382803	-59.19005	nan	0.1	560000	11834.664110898972
224	-47.92	-47.92	-43.5	-7.7592278	10.666902	6.6548576	-64.047386	nan	0.3	562500	11887.548490047455
225	-47.34	-47.34	-44.0	-7.6775165	10.635543	7.7543297	-68.61453	nan	0.1	565000	11940.809886217117
226	-46.7	-46.7	-40.2	-7.687225	10.6537695	6.3476524	-69.392044	nan	0.2	567500	11993.92610502243
227	-47.04	-47.04	-46.8	-7.682325	10.5935135	5.3813934	-75.216705	nan	0.2	570000	12046.33081126213
228	-47.3	-47.3	-42.100002	-7.8399043	10.866486	15.869389	-88.58426	nan	0.4	572500	12098.60803604126
229	-48.08	-48.08	-45.399998	-8.003748	11.136493	7.9525948	-60.67302	nan	0.4	575000	12150.50021982193
230	-47.56	-47.56	-39.8	-8.104178	11.361206	8.840376	-66.47054	nan	0.3	577500	12203.466153383255
231	-47.1	-47.1	-44.100002	-8.261561	11.648302	10.402206	-75.65001	nan	0.2	580000	12257.350595712662
232	-47.76	-47.76	-45.5	-8.418672	11.867809	14.0260105	-58.61287	nan	0.1	582500	12309.873332738876
233	-48.3	-48.3	-44.8	-8.494077	11.930111	9.352755	-72.58674	nan	0.0	585000	12365.186150312424
234	-47.74	-47.74	-49.3	-8.271483	11.715993	7.715393	-63.99436	nan	0.1	587500	12417.308970689774
235	-49.46	-49.46	-46.100002	-7.9645844	11.419845	12.490246	-65.55606	nan	0.2	590000	12470.007823944092
236	-46.5	-46.5	-46.9	-7.9294176	11.310221	8.8667755	-68.28766	nan	0.1	592500	12523.35003209114
237	-48.64	-48.64	-46.2	-8.071708	11.415264	9.956257	-61.122078	nan	0.1	595000	12576.972609519958
238	-47.9	-47.9	-46.399998	-8.11174	11.481627	10.881025	-65.59943	nan	0.1	597500	12630.185414075851
239	-47.8	-47.8	-38.600002	-8.04363	11.370628	5.5878735	-57.606915	nan	0.3	600000	12681.894632816315
240	-43.48	-43.48	-48.6	-7.7035966	10.710057	6.99708	-62.075783	nan	0.1	602500	12733.993777275085
241	-47.14	-47.14	-43.7	-7.683954	10.5948925	9.175169	-61.84827	nan	0.2	605000	12788.871497154236
242	-47.0	-47.0	-46.9	-7.7628455	10.758789	8.482265	-62.490128	nan	0.0	607500	12843.209221839905
243	-48.86	-48.86	-50.0	-7.2490773	10.251712	10.761019	-67.01062	nan	0.0	610000	12897.524489164352
244	-49.02	-49.02	-46.8	-7.106343	9.787104	11.075981	-67.73371	nan	0.0	612500	12949.45366692543
245	-48.96	-48.96	-45.899998	-7.219826	9.686437	8.567678	-70.4972	nan	0.1	615000	13001.940264225006
246	-46.68	-46.68	-50.0	-7.5839205	10.246387	9.961752	-57.262314	nan	0.0	617500	13055.939676761627
247	-46.42	-46.42	-47.1	-7.916874	10.837479	8.416065	-59.511993	nan	0.1	620000	13110.426748752594
248	-48.86	-48.86	-45.8	-8.251763	11.492947	31.02516	-65.17587	nan	0.2	622500	13164.644860506058
249	-48.3	-48.3	-47.6	-8.548516	12.011854	6.308872	-65.638306	nan	0.0	625000	13217.84160041809
250	-46.9	-46.9	-49.5	-8.667795	12.30519	8.388142	-66.599915	nan	0.1	627500	13270.794750928879
251	-46.7	-46.7	-48.2	-8.746573	12.442164	7.2208424	-58.722733	nan	0.1	630000	13323.958179235458
252	-47.1	-47.1	-45.899998	-8.642522	12.25098	11.664568	-66.409096	nan	0.1	632500	13377.339216947556
253	-48.08	-48.08	-41.100002	-8.193361	11.489494	5.3853703	-74.75363	nan	0.3	635000	13431.056092262268
254	-46.64	-46.64	-49.6	-7.7980227	10.750754	8.995096	-68.81555	nan	0.0	637500	13484.326813936234
255	-48.14	-48.14	-42.0	-7.9057817	10.844994	7.3014774	-67.78951	nan	0.2	640000	13537.996930837631
256	-46.96	-46.96	-41.899998	-8.193414	11.2728615	8.438757	-65.02515	nan	0.4	642500	13592.20270228386
257	-48.82	-48.82	-48.8	-8.397111	11.637358	10.298193	-60.28245	nan	0.1	645000	13645.71246790886
258	-47.06	-47.06	-48.6	-8.505222	11.852939	12.9710865	-66.35176	nan	0.1	647500	13699.380109071732
259	-46.88	-46.88	-47.3	-8.59415	12.021692	8.105848	-70.57039	nan	0.2	650000	13753.221286296844
260	-47.92	-47.92	-48.3	-8.657646	12.162259	11.42127	-65.918915	nan	0.1	652500	13806.248547315598
261	-47.3	-47.3	-50.0	-8.660606	12.234746	15.036287	-60.725822	nan	0.0	655000	13858.064362049103
262	-46.98	-46.98	-45.399998	-8.756032	12.340886	14.121962	-76.172935	nan	0.3	657500	13911.523891925812
263	-46.16	-46.16	-48.2	-8.809641	12.383236	9.938189	-65.87733	nan	0.1	660000	13964.734125614166
264	-47.76	-47.76	-48.3	-8.823692	12.381837	8.829676	-66.61871	nan	0.1	662500	14018.574783802032
265	-46.64	-46.64	-40.7	-8.83393	12.365751	13.313854	-74.421394	nan	0.3	665000	14071.351317882538
266	-48.72	-48.72	-49.3	-8.791745	12.187261	11.965555	-62.595078	nan	0.0	667500	14125.686532974243
267	-47.16	-47.16	-39.399998	-8.637356	11.843533	10.248192	-63.844692	nan	0.6	670000	14178.629125118256
268	-47.72	-47.72	-47.9	-8.397052	11.395737	12.348446	-61.134964	nan	0.2	672500	14231.152086734772
269	-48.06	-48.06	-47.3	-8.416103	11.381059	11.600719	-66.48964	nan	0.1	675000	14283.939431667328
270	-47.72	-47.72	-50.0	-8.4244	11.4267845	8.0513935	-61.17047	nan	0.0	677500	14336.41563630104
271	-47.88	-47.88	-43.8	-8.535144	11.6216545	15.618952	-62.653366	nan	0.2	680000	14389.493630170822
272	-47.78	-47.78	-47.5	-8.665587	11.83169	11.704094	-71.663635	nan	0.1	682500	14442.639859676361
273	-47.38	-47.38	-43.8	-8.737422	11.970555	6.7259846	-61.064728	nan	0.2	685000	14494.411770105362
274	-47.22	-47.22	-48.2	-8.757587	12.052464	6.876913	-61.074726	nan	0.1	687500	14546.65475821495
275	-48.14	-48.14	-45.2	-8.8074875	12.187541	7.7754116	-74.17827	nan	0.2	690000	14599.2871696949
276	-49.02	-49.02	-48.2	-8.868137	12.236701	7.6834736	-68.109955	nan	0.1	692500	14651.820759057999
277	-47.74	-47.74	-45.2	-8.94425	12.333318	8.855822	-65.746635	nan	0.0	695000	14704.235416650772
278	-47.58	-47.58	-49.2	-8.948368	12.368446	7.8679066	-61.05679	nan	0.1	697500	14757.113014221191
279	-47.8	-47.8	-49.5	-8.693191	11.988944	7.0121	-71.03042	nan	0.0	700000	14809.045289516449
280	-47.74	-47.74	-47.4	-8.347589	11.384608	7.0987644	-67.19633	nan	0.1	702500	14863.100269556046
281	-47.3	-47.3	-45.0	-8.32258	11.218845	6.8060074	-76.25685	nan	0.1	705000	14916.610709190369
282	-46.58	-46.58	-47.8	-8.413481	11.265199	9.471733	-62.96355	nan	0.0	707500	14970.933003902435
283	-47.6	-47.6	-48.1	-8.527959	11.467227	7.287592	-68.56984	nan	0.1	710000	15024.774727344513
284	-45.88	-45.88	-47.0	-8.693698	11.711437	8.817404	-62.812508	nan	0.1	712500	15077.90018248558
285	-48.02	-48.02	-48.3	-8.896181	12.06504	7.153801	-74.39462	nan	0.0	715000	15131.093904972076
286	-48.68	-48.68	-50.0	-8.974602	12.209816	7.490019	-64.51088	nan	0.0	717500	15184.255271911621
287	-46.88	-46.88	-49.7	-8.626213	11.559768	7.777794	-60.247986	nan	0.0	720000	15238.139388799667
288	-47.2	-47.2	-49.6	-8.560125	11.440224	38.516327	-61.40296	nan	0.0	722500	15291.134210586548
289	-47.98	-47.98	-49.2	-8.587556	11.41888	23.732912	-75.84091	nan	0.0	725000	15344.204222202301
290	-47.48	-47.48	-49.5	-8.662189	11.566545	30.845728	-60.85215	nan	0.1	727500	15398.263299703598
291	-45.1	-45.1	-48.8	-8.859066	11.944917	24.840277	-92.70823	nan	0.1	730000	15452.056602239609
292	-47.92	-47.92	-47.3	-8.933678	12.057939	20.349276	-70.66866	nan	0.2	732500	15505.423012256622
293	-46.76	-46.76	-47.7	-9.002492	12.082869	12.502712	-69.40772	nan	0.1	735000	15558.75304722786
294	-46.58	-46.58	-48.5	-8.840157	11.758185	18.445501	-82.747536	nan	0.0	737500	15611.662360429764
295	-47.52	-47.52	-40.5	-8.544205	11.195134	12.201437	-65.3881	nan	0.2	740000	15664.81825876236
296	-47.56	-47.56	-47.3	-8.32246	10.837186	16.44837	-59.255005	nan	0.1	742500	15717.322082519531
297	-45.52	-45.52	-48.7	-8.365731	10.838338	9.198164	-61.813164	nan	0.1	745000	15770.899699687958
298	-46.74	-46.74	-42.0	-8.492377	11.097304	19.844927	-85.385445	nan	0.2	747500	15823.692262887955
299	-48.5	-48.5	-46.2	-8.761545	11.497881	18.451426	-64.08902	nan	0.2	750000	15877.039190530777
300	-45.88	-45.88	-45.100002	-8.771583	11.540105	11.820635	-61.027573	nan	0.1	752500	15931.60523557663
301	-46.32	-46.32	-41.0	-8.605138	11.29238	20.504774	-65.02475	nan	0.3	755000	15984.477698087692
302	-45.32	-45.32	-44.5	-8.272909	10.771934	26.055338	-65.50576	nan	0.2	757500	16037.52421784401
303	-48.28	-48.28	-44.2	-8.277943	10.6712055	8.537712	-57.630238	nan	0.3	760000	16090.582287788391
304	-47.9	-47.9	-38.5	-8.6361265	11.256271	11.936098	-70.57677	nan	0.4	762500	16143.542829036713
305	-47.38	-47.38	-49.1	-8.894869	11.750959	9.173111	-63.698242	nan	0.0	765000	16196.33227276802
306	-48.18	-48.18	-40.0	-9.19724	12.292303	11.268028	-63.48755	nan	0.3	767500	16248.933700799942
307	-47.0	-47.0	-43.3	-9.409838	12.71435	9.94026	-69.98735	nan	0.2	770000	16302.352825403214
308	-46.26	-46.26	-38.600002	-9.434146	12.808808	43.17324	-68.33856	nan	0.4	772500	16354.790622711182
309	-48.06	-48.06	-39.100002	-9.286147	12.547676	11.737291	-72.10317	nan	0.3	775000	16408.20431613922
310	-47.82	-47.82	-40.399998	-8.798659	11.644625	11.86532	-71.993805	nan	0.2	777500	16461.362887382507
311	-46.24	-46.24	-44.3	-8.43722	10.948873	16.513895	-76.63225	nan	0.1	780000	16513.89829301834
312	-47.48	-47.48	-44.899998	-8.075576	10.226947	16.120583	-61.915062	nan	0.0	782500	16567.71010327339
313	-46.42	-46.42	-44.7	-7.959273	9.963608	26.547947	-68.04347	nan	0.2	785000	16620.479150772095
314	-46.74	-46.74	-43.2	-8.178882	10.287237	9.159248	-62.597427	nan	0.2	787500	16673.73585677147
315	-46.02	-46.02	-37.3	-8.363385	10.627414	19.22678	-62.187313	nan	0.3	790000	16727.91425061226
316	-48.36	-48.36	-42.600002	-8.43193	10.735512	12.079702	-67.02829	nan	0.2	792500	16780.65483403206
317	-47.36	-47.36	-47.0	-8.504458	10.832718	12.463701	-59.58796	nan	0.1	795000	16833.83746099472
318	-46.06	-46.06	-47.6	-8.579194	10.951715	10.671007	-91.77254	nan	0.0	797500	16886.422481775284
319	-45.78	-45.78	-45.399998	-8.755823	11.214892	9.633339	-60.198112	nan	0.1	800000	16939.96746468544
320	-46.32	-46.32	-43.2	-8.913381	11.495352	6.083597	-69.172844	nan	0.3	802500	16992.908536195755
321	-46.04	-46.04	-46.6	-9.129306	11.846843	10.160137	-63.688316	nan	0.1	805000	17046.08816933632
322	-47.78	-47.78	-49.0	-9.10933	11.800209	8.335035	-61.17174	nan	0.0	807500	17098.797145605087
323	-46.92	-46.92	-50.0	-8.937282	11.441066	9.468229	-93.51508	nan	0.0	810000	17151.41628098488
324	-45.14	-45.14	-45.899998	-9.104862	11.673282	29.324211	-60.229485	nan	0.1	812500	17204.65454339981
325	-45.64	-45.64	-48.2	-9.245365	11.86585	18.3475	-71.49492	nan	0.1	815000	17256.407330274582
326	-47.34	-47.34	-43.899998	-9.405499	12.134663	12.173471	-61.982765	nan	0.1	817500	17309.465179681778
327	-48.06	-48.06	-50.0	-9.522293	12.3782215	15.420671	-66.83332	nan	0.0	820000	17362.12762951851
328	-47.66	-47.66	-42.8	-9.569168	12.47245	14.887125	-62.06561	nan	0.5	822500	17415.276073217392
329	-44.74	-44.74	-36.100002	-9.321457	12.117537	11.785221	-64.26968	nan	0.3	825000	17468.228286981583
330	-45.94	-45.94	-45.2	-8.823712	11.347636	19.62763	-65.33217	nan	0.3	827500	17520.953927993774
331	-45.68	-45.68	-43.5	-8.459122	10.6270075	11.426527	-65.45739	nan	0.1	830000	17573.64912390709
332	-47.02	-47.02	-43.7	-8.455507	10.385374	8.540377	-66.05228	nan	0.1	832500	17626.248807430267
333	-47.04	-47.04	-42.899998	-8.575856	10.638121	11.197016	-68.20407	nan	0.2	835000	17678.789182662964
334	-46.52	-46.52	-39.899998	-8.8791485	11.156874	10.70022	-70.57514	nan	0.5	837500	17731.323485851288
335	-46.56	-46.56	-46.399998	-9.101403	11.524023	11.83086	-61.92613	nan	0.4	840000	17784.86784529686
336	-46.58	-46.58	-45.5	-9.22225	11.821478	13.611576	-62.82501	nan	0.2	842500	17838.03477549553
337	-47.18	-47.18	-45.2	-9.399505	12.128277	8.240404	-62.098175	nan	0.2	845000	17890.419807195663
338	-47.44	-47.44	-46.3	-9.436821	12.307906	12.092577	-100.476105	nan	0.1	847500	17942.56577706337
339	-45.74	-45.74	-38.7	-9.438754	12.405854	10.365063	-67.583855	nan	0.4	850000	17995.85477089882
340	-47.92	-47.92	-43.899998	-9.5197	12.523815	20.499668	-75.30575	nan	0.2	852500	18047.642803430557
341	-46.04	-46.04	-42.8	-9.454263	12.507619	10.742729	-79.1069	nan	0.5	855000	18100.764310836792
342	-46.92	-46.92	-45.100002	-9.416724	12.504815	9.052212	-93.2076	nan	0.2	857500	18152.972258090973
343	-48.14	-48.14	-42.7	-9.455112	12.523089	22.285229	-66.18833	nan	0.2	860000	18205.499448537827
344	-47.82	-47.82	-41.899998	-9.283548	12.307366	16.212732	-62.294777	nan	0.1	862500	18257.8019592762
345	-47.58	-47.58	-46.399998	-9.130765	12.015289	13.624479	-75.364006	nan	0.2	865000	18311.21227836609
346	-48.08	-48.08	-45.899998	-9.136215	11.9911785	17.387983	-60.692486	nan	0.1	867500	18363.96283888817
347	-48.84	-48.84	-45.2	-9.313875	12.2291565	10.605963	-66.06436	nan	0.0	870000	18416.70112323761
348	-47.66	-47.66	-44.2	-9.266246	12.220241	13.389095	-67.24995	nan	0.3	872500	18470.04505610466
349	-48.66	-48.66	-50.0	-8.622968	11.602495	13.856527	-62.997185	nan	0.0	875000	18525.098369836807
350	-48.52	-48.52	-47.5	-7.7922645	10.800393	11.542862	-72.71408	nan	0.1	877500	18578.350731372833
351	-49.58	-49.58	-48.5	-7.39055	10.270492	12.344469	-63.088966	nan	0.0	880000	18631.587010860443
352	-49.5	-49.5	-50.0	-7.346632	10.102444	15.419121	-85.59204	nan	0.0	882500	18684.424448013306
353	-47.76	-47.76	-50.0	-7.719218	10.341201	11.169622	-78.421555	nan	0.0	885000	18738.287297964096
354	-49.9	-49.9	-50.0	-8.059282	10.756467	7.943321	-68.49778	nan	0.0	887500	18790.573759794235
355	-49.02	-49.02	-48.4	-8.4433775	11.238984	12.817066	-64.34208	nan	0.1	890000	18844.015172481537
356	-49.42	-49.42	-40.100002	-8.799466	11.713716	12.733551	-69.58404	nan	0.2	892500	18896.62029671669
357	-47.5	-47.5	-46.5	-9.011487	12.109323	14.119305	-69.522	nan	0.1	895000	18949.59797334671
358	-46.72	-46.72	-50.0	-9.159597	12.296196	11.190254	-78.12777	nan	0.0	897500	19001.98001766205
359	-48.96	-48.96	-39.399998	-9.074377	12.179955	15.434961	-64.75329	nan	0.4	900000	19054.562698364258
360	-46.18	-46.18	-41.8	-8.865097	11.947154	10.787193	-62.37704	nan	0.4	902500	19106.64387011528
361	-48.0	-48.0	-44.600002	-8.678941	11.644367	14.989574	-68.313354	nan	0.1	905000	19159.075972557068
362	-48.88	-48.88	-50.0	-7.9649467	10.773809	11.413879	-64.197464	nan	0.0	907500	19211.31423139572
363	-49.54	-49.54	-50.0	-7.103124	10.005834	31.187225	-61.51678	nan	0.0	910000	19263.03708100319
364	-50.0	-50.0	-50.0	-6.8444533	9.830937	9.468304	-63.899315	nan	0.0	912500	19317.869959831238
365	-48.22	-48.22	-40.0	-7.40472	10.306848	8.575483	-64.2464	nan	0.2	915000	19371.133351802826
366	-49.06	-49.06	-50.0	-8.0667515	10.971415	17.562532	-65.16151	nan	0.0	917500	19423.307416439056
367	-47.92	-47.92	-48.8	-8.510633	11.587336	10.145777	-63.470856	nan	0.1	920000	19475.187969446182
368	-47.6	-47.6	-42.100002	-8.79889	12.046028	7.6426353	-65.29524	nan	0.1	922500	19528.527441501617
369	-46.8	-46.8	-43.8	-8.990832	12.3833275	11.170225	-76.22362	nan	0.2	925000	19581.780019521713
370	-47.96	-47.96	-44.7	-9.129639	12.688875	7.7565823	-71.898224	nan	0.2	927500	19634.294775009155
371	-45.72	-45.72	-46.5	-9.175291	12.775505	9.250994	-64.6726	nan	0.2	930000	19687.208585739136
372	-47.9	-47.9	-45.3	-9.202771	12.862779	8.010462	-70.65679	nan	0.2	932500	19740.19705414772
373	-48.5	-48.5	-38.399998	-9.252604	12.966255	7.244013	-61.685417	nan	0.5	935000	19793.510934591293
374	-46.9	-46.9	-46.9	-9.264724	12.974922	12.26318	-64.96184	nan	0.2	937500	19846.514663219452
375	-48.08	-48.08	-42.3	-9.241847	12.850771	9.610508	-68.833176	nan	0.3	940000	19900.095644712448
376	-48.88	-48.88	-43.3	-9.184926	12.780914	8.689564	-66.69281	nan	0.1	942500	19953.331987142563
377	-47.32	-47.32	-49.4	-9.03424	12.616075	16.661663	-66.687546	nan	0.1	945000	20005.877109766006
378	-46.84	-46.84	-49.7	-8.8040495	12.230511	16.387884	-67.53998	nan	0.1	947500	20059.98442029953
379	-48.52	-48.52	-44.600002	-8.045656	11.214878	11.326466	-61.176083	nan	0.0	950000	20112.61001586914
380	-49.88	-49.88	-50.0	-7.5564504	10.704604	12.289598	-60.98785	nan	0.0	952500	20165.998698234558
381	-49.1	-49.1	-49.3	-7.5994945	10.758779	8.664196	-77.58395	nan	0.1	955000	20219.45458459854
382	-49.32	-49.32	-50.0	-8.02808	11.2185755	8.261217	-64.29039	nan	0.0	957500	20273.414500951767
383	-46.34	-46.34	-48.0	-8.531397	11.893321	8.322809	-67.0742	nan	0.0	960000	20326.720745801926
384	-47.64	-47.64	-47.9	-8.880165	12.359225	11.221264	-67.18109	nan	0.1	962500	20378.89398264885
385	-46.86	-46.86	-49.1	-8.907216	12.484705	9.48818	-66.01048	nan	0.0	965000	20431.075196266174
386	-48.38	-48.38	-45.899998	-8.771395	12.295226	9.21693	-69.465485	nan	0.1	967500	20484.236404418945
387	-47.98	-47.98	-46.100002	-8.630146	12.232902	9.069414	-71.093506	nan	0.1	970000	20537.243605852127
388	-45.08	-45.08	-33.8	-8.555068	12.261598	7.9764786	-63.84146	nan	0.5	972500	20589.509329319
389	-48.42	-48.42	-49.6	-8.657775	12.331224	12.52714	-70.20192	nan	0.0	975000	20642.579503059387
390	-47.72	-47.72	-47.3	-8.694069	12.500316	7.3031883	-65.523445	nan	0.2	977500	20695.5621073246
391	-46.56	-46.56	-40.8	-8.769993	12.654815	8.570364	-68.12952	nan	0.2	980000	20747.837426424026
392	-47.74	-47.74	-46.5	-8.910291	12.868315	8.403515	-70.314316	nan	0.0	982500	20800.786463737488
393	-48.14	-48.14	-46.7	-8.973384	12.981221	9.875288	-65.74165	nan	0.1	985000	20853.182388305664
394	-47.96	-47.96	-50.0	-9.041543	13.0973	13.446867	-68.8799	nan	0.0	987500	20905.43691921234
395	-47.88	-47.88	-44.2	-9.097331	13.211482	10.91732	-63.58448	nan	0.2	990000	20956.917244195938
396	-47.7	-47.7	-44.7	-8.659378	12.520902	15.224842	-62.74375	nan	0.2	992500	21008.237469673157
397	-47.1	-47.1	-50.0	-7.2646723	10.3939	8.354273	-58.664528	nan	0.0	995000	21059.97248482704
398	-48.3	-48.3	-50.0	-6.2739186	8.650451	7.3319683	-62.855778	nan	0.0	997500	21112.148332118988
399	-49.8	-49.8	-42.399998	-6.4163013	8.468978	7.28998	-56.311	nan	0.2	1000000	21165.111548900604
400	-47.22	-47.22	-49.3	-6.7539244	9.095151	11.522301	-63.603912	nan	0.0	1002500	21217.056766986847
401	-49.38	-49.38	-46.0	-6.5729094	9.099904	8.929127	-60.379505	nan	0.1	1005000	21269.858607053757
402	-48.44	-48.44	-50.0	-7.0164056	9.753008	15.877224	-69.078964	nan	0.0	1007500	21323.617595672607
403	-48.82	-48.82	-48.0	-7.6652803	10.808758	8.557247	-71.18487	nan	0.0	1010000	21377.348969697952
404	-47.86	-47.86	-44.5	-8.040877	11.533895	34.485397	-66.440414	nan	0.1	1012500	21431.16307926178
405	-46.48	-46.48	-36.2	-8.208823	11.843736	12.640213	-57.88433	nan	0.4	1015000	21483.558478355408
406	-48.28	-48.28	-45.3	-8.320465	12.109694	9.649052	-61.57486	nan	0.1	1017500	21535.900569677353
407	-47.12	-47.12	-43.899998	-8.434126	12.293213	8.455166	-59.695282	nan	0.3	1020000	21588.936922073364
408	-47.88	-47.88	-46.2	-8.360438	12.173907	7.445257	-62.59696	nan	0.1	1022500	21642.393262386322
409	-46.9	-46.9	-43.100002	-8.270311	12.01746	9.629847	-61.78994	nan	0.0	1025000	21694.403895378113
410	-46.9	-46.9	-42.3	-7.940488	11.508718	10.203926	-65.42059	nan	0.1	1027500	21747.99067592621
411	-47.68	-47.68	-49.1	-7.491987	10.842839	10.08707	-58.90163	nan	0.0	1030000	21800.676140785217
412	-49.4	-49.4	-50.0	-7.4318824	10.796725	6.7479362	-62.74724	nan	0.0	1032500	21854.353906154633
413	-48.68	-48.68	-33.3	-7.690392	11.164356	12.158785	-62.94245	nan	0.5	1035000	21908.805277824402
414	-45.44	-45.44	-47.3	-7.8148956	11.416425	9.747402	-60.551865	nan	0.1	1037500	21962.210735559464
415	-48.3	-48.3	-43.8	-7.577255	11.257348	12.920485	-59.16015	nan	0.2	1040000	22017.289730787277
416	-46.96	-46.96	-46.100002	-7.4027286	11.15935	6.754238	-59.72277	nan	0.1	1042500	22071.455362558365
417	-48.58	-48.58	-48.7	-7.2461896	11.0993595	7.746866	-60.039185	nan	0.0	1045000	22124.057060718536
418	-49.38	-49.38	-45.5	-7.411252	11.233411	7.679268	-60.123547	nan	0.1	1047500	22179.32984471321
419	-48.28	-48.28	-45.3	-7.6570835	11.53954	5.680952	-69.27721	nan	0.2	1050000	22232.939149856567
420	-48.28	-48.28	-47.8	-8.05104	12.072945	7.270954	-66.9796	nan	0.1	1052500	22287.743856430054
421	-48.06	-48.06	-43.600002	-8.32525	12.514637	7.544941	-64.26512	nan	0.2	1055000	22343.512258529663
422	-48.68	-48.68	-44.600002	-8.572701	12.881893	12.295361	-80.12541	nan	0.3	1057500	22398.1035695076
423	-47.56	-47.56	-49.3	-8.465554	12.770477	7.792198	-65.73913	nan	0.0	1060000	22450.74661231041
424	-48.32	-48.32	-48.4	-8.21814	12.371511	6.565052	-62.75165	nan	0.1	1062500	22503.432207345963
425	-47.74	-47.74	-50.0	-8.235662	12.411344	10.188261	-60.301273	nan	0.0	1065000	22556.416305065155
426	-47.3	-47.3	-48.1	-8.345004	12.639484	8.296305	-74.32135	nan	0.1	1067500	22611.35040998459
427	-48.18	-48.18	-48.8	-8.43189	12.801442	9.587418	-64.90288	nan	0.0	1070000	22667.250488996506
428	-47.0	-47.0	-45.0	-8.503992	12.958371	7.067297	-64.022705	nan	0.2	1072500	22720.625393867493
429	-49.52	-49.52	-45.600002	-8.470745	12.868367	8.031361	-71.91186	nan	0.1	1075000	22773.291912555695
430	-47.28	-47.28	-40.3	-8.415712	12.7303505	7.1791115	-62.903366	nan	0.4	1077500	22826.800855398178
431	-48.34	-48.34	-48.8	-8.43116	12.68483	8.352816	-62.59408	nan	0.0	1080000	22880.04435634613
432	-48.96	-48.96	-43.899998	-8.548596	12.785596	6.688595	-62.033485	nan	0.2	1082500	22934.23895764351
433	-44.66	-44.66	-47.5	-8.643484	12.864832	13.355986	-60.473682	nan	0.1	1085000	22988.7564804554
434	-46.96	-46.96	-43.3	-8.540205	12.641748	11.732197	-58.270905	nan	0.3	1087500	23041.86021590233
435	-48.72	-48.72	-46.5	-7.4688897	11.018117	12.800831	-68.36084	nan	0.1	1090000	23092.83571958542
436	-49.82	-49.82	-50.0	-6.631617	9.307248	7.07271	-57.833405	nan	0.0	1092500	23144.789496183395
437	-48.04	-48.04	-48.8	-7.213079	10.050842	6.7370625	-57.53882	nan	0.0	1095000	23196.876494169235
438	-47.6	-47.6	-50.0	-7.674965	10.863258	8.141466	-61.155342	nan	0.0	1097500	23249.917553901672
439	-48.24	-48.24	-41.600002	-8.078273	11.540454	8.109627	-56.807022	nan	0.1	1100000	23301.55037856102
440	-47.16	-47.16	-43.0	-8.2879925	12.0182495	6.7594376	-65.2518	nan	0.3	1102500	23354.598447799683
441	-46.98	-46.98	-43.8	-8.558142	12.487076	9.412273	-66.50888	nan	0.2	1105000	23406.96945619583
442	-47.02	-47.02	-50.0	-8.6983385	12.807089	8.901102	-65.52473	nan	0.0	1107500	23461.49755716324
443	-47.9	-47.9	-45.8	-8.73691	12.918118	8.042744	-66.55328	nan	0.1	1110000	23514.913118124008
444	-49.06	-49.06	-50.0	-7.7543645	11.841683	9.895945	-64.49615	nan	0.0	1112500	23569.853891134262
445	-49.46	-49.46	-43.2	-7.3450885	11.387922	5.8951645	-64.738716	nan	0.2	1115000	23623.8269739151
446	-48.54	-48.54	-49.8	-7.7136827	11.592645	8.504166	-63.283276	nan	0.0	1117500	23676.74504327774
447	-48.64	-48.64	-46.7	-8.093219	11.836287	8.431665	-64.97605	nan	0.1	1120000	23730.558143138885
448	-46.34	-46.34	-50.0	-8.21889	11.871109	12.914642	-67.30483	nan	0.0	1122500	23785.152179956436
449	-48.3	-48.3	-50.0	-8.201349	11.814964	9.318029	-64.89964	nan	0.0	1125000	23840.06381201744
450	-47.22	-47.22	-44.0	-8.197663	11.695262	6.9701786	-62.33146	nan	0.1	1127500	23894.05764913559
451	-48.78	-48.78	-50.0	-8.095352	11.526172	7.533287	-63.576996	nan	0.0	1130000	23947.998691797256
452	-47.3	-47.3	-48.8	-8.133843	11.537552	8.9844	-62.017075	nan	0.1	1132500	24001.81673693657
453	-47.58	-47.58	-42.3	-8.278623	11.768243	7.3790607	-58.67157	nan	0.4	1135000	24055.28452372551
454	-47.56	-47.56	-43.899998	-8.3844795	12.005944	10.869753	-58.369766	nan	0.3	1137500	24107.687524795532
455	-48.3	-48.3	-42.8	-8.350661	12.025131	18.066326	-62.001163	nan	0.3	1140000	24160.878749847412
456	-47.42	-47.42	-47.9	-8.3126335	12.0111475	16.102697	-57.01973	nan	0.1	1142500	24214.797322511673
457	-45.78	-45.78	-42.8	-8.267923	11.961077	9.5158	-88.58837	nan	0.2	1145000	24267.887340068817
458	-49.32	-49.32	-46.0	-8.101527	11.694236	10.994905	-60.274734	nan	0.2	1147500	24321.16389298439
459	-49.14	-49.14	-47.0	-8.000368	11.480012	10.7011795	-59.15589	nan	0.1	1150000	24375.369760990143
460	-46.22	-46.22	-46.100002	-8.009487	11.451218	5.4387035	-62.036964	nan	0.1	1152500	24429.662405729294
461	-46.78	-46.78	-47.0	-8.051116	11.556395	9.131796	-60.160515	nan	0.0	1155000	24482.87653708458
462	-46.24	-46.24	-46.5	-8.15183	11.654874	7.2124023	-56.89673	nan	0.2	1157500	24536.612138986588
463	-47.14	-47.14	-46.100002	-8.2122345	11.707785	8.348654	-65.624344	nan	0.1	1160000	24589.33840227127
464	-47.76	-47.76	-46.5	-7.8773556	11.34277	7.1047726	-59.523422	nan	0.0	1162500	24642.19856262207
465	-48.94	-48.94	-50.0	-7.808235	11.120183	8.832739	-65.4556	nan	0.0	1165000	24697.700774669647
466	-49.7	-49.7	-48.6	-7.66199	10.901307	5.904669	-58.164738	nan	0.1	1167500	24750.990597486496
467	-47.52	-47.52	-44.7	-7.8506885	11.114166	13.085539	-63.467796	nan	0.2	1170000	24805.230696439743
468	-48.1	-48.1	-50.0	-8.126695	11.517982	11.794043	-59.694527	nan	0.0	1172500	24858.731397390366
469	-48.06	-48.06	-44.899998	-8.277777	11.761508	8.317856	-59.219936	nan	0.2	1175000	24912.696357250214
470	-47.32	-47.32	-50.0	-8.392606	11.9291525	8.625772	-61.64782	nan	0.0	1177500	24966.743450641632
471	-48.04	-48.04	-47.9	-8.381058	11.890483	25.938795	-58.066772	nan	0.1	1180000	25020.638067483902
472	-48.24	-48.24	-48.8	-8.341266	11.84542	16.053795	-63.154892	nan	0.0	1182500	25073.989321947098
473	-48.08	-48.08	-47.0	-8.033456	11.372191	12.429504	-63.599792	nan	0.0	1185000	25127.13012099266
474	-48.58	-48.58	-49.3	-7.6963077	10.780612	9.401703	-57.432186	nan	0.0	1187500	25180.056479215622
475	-48.72	-48.72	-46.2	-7.2250333	10.06758	6.855028	-59.382927	nan	0.1	1190000	25232.908265590668
476	-48.0	-48.0	-44.0	-7.1659536	9.994294	10.707615	-61.976433	nan	0.2	1192500	25287.697786092758
477	-47.16	-47.16	-50.0	-7.437063	10.432894	9.491177	-61.271614	nan	0.0	1195000	25342.806088209152
478	-48.62	-48.62	-49.6	-7.5009074	10.781178	7.6743374	-72.44747	nan	0.1	1197500	25397.33219408989
479	-49.42	-49.42	-47.4	-7.869853	11.291623	9.792601	-61.557007	nan	0.1	1200000	25451.19136404991
480	-49.4	-49.4	-50.0	-8.053477	11.725508	11.894865	-66.25002	nan	0.0	1202500	25505.27675294876
481	-46.8	-46.8	-48.3	-7.9863844	11.699143	8.515411	-66.887886	nan	0.1	1205000	25558.399300575256
482	-47.44	-47.44	-42.3	-8.2592945	11.929159	11.641201	-58.923225	nan	0.2	1207500	25610.48552465439
483	-47.96	-47.96	-41.5	-8.483988	12.1544695	8.825487	-72.90377	nan	0.1	1210000	25664.17958664894
484	-46.7	-46.7	-43.600002	-8.385716	11.931246	7.616209	-63.725594	nan	0.1	1212500	25717.550106048584
485	-44.26	-44.26	-41.0	-8.378943	11.817632	7.4327908	-62.566925	nan	0.5	1215000	25770.06310415268
486	-47.72	-47.72	-45.7	-8.254346	11.671315	13.432404	-61.355106	nan	0.2	1217500	25823.222437381744
487	-46.64	-46.64	-46.7	-7.9755063	11.410419	14.037378	-60.94863	nan	0.2	1220000	25875.871972560883
488	-47.72	-47.72	-49.2	-7.953384	11.300409	11.295408	-70.492485	nan	0.0	1222500	25928.400635957718
489	-46.54	-46.54	-41.8	-7.924709	11.278592	14.463329	-57.33342	nan	0.2	1225000	25980.043072223663
490	-47.3	-47.3	-46.9	-7.930631	11.34584	12.583893	-58.00201	nan	0.1	1227500	26033.550080299377
491	-44.86	-44.86	-40.899998	-8.205782	11.771531	8.018345	-73.17431	nan	0.3	1230000	26087.050614595413
492	-47.06	-47.06	-46.9	-8.542086	12.333156	11.886606	-67.67413	nan	0.1	1232500	26140.401066064835
493	-47.78	-47.78	-42.899998	-8.70966	12.633982	16.792494	-61.783623	nan	0.3	1235000	26193.358863830566
494	-48.5	-48.5	-45.5	-7.844621	11.173093	14.846203	-69.19601	nan	0.1	1237500	26246.83177471161
495	-46.68	-46.68	-44.899998	-7.305854	10.091831	11.519125	-58.216934	nan	0.2	1240000	26299.7776055336
496	-45.56	-45.56	-42.8	-7.7197704	10.707867	13.7813015	-60.488045	nan	0.2	1242500	26352.404371261597
497	-48.5	-48.5	-47.8	-8.120335	11.32753	9.929478	-74.10405	nan	0.2	1245000	26405.32530617714
498	-45.26	-45.26	-41.0	-8.25997	11.553983	8.275455	-81.55021	nan	0.3	1247500	26458.63795018196
499	-47.36	-47.36	-38.8	-8.048853	11.181961	8.099623	-60.78923	nan	0.4	1250000	26511.843742132187
