Epoch	EpRet	EpRealRet	TestEpRet	AverageQ1	StdQ1	MaxQ1	MinQ1	Q2	TestSuccess	TotalEnvInteracts	TotalTime
0	-48.0	-48.0	-50.0	0.099308796	0.082512386	0.4100538	0.003498174	0.10033901	0.0	2500	77.07292461395264
1	-49.0	-49.0	-45.0	0.37113574	0.11304876	1.0228235	0.12657529	0.37153706	0.1	5000	166.33558130264282
2	-48.16	-48.16	-50.0	0.5194895	0.14442235	1.7230783	0.1672962	0.5231385	0.0	7500	253.5520739555359
3	-48.06	-48.06	-50.0	0.5098681	0.13372286	1.2254684	0.17089663	0.51371485	0.0	10000	340.32392263412476
4	-46.0	-46.0	-45.0	0.5264354	0.15812711	2.0346437	0.16922691	0.5293309	0.1	12500	426.25235533714294
5	-50.0	-50.0	-45.0	0.50406426	0.13681199	1.7355227	0.17983314	0.5069752	0.1	15000	513.3460142612457
6	-49.0	-49.0	-50.0	0.53039545	0.14814742	1.6404114	0.20759408	0.52722937	0.0	17500	599.6655583381653
7	-49.72	-49.72	-50.0	0.5648528	0.16029564	2.1209636	0.21571115	0.55732095	0.0	20000	685.2552726268768
8	-48.0	-48.0	-50.0	0.58943003	0.1558555	1.7024044	0.23422836	0.5873926	0.0	22500	772.4746150970459
9	-50.0	-50.0	-45.0	0.6296511	0.17593111	1.9093304	0.23545483	0.62268	0.1	25000	857.8219463825226
10	-47.0	-47.0	-50.0	0.6671357	0.21161474	2.9343057	0.27897614	0.6617678	0.0	27500	939.9177088737488
11	-45.0	-45.0	-50.0	0.6550156	0.20285021	3.0551605	0.21462438	0.6481688	0.0	30000	1020.6552813053131
12	-46.92	-46.92	-50.0	0.67773587	0.20762454	2.5939944	0.24179669	0.66970545	0.0	32500	1099.0177924633026
13	-48.0	-48.0	-50.0	0.6482646	0.1975562	2.8209438	0.23307803	0.6413719	0.0	35000	1179.0966475009918
14	-49.9	-49.9	-45.0	0.6274108	0.2011505	2.743203	0.24996603	0.6205331	0.1	37500	1258.754503250122
15	-47.0	-47.0	-50.0	0.6291537	0.17054138	2.4144273	0.21302636	0.62445676	0.0	40000	1338.6571726799011
16	-47.16	-47.16	-45.0	0.6158061	0.15412262	2.0214126	0.23074345	0.61382467	0.1	42500	1419.483957529068
17	-49.0	-49.0	-44.2	0.6192097	0.17483842	2.1991048	0.21567595	0.6121672	0.1	45000	1500.6412162780762
18	-48.66	-48.66	-50.0	0.6220005	0.18601018	2.7328668	0.21075815	0.61421394	0.0	47500	1577.9058163166046
19	-46.98	-46.98	-50.0	0.6153407	0.17103262	3.2186575	0.23156276	0.6125583	0.0	50000	1657.956039905548
20	-49.0	-49.0	-50.0	0.6196678	0.16258132	1.9200647	0.25537062	0.61988384	0.0	52500	1736.536182641983
21	-50.0	-50.0	-50.0	0.64803845	0.18963946	3.0101168	0.2791324	0.6480309	0.0	55000	1815.85302734375
22	-49.58	-49.58	-40.2	0.63509715	0.19631004	3.480937	0.24606055	0.6340099	0.1	57500	1893.5146939754486
23	-47.76	-47.76	-50.0	0.63953996	0.2058903	3.8551598	0.2610294	0.6341465	0.0	60000	1972.8588242530823
24	-49.92	-49.92	-50.0	0.63608015	0.17746314	2.6668527	0.24070384	0.64027447	0.0	62500	2052.5490839481354
25	-50.0	-50.0	-50.0	0.64839417	0.21139884	4.3199234	0.22803034	0.6465569	0.0	65000	2132.4878940582275
26	-48.96	-48.96	-45.0	0.6648795	0.2533823	5.25434	0.24967837	0.66350275	0.1	67500	2211.47962808609
27	-48.0	-48.0	-42.2	0.6514309	0.20126103	3.5324154	0.23966593	0.64600825	0.2	70000	2291.8555116653442
28	-48.08	-48.08	-45.0	0.66217387	0.18549253	2.9615204	0.23072909	0.6611966	0.1	72500	2369.774177312851
29	-48.96	-48.96	-50.0	0.6605974	0.20636135	3.1061034	0.21705745	0.6587753	0.0	75000	2446.590985059738
30	-48.64	-48.64	-50.0	0.6806321	0.24158514	3.6996095	0.21765877	0.6722909	0.0	77500	2526.8743312358856
31	-48.76	-48.76	-48.6	0.6795462	0.20517722	3.5976217	0.25258884	0.6728152	0.0	80000	2602.9562723636627
32	-47.8	-47.8	-45.0	0.69718665	0.23347564	3.5841982	0.22921139	0.69838756	0.1	82500	2678.5126078128815
33	-47.06	-47.06	-49.6	0.67719156	0.19387412	2.6370766	0.27202323	0.6758398	0.0	85000	2754.6635212898254
34	-47.96	-47.96	-44.899998	0.6870955	0.2305553	4.1702847	0.20509318	0.6833042	0.0	87500	2831.32585978508
35	-48.12	-48.12	-46.7	0.6782628	0.19500439	2.1778917	0.2721511	0.6761123	0.1	90000	2907.2902760505676
36	-49.9	-49.9	-50.0	0.7031697	0.2577326	4.8708243	0.2479496	0.6956598	0.0	92500	2983.2982482910156
37	-42.68	-42.68	-45.0	0.6807573	0.20727637	4.6677704	0.23102286	0.6742357	0.1	95000	3058.736293077469
38	-43.72	-43.72	-50.0	0.7131803	0.24417214	4.3076363	0.2642759	0.7109633	0.0	97500	3134.234782218933
39	-48.0	-48.0	-45.0	0.6970015	0.19786093	3.1728544	0.2644948	0.6948551	0.1	100000	3210.0199887752533
40	-46.9	-46.9	-50.0	0.7022605	0.22046752	4.2521276	0.25778303	0.6975829	0.0	102500	3287.609585046768
41	-48.24	-48.24	-49.4	0.714031	0.24620041	4.39625	0.26771182	0.710334	0.0	105000	3364.280359506607
42	-47.9	-47.9	-50.0	0.7134381	0.21687092	3.17274	0.28902704	0.71144456	0.0	107500	3440.7003996372223
43	-46.84	-46.84	-45.399998	0.7255579	0.25411808	4.167369	0.31460744	0.71850914	0.1	110000	3517.4760479927063
44	-47.5	-47.5	-45.0	0.7504027	0.26180997	3.1479938	0.30661187	0.7380093	0.1	112500	3593.8163459300995
45	-47.56	-47.56	-45.0	0.745462	0.24656248	5.0149903	0.26287127	0.7382986	0.1	115000	3669.8432688713074
46	-47.76	-47.76	-50.0	0.7548523	0.24605963	3.9132733	0.31051838	0.74833095	0.0	117500	3745.4511551856995
47	-47.76	-47.76	-50.0	0.76755995	0.28529003	5.183501	0.31331223	0.7634154	0.0	120000	3820.1643238067627
48	-46.92	-46.92	-45.0	0.775211	0.26738298	4.7709947	0.2847187	0.7594694	0.1	122500	3898.218255519867
49	-47.66	-47.66	-46.6	0.77474356	0.2639997	4.366132	0.28542766	0.76823217	0.1	125000	3975.684599876404
50	-48.2	-48.2	-50.0	0.7795565	0.2653785	5.897696	0.33511353	0.77122647	0.0	127500	4052.0043783187866
51	-49.56	-49.56	-44.3	0.78564155	0.26408684	3.1267738	0.32537073	0.77806115	0.1	130000	4129.4226768016815
52	-48.88	-48.88	-50.0	0.8011062	0.32517916	5.758942	0.30545318	0.7934388	0.0	132500	4205.190451383591
53	-43.52	-43.52	-45.0	0.79496413	0.26123765	4.201206	0.27839977	0.79260707	0.1	135000	4280.809694766998
54	-46.32	-46.32	-47.9	0.8098414	0.28726882	5.067895	0.21394928	0.80432934	0.1	137500	4354.804948568344
55	-47.6	-47.6	-44.8	0.79227555	0.26492178	4.397679	0.2925771	0.78817165	0.1	140000	4429.576776504517
56	-48.18	-48.18	-40.0	0.8012356	0.26433092	3.4827554	0.26729316	0.7932998	0.2	142500	4504.786123752594
57	-44.7	-44.7	-45.0	0.7921502	0.27685437	5.0487633	0.28618616	0.7896935	0.1	145000	4580.2180297374725
58	-46.86	-46.86	-49.9	0.8005465	0.30144438	4.3846354	0.3472967	0.7952878	0.0	147500	4654.167871713638
59	-48.56	-48.56	-48.5	0.81998485	0.30450937	4.945817	0.29572576	0.8146579	0.0	150000	4730.127161979675
60	-46.62	-46.62	-49.6	0.8016046	0.2938243	4.9595494	0.27779382	0.79100066	0.1	152500	4807.076823472977
61	-49.0	-49.0	-44.3	0.81191254	0.3043252	6.510736	0.3087527	0.797603	0.1	155000	4882.689541339874
62	-46.5	-46.5	-45.0	0.8165735	0.28671193	5.23762	0.32467967	0.8126608	0.1	157500	4959.130031108856
63	-48.94	-48.94	-50.0	0.818416	0.319499	5.053965	0.27154747	0.80096745	0.0	160000	5035.078656196594
64	-48.24	-48.24	-49.9	0.8027614	0.27601832	4.6785955	0.3351883	0.7960762	0.0	162500	5109.626480579376
65	-43.86	-43.86	-44.8	0.80928355	0.27139848	3.9061694	0.28752398	0.80387384	0.1	165000	5185.04971575737
66	-47.34	-47.34	-50.0	0.81547135	0.2789069	4.5088754	0.29121262	0.80229485	0.0	167500	5260.304755687714
67	-46.46	-46.46	-44.8	0.8224309	0.30118477	4.8821044	0.29754484	0.8142407	0.1	170000	5335.934732198715
68	-49.34	-49.34	-49.2	0.81803274	0.2712004	3.164914	0.22285904	0.8156204	0.0	172500	5410.143396854401
69	-48.9	-48.9	-50.0	0.84372765	0.3315694	4.610455	0.28652453	0.83132446	0.0	175000	5483.845057010651
70	-49.14	-49.14	-45.899998	0.83129907	0.27336603	4.0654926	0.34218317	0.8209742	0.1	177500	5558.5484001636505
71	-46.06	-46.06	-45.100002	0.82615334	0.32189113	6.7039065	0.32164496	0.8222882	0.0	180000	5633.663416147232
72	-44.58	-44.58	-44.5	0.82692677	0.3274217	6.946169	0.3162074	0.8204377	0.1	182500	5707.831212282181
73	-48.68	-48.68	-47.4	0.8326427	0.312214	7.0991855	0.29302624	0.8336335	0.1	185000	5782.590795993805
74	-46.84	-46.84	-45.600002	0.8685068	0.3767628	7.294965	0.32446927	0.8502546	0.1	187500	5856.929666042328
75	-45.2	-45.2	-45.0	0.85455626	0.3224519	4.5227075	0.31980205	0.8440843	0.1	190000	5931.717927694321
76	-49.1	-49.1	-49.1	0.84254414	0.3151045	4.193547	0.2882722	0.83754575	0.0	192500	6006.339988708496
77	-47.94	-47.94	-49.9	0.87783605	0.34269258	5.6284738	0.33625752	0.86593413	0.0	195000	6080.42214012146
78	-46.48	-46.48	-36.600002	0.8642957	0.32762313	5.1514535	0.33601126	0.85205543	0.3	197500	6154.754454374313
79	-47.58	-47.58	-46.7	0.859411	0.30350617	4.119009	0.3162021	0.8500088	0.1	200000	6230.777828216553
80	-49.62	-49.62	-50.0	0.8431162	0.29777282	3.800402	0.32043386	0.8304955	0.0	202500	6307.078982830048
81	-46.46	-46.46	-48.3	0.8735869	0.33647814	5.7661915	0.33595002	0.8605736	0.1	205000	6381.8439519405365
82	-47.7	-47.7	-47.4	0.87124795	0.31292492	5.0927725	0.32893997	0.86762744	0.1	207500	6455.739818572998
83	-47.42	-47.42	-45.0	0.88884634	0.33954725	6.0206876	0.33757246	0.87865305	0.1	210000	6530.234856367111
84	-46.64	-46.64	-45.8	0.89545757	0.37516198	6.325618	0.33464605	0.88987416	0.1	212500	6603.59655547142
85	-45.52	-45.52	-45.0	0.8871837	0.34961084	6.6778216	0.27230555	0.8796453	0.1	215000	6678.05668091774
86	-46.12	-46.12	-45.0	0.9364499	0.44745243	9.991258	0.39405107	0.92081666	0.1	217500	6751.795211315155
87	-46.34	-46.34	-47.9	0.93394226	0.41113907	7.5145583	0.30672517	0.93657804	0.1	220000	6826.847826242447
88	-45.62	-45.62	-44.0	0.9376558	0.3627177	5.747867	0.36973628	0.9315953	0.1	222500	6900.1604907512665
89	-46.14	-46.14	-44.8	0.93797386	0.47309783	9.085774	0.35665703	0.929419	0.1	225000	6974.855937004089
90	-43.7	-43.7	-42.5	0.9420605	0.41181135	8.450288	0.35055667	0.933338	0.2	227500	7048.687745809555
91	-45.72	-45.72	-32.8	0.93744594	0.39839876	7.162763	0.36753294	0.9206678	0.5	230000	7122.34720158577
92	-46.94	-46.94	-44.0	0.94804245	0.3971791	8.117413	0.3207178	0.9431429	0.2	232500	7200.014180183411
93	-47.92	-47.92	-49.3	0.9374347	0.37937587	6.7817197	0.4129417	0.9297441	0.0	235000	7274.971011161804
94	-47.86	-47.86	-38.600002	0.93969876	0.40921766	7.7268586	0.37004757	0.93634427	0.3	237500	7349.32535982132
95	-46.02	-46.02	-39.2	0.93212163	0.41037014	7.564219	0.3870299	0.926756	0.3	240000	7422.722086191177
96	-46.02	-46.02	-38.399998	0.94065833	0.42473254	7.6584272	0.36065322	0.9294889	0.3	242500	7499.058757781982
97	-47.44	-47.44	-50.0	0.90781516	0.3515452	6.7436714	0.31220156	0.91287035	0.0	245000	7575.213324546814
98	-48.78	-48.78	-38.2	0.92879456	0.4162262	7.9442186	0.39868152	0.91647804	0.3	247500	7649.526809692383
99	-46.96	-46.96	-45.0	0.94541854	0.36523253	4.2548037	0.3469227	0.9502589	0.1	250000	7726.090516805649
100	-46.88	-46.88	-42.5	0.96168405	0.4062318	6.0030484	0.34446323	0.9568289	0.3	252500	7802.005902767181
101	-46.52	-46.52	-50.0	0.963565	0.39365223	6.405547	0.36729574	0.9597605	0.0	255000	7876.81063246727
102	-45.68	-45.68	-38.7	0.9530245	0.5104427	8.611664	0.3627931	0.93401146	0.4	257500	7952.548855543137
103	-46.24	-46.24	-45.600002	0.978242	0.48609233	10.150636	0.35729602	0.98667026	0.1	260000	8027.234476804733
104	-45.74	-45.74	-40.7	0.9665537	0.3929518	5.773492	0.39708406	0.96295923	0.3	262500	8100.808771371841
105	-46.08	-46.08	-44.2	0.9667133	0.38720202	6.0807524	0.39101708	0.97257066	0.2	265000	8175.635274171829
106	-46.36	-46.36	-49.8	0.9580118	0.39225852	7.9194145	0.39150655	0.9615353	0.0	267500	8250.325319766998
107	-46.32	-46.32	-44.8	0.96869653	0.40901476	7.4347844	0.3615367	0.96093434	0.2	270000	8325.7652490139
108	-48.98	-48.98	-40.3	0.95720017	0.34700406	5.012843	0.3579968	0.95632374	0.4	272500	8399.425483226776
109	-44.82	-44.82	-46.100002	0.96156335	0.3954422	6.8969727	0.37434405	0.95501846	0.1	275000	8473.597397565842
110	-47.5	-47.5	-49.5	0.96196073	0.44955638	7.6152844	0.39544505	0.95561427	0.0	277500	8547.554330348969
111	-46.26	-46.26	-39.399998	0.96605223	0.40911913	6.5035815	0.3874114	0.96787596	0.3	280000	8622.638509750366
112	-47.1	-47.1	-41.3	0.955736	0.36274308	4.528586	0.35292804	0.9596305	0.2	282500	8698.337977409363
113	-42.62	-42.62	-43.0	0.96726733	0.4056549	6.0746775	0.3470655	0.96699023	0.1	285000	8771.900698900223
114	-48.38	-48.38	-45.0	0.92872703	0.39366546	7.529731	0.34303162	0.92608154	0.1	287500	8846.24127149582
115	-46.54	-46.54	-47.3	0.9590007	0.4324926	5.8556967	0.27881062	0.9550321	0.0	290000	8920.41790819168
116	-43.76	-43.76	-41.3	0.98028064	0.48363286	9.79728	0.3634166	0.9805364	0.2	292500	8995.683396339417
117	-48.36	-48.36	-46.100002	0.94635814	0.39572683	8.492572	0.35195798	0.94444686	0.1	295000	9070.579903841019
118	-48.14	-48.14	-42.0	0.95402396	0.47715643	9.5327	0.387995	0.9483025	0.2	297500	9145.617511510849
119	-42.64	-42.64	-40.0	0.95761955	0.40678537	8.21673	0.3574062	0.96325266	0.3	300000	9220.591500043869
120	-45.24	-45.24	-40.8	0.958906	0.4617894	8.299586	0.39529023	0.9553048	0.2	302500	9295.378409147263
121	-46.14	-46.14	-40.0	0.96398336	0.4172245	8.887058	0.35876197	0.95315444	0.2	305000	9368.584800958633
122	-44.8	-44.8	-39.7	0.9430484	0.43042716	6.9537063	0.35674655	0.94939905	0.2	307500	9444.691098213196
123	-47.28	-47.28	-39.0	0.9634835	0.4024225	9.011591	0.3746734	0.96200585	0.3	310000	9518.804426670074
124	-45.68	-45.68	-38.399998	0.9519013	0.3765474	6.6632333	0.39312446	0.9527173	0.4	312500	9595.80364203453
125	-48.6	-48.6	-43.2	0.985819	0.47235665	6.6065254	0.3696593	0.98554945	0.2	315000	9672.072882175446
126	-42.02	-42.02	-48.9	0.959932	0.4166264	7.225625	0.35758665	0.9672445	0.0	317500	9746.431021213531
127	-45.98	-45.98	-46.100002	0.94860446	0.43258014	9.293039	0.39786038	0.9569967	0.1	320000	9821.984312534332
128	-42.78	-42.78	-49.0	1.0198262	0.55364305	9.164121	0.4065174	1.016466	0.1	322500	9897.97292637825
129	-44.9	-44.9	-36.5	0.9697572	0.39092702	6.036542	0.38948533	0.9703027	0.3	325000	9974.384757518768
130	-47.76	-47.76	-41.3	0.9436545	0.40999374	8.915961	0.32640228	0.953147	0.2	327500	10051.284749507904
131	-45.3	-45.3	-44.8	0.9896955	0.43578124	7.1463733	0.34641045	0.99621093	0.2	330000	10127.657782793045
132	-43.7	-43.7	-43.600002	1.0049818	0.51387763	10.4476185	0.38552266	1.0094792	0.2	332500	10202.55634713173
133	-45.68	-45.68	-40.600002	0.96723086	0.42989966	7.782236	0.35334152	0.9728041	0.3	335000	10278.734038829803
134	-46.84	-46.84	-36.2	0.9868679	0.44349125	5.8370533	0.35052294	0.99212754	0.3	337500	10352.443103313446
135	-45.92	-45.92	-38.5	0.99375415	0.4428384	6.3556886	0.38114053	0.98989683	0.3	340000	10426.872571229935
136	-43.82	-43.82	-40.8	0.96348643	0.3786002	4.4301405	0.38108224	0.9651731	0.2	342500	10502.806614637375
137	-45.36	-45.36	-43.600002	0.9851012	0.49741638	10.895935	0.3844558	0.99096394	0.1	345000	10577.192050218582
138	-47.16	-47.16	-29.6	0.9582304	0.44088143	10.002889	0.34941933	0.9685644	0.4	347500	10651.90094947815
139	-45.48	-45.48	-43.600002	1.0007657	0.50750524	14.451527	0.4005798	1.0173236	0.2	350000	10727.946425914764
140	-45.68	-45.68	-41.7	1.0254133	0.51367766	10.53977	0.37226593	1.0252427	0.3	352500	10804.607252836227
141	-44.54	-44.54	-45.899998	0.9915017	0.47392243	12.118821	0.3591045	1.0114843	0.1	355000	10879.891576051712
142	-44.44	-44.44	-28.6	1.0122266	0.49399444	9.56593	0.35137713	1.0090598	0.6	357500	10955.547832250595
143	-45.78	-45.78	-37.7	1.0013882	0.39029473	5.838912	0.37626752	1.0091405	0.3	360000	11033.132923841476
144	-42.9	-42.9	-41.5	1.0533743	0.5146435	7.7216935	0.41342294	1.0578258	0.2	362500	11109.571790933609
145	-44.1	-44.1	-38.899998	1.0425498	0.56793046	10.327106	0.44327474	1.0448644	0.2	365000	11186.332611083984
146	-43.44	-43.44	-46.0	1.0305882	0.50311285	10.738287	0.39826113	1.034362	0.2	367500	11263.553322315216
147	-43.88	-43.88	-42.399998	1.0526209	0.59940225	12.676844	0.36502358	1.040764	0.3	370000	11341.324975728989
148	-43.94	-43.94	-45.399998	1.0200958	0.4793277	8.542528	0.40128633	1.0151486	0.1	372500	11416.55128288269
149	-40.64	-40.64	-32.3	1.0649686	0.6124956	13.613379	0.4159122	1.0755426	0.5	375000	11492.554615736008
150	-44.04	-44.04	-41.0	1.0185763	0.53919923	9.759346	0.34443867	1.039644	0.2	377500	11569.835703611374
151	-44.02	-44.02	-43.399998	1.0027033	0.5189293	9.354297	0.3654814	1.0037216	0.2	380000	11645.191096544266
152	-46.74	-46.74	-44.8	1.0133766	0.47015095	6.8103065	0.3610022	1.0136374	0.1	382500	11720.382044792175
153	-45.26	-45.26	-46.100002	1.02765	0.44354126	5.4822164	0.42718655	1.0334388	0.2	385000	11798.70259308815
154	-45.7	-45.7	-43.3	1.0329624	0.46360794	7.785808	0.38294086	1.0433054	0.2	387500	11876.036213874817
155	-45.22	-45.22	-44.0	1.0307038	0.49845344	9.847109	0.39440826	1.0444406	0.1	390000	11954.85132098198
156	-46.78	-46.78	-38.2	1.0116595	0.50940984	11.069203	0.35545695	1.0188563	0.2	392500	12030.710869312286
157	-42.78	-42.78	-32.3	1.0121639	0.4480438	5.6688995	0.38963616	1.0234268	0.5	395000	12109.632754325867
158	-45.08	-45.08	-44.3	1.0389372	0.57639414	10.386526	0.43288726	1.050449	0.1	397500	12188.338693857193
159	-43.66	-43.66	-36.8	1.0089115	0.44095898	5.398426	0.35255995	1.0103248	0.2	400000	12266.076192855835
160	-43.94	-43.94	-42.8	0.98849696	0.4829723	10.051835	0.34624746	1.0062925	0.2	402500	12342.926579475403
161	-44.14	-44.14	-38.5	0.9895168	0.4287761	5.493921	0.35209602	0.9949976	0.2	405000	12420.045154333115
162	-44.48	-44.48	-40.8	1.0067785	0.48151165	6.717934	0.42237628	1.0035847	0.3	407500	12497.170653820038
163	-43.14	-43.14	-43.8	0.98019516	0.46689165	7.5202384	0.37106478	0.97828394	0.1	410000	12573.873705148697
164	-40.76	-40.76	-40.5	1.0021392	0.45980313	6.484176	0.46629506	0.99590856	0.3	412500	12649.983402490616
165	-42.38	-42.38	-32.899998	1.0088459	0.44100627	6.3650694	0.35307628	1.0100003	0.4	415000	12725.571606397629
166	-44.1	-44.1	-35.399998	0.98889685	0.4503407	6.814684	0.38168418	0.997295	0.5	417500	12801.676973581314
167	-42.36	-42.36	-36.7	1.0008659	0.41801897	4.962043	0.43799156	0.99645704	0.4	420000	12878.033269166946
168	-41.12	-41.12	-37.7	0.99914074	0.46306247	9.322591	0.4220516	0.99066365	0.4	422500	12953.93141746521
169	-44.48	-44.48	-35.8	1.003663	0.42667735	6.3319955	0.42323717	1.0015982	0.4	425000	13028.74007821083
170	-44.1	-44.1	-36.8	1.0159618	0.46842325	7.5820737	0.3976281	1.0332732	0.4	427500	13103.51457452774
171	-43.02	-43.02	-28.0	1.0323937	0.5120642	10.182852	0.3693485	1.0339347	0.7	430000	13177.7321600914
172	-41.42	-41.42	-31.3	1.0037354	0.49068382	5.885855	0.44032577	1.0214757	0.3	432500	13252.841518878937
173	-40.72	-40.72	-43.7	0.95145005	0.3991155	6.2210803	0.38505328	0.9575225	0.2	435000	13327.471490383148
174	-45.04	-45.04	-38.7	1.0335447	0.55215746	10.8524685	0.3554225	1.057087	0.3	437500	13405.39188694954
175	-39.46	-39.46	-43.5	1.0204453	0.46603695	5.6726203	0.33533707	1.03879	0.2	440000	13481.323149681091
176	-40.52	-40.52	-38.899998	0.9689669	0.43356216	8.513669	0.37309462	0.9692448	0.4	442500	13556.298971414566
177	-42.94	-42.94	-36.600002	1.0069789	0.50815195	7.3470993	0.37389895	1.0182537	0.3	445000	13629.514225244522
178	-44.78	-44.78	-33.600002	0.98959935	0.5443811	15.935824	0.39012304	0.99450016	0.5	447500	13705.773451805115
179	-40.22	-40.22	-41.600002	1.0141371	0.49140123	8.473834	0.34918064	1.0170422	0.2	450000	13780.986640453339
180	-40.88	-40.88	-27.3	0.97986716	0.42929098	6.3167114	0.4144099	0.97772247	0.7	452500	13856.17892742157
181	-39.92	-39.92	-36.899998	1.0002422	0.43336913	5.5688477	0.4485217	0.9957459	0.3	455000	13930.395526647568
182	-44.52	-44.52	-32.7	0.98823386	0.51736206	9.131869	0.42357767	0.9859985	0.4	457500	14005.618035316467
183	-44.58	-44.58	-37.8	1.0096524	0.46978033	6.022232	0.38657755	1.0232528	0.3	460000	14082.377383232117
184	-40.6	-40.6	-33.899998	0.9850753	0.4212321	7.3274417	0.38836363	0.994672	0.5	462500	14157.948811292648
185	-43.8	-43.8	-30.2	0.9736428	0.41148087	6.211427	0.34374845	0.9890006	0.5	465000	14236.931821107864
186	-45.18	-45.18	-31.3	0.9927013	0.47192937	9.231841	0.40844914	0.99726695	0.4	467500	14313.188155174255
187	-42.48	-42.48	-35.5	1.031371	0.4355817	5.4649415	0.41192845	1.0306199	0.5	470000	14392.413291454315
188	-37.94	-37.94	-34.399998	0.99726075	0.42953506	6.2403517	0.4599503	1.0006478	0.5	472500	14469.849655389786
189	-42.68	-42.68	-45.100002	1.0181141	0.44776627	6.811268	0.43826726	1.0284643	0.1	475000	14545.90263080597
190	-42.56	-42.56	-37.600002	1.0059117	0.4575353	7.924199	0.37503004	1.0083061	0.4	477500	14622.710050582886
191	-41.18	-41.18	-35.7	0.9922007	0.41057009	6.796521	0.38276547	0.99057215	0.4	480000	14700.481816768646
192	-39.48	-39.48	-36.3	1.002821	0.46293074	7.05847	0.42697883	0.99239606	0.5	482500	14776.386447906494
193	-43.84	-43.84	-35.8	0.99337417	0.44825	8.653532	0.4030523	0.9980592	0.4	485000	14852.825182199478
194	-41.9	-41.9	-34.100002	1.0165067	0.47220927	7.148377	0.42628792	1.0193222	0.3	487500	14927.515271186829
195	-36.98	-36.98	-33.2	1.0216798	0.49416217	7.348999	0.37037143	1.0078732	0.4	490000	15003.831540584564
196	-43.94	-43.94	-32.5	0.98967785	0.43569672	7.46908	0.40012467	0.9889101	0.5	492500	15079.9519469738
197	-41.32	-41.32	-38.8	0.97818315	0.39437082	5.4143133	0.37573963	0.9853449	0.3	495000	15156.551347732544
198	-39.84	-39.84	-41.5	0.9889595	0.4602198	7.0317717	0.36012068	0.98111516	0.3	497500	15234.32417845726
199	-40.28	-40.28	-38.0	1.001199	0.43072903	5.42814	0.41349742	1.009254	0.4	500000	15310.578912973404
200	-39.72	-39.72	-33.3	1.0074914	0.4726984	8.350962	0.43181854	1.0014209	0.5	502500	15386.936220407486
201	-41.44	-41.44	-35.3	0.9832256	0.40880296	7.067772	0.4211472	0.9768993	0.5	505000	15463.589456319809
202	-38.98	-38.98	-44.3	0.9610614	0.38016826	4.8312016	0.30075356	0.96102	0.2	507500	15539.346938848495
203	-42.18	-42.18	-41.600002	0.9839059	0.43452185	8.452606	0.43173707	0.9833572	0.3	510000	15615.871949911118
204	-35.64	-35.64	-31.5	0.9782327	0.484422	7.3886085	0.3298939	0.9861133	0.5	512500	15692.696509599686
205	-38.3	-38.3	-32.5	0.93904656	0.33865806	4.118347	0.39799255	0.9570349	0.5	515000	15768.089435577393
206	-41.14	-41.14	-29.1	0.972829	0.45430967	7.661948	0.39472073	0.9781665	0.7	517500	15845.219199419022
207	-42.12	-42.12	-39.5	0.9863192	0.49145207	8.659883	0.43993816	0.9838828	0.4	520000	15922.7086789608
208	-44.98	-44.98	-33.5	1.0049944	0.4482815	6.604991	0.3736462	0.9923008	0.5	522500	15998.228693008423
209	-38.64	-38.64	-37.3	1.0011799	0.4238115	6.055983	0.43703622	0.99209946	0.5	525000	16073.735129833221
210	-38.74	-38.74	-36.7	0.9871722	0.46682706	8.9722185	0.37055376	0.99581707	0.4	527500	16150.075042247772
211	-39.42	-39.42	-40.3	0.9842887	0.4921181	7.4762993	0.38241857	0.9930913	0.4	530000	16224.366365909576
212	-36.72	-36.72	-32.7	0.9852953	0.4729892	7.0039515	0.44646865	0.9756718	0.5	532500	16302.667047023773
213	-43.84	-43.84	-37.600002	0.91788256	0.3666559	7.0061874	0.33074287	0.92033225	0.5	535000	16378.451457977295
214	-37.76	-37.76	-46.3	0.955813	0.441227	9.057542	0.41962665	0.93744457	0.2	537500	16455.25089406967
215	-41.46	-41.46	-27.2	0.972392	0.44891134	8.096428	0.40851933	0.9622733	0.7	540000	16531.226562976837
216	-42.14	-42.14	-39.7	0.9450468	0.41949895	5.9709363	0.3835762	0.94023895	0.4	542500	16608.065886974335
217	-37.18	-37.18	-38.600002	0.93773925	0.42301106	7.5965896	0.42105722	0.9456467	0.3	545000	16684.99206829071
218	-41.48	-41.48	-38.8	0.9476233	0.41136566	6.3946943	0.31311226	0.9380201	0.3	547500	16763.243342638016
219	-39.0	-39.0	-36.100002	0.91776234	0.40429786	7.27017	0.3987522	0.9133882	0.5	550000	16839.04455590248
220	-38.54	-38.54	-31.5	0.92399716	0.39447355	5.705972	0.36594802	0.91454285	0.5	552500	16914.369529247284
221	-36.3	-36.3	-40.100002	0.9297208	0.36709067	4.968574	0.3922416	0.9241763	0.3	555000	16990.881200790405
222	-42.44	-42.44	-27.1	0.95987254	0.42390656	6.0941725	0.3665322	0.94980556	0.7	557500	17067.189687728882
223	-36.96	-36.96	-31.4	0.93661916	0.4237786	7.3981056	0.39136803	0.935175	0.5	560000	17142.92642903328
224	-40.44	-40.44	-39.0	0.90654993	0.369801	8.110391	0.4008808	0.9097064	0.3	562500	17220.316290855408
225	-37.56	-37.56	-32.600002	0.9060499	0.36715728	6.7486525	0.41066924	0.89600813	0.5	565000	17297.18404197693
226	-40.68	-40.68	-38.100002	0.9271183	0.4054865	5.786722	0.40785968	0.9230544	0.4	567500	17373.649904489517
227	-40.34	-40.34	-34.8	0.91968125	0.45915848	9.996061	0.40939337	0.90226024	0.5	570000	17452.487857580185
228	-40.58	-40.58	-39.899998	0.8892458	0.43648058	9.516389	0.36848357	0.88757753	0.5	572500	17528.76102399826
229	-41.68	-41.68	-38.899998	0.88982874	0.57910913	21.698963	0.31342763	0.87988865	0.4	575000	17605.08477449417
230	-39.68	-39.68	-37.100002	0.8920643	0.36774835	7.425469	0.39804164	0.87578785	0.5	577500	17681.196029424667
231	-40.32	-40.32	-30.8	0.8754004	0.31861258	5.500319	0.35644245	0.870265	0.7	580000	17758.374680757523
232	-38.82	-38.82	-27.5	0.8970493	0.38374653	6.9068394	0.41729915	0.8922057	0.6	582500	17835.978286266327
233	-40.8	-40.8	-43.399998	0.8870139	0.3076484	4.2734146	0.4117502	0.88459826	0.2	585000	17912.69438099861
234	-37.3	-37.3	-34.3	0.89201087	0.44865137	16.170269	0.3768884	0.8744204	0.5	587500	17988.651401758194
235	-38.06	-38.06	-36.399998	0.8875737	0.37402752	11.430889	0.27824724	0.8762874	0.4	590000	18066.35622572899
236	-38.16	-38.16	-25.2	0.8893132	0.64490056	25.99372	0.4132793	0.87744164	0.7	592500	18144.68663072586
237	-39.88	-39.88	-32.8	0.854066	0.31188038	5.2337737	0.35905567	0.8578249	0.4	595000	18220.849488973618
238	-45.48	-45.48	-35.7	0.8643292	0.31792095	5.0321207	0.33566695	0.85145706	0.3	597500	18297.983731508255
239	-43.28	-43.28	-30.7	0.89892405	0.55569994	12.394977	0.35428816	0.8705929	0.5	600000	18375.477477788925
240	-39.88	-39.88	-29.3	0.8587133	0.35049075	9.161879	0.33988157	0.84786594	0.6	602500	18452.81302332878
241	-38.4	-38.4	-30.2	0.8330615	0.27885443	4.272828	0.3411177	0.8412404	0.5	605000	18528.050529956818
242	-39.68	-39.68	-35.100002	0.87056303	0.39543438	11.216969	0.3687551	0.8661389	0.4	607500	18604.245121002197
243	-38.78	-38.78	-36.600002	0.88724256	0.33923912	5.088801	0.4124884	0.8808325	0.5	610000	18679.37585234642
244	-38.98	-38.98	-25.8	0.8687843	0.33866137	5.494311	0.34701583	0.85751295	0.8	612500	18756.662881851196
245	-41.56	-41.56	-16.0	0.8699124	0.33583602	4.032149	0.37377167	0.8671652	0.8	615000	18831.21174478531
246	-44.44	-44.44	-24.1	0.858724	0.32886124	5.6662245	0.32855383	0.8616221	0.7	617500	18907.98945736885
247	-36.1	-36.1	-28.6	0.86408764	0.320909	4.220814	0.40409374	0.85374284	0.6	620000	18984.62549519539
248	-41.52	-41.52	-35.0	0.85812926	0.32834113	5.8010025	0.3427929	0.85046166	0.4	622500	19063.08858036995
249	-39.94	-39.94	-29.0	0.8764794	0.36203575	6.039752	0.38594186	0.8583202	0.5	625000	19138.09116244316
250	-39.52	-39.52	-38.399998	0.8716477	0.33182773	6.388434	0.35291263	0.8627418	0.3	627500	19214.267323732376
251	-38.06	-38.06	-26.0	0.8636553	0.3163026	4.026238	0.3851825	0.85772544	0.7	630000	19290.388209819794
252	-38.28	-38.28	-32.899998	0.8673751	0.47261673	17.48657	0.39712864	0.8645919	0.5	632500	19365.788383722305
253	-41.34	-41.34	-31.2	0.8513899	0.29360816	4.903125	0.3795417	0.84952503	0.5	635000	19441.288753271103
254	-38.68	-38.68	-25.5	0.8726975	0.35058516	7.1876855	0.33065996	0.86540633	0.6	637500	19519.980547189713
255	-42.28	-42.28	-17.6	0.8649017	0.34367216	5.4286346	0.34739727	0.8626643	0.8	640000	19596.92192173004
256	-40.52	-40.52	-21.0	0.91929644	0.5763095	18.57027	0.41572142	0.91012305	0.7	642500	19673.773087739944
257	-36.76	-36.76	-30.0	0.8520126	0.35675183	11.01301	0.32924974	0.8481106	0.6	645000	19749.7126789093
258	-34.9	-34.9	-35.600002	0.87652194	0.40917894	9.13782	0.37987924	0.87395924	0.4	647500	19826.513132810593
259	-42.4	-42.4	-38.0	0.90209585	0.4177312	10.027673	0.33387685	0.8951578	0.5	650000	19903.13228750229
260	-41.12	-41.12	-43.100002	0.89435154	0.39899668	7.3402557	0.38846827	0.88264716	0.2	652500	19983.68290066719
261	-38.66	-38.66	-31.2	0.8895222	0.6845754	27.261501	0.34745547	0.87640065	0.6	655000	20060.968756198883
262	-36.76	-36.76	-31.4	0.870126	0.32932308	4.838761	0.40845573	0.869127	0.5	657500	20137.777457475662
263	-41.7	-41.7	-23.0	0.8814256	0.3542017	5.101198	0.41877973	0.86678857	0.7	660000	20214.76856160164
264	-40.38	-40.38	-31.5	0.8503902	0.3267806	6.0337753	0.37999192	0.8486885	0.4	662500	20291.43205165863
265	-43.36	-43.36	-24.7	0.8520148	0.31866097	4.14592	0.28999096	0.847951	0.7	665000	20368.249522924423
266	-39.6	-39.6	-30.1	0.8610919	0.32003182	3.8542166	0.36831787	0.85930103	0.7	667500	20443.930487394333
267	-38.56	-38.56	-39.7	0.87326515	0.5571331	20.75984	0.37379596	0.86586034	0.3	670000	20520.509360551834
268	-38.54	-38.54	-23.4	0.8566758	0.30706877	5.558666	0.35767758	0.84819615	0.8	672500	20597.944967508316
269	-36.48	-36.48	-34.8	0.87221557	0.44087487	10.058822	0.35011214	0.8590274	0.3	675000	20675.444366693497
270	-39.7	-39.7	-30.8	0.86296093	0.36089155	5.785631	0.38020808	0.8619069	0.6	677500	20752.04923772812
271	-34.58	-34.58	-37.8	0.84822977	0.32101032	4.671944	0.37265474	0.84493923	0.3	680000	20829.849047899246
272	-36.04	-36.04	-27.4	0.8736938	0.5360111	18.251213	0.3668645	0.8614467	0.6	682500	20907.20424413681
273	-41.1	-41.1	-26.2	0.8821043	0.5042828	11.698408	0.39889818	0.8529207	0.6	685000	20983.272228717804
274	-38.38	-38.38	-30.3	0.8572983	0.45761302	11.450726	0.3182425	0.84632665	0.6	687500	21060.213535785675
275	-39.28	-39.28	-29.2	0.8605677	0.4307201	12.205774	0.39563447	0.8417813	0.6	690000	21137.428507089615
276	-40.9	-40.9	-41.2	0.85059935	0.31512737	4.7165556	0.34350884	0.84275186	0.2	692500	21213.966736078262
277	-40.3	-40.3	-30.4	0.8500492	0.32007447	4.550418	0.33599204	0.8438424	0.7	695000	21289.364804029465
278	-38.8	-38.8	-27.3	0.86097515	0.58947486	22.48334	0.3929792	0.8483877	0.6	697500	21365.19460773468
279	-36.14	-36.14	-23.8	0.8694898	0.4780537	16.774046	0.4004684	0.8540364	0.8	700000	21440.478861808777
280	-42.6	-42.6	-23.4	0.86800295	0.32997015	4.168262	0.36619234	0.8532059	0.7	702500	21515.50895500183
281	-35.22	-35.22	-25.3	0.8356277	0.30447426	4.6151023	0.349998	0.8234542	0.7	705000	21592.90198636055
282	-36.56	-36.56	-17.199999	0.8341589	0.30479953	5.001662	0.35290688	0.82758385	0.9	707500	21669.66771173477
283	-41.86	-41.86	-32.600002	0.8394049	0.3569978	9.742395	0.35896415	0.81589615	0.4	710000	21747.377041339874
284	-38.9	-38.9	-28.4	0.8655997	0.3863914	5.8166575	0.3982061	0.8520261	0.6	712500	21824.31799674034
285	-31.2	-31.2	-29.4	0.8284649	0.34062362	8.908185	0.34876627	0.81470513	0.7	715000	21899.237242221832
286	-37.12	-37.12	-25.3	0.8228158	0.28339556	4.2158103	0.33543307	0.82104266	0.7	717500	21975.928300380707
287	-37.56	-37.56	-19.199999	0.8165063	0.31055114	5.1827097	0.39972055	0.8134492	0.8	720000	22051.09599685669
288	-41.82	-41.82	-19.9	0.8459563	0.5709842	18.665775	0.38432205	0.8309513	0.8	722500	22126.33337688446
289	-34.16	-34.16	-22.4	0.8570995	0.3831594	6.960131	0.39857718	0.8459971	0.7	725000	22200.58670592308
290	-36.92	-36.92	-30.3	0.8402826	0.3495371	5.6315646	0.31033957	0.8257472	0.6	727500	22276.889553785324
291	-31.84	-31.84	-31.3	0.83071965	0.33170992	6.108654	0.31229013	0.82376266	0.7	730000	22355.1120698452
292	-40.08	-40.08	-29.9	0.85267484	0.51729596	18.539076	0.4234497	0.8514125	0.6	732500	22432.233946561813
293	-42.38	-42.38	-25.6	0.8245071	0.4016534	11.966445	0.37614974	0.8092528	0.7	735000	22509.235184907913
294	-39.44	-39.44	-34.7	0.83159304	0.39481655	8.705073	0.38187492	0.82983226	0.4	737500	22584.66096830368
295	-37.86	-37.86	-30.3	0.8326669	0.32619888	5.5202885	0.3340831	0.8151945	0.5	740000	22661.823899030685
296	-38.3	-38.3	-24.3	0.83137596	0.3336405	6.390245	0.36795235	0.81191194	0.8	742500	22736.843833446503
297	-37.54	-37.54	-22.0	0.8149301	0.36600858	11.394385	0.39608246	0.8041459	0.8	745000	22812.574253559113
298	-32.36	-32.36	-26.1	0.8285791	0.32660967	5.4870124	0.2937457	0.82105786	0.6	747500	22888.292303323746
299	-35.28	-35.28	-18.4	0.83756715	0.38352877	6.8856583	0.3129202	0.82885396	0.9	750000	22963.336646080017
300	-39.24	-39.24	-30.3	0.8395581	0.49632546	15.164665	0.39597684	0.814884	0.6	752500	23037.15182709694
301	-38.46	-38.46	-26.4	0.83281755	0.83884877	34.410088	0.3431442	0.8123828	0.7	755000	23112.35067510605
302	-37.56	-37.56	-34.600002	0.8274993	0.3790489	9.112721	0.30131608	0.81637526	0.5	757500	23187.705359458923
303	-37.2	-37.2	-24.8	0.8168716	0.3019226	5.7398763	0.37952548	0.81089246	0.8	760000	23264.016701221466
304	-38.26	-38.26	-42.899998	0.786579	0.2787136	3.9150088	0.31602234	0.7773225	0.1	762500	23340.794515132904
305	-36.62	-36.62	-23.4	0.7866684	0.30222198	5.214277	0.35725302	0.7855262	0.6	765000	23416.530096054077
306	-35.22	-35.22	-32.7	0.79797596	0.30721426	5.4084578	0.38578463	0.7942639	0.5	767500	23493.32986497879
307	-39.8	-39.8	-18.6	0.80494434	0.33096787	5.0647893	0.3537417	0.79774725	0.8	770000	23568.518295764923
308	-39.84	-39.84	-26.9	0.79324234	0.30686185	5.2568846	0.30745322	0.7936266	0.7	772500	23644.0890045166
309	-36.66	-36.66	-23.199999	0.7721829	0.2860612	4.7614174	0.34902292	0.7638287	0.8	775000	23721.342646837234
310	-38.62	-38.62	-30.8	0.8123263	0.3709438	6.7013702	0.3381723	0.7953889	0.5	777500	23797.513237953186
311	-30.92	-30.92	-18.800001	0.79879946	0.34077832	5.484312	0.3746216	0.79376996	0.8	780000	23874.33927512169
312	-37.76	-37.76	-31.8	0.78729224	0.32257915	5.920936	0.34840044	0.77978075	0.6	782500	23950.95152759552
313	-37.42	-37.42	-25.4	0.78237647	0.38601127	9.152761	0.33758363	0.78170717	0.6	785000	24027.24443936348
314	-40.58	-40.58	-27.9	0.80690074	0.29491282	4.1165333	0.2896738	0.8018666	0.6	787500	24102.135453224182
315	-35.22	-35.22	-34.5	0.7906996	0.31842208	6.509437	0.37640935	0.7884043	0.4	790000	24179.505937099457
316	-34.4	-34.4	-30.7	0.80945605	0.35380796	8.444416	0.30151358	0.78855586	0.5	792500	24255.637051582336
317	-36.22	-36.22	-19.5	0.782168	0.2785992	4.7755136	0.3671841	0.7744865	0.8	795000	24331.838154554367
318	-36.2	-36.2	-25.7	0.79640776	0.28494027	4.117222	0.38072538	0.78375214	0.7	797500	24408.319230556488
319	-38.12	-38.12	-32.3	0.80350715	0.36833808	9.10348	0.33076596	0.7857078	0.5	800000	24484.02333331108
320	-35.84	-35.84	-22.1	0.777305	0.30006853	7.2649684	0.37801343	0.7691165	0.6	802500	24558.988574266434
321	-35.08	-35.08	-32.600002	0.78250927	0.3304842	6.6747613	0.3198987	0.7696427	0.5	805000	24635.929012537003
322	-39.72	-39.72	-23.1	0.80696326	0.39144787	10.207547	0.38540605	0.7963773	0.7	807500	24712.181198835373
323	-39.54	-39.54	-19.1	0.8180161	0.48803318	10.812946	0.34515095	0.80128694	0.9	810000	24787.573061466217
324	-39.54	-39.54	-35.0	0.7919473	0.35015115	7.4089236	0.31208944	0.7829577	0.4	812500	24862.96832871437
325	-38.02	-38.02	-21.199999	0.7672393	0.33974046	8.284337	0.31680197	0.75285697	0.6	815000	24941.045988082886
326	-36.04	-36.04	-34.5	0.77440256	0.24545333	3.481548	0.34165698	0.75993955	0.4	817500	25017.417397737503
327	-34.84	-34.84	-23.199999	0.7762558	0.29096672	5.8326554	0.35598657	0.76590514	0.7	820000	25095.232941150665
328	-38.72	-38.72	-36.8	0.793709	0.3301607	6.1300607	0.3640896	0.7809856	0.3	822500	25172.296314239502
329	-38.9	-38.9	-23.7	0.80647486	0.37278178	6.0177603	0.35387412	0.7931014	0.7	825000	25248.775447368622
330	-35.18	-35.18	-22.300001	0.7800046	0.34517246	7.522142	0.3611378	0.76457345	0.8	827500	25326.602670669556
331	-36.08	-36.08	-19.300001	0.7902898	0.5046584	13.61828	0.3899868	0.770598	0.7	830000	25403.208537817
332	-36.84	-36.84	-29.6	0.8312425	0.5911736	12.808355	0.30471218	0.7971858	0.6	832500	25479.790579795837
333	-36.08	-36.08	-31.4	0.7860521	0.33588216	5.6748853	0.38699007	0.77111554	0.4	835000	25556.061988592148
334	-32.66	-32.66	-34.100002	0.7558399	0.28088558	6.6401167	0.35021704	0.74931675	0.5	837500	25632.091444015503
335	-33.02	-33.02	-23.7	0.7803167	0.3966374	8.582642	0.34739053	0.76675516	0.6	840000	25711.783292770386
336	-37.16	-37.16	-23.6	0.783205	0.32036585	5.985488	0.28949505	0.7665619	0.9	842500	25788.989320993423
337	-38.16	-38.16	-40.8	0.75859857	0.29756215	7.495594	0.35920435	0.75973153	0.2	845000	25867.108887195587
338	-33.82	-33.82	-25.6	0.747438	0.35429153	10.8742895	0.29659006	0.7411586	0.6	847500	25943.05118370056
339	-35.8	-35.8	-18.800001	0.7867845	0.34205732	7.424958	0.32009566	0.77480423	0.9	850000	26017.862500429153
340	-38.76	-38.76	-22.300001	0.7856826	0.40022382	10.606682	0.35946	0.759274	0.7	852500	26095.206137418747
341	-40.74	-40.74	-16.699999	0.76579434	0.31122196	6.1029577	0.38309723	0.7497464	0.7	855000	26173.215342521667
342	-37.46	-37.46	-23.5	0.7561782	0.24622	3.1940575	0.36564818	0.7551416	0.6	857500	26248.60742688179
343	-38.22	-38.22	-27.6	0.7618529	0.31632653	7.9754286	0.34191033	0.7572371	0.6	860000	26325.919347286224
344	-32.42	-32.42	-22.699999	0.76829505	0.31178132	4.800491	0.3490688	0.7614119	0.7	862500	26401.829780340195
345	-37.96	-37.96	-20.5	0.7799635	0.39881858	7.47498	0.3004244	0.76680833	0.7	865000	26478.343701839447
346	-33.88	-33.88	-25.8	0.76754874	0.33721346	4.607272	0.3257382	0.758935	0.7	867500	26553.09034061432
347	-32.98	-32.98	-27.5	0.7427887	0.27492553	4.2370396	0.29631653	0.7382767	0.7	870000	26627.71577692032
348	-38.24	-38.24	-31.9	0.749548	0.2688051	3.6881847	0.3734152	0.73695415	0.5	872500	26703.907093286514
349	-35.52	-35.52	-20.6	0.7491498	0.31682318	8.343152	0.36109483	0.73456794	0.8	875000	26779.12424993515
350	-35.66	-35.66	-27.9	0.76204616	0.34075266	6.57982	0.3191719	0.7446794	0.6	877500	26855.3546500206
351	-36.8	-36.8	-28.1	0.7338345	0.3187364	6.662807	0.32925832	0.71982396	0.6	880000	26932.870966911316
352	-35.34	-35.34	-22.1	0.75721407	0.34073362	7.0775514	0.36737552	0.73414415	0.8	882500	27009.12611556053
353	-36.0	-36.0	-19.5	0.7508412	0.522464	19.450647	0.33400178	0.7321937	0.8	885000	27084.488233566284
354	-34.48	-34.48	-24.0	0.73572814	0.34376147	8.920211	0.32516235	0.7256561	0.8	887500	27159.267785072327
355	-38.06	-38.06	-22.800001	0.7396576	0.2846304	6.285035	0.369675	0.727142	0.7	890000	27237.705347776413
356	-38.04	-38.04	-15.0	0.74080086	0.4240241	8.356181	0.35747194	0.7286334	0.9	892500	27313.080683469772
357	-37.1	-37.1	-16.5	0.7191928	0.36332548	8.260796	0.36621684	0.7071692	0.9	895000	27390.117678165436
358	-36.56	-36.56	-33.8	0.724066	0.29981717	4.396833	0.3351633	0.71379673	0.5	897500	27465.399790287018
359	-36.04	-36.04	-20.1	0.7313874	0.32564527	4.57332	0.3425545	0.7124171	0.8	900000	27540.354091644287
360	-31.96	-31.96	-26.8	0.73879904	0.34292498	5.572517	0.33380818	0.72018945	0.6	902500	27616.100775957108
361	-31.62	-31.62	-14.3	0.71721685	0.33841243	5.851518	0.32944152	0.69979054	0.9	905000	27692.993101358414
362	-34.88	-34.88	-18.0	0.727003	0.38838565	8.275871	0.35755667	0.710662	0.9	907500	27769.764847517014
363	-35.88	-35.88	-24.2	0.6952135	0.26235107	4.203501	0.30158734	0.68844587	0.7	910000	27844.841479063034
364	-34.98	-34.98	-25.9	0.7134517	0.26487806	4.178461	0.33665568	0.70716715	0.6	912500	27920.377452611923
365	-33.76	-33.76	-27.2	0.70843995	0.33642587	6.1930323	0.31343246	0.70146894	0.7	915000	27998.33764743805
366	-38.9	-38.9	-17.4	0.7024353	0.27530968	3.8060122	0.3243427	0.6944453	0.8	917500	28075.460708618164
367	-35.44	-35.44	-24.6	0.7057353	0.29931223	7.4165497	0.30636197	0.6943955	0.8	920000	28152.816531658173
368	-37.62	-37.62	-27.1	0.732903	0.4369858	12.129091	0.3250566	0.7155771	0.6	922500	28227.59682226181
369	-37.44	-37.44	-17.5	0.70063674	0.24477683	4.035763	0.30329418	0.70285857	0.9	925000	28303.22644162178
370	-33.42	-33.42	-30.4	0.7053254	0.26641622	5.174267	0.34285116	0.7018818	0.7	927500	28377.837195634842
371	-35.76	-35.76	-27.5	0.7017037	0.2758918	7.001955	0.31878826	0.69228977	0.7	930000	28452.459129333496
372	-29.94	-29.94	-27.0	0.70778626	0.3006514	4.8736567	0.3215707	0.69725096	0.6	932500	28528.673496961594
373	-37.42	-37.42	-25.1	0.7022186	0.25483888	3.5248294	0.31901658	0.6970786	0.6	935000	28605.975746393204
374	-35.4	-35.4	-22.5	0.7291254	0.3298368	7.1707797	0.32651109	0.7214439	0.8	937500	28682.76844549179
375	-34.22	-34.22	-21.300001	0.7221143	0.358209	7.4650316	0.30758584	0.7141516	0.8	940000	28756.73848247528
376	-35.56	-35.56	-16.9	0.7173215	0.32185522	5.419229	0.28855205	0.7153602	0.8	942500	28833.40602660179
377	-35.5	-35.5	-32.7	0.72449857	0.32606393	6.387102	0.3423047	0.7207891	0.4	945000	28911.043567419052
378	-37.42	-37.42	-20.800001	0.6816211	0.2768819	4.3159924	0.2915328	0.67606825	0.8	947500	28988.839000940323
379	-38.42	-38.42	-22.1	0.6975064	0.25521767	4.2524624	0.3193707	0.6937208	0.7	950000	29061.512208223343
380	-34.5	-34.5	-16.1	0.7232914	0.35527894	7.076569	0.3295262	0.72687876	0.8	952500	29134.27384853363
381	-35.26	-35.26	-20.300001	0.7240474	0.39110762	9.749771	0.32133597	0.72272456	0.7	955000	29207.747291326523
382	-39.82	-39.82	-20.199999	0.7078191	0.33467862	8.710782	0.27903214	0.6976289	0.7	957500	29280.54208421707
383	-37.5	-37.5	-20.300001	0.71526265	0.33323747	7.108616	0.27251697	0.7190813	0.8	960000	29352.562821149826
384	-36.18	-36.18	-24.1	0.6944595	0.2682298	5.804191	0.309034	0.6948566	0.7	962500	29424.80816411972
385	-36.4	-36.4	-17.9	0.71139777	0.3250131	7.0763597	0.33577	0.7108165	0.8	965000	29497.66208100319
386	-38.34	-38.34	-28.5	0.69568604	0.28221643	5.3751287	0.31537086	0.69189245	0.5	967500	29568.699815750122
387	-33.2	-33.2	-33.399998	0.7337998	0.34797707	7.114628	0.31695813	0.7215999	0.4	970000	29642.1813454628
388	-34.04	-34.04	-14.2	0.7370948	0.3337393	5.0832953	0.3019539	0.72613704	0.9	972500	29713.117783546448
389	-36.72	-36.72	-22.199999	0.7277317	0.32591772	5.3809185	0.32952547	0.7266254	0.6	975000	29783.41051530838
390	-34.8	-34.8	-20.6	0.7021957	0.3511241	7.173566	0.3149665	0.69234574	0.8	977500	29857.52643942833
391	-37.06	-37.06	-25.6	0.6990372	0.33634478	6.802025	0.29201737	0.6956805	0.7	980000	29929.316559314728
392	-34.88	-34.88	-19.5	0.69014525	0.2640754	4.8098955	0.35054985	0.6911628	0.8	982500	29998.003583431244
393	-39.3	-39.3	-17.5	0.6881671	0.23190773	3.657823	0.3092351	0.6818895	0.9	985000	30069.13349723816
394	-32.94	-32.94	-16.699999	0.7021885	0.33428708	7.5860486	0.33306164	0.7005326	0.9	987500	30139.178339481354
395	-34.7	-34.7	-16.0	0.67915857	0.26021	4.445388	0.31560376	0.6736809	0.9	990000	30210.456515789032
396	-32.66	-32.66	-11.400001	0.70326763	0.29755527	5.701468	0.288194	0.6951808	0.9	992500	30282.506722927094
397	-38.74	-38.74	-16.1	0.7053345	0.27467197	5.095158	0.28117782	0.7076527	1.0	995000	30352.34440803528
398	-34.68	-34.68	-21.9	0.7023797	0.29766446	5.4813585	0.34508514	0.69998306	0.7	997500	30423.098608255386
399	-34.86	-34.86	-20.1	0.7061226	0.3934858	11.518007	0.3196929	0.69879794	0.7	1000000	30492.240763902664
400	-39.26	-39.26	-22.699999	0.6814638	0.24772285	4.0970163	0.32132673	0.6895761	0.6	1002500	30560.898728609085
401	-39.12	-39.12	-17.800001	0.6901882	0.31206673	8.511099	0.3042388	0.69307303	0.8	1005000	30629.948620080948
402	-36.0	-36.0	-18.300001	0.69293493	0.31955916	5.4950433	0.31903574	0.6910702	0.9	1007500	30696.692728996277
403	-34.02	-34.02	-20.1	0.67476696	0.2960231	5.3629317	0.27944088	0.67442423	0.9	1010000	30765.561041355133
404	-36.6	-36.6	-28.5	0.69461644	0.31552136	6.6641555	0.33029997	0.6926364	0.5	1012500	30832.857927322388
405	-38.46	-38.46	-24.4	0.6921504	0.33683062	5.973098	0.32974753	0.69859123	0.7	1015000	30902.861305952072
406	-40.2	-40.2	-25.2	0.6958827	0.41441533	9.391075	0.32836336	0.69364697	0.6	1017500	30974.33433532715
407	-33.58	-33.58	-22.9	0.68135166	0.31091383	6.184409	0.2713252	0.68392944	0.8	1020000	31043.40324306488
408	-38.32	-38.32	-20.4	0.6998908	0.3365604	5.301861	0.32344133	0.6874765	0.9	1022500	31116.097687005997
409	-35.84	-35.84	-25.0	0.6638147	0.27418888	4.835226	0.29963273	0.6722659	0.7	1025000	31188.272610664368
410	-33.96	-33.96	-20.699999	0.6703417	0.28926638	4.5041413	0.30589753	0.6746456	0.8	1027500	31257.19559621811
411	-32.86	-32.86	-23.9	0.65736985	0.29965863	5.2970867	0.31407976	0.6659283	0.6	1030000	31325.78661298752
412	-32.6	-32.6	-22.699999	0.67675745	0.32200402	5.163117	0.26988545	0.6764579	0.7	1032500	31395.50915622711
413	-34.38	-34.38	-16.4	0.6806474	0.31920093	4.943599	0.2658483	0.66919655	0.9	1035000	31468.255521535873
414	-36.24	-36.24	-21.4	0.6738486	0.30268982	5.109269	0.29727995	0.67218846	0.8	1037500	31541.557227373123
415	-36.04	-36.04	-34.2	0.65616953	0.23377539	2.9444692	0.32285315	0.6593686	0.5	1040000	31612.584465026855
416	-31.42	-31.42	-20.9	0.6720985	0.37090665	11.670184	0.297122	0.67416775	0.8	1042500	31681.49213242531
417	-37.24	-37.24	-23.9	0.68581307	0.31456864	4.985726	0.28160545	0.67797786	0.8	1045000	31755.285779237747
418	-32.72	-32.72	-22.1	0.6502316	0.26986796	3.9889164	0.27338544	0.6541548	0.7	1047500	31825.49011516571
419	-37.36	-37.36	-26.2	0.66430384	0.34196287	8.661192	0.2745895	0.67695415	0.8	1050000	31894.03344130516
420	-37.18	-37.18	-28.1	0.6574639	0.31534326	6.6968427	0.30954164	0.66130203	0.5	1052500	31962.845526218414
421	-36.24	-36.24	-21.5	0.6440702	0.28547776	5.14742	0.30760938	0.6459745	0.9	1055000	32029.7822971344
422	-35.72	-35.72	-14.5	0.66504604	0.29992408	4.1131997	0.2751863	0.65726393	1.0	1057500	32093.282051563263
423	-37.42	-37.42	-18.300001	0.67608863	0.31131455	4.5500927	0.32004234	0.66988975	0.8	1060000	32157.017013549805
424	-35.7	-35.7	-12.1	0.6468531	0.26228392	5.469133	0.29373232	0.6445176	1.0	1062500	32219.154695034027
425	-34.44	-34.44	-17.0	0.65807325	0.31193423	4.895772	0.30051893	0.65538645	0.9	1065000	32286.789635658264
426	-33.48	-33.48	-22.0	0.6448636	0.28261167	5.3372097	0.27743012	0.63981515	0.8	1067500	32356.605090379715
427	-34.54	-34.54	-23.5	0.6539983	0.24914968	3.1452541	0.3209545	0.65356666	0.6	1070000	32423.30911207199
428	-35.44	-35.44	-19.300001	0.64955676	0.22569308	2.348888	0.29568928	0.65173864	0.9	1072500	32490.76550912857
429	-33.7	-33.7	-24.7	0.61328405	0.22878732	3.3863037	0.28717476	0.6048257	0.7	1075000	32555.40643262863
430	-38.0	-38.0	-22.4	0.64439666	0.31505787	6.809189	0.24509335	0.6338095	0.8	1077500	32619.899350643158
431	-34.68	-34.68	-14.9	0.6491281	0.256851	3.7738683	0.30872396	0.6519109	1.0	1080000	32684.793219327927
432	-34.98	-34.98	-20.300001	0.6503984	0.29886863	7.6131005	0.3006069	0.6374038	0.8	1082500	32745.90307855606
433	-34.66	-34.66	-17.5	0.6562075	0.29216614	4.546181	0.32240674	0.6597806	1.0	1085000	32808.578293561935
434	-38.18	-38.18	-19.699999	0.6599662	0.3098486	5.2508597	0.31192413	0.65586	0.9	1087500	32867.5930249691
435	-37.3	-37.3	-17.5	0.6466766	0.27426636	4.640522	0.2907306	0.64957213	0.9	1090000	32928.920711278915
436	-34.7	-34.7	-19.199999	0.6449315	0.27668768	5.266738	0.3154313	0.63963723	0.8	1092500	32991.09109091759
437	-33.66	-33.66	-15.8	0.647234	0.2885733	5.1919084	0.28606582	0.6487612	1.0	1095000	33053.960587739944
438	-33.52	-33.52	-16.5	0.6490138	0.26265746	3.832561	0.2731849	0.65808624	1.0	1097500	33113.89385795593
439	-38.88	-38.88	-24.0	0.6651449	0.36708522	8.455922	0.30452713	0.6508543	0.8	1100000	33172.89444684982
440	-35.14	-35.14	-16.699999	0.6489757	0.27656916	4.9266863	0.2990479	0.65119016	1.0	1102500	33235.846720695496
441	-33.56	-33.56	-17.5	0.65807116	0.3974016	10.341766	0.30979788	0.65399694	0.9	1105000	33295.62135362625
442	-36.24	-36.24	-11.400001	0.64723015	0.3359817	9.528931	0.3116445	0.64787436	1.0	1107500	33354.601881980896
443	-37.26	-37.26	-18.300001	0.6582173	0.34802678	8.341577	0.26996344	0.6661089	1.0	1110000	33410.187733888626
444	-37.48	-37.48	-26.4	0.6582399	0.29580995	4.0142164	0.28954518	0.6639725	0.6	1112500	33470.81224536896
445	-34.62	-34.62	-18.800001	0.6477937	0.33225173	9.816067	0.30101842	0.6440519	0.9	1115000	33529.878581762314
446	-33.66	-33.66	-21.6	0.63283396	0.25576213	3.4815552	0.25334668	0.6343647	0.8	1117500	33589.004871845245
447	-38.6	-38.6	-21.199999	0.6192827	0.29304218	6.4455295	0.28163216	0.6192931	0.7	1120000	33648.02321076393
448	-33.52	-33.52	-18.800001	0.6289017	0.27889696	4.052139	0.3003278	0.63315666	0.9	1122500	33708.42741584778
449	-36.24	-36.24	-15.8	0.6245365	0.26787397	4.3136683	0.24956839	0.62536764	0.9	1125000	33770.330864191055
450	-39.5	-39.5	-18.699999	0.630848	0.26749122	4.2982664	0.2544669	0.6293865	0.9	1127500	33829.75266313553
451	-42.2	-42.2	-17.0	0.6176046	0.23740856	3.6623228	0.29876986	0.62209994	0.9	1130000	33888.96179866791
452	-35.2	-35.2	-21.5	0.6330862	0.271981	4.0517864	0.31087068	0.6452137	0.7	1132500	33947.55442094803
453	-34.48	-34.48	-14.5	0.66833997	0.3244219	5.422944	0.32290372	0.68419385	1.0	1135000	34006.797656059265
454	-39.02	-39.02	-16.699999	0.6632287	0.34346735	4.7157507	0.30849952	0.66613144	0.9	1137500	34067.47561907768
455	-32.4	-32.4	-13.3	0.6411728	0.38025904	9.686448	0.27854425	0.66094947	1.0	1140000	34128.7919588089
456	-34.26	-34.26	-18.4	0.6655363	0.30088803	3.7798915	0.30179542	0.6627154	0.8	1142500	34188.66728115082
457	-34.5	-34.5	-22.1	0.6495825	0.29062015	3.9926221	0.27594244	0.6525994	0.9	1145000	34247.34466814995
458	-35.28	-35.28	-17.6	0.6529094	0.34785154	7.5381384	0.3095462	0.64950705	0.8	1147500	34307.04502558708
459	-35.84	-35.84	-15.7	0.6514599	0.3378081	6.726338	0.30986297	0.654202	0.9	1150000	34367.88274145126
460	-35.84	-35.84	-19.0	0.6263179	0.3173149	7.737612	0.28024298	0.62535626	0.9	1152500	34429.78727507591
461	-31.54	-31.54	-12.6	0.63269687	0.28147215	6.34213	0.2817444	0.6298482	1.0	1155000	34489.465846300125
462	-32.28	-32.28	-16.800001	0.6414293	0.2961457	5.3940487	0.31448185	0.6331946	0.9	1157500	34549.81519031525
463	-36.28	-36.28	-25.7	0.6414618	0.29512405	5.351069	0.27150804	0.6357812	0.5	1160000	34610.79000329971
464	-32.52	-32.52	-19.5	0.65724933	0.387499	9.222633	0.29024166	0.6406535	0.8	1162500	34673.10475921631
465	-33.18	-33.18	-13.1	0.646297	0.3082793	4.1154914	0.29982585	0.64014363	1.0	1165000	34732.31946992874
466	-36.96	-36.96	-14.5	0.6580156	0.38124627	8.813991	0.28918573	0.64328927	1.0	1167500	34792.61493182182
467	-33.84	-33.84	-17.0	0.67351395	0.38238153	5.894602	0.28430367	0.67084754	1.0	1170000	34850.814661979675
468	-36.86	-36.86	-17.4	0.6567468	0.31070945	4.0391006	0.25341278	0.66129947	0.9	1172500	34908.91175508499
469	-37.06	-37.06	-20.0	0.6577451	0.3178063	4.4174266	0.271588	0.6634116	0.7	1175000	34969.15442228317
470	-33.22	-33.22	-17.0	0.66006255	0.31777376	4.57669	0.29345554	0.6684429	0.9	1177500	35031.449909448624
471	-32.68	-32.68	-14.3	0.676865	0.3307868	4.2002897	0.26971954	0.6655445	1.0	1180000	35092.989916324615
472	-32.06	-32.06	-15.6	0.6418251	0.3343716	6.0545173	0.28003055	0.6453369	1.0	1182500	35151.90005111694
473	-37.14	-37.14	-12.4	0.6680609	0.39282668	6.7301855	0.3271532	0.6564447	1.0	1185000	35211.92676615715
474	-37.08	-37.08	-13.7	0.64911366	0.37279713	8.691118	0.285212	0.651479	1.0	1187500	35271.455275774
475	-32.62	-32.62	-14.8	0.6423673	0.3025115	4.4912024	0.25438273	0.6420974	1.0	1190000	35331.92567443848
476	-35.92	-35.92	-18.1	0.6596047	0.34839	8.229856	0.28396264	0.65115917	0.8	1192500	35393.141164541245
477	-34.96	-34.96	-19.699999	0.65917474	0.34507805	6.142616	0.31317356	0.6670921	1.0	1195000	35452.96504712105
478	-32.0	-32.0	-15.3	0.65492177	0.30579236	3.8065224	0.2906759	0.6536261	0.8	1197500	35511.472698926926
479	-36.9	-36.9	-14.3	0.6465599	0.3109405	5.273309	0.30312455	0.6459558	1.0	1200000	35572.40448498726
480	-35.2	-35.2	-16.300001	0.6474491	0.31634703	4.446559	0.2669236	0.6518983	1.0	1202500	35633.15311408043
481	-33.16	-33.16	-21.5	0.656704	0.3571323	6.2066364	0.2699728	0.6522018	0.8	1205000	35694.540902137756
482	-36.66	-36.66	-16.300001	0.6365836	0.32422858	7.804019	0.28014532	0.64255804	0.9	1207500	35756.107325553894
483	-35.46	-35.46	-13.5	0.67742205	0.3977987	6.4774528	0.27174473	0.6814998	1.0	1210000	35814.31583094597
484	-36.98	-36.98	-15.8	0.6346771	0.3057287	4.2992253	0.31335163	0.6387518	0.9	1212500	35874.93422341347
485	-36.46	-36.46	-20.800001	0.656908	0.3237045	6.843608	0.3130176	0.6537063	0.8	1215000	35937.396515607834
486	-34.98	-34.98	-23.0	0.6426958	0.31532836	5.2756815	0.28374848	0.63594824	0.7	1217500	35991.309111356735
487	-32.0	-32.0	-15.5	0.63805467	0.3133965	6.800707	0.29789522	0.63719255	1.0	1220000	36038.432908535004
488	-35.98	-35.98	-15.2	0.6713587	0.3677875	5.43948	0.28816277	0.6592744	1.0	1222500	36085.43637561798
489	-32.84	-32.84	-15.8	0.64939284	0.32517716	4.571704	0.2966752	0.6408441	1.0	1225000	36132.01417136192
490	-35.0	-35.0	-13.8	0.64028966	0.31725264	4.524512	0.2973399	0.64396375	1.0	1227500	36178.66814208031
491	-35.18	-35.18	-18.1	0.6559337	0.32062334	4.952825	0.28450793	0.6489704	0.9	1230000	36225.44828772545
492	-32.36	-32.36	-17.699999	0.6353053	0.3145506	6.2438126	0.28665522	0.6328365	1.0	1232500	36271.69121456146
493	-34.08	-34.08	-16.0	0.6718755	0.39408588	5.733915	0.2562288	0.665154	1.0	1235000	36317.98837637901
494	-35.98	-35.98	-13.9	0.6556124	0.3211264	4.684377	0.28846988	0.65408564	1.0	1237500	36362.85486245155
495	-32.12	-32.12	-19.300001	0.6400623	0.35084945	6.4673586	0.28743565	0.6393245	0.9	1240000	36405.919962882996
496	-32.88	-32.88	-15.3	0.6595537	0.34340742	5.4088345	0.31280696	0.6505555	0.9	1242500	36449.30706739426
497	-36.56	-36.56	-16.4	0.64723647	0.32485974	4.704154	0.30207267	0.6567521	1.0	1245000	36493.13788151741
498	-36.8	-36.8	-18.199999	0.63385624	0.307202	5.313316	0.29670823	0.6296829	0.9	1247500	36535.48074102402
499	-32.82	-32.82	-18.300001	0.64965653	0.30125526	3.724144	0.29903585	0.6583281	0.9	1250000	36578.03400301933
