Epoch	EpRet	EpRealRet	TestEpRet	AverageQ1	StdQ1	MaxQ1	MinQ1	Q2	TestSuccess	TotalEnvInteracts	TotalTime
0	-50.0	-50.0	-40.0	0.11263859	0.07659235	0.5543101	0.0024612867	0.111955516	0.2	2500	48.239155292510986
1	-49.0	-49.0	-50.0	0.3160858	0.10454996	0.80821186	0.08623606	0.31286752	0.0	5000	103.69099307060242
2	-50.0	-50.0	-50.0	0.40253282	0.1379363	1.0455563	0.11367661	0.40158382	0.0	7500	166.23999977111816
3	-50.0	-50.0	-50.0	0.42147267	0.1515757	1.2162502	0.100355074	0.42081222	0.0	10000	227.82909536361694
4	-50.0	-50.0	-50.0	0.4233163	0.15326765	1.2609941	0.103445694	0.42292362	0.0	12500	289.17812752723694
5	-49.96	-49.96	-50.0	0.3976825	0.13732462	1.2832649	0.09868791	0.3952254	0.0	15000	350.26970386505127
6	-49.34	-49.34	-50.0	0.4058359	0.1461142	1.8532603	0.10564415	0.4024331	0.0	17500	411.016649723053
7	-49.32	-49.32	-50.0	0.39957184	0.13364443	1.4064355	0.14494556	0.40146464	0.0	20000	471.80026841163635
8	-49.9	-49.9	-50.0	0.4232983	0.14294986	1.3117266	0.112408295	0.42525172	0.0	22500	533.001517534256
9	-50.0	-50.0	-50.0	0.42645106	0.13867474	1.353425	0.13321039	0.4290882	0.0	25000	594.1915199756622
10	-50.0	-50.0	-50.0	0.41361657	0.1406119	1.3850043	0.15010132	0.419898	0.0	27500	655.1826026439667
11	-49.7	-49.7	-48.6	0.4244331	0.15046513	2.3205216	0.14161238	0.42818043	0.1	30000	715.6827495098114
12	-49.92	-49.92	-50.0	0.4398965	0.16364536	2.44919	0.12114584	0.44455987	0.0	32500	776.8815493583679
13	-49.86	-49.86	-50.0	0.44943437	0.17351018	2.9157267	0.13421902	0.4475969	0.0	35000	837.2560527324677
14	-49.96	-49.96	-50.0	0.45802027	0.16977847	1.9746494	0.1624494	0.4584191	0.0	37500	897.5793471336365
15	-49.36	-49.36	-50.0	0.47227603	0.17919977	1.7615896	0.15369211	0.4623416	0.0	40000	958.3805441856384
16	-50.0	-50.0	-50.0	0.48930022	0.18147077	1.7370553	0.14283165	0.48626545	0.0	42500	1020.069714307785
17	-49.7	-49.7	-49.4	0.4830088	0.18362974	1.7338915	0.16092837	0.47729138	0.0	45000	1082.0683343410492
18	-49.66	-49.66	-50.0	0.49866083	0.20901491	3.0959935	0.1790277	0.4856988	0.0	47500	1144.0884771347046
19	-49.7	-49.7	-49.9	0.4938657	0.1886597	2.5496883	0.1385974	0.48511398	0.0	50000	1205.9845476150513
20	-49.84	-49.84	-49.6	0.52050877	0.23062351	3.1186442	0.16165525	0.5150006	0.0	52500	1267.7992346286774
21	-48.6	-48.6	-50.0	0.51937735	0.23062046	3.5145888	0.17411554	0.50811464	0.0	55000	1329.1260046958923
22	-49.8	-49.8	-46.9	0.543803	0.25397444	3.0495336	0.2024326	0.5303778	0.1	57500	1390.7107870578766
23	-49.56	-49.56	-45.0	0.5259497	0.21459141	2.4247298	0.16905168	0.51854604	0.1	60000	1452.48264503479
24	-49.8	-49.8	-49.6	0.5373961	0.24287064	3.8978715	0.1668756	0.5320293	0.0	62500	1514.215654373169
25	-49.9	-49.9	-49.5	0.55566525	0.26159945	4.2505035	0.19455001	0.54954886	0.0	65000	1576.2424190044403
26	-49.22	-49.22	-50.0	0.55371934	0.22489235	3.0032003	0.2010772	0.5381363	0.0	67500	1638.252322435379
27	-49.78	-49.78	-50.0	0.5687645	0.2522877	2.996395	0.1649657	0.5515569	0.0	70000	1699.4795022010803
28	-49.64	-49.64	-49.5	0.54514587	0.22137915	2.7811337	0.2077173	0.5402966	0.0	72500	1761.568641424179
29	-50.0	-50.0	-46.6	0.55107814	0.22917771	2.0887814	0.16974755	0.5549385	0.0	75000	1823.464343547821
30	-49.12	-49.12	-50.0	0.5667348	0.24523133	3.5952454	0.18726218	0.5606599	0.0	77500	1885.0214703083038
31	-49.78	-49.78	-47.4	0.5814767	0.26620156	2.7485065	0.20233145	0.57859313	0.1	80000	1945.911196231842
32	-49.86	-49.86	-50.0	0.5568913	0.22996089	3.5768547	0.1753496	0.5499836	0.0	82500	2007.2800934314728
33	-48.52	-48.52	-48.9	0.56598324	0.2582073	3.0101445	0.17860495	0.56071997	0.1	85000	2068.848923444748
34	-48.42	-48.42	-49.7	0.5761127	0.25184387	4.31321	0.1901822	0.5737857	0.0	87500	2130.744710445404
35	-49.9	-49.9	-47.2	0.61435634	0.35289264	7.7998614	0.20352127	0.6079835	0.1	90000	2193.534264564514
36	-49.6	-49.6	-50.0	0.6064733	0.30189672	5.1314263	0.1870377	0.59362084	0.0	92500	2255.9734694957733
37	-49.9	-49.9	-49.1	0.6081235	0.2901508	4.033662	0.1586594	0.6066358	0.0	95000	2318.473006248474
38	-49.66	-49.66	-47.4	0.6179139	0.28361523	3.3396895	0.22187145	0.62034243	0.0	97500	2380.3762078285217
39	-49.9	-49.9	-49.1	0.62119937	0.3181321	5.8176556	0.18740588	0.6169586	0.0	100000	2443.8100879192352
40	-49.4	-49.4	-47.6	0.6497712	0.36088362	4.6520805	0.19854279	0.65598845	0.0	102500	2507.904750108719
41	-49.42	-49.42	-49.3	0.6330421	0.33503947	4.7293267	0.19218385	0.6316974	0.0	105000	2571.140918493271
42	-49.48	-49.48	-50.0	0.65853405	0.35629997	5.2661753	0.18939167	0.6620088	0.0	107500	2634.1219189167023
43	-49.6	-49.6	-47.4	0.6354787	0.32674894	7.016533	0.1809046	0.6322628	0.1	110000	2696.36704826355
44	-49.92	-49.92	-44.600002	0.6631572	0.3457146	5.762074	0.22551782	0.6636884	0.2	112500	2759.307253599167
45	-49.18	-49.18	-46.8	0.67847544	0.36724925	7.9003773	0.23763768	0.66780275	0.1	115000	2821.2200570106506
46	-49.4	-49.4	-47.8	0.6656878	0.32097688	3.7803683	0.23248586	0.6792563	0.0	117500	2883.80091547966
47	-49.48	-49.48	-47.3	0.66647255	0.36949402	6.795922	0.20121458	0.6745105	0.1	120000	2946.2741265296936
48	-48.98	-48.98	-45.5	0.6923916	0.40949234	6.409944	0.21582434	0.69450307	0.0	122500	3009.5639004707336
49	-49.44	-49.44	-47.7	0.6992169	0.3821677	5.923649	0.22941986	0.707163	0.1	125000	3071.909248352051
50	-48.34	-48.34	-49.2	0.6822653	0.34739348	5.690517	0.22152735	0.69536364	0.0	127500	3133.220149755478
51	-49.42	-49.42	-49.3	0.7175271	0.43672225	6.6917305	0.2335666	0.7060391	0.0	130000	3195.341466665268
52	-49.44	-49.44	-49.9	0.7431609	0.43613386	5.610899	0.21243554	0.7378672	0.0	132500	3256.6653923988342
53	-48.74	-48.74	-49.2	0.73293847	0.44638294	6.12227	0.22465186	0.724314	0.1	135000	3318.98775434494
54	-48.98	-48.98	-48.1	0.7393021	0.39985678	4.7433724	0.23310915	0.7408397	0.0	137500	3381.107044696808
55	-48.98	-48.98	-44.8	0.73142886	0.4111684	5.5898714	0.22838897	0.73348695	0.1	140000	3443.3586609363556
56	-48.84	-48.84	-49.5	0.7177153	0.4170964	6.1359177	0.23446159	0.70411336	0.0	142500	3505.538935661316
57	-48.86	-48.86	-49.4	0.7224114	0.43946785	7.14838	0.20768513	0.7213851	0.0	145000	3566.5170748233795
58	-49.6	-49.6	-45.7	0.71766734	0.37427595	6.1878037	0.18159303	0.72682196	0.1	147500	3628.311222553253
59	-48.7	-48.7	-49.0	0.73667276	0.43527746	6.527345	0.23265982	0.7311382	0.0	150000	3691.6873366832733
60	-48.62	-48.62	-50.0	0.7325496	0.4349848	6.7273335	0.20504066	0.7205215	0.0	152500	3754.6453716754913
61	-47.9	-47.9	-46.8	0.7421253	0.38642126	4.9123335	0.25284988	0.74650806	0.1	155000	3816.8447785377502
62	-48.42	-48.42	-48.6	0.7535991	0.4411989	5.477425	0.22131369	0.7451137	0.1	157500	3878.7688081264496
63	-49.48	-49.48	-48.8	0.7615285	0.43504634	5.352004	0.20115426	0.7446299	0.0	160000	3942.4680893421173
64	-49.0	-49.0	-47.8	0.7536714	0.44982877	10.41893	0.22136143	0.75076246	0.0	162500	4005.673127889633
65	-48.82	-48.82	-47.5	0.7618269	0.38806322	3.734148	0.21156678	0.7826776	0.0	165000	4068.1914772987366
66	-48.3	-48.3	-50.0	0.801569	0.4774531	6.65967	0.25857806	0.78807414	0.0	167500	4130.34837603569
67	-48.98	-48.98	-47.2	0.7811859	0.45514163	5.8556843	0.23994713	0.7832866	0.1	170000	4192.763891458511
68	-48.62	-48.62	-42.5	0.81648356	0.52497035	8.086914	0.21770093	0.8229426	0.2	172500	4254.090452432632
69	-48.84	-48.84	-49.8	0.806851	0.45280632	6.582713	0.24245863	0.8034741	0.0	175000	4316.2977204322815
70	-48.96	-48.96	-50.0	0.83853	0.52280754	6.7014947	0.1999954	0.8298151	0.0	177500	4379.585329771042
71	-48.58	-48.58	-48.5	0.8294785	0.5087384	6.24767	0.22784424	0.8068324	0.0	180000	4442.341018676758
72	-49.64	-49.64	-50.0	0.81344855	0.48614383	6.8077903	0.21405227	0.8276963	0.0	182500	4504.401717185974
73	-49.02	-49.02	-50.0	0.80306643	0.45406473	5.799183	0.25288564	0.7979618	0.0	185000	4567.335191011429
74	-47.54	-47.54	-46.5	0.83199966	0.4937978	5.139762	0.19101717	0.81808203	0.2	187500	4630.445433855057
75	-48.72	-48.72	-49.8	0.82840306	0.53997916	8.910737	0.23511735	0.8084363	0.1	190000	4692.47530579567
76	-49.92	-49.92	-47.8	0.8430539	0.52712214	8.466832	0.2716875	0.8443485	0.0	192500	4755.334511995316
77	-48.96	-48.96	-49.0	0.8693307	0.54169333	7.328456	0.26923716	0.8634358	0.0	195000	4819.4307770729065
78	-49.24	-49.24	-47.4	0.84653014	0.46831113	5.2669015	0.23941365	0.82763433	0.1	197500	4882.030364751816
79	-49.22	-49.22	-49.8	0.8650387	0.5407919	7.1966043	0.2344273	0.87346727	0.0	200000	4945.797318458557
80	-48.34	-48.34	-49.6	0.8312217	0.44172746	4.9771533	0.20888004	0.85349953	0.0	202500	5008.331567525864
81	-49.06	-49.06	-48.1	0.84855616	0.4639961	4.4554763	0.25446075	0.8517451	0.0	205000	5070.4079031944275
82	-49.0	-49.0	-42.399998	0.8108827	0.4591812	4.427916	0.2493671	0.8198672	0.2	207500	5133.869807481766
83	-48.56	-48.56	-44.399998	0.8625399	0.4955701	6.744271	0.2587207	0.8682649	0.1	210000	5197.55429649353
84	-49.16	-49.16	-46.2	0.871649	0.4895741	5.303852	0.25055662	0.87632644	0.1	212500	5260.429641246796
85	-47.84	-47.84	-48.7	0.8661392	0.49966657	5.7334757	0.2588472	0.85684055	0.1	215000	5323.264592885971
86	-49.6	-49.6	-48.5	0.84618	0.4407509	3.844471	0.24372831	0.85836947	0.0	217500	5385.443764209747
87	-48.32	-48.32	-45.5	0.8543431	0.47828498	4.6068983	0.244173	0.854005	0.1	220000	5449.544218540192
88	-48.36	-48.36	-48.8	0.8511439	0.48403662	5.2130823	0.2208031	0.8459657	0.0	222500	5512.432897806168
89	-49.36	-49.36	-44.100002	0.863076	0.48430896	5.906939	0.27646378	0.85769725	0.2	225000	5576.802280187607
90	-47.56	-47.56	-50.0	0.86884385	0.520513	7.2049394	0.249974	0.8734571	0.0	227500	5640.448880910873
91	-48.34	-48.34	-47.8	0.8782263	0.5064745	7.967456	0.20599326	0.86208403	0.0	230000	5703.079032421112
92	-49.0	-49.0	-46.100002	0.86362207	0.4998031	5.1880693	0.2361138	0.8475034	0.1	232500	5765.235662221909
93	-49.78	-49.78	-48.3	0.8429212	0.48241955	6.203392	0.21843027	0.8411554	0.1	235000	5828.5117111206055
94	-48.26	-48.26	-50.0	0.86021614	0.5148442	6.611329	0.23888688	0.83438885	0.0	237500	5890.856928348541
95	-49.62	-49.62	-50.0	0.867246	0.502427	5.1607633	0.24450502	0.8758439	0.0	240000	5953.308014154434
96	-48.64	-48.64	-46.8	0.8724194	0.5317065	5.797845	0.24478011	0.87243736	0.1	242500	6015.934522390366
97	-46.76	-46.76	-48.5	0.8701913	0.5754051	12.025606	0.1919687	0.8652125	0.0	245000	6078.817011833191
98	-49.02	-49.02	-45.399998	0.8381847	0.51175624	7.497703	0.18648672	0.8355651	0.1	247500	6140.823681116104
99	-48.32	-48.32	-49.0	0.8313984	0.49614382	5.232995	0.22891523	0.82670027	0.0	250000	6203.929472446442
100	-49.08	-49.08	-46.0	0.8451772	0.48365194	5.493315	0.2621354	0.84278834	0.1	252500	6267.666854858398
101	-48.94	-48.94	-45.100002	0.84306294	0.5099266	4.8607078	0.20840368	0.84545934	0.1	255000	6330.076970100403
102	-45.7	-45.7	-45.899998	0.88313365	0.5767107	9.787424	0.27701747	0.8754388	0.2	257500	6392.71152806282
103	-48.76	-48.76	-50.0	0.88104165	0.60644025	14.932637	0.22141086	0.8732834	0.0	260000	6455.8672869205475
104	-48.76	-48.76	-47.0	0.87585586	0.53626543	5.5987716	0.2688999	0.86659557	0.1	262500	6518.283008098602
105	-48.2	-48.2	-47.3	0.8908816	0.56302965	6.620991	0.21965146	0.8723158	0.0	265000	6580.8967344760895
106	-47.7	-47.7	-45.0	0.9257108	0.5682441	5.1578374	0.26291496	0.901134	0.2	267500	6642.704798221588
107	-49.62	-49.62	-48.9	0.8602203	0.5326702	6.989567	0.2353251	0.8708629	0.0	270000	6705.773144245148
108	-48.18	-48.18	-45.399998	0.90084624	0.60370135	11.554326	0.2148321	0.8974656	0.1	272500	6768.241915941238
109	-48.18	-48.18	-49.5	0.9485787	0.67192847	14.965903	0.20838666	0.9370551	0.0	275000	6831.7273733615875
110	-47.06	-47.06	-49.4	0.9033501	0.54463404	5.674143	0.19491114	0.9057177	0.0	277500	6895.41847038269
111	-47.9	-47.9	-50.0	0.92786133	0.6185824	9.316184	0.23440364	0.91229564	0.0	280000	6957.922939538956
112	-47.72	-47.72	-48.0	0.8794928	0.52782553	6.214588	0.2438971	0.8770277	0.1	282500	7021.3646671772
113	-48.46	-48.46	-45.8	0.9313033	0.62448674	8.579765	0.2530196	0.9120041	0.1	285000	7085.407422542572
114	-48.26	-48.26	-48.8	0.9236852	0.7127093	19.56171	0.22527534	0.9010725	0.0	287500	7148.536204576492
115	-48.32	-48.32	-44.600002	0.9180758	0.5936616	8.322403	0.23966253	0.91181797	0.0	290000	7212.6890478134155
116	-48.02	-48.02	-44.7	0.92664367	0.62050676	8.250891	0.23771709	0.9083818	0.2	292500	7277.605362892151
117	-47.26	-47.26	-47.0	0.8959047	0.5837036	6.867235	0.22892775	0.8724763	0.0	295000	7340.6144235134125
118	-47.78	-47.78	-49.7	0.90182835	0.5508484	5.8366537	0.21805242	0.89195323	0.0	297500	7403.183285236359
119	-48.76	-48.76	-44.600002	0.93803877	0.63878167	8.187888	0.18369952	0.92449164	0.2	300000	7466.464839220047
120	-48.94	-48.94	-49.3	0.91037977	0.57968634	6.1149354	0.25611463	0.8928856	0.0	302500	7530.58779835701
121	-47.42	-47.42	-43.3	0.95023215	0.63970673	6.5592575	0.2218208	0.92595816	0.2	305000	7595.383625268936
122	-48.76	-48.76	-42.0	0.9098464	0.5909803	6.180288	0.19370754	0.9058933	0.1	307500	7657.706516742706
123	-47.7	-47.7	-49.4	0.8769238	0.5250918	5.4955587	0.20921847	0.86999077	0.0	310000	7721.011656999588
124	-48.88	-48.88	-46.6	0.84971595	0.51727575	5.454478	0.20127952	0.84144276	0.1	312500	7783.536749362946
125	-47.74	-47.74	-45.600002	0.8272927	0.5349684	7.089152	0.19067267	0.82302725	0.1	315000	7845.570293903351
126	-47.86	-47.86	-47.0	0.82991123	0.55825794	7.9353127	0.22015488	0.82535964	0.0	317500	7909.0164160728455
127	-47.86	-47.86	-37.8	0.80925345	0.5530531	9.1695175	0.20101154	0.79811305	0.2	320000	7973.237464666367
128	-47.52	-47.52	-47.4	0.8353722	0.5064452	5.779009	0.22048682	0.8120222	0.0	322500	8036.140330553055
129	-45.94	-45.94	-48.2	0.83590513	0.5692479	7.8571186	0.22540654	0.8142939	0.0	325000	8099.071996927261
130	-47.84	-47.84	-46.8	0.8367476	0.5490243	6.122498	0.1949586	0.81878185	0.0	327500	8162.005814313889
131	-46.92	-46.92	-46.3	0.82555133	0.52522266	6.197988	0.2140543	0.8171573	0.1	330000	8227.26040673256
132	-49.1	-49.1	-47.1	0.81022644	0.49268568	4.400506	0.2096805	0.7956372	0.1	332500	8290.70868897438
133	-47.62	-47.62	-44.0	0.84242576	0.55252105	6.7357697	0.1996407	0.8177752	0.2	335000	8353.506051778793
134	-48.98	-48.98	-44.2	0.8031669	0.48906386	4.1305223	0.16488712	0.8002245	0.1	337500	8416.018535852432
135	-48.68	-48.68	-48.3	0.83614975	0.543734	6.8267136	0.22361797	0.8044464	0.1	340000	8479.682898283005
136	-48.9	-48.9	-43.100002	0.8351593	0.5469263	5.449117	0.20147714	0.8129801	0.0	342500	8545.546243429184
137	-48.6	-48.6	-46.7	0.81088334	0.5105591	6.112772	0.21453835	0.7980377	0.1	345000	8609.541088581085
138	-47.86	-47.86	-50.0	0.844679	0.59787506	6.3635597	0.22962196	0.82363206	0.0	347500	8672.743658065796
139	-46.98	-46.98	-49.7	0.81832117	0.49637112	5.147687	0.22278756	0.8176413	0.0	350000	8736.513041496277
140	-47.18	-47.18	-47.8	0.8376537	0.5089805	4.574943	0.21765259	0.8287312	0.1	352500	8800.575525522232
141	-47.4	-47.4	-47.3	0.90340465	0.6646843	8.3065195	0.21984732	0.8575603	0.1	355000	8864.102655887604
142	-48.8	-48.8	-43.0	0.8605023	0.550339	5.286897	0.23322672	0.8449071	0.2	357500	8926.76655960083
143	-47.72	-47.72	-48.3	0.84067947	0.5445321	8.403305	0.21279636	0.8192035	0.0	360000	8990.191941976547
144	-46.1	-46.1	-49.2	0.8618243	0.56192994	7.983588	0.22056079	0.85726464	0.0	362500	9054.112300157547
145	-48.68	-48.68	-46.0	0.8408238	0.548736	5.2432704	0.2141375	0.8419558	0.1	365000	9118.181473731995
146	-48.42	-48.42	-46.100002	0.87450427	0.5725744	6.4073625	0.21404871	0.8290969	0.2	367500	9182.061683177948
147	-49.46	-49.46	-46.8	0.8480093	0.5767041	6.2768097	0.20256902	0.84457994	0.1	370000	9246.169931411743
148	-49.22	-49.22	-46.0	0.8330809	0.5604119	6.079047	0.20973603	0.8496732	0.2	372500	9310.297348022461
149	-47.7	-47.7	-41.600002	0.869308	0.6126973	12.999665	0.18521643	0.82985437	0.2	375000	9374.6566259861
150	-47.68	-47.68	-45.5	0.81922376	0.5224246	5.565925	0.2196455	0.82325846	0.2	377500	9439.276900053024
151	-47.1	-47.1	-46.399998	0.81215686	0.5133677	4.491274	0.19553158	0.8082689	0.1	380000	9504.089517354965
152	-46.96	-46.96	-44.899998	0.8204949	0.5398735	6.1746407	0.20681706	0.81450546	0.2	382500	9568.663866758347
153	-47.68	-47.68	-47.1	0.8317453	0.53066	5.927674	0.16063538	0.836463	0.1	385000	9633.59891629219
154	-48.44	-48.44	-49.5	0.87024844	0.6301968	9.129001	0.22002125	0.83967125	0.0	387500	9698.704934120178
155	-48.22	-48.22	-43.5	0.83540225	0.5163328	5.56942	0.18370542	0.82563406	0.2	390000	9762.424864292145
156	-47.16	-47.16	-45.3	0.87654334	0.5601763	5.1451507	0.20981267	0.8609963	0.1	392500	9826.147874832153
157	-45.86	-45.86	-48.0	0.8612813	0.56524575	5.498456	0.20334636	0.84309703	0.0	395000	9890.42439866066
158	-46.98	-46.98	-45.5	0.87579834	0.67095584	16.163034	0.21350957	0.8448692	0.3	397500	9953.371816158295
159	-47.54	-47.54	-41.899998	0.86173797	0.64863354	13.967097	0.20974927	0.83630526	0.2	400000	10016.304114341736
160	-49.22	-49.22	-48.8	0.8444924	0.55101544	6.5352826	0.18918046	0.83078885	0.0	402500	10080.856966495514
161	-47.16	-47.16	-43.100002	0.8406932	0.55194867	6.96537	0.22627221	0.81480616	0.1	405000	10144.878804683685
162	-48.2	-48.2	-43.0	0.8675625	0.55529773	6.562031	0.17075492	0.8400104	0.3	407500	10208.205433607101
163	-47.28	-47.28	-43.8	0.8920773	0.58091706	5.9381123	0.19124779	0.89044863	0.1	410000	10272.505182266235
164	-47.78	-47.78	-49.6	0.84809256	0.5627765	5.953917	0.18987837	0.8304514	0.1	412500	10335.82731795311
165	-47.24	-47.24	-44.100002	0.84819144	0.5616938	5.4122543	0.22728446	0.8361213	0.1	415000	10399.810886621475
166	-47.04	-47.04	-44.100002	0.8329341	0.5749105	7.5130277	0.18439803	0.836343	0.2	417500	10463.695024728775
167	-48.12	-48.12	-48.7	0.85969496	0.5590591	7.4775305	0.21265246	0.84107006	0.1	420000	10528.309048652649
168	-47.64	-47.64	-38.600002	0.84923184	0.58070433	8.04368	0.19878812	0.8290928	0.4	422500	10591.976682186127
169	-47.72	-47.72	-38.2	0.856827	0.5277154	6.927336	0.20180109	0.83513	0.5	425000	10654.92497420311
170	-48.4	-48.4	-48.2	0.83532095	0.515771	6.852687	0.18410437	0.8254881	0.0	427500	10717.482142686844
171	-46.92	-46.92	-43.7	0.868891	0.60411245	10.065305	0.20590001	0.85376513	0.2	430000	10780.27738904953
172	-45.14	-45.14	-40.399998	0.8596416	0.58163196	8.66839	0.24113964	0.8529025	0.1	432500	10842.423914194107
173	-45.98	-45.98	-47.1	0.832547	0.5163218	6.4675226	0.17124435	0.8324121	0.1	435000	10904.437081098557
174	-47.1	-47.1	-47.4	0.8443949	0.54426694	7.7621036	0.21376905	0.82723933	0.1	437500	10967.213787317276
175	-47.18	-47.18	-42.399998	0.8440826	0.6357092	16.529922	0.18597475	0.8241188	0.3	440000	11031.13054394722
176	-47.44	-47.44	-40.7	0.8594254	0.6300826	13.568512	0.20118493	0.8560016	0.3	442500	11094.306388616562
177	-46.04	-46.04	-44.899998	0.8426594	0.5713229	10.006754	0.22272858	0.8301612	0.2	445000	11156.793596506119
178	-46.18	-46.18	-48.1	0.8335216	0.53015184	5.78832	0.18666084	0.8376728	0.1	447500	11219.864478588104
179	-44.12	-44.12	-44.7	0.8427859	0.5345452	5.5579553	0.21331435	0.8382319	0.1	450000	11283.308959960938
180	-47.06	-47.06	-45.399998	0.84373206	0.6814795	18.527596	0.2255196	0.827536	0.1	452500	11347.515837192535
181	-48.28	-48.28	-40.5	0.8400492	0.58944845	10.099185	0.19839424	0.8020327	0.2	455000	11410.452824354172
182	-48.14	-48.14	-43.0	0.8376296	0.5447579	5.7363877	0.218826	0.82109255	0.2	457500	11473.772055149078
183	-47.74	-47.74	-46.8	0.8445707	0.59336954	14.8064	0.2071935	0.82639635	0.1	460000	11536.748887062073
184	-47.8	-47.8	-41.2	0.8591769	0.6025426	12.024036	0.1755196	0.8619751	0.2	462500	11601.357682228088
185	-48.0	-48.0	-46.7	0.82268625	0.5564705	7.3640747	0.19583449	0.81961966	0.0	465000	11663.546777009964
186	-45.2	-45.2	-47.1	0.8395351	0.6733202	13.057811	0.16979995	0.8152893	0.1	467500	11727.010892391205
187	-45.9	-45.9	-44.7	0.8503899	0.6359457	12.78072	0.19570631	0.8366688	0.4	470000	11789.743014335632
188	-46.92	-46.92	-38.8	0.8284757	0.54672205	5.90609	0.19405922	0.8163069	0.4	472500	11852.488029956818
189	-47.1	-47.1	-42.2	0.85513425	0.6884025	14.107944	0.2143675	0.83262074	0.2	475000	11915.65291762352
190	-46.9	-46.9	-45.2	0.8425935	0.51472026	5.6282396	0.21118459	0.8230375	0.1	477500	11979.756516933441
191	-45.26	-45.26	-44.5	0.82932925	0.509705	6.09995	0.18254411	0.823329	0.1	480000	12042.41808629036
192	-48.78	-48.78	-46.100002	0.8462567	0.5462307	6.24928	0.2285684	0.832698	0.0	482500	12104.595796346664
193	-48.38	-48.38	-43.100002	0.83174866	0.5181863	5.9053993	0.22764832	0.8364596	0.1	485000	12168.377661466599
194	-46.72	-46.72	-43.5	0.8445157	0.55207783	8.524582	0.1862104	0.84432447	0.1	487500	12230.749881744385
195	-46.68	-46.68	-49.3	0.8313178	0.51860857	6.308787	0.20611882	0.8277438	0.0	490000	12292.959330558777
196	-46.02	-46.02	-42.100002	0.8457501	0.61022764	10.684504	0.20682979	0.82654035	0.3	492500	12356.247335672379
197	-47.92	-47.92	-40.0	0.84027284	0.6170161	7.875674	0.18126951	0.8475848	0.3	495000	12419.232242822647
198	-47.2	-47.2	-48.4	0.82629585	0.56171054	6.4486814	0.23208934	0.8043905	0.0	497500	12482.066430091858
199	-45.5	-45.5	-47.0	0.82944554	0.5699243	9.14599	0.2142965	0.8189486	0.1	500000	12546.046791791916
200	-45.2	-45.2	-47.6	0.84539294	0.5755349	5.993147	0.20941305	0.8357263	0.0	502500	12609.12469625473
201	-47.14	-47.14	-40.100002	0.8987141	0.61379755	9.531518	0.22831675	0.8819684	0.5	505000	12672.001466751099
202	-45.96	-45.96	-46.399998	0.8572072	0.6570883	11.675598	0.20855051	0.85829115	0.1	507500	12735.70346736908
203	-46.74	-46.74	-46.0	0.82406664	0.58651406	8.817153	0.20217761	0.8336779	0.1	510000	12799.384959697723
204	-47.14	-47.14	-40.5	0.8423425	0.57225376	6.123658	0.21819696	0.8290692	0.1	512500	12864.831148862839
205	-48.76	-48.76	-46.8	0.85050774	0.58868814	11.1945095	0.20642805	0.8438857	0.1	515000	12929.078333616257
206	-47.32	-47.32	-40.8	0.83404356	0.61601615	9.413046	0.17889878	0.83207273	0.4	517500	12990.932832241058
207	-47.28	-47.28	-40.2	0.83755505	0.5578044	5.9154725	0.22489195	0.83261186	0.4	520000	13054.526114702225
208	-44.08	-44.08	-42.2	0.82267904	0.52070236	5.7633357	0.2028368	0.8075139	0.2	522500	13117.86922287941
209	-46.62	-46.62	-40.2	0.8625769	0.6138196	6.8767695	0.19258538	0.8241495	0.2	525000	13180.82796216011
210	-48.08	-48.08	-41.3	0.8120321	0.53983796	7.237827	0.20715532	0.8195952	0.4	527500	13244.151887893677
211	-47.78	-47.78	-42.5	0.8328821	0.5553328	7.9533696	0.16579834	0.82209545	0.2	530000	13307.578311920166
212	-47.6	-47.6	-40.7	0.8195394	0.5505336	6.714863	0.20507443	0.8012651	0.3	532500	13372.226755142212
213	-44.78	-44.78	-44.100002	0.80047333	0.4899435	6.1447515	0.19170065	0.7974864	0.3	535000	13438.32223534584
214	-47.68	-47.68	-38.2	0.81163436	0.48356098	6.6287613	0.21030833	0.8128263	0.2	537500	13503.119543552399
215	-45.7	-45.7	-41.100002	0.84411484	0.50328326	6.1999626	0.19342102	0.8138882	0.4	540000	13566.803263664246
216	-46.84	-46.84	-41.8	0.85993147	0.58374417	6.601418	0.21737024	0.829548	0.3	542500	13630.978775024414
217	-47.44	-47.44	-42.7	0.82521105	0.5228497	8.807121	0.22739273	0.82475024	0.3	545000	13695.243671178818
218	-47.76	-47.76	-42.899998	0.8340526	0.56012464	9.13411	0.21055558	0.8255309	0.1	547500	13761.017214536667
219	-46.72	-46.72	-47.8	0.80770946	0.5184925	6.1825566	0.18184055	0.790644	0.0	550000	13825.280601263046
220	-46.18	-46.18	-46.0	0.78237265	0.4610589	5.775604	0.21932054	0.7703878	0.2	552500	13889.96702337265
221	-47.88	-47.88	-40.899998	0.78747004	0.51600784	7.5305805	0.18386656	0.7797001	0.3	555000	13953.339473724365
222	-47.46	-47.46	-39.5	0.7917979	0.46080637	7.3279605	0.18381685	0.7964403	0.4	557500	14016.786890983582
223	-45.38	-45.38	-42.5	0.8286117	0.52803344	6.441537	0.19139832	0.8156173	0.1	560000	14079.974295139313
224	-47.48	-47.48	-43.5	0.78384095	0.4838707	6.005166	0.21154347	0.7733365	0.2	562500	14144.967054367065
225	-46.3	-46.3	-39.7	0.7797561	0.4537863	5.67798	0.19489318	0.76435155	0.4	565000	14208.494711875916
226	-47.0	-47.0	-44.2	0.7821583	0.48367408	5.6115522	0.20056932	0.7771271	0.1	567500	14272.332270145416
227	-46.52	-46.52	-38.2	0.7797124	0.4654292	6.0041485	0.2019186	0.77290815	0.3	570000	14337.142613649368
228	-46.68	-46.68	-44.399998	0.77542084	0.48671487	6.477808	0.18566896	0.76041347	0.1	572500	14402.21712756157
229	-46.8	-46.8	-40.8	0.80061895	0.59473664	11.95988	0.20209704	0.7931573	0.3	575000	14465.648034095764
230	-48.18	-48.18	-42.100002	0.78948116	0.44452974	4.9532237	0.20945674	0.7821268	0.1	577500	14528.502311468124
231	-46.22	-46.22	-43.8	0.77489954	0.5110203	6.6051517	0.1804814	0.76483077	0.3	580000	14592.142508745193
232	-48.28	-48.28	-39.100002	0.7807185	0.52317214	9.702943	0.19922864	0.7652341	0.2	582500	14655.666694641113
233	-47.34	-47.34	-47.2	0.7825526	0.53113794	12.109847	0.19714564	0.76839656	0.2	585000	14719.868108034134
234	-47.72	-47.72	-37.7	0.7748209	0.55192083	11.940159	0.18528728	0.7459325	0.5	587500	14783.692581415176
235	-45.42	-45.42	-43.5	0.7676061	0.47097036	7.653299	0.22370186	0.76340526	0.3	590000	14847.602933883667
236	-45.16	-45.16	-38.600002	0.7924052	0.48503152	7.453298	0.21457091	0.77357304	0.3	592500	14910.650269269943
237	-43.0	-43.0	-42.100002	0.78607535	0.50850284	9.203673	0.20089686	0.7674478	0.2	595000	14974.114037513733
238	-46.06	-46.06	-40.0	0.8139715	0.53840816	6.3879824	0.19367543	0.7726558	0.4	597500	15036.910508394241
239	-46.9	-46.9	-42.100002	0.8203553	0.5827569	10.785294	0.22433993	0.80033827	0.4	600000	15099.698491573334
240	-47.14	-47.14	-42.2	0.79137707	0.50909764	5.410367	0.17675388	0.78784424	0.2	602500	15162.510017633438
241	-46.72	-46.72	-42.600002	0.8010719	0.48443133	6.909529	0.1968116	0.7790902	0.1	605000	15225.943061828613
242	-46.36	-46.36	-40.3	0.8162254	0.5277237	6.0651045	0.2013494	0.7823137	0.3	607500	15290.650855779648
243	-47.32	-47.32	-45.899998	0.8012881	0.4841211	5.8230133	0.18290569	0.7882612	0.1	610000	15353.568866491318
244	-46.22	-46.22	-42.600002	0.7939477	0.5367544	8.36791	0.19767267	0.7715109	0.2	612500	15417.615520954132
245	-47.62	-47.62	-43.100002	0.77534616	0.45648605	4.9066153	0.22157022	0.75175405	0.1	615000	15481.327873468399
246	-45.7	-45.7	-44.899998	0.79168105	0.51623964	6.8277936	0.20112088	0.80839443	0.2	617500	15544.86618566513
247	-45.68	-45.68	-41.5	0.77893233	0.45654133	5.824681	0.22528923	0.7716001	0.1	620000	15609.053409576416
248	-48.36	-48.36	-39.5	0.79032725	0.47457954	5.4307594	0.20994589	0.7787249	0.4	622500	15673.106190919876
249	-47.52	-47.52	-40.600002	0.7791107	0.4499845	6.951271	0.2301783	0.7626422	0.4	625000	15736.855080127716
250	-44.08	-44.08	-37.899998	0.77442473	0.4645362	5.770404	0.22288096	0.76064396	0.2	627500	15801.035802602768
251	-46.98	-46.98	-42.399998	0.795136	0.4829823	5.3825827	0.22684711	0.76719105	0.2	630000	15864.856650352478
252	-45.5	-45.5	-41.399998	0.81059045	0.48762208	6.2112346	0.23306236	0.80133194	0.3	632500	15929.27807021141
253	-47.0	-47.0	-42.8	0.8030831	0.551719	7.5806346	0.19229041	0.7941848	0.3	635000	15993.38043308258
254	-46.84	-46.84	-44.2	0.78587526	0.48277137	5.9261293	0.22513604	0.75941074	0.2	637500	16057.495570898056
255	-46.74	-46.74	-43.899998	0.7832383	0.4856667	8.555621	0.22551766	0.7533816	0.2	640000	16121.130971193314
256	-47.24	-47.24	-47.3	0.78653365	0.4808309	5.7752094	0.19219708	0.78062063	0.1	642500	16185.884581804276
257	-45.94	-45.94	-44.899998	0.7804101	0.5023462	6.506407	0.19174835	0.7651785	0.2	645000	16249.657966375351
258	-46.3	-46.3	-45.7	0.7655387	0.449526	7.090248	0.20860818	0.7454092	0.2	647500	16314.895087480545
259	-45.52	-45.52	-39.399998	0.7662334	0.4613473	5.9087768	0.19091319	0.7488832	0.3	650000	16378.741590976715
260	-46.64	-46.64	-43.399998	0.78301024	0.4957148	10.891093	0.19076844	0.7761376	0.2	652500	16443.753978967667
261	-46.68	-46.68	-46.100002	0.7738815	0.4553291	6.726626	0.20675361	0.75272745	0.3	655000	16506.838959932327
262	-46.22	-46.22	-42.2	0.77780104	0.47994128	7.4336557	0.18293439	0.77688205	0.1	657500	16569.81154680252
263	-48.12	-48.12	-35.100002	0.77606285	0.43256274	5.9425893	0.19137134	0.74781483	0.3	660000	16633.589489221573
264	-46.8	-46.8	-41.899998	0.78426725	0.43960303	6.4898176	0.20602183	0.7753108	0.4	662500	16697.47802400589
265	-48.4	-48.4	-40.399998	0.76556754	0.42029253	6.31171	0.21001826	0.7457845	0.5	665000	16762.12183189392
266	-47.64	-47.64	-43.100002	0.7560881	0.39535353	4.66655	0.20344129	0.7448043	0.3	667500	16825.861929655075
267	-46.4	-46.4	-39.7	0.7644696	0.43571058	4.616105	0.18421954	0.7512993	0.3	670000	16889.800379753113
268	-46.56	-46.56	-37.3	0.7536764	0.4250213	5.311676	0.22362776	0.7465639	0.2	672500	16953.38844370842
269	-45.9	-45.9	-41.2	0.771842	0.47019	7.873668	0.2064985	0.76023275	0.4	675000	17016.51902270317
270	-47.38	-47.38	-38.899998	0.7724082	0.42348677	4.5053716	0.19017096	0.751232	0.4	677500	17079.850047826767
271	-46.52	-46.52	-41.600002	0.7764708	0.42152125	4.4070826	0.1622042	0.7573873	0.2	680000	17143.618481636047
272	-46.42	-46.42	-35.7	0.79760754	0.47378975	6.8704095	0.20506236	0.77650195	0.5	682500	17206.575362682343
273	-47.44	-47.44	-45.8	0.8149841	0.4928143	5.3549795	0.21405138	0.7897344	0.3	685000	17270.33491897583
274	-47.74	-47.74	-44.0	0.81090057	0.5639706	11.905293	0.23445474	0.8033052	0.3	687500	17334.748106956482
275	-47.92	-47.92	-45.2	0.79596764	0.48810926	6.47276	0.18529472	0.7713246	0.1	690000	17398.308453559875
276	-47.78	-47.78	-40.0	0.8057445	0.47368455	5.3620925	0.19533189	0.7979312	0.3	692500	17462.027510404587
277	-46.76	-46.76	-34.7	0.85097975	0.58832896	12.808621	0.19989356	0.80861807	0.6	695000	17526.274512529373
278	-45.44	-45.44	-40.100002	0.77841675	0.48092756	8.90243	0.21103024	0.77709246	0.4	697500	17590.033440113068
279	-47.08	-47.08	-42.5	0.7998767	0.49299806	9.019073	0.2063528	0.7819603	0.2	700000	17653.835492372513
280	-48.42	-48.42	-49.8	0.7921836	0.4414823	5.9461856	0.1984458	0.78038365	0.1	702500	17717.380066633224
281	-45.46	-45.46	-44.5	0.8278657	0.48714033	5.413136	0.23468053	0.8041478	0.1	705000	17780.72532939911
282	-48.6	-48.6	-40.7	0.8083226	0.4539937	4.5685163	0.21000125	0.8125262	0.3	707500	17845.1372525692
283	-47.54	-47.54	-33.100002	0.8069544	0.46459696	8.116596	0.2512897	0.8153797	0.7	710000	17908.92830324173
284	-48.08	-48.08	-44.2	0.7825286	0.43135148	4.0423975	0.20059592	0.7813713	0.2	712500	17972.00268793106
285	-46.04	-46.04	-43.100002	0.74549305	0.43938848	8.862766	0.21261862	0.742129	0.2	715000	18036.20632338524
286	-48.54	-48.54	-39.899998	0.8133233	0.47349554	5.4857755	0.19652326	0.8176748	0.4	717500	18102.09553170204
287	-48.92	-48.92	-44.399998	0.77912253	0.43088856	5.4130387	0.18829486	0.785896	0.4	720000	18167.00191950798
288	-45.34	-45.34	-45.5	0.74532557	0.38471627	3.4206393	0.23063093	0.7469984	0.2	722500	18230.851316213608
289	-45.68	-45.68	-45.0	0.7628662	0.41346398	3.819167	0.18124232	0.7572414	0.2	725000	18294.462554693222
290	-45.64	-45.64	-38.2	0.7583788	0.4173764	6.1998897	0.22688946	0.7549241	0.3	727500	18359.092428922653
291	-46.22	-46.22	-37.100002	0.78204507	0.41758782	4.031944	0.22540095	0.78263915	0.4	730000	18423.2820019722
292	-46.42	-46.42	-42.8	0.827841	0.50428516	7.3301487	0.19754131	0.833241	0.2	732500	18487.834291934967
293	-46.84	-46.84	-42.899998	0.8180416	0.4779718	4.559587	0.20789295	0.7971597	0.3	735000	18552.046476364136
294	-46.9	-46.9	-45.3	0.8249513	0.51500136	7.4287558	0.22239521	0.81196547	0.1	737500	18617.1400578022
295	-47.24	-47.24	-44.3	0.8077833	0.46547005	6.1469865	0.21173766	0.7994701	0.2	740000	18681.046977996826
296	-46.98	-46.98	-44.2	0.8375107	0.5458022	9.346393	0.22581846	0.8308126	0.3	742500	18745.550146341324
297	-46.72	-46.72	-43.2	0.8462759	0.50033194	5.4589477	0.22408375	0.8306846	0.2	745000	18809.19362950325
298	-45.94	-45.94	-45.899998	0.88712335	0.73132545	18.32415	0.21965906	0.87137526	0.1	747500	18873.10112094879
299	-47.4	-47.4	-37.399998	0.86120486	0.554824	8.906616	0.21385679	0.84894043	0.4	750000	18938.06716632843
300	-45.58	-45.58	-44.2	0.8400894	0.4871299	4.7999687	0.19459802	0.82939637	0.1	752500	19002.39697575569
301	-47.14	-47.14	-36.0	0.8372575	0.53027034	7.217632	0.20074677	0.82553834	0.5	755000	19068.013656377792
302	-47.16	-47.16	-41.8	0.8461009	0.51198673	6.44862	0.23426598	0.8466673	0.2	757500	19132.768818855286
303	-46.6	-46.6	-41.7	0.81919485	0.45477638	4.9069843	0.2141487	0.8110418	0.3	760000	19197.45716023445
304	-45.84	-45.84	-46.399998	0.83694255	0.5147079	5.9642515	0.18461962	0.82160467	0.1	762500	19261.271053791046
305	-48.36	-48.36	-44.899998	0.7838776	0.45791686	6.8088555	0.2102279	0.7789854	0.0	765000	19324.86888718605
306	-47.46	-47.46	-42.399998	0.8388031	0.5262045	6.1466093	0.22585636	0.82152635	0.1	767500	19388.728348255157
307	-47.04	-47.04	-47.8	0.80796534	0.46644387	6.0513816	0.20650887	0.7953311	0.1	770000	19451.770309209824
308	-45.08	-45.08	-44.8	0.8472737	0.47319865	5.61479	0.18632865	0.84767526	0.1	772500	19515.912954330444
309	-47.78	-47.78	-49.0	0.8544967	0.4823755	4.1469865	0.25150627	0.85021394	0.0	775000	19579.436690092087
310	-47.12	-47.12	-44.2	0.85700583	0.47065476	4.5244036	0.21434619	0.85783154	0.3	777500	19643.011340618134
311	-45.98	-45.98	-43.600002	0.8959175	0.51142627	6.449578	0.20537665	0.89062536	0.3	780000	19706.77428627014
312	-47.04	-47.04	-41.3	0.9248425	0.52873963	7.7287564	0.25954142	0.9161853	0.4	782500	19770.65128803253
313	-47.44	-47.44	-47.1	1.0082438	0.65271276	13.290126	0.24723482	1.0229862	0.1	785000	19834.4492893219
314	-47.02	-47.02	-41.899998	1.0558183	0.68821925	7.659045	0.23862305	1.0599763	0.4	787500	19897.373077630997
315	-47.54	-47.54	-44.100002	1.1453583	0.85868096	10.783303	0.27316412	1.1289705	0.2	790000	19962.380007267
316	-47.14	-47.14	-40.600002	1.2491618	1.0058541	10.928777	0.29560846	1.2586939	0.2	792500	20027.517790555954
317	-47.0	-47.0	-39.399998	1.2051706	0.9162812	9.921127	0.23256677	1.2324861	0.3	795000	20092.58810400963
318	-46.12	-46.12	-44.0	1.3739333	1.1992726	14.043379	0.28369805	1.366706	0.2	797500	20156.260947942734
319	-46.62	-46.62	-37.100002	1.5018748	1.4559889	15.852832	0.24380031	1.5217363	0.3	800000	20220.862375974655
320	-47.14	-47.14	-45.3	1.955591	2.1677487	25.895073	0.31557077	1.9592673	0.1	802500	20284.831765651703
321	-47.08	-47.08	-40.899998	2.8231678	4.0853915	74.82376	0.36581853	2.8471768	0.2	805000	20349.177528858185
322	-45.92	-45.92	-46.8	5.409788	9.246558	132.44614	0.46202773	5.451107	0.1	807500	20414.2957777977
323	-46.38	-46.38	-44.5	9.521699	15.729378	152.62637	0.7245236	9.694976	0.1	810000	20477.513092279434
324	-46.8	-46.8	-48.8	28.765886	50.367702	779.9424	1.1633531	28.060629	0.1	812500	20542.3581430912
325	-49.76	-49.76	-50.0	90.20956	118.70982	1698.7114	5.9173317	75.516106	0.0	815000	20606.7483253479
326	-49.6	-49.6	-50.0	144.087	180.26917	2787.2544	12.01087	111.908485	0.0	817500	20670.199436903
327	-49.86	-49.86	-50.0	171.70927	230.33691	3142.9333	9.207026	130.18793	0.0	820000	20734.99904203415
328	-50.0	-50.0	-50.0	171.41858	293.1567	4208.6997	8.558983	134.38084	0.0	822500	20798.68574166298
329	-50.0	-50.0	-50.0	173.45412	370.4531	7570.4604	9.611866	133.1665	0.0	825000	20863.765161037445
330	-49.92	-49.92	-50.0	163.31247	371.76596	5462.709	7.483099	126.41092	0.0	827500	20928.116975307465
331	-49.94	-49.94	-50.0	180.39107	527.03284	11842.414	5.8494177	136.7899	0.0	830000	20991.113676071167
332	-49.96	-49.96	-45.600002	184.91803	663.67	18675.31	6.7137923	147.6204	0.1	832500	21054.407430410385
333	-49.18	-49.18	-50.0	166.83907	519.8959	15521.796	5.086275	132.21446	0.0	835000	21117.218326330185
334	-50.0	-50.0	-49.6	181.76106	492.60266	8517.147	7.0368366	146.80237	0.0	837500	21180.207048416138
335	-49.38	-49.38	-50.0	196.49493	633.2705	16229.138	6.450839	160.76248	0.0	840000	21242.94987297058
336	-49.92	-49.92	-50.0	165.81526	532.0897	13497.375	4.7612295	127.591774	0.0	842500	21305.29984664917
337	-49.46	-49.46	-50.0	182.74919	932.41614	30112.814	4.9590044	158.58803	0.0	845000	21367.853130578995
338	-49.82	-49.82	-48.8	91.93758	251.22183	5814.16	2.7589488	70.711044	0.1	847500	21431.14866375923
339	-49.08	-49.08	-45.600002	77.624954	220.6887	5752.4487	3.6867251	59.43657	0.2	850000	21494.4968624115
340	-49.52	-49.52	-50.0	52.222134	102.63493	1675.9554	2.8028648	42.212376	0.0	852500	21558.569709539413
341	-49.88	-49.88	-47.2	39.84994	100.88279	2801.73	1.6052197	34.9129	0.1	855000	21622.526184797287
342	-49.8	-49.8	-50.0	31.029613	83.52044	2837.8606	2.0962496	26.628325	0.0	857500	21686.43815755844
343	-49.56	-49.56	-50.0	23.589119	52.882275	1233.1617	1.6394365	21.71203	0.0	860000	21750.44645166397
344	-49.86	-49.86	-48.7	18.141468	44.05149	1098.8263	1.303799	15.651039	0.0	862500	21815.354589939117
345	-49.42	-49.42	-50.0	15.077217	29.736177	548.2389	1.2722219	13.653041	0.0	865000	21879.2254178524
346	-48.48	-48.48	-50.0	23.733126	70.14548	1797.2621	1.3626107	19.806484	0.0	867500	21943.087328195572
347	-48.7	-48.7	-49.0	37.10533	98.02889	2413.6824	1.7058618	30.774384	0.0	870000	22006.23589682579
348	-46.78	-46.78	-48.7	59.85558	184.81439	5188.275	2.1904745	52.00753	0.0	872500	22069.942868709564
349	-49.66	-49.66	-46.3	111.6226	336.42886	7909.7637	2.1127322	92.82239	0.0	875000	22133.50638985634
350	-49.44	-49.44	-50.0	109.507065	278.8191	6101.5747	3.191885	83.29595	0.0	877500	22198.347495555878
351	-48.44	-48.44	-50.0	173.07721	535.2964	10563.656	3.8228786	133.31473	0.0	880000	22263.02620267868
352	-49.82	-49.82	-50.0	258.8819	846.8439	22375.172	5.144238	206.4486	0.0	882500	22326.818977832794
353	-49.22	-49.22	-50.0	305.1875	1031.9954	20973.787	5.5614166	233.1214	0.0	885000	22391.097120523453
354	-49.72	-49.72	-47.5	288.81604	994.92694	23200.906	7.5965557	230.76917	0.1	887500	22455.142194986343
355	-49.5	-49.5	-50.0	431.6725	1870.7603	36171.082	8.956799	330.50122	0.0	890000	22519.44249677658
356	-49.7	-49.7	-47.0	424.15225	1783.286	46131.88	6.034506	343.77856	0.1	892500	22583.132407426834
357	-49.84	-49.84	-50.0	441.41043	1534.2275	52110.51	6.8857794	319.7344	0.0	895000	22648.44332408905
358	-49.98	-49.98	-50.0	655.57935	3464.5417	78548.29	11.199074	518.92035	0.0	897500	22713.42530465126
359	-49.54	-49.54	-49.6	948.8522	8695.899	356648.4	8.764839	849.58813	0.0	900000	22777.530747413635
360	-48.88	-48.88	-50.0	1114.4379	8959.543	369560.88	15.227717	814.5871	0.0	902500	22841.294350385666
361	-49.8	-49.8	-49.3	884.8787	5744.5273	208913.22	8.230171	698.51105	0.0	905000	22905.33030796051
362	-49.46	-49.46	-50.0	959.80066	3713.9722	98516.13	16.546534	750.17554	0.0	907500	22968.38534426689
363	-48.58	-48.58	-50.0	874.51636	3252.2654	93184.12	15.175122	703.9832	0.0	910000	23031.91860151291
364	-50.0	-50.0	-49.6	725.1931	2166.7576	49559.996	14.691191	531.2301	0.0	912500	23096.34877705574
365	-49.88	-49.88	-50.0	1515.2946	9295.452	375809.97	12.582294	1085.632	0.0	915000	23160.018184185028
366	-49.82	-49.82	-50.0	2066.236	8555.39	296100.22	45.11836	1748.635	0.0	917500	23225.59149980545
367	-50.0	-50.0	-45.0	3041.8374	10099.817	167469.5	73.40773	2445.4192	0.1	920000	23290.200607061386
368	-49.74	-49.74	-49.4	3483.096	10225.049	210204.64	109.252625	2668.6567	0.0	922500	23354.106801748276
369	-49.78	-49.78	-48.4	4225.052	15454.071	443219.75	93.15444	3351.6736	0.0	925000	23417.274442195892
370	-49.48	-49.48	-50.0	5653.397	21414.592	477255.94	106.729935	4386.19	0.0	927500	23481.26063466072
371	-49.84	-49.84	-50.0	7166.0806	23640.56	432870.75	137.57199	5672.2134	0.0	930000	23545.8903799057
372	-48.94	-48.94	-50.0	10344.992	67400.68	2695454.5	175.30823	8796.968	0.0	932500	23610.691039323807
373	-48.12	-48.12	-49.8	9147.785	27866.096	551354.5	215.70467	7146.446	0.0	935000	23675.883836984634
374	-49.9	-49.9	-50.0	14980.332	49843.844	1026000.94	330.69962	12825.68	0.0	937500	23739.958999872208
375	-49.02	-49.02	-50.0	14422.124	44744.555	981280.8	239.38373	12019.1	0.0	940000	23803.600335359573
376	-48.58	-48.58	-45.600002	16266.482	73725.33	2407259.2	400.77747	13185.817	0.1	942500	23867.01620388031
377	-49.88	-49.88	-50.0	20979.385	72865.5	2075780.2	370.3982	16529.492	0.0	945000	23929.762504816055
378	-49.26	-49.26	-46.8	21402.855	106721.48	3485555.2	253.01212	16949.5	0.0	947500	23994.586990833282
379	-49.28	-49.28	-50.0	18451.064	74881.336	2149821.0	209.9174	15345.431	0.0	950000	24058.166207313538
380	-49.56	-49.56	-47.9	15327.166	52774.55	1107383.0	191.92181	11578.784	0.1	952500	24120.739493370056
381	-49.2	-49.2	-50.0	10426.094	46485.973	1446495.6	139.15805	8235.561	0.0	955000	24183.950828552246
382	-49.46	-49.46	-49.7	9668.75	51400.37	1344548.4	68.57519	8324.694	0.0	957500	24247.393465280533
383	-49.94	-49.94	-49.8	7034.842	38095.043	1183584.2	56.295937	7175.1777	0.0	960000	24310.260591983795
384	-50.0	-50.0	-49.6	6372.6	44481.71	1631859.4	46.747986	5076.796	0.0	962500	24375.55856013298
385	-48.84	-48.84	-50.0	3233.239	11941.047	316814.72	26.425503	3665.0278	0.0	965000	24440.41212964058
386	-48.38	-48.38	-49.7	2498.2134	11279.825	419955.8	21.022182	2145.152	0.0	967500	24505.973044872284
387	-50.0	-50.0	-50.0	2018.3651	7084.0244	137358.55	12.099937	1535.2233	0.0	970000	24570.28437757492
388	-49.66	-49.66	-50.0	2104.7583	11433.721	378128.7	9.875565	1812.8938	0.0	972500	24635.17255282402
389	-49.82	-49.82	-50.0	1506.1903	4067.3533	76353.85	11.312165	1277.8838	0.0	975000	24699.02779364586
390	-49.76	-49.76	-49.8	1323.1821	4619.994	121734.555	10.527134	1154.254	0.1	977500	24763.59125328064
391	-49.92	-49.92	-49.8	1053.9327	3931.8914	96184.71	6.656986	830.9915	0.0	980000	24826.480676174164
392	-49.52	-49.52	-49.7	1074.8318	3969.6655	109727.07	7.936096	841.39124	0.0	982500	24890.535823106766
393	-47.82	-47.82	-49.3	769.97314	2676.0073	53712.297	5.4509544	839.9676	0.0	985000	24953.488243341446
394	-49.6	-49.6	-50.0	974.53766	3929.6501	91649.734	4.514468	966.0316	0.0	987500	25018.33834338188
395	-49.78	-49.78	-50.0	1141.3279	9845.02	389310.47	3.8451772	997.7185	0.0	990000	25082.716851234436
396	-49.84	-49.84	-47.3	968.3892	4919.303	102791.734	3.6954684	726.85114	0.1	992500	25145.83811378479
397	-49.94	-49.94	-46.8	694.4066	3257.9622	84815.45	3.5159335	761.3925	0.0	995000	25211.596958637238
398	-49.34	-49.34	-50.0	346.8725	1172.4039	23389.336	3.2865753	286.17938	0.0	997500	25275.73788666725
399	-49.96	-49.96	-50.0	434.3725	1888.4532	34641.918	2.6412694	371.4504	0.0	1000000	25339.818787813187
400	-49.94	-49.94	-50.0	404.61963	2205.0037	62004.05	3.10847	352.74808	0.0	1002500	25405.2510304451
401	-49.76	-49.76	-50.0	500.15256	2479.5015	41706.176	2.5296502	350.19168	0.0	1005000	25471.021800518036
402	-49.86	-49.86	-50.0	495.77994	2524.4421	51883.31	2.322835	382.765	0.0	1007500	25536.27847623825
403	-49.94	-49.94	-50.0	384.11038	1800.5276	37029.184	2.028858	403.90906	0.0	1010000	25600.622439146042
404	-49.5	-49.5	-50.0	200.08344	773.3767	13374.874	1.7043228	194.093	0.0	1012500	25665.92462158203
405	-49.98	-49.98	-49.0	243.24358	1406.5925	32960.293	1.7142738	278.24933	0.0	1015000	25731.20193552971
406	-47.6	-47.6	-49.4	306.059	2157.533	57042.523	2.0587401	261.10864	0.0	1017500	25795.039165258408
407	-49.78	-49.78	-50.0	323.57535	1523.2445	38501.758	1.8754505	271.15286	0.0	1020000	25859.996665477753
408	-48.76	-48.76	-50.0	420.21527	3865.836	107247.34	1.7942983	428.02438	0.0	1022500	25924.92117857933
409	-48.94	-48.94	-47.4	457.77576	3196.062	112266.48	1.6215652	373.3153	0.0	1025000	25989.8198056221
410	-48.76	-48.76	-47.2	497.82324	2869.352	54596.008	1.3004732	450.43076	0.1	1027500	26054.503380537033
411	-49.02	-49.02	-49.9	333.8493	2004.8846	36849.234	1.8133619	396.1125	0.0	1030000	26119.83260154724
412	-49.94	-49.94	-44.8	271.08087	1256.9084	21305.668	1.6746378	244.80185	0.1	1032500	26185.100979089737
413	-49.28	-49.28	-49.5	332.3741	2179.9949	74456.1	1.6178155	290.55408	0.1	1035000	26249.903434038162
414	-49.18	-49.18	-50.0	211.87074	1301.9501	33137.566	1.3932167	186.57	0.0	1037500	26314.664626598358
415	-49.82	-49.82	-49.9	191.40466	1515.8904	53374.035	1.1511829	289.61618	0.0	1040000	26380.32333421707
416	-49.58	-49.58	-50.0	141.09512	759.62756	21011.662	1.6679791	106.86387	0.0	1042500	26445.305537462234
417	-47.4	-47.4	-48.9	106.69491	655.3341	23027.09	1.4340292	83.62397	0.0	1045000	26509.92071390152
418	-49.92	-49.92	-49.7	59.604816	561.58813	21349.986	1.6953235	41.145195	0.0	1047500	26573.811906814575
419	-49.68	-49.68	-49.2	31.43532	168.15909	4802.1865	1.5257182	29.865934	0.0	1050000	26639.193313598633
420	-49.76	-49.76	-50.0	43.883118	598.77075	17267.428	1.525919	16.69925	0.0	1052500	26703.22641468048
421	-48.74	-48.74	-49.6	16.499609	150.94867	4141.823	1.4420358	9.728842	0.0	1055000	26767.540279865265
422	-49.46	-49.46	-50.0	12.648106	141.37231	4766.6895	1.4151597	15.137043	0.0	1057500	26831.673706293106
423	-49.74	-49.74	-50.0	5.8938327	18.353586	675.9157	1.2375045	5.758693	0.0	1060000	26894.858830928802
424	-49.84	-49.84	-50.0	5.456639	25.63317	1059.8197	1.1972809	5.3581448	0.0	1062500	26960.289980649948
425	-49.16	-49.16	-50.0	4.9001894	17.01516	580.16034	1.012785	3.7642953	0.0	1065000	27025.92352104187
426	-49.84	-49.84	-50.0	3.890821	3.890379	61.261433	0.977065	3.4654596	0.0	1067500	27091.007821559906
427	-48.34	-48.34	-49.2	4.0176167	11.847057	443.626	0.95138866	3.373088	0.0	1070000	27155.29468011856
428	-49.2	-49.2	-49.2	3.4322553	5.379606	197.67186	0.86625296	3.1497836	0.0	1072500	27220.355254650116
429	-48.4	-48.4	-46.9	3.1683052	9.445511	401.22263	0.72667325	2.7319899	0.1	1075000	27285.77179312706
430	-48.18	-48.18	-46.6	2.6763139	2.5855732	51.921806	0.7048321	2.4744194	0.1	1077500	27348.599633455276
431	-49.56	-49.56	-49.4	2.7030213	8.964848	293.244	0.6232018	2.5350175	0.0	1080000	27411.86225605011
432	-49.8	-49.8	-49.5	2.597322	11.924269	456.6554	0.6224664	2.1087947	0.0	1082500	27475.69497680664
433	-48.7	-48.7	-45.399998	2.1230953	2.220386	34.15662	0.5749123	1.9728503	0.1	1085000	27540.148923158646
434	-48.68	-48.68	-49.2	1.9116945	1.4973551	28.234652	0.57015216	1.8135515	0.0	1087500	27603.325039863586
435	-48.86	-48.86	-49.8	1.8680754	1.6684341	38.49708	0.43515828	1.7478182	0.0	1090000	27667.627250432968
436	-49.54	-49.54	-50.0	1.7534322	1.2840998	16.980268	0.5380697	1.668301	0.0	1092500	27731.606240272522
437	-48.5	-48.5	-44.899998	1.7522327	1.4625533	22.135164	0.46427855	1.6889206	0.2	1095000	27794.75473690033
438	-48.1	-48.1	-49.9	1.5884402	1.1716175	22.661606	0.50164545	1.5210506	0.0	1097500	27859.19179058075
439	-49.2	-49.2	-45.399998	1.5092285	1.1080391	17.26264	0.50674057	1.4440984	0.1	1100000	27923.56010532379
440	-47.82	-47.82	-47.6	1.4708047	1.0716252	18.15681	0.48107642	1.3882959	0.1	1102500	27987.840620994568
441	-47.74	-47.74	-47.7	1.4448869	1.0863787	14.868152	0.47845444	1.3659546	0.0	1105000	28051.306805849075
442	-48.84	-48.84	-47.6	1.3717276	1.0129478	16.576674	0.41919568	1.3215182	0.2	1107500	28115.88090491295
443	-48.48	-48.48	-44.399998	1.3119537	0.93001664	14.016769	0.4576715	1.2813994	0.0	1110000	28180.99187207222
444	-47.8	-47.8	-43.7	1.3315997	0.9387067	15.234451	0.40666676	1.2803298	0.2	1112500	28243.719689130783
445	-47.02	-47.02	-48.7	1.2926726	0.8274279	10.250966	0.47209013	1.2947131	0.2	1115000	28307.332306861877
446	-48.5	-48.5	-43.8	1.2807932	1.0258511	16.626526	0.38027573	1.2500014	0.2	1117500	28371.06948876381
447	-47.3	-47.3	-46.6	1.2405717	0.8350727	10.398589	0.3902955	1.21116	0.0	1120000	28435.270451784134
448	-49.38	-49.38	-43.3	1.1832733	0.80854833	10.047333	0.4104084	1.1375393	0.1	1122500	28500.266318321228
449	-47.52	-47.52	-44.7	1.1230026	0.7277185	9.109864	0.3953498	1.11118	0.1	1125000	28563.230558395386
450	-48.12	-48.12	-42.2	1.1088843	0.7517401	12.939865	0.38874114	1.0823191	0.3	1127500	28621.94380879402
451	-46.78	-46.78	-47.2	1.0997678	0.7643711	10.781928	0.35997117	1.0970929	0.0	1130000	28677.95493578911
452	-49.08	-49.08	-45.600002	1.0999037	0.8339895	16.353178	0.30573452	1.0798615	0.0	1132500	28736.38840007782
453	-48.16	-48.16	-42.8	1.0235333	0.635266	7.263991	0.37931567	1.003862	0.3	1135000	28793.760189056396
454	-46.64	-46.64	-47.5	0.96666026	0.6015187	9.642542	0.36456412	0.9661394	0.0	1137500	28850.612594127655
455	-47.42	-47.42	-46.0	0.95095235	0.5461474	7.8340683	0.37784928	0.93249583	0.3	1140000	28908.018149137497
456	-46.78	-46.78	-47.4	0.9628516	0.53482497	7.3069415	0.3578632	0.9457041	0.0	1142500	28966.182739257812
457	-47.8	-47.8	-42.5	0.9691797	0.5567356	9.409866	0.3351727	0.98455215	0.2	1145000	29024.139801740646
458	-47.28	-47.28	-47.6	0.9564478	0.56729186	7.733455	0.364342	0.9571196	0.0	1147500	29081.855002880096
459	-47.42	-47.42	-48.1	0.94763726	0.5677518	7.4687448	0.35473487	0.93587357	0.0	1150000	29138.46625971794
460	-47.44	-47.44	-44.0	0.8952603	0.51104766	6.666017	0.34348887	0.8888781	0.2	1152500	29195.45404791832
461	-47.84	-47.84	-45.2	0.92722803	0.60419744	8.785232	0.35363847	0.92594993	0.1	1155000	29252.077556610107
462	-47.14	-47.14	-45.7	0.925743	0.5474773	6.6103206	0.33066368	0.9259766	0.2	1157500	29309.084351062775
463	-49.18	-49.18	-50.0	0.9657932	0.6703579	14.42843	0.32826722	0.9464745	0.0	1160000	29366.370272874832
464	-46.1	-46.1	-43.7	1.0021433	0.6968271	12.431895	0.33586276	0.9835685	0.1	1162500	29423.69882273674
465	-48.08	-48.08	-46.5	0.9547102	0.5416666	7.02697	0.2973358	0.96985877	0.1	1165000	29481.84712791443
466	-46.98	-46.98	-45.8	0.9822377	0.61805624	7.8226748	0.34312117	1.0207654	0.1	1167500	29539.97877597809
467	-47.48	-47.48	-47.7	0.9662013	0.56065154	5.8271894	0.35251692	0.98819935	0.1	1170000	29598.60796904564
468	-47.78	-47.78	-47.8	1.0006663	0.6528951	8.764575	0.36749426	1.010971	0.2	1172500	29656.043556451797
469	-47.48	-47.48	-47.3	1.0362204	0.6763305	10.857782	0.32829124	1.0797412	0.1	1175000	29710.681963920593
470	-46.52	-46.52	-49.2	1.06423	0.73846525	9.399871	0.33253586	1.0969858	0.1	1177500	29764.84023284912
471	-48.9	-48.9	-45.100002	1.0571841	0.7106414	8.198034	0.37352282	1.056753	0.2	1180000	29820.424442768097
472	-46.06	-46.06	-45.0	1.0332383	0.71353227	11.119442	0.32601145	1.0395167	0.2	1182500	29877.193639993668
473	-46.78	-46.78	-44.7	1.0717715	0.7480528	10.63042	0.35840702	1.0852661	0.2	1185000	29933.447702884674
474	-46.1	-46.1	-44.2	1.0804346	0.72243553	12.756992	0.3318199	1.0975747	0.3	1187500	29988.616673469543
475	-47.3	-47.3	-44.600002	1.0520378	0.7152997	13.165223	0.32534286	1.0629077	0.2	1190000	30043.230534791946
476	-47.62	-47.62	-44.100002	1.0298294	0.6258664	6.9374027	0.32165647	1.0426666	0.2	1192500	30099.087275266647
477	-46.04	-46.04	-45.399998	1.101026	0.7592307	11.614787	0.34299308	1.124198	0.3	1195000	30154.490440130234
478	-46.24	-46.24	-46.9	1.0496426	0.6649061	8.202556	0.32660645	1.0689213	0.2	1197500	30208.602776765823
479	-46.14	-46.14	-44.8	1.0392845	0.6422036	8.321832	0.33886695	1.0535259	0.2	1200000	30263.600598573685
480	-47.2	-47.2	-46.3	1.0717479	0.6922316	9.733111	0.34921455	1.084027	0.1	1202500	30318.748344659805
481	-48.02	-48.02	-45.399998	1.0809184	0.71334434	9.90976	0.34994772	1.0987937	0.0	1205000	30374.989557027817
482	-48.08	-48.08	-47.7	1.0364183	0.65535223	12.150094	0.3293016	1.0609721	0.1	1207500	30431.104639530182
483	-46.58	-46.58	-47.3	1.0649664	0.7260891	8.279367	0.32619792	1.0663189	0.1	1210000	30485.41667199135
484	-47.92	-47.92	-42.0	1.0270627	0.67637414	9.238743	0.33484307	1.0437568	0.4	1212500	30540.941301822662
485	-47.94	-47.94	-38.8	1.0220793	0.63513374	6.851277	0.34531987	1.0355201	0.4	1215000	30597.086978435516
486	-46.44	-46.44	-49.1	1.0394597	0.62493974	8.150987	0.33477724	1.0508276	0.0	1217500	30652.78106689453
487	-47.46	-47.46	-40.899998	1.0786263	0.7570638	10.354596	0.32624674	1.1003919	0.3	1220000	30707.897142887115
488	-46.6	-46.6	-45.7	1.0917778	0.85086197	12.913227	0.3546913	1.0979214	0.2	1222500	30764.078997135162
489	-46.48	-46.48	-48.4	1.0795885	0.65423834	6.367147	0.34603223	1.1001546	0.1	1225000	30819.027606487274
490	-48.0	-48.0	-41.8	1.0767354	0.69396555	7.917076	0.32115263	1.0975149	0.1	1227500	30874.61454319954
491	-47.08	-47.08	-46.0	1.0870266	0.7239226	8.087934	0.34599766	1.0720481	0.2	1230000	30931.08541035652
492	-48.0	-48.0	-47.7	1.0652974	0.63608676	8.02941	0.37843043	1.1052278	0.2	1232500	30985.61772298813
493	-45.62	-45.62	-36.2	1.0781518	0.7285235	9.382616	0.3429147	1.0849955	0.4	1235000	31038.43185734749
494	-47.94	-47.94	-40.3	1.093142	0.7296314	8.16066	0.33126548	1.1086798	0.3	1237500	31091.603832006454
495	-48.1	-48.1	-40.7	1.1051892	0.7787839	14.311073	0.31827408	1.1146827	0.1	1240000	31145.158271551132
496	-46.12	-46.12	-44.0	1.1479774	0.89945984	22.25424	0.35635054	1.1578698	0.3	1242500	31199.740461587906
497	-46.68	-46.68	-42.8	1.1653931	0.7883625	9.058876	0.35182118	1.1633567	0.2	1245000	31253.690214157104
498	-46.12	-46.12	-48.5	1.130644	0.7205426	7.141651	0.33948344	1.159987	0.0	1247500	31307.41884803772
499	-47.22	-47.22	-38.100002	1.1707939	0.76539487	10.22687	0.37190098	1.1582761	0.2	1250000	31360.42271542549
