Epoch	EpRet	EpRealRet	TestEpRet	AverageQ1	StdQ1	MaxQ1	MinQ1	Q2	TestSuccess	TotalEnvInteracts	TotalTime
0	-49.0	-49.0	-50.0	-1.2322489	1.9128836	0.94838226	-16.433222	-1.2318077	0.0	2500	72.48938989639282
1	-48.0	-48.0	-45.0	-2.378837	4.5914326	1.5434403	-57.953148	-2.3790808	0.1	5000	148.5192630290985
2	-47.0	-47.0	-50.0	-3.4622903	6.9691854	0.8609259	-52.693493	-3.4626806	0.0	7500	221.7593958377838
3	-50.0	-50.0	-45.0	-4.417504	8.940047	1.0273618	-53.614475	-4.4170694	0.1	10000	295.006564617157
4	-50.0	-50.0	-50.0	-5.3059316	10.696371	1.1275548	-56.203728	-5.3053207	0.0	12500	367.18475914001465
5	-49.0	-49.0	-50.0	-5.8817286	11.950804	1.6776638	-53.381523	-5.8804173	0.0	15000	439.42033076286316
6	-49.0	-49.0	-45.0	-6.4045777	13.062644	1.5208361	-64.2475	-6.4046774	0.1	17500	511.7984607219696
7	-50.0	-50.0	-45.0	-6.876472	13.979764	1.5918019	-54.33916	-6.875616	0.1	20000	583.0507035255432
8	-43.36	-43.36	-50.0	-7.1331863	14.629259	1.4006648	-57.35469	-7.133566	0.0	22500	657.6726222038269
9	-49.0	-49.0	-50.0	-7.3628917	15.248427	2.420483	-61.344296	-7.3630943	0.0	25000	728.5740447044373
10	-47.76	-47.76	-50.0	-7.775474	15.998124	2.3930275	-56.89291	-7.775577	0.0	27500	801.2864451408386
11	-49.0	-49.0	-45.0	-8.048446	16.556967	2.7508721	-58.13477	-8.04847	0.1	30000	874.071692943573
12	-47.0	-47.0	-50.0	-8.251467	16.976303	2.5946016	-61.314857	-8.251797	0.0	32500	946.3349239826202
13	-48.0	-48.0	-40.0	-8.42698	17.302462	2.5229502	-56.76486	-8.426791	0.2	35000	1019.3732988834381
14	-47.0	-47.0	-50.0	-8.4686775	17.417135	2.4530041	-62.61827	-8.468983	0.0	37500	1091.816296339035
15	-47.54	-47.54	-45.0	-8.594234	17.547348	3.003208	-62.359673	-8.594455	0.1	40000	1166.1568830013275
16	-47.0	-47.0	-50.0	-8.620351	17.613516	2.82854	-57.65909	-8.620445	0.0	42500	1236.77024435997
17	-49.0	-49.0	-50.0	-8.639871	17.662733	3.5632865	-62.13553	-8.640379	0.0	45000	1310.4047000408173
18	-48.0	-48.0	-50.0	-8.646203	17.746077	2.7282174	-63.26893	-8.646826	0.0	47500	1381.6712012290955
19	-49.0	-49.0	-48.9	-8.702623	17.841337	3.517637	-58.675003	-8.703268	0.0	50000	1452.570437669754
20	-47.0	-47.0	-50.0	-8.791892	17.968098	5.2599087	-58.805096	-8.793181	0.0	52500	1524.8009684085846
21	-48.0	-48.0	-50.0	-8.868076	18.053234	4.10156	-60.812904	-8.8686285	0.0	55000	1595.2380509376526
22	-50.0	-50.0	-40.0	-8.865739	18.068726	4.0747576	-56.87225	-8.866068	0.2	57500	1664.7532827854156
23	-47.32	-47.32	-45.0	-8.871263	18.078808	3.8294559	-65.34448	-8.87254	0.1	60000	1735.5753874778748
24	-48.0	-48.0	-50.0	-8.933419	18.144773	14.375596	-60.865417	-8.932647	0.0	62500	1806.3206639289856
25	-50.0	-50.0	-45.0	-8.98121	18.188776	4.453974	-57.15354	-8.981337	0.1	65000	1876.8605270385742
26	-49.0	-49.0	-45.0	-8.992689	18.180635	5.822799	-60.90107	-8.993345	0.1	67500	1949.7893693447113
27	-45.94	-45.94	-50.0	-9.001452	18.191141	4.0039043	-65.60852	-9.001177	0.0	70000	2020.3969950675964
28	-49.0	-49.0	-47.7	-9.020334	18.198778	4.086618	-61.019356	-9.020887	0.0	72500	2089.8695254325867
29	-47.16	-47.16	-50.0	-9.031797	18.191372	5.352439	-69.228004	-9.030311	0.0	75000	2162.1731510162354
30	-49.0	-49.0	-50.0	-8.926136	18.049335	4.0673466	-59.195408	-8.925974	0.0	77500	2229.886028289795
31	-50.0	-50.0	-45.0	-9.081852	18.17294	4.584029	-68.70026	-9.083495	0.1	80000	2303.3411321640015
32	-50.0	-50.0	-45.0	-9.059933	18.173822	5.2009096	-59.196163	-9.060916	0.1	82500	2373.4197251796722
33	-45.54	-45.54	-48.0	-9.116732	18.250471	5.7748756	-59.099358	-9.117441	0.1	85000	2444.3275756835938
34	-47.52	-47.52	-50.0	-9.083636	18.248276	4.1754684	-65.69048	-9.0842	0.0	87500	2515.269750595093
35	-50.0	-50.0	-45.0	-9.234699	18.383282	3.147288	-62.652687	-9.235122	0.1	90000	2585.4015963077545
36	-47.04	-47.04	-50.0	-9.17054	18.337439	5.683975	-59.064438	-9.170509	0.0	92500	2657.6165764331818
37	-49.48	-49.48	-35.0	-9.204266	18.38777	5.3567214	-61.455177	-9.205211	0.3	95000	2728.52628326416
38	-46.8	-46.8	-50.0	-9.207402	18.366728	4.282907	-58.410824	-9.207828	0.0	97500	2800.3298745155334
39	-49.9	-49.9	-39.8	-9.193158	18.319674	4.4505024	-62.76552	-9.192916	0.2	100000	2868.2350635528564
40	-48.24	-48.24	-50.0	-9.16921	18.272984	5.155029	-58.32228	-9.168986	0.0	102500	2939.560788154602
41	-47.0	-47.0	-50.0	-9.172046	18.284344	6.6872296	-69.34538	-9.1711035	0.0	105000	3008.5569024086
42	-46.42	-46.42	-50.0	-9.168054	18.316244	5.031188	-60.914623	-9.166863	0.0	107500	3080.6967730522156
43	-46.06	-46.06	-50.0	-9.197231	18.337315	3.399682	-58.144817	-9.197809	0.0	110000	3151.8940711021423
44	-49.0	-49.0	-50.0	-9.180772	18.325356	6.274777	-62.61642	-9.180061	0.0	112500	3220.545800447464
45	-46.5	-46.5	-50.0	-9.216521	18.347921	4.135165	-65.25185	-9.21658	0.0	115000	3289.8800749778748
46	-47.36	-47.36	-50.0	-9.176887	18.318125	4.3094816	-62.457947	-9.177907	0.0	117500	3359.1295619010925
47	-47.62	-47.62	-45.0	-9.289569	18.403528	9.360914	-59.152714	-9.29002	0.1	120000	3429.006071329117
48	-50.0	-50.0	-45.0	-9.228152	18.344189	4.8581724	-60.671818	-9.228309	0.1	122500	3499.195447206497
49	-46.88	-46.88	-41.2	-9.303299	18.371277	6.0083714	-58.888306	-9.302984	0.2	125000	3569.428121805191
50	-48.74	-48.74	-49.1	-9.260708	18.313692	7.9361553	-63.299294	-9.261838	0.1	127500	3639.54101729393
51	-46.88	-46.88	-45.0	-9.120584	18.138659	6.188191	-60.759163	-9.120844	0.1	130000	3707.1545989513397
52	-47.0	-47.0	-45.0	-9.107982	18.099762	7.762972	-59.851482	-9.10799	0.1	132500	3776.040373325348
53	-48.46	-48.46	-50.0	-9.108959	18.091074	4.8868637	-62.68727	-9.109084	0.0	135000	3844.4425525665283
54	-48.42	-48.42	-45.0	-9.033201	17.98541	3.3684845	-63.478752	-9.032224	0.1	137500	3914.672000646591
55	-47.26	-47.26	-50.0	-9.089664	18.016714	5.260979	-58.532402	-9.091053	0.0	140000	3984.368723630905
56	-43.44	-43.44	-50.0	-9.036478	17.950607	4.073504	-65.33907	-9.036966	0.0	142500	4054.333484172821
57	-50.0	-50.0	-50.0	-9.0414505	17.908186	4.1768713	-67.87831	-9.040193	0.0	145000	4122.918849945068
58	-48.18	-48.18	-46.6	-8.991954	17.800005	4.50918	-57.785263	-8.992404	0.1	147500	4192.310680627823
59	-46.78	-46.78	-50.0	-8.997198	17.785284	4.0182447	-61.578865	-8.99665	0.0	150000	4259.586786985397
60	-44.7	-44.7	-49.8	-8.959881	17.734016	4.795142	-60.25049	-8.959308	0.0	152500	4329.631377220154
61	-47.38	-47.38	-46.5	-8.942694	17.693596	7.171063	-60.18137	-8.941207	0.1	155000	4399.7932550907135
62	-45.2	-45.2	-45.8	-8.88124	17.54595	5.753204	-64.88762	-8.880603	0.2	157500	4468.463052988052
63	-49.36	-49.36	-45.8	-8.78724	17.400375	4.595748	-60.762215	-8.786844	0.1	160000	4536.2723734378815
64	-48.66	-48.66	-45.0	-8.796469	17.321127	8.20121	-60.516453	-8.796385	0.1	162500	4605.559416055679
65	-47.94	-47.94	-34.899998	-8.774318	17.28979	8.679146	-61.897324	-8.77318	0.4	165000	4676.240914106369
66	-48.48	-48.48	-46.0	-8.785676	17.277147	6.136031	-63.775085	-8.786088	0.1	167500	4744.779895067215
67	-47.82	-47.82	-43.2	-8.715609	17.17088	3.4964771	-64.336655	-8.714346	0.2	170000	4814.405165195465
68	-46.62	-46.62	-46.100002	-8.656834	17.076843	4.725026	-59.49334	-8.65682	0.1	172500	4881.792435646057
69	-48.82	-48.82	-40.8	-8.613426	16.963446	7.922286	-58.107334	-8.613898	0.2	175000	4949.939251422882
70	-48.14	-48.14	-45.7	-8.574701	16.87305	3.683445	-60.510242	-8.575675	0.1	177500	5018.113237857819
71	-46.56	-46.56	-45.899998	-8.560968	16.83653	4.9023247	-61.455173	-8.560733	0.1	180000	5083.520215272903
72	-44.72	-44.72	-46.100002	-8.49925	16.750837	5.9460077	-63.057922	-8.499073	0.1	182500	5152.362288475037
73	-47.88	-47.88	-44.8	-8.566909	16.796566	4.590726	-64.28487	-8.566555	0.1	185000	5218.781724691391
74	-47.62	-47.62	-46.2	-8.558168	16.76184	5.1817083	-69.248856	-8.558791	0.1	187500	5286.967848539352
75	-45.04	-45.04	-41.3	-8.433686	16.59359	5.7012753	-66.89797	-8.433404	0.2	190000	5355.62288069725
76	-45.98	-45.98	-45.600002	-8.212639	16.313335	6.434416	-63.801792	-8.213622	0.1	192500	5424.180813550949
77	-44.26	-44.26	-49.2	-8.259386	16.283365	3.9962416	-60.112713	-8.260903	0.0	195000	5489.502946615219
78	-46.4	-46.4	-49.7	-8.208503	16.240374	7.4439187	-63.033558	-8.210511	0.0	197500	5557.375517845154
79	-47.76	-47.76	-40.899998	-8.22934	16.247896	3.5507038	-61.07672	-8.229362	0.2	200000	5626.403970956802
80	-45.72	-45.72	-46.7	-8.288209	16.342829	10.245157	-63.25809	-8.288322	0.1	202500	5692.832189321518
81	-46.46	-46.46	-50.0	-8.240393	16.249697	5.7571125	-57.897003	-8.23998	0.0	205000	5760.601800441742
82	-49.84	-49.84	-36.899998	-8.249455	16.262959	5.78292	-64.00796	-8.249259	0.3	207500	5827.5640614032745
83	-46.1	-46.1	-45.0	-8.224573	16.225111	8.821543	-60.371952	-8.225846	0.2	210000	5895.578987836838
84	-46.18	-46.18	-42.2	-8.199536	16.172876	2.4023252	-62.583374	-8.200424	0.2	212500	5960.5885014534
85	-45.4	-45.4	-42.399998	-8.197874	16.133612	4.98134	-61.391525	-8.196505	0.2	215000	6029.619078874588
86	-46.0	-46.0	-47.2	-8.23483	16.146557	5.4742866	-62.899227	-8.234859	0.1	217500	6097.891919136047
87	-45.02	-45.02	-46.3	-8.154577	16.026752	6.0346956	-70.64291	-8.154456	0.1	220000	6163.006969690323
88	-46.1	-46.1	-45.399998	-8.173691	16.000423	4.0079284	-59.241776	-8.172392	0.1	222500	6232.67636346817
89	-45.3	-45.3	-45.8	-8.128878	15.923461	2.709289	-60.02333	-8.126777	0.1	225000	6300.302626132965
90	-46.68	-46.68	-38.100002	-8.189437	15.959903	3.0033126	-58.770638	-8.191086	0.3	227500	6366.782584190369
91	-45.5	-45.5	-42.0	-8.159008	15.911115	6.7613606	-60.43377	-8.159468	0.2	230000	6431.956467151642
92	-47.54	-47.54	-43.7	-8.23601	15.983413	3.389439	-61.82885	-8.23578	0.1	232500	6498.1527218818665
93	-41.86	-41.86	-43.5	-8.199844	15.910371	4.831536	-61.648327	-8.19955	0.2	235000	6562.601954698563
94	-46.08	-46.08	-49.2	-8.215857	15.894543	8.654386	-62.599167	-8.214566	0.0	237500	6630.255170106888
95	-45.3	-45.3	-36.600002	-8.22486	15.887638	3.8363938	-61.195732	-8.22533	0.4	240000	6697.23570895195
96	-45.6	-45.6	-49.4	-8.170299	15.839352	9.066215	-61.82347	-8.171136	0.0	242500	6762.68927025795
97	-44.44	-44.44	-36.0	-8.193087	15.839357	4.7683	-61.675114	-8.19334	0.4	245000	6830.13707947731
98	-45.16	-45.16	-49.3	-8.141366	15.776292	5.1693954	-65.566154	-8.141967	0.0	247500	6897.615640640259
99	-44.94	-44.94	-45.600002	-8.196297	15.806453	5.0442142	-61.57771	-8.196121	0.1	250000	6965.265579462051
100	-43.94	-43.94	-42.399998	-8.329218	15.866048	5.621375	-65.99945	-8.330411	0.3	252500	7033.433509111404
101	-44.62	-44.62	-42.7	-8.301944	15.820928	3.8234642	-60.850243	-8.303375	0.3	255000	7103.314915418625
102	-42.44	-42.44	-40.7	-8.244231	15.720962	2.6526728	-63.088135	-8.243606	0.2	257500	7170.272951602936
103	-42.94	-42.94	-44.899998	-8.261725	15.67568	2.9937782	-68.09821	-8.262353	0.2	260000	7237.95331120491
104	-45.7	-45.7	-34.5	-8.196227	15.595009	6.144004	-62.462234	-8.196018	0.4	262500	7304.400810003281
105	-40.72	-40.72	-46.3	-8.137312	15.5156975	3.6768768	-71.205284	-8.136988	0.2	265000	7370.845082759857
106	-46.14	-46.14	-50.0	-8.134483	15.4732895	4.170644	-59.413074	-8.134987	0.0	267500	7437.361263513565
107	-47.34	-47.34	-33.5	-8.082016	15.39281	6.4574175	-64.34544	-8.080857	0.4	270000	7504.123490571976
108	-47.24	-47.24	-41.100002	-8.065792	15.333842	3.1597648	-63.116333	-8.066122	0.3	272500	7570.983570575714
109	-44.94	-44.94	-42.399998	-8.1097555	15.38386	9.860375	-67.524895	-8.111358	0.2	275000	7636.099634647369
110	-43.7	-43.7	-41.8	-8.187419	15.421288	6.4272356	-62.279484	-8.189564	0.2	277500	7705.2302532196045
111	-43.76	-43.76	-42.399998	-8.057688	15.287571	5.406919	-67.42883	-8.057442	0.2	280000	7771.716654539108
112	-38.56	-38.56	-38.600002	-8.043278	15.197036	5.089097	-58.859646	-8.044413	0.3	282500	7839.712691068649
113	-41.76	-41.76	-36.8	-8.043382	15.166139	4.2605762	-63.25147	-8.045044	0.4	285000	7907.945788860321
114	-41.26	-41.26	-49.9	-8.085463	15.198593	4.2704945	-64.35394	-8.085014	0.0	287500	7976.613316297531
115	-42.76	-42.76	-38.8	-7.9606724	15.050472	5.0397453	-62.054024	-7.959877	0.3	290000	8044.122070550919
116	-44.86	-44.86	-44.399998	-8.036011	15.098162	4.6639633	-67.727425	-8.0385065	0.2	292500	8109.003589630127
117	-40.98	-40.98	-33.399998	-8.060719	15.06922	13.1703	-61.774815	-8.060813	0.5	295000	8175.522356748581
118	-46.2	-46.2	-40.600002	-8.059006	15.074841	4.923482	-63.876102	-8.058841	0.4	297500	8242.122000217438
119	-36.38	-36.38	-39.8	-7.9877963	14.996622	4.30737	-60.21314	-7.9876385	0.2	300000	8311.576574087143
120	-45.0	-45.0	-31.5	-7.955875	14.9250345	3.863758	-63.786148	-7.9553785	0.5	302500	8377.84046959877
121	-42.26	-42.26	-34.7	-7.9800277	14.902396	4.355664	-66.006004	-7.9809213	0.4	305000	8443.41098022461
122	-39.9	-39.9	-43.3	-7.9612956	14.8747835	5.864196	-63.07103	-7.960104	0.2	307500	8508.731858968735
123	-41.56	-41.56	-29.2	-7.920495	14.807989	6.640472	-64.05774	-7.920003	0.5	310000	8574.631488084793
124	-43.28	-43.28	-49.3	-7.855986	14.698894	5.4053745	-59.88233	-7.854345	0.0	312500	8641.381978273392
125	-44.42	-44.42	-23.199999	-7.934207	14.708609	4.2439547	-57.81269	-7.9323726	0.7	315000	8707.746109962463
126	-41.98	-41.98	-45.399998	-7.8285046	14.5243435	6.450715	-70.41972	-7.8266826	0.2	317500	8774.393465042114
127	-41.98	-41.98	-36.0	-7.8041406	14.445889	5.905895	-69.221176	-7.80247	0.3	320000	8840.24043917656
128	-42.76	-42.76	-37.600002	-7.7110662	14.218309	5.061735	-64.39364	-7.7139206	0.4	322500	8909.123846292496
129	-40.64	-40.64	-38.100002	-7.6635118	14.119191	5.365409	-67.14932	-7.666971	0.4	325000	8976.449445724487
130	-40.88	-40.88	-35.899998	-7.62002	14.028436	4.8476534	-61.016563	-7.61788	0.5	327500	9043.982656955719
131	-42.96	-42.96	-31.0	-7.5734487	13.835618	3.151977	-62.971184	-7.574088	0.6	330000	9110.290222167969
132	-42.52	-42.52	-35.0	-7.6145463	13.859688	5.4525084	-58.63554	-7.615431	0.4	332500	9177.703270435333
133	-41.88	-41.88	-39.3	-7.6282105	13.844535	4.556079	-63.542522	-7.6287847	0.3	335000	9246.351217746735
134	-44.04	-44.04	-26.4	-7.6175327	13.888258	5.2471676	-69.04023	-7.6164103	0.7	337500	9313.101438522339
135	-39.82	-39.82	-26.1	-7.654322	13.921869	5.5486727	-63.729877	-7.653911	0.7	340000	9380.641586065292
136	-41.14	-41.14	-42.3	-7.5681424	13.830929	9.33333	-60.99535	-7.567423	0.2	342500	9447.501084566116
137	-39.7	-39.7	-30.9	-7.680217	13.920409	5.147173	-71.84885	-7.6816807	0.5	345000	9516.981547355652
138	-42.42	-42.42	-32.5	-7.6783338	13.889924	6.3489094	-64.3675	-7.678685	0.4	347500	9583.938856124878
139	-38.36	-38.36	-26.9	-7.724483	13.931325	4.949424	-61.688683	-7.725678	0.5	350000	9651.662575483322
140	-42.54	-42.54	-36.8	-7.7094555	13.863853	21.680618	-71.24072	-7.7084723	0.4	352500	9719.047261238098
141	-42.08	-42.08	-29.1	-7.689723	13.829626	4.615097	-58.543655	-7.6905055	0.5	355000	9786.409659147263
142	-41.0	-41.0	-40.899998	-7.776488	13.910108	5.6704116	-70.7626	-7.7774568	0.3	357500	9856.610019922256
143	-43.68	-43.68	-37.5	-7.7423997	13.86473	6.0033336	-65.34284	-7.7428255	0.3	360000	9922.329269170761
144	-42.34	-42.34	-39.0	-7.71356	13.84929	5.5904922	-63.858963	-7.7127256	0.2	362500	9991.880108833313
145	-45.48	-45.48	-19.800001	-7.7812734	13.939044	10.101826	-59.053368	-7.78036	0.8	365000	10058.92690730095
146	-43.64	-43.64	-22.5	-7.774195	13.94629	6.002959	-60.74233	-7.774403	0.7	367500	10127.331147909164
147	-40.16	-40.16	-44.0	-7.792774	13.986159	4.280291	-60.15327	-7.792992	0.2	370000	10193.941338539124
148	-40.12	-40.12	-22.5	-7.8743925	14.058353	5.871086	-63.248703	-7.8758717	0.8	372500	10260.926275014877
149	-38.12	-38.12	-37.899998	-7.8472214	13.9568	5.329059	-67.75826	-7.8484063	0.3	375000	10326.92784500122
150	-41.54	-41.54	-28.7	-7.8092384	13.857952	5.690343	-58.777496	-7.808667	0.5	377500	10395.27457857132
151	-40.26	-40.26	-33.3	-7.776417	13.816788	9.145571	-64.724144	-7.7754173	0.5	380000	10464.833704948425
152	-38.56	-38.56	-28.2	-7.7856336	13.812558	12.55711	-58.165756	-7.78493	0.7	382500	10533.1572971344
153	-37.98	-37.98	-35.899998	-7.7670345	13.692973	7.725385	-62.260376	-7.7676625	0.3	385000	10600.573526144028
154	-36.62	-36.62	-35.3	-7.6647615	13.514263	4.9594	-83.547134	-7.6658716	0.3	387500	10668.611091852188
155	-35.74	-35.74	-34.600002	-7.618139	13.404015	6.8897038	-63.417915	-7.6195564	0.4	390000	10738.03060054779
156	-41.02	-41.02	-33.0	-7.561204	13.282028	7.928836	-63.19782	-7.562444	0.4	392500	10803.989282131195
157	-39.12	-39.12	-29.2	-7.5616817	13.244228	7.250927	-60.628532	-7.5621514	0.6	395000	10871.567480564117
158	-41.24	-41.24	-41.7	-7.5187716	13.058552	13.160337	-62.627968	-7.5177155	0.3	397500	10940.253294944763
159	-39.9	-39.9	-19.5	-7.506265	12.996578	6.5351477	-91.52737	-7.507691	0.8	400000	11007.749764680862
160	-35.3	-35.3	-22.4	-7.458441	12.831644	7.1866207	-61.41228	-7.4617085	0.8	402500	11077.528716802597
161	-41.5	-41.5	-34.399998	-7.3802247	12.680293	7.0374827	-61.522144	-7.3783145	0.5	405000	11145.933166742325
162	-39.26	-39.26	-31.6	-7.367471	12.58375	7.683196	-62.29855	-7.3678923	0.5	407500	11216.107887744904
163	-34.4	-34.4	-18.300001	-7.29709	12.428898	5.3553295	-62.217743	-7.2978654	0.8	410000	11283.832707643509
164	-38.18	-38.18	-28.9	-7.3254833	12.423997	6.0771914	-62.662605	-7.3280272	0.6	412500	11350.973873138428
165	-37.94	-37.94	-24.5	-7.286099	12.293399	7.8097444	-60.24705	-7.2857647	0.7	415000	11420.24697804451
166	-34.76	-34.76	-21.6	-7.2411304	12.140383	6.1411495	-67.93914	-7.2436924	0.6	417500	11488.936561822891
167	-33.18	-33.18	-29.3	-7.2353425	12.029932	4.727783	-60.65577	-7.2349677	0.5	420000	11556.844351053238
168	-35.48	-35.48	-38.7	-7.21363	12.026762	5.8630195	-66.71266	-7.2150545	0.3	422500	11624.114539861679
169	-38.02	-38.02	-29.5	-7.1240425	11.87447	14.428437	-67.99484	-7.1241508	0.6	425000	11691.923117637634
170	-36.34	-36.34	-37.5	-7.1146293	11.756343	3.9915357	-63.822083	-7.113401	0.3	427500	11758.73781466484
171	-39.1	-39.1	-22.199999	-7.0348434	11.591319	12.102596	-69.12895	-7.033933	0.8	430000	11828.384624004364
172	-39.76	-39.76	-29.1	-7.0483894	11.544789	4.2419977	-65.54797	-7.047922	0.6	432500	11895.110659837723
173	-35.66	-35.66	-20.699999	-7.0616617	11.519209	7.9479556	-61.800694	-7.0624886	0.5	435000	11963.485592126846
174	-33.5	-33.5	-22.0	-7.023729	11.473589	4.9656096	-62.72905	-7.023363	0.7	437500	12032.811711788177
175	-34.64	-34.64	-21.800001	-7.0088534	11.434436	3.513167	-67.39989	-7.0074625	0.8	440000	12101.453556537628
176	-38.16	-38.16	-16.9	-6.928076	11.25354	10.783036	-63.981853	-6.92852	0.9	442500	12170.339951753616
177	-35.54	-35.54	-31.6	-6.890524	11.112463	7.2291694	-63.01815	-6.8911695	0.6	445000	12237.010739803314
178	-32.52	-32.52	-25.8	-6.8483167	10.985394	8.455988	-59.277145	-6.848071	0.6	447500	12308.344543218613
179	-35.54	-35.54	-28.7	-6.811784	10.901526	7.145013	-61.736145	-6.814481	0.5	450000	12376.225932836533
180	-38.92	-38.92	-23.8	-6.7559943	10.784998	6.7244425	-67.832115	-6.7566967	0.8	452500	12443.879668951035
181	-32.86	-32.86	-36.600002	-6.6873007	10.635469	4.586231	-68.91334	-6.6873946	0.3	455000	12513.507416725159
182	-37.68	-37.68	-22.199999	-6.631821	10.507312	6.6699815	-68.735664	-6.6328626	0.6	457500	12581.516976356506
183	-34.28	-34.28	-24.9	-6.558077	10.337454	7.281025	-65.37503	-6.5552206	0.7	460000	12652.452361345291
184	-36.16	-36.16	-23.4	-6.50327	10.163053	15.173121	-73.55342	-6.5046124	0.8	462500	12718.642297029495
185	-36.72	-36.72	-25.8	-6.5038614	10.0751505	5.724922	-60.674015	-6.5057297	0.6	465000	12787.812804937363
186	-31.36	-31.36	-31.6	-6.393435	9.8701105	5.1849093	-63.273712	-6.393153	0.6	467500	12855.724608659744
187	-35.24	-35.24	-8.0	-6.3518276	9.742587	11.0266285	-64.78725	-6.3526835	1.0	470000	12923.82045841217
188	-32.64	-32.64	-24.5	-6.27917	9.563403	4.653541	-63.432323	-6.280177	0.5	472500	12993.452008962631
189	-33.06	-33.06	-25.4	-6.225093	9.482968	5.9237885	-66.15537	-6.2249527	0.6	475000	13062.30801486969
190	-32.98	-32.98	-18.199999	-6.2051206	9.403108	5.180568	-59.134823	-6.204775	0.8	477500	13132.457027673721
191	-34.4	-34.4	-13.0	-6.0907383	9.222501	17.963428	-65.079	-6.091113	0.9	480000	13200.476460933685
192	-36.02	-36.02	-16.0	-5.997834	9.057173	5.270229	-116.291885	-5.998383	0.9	482500	13268.714911937714
193	-31.2	-31.2	-13.9	-5.923442	8.890498	5.4792733	-66.913284	-5.9231005	0.9	485000	13338.485642194748
194	-33.96	-33.96	-19.4	-5.9125504	8.810245	10.272259	-70.83559	-5.9137588	0.8	487500	13406.417150497437
195	-32.18	-32.18	-14.4	-5.947065	8.823618	6.457102	-66.94644	-5.948816	0.9	490000	13475.88881611824
196	-32.88	-32.88	-19.199999	-5.9046965	8.693422	7.766956	-64.38403	-5.9041524	0.7	492500	13542.919385910034
197	-28.8	-28.8	-11.3	-5.856158	8.595183	4.8300457	-69.76913	-5.85617	1.0	495000	13612.357458114624
198	-34.28	-34.28	-16.0	-5.7620564	8.480317	7.55739	-62.580128	-5.76267	0.9	497500	13680.07872581482
199	-34.98	-34.98	-16.1	-5.7284093	8.426072	4.490152	-64.85549	-5.726589	0.9	500000	13748.586238384247
200	-31.76	-31.76	-12.4	-5.6573925	8.219106	5.958064	-59.026386	-5.657758	0.9	502500	13817.525793552399
201	-31.74	-31.74	-13.2	-5.642517	8.177258	3.7981424	-62.704456	-5.6438155	1.0	505000	13885.571273803711
202	-35.04	-35.04	-16.4	-5.602866	8.105113	4.6050897	-68.88825	-5.6038003	0.8	507500	13955.412529706955
203	-35.3	-35.3	-18.0	-5.5450974	8.017217	12.918404	-70.07187	-5.5472918	0.8	510000	14022.676845550537
204	-32.28	-32.28	-10.400001	-5.537658	7.977521	4.786722	-70.08766	-5.538163	1.0	512500	14091.887415885925
205	-34.52	-34.52	-17.5	-5.5028825	7.9112344	4.4841905	-62.405212	-5.501545	0.8	515000	14160.088932037354
206	-31.92	-31.92	-26.5	-5.483514	7.8508124	6.202484	-61.785145	-5.481051	0.5	517500	14229.098869085312
207	-30.98	-30.98	-15.6	-5.4572706	7.8232875	4.014866	-62.90637	-5.4586825	0.8	520000	14298.692069292068
208	-27.48	-27.48	-14.6	-5.4098043	7.763937	12.226002	-68.33459	-5.4095864	0.8	522500	14367.945968151093
209	-29.34	-29.34	-18.0	-5.374278	7.7252536	6.2536097	-75.17479	-5.375197	0.8	525000	14436.189168214798
210	-29.58	-29.58	-25.2	-5.336302	7.719544	4.0406427	-65.64071	-5.338782	0.6	527500	14503.666672229767
211	-29.0	-29.0	-23.8	-5.2820616	7.644646	3.7860394	-73.04012	-5.2798786	0.6	530000	14573.005270242691
212	-32.34	-32.34	-18.9	-5.2613883	7.6141915	4.081618	-64.22901	-5.26164	0.8	532500	14642.428786754608
213	-35.02	-35.02	-15.7	-5.1898394	7.4584837	3.5962033	-61.965298	-5.1903744	0.8	535000	14712.97845864296
214	-27.92	-27.92	-13.3	-5.132112	7.351478	8.9179	-62.866398	-5.1330023	0.9	537500	14781.22601890564
215	-28.66	-28.66	-16.1	-5.139797	7.3567996	3.3257818	-62.471497	-5.1378846	0.8	540000	14849.791026353836
216	-28.86	-28.86	-18.800001	-5.0731926	7.2654195	5.9933863	-63.595398	-5.0737777	0.7	542500	14919.514682531357
217	-30.6	-30.6	-15.7	-5.0238714	7.1898003	5.8400397	-64.62215	-5.024741	0.9	545000	14987.982394695282
218	-33.0	-33.0	-15.1	-4.988025	7.127957	3.8361378	-61.21814	-4.9884496	0.8	547500	15055.802716493607
219	-27.88	-27.88	-8.599999	-4.9476986	7.093029	6.027421	-72.07763	-4.947127	1.0	550000	15122.90103173256
220	-31.64	-31.64	-19.9	-4.9573536	7.078432	6.9903855	-62.78433	-4.958541	0.7	552500	15191.706722736359
221	-29.66	-29.66	-13.7	-4.9158597	7.036639	5.25361	-65.79662	-4.9170384	0.9	555000	15258.802772521973
222	-31.4	-31.4	-13.6	-4.837859	6.9272485	7.632001	-61.5037	-4.8396645	0.9	557500	15330.093488931656
223	-33.5	-33.5	-11.9	-4.8134537	6.85625	6.353909	-65.66365	-4.812344	0.9	560000	15398.937360525131
224	-30.12	-30.12	-11.5	-4.7839785	6.8187094	2.958437	-63.60987	-4.7839684	0.9	562500	15467.126230955124
225	-32.68	-32.68	-9.3	-4.7058935	6.7468605	6.0179353	-63.660423	-4.7072396	1.0	565000	15535.697910308838
226	-33.94	-33.94	-9.7	-4.725934	6.682538	4.849321	-63.89988	-4.727505	1.0	567500	15604.112732172012
227	-28.62	-28.62	-9.0	-4.694904	6.6420164	8.235434	-63.484627	-4.69348	1.0	570000	15674.014142274857
228	-30.0	-30.0	-9.7	-4.682542	6.6030326	5.7788763	-63.08146	-4.6825414	1.0	572500	15743.062617063522
229	-30.4	-30.4	-10.8	-4.620928	6.5188637	3.9842873	-69.17151	-4.618967	1.0	575000	15810.944332122803
230	-31.52	-31.52	-10.2	-4.6097608	6.5363226	9.472502	-65.3036	-4.61008	1.0	577500	15878.362580299377
231	-29.64	-29.64	-13.6	-4.5940576	6.4603324	4.6619678	-79.66342	-4.592732	1.0	580000	15946.773332118988
232	-32.98	-32.98	-13.5	-4.5639606	6.408947	12.131647	-75.43875	-4.565202	1.0	582500	16017.49643445015
233	-30.52	-30.52	-12.3	-4.5915003	6.430048	4.234294	-63.654694	-4.592215	1.0	585000	16086.217857122421
234	-28.48	-28.48	-10.3	-4.5721164	6.4315333	5.4918265	-74.53449	-4.570272	1.0	587500	16156.049089431763
235	-28.24	-28.24	-12.2	-4.534603	6.336775	4.4203033	-69.15985	-4.533565	0.9	590000	16226.137739896774
236	-31.9	-31.9	-10.400001	-4.529156	6.357186	4.547112	-65.15523	-4.5269547	1.0	592500	16294.168882608414
237	-31.68	-31.68	-9.3	-4.4967933	6.2778263	4.3895454	-61.449894	-4.495214	1.0	595000	16363.895060300827
238	-26.52	-26.52	-10.5	-4.453924	6.1795726	3.9594283	-65.36163	-4.454374	1.0	597500	16433.420182943344
239	-26.92	-26.92	-12.7	-4.440148	6.1882477	4.8127103	-60.77792	-4.441961	1.0	600000	16502.265144586563
240	-27.84	-27.84	-12.3	-4.40842	6.149527	5.0032196	-62.247578	-4.4085503	1.0	602500	16570.198395967484
241	-28.62	-28.62	-9.8	-4.4079833	6.1561394	3.9148846	-69.28709	-4.4090424	1.0	605000	16638.646262168884
242	-27.44	-27.44	-11.8	-4.3785954	6.1353993	6.6564384	-65.93079	-4.3784776	1.0	607500	16709.133944511414
243	-30.24	-30.24	-12.2	-4.364364	6.100976	5.2723413	-67.74117	-4.36547	1.0	610000	16777.024134635925
244	-27.74	-27.74	-10.5	-4.3548436	6.099787	4.0122232	-74.11104	-4.355901	1.0	612500	16844.111223697662
245	-30.12	-30.12	-9.900001	-4.317985	6.02622	4.6252294	-63.48522	-4.3195605	1.0	615000	16914.206013202667
246	-26.8	-26.8	-10.7	-4.3033395	5.9952836	5.5917945	-62.587196	-4.303916	1.0	617500	16983.63158106804
247	-32.3	-32.3	-10.5	-4.284079	5.988237	6.2777796	-64.01814	-4.2833076	1.0	620000	17051.94921541214
248	-33.7	-33.7	-7.0	-4.3214703	6.012869	3.568809	-66.74094	-4.320135	1.0	622500	17121.294941425323
249	-30.8	-30.8	-9.599999	-4.3084226	5.9665923	6.039354	-74.2903	-4.309653	1.0	625000	17188.119180440903
250	-30.58	-30.58	-9.599999	-4.2524633	5.8838806	5.2270575	-64.71293	-4.252903	1.0	627500	17257.767320632935
251	-33.12	-33.12	-11.099999	-4.2987456	5.9668593	8.152493	-67.18449	-4.2989163	1.0	630000	17324.933394908905
252	-31.66	-31.66	-10.099999	-4.262644	5.907344	4.9076834	-71.95215	-4.260674	1.0	632500	17393.778641223907
253	-29.98	-29.98	-9.400001	-4.2368402	5.847628	4.7600846	-65.99297	-4.2352633	1.0	635000	17462.471928596497
254	-32.92	-32.92	-12.2	-4.256635	5.856128	3.5329938	-66.409874	-4.256779	1.0	637500	17529.79758834839
255	-29.12	-29.12	-11.400001	-4.2404795	5.814262	4.5727787	-75.052246	-4.240997	0.9	640000	17597.602820158005
256	-31.24	-31.24	-9.8	-4.2355013	5.8065853	7.6618395	-65.89103	-4.2340646	1.0	642500	17664.807741880417
257	-28.82	-28.82	-9.7	-4.2603908	5.817068	5.705787	-67.983864	-4.261557	1.0	645000	17733.91349506378
258	-30.42	-30.42	-12.2	-4.258845	5.8119445	5.8621254	-72.849205	-4.2590966	1.0	647500	17801.857085704803
259	-27.52	-27.52	-11.2	-4.285237	5.8741684	7.197602	-65.42387	-4.285886	1.0	650000	17869.876265764236
260	-27.92	-27.92	-12.8	-4.2683835	5.8089485	4.613379	-69.64346	-4.268006	1.0	652500	17939.392602443695
261	-29.04	-29.04	-10.099999	-4.261258	5.824973	6.248356	-65.86846	-4.2610745	1.0	655000	18008.77965402603
262	-33.3	-33.3	-11.3	-4.268873	5.8405023	3.9671693	-68.27447	-4.2677846	1.0	657500	18079.737748384476
263	-31.02	-31.02	-9.2	-4.2717586	5.8137364	4.614738	-70.67427	-4.270359	1.0	660000	18148.401253700256
264	-30.84	-30.84	-9.0	-4.2614837	5.785815	4.5316486	-70.261536	-4.262125	1.0	662500	18219.256026268005
265	-32.7	-32.7	-7.0	-4.252502	5.7568793	5.576184	-66.15814	-4.2510676	1.0	665000	18288.347733020782
266	-34.4	-34.4	-10.599999	-4.2625957	5.808928	4.696787	-66.04133	-4.2629256	1.0	667500	18357.419531583786
267	-32.86	-32.86	-10.0	-4.2747893	5.758223	5.202088	-64.63319	-4.2742977	1.0	670000	18427.074906349182
268	-29.64	-29.64	-10.5	-4.272078	5.751211	4.3311777	-65.16722	-4.2713532	1.0	672500	18496.37014245987
269	-32.82	-32.82	-7.2	-4.2235274	5.6665597	4.6850576	-60.343063	-4.223708	1.0	675000	18566.446647644043
270	-31.54	-31.54	-10.5	-4.2796135	5.705835	5.6917524	-70.36837	-4.2797313	1.0	677500	18634.335552453995
271	-30.94	-30.94	-14.0	-4.294286	5.7463355	4.018734	-92.311424	-4.2941914	1.0	680000	18703.266235351562
272	-30.58	-30.58	-9.900001	-4.26678	5.7256303	7.5821857	-65.94727	-4.2673492	1.0	682500	18771.33610677719
273	-32.56	-32.56	-14.4	-4.298782	5.769689	5.3980155	-64.56809	-4.2982125	0.9	685000	18841.215089321136
274	-30.18	-30.18	-9.2	-4.329528	5.7912846	5.089671	-62.781708	-4.330131	1.0	687500	18910.824949979782
275	-28.32	-28.32	-9.400001	-4.3038907	5.784409	5.072435	-63.21786	-4.3049912	1.0	690000	18980.767913341522
276	-31.64	-31.64	-14.0	-4.315244	5.799001	5.8070054	-68.25973	-4.317075	0.9	692500	19049.220647096634
277	-29.76	-29.76	-9.099999	-4.338306	5.839022	4.80512	-60.950832	-4.336217	1.0	695000	19118.250723838806
278	-28.62	-28.62	-10.900001	-4.297457	5.79474	5.149191	-68.585625	-4.2964077	1.0	697500	19186.938297986984
279	-28.34	-28.34	-10.7	-4.2805176	5.801466	5.358679	-70.24791	-4.279392	1.0	700000	19256.30818748474
280	-30.56	-30.56	-8.900001	-4.29084	5.7806826	4.3363585	-64.0688	-4.289598	1.0	702500	19323.81527376175
281	-28.62	-28.62	-9.7	-4.3064933	5.799702	4.972578	-66.79895	-4.305981	1.0	705000	19392.619171142578
282	-29.68	-29.68	-7.9	-4.3567715	5.8452263	4.3819323	-74.471176	-4.356043	1.0	707500	19461.76975607872
283	-27.92	-27.92	-10.099999	-4.330547	5.8333626	4.1430564	-63.298943	-4.3309298	1.0	710000	19530.536238908768
284	-33.66	-33.66	-9.599999	-4.3193064	5.783896	4.675471	-66.98597	-4.3204675	1.0	712500	19598.484797477722
285	-34.0	-34.0	-13.2	-4.3114786	5.800416	4.4115033	-71.704254	-4.3103204	0.9	715000	19668.07311630249
286	-31.02	-31.02	-7.9	-4.3084335	5.7938104	4.6647067	-70.96663	-4.3084903	1.0	717500	19735.748157024384
287	-30.02	-30.02	-11.2	-4.327464	5.7809806	5.371846	-68.99314	-4.3258705	1.0	720000	19804.536200284958
288	-26.06	-26.06	-9.8	-4.3288035	5.8305964	4.791915	-68.66822	-4.3281794	1.0	722500	19873.821625471115
289	-30.76	-30.76	-9.5	-4.3313026	5.8186965	4.9743834	-64.11693	-4.3305616	1.0	725000	19942.254930257797
290	-28.6	-28.6	-10.0	-4.2946086	5.7925053	8.644833	-60.960255	-4.2934213	0.9	727500	20012.151534318924
291	-27.18	-27.18	-10.599999	-4.288571	5.75876	4.7414947	-74.27787	-4.2870364	1.0	730000	20081.28236722946
292	-32.04	-32.04	-10.3	-4.268994	5.7338185	6.172065	-68.72464	-4.2676935	1.0	732500	20151.5529897213
293	-33.82	-33.82	-11.3	-4.2897673	5.7873926	7.13186	-66.29431	-4.291647	1.0	735000	20220.611433506012
294	-30.3	-30.3	-9.8	-4.29744	5.823863	4.1448836	-69.78905	-4.2943454	1.0	737500	20291.267763376236
295	-31.94	-31.94	-9.900001	-4.36924	5.872151	6.849004	-63.661064	-4.368617	1.0	740000	20359.131814956665
296	-29.02	-29.02	-12.8	-4.3715997	5.876945	7.2481203	-67.79065	-4.3708262	1.0	742500	20428.228422164917
297	-26.22	-26.22	-10.7	-4.405954	5.8547115	4.458573	-68.53207	-4.4071426	1.0	745000	20498.694687128067
298	-30.92	-30.92	-9.099999	-4.4023185	5.8954496	15.859078	-71.52923	-4.4012847	1.0	747500	20568.842164754868
299	-30.0	-30.0	-11.0	-4.4136677	5.9028554	12.041302	-62.92153	-4.413191	1.0	750000	20639.75875711441
300	-29.64	-29.64	-9.8	-4.36635	5.816895	4.0709696	-58.482876	-4.368312	1.0	752500	20707.314827680588
301	-27.46	-27.46	-11.3	-4.3003426	5.7443295	4.50497	-60.70756	-4.300783	1.0	755000	20776.937408208847
302	-31.74	-31.74	-10.2	-4.2808504	5.714233	5.989031	-59.32488	-4.2811704	1.0	757500	20846.955455064774
303	-26.06	-26.06	-11.0	-4.341788	5.8032537	9.91828	-84.59766	-4.34134	1.0	760000	20916.518368005753
304	-25.86	-25.86	-9.3	-4.304739	5.709607	4.834915	-59.50978	-4.3054013	1.0	762500	20985.550233125687
305	-28.4	-28.4	-11.599999	-4.30055	5.75973	5.630862	-64.679634	-4.30054	1.0	765000	21056.383056163788
306	-29.08	-29.08	-11.599999	-4.259032	5.7028866	5.7633753	-63.15376	-4.2582335	1.0	767500	21128.722690343857
307	-27.34	-27.34	-10.599999	-4.2493415	5.7225194	4.8248854	-61.62932	-4.249275	1.0	770000	21198.660271167755
308	-32.02	-32.02	-12.0	-4.2130876	5.6920643	5.061355	-62.989887	-4.211544	1.0	772500	21267.510826587677
309	-29.68	-29.68	-7.4	-4.2234015	5.7115116	7.3531694	-62.170166	-4.22215	1.0	775000	21338.02638077736
310	-29.26	-29.26	-8.2	-4.2144175	5.710618	5.2257085	-64.59119	-4.2133594	1.0	777500	21404.570962190628
311	-29.72	-29.72	-10.2	-4.243494	5.729909	4.730577	-65.94529	-4.243111	1.0	780000	21473.66260910034
312	-31.7	-31.7	-10.0	-4.196673	5.7085686	6.6002803	-61.86829	-4.195926	1.0	782500	21544.06595683098
313	-27.0	-27.0	-11.0	-4.1574626	5.646212	4.804616	-63.46931	-4.1567655	1.0	785000	21613.304758310318
314	-29.04	-29.04	-9.7	-4.2038236	5.679153	5.374631	-66.77276	-4.2052035	1.0	787500	21684.23276400566
315	-26.96	-26.96	-7.4	-4.163322	5.6476116	6.0461297	-62.46206	-4.162387	1.0	790000	21752.252439260483
316	-29.94	-29.94	-9.900001	-4.167585	5.6435046	6.717012	-67.198524	-4.167886	1.0	792500	21822.957494020462
317	-27.26	-27.26	-7.6	-4.177399	5.634962	10.646567	-65.45751	-4.177298	1.0	795000	21891.50524663925
318	-32.3	-32.3	-9.900001	-4.1583056	5.6372266	6.7717066	-70.11676	-4.1565685	1.0	797500	21961.813760519028
319	-29.0	-29.0	-8.900001	-4.181925	5.633696	9.032282	-65.379135	-4.1823153	1.0	800000	22032.18422150612
320	-34.16	-34.16	-10.0	-4.209138	5.677362	5.038483	-67.95635	-4.2083955	1.0	802500	22101.296369075775
321	-27.58	-27.58	-11.9	-4.222266	5.77388	4.9333386	-68.17043	-4.2234497	1.0	805000	22171.55611681938
322	-32.58	-32.58	-6.3	-4.238701	5.710556	8.736132	-70.43004	-4.2397976	1.0	807500	22241.687629699707
323	-30.34	-30.34	-11.7	-4.2727785	5.8276405	4.871821	-69.28811	-4.272147	1.0	810000	22311.8584318161
324	-29.4	-29.4	-10.0	-4.290559	5.7793016	4.3077292	-77.45473	-4.2907934	1.0	812500	22379.968388319016
325	-32.06	-32.06	-10.3	-4.287784	5.7994494	4.678434	-65.16851	-4.28774	1.0	815000	22450.26462006569
326	-30.74	-30.74	-9.900001	-4.369376	5.906449	8.491177	-69.76392	-4.3699913	0.9	817500	22519.939513921738
327	-30.22	-30.22	-13.4	-4.3259125	5.8873367	6.054354	-64.49751	-4.325845	1.0	820000	22590.954464673996
328	-29.14	-29.14	-10.599999	-4.321899	5.8365192	6.260293	-60.243553	-4.3212576	1.0	822500	22661.90171980858
329	-29.64	-29.64	-8.3	-4.2549963	5.7624784	5.0461993	-79.322876	-4.254422	1.0	825000	22728.114303827286
330	-30.96	-30.96	-9.400001	-4.3788633	5.9104695	7.749182	-70.69109	-4.376849	1.0	827500	22798.055771112442
331	-29.52	-29.52	-8.900001	-4.3280606	5.884693	5.4427814	-73.91597	-4.32932	1.0	830000	22868.370815992355
332	-29.98	-29.98	-9.400001	-4.261568	5.7650623	7.3169413	-85.33128	-4.261985	1.0	832500	22938.492760419846
333	-31.98	-31.98	-11.099999	-4.23616	5.702403	5.336368	-66.79437	-4.235909	1.0	835000	23008.778918027878
334	-32.26	-32.26	-10.900001	-4.230543	5.643325	4.6050262	-61.185017	-4.230043	1.0	837500	23077.206219911575
335	-26.88	-26.88	-8.8	-4.2814665	5.740135	6.584208	-79.904015	-4.2814345	1.0	840000	23147.18701648712
336	-28.66	-28.66	-8.099999	-4.304623	5.8259406	4.10152	-65.79814	-4.30305	1.0	842500	23215.5969042778
337	-30.6	-30.6	-10.2	-4.2375	5.7118545	5.6979074	-61.560562	-4.2360168	1.0	845000	23286.003617286682
338	-32.64	-32.64	-8.7	-4.203675	5.6685905	8.506453	-75.071754	-4.202761	1.0	847500	23357.042242527008
339	-32.1	-32.1	-13.0	-4.218823	5.6787868	12.15983	-68.852165	-4.219188	0.9	850000	23428.41762328148
340	-30.96	-30.96	-9.400001	-4.2246394	5.715763	8.727903	-65.92464	-4.224343	1.0	852500	23498.524998426437
341	-30.72	-30.72	-7.9	-4.2359996	5.709837	6.9239664	-69.77469	-4.236475	1.0	855000	23570.298715353012
342	-30.16	-30.16	-13.1	-4.264025	5.7626824	6.2289453	-65.929436	-4.2650456	1.0	857500	23641.506275892258
343	-28.38	-28.38	-9.900001	-4.180414	5.650637	4.622347	-63.492096	-4.1804237	1.0	860000	23711.877730369568
344	-30.32	-30.32	-11.099999	-4.212053	5.7200074	6.168686	-74.199936	-4.212704	1.0	862500	23782.672649383545
345	-27.86	-27.86	-9.400001	-4.1701207	5.6337185	7.110458	-71.93819	-4.170309	1.0	865000	23852.237423419952
346	-27.04	-27.04	-8.599999	-4.164604	5.6360054	7.002348	-68.14059	-4.165491	1.0	867500	23921.726853847504
347	-32.22	-32.22	-10.0	-4.2248836	5.671263	5.2585015	-66.68398	-4.224003	1.0	870000	23992.456168413162
348	-32.0	-32.0	-10.599999	-4.239914	5.7715626	4.765239	-71.16045	-4.2396317	1.0	872500	24064.324749708176
349	-28.66	-28.66	-12.4	-4.2381396	5.804353	5.0022726	-63.06021	-4.2386594	1.0	875000	24135.453841924667
350	-30.22	-30.22	-13.0	-4.165771	5.6851654	8.98415	-63.67759	-4.166548	0.9	877500	24205.761389255524
351	-29.54	-29.54	-12.0	-4.1538544	5.620889	5.779015	-77.51241	-4.1536474	1.0	880000	24274.645698785782
352	-32.44	-32.44	-9.099999	-4.1812263	5.667512	8.165815	-74.43032	-4.1820645	1.0	882500	24344.284187078476
353	-30.7	-30.7	-13.9	-4.1427903	5.6278496	6.006984	-76.11307	-4.143964	0.9	885000	24411.875170469284
354	-34.1	-34.1	-10.400001	-4.146469	5.607639	7.561194	-75.09686	-4.1459365	1.0	887500	24483.128748893738
355	-29.82	-29.82	-10.0	-4.139908	5.609908	5.0803194	-69.38304	-4.1377926	1.0	890000	24552.948753356934
356	-29.0	-29.0	-8.5	-4.1657796	5.653586	4.409166	-72.66703	-4.1659584	1.0	892500	24623.411358594894
357	-29.38	-29.38	-8.5	-4.198573	5.67889	6.432461	-64.830894	-4.197737	1.0	895000	24693.353495836258
358	-30.52	-30.52	-9.7	-4.1839237	5.710377	6.344718	-67.25597	-4.1828027	1.0	897500	24762.61707162857
359	-34.24	-34.24	-9.099999	-4.2147965	5.735854	7.233993	-67.87998	-4.213284	1.0	900000	24832.75637793541
360	-29.36	-29.36	-9.099999	-4.2263827	5.771573	5.4973526	-65.20261	-4.225994	1.0	902500	24902.522282123566
361	-34.28	-34.28	-12.1	-4.231645	5.7323904	5.5749464	-70.315346	-4.2304454	1.0	905000	24970.646802186966
362	-26.9	-26.9	-8.599999	-4.157213	5.651016	6.3753805	-64.998665	-4.156161	1.0	907500	25039.98116016388
363	-30.78	-30.78	-11.400001	-4.1391664	5.580213	4.5467653	-66.949615	-4.139118	1.0	910000	25110.09683418274
364	-27.52	-27.52	-9.3	-4.1844974	5.752168	5.6216445	-68.240074	-4.1867404	1.0	912500	25178.388060092926
365	-32.26	-32.26	-7.9	-4.2132006	5.702363	4.0110736	-61.094566	-4.2114797	1.0	915000	25248.079049110413
366	-30.4	-30.4	-13.3	-4.208047	5.7374897	5.1223717	-67.96683	-4.207601	0.9	917500	25318.35068464279
367	-31.82	-31.82	-11.0	-4.139646	5.612794	4.605766	-64.93288	-4.140366	1.0	920000	25387.80302476883
368	-31.66	-31.66	-15.2	-4.115982	5.6070776	8.052898	-65.39747	-4.116716	0.9	922500	25457.50462627411
369	-28.82	-28.82	-10.400001	-4.0962534	5.6051574	7.2920513	-70.825676	-4.0961723	1.0	925000	25527.630431890488
370	-32.06	-32.06	-9.0	-4.1552615	5.6245174	4.4413276	-61.860165	-4.1549697	1.0	927500	25598.30577659607
371	-30.58	-30.58	-9.3	-4.219117	5.7570286	7.0185337	-65.83176	-4.21893	1.0	930000	25667.250935792923
372	-29.38	-29.38	-10.0	-4.1995945	5.7406526	6.6111984	-68.652115	-4.199675	1.0	932500	25735.703856229782
373	-27.16	-27.16	-9.8	-4.200129	5.698594	7.79921	-63.46938	-4.2014766	1.0	935000	25804.83526659012
374	-32.88	-32.88	-8.900001	-4.1928177	5.6996527	6.1265507	-68.73173	-4.1936903	1.0	937500	25872.68554830551
375	-33.4	-33.4	-7.5	-4.1764407	5.6783385	5.1554976	-61.74088	-4.1755605	1.0	940000	25942.338613033295
376	-26.24	-26.24	-9.8	-4.133631	5.6264024	3.900125	-63.184814	-4.133122	1.0	942500	26010.902618408203
377	-29.94	-29.94	-11.9	-4.151138	5.650241	6.222861	-65.11393	-4.151399	1.0	945000	26080.094705104828
378	-29.28	-29.28	-10.599999	-4.0954795	5.575888	4.3935256	-66.08186	-4.0958023	1.0	947500	26147.076584339142
379	-30.94	-30.94	-11.0	-4.1616235	5.6692333	6.9385514	-63.1941	-4.1612997	1.0	950000	26216.248254537582
380	-28.16	-28.16	-11.0	-4.1499076	5.660652	5.2502637	-74.72124	-4.149489	1.0	952500	26285.59666275978
381	-29.86	-29.86	-10.7	-4.16727	5.7055206	4.466368	-67.430466	-4.166648	1.0	955000	26352.869734287262
382	-28.56	-28.56	-13.3	-4.0804634	5.6173644	7.2149887	-62.645367	-4.0801167	0.9	957500	26422.579044103622
383	-29.26	-29.26	-10.5	-4.111577	5.591329	4.9606576	-78.30752	-4.1125956	1.0	960000	26491.297411203384
384	-30.16	-30.16	-9.400001	-4.1907406	5.699201	7.666485	-62.103107	-4.1913505	1.0	962500	26558.17746114731
385	-29.54	-29.54	-12.1	-4.1166525	5.6400595	4.899709	-65.775444	-4.116981	1.0	965000	26624.597635507584
386	-28.1	-28.1	-8.599999	-4.146152	5.664948	6.3012	-65.92763	-4.1466193	1.0	967500	26692.109872341156
387	-32.8	-32.8	-11.3	-4.1086535	5.6123896	4.5764027	-66.01547	-4.1065254	1.0	970000	26759.43177008629
388	-31.6	-31.6	-6.7	-4.1559634	5.706388	7.264699	-61.04659	-4.154892	1.0	972500	26827.788376569748
389	-31.44	-31.44	-10.2	-4.1862545	5.7526884	7.0828605	-68.79047	-4.185638	1.0	975000	26896.981451272964
390	-28.68	-28.68	-8.8	-4.1438675	5.6527157	4.684303	-62.485615	-4.145574	1.0	977500	26965.23144197464
391	-29.72	-29.72	-7.9	-4.159144	5.6662717	6.907202	-63.106167	-4.1571426	1.0	980000	27034.363581180573
392	-33.58	-33.58	-10.900001	-4.1777873	5.690631	6.9139533	-61.164593	-4.1779613	1.0	982500	27100.576981544495
393	-26.78	-26.78	-11.3	-4.2122316	5.7802744	7.172228	-63.79197	-4.212331	1.0	985000	27169.957612752914
394	-31.6	-31.6	-8.2	-4.235222	5.7833576	6.464777	-68.24787	-4.2352843	1.0	987500	27237.843745946884
395	-31.74	-31.74	-5.4	-4.270998	5.8210754	6.936729	-61.236588	-4.2719517	1.0	990000	27304.886421203613
396	-31.68	-31.68	-8.599999	-4.330586	5.8725944	6.5361757	-71.7775	-4.3292403	1.0	992500	27373.682864427567
397	-29.82	-29.82	-11.400001	-4.34448	5.942976	4.4587374	-78.58706	-4.3453984	0.9	995000	27444.175667524338
398	-31.94	-31.94	-9.2	-4.286936	5.8553677	6.612556	-72.35685	-4.2852354	1.0	997500	27512.865023612976
399	-33.96	-33.96	-10.0	-4.3427367	5.8583026	7.765796	-68.380684	-4.341491	1.0	1000000	27583.487205028534
400	-29.42	-29.42	-7.8	-4.345956	5.853561	7.604341	-64.44009	-4.345677	1.0	1002500	27654.496123313904
401	-26.02	-26.02	-9.599999	-4.349497	5.90686	7.084936	-66.39368	-4.350459	1.0	1005000	27724.746059179306
402	-28.96	-28.96	-15.7	-4.346307	5.92892	4.9322124	-68.81535	-4.347979	0.9	1007500	27794.038913726807
403	-29.66	-29.66	-8.0	-4.3128133	5.9139895	9.181433	-65.271454	-4.3126845	1.0	1010000	27864.63121533394
404	-29.68	-29.68	-8.8	-4.3397193	5.9275737	6.1681514	-78.713234	-4.3400865	1.0	1012500	27933.474128484726
405	-26.92	-26.92	-8.0	-4.2959585	5.851908	4.3634777	-62.613297	-4.295121	1.0	1015000	28002.762424230576
406	-28.24	-28.24	-8.5	-4.3506894	5.920304	5.3906484	-69.92853	-4.3514013	1.0	1017500	28072.017423152924
407	-28.76	-28.76	-8.8	-4.341256	5.9189205	5.9336185	-71.85729	-4.3416023	1.0	1020000	28140.03842306137
408	-28.16	-28.16	-8.3	-4.2669916	5.8590903	6.395555	-61.493702	-4.2667413	1.0	1022500	28212.9122133255
409	-30.76	-30.76	-12.3	-4.247257	5.7759547	6.8384175	-68.67328	-4.248613	0.9	1025000	28284.58549785614
410	-29.96	-29.96	-9.3	-4.2742867	5.8020196	9.143763	-70.54103	-4.2739906	1.0	1027500	28356.915675878525
411	-28.3	-28.3	-10.900001	-4.2955003	5.8537936	5.5279236	-62.02658	-4.294626	0.9	1030000	28428.547577381134
412	-30.94	-30.94	-9.900001	-4.3077145	5.872012	3.7144318	-64.5717	-4.3085246	0.9	1032500	28499.14602279663
413	-29.92	-29.92	-9.599999	-4.260407	5.7845597	5.439748	-61.478558	-4.260446	1.0	1035000	28569.458774089813
414	-32.84	-32.84	-8.7	-4.1629553	5.6785083	5.2645164	-64.631325	-4.164855	1.0	1037500	28641.055275201797
415	-30.84	-30.84	-9.900001	-4.2954373	5.803189	7.3209624	-61.132847	-4.2954354	1.0	1040000	28712.58271074295
416	-29.1	-29.1	-9.2	-4.222185	5.8101788	5.395633	-65.21215	-4.222137	1.0	1042500	28783.61256814003
417	-30.06	-30.06	-10.0	-4.221477	5.7645297	10.585792	-75.40165	-4.2230253	1.0	1045000	28854.828681468964
418	-29.94	-29.94	-11.400001	-4.2949977	5.820341	4.5459247	-68.84056	-4.295719	0.9	1047500	28927.909729480743
419	-25.52	-25.52	-10.5	-4.3353076	5.890619	7.0527215	-61.313522	-4.336245	1.0	1050000	28998.32891225815
420	-29.88	-29.88	-9.7	-4.315515	5.835684	7.327723	-59.45382	-4.315619	1.0	1052500	29070.43445944786
421	-33.54	-33.54	-8.7	-4.3040657	5.8829327	5.490852	-60.491974	-4.3045473	1.0	1055000	29140.57208108902
422	-30.62	-30.62	-8.7	-4.3113694	5.9175615	5.5965915	-67.32803	-4.310154	1.0	1057500	29211.249057769775
423	-26.48	-26.48	-7.7	-4.284878	5.8755136	5.586326	-81.27269	-4.284201	1.0	1060000	29283.981476068497
424	-30.18	-30.18	-9.900001	-4.192321	5.7033453	4.690081	-66.04231	-4.19228	1.0	1062500	29356.782395601273
425	-29.52	-29.52	-9.2	-4.2340274	5.788932	6.6568317	-65.19733	-4.2346516	1.0	1065000	29428.13401222229
426	-30.98	-30.98	-10.599999	-4.148751	5.716031	6.032217	-61.20277	-4.149733	1.0	1067500	29497.06979894638
427	-31.04	-31.04	-9.599999	-4.2578	5.8093734	6.80696	-64.388245	-4.257803	1.0	1070000	29564.674725055695
428	-27.9	-27.9	-9.400001	-4.283221	5.866998	6.870454	-63.800232	-4.2834396	1.0	1072500	29634.695738315582
429	-32.76	-32.76	-11.0	-4.2920995	5.9154463	6.7507567	-76.24929	-4.290454	0.9	1075000	29703.16897535324
430	-34.86	-34.86	-11.5	-4.2750554	5.8981423	5.1143494	-58.13489	-4.275133	1.0	1077500	29773.889392852783
431	-25.0	-25.0	-17.199999	-4.2998056	5.9067426	10.586677	-63.030056	-4.299986	0.8	1080000	29842.205186128616
432	-32.22	-32.22	-7.3	-4.368484	6.0501933	4.467163	-65.29922	-4.3667836	1.0	1082500	29909.859670877457
433	-29.46	-29.46	-9.5	-4.4119806	6.1102476	6.1501822	-64.03199	-4.412251	1.0	1085000	29979.942777633667
434	-31.58	-31.58	-8.900001	-4.4186974	6.1748433	5.275482	-65.82763	-4.4179263	1.0	1087500	30051.31379556656
435	-32.98	-32.98	-9.8	-4.4520392	6.200052	5.4451914	-67.90882	-4.4534817	1.0	1090000	30122.996066093445
436	-30.12	-30.12	-9.5	-4.4110785	6.1790085	6.750378	-70.93317	-4.4089947	1.0	1092500	30193.456236362457
437	-29.1	-29.1	-10.0	-4.315174	6.024302	7.4165616	-60.632103	-4.314034	1.0	1095000	30265.876051187515
438	-30.74	-30.74	-9.2	-4.30926	5.8773494	3.8283134	-65.554436	-4.3093653	1.0	1097500	30335.867215394974
439	-28.82	-28.82	-9.8	-4.4353137	6.0219727	5.925849	-62.1919	-4.435344	1.0	1100000	30405.78648042679
440	-28.96	-28.96	-9.5	-4.4265356	6.0477066	4.670439	-67.2439	-4.426368	1.0	1102500	30473.091814041138
441	-29.54	-29.54	-9.3	-4.3702784	6.053489	5.634596	-77.35876	-4.370256	1.0	1105000	30539.1504843235
442	-34.88	-34.88	-10.0	-4.245356	5.8537016	5.3676786	-65.83953	-4.243511	1.0	1107500	30604.91391158104
443	-29.88	-29.88	-11.099999	-4.3475413	5.981412	4.994224	-59.46734	-4.349013	1.0	1110000	30672.6097342968
444	-26.0	-26.0	-8.2	-4.4505687	6.1400123	5.431746	-64.82623	-4.449964	1.0	1112500	30739.16637659073
445	-31.64	-31.64	-8.099999	-4.4965596	6.22226	5.963248	-68.22659	-4.4938035	1.0	1115000	30808.186591625214
446	-34.68	-34.68	-9.5	-4.535279	6.345479	4.9002194	-69.252205	-4.53601	1.0	1117500	30877.188906669617
447	-31.34	-31.34	-6.6	-4.506124	6.294759	5.4245253	-66.31604	-4.504468	1.0	1120000	30948.44753074646
448	-29.54	-29.54	-17.9	-4.459811	6.196581	6.3899555	-87.36264	-4.4593735	0.8	1122500	31017.893617868423
449	-30.5	-30.5	-9.2	-4.4798503	6.231025	6.6355176	-61.944363	-4.478654	1.0	1125000	31085.78869152069
450	-27.66	-27.66	-12.5	-4.4167223	6.14107	6.251834	-68.03611	-4.415799	0.9	1127500	31154.54165816307
451	-32.46	-32.46	-12.4	-4.390011	6.0898724	5.5263915	-61.132267	-4.389422	0.9	1130000	31223.934035778046
452	-32.92	-32.92	-7.8	-4.3445015	6.036879	4.5129237	-70.74815	-4.343908	1.0	1132500	31293.14074897766
453	-35.68	-35.68	-9.900001	-4.324051	5.8486557	4.4254236	-62.675976	-4.324209	1.0	1135000	31361.955247163773
454	-31.68	-31.68	-10.900001	-4.410071	6.047029	6.5515127	-61.89185	-4.409644	1.0	1137500	31431.214344739914
455	-35.16	-35.16	-9.2	-4.393127	6.0246644	5.2066655	-70.68469	-4.392157	1.0	1140000	31501.094064474106
456	-29.98	-29.98	-13.3	-4.3855267	6.091246	8.674328	-74.135826	-4.3852453	0.8	1142500	31567.110124588013
457	-32.7	-32.7	-13.7	-4.369327	6.037097	6.769157	-61.789864	-4.3691688	0.8	1145000	31635.714898109436
458	-31.54	-31.54	-10.900001	-4.4409943	6.092037	5.5809827	-62.714264	-4.4405828	1.0	1147500	31701.03506565094
459	-33.76	-33.76	-11.599999	-4.3925257	6.068908	6.373815	-62.55595	-4.391764	0.9	1150000	31768.30473971367
460	-30.54	-30.54	-7.6	-4.536981	6.2409015	7.7549014	-65.47326	-4.537186	1.0	1152500	31837.02585887909
461	-33.74	-33.74	-10.099999	-4.470008	6.144941	7.4082003	-61.781555	-4.470157	1.0	1155000	31903.624037981033
462	-30.58	-30.58	-11.5	-4.542119	6.3361497	7.126338	-78.51349	-4.541322	1.0	1157500	31972.640731096268
463	-32.5	-32.5	-13.0	-4.53918	6.361835	6.6850033	-64.99651	-4.5404525	1.0	1160000	32038.994837760925
464	-34.2	-34.2	-9.400001	-4.6344323	6.487092	5.6084666	-62.600212	-4.6342	1.0	1162500	32106.960409879684
465	-33.24	-33.24	-18.0	-4.606312	6.529857	10.836432	-69.83338	-4.6053395	0.8	1165000	32175.667353391647
466	-29.92	-29.92	-9.900001	-4.5751944	6.4157405	14.653911	-64.01799	-4.574056	1.0	1167500	32242.65313053131
467	-30.36	-30.36	-8.599999	-4.537083	6.308656	6.3557167	-64.57688	-4.5370746	1.0	1170000	32311.449600934982
468	-33.0	-33.0	-8.5	-4.5248747	6.236339	6.288027	-68.80666	-4.5264454	1.0	1172500	32377.85279726982
469	-32.58	-32.58	-8.400001	-4.4241624	6.096616	6.1192474	-65.39318	-4.42366	1.0	1175000	32445.79946422577
470	-31.44	-31.44	-10.599999	-4.388416	5.995798	5.16528	-62.500828	-4.387455	0.9	1177500	32515.485783576965
471	-30.92	-30.92	-10.099999	-4.3716764	5.9724894	6.5855584	-69.86246	-4.369488	1.0	1180000	32582.8341422081
472	-35.04	-35.04	-7.5	-4.391935	6.0561886	8.4189	-67.1564	-4.391685	1.0	1182500	32652.036993980408
473	-27.48	-27.48	-12.5	-4.3960924	6.056463	7.2192287	-78.29824	-4.3951716	0.9	1185000	32719.27712583542
474	-29.08	-29.08	-12.2	-4.411048	6.0653834	6.794708	-63.017166	-4.4108925	1.0	1187500	32785.858342170715
475	-31.28	-31.28	-10.3	-4.424817	6.0701933	7.520355	-61.610252	-4.42444	0.9	1190000	32853.4087536335
476	-35.04	-35.04	-8.8	-4.5195765	6.2346044	6.5959992	-60.781948	-4.519007	1.0	1192500	32919.98969101906
477	-33.22	-33.22	-19.0	-4.4552593	6.14571	7.0948296	-75.52658	-4.455233	0.7	1195000	32987.35825753212
478	-30.96	-30.96	-9.599999	-4.3509817	5.9750957	5.534716	-59.25801	-4.3510947	1.0	1197500	33054.26479053497
479	-32.92	-32.92	-10.0	-4.4298363	6.090932	5.1724544	-69.45199	-4.4310985	1.0	1200000	33120.64261317253
480	-28.9	-28.9	-11.9	-4.4809713	6.210374	5.6961336	-69.902245	-4.4811463	1.0	1202500	33188.985437870026
481	-35.96	-35.96	-8.400001	-4.505271	6.246132	9.864872	-65.29652	-4.5044074	1.0	1205000	33255.256241321564
482	-28.94	-28.94	-10.0	-4.5724072	6.2985206	7.3012853	-66.82671	-4.572939	0.9	1207500	33320.86243438721
483	-27.86	-27.86	-8.3	-4.5888457	6.390507	7.1015716	-64.58832	-4.5890493	1.0	1210000	33387.90535593033
484	-29.32	-29.32	-9.0	-4.5676	6.328686	9.816788	-62.345333	-4.568182	1.0	1212500	33453.823046922684
485	-30.66	-30.66	-11.400001	-4.5149016	6.160449	9.51321	-63.796383	-4.515287	0.9	1215000	33521.01113843918
486	-31.26	-31.26	-8.400001	-4.457255	6.1325455	7.126963	-63.98625	-4.4570603	1.0	1217500	33587.01576447487
487	-32.82	-32.82	-9.099999	-4.473066	6.103786	7.5108557	-63.15371	-4.47261	1.0	1220000	33651.74202632904
488	-31.68	-31.68	-9.7	-4.4856744	6.1682444	6.887326	-63.284557	-4.4859366	0.9	1222500	33719.74018573761
489	-29.12	-29.12	-18.6	-4.520665	6.234269	6.3848186	-62.57551	-4.5217066	0.8	1225000	33785.06416606903
490	-29.66	-29.66	-12.8	-4.497156	6.210785	7.393604	-60.961327	-4.4975886	0.9	1227500	33851.30563497543
491	-31.3	-31.3	-9.599999	-4.528265	6.211472	7.837863	-60.66065	-4.528911	1.0	1230000	33913.92903351784
492	-28.02	-28.02	-10.5	-4.4574833	6.095563	8.646342	-65.75157	-4.457409	0.9	1232500	33976.95262360573
493	-34.52	-34.52	-9.599999	-4.418441	6.0664735	8.662439	-65.607475	-4.419227	0.9	1235000	34040.63220119476
494	-26.36	-26.36	-9.099999	-4.49105	6.131268	6.630721	-63.762497	-4.489301	1.0	1237500	34102.64926433563
495	-29.32	-29.32	-15.8	-4.4980493	6.18496	4.872638	-69.569336	-4.4991326	0.7	1240000	34167.77297639847
496	-30.56	-30.56	-9.2	-4.540597	6.252333	8.220202	-63.13369	-4.541374	1.0	1242500	34230.53559041023
497	-32.4	-32.4	-10.2	-4.5643897	6.379818	5.5213156	-63.385254	-4.564346	1.0	1245000	34293.89717030525
498	-28.16	-28.16	-9.5	-4.4851594	6.2656016	8.250873	-61.152565	-4.484084	1.0	1247500	34359.87006354332
499	-33.56	-33.56	-9.0	-4.4567056	6.140202	8.068361	-70.57567	-4.45772	1.0	1250000	34424.35216474533
