Epoch	EpRet	EpRealRet	TestEpRet	AverageQ1	StdQ1	MaxQ1	MinQ1	Q2	TestSuccess	TotalEnvInteracts	TotalTime
0	-44.0	-44.0	-50.0	-1.053133	1.883045	0.74182206	-14.012236	-1.0531194	0.0	2500	54.06592869758606
1	-46.0	-46.0	-45.0	-2.1314244	4.254874	0.5330047	-24.189955	-2.1310496	0.1	5000	107.53598523139954
2	-46.66	-46.66	-45.0	-3.0346725	6.2401304	2.0986876	-164.86421	-3.0362942	0.1	7500	161.70595383644104
3	-45.72	-45.72	-50.0	-3.9110727	8.06015	2.185198	-40.67335	-3.910953	0.0	10000	215.34024310112
4	-49.0	-49.0	-40.0	-4.7069244	9.747537	1.4849837	-50.559998	-4.706544	0.2	12500	270.12713599205017
5	-48.0	-48.0	-50.0	-5.40409	11.18876	3.0013256	-53.83799	-5.4040365	0.0	15000	324.28619265556335
6	-48.76	-48.76	-50.0	-6.002257	12.411553	2.5984979	-55.286243	-6.001173	0.0	17500	377.3973319530487
7	-49.0	-49.0	-50.0	-6.4832563	13.398325	2.2015743	-60.56777	-6.4829855	0.0	20000	431.7595410346985
8	-47.08	-47.08	-45.0	-6.8689117	14.218982	2.7787619	-56.014065	-6.8691344	0.1	22500	484.91669058799744
9	-48.0	-48.0	-45.0	-7.1563096	14.912793	2.021449	-59.468124	-7.1564755	0.1	25000	539.2511241436005
10	-47.28	-47.28	-50.0	-7.5206914	15.605414	2.288243	-63.047287	-7.5201983	0.0	27500	593.372743844986
11	-45.0	-45.0	-45.0	-7.779219	16.09463	1.7468678	-62.850307	-7.780097	0.1	30000	647.3665833473206
12	-49.0	-49.0	-50.0	-8.01908	16.592222	1.8600236	-61.168613	-8.018894	0.0	32500	701.4140813350677
13	-47.0	-47.0	-40.0	-8.320037	17.12423	2.4307818	-58.59943	-8.320205	0.2	35000	754.4909076690674
14	-48.72	-48.72	-49.6	-8.465456	17.477713	2.6752338	-67.4502	-8.465599	0.0	37500	808.3870675563812
15	-45.0	-45.0	-50.0	-8.702726	17.832693	2.2884824	-63.223537	-8.702885	0.0	40000	862.5920832157135
16	-45.0	-45.0	-50.0	-8.761647	18.000214	2.1421409	-59.073853	-8.762225	0.0	42500	917.3429369926453
17	-46.26	-46.26	-45.0	-8.815078	18.104677	2.0100718	-59.6734	-8.814958	0.1	45000	970.7536005973816
18	-45.88	-45.88	-50.0	-8.8075285	18.160702	2.42594	-62.62107	-8.807486	0.0	47500	1024.5639190673828
19	-49.0	-49.0	-50.0	-8.900352	18.2748	3.2690017	-61.382797	-8.899995	0.0	50000	1079.6723883152008
20	-48.62	-48.62	-50.0	-9.015069	18.418896	2.4476767	-62.37393	-9.013617	0.0	52500	1132.2450497150421
21	-46.88	-46.88	-50.0	-9.110707	18.54953	2.391719	-57.92066	-9.110531	0.0	55000	1186.8134219646454
22	-49.0	-49.0	-30.0	-9.146587	18.613539	2.5073519	-60.90523	-9.146806	0.4	57500	1240.5728695392609
23	-47.0	-47.0	-50.0	-9.146841	18.658934	6.065083	-72.615585	-9.145386	0.0	60000	1294.7014462947845
24	-43.32	-43.32	-45.0	-9.178637	18.716532	7.6283154	-59.610092	-9.1782675	0.1	62500	1348.0085287094116
25	-48.0	-48.0	-50.0	-9.231469	18.787762	3.1321263	-60.89924	-9.232597	0.0	65000	1402.5096228122711
26	-48.0	-48.0	-50.0	-9.228997	18.78648	3.0004823	-59.47239	-9.229272	0.0	67500	1457.0992171764374
27	-46.36	-46.36	-45.0	-9.240352	18.80575	2.433553	-57.909718	-9.240228	0.1	70000	1510.1240673065186
28	-46.0	-46.0	-35.0	-9.226113	18.807167	7.8256636	-61.39782	-9.226071	0.3	72500	1564.5209186077118
29	-47.0	-47.0	-50.0	-9.253726	18.827063	4.2769933	-59.9709	-9.254029	0.0	75000	1618.3338975906372
30	-48.38	-48.38	-45.0	-9.206596	18.79247	3.3877811	-59.599495	-9.206808	0.1	77500	1671.8886485099792
31	-49.0	-49.0	-45.0	-9.308666	18.886206	3.4704714	-59.608925	-9.308781	0.1	80000	1723.5477349758148
32	-48.0	-48.0	-49.7	-9.2767725	18.86672	3.521402	-59.314568	-9.275827	0.0	82500	1777.7300066947937
33	-48.0	-48.0	-50.0	-9.353376	18.942696	4.0068684	-59.759804	-9.352303	0.0	85000	1831.7753088474274
34	-45.88	-45.88	-45.0	-9.323037	18.92136	2.5764606	-59.713356	-9.322577	0.1	87500	1884.4562275409698
35	-47.5	-47.5	-50.0	-9.429813	19.016678	4.060897	-58.346928	-9.430161	0.0	90000	1938.1932141780853
36	-47.0	-47.0	-40.0	-9.324647	18.916708	11.196353	-62.47465	-9.324069	0.2	92500	1992.5029275417328
37	-47.0	-47.0	-50.0	-9.342322	18.933798	7.9316673	-60.431797	-9.342936	0.0	95000	2046.86465883255
38	-46.0	-46.0	-50.0	-9.378788	18.950354	4.30581	-60.675865	-9.379378	0.0	97500	2100.5838882923126
39	-48.0	-48.0	-40.0	-9.335608	18.90233	4.729885	-57.691273	-9.336206	0.2	100000	2153.7618057727814
40	-47.76	-47.76	-50.0	-9.304169	18.874601	3.8751502	-60.939846	-9.304143	0.0	102500	2207.4674084186554
41	-46.04	-46.04	-45.0	-9.3407955	18.93396	3.0837126	-59.54058	-9.342216	0.1	105000	2261.106260538101
42	-47.66	-47.66	-40.0	-9.329963	18.933142	8.188271	-60.15077	-9.329106	0.2	107500	2315.377547979355
43	-47.12	-47.12	-50.0	-9.338344	18.93814	5.550448	-62.454865	-9.338559	0.0	110000	2368.0626299381256
44	-47.32	-47.32	-40.0	-9.328335	18.954037	4.2345123	-59.113064	-9.328459	0.2	112500	2421.6347382068634
45	-46.7	-46.7	-45.0	-9.387081	19.0028	7.424292	-59.664234	-9.387783	0.1	115000	2474.3889095783234
46	-45.58	-45.58	-43.7	-9.315768	18.928223	5.3147006	-55.502598	-9.315118	0.2	117500	2529.0834896564484
47	-47.02	-47.02	-45.0	-9.418879	19.020653	5.738803	-57.6434	-9.41808	0.1	120000	2582.7601857185364
48	-45.0	-45.0	-50.0	-9.324922	18.9414	6.0335183	-57.416874	-9.325486	0.0	122500	2635.111574411392
49	-48.44	-48.44	-45.3	-9.418653	19.021719	4.311847	-59.763184	-9.41914	0.1	125000	2689.4513647556305
50	-46.98	-46.98	-50.0	-9.390371	19.00449	6.720022	-63.765194	-9.390028	0.0	127500	2742.6111307144165
51	-45.84	-45.84	-50.0	-9.312459	18.941465	5.03588	-58.483547	-9.3119	0.0	130000	2795.852269887924
52	-48.0	-48.0	-40.0	-9.335148	18.941534	3.542027	-57.70362	-9.334167	0.2	132500	2849.2108623981476
53	-47.0	-47.0	-45.0	-9.366291	18.979326	8.604167	-60.36494	-9.366377	0.1	135000	2902.155510663986
54	-47.06	-47.06	-44.8	-9.330598	18.953583	6.6591105	-60.75332	-9.330432	0.1	137500	2956.2337353229523
55	-45.0	-45.0	-40.0	-9.370105	18.994095	3.2396882	-57.426716	-9.370706	0.2	140000	3009.408128976822
56	-42.14	-42.14	-50.0	-9.298905	18.940807	5.48949	-63.730064	-9.298505	0.0	142500	3064.2858786582947
57	-42.38	-42.38	-50.0	-9.364802	18.993692	6.646166	-62.56569	-9.364439	0.0	145000	3117.5473976135254
58	-47.4	-47.4	-50.0	-9.3789625	19.005209	3.4041758	-78.91302	-9.378001	0.0	147500	3171.545004606247
59	-45.0	-45.0	-45.0	-9.360352	18.976871	7.4613543	-62.520943	-9.359809	0.1	150000	3224.8664405345917
60	-46.14	-46.14	-50.0	-9.300252	18.924665	14.124302	-58.99977	-9.302536	0.0	152500	3278.872610092163
61	-46.54	-46.54	-40.0	-9.304193	18.914684	6.372506	-59.74469	-9.304661	0.2	155000	3332.47420501709
62	-47.0	-47.0	-45.0	-9.352905	18.962997	11.588367	-59.90965	-9.353332	0.1	157500	3385.814096927643
63	-46.72	-46.72	-50.0	-9.270345	18.87837	7.6704035	-69.43763	-9.270692	0.0	160000	3439.591453075409
64	-45.38	-45.38	-50.0	-9.341965	18.92371	7.6214323	-66.97861	-9.342333	0.0	162500	3492.7533283233643
65	-50.0	-50.0	-45.0	-9.3496065	18.926758	5.693371	-63.93736	-9.3498955	0.1	165000	3546.9887635707855
66	-47.0	-47.0	-40.0	-9.388508	18.96431	3.542257	-58.62376	-9.387629	0.2	167500	3599.766893386841
67	-47.72	-47.72	-50.0	-9.364574	18.966887	4.1657386	-63.188248	-9.364781	0.0	170000	3654.266893863678
68	-39.08	-39.08	-50.0	-9.301767	18.924715	7.6951184	-56.64488	-9.300492	0.0	172500	3708.6128058433533
69	-46.0	-46.0	-50.0	-9.342439	18.970474	6.2949667	-76.96934	-9.342396	0.0	175000	3761.761494874954
70	-44.84	-44.84	-45.0	-9.406237	19.032925	5.8201094	-64.270226	-9.40783	0.1	177500	3815.2577996253967
71	-45.56	-45.56	-45.0	-9.383814	19.01901	5.713964	-57.661285	-9.38358	0.1	180000	3867.9366426467896
72	-49.28	-49.28	-40.0	-9.274634	18.906855	6.458906	-68.611595	-9.27469	0.2	182500	3922.509874343872
73	-49.2	-49.2	-40.0	-9.326602	18.937191	5.906297	-62.074314	-9.326872	0.2	185000	3975.0238332748413
74	-41.66	-41.66	-50.0	-9.370471	18.961716	3.926479	-59.562107	-9.36967	0.0	187500	4029.260171890259
75	-46.1	-46.1	-45.0	-9.324538	18.933168	10.880365	-62.917828	-9.32403	0.1	190000	4083.600112438202
76	-46.26	-46.26	-50.0	-9.203447	18.83894	5.665748	-62.841915	-9.202108	0.0	192500	4137.0349888801575
77	-46.46	-46.46	-45.0	-9.31776	18.917397	4.5269737	-56.99267	-9.317107	0.1	195000	4191.058164358139
78	-46.84	-46.84	-49.6	-9.228093	18.80816	5.8688736	-83.9999	-9.2287445	0.0	197500	4243.364273071289
79	-47.9	-47.9	-45.0	-9.206975	18.77233	5.695028	-57.925514	-9.206925	0.1	200000	4297.66312789917
80	-46.0	-46.0	-50.0	-9.242841	18.766857	3.9402077	-58.88354	-9.242771	0.0	202500	4350.579374790192
81	-48.0	-48.0	-50.0	-9.17193	18.657106	7.5904818	-65.73221	-9.171165	0.0	205000	4404.511112213135
82	-45.54	-45.54	-45.0	-9.200368	18.710396	4.244945	-60.430428	-9.201613	0.1	207500	4458.068717956543
83	-46.42	-46.42	-45.0	-9.22378	18.741152	3.2123816	-57.87866	-9.223841	0.1	210000	4510.571035385132
84	-47.5	-47.5	-45.0	-9.226677	18.731937	3.5569208	-59.821064	-9.226971	0.1	212500	4564.203990936279
85	-48.0	-48.0	-50.0	-9.228175	18.71924	3.2441974	-56.654842	-9.22803	0.0	215000	4617.043035268784
86	-47.3	-47.3	-49.0	-9.274215	18.753122	5.742081	-86.33779	-9.274287	0.1	217500	4672.740552186966
87	-48.0	-48.0	-45.0	-9.193265	18.661283	2.340878	-58.31792	-9.192397	0.1	220000	4725.928822040558
88	-47.46	-47.46	-40.0	-9.168954	18.613651	2.4546125	-63.71966	-9.169358	0.2	222500	4781.285131216049
89	-44.08	-44.08	-50.0	-9.148474	18.609354	5.065548	-59.337624	-9.1479845	0.0	225000	4834.570363521576
90	-45.0	-45.0	-45.0	-9.12402	18.571161	2.4215686	-64.02864	-9.123132	0.1	227500	4889.137178659439
91	-42.2	-42.2	-50.0	-9.021793	18.458712	3.5967426	-67.67547	-9.022364	0.0	230000	4943.705316066742
92	-42.5	-42.5	-45.0	-8.998096	18.413967	2.2398381	-67.34871	-8.998201	0.1	232500	4997.786894083023
93	-44.14	-44.14	-50.0	-8.957733	18.370056	3.2084434	-65.37635	-8.9575205	0.0	235000	5052.018272638321
94	-48.24	-48.24	-40.0	-8.998918	18.384241	3.0593116	-59.933945	-8.99784	0.2	237500	5104.8120992183685
95	-47.04	-47.04	-50.0	-9.014123	18.391825	3.099752	-61.22932	-9.013428	0.0	240000	5159.121382951736
96	-47.56	-47.56	-50.0	-8.964215	18.366503	2.83848	-61.379944	-8.963713	0.0	242500	5214.043364524841
97	-46.9	-46.9	-45.0	-9.043495	18.443155	4.272309	-60.046295	-9.043132	0.1	245000	5270.5586767196655
98	-42.82	-42.82	-42.8	-9.047993	18.47363	8.281515	-58.557735	-9.048081	0.2	247500	5325.633121967316
99	-46.18	-46.18	-46.5	-9.032072	18.453255	3.3048763	-58.223312	-9.032152	0.1	250000	5381.977740049362
100	-45.0	-45.0	-50.0	-9.078985	18.46738	2.4076674	-56.459324	-9.0789385	0.0	252500	5438.321907281876
101	-48.54	-48.54	-50.0	-8.972715	18.342987	4.8162208	-56.2763	-8.972846	0.0	255000	5492.669464826584
102	-46.38	-46.38	-50.0	-8.926462	18.264782	6.306696	-61.887806	-8.926439	0.0	257500	5548.972932100296
103	-48.06	-48.06	-40.0	-8.96467	18.26302	7.6125402	-66.677826	-8.9656105	0.2	260000	5605.773804664612
104	-45.32	-45.32	-45.0	-8.897715	18.19197	4.5319853	-61.806984	-8.897872	0.1	262500	5661.940125703812
105	-48.0	-48.0	-45.899998	-8.880212	18.177456	3.0159078	-64.78077	-8.8786125	0.1	265000	5717.053816318512
106	-43.24	-43.24	-45.0	-8.865289	18.131424	3.8261783	-63.063618	-8.864452	0.1	267500	5772.13702249527
107	-48.0	-48.0	-50.0	-8.817558	18.067873	3.4878745	-67.30375	-8.8171835	0.0	270000	5827.153618335724
108	-45.46	-45.46	-50.0	-8.759911	17.9771	1.9906218	-59.349247	-8.76005	0.0	272500	5883.490204572678
109	-45.62	-45.62	-50.0	-8.771137	17.978256	3.058539	-60.037056	-8.770273	0.0	275000	5937.830243587494
110	-46.8	-46.8	-50.0	-8.887068	18.067255	2.8056593	-59.784595	-8.8867655	0.0	277500	5994.681092262268
111	-45.88	-45.88	-42.399998	-8.79689	18.002127	2.3580592	-64.17564	-8.797551	0.2	280000	6049.8126928806305
112	-46.16	-46.16	-50.0	-8.88044	18.088478	3.24892	-58.20263	-8.880687	0.0	282500	6106.489790201187
113	-49.9	-49.9	-50.0	-8.889512	18.105265	3.5536351	-58.04715	-8.890231	0.0	285000	6161.733150243759
114	-46.94	-46.94	-45.0	-8.863414	18.09349	5.7322564	-58.457634	-8.86291	0.1	287500	6216.094724416733
115	-46.58	-46.58	-45.0	-8.754512	17.96678	3.2606804	-62.758945	-8.754955	0.1	290000	6271.265225172043
116	-42.68	-42.68	-49.6	-8.830853	18.044506	2.9269059	-62.089188	-8.830772	0.0	292500	6325.689521074295
117	-47.56	-47.56	-40.0	-8.877643	18.06902	3.6179888	-56.385983	-8.876757	0.2	295000	6381.528129816055
118	-44.7	-44.7	-44.899998	-8.918218	18.096348	2.8046503	-61.35243	-8.918691	0.1	297500	6435.295152425766
119	-45.58	-45.58	-40.2	-8.81316	17.976023	4.045942	-61.910324	-8.81392	0.2	300000	6490.774021148682
120	-45.72	-45.72	-48.4	-8.761151	17.89775	4.0334315	-60.757786	-8.760724	0.0	302500	6545.058691501617
121	-44.78	-44.78	-41.5	-8.809194	17.863113	3.9402637	-57.832348	-8.808636	0.2	305000	6601.129856824875
122	-44.32	-44.32	-50.0	-8.693182	17.72775	2.8722558	-61.758514	-8.693412	0.0	307500	6655.1139924526215
123	-46.96	-46.96	-50.0	-8.614421	17.540699	2.5897145	-59.56619	-8.615648	0.0	310000	6711.80873131752
124	-45.08	-45.08	-50.0	-8.545487	17.388454	3.1987317	-59.05628	-8.545738	0.0	312500	6766.46054983139
125	-45.54	-45.54	-50.0	-8.515637	17.27423	2.703919	-61.750355	-8.515161	0.0	315000	6819.384934425354
126	-44.38	-44.38	-50.0	-8.402149	17.121855	2.9916818	-60.64918	-8.401456	0.0	317500	6874.977976799011
127	-45.74	-45.74	-37.100002	-8.292286	16.95907	3.6866312	-57.69806	-8.294243	0.3	320000	6930.113267421722
128	-46.62	-46.62	-41.600002	-8.247481	16.877338	3.6118464	-59.608166	-8.248256	0.2	322500	6985.217371940613
129	-44.78	-44.78	-43.2	-8.2932825	16.907091	3.3005495	-58.42683	-8.292335	0.2	325000	7041.241935491562
130	-46.58	-46.58	-39.2	-8.332244	16.95143	3.4375587	-58.357204	-8.334028	0.2	327500	7097.532828330994
131	-46.04	-46.04	-44.8	-8.398884	17.018969	3.5298686	-61.898415	-8.398352	0.2	330000	7153.33068561554
132	-46.02	-46.02	-38.600002	-8.4515295	17.081768	2.8248544	-58.406075	-8.4517	0.3	332500	7208.47247171402
133	-48.32	-48.32	-42.3	-8.398433	17.021252	3.7815666	-59.38327	-8.398223	0.2	335000	7263.8700251579285
134	-44.62	-44.62	-46.5	-8.380832	16.999632	6.0344286	-58.45989	-8.379748	0.1	337500	7319.489315748215
135	-45.56	-45.56	-45.399998	-8.42666	17.027077	5.254368	-61.376244	-8.425745	0.1	340000	7374.614074230194
136	-46.5	-46.5	-38.2	-8.295758	16.859161	3.9487624	-62.08617	-8.296901	0.3	342500	7429.268219947815
137	-47.4	-47.4	-44.5	-8.296028	16.83244	4.433476	-59.2277	-8.298123	0.1	345000	7484.86745762825
138	-41.88	-41.88	-40.0	-8.263685	16.744453	3.8053036	-62.925774	-8.263156	0.2	347500	7539.849677324295
139	-44.58	-44.58	-42.5	-8.225061	16.60935	6.02949	-62.39745	-8.223386	0.2	350000	7596.7365119457245
140	-45.14	-45.14	-40.899998	-8.146418	16.45392	5.4645686	-62.690006	-8.146367	0.2	352500	7652.2615032196045
141	-47.26	-47.26	-28.7	-8.085489	16.349606	2.644849	-70.44878	-8.084876	0.5	355000	7707.021062135696
142	-40.58	-40.58	-45.8	-8.13432	16.318024	3.5122752	-58.55833	-8.134219	0.1	357500	7762.701141834259
143	-42.34	-42.34	-45.899998	-8.005693	16.13788	3.4560552	-66.20167	-8.005266	0.2	360000	7817.893498182297
144	-39.26	-39.26	-35.7	-7.8187532	15.82338	3.5509014	-59.318756	-7.821376	0.2	362500	7873.299604415894
145	-40.78	-40.78	-41.2	-7.778295	15.616799	5.1903596	-65.719055	-7.778849	0.2	365000	7929.570654153824
146	-44.44	-44.44	-39.600002	-7.7080774	15.498356	4.2273245	-61.097797	-7.7094483	0.3	367500	7984.610893011093
147	-42.48	-42.48	-27.9	-7.671666	15.394919	2.5713687	-62.605198	-7.672175	0.6	370000	8039.787161111832
148	-42.06	-42.06	-41.5	-7.643358	15.287703	3.7025654	-71.10228	-7.6432095	0.2	372500	8094.960145711899
149	-44.9	-44.9	-34.600002	-7.4451118	14.88039	2.7703543	-58.393867	-7.444317	0.4	375000	8149.409122228622
150	-39.22	-39.22	-30.2	-7.355988	14.615808	3.5493698	-71.46264	-7.357309	0.4	377500	8204.567305803299
151	-39.04	-39.04	-30.2	-7.356748	14.493705	3.2408116	-61.056183	-7.3577366	0.6	380000	8258.155548095703
152	-40.44	-40.44	-27.2	-7.290651	14.316694	4.6276846	-61.751118	-7.2906113	0.5	382500	8313.247375488281
153	-39.9	-39.9	-26.4	-7.180893	14.190607	3.1383495	-64.17247	-7.180838	0.5	385000	8368.370405197144
154	-40.86	-40.86	-33.600002	-7.0545173	13.94649	2.6704617	-60.933353	-7.0543947	0.4	387500	8423.461723804474
155	-36.6	-36.6	-39.3	-7.014158	13.85264	3.8122907	-58.18333	-7.0160685	0.3	390000	8478.311320066452
156	-38.76	-38.76	-32.7	-6.865235	13.576552	2.2510257	-67.31233	-6.865389	0.5	392500	8533.633620500565
157	-38.82	-38.82	-37.399998	-6.6737065	13.108858	3.783717	-61.483803	-6.674305	0.4	395000	8587.361156225204
158	-36.42	-36.42	-36.8	-6.5293074	12.69433	2.353685	-61.76391	-6.5294113	0.3	397500	8642.63993692398
159	-39.76	-39.76	-21.4	-6.383144	12.386284	1.6353016	-59.332863	-6.384442	0.8	400000	8697.387385368347
160	-39.36	-39.36	-25.0	-6.257514	12.03834	1.5732855	-71.926926	-6.2570043	0.7	402500	8752.09420466423
161	-35.28	-35.28	-37.8	-6.1943135	11.8132715	2.294015	-59.69091	-6.1938114	0.3	405000	8807.576055049896
162	-34.98	-34.98	-21.6	-6.0759454	11.508626	2.3186667	-63.834595	-6.0752244	0.8	407500	8861.095200300217
163	-37.44	-37.44	-31.5	-5.96262	11.261299	1.8298001	-59.399075	-5.9624043	0.5	410000	8917.702852725983
164	-33.56	-33.56	-21.800001	-5.8693357	11.038625	1.8488016	-70.691345	-5.87127	0.7	412500	8972.282340288162
165	-37.56	-37.56	-26.9	-5.8613567	10.859195	2.294745	-67.43969	-5.8627195	0.7	415000	9026.853575706482
166	-36.98	-36.98	-25.8	-5.7643366	10.681306	1.7783991	-62.53969	-5.7632327	0.8	417500	9082.487984657288
167	-30.48	-30.48	-32.3	-5.6812224	10.456173	1.401178	-59.22177	-5.679124	0.5	420000	9139.645563840866
168	-36.4	-36.4	-24.9	-5.618953	10.2738285	1.8575412	-62.380825	-5.618752	0.7	422500	9194.405897855759
169	-34.56	-34.56	-17.4	-5.606321	10.132316	2.2587857	-58.45924	-5.60521	0.9	425000	9250.141361951828
170	-32.68	-32.68	-29.3	-5.5552254	10.024536	2.549601	-65.017395	-5.5553713	0.7	427500	9305.317760944366
171	-29.32	-29.32	-24.5	-5.4924607	9.8602	3.0356994	-63.505466	-5.492675	0.7	430000	9359.796551942825
172	-30.62	-30.62	-21.9	-5.3650184	9.599101	1.8702518	-58.351463	-5.3659024	0.7	432500	9414.70195055008
173	-26.92	-26.92	-14.3	-5.300239	9.439343	1.6929598	-60.801376	-5.299159	1.0	435000	9469.760850667953
174	-25.32	-25.32	-23.4	-5.234553	9.285282	1.680965	-61.214245	-5.236177	0.8	437500	9525.548683166504
175	-29.54	-29.54	-23.8	-5.1740007	9.144768	1.6738584	-60.959236	-5.1723423	0.7	440000	9580.259979248047
176	-31.82	-31.82	-36.399998	-5.045814	8.897254	1.6089389	-60.801258	-5.045888	0.4	442500	9635.133937120438
177	-29.88	-29.88	-14.6	-4.969735	8.7178755	2.1497748	-59.98879	-4.9693546	1.0	445000	9690.611255168915
178	-27.26	-27.26	-17.6	-4.950253	8.621704	2.6345177	-58.268112	-4.9494076	1.0	447500	9746.520898342133
179	-29.9	-29.9	-15.3	-4.9374223	8.536529	2.8003478	-62.181908	-4.936441	0.9	450000	9800.44613456726
180	-31.86	-31.86	-21.800001	-4.9353223	8.4646	2.3848789	-57.759457	-4.935117	0.8	452500	9857.06547498703
181	-25.44	-25.44	-18.699999	-4.884173	8.323903	2.943262	-59.260292	-4.883634	0.9	455000	9912.031440973282
182	-28.06	-28.06	-23.4	-4.8457956	8.184899	2.7547152	-60.06316	-4.8460975	0.8	457500	9965.851011276245
183	-24.42	-24.42	-22.699999	-4.8162837	8.068089	3.5747323	-59.85646	-4.814949	0.8	460000	10020.560664892197
184	-24.96	-24.96	-10.400001	-4.7785063	8.030995	2.7648458	-59.13474	-4.7794666	1.0	462500	10075.318535327911
185	-28.36	-28.36	-23.0	-4.781752	7.999758	2.463081	-59.475452	-4.7829347	0.7	465000	10130.607101917267
186	-26.9	-26.9	-23.3	-4.7733164	7.9424777	2.4183378	-61.70747	-4.773663	0.7	467500	10184.701935768127
187	-26.54	-26.54	-14.8	-4.788946	7.912079	2.8717532	-57.938766	-4.7897496	1.0	470000	10239.763323307037
188	-26.04	-26.04	-12.4	-4.788337	7.903705	3.4141784	-59.219215	-4.7890096	0.8	472500	10293.195580244064
189	-23.98	-23.98	-14.2	-4.729787	7.7912593	3.084295	-62.31745	-4.730174	0.8	475000	10349.149787664413
190	-26.08	-26.08	-15.3	-4.6785517	7.649178	3.5431228	-61.901855	-4.6769304	0.9	477500	10403.10451221466
191	-22.22	-22.22	-23.0	-4.6181493	7.535997	3.0168133	-59.63039	-4.618157	0.8	480000	10457.704419374466
192	-21.62	-21.62	-7.6	-4.6319685	7.4812684	2.2363963	-57.365044	-4.6321316	1.0	482500	10512.54134464264
193	-24.44	-24.44	-14.1	-4.5859427	7.421446	3.5969877	-56.565964	-4.5855985	0.9	485000	10568.6930809021
194	-24.86	-24.86	-13.7	-4.56478	7.3380866	2.2464757	-60.716675	-4.5646534	1.0	487500	10624.307386636734
195	-28.04	-28.04	-16.300001	-4.5352144	7.264157	2.4647603	-60.46152	-4.536389	0.9	490000	10680.799047708511
196	-25.44	-25.44	-11.5	-4.503728	7.151197	3.539145	-61.828957	-4.5050325	1.0	492500	10737.164937973022
197	-27.08	-27.08	-19.699999	-4.504122	7.0967574	1.8467739	-60.785645	-4.504505	0.8	495000	10790.856892824173
198	-26.1	-26.1	-13.6	-4.4376454	6.9957705	2.8029244	-58.221386	-4.4364915	1.0	497500	10845.357757091522
199	-25.86	-25.86	-14.6	-4.426044	6.9508076	4.616991	-62.465107	-4.423865	0.9	500000	10899.69197010994
200	-22.72	-22.72	-10.599999	-4.415319	6.895295	2.1843534	-61.37455	-4.4173646	1.0	502500	10954.583927631378
201	-24.68	-24.68	-13.7	-4.3846245	6.813653	2.6860952	-58.237995	-4.3850775	0.9	505000	11009.60979104042
202	-26.36	-26.36	-13.6	-4.3166766	6.6910806	2.4445195	-59.262573	-4.31836	1.0	507500	11065.435333967209
203	-29.32	-29.32	-12.7	-4.330793	6.6956224	11.897308	-56.29365	-4.3306637	1.0	510000	11120.739691019058
204	-19.96	-19.96	-16.199999	-4.31617	6.642558	2.6443114	-56.695686	-4.315537	0.9	512500	11175.784062385559
205	-24.3	-24.3	-10.2	-4.225989	6.49414	4.000466	-58.062542	-4.2271376	1.0	515000	11230.3690097332
206	-24.98	-24.98	-16.4	-4.233111	6.4447417	4.4323454	-59.9652	-4.2326856	0.8	517500	11284.875053882599
207	-21.16	-21.16	-10.2	-4.2211394	6.393916	3.6269822	-61.183365	-4.221911	0.9	520000	11340.124132156372
208	-21.28	-21.28	-18.199999	-4.1826067	6.316793	2.0096617	-71.511314	-4.1835003	0.9	522500	11396.053982496262
209	-22.52	-22.52	-8.5	-4.1554713	6.2089114	2.893916	-56.848602	-4.155354	1.0	525000	11451.032380342484
210	-18.78	-18.78	-13.4	-4.1546755	6.176243	3.148005	-57.46173	-4.1559496	0.9	527500	11505.852933168411
211	-24.46	-24.46	-20.0	-4.114596	6.088923	4.135726	-66.90556	-4.1137843	0.8	530000	11561.4780626297
212	-24.38	-24.38	-14.5	-4.092777	6.065175	2.7749138	-59.06368	-4.093658	0.9	532500	11616.590389728546
213	-23.26	-23.26	-11.099999	-4.090164	6.023803	1.9832082	-60.44817	-4.0902476	1.0	535000	11671.556473016739
214	-21.6	-21.6	-8.5	-4.0842805	6.0204325	3.6666126	-61.679478	-4.0829725	1.0	537500	11725.398435115814
215	-19.2	-19.2	-8.099999	-4.057473	5.9537816	2.4557183	-59.59665	-4.058161	1.0	540000	11780.859102964401
216	-22.02	-22.02	-12.6	-4.0227613	5.910271	2.7975903	-61.175293	-4.0261927	1.0	542500	11837.346379995346
217	-21.94	-21.94	-15.6	-4.0020185	5.8561916	1.7871122	-61.83258	-4.0023856	1.0	545000	11891.852571725845
218	-20.64	-20.64	-10.2	-3.9898288	5.8132977	3.0115762	-60.943054	-3.9904346	0.9	547500	11948.909134626389
219	-21.2	-21.2	-9.8	-3.9938946	5.825053	3.1973422	-70.71725	-3.9919116	1.0	550000	12002.900869846344
220	-22.72	-22.72	-7.9	-4.01042	5.8231187	2.063009	-67.60447	-4.0090427	1.0	552500	12059.107543468475
221	-21.24	-21.24	-12.4	-3.96896	5.7540216	3.0627654	-61.50428	-3.9690413	1.0	555000	12114.050499200821
222	-24.44	-24.44	-12.9	-3.9539452	5.7049656	2.9164028	-59.922195	-3.9517958	1.0	557500	12169.12320637703
223	-20.94	-20.94	-8.7	-3.9507868	5.656237	2.5871353	-56.65254	-3.950237	1.0	560000	12223.336178064346
224	-23.4	-23.4	-12.9	-3.930259	5.638079	1.9875596	-65.17348	-3.9298503	1.0	562500	12279.52546095848
225	-23.22	-23.22	-9.900001	-3.8787043	5.5495815	3.6668198	-60.27968	-3.878203	1.0	565000	12335.34177327156
226	-18.9	-18.9	-13.6	-3.8748703	5.5517893	2.955788	-56.764904	-3.8773456	1.0	567500	12390.21835398674
227	-20.12	-20.12	-14.1	-3.8893487	5.5197544	2.7920227	-64.85097	-3.8885772	1.0	570000	12445.510057210922
228	-22.16	-22.16	-10.8	-3.8740215	5.523924	2.3582377	-59.62092	-3.872251	1.0	572500	12499.973400831223
229	-20.12	-20.12	-16.699999	-3.857011	5.48772	2.0077353	-60.071754	-3.8574872	0.9	575000	12555.217619895935
230	-23.98	-23.98	-13.6	-3.8379662	5.452021	3.315296	-67.08515	-3.837081	1.0	577500	12609.751663446426
231	-22.54	-22.54	-7.5	-3.8525481	5.4391866	2.6252375	-66.28919	-3.852255	1.0	580000	12666.562151908875
232	-23.42	-23.42	-19.5	-3.8326795	5.4177747	2.25024	-57.868645	-3.8334906	0.8	582500	12719.852138996124
233	-22.0	-22.0	-11.9	-3.8313618	5.40864	3.1260564	-57.55186	-3.8313146	0.9	585000	12775.796306371689
234	-22.3	-22.3	-14.4	-3.8226912	5.393384	2.168558	-57.764156	-3.824239	0.9	587500	12829.498824596405
235	-20.58	-20.58	-12.3	-3.849477	5.4086337	2.683626	-57.03572	-3.8486533	0.9	590000	12884.67353630066
236	-21.84	-21.84	-8.2	-3.8169882	5.353178	2.1412497	-58.746975	-3.8157935	1.0	592500	12939.246962308884
237	-26.56	-26.56	-12.7	-3.8231463	5.3791776	2.61874	-61.125576	-3.823251	1.0	595000	12995.369664430618
238	-22.7	-22.7	-11.8	-3.798964	5.3280005	3.018941	-63.91812	-3.7983212	1.0	597500	13050.65147972107
239	-24.64	-24.64	-10.2	-3.835056	5.3791466	2.8054426	-64.061874	-3.8356361	1.0	600000	13106.243260145187
240	-21.28	-21.28	-11.400001	-3.8530633	5.3668585	2.3322725	-64.72262	-3.8517015	1.0	602500	13162.096783876419
241	-21.82	-21.82	-10.400001	-3.813525	5.3281546	2.276461	-59.17397	-3.8126597	1.0	605000	13217.813795804977
242	-17.3	-17.3	-8.5	-3.775149	5.2637873	2.5822704	-61.789547	-3.77322	1.0	607500	13273.33903670311
243	-24.88	-24.88	-11.7	-3.767492	5.2462587	2.2819078	-61.8882	-3.7666159	1.0	610000	13328.937738656998
244	-20.84	-20.84	-13.2	-3.778196	5.28303	3.7046514	-60.876484	-3.7771726	1.0	612500	13385.546525716782
245	-18.46	-18.46	-12.1	-3.7423027	5.216791	3.0309224	-57.993904	-3.7412481	1.0	615000	13439.724192857742
246	-18.94	-18.94	-12.2	-3.707625	5.2072926	2.3085794	-59.124187	-3.7086802	0.9	617500	13494.830485582352
247	-19.2	-19.2	-7.8	-3.675378	5.1981254	1.9772663	-61.384438	-3.6751997	1.0	620000	13550.401497364044
248	-20.8	-20.8	-7.9	-3.6618693	5.135705	2.7403529	-63.908054	-3.6614792	1.0	622500	13605.520389556885
249	-19.3	-19.3	-11.0	-3.6325238	5.096234	2.7528634	-59.71809	-3.63308	1.0	625000	13661.07903599739
250	-23.56	-23.56	-9.2	-3.6360934	5.1460342	2.061713	-72.81222	-3.6344802	1.0	627500	13716.734464645386
251	-22.2	-22.2	-10.400001	-3.6235566	5.148332	2.798762	-61.648857	-3.6223755	1.0	630000	13772.791978120804
252	-22.78	-22.78	-14.3	-3.60478	5.0953636	6.411236	-62.87203	-3.6028967	0.9	632500	13827.240943431854
253	-21.7	-21.7	-15.2	-3.6010065	5.0995426	1.9543808	-65.81066	-3.6004317	0.9	635000	13883.928543567657
254	-20.92	-20.92	-15.2	-3.5965495	5.06964	3.3930614	-56.14947	-3.597765	1.0	637500	13938.190161943436
255	-20.32	-20.32	-10.900001	-3.6006613	5.0752697	3.29542	-59.685272	-3.601752	1.0	640000	13993.09584903717
256	-21.98	-21.98	-11.0	-3.5864534	5.0444164	2.5328526	-58.360054	-3.5868826	1.0	642500	14048.82206273079
257	-18.48	-18.48	-9.900001	-3.5750191	5.054591	3.593464	-61.439682	-3.5758555	1.0	645000	14102.683828353882
258	-20.86	-20.86	-8.2	-3.564479	5.046036	2.5494263	-65.273895	-3.5662708	1.0	647500	14156.898737668991
259	-21.4	-21.4	-10.099999	-3.588695	5.080239	2.6263356	-63.386463	-3.5884533	1.0	650000	14211.971187829971
260	-22.6	-22.6	-10.900001	-3.5523627	5.049297	2.5104382	-62.9424	-3.5515354	1.0	652500	14267.520020723343
261	-19.0	-19.0	-8.0	-3.5159285	5.0634427	2.496877	-72.80756	-3.5162923	1.0	655000	14323.724894285202
262	-23.78	-23.78	-10.599999	-3.516256	5.0222726	2.0921156	-61.91934	-3.5178993	1.0	657500	14379.884924650192
263	-19.38	-19.38	-11.099999	-3.5235891	5.0478683	2.739736	-63.40556	-3.5234241	1.0	660000	14435.192425012589
264	-19.54	-19.54	-8.900001	-3.498959	5.03687	2.2830012	-61.177048	-3.4972742	1.0	662500	14490.216794967651
265	-21.88	-21.88	-11.0	-3.524378	5.07707	3.1551478	-60.79819	-3.5258048	0.9	665000	14544.774765014648
266	-19.26	-19.26	-14.8	-3.499758	5.061853	7.2566133	-57.4019	-3.4994411	0.9	667500	14600.803822040558
267	-19.96	-19.96	-9.0	-3.4728122	5.0112944	2.9820418	-57.77436	-3.4736443	1.0	670000	14656.993839263916
268	-20.68	-20.68	-11.400001	-3.461931	4.999841	2.5662742	-60.240982	-3.461298	1.0	672500	14713.862803697586
269	-20.78	-20.78	-17.5	-3.4268837	4.939225	3.6022415	-58.053658	-3.4261062	0.9	675000	14768.458901166916
270	-19.34	-19.34	-10.0	-3.412834	4.945687	2.4760203	-61.78015	-3.412586	1.0	677500	14824.619047403336
271	-17.0	-17.0	-12.0	-3.4071498	4.938473	25.8682	-61.266388	-3.4089692	1.0	680000	14878.380791187286
272	-21.72	-21.72	-11.9	-3.4196243	4.954914	2.725997	-60.849415	-3.419214	1.0	682500	14934.33025598526
273	-19.1	-19.1	-11.7	-3.4208937	4.9370685	3.441703	-66.03461	-3.4205043	1.0	685000	14989.070092201233
274	-22.42	-22.42	-13.4	-3.431485	4.9522533	3.0233243	-62.754383	-3.4303825	1.0	687500	15044.898391485214
275	-18.66	-18.66	-9.5	-3.3964198	4.9461093	4.38461	-65.50896	-3.3972087	1.0	690000	15100.119061946869
276	-17.42	-17.42	-11.2	-3.3706658	4.9244165	3.1074083	-59.902645	-3.3708644	1.0	692500	15154.705158948898
277	-19.48	-19.48	-12.8	-3.394853	4.937253	3.6395197	-59.37533	-3.3947291	0.9	695000	15211.167190790176
278	-23.18	-23.18	-10.0	-3.3709357	4.916752	8.702593	-60.460793	-3.3720734	1.0	697500	15265.397661924362
279	-22.3	-22.3	-8.900001	-3.3809063	4.9353156	6.7608685	-57.47052	-3.3806498	1.0	700000	15320.977153539658
280	-19.68	-19.68	-10.8	-3.364916	4.918626	2.0202622	-60.00244	-3.36493	1.0	702500	15377.050491571426
281	-18.4	-18.4	-7.5	-3.3640134	4.882147	1.9419034	-64.8472	-3.3639214	1.0	705000	15432.18233180046
282	-19.46	-19.46	-15.3	-3.3537564	4.901074	5.1895905	-59.69791	-3.3522553	0.9	707500	15486.366115093231
283	-16.64	-16.64	-9.8	-3.3408456	4.882404	2.8476312	-58.628185	-3.3399832	1.0	710000	15541.088515281677
284	-19.74	-19.74	-8.099999	-3.317896	4.8781924	3.938018	-65.060234	-3.3190262	1.0	712500	15595.435464859009
285	-20.58	-20.58	-9.099999	-3.311899	4.893617	3.9125872	-57.503273	-3.311286	1.0	715000	15652.04774093628
286	-18.96	-18.96	-15.0	-3.287123	4.8481817	7.815936	-57.16087	-3.2867758	0.9	717500	15707.528923511505
287	-19.36	-19.36	-11.2	-3.2948742	4.8607125	2.5700977	-63.440247	-3.2947128	1.0	720000	15763.930785417557
288	-19.08	-19.08	-11.3	-3.2582293	4.8091435	2.5760226	-53.364716	-3.2588227	1.0	722500	15819.02027630806
289	-20.28	-20.28	-10.900001	-3.2740061	4.845101	4.6529155	-67.067696	-3.2755747	1.0	725000	15873.809561252594
290	-21.26	-21.26	-11.3	-3.2756367	4.8343534	5.0818624	-67.03508	-3.2747228	1.0	727500	15930.85962176323
291	-21.46	-21.46	-11.2	-3.2722569	4.8505635	4.4565988	-72.811035	-3.2716057	1.0	730000	15986.11452960968
292	-20.5	-20.5	-13.6	-3.2483966	4.8102493	8.504593	-66.59039	-3.2478745	0.9	732500	16041.813046216965
293	-20.48	-20.48	-13.8	-3.2626247	4.848539	2.9080648	-63.17633	-3.2622137	0.9	735000	16096.331268787384
294	-19.42	-19.42	-12.1	-3.2368166	4.812574	3.684936	-62.55965	-3.2381752	1.0	737500	16152.27891921997
295	-19.46	-19.46	-8.400001	-3.2375302	4.820618	3.3209305	-56.81264	-3.2380786	1.0	740000	16207.941601991653
296	-19.04	-19.04	-7.9	-3.2318745	4.7790823	3.046696	-58.36707	-3.2316022	0.9	742500	16263.992822170258
297	-20.28	-20.28	-9.099999	-3.2420466	4.824261	14.391466	-57.34908	-3.2421718	1.0	745000	16318.425661087036
298	-19.94	-19.94	-9.7	-3.2392895	4.8052826	2.4818943	-69.130066	-3.238992	1.0	747500	16374.810504436493
299	-20.7	-20.7	-9.3	-3.2218506	4.794736	2.2743514	-63.872734	-3.220967	1.0	750000	16430.65689253807
300	-19.34	-19.34	-11.2	-3.2221541	4.833073	4.588183	-57.016075	-3.2207088	1.0	752500	16485.42395067215
301	-20.22	-20.22	-9.8	-3.208018	4.8032203	2.564041	-66.39654	-3.2076747	1.0	755000	16540.79248046875
302	-18.82	-18.82	-11.0	-3.23217	4.8326707	2.5743027	-63.262447	-3.2323828	1.0	757500	16594.512917995453
303	-18.56	-18.56	-9.7	-3.2397094	4.826308	32.751198	-61.682182	-3.2394474	1.0	760000	16650.66774725914
304	-18.54	-18.54	-13.8	-3.1873124	4.7670684	3.6130986	-64.56464	-3.1870534	0.9	762500	16706.874729156494
305	-18.68	-18.68	-8.3	-3.189485	4.7937303	3.5223475	-70.77032	-3.1888196	1.0	765000	16762.018215417862
306	-18.4	-18.4	-9.2	-3.1614404	4.73337	2.5078285	-68.85406	-3.1603146	1.0	767500	16817.88306427002
307	-20.02	-20.02	-11.8	-3.1676037	4.739792	2.054647	-64.536514	-3.168564	1.0	770000	16872.993105649948
308	-20.1	-20.1	-7.1	-3.1575425	4.7691264	2.0671659	-73.684784	-3.157418	1.0	772500	16928.409398317337
309	-20.22	-20.22	-8.599999	-3.1730058	4.759955	2.3679461	-59.37824	-3.1727192	1.0	775000	16984.026774168015
310	-20.26	-20.26	-11.599999	-3.1736424	4.7687726	4.9131384	-59.977005	-3.173365	1.0	777500	17039.22650051117
311	-19.48	-19.48	-10.5	-3.1833756	4.762308	3.61333	-59.74174	-3.181825	1.0	780000	17093.74800348282
312	-20.98	-20.98	-12.1	-3.1711626	4.778449	18.214014	-61.92808	-3.171359	1.0	782500	17149.358455181122
313	-21.46	-21.46	-8.900001	-3.1483185	4.7408514	2.0833898	-68.83514	-3.1485612	1.0	785000	17204.108932495117
314	-21.0	-21.0	-9.0	-3.1851192	4.7979994	4.5181975	-64.41232	-3.1854393	1.0	787500	17259.505796909332
315	-21.7	-21.7	-12.9	-3.1787622	4.800349	4.0062437	-62.47083	-3.1797662	1.0	790000	17313.730551719666
316	-15.86	-15.86	-10.8	-3.1529675	4.7487736	2.3106248	-63.12096	-3.1517417	1.0	792500	17369.322634220123
317	-20.04	-20.04	-10.0	-3.1561887	4.7591705	1.8970296	-62.524536	-3.1559556	1.0	795000	17424.822679281235
318	-19.28	-19.28	-9.3	-3.157609	4.760524	4.2043686	-61.3669	-3.1582868	1.0	797500	17481.393839120865
319	-17.86	-17.86	-10.2	-3.1506083	4.790475	19.052935	-70.14217	-3.1512098	1.0	800000	17535.41680574417
320	-19.1	-19.1	-9.3	-3.126425	4.7191014	3.399426	-63.167244	-3.1267543	1.0	802500	17590.546575307846
321	-17.54	-17.54	-8.8	-3.1281636	4.724111	2.7245543	-73.23487	-3.1280835	1.0	805000	17644.521874666214
322	-16.48	-16.48	-11.9	-3.1101875	4.6975484	3.7082798	-61.268204	-3.109616	1.0	807500	17700.531869888306
323	-19.4	-19.4	-11.3	-3.0868702	4.713027	2.3862307	-78.20891	-3.087109	1.0	810000	17755.550538539886
324	-18.14	-18.14	-9.7	-3.1014943	4.695365	2.9269917	-62.36976	-3.1027484	1.0	812500	17809.787769556046
325	-20.56	-20.56	-9.900001	-3.0833433	4.7098784	3.3256564	-61.624943	-3.0841684	0.9	815000	17866.39890575409
326	-18.8	-18.8	-6.3	-3.078329	4.6738133	2.262489	-66.96001	-3.076358	1.0	817500	17921.31269955635
327	-21.82	-21.82	-10.400001	-3.062417	4.6480284	1.9154096	-64.176476	-3.0628684	1.0	820000	17976.5453209877
328	-20.32	-20.32	-6.7	-3.0842352	4.6678176	3.1319318	-73.13627	-3.0851953	1.0	822500	18033.111092567444
329	-19.22	-19.22	-12.3	-3.0748122	4.6842003	5.6036854	-61.39105	-3.0735548	1.0	825000	18091.34779047966
330	-20.66	-20.66	-10.400001	-3.081467	4.694044	2.8532348	-60.08938	-3.0823867	1.0	827500	18146.305325984955
331	-17.9	-17.9	-10.400001	-3.0580378	4.6319113	7.3202715	-54.80982	-3.05698	1.0	830000	18202.16505765915
332	-19.12	-19.12	-7.7	-3.0257385	4.6012897	1.9591286	-66.44516	-3.0256698	1.0	832500	18257.77766275406
333	-20.28	-20.28	-13.1	-3.038166	4.6199026	4.259591	-70.28085	-3.0366373	1.0	835000	18314.24822115898
334	-21.28	-21.28	-7.8	-3.0335414	4.63084	2.16187	-59.14468	-3.0334451	1.0	837500	18370.212040424347
335	-18.74	-18.74	-11.0	-3.0434484	4.640904	1.9433014	-59.83036	-3.0433822	1.0	840000	18426.39538359642
336	-15.86	-15.86	-11.2	-3.033638	4.6050324	1.8204808	-60.23454	-3.0330203	1.0	842500	18484.594000339508
337	-18.54	-18.54	-10.599999	-3.0374193	4.6237035	1.9040129	-67.33914	-3.0382428	1.0	845000	18540.09491419792
338	-17.96	-17.96	-12.0	-3.0414834	4.6384897	2.5993066	-58.60451	-3.042052	1.0	847500	18595.21124982834
339	-21.06	-21.06	-10.5	-3.0183861	4.6055746	4.4302588	-63.578846	-3.019764	1.0	850000	18650.772691488266
340	-18.04	-18.04	-8.3	-3.0112765	4.6002736	3.5847054	-79.74496	-3.0100312	1.0	852500	18706.09738111496
341	-19.9	-19.9	-12.0	-3.0155275	4.5939074	3.7637856	-58.005478	-3.015031	1.0	855000	18761.451751232147
342	-16.08	-16.08	-9.400001	-2.9859123	4.5795774	2.4260442	-72.43089	-2.9849677	1.0	857500	18817.9208714962
343	-19.2	-19.2	-14.0	-2.9579334	4.5333786	4.1468477	-62.272884	-2.9582958	1.0	860000	18872.45440006256
344	-17.36	-17.36	-9.3	-2.9621964	4.5436225	2.5560222	-58.771637	-2.9617584	1.0	862500	18927.78361058235
345	-17.08	-17.08	-11.099999	-2.951358	4.5481896	1.9188261	-76.72887	-2.9503517	1.0	865000	18984.554975271225
346	-18.36	-18.36	-10.7	-2.9461122	4.510871	6.635516	-64.178406	-2.9468498	1.0	867500	19041.981496810913
347	-18.08	-18.08	-10.400001	-2.9812117	4.5743585	5.2070704	-65.49884	-2.9825034	1.0	870000	19097.116602420807
348	-19.12	-19.12	-9.400001	-2.9619727	4.5200043	2.0880134	-61.161015	-2.963461	1.0	872500	19151.60097551346
349	-21.2	-21.2	-10.3	-2.945068	4.4981585	4.5559263	-57.82149	-2.9453197	1.0	875000	19207.485533952713
350	-19.22	-19.22	-10.900001	-2.9521892	4.52271	11.469641	-55.297962	-2.9520571	1.0	877500	19262.67854976654
351	-19.1	-19.1	-10.2	-2.922665	4.474791	3.8174453	-71.377075	-2.9224398	1.0	880000	19318.624981164932
352	-20.08	-20.08	-11.5	-2.948407	4.5106206	4.294537	-63.630615	-2.948831	1.0	882500	19373.56755709648
353	-17.24	-17.24	-15.4	-2.9387827	4.4991446	3.211989	-63.893856	-2.9391654	0.9	885000	19429.422705888748
354	-20.08	-20.08	-14.0	-2.9363844	4.493973	5.939345	-63.437153	-2.936679	1.0	887500	19483.133096456528
355	-19.74	-19.74	-10.5	-2.9289243	4.480077	2.820495	-59.18562	-2.928532	1.0	890000	19537.909435272217
356	-20.4	-20.4	-10.099999	-2.9177065	4.4741774	1.9626765	-64.84536	-2.9171598	1.0	892500	19593.75629591942
357	-18.1	-18.1	-9.900001	-2.9260669	4.4693923	1.9982989	-76.62617	-2.9255764	0.9	895000	19648.975516796112
358	-21.16	-21.16	-9.5	-2.923157	4.46678	3.0359898	-61.107872	-2.9220948	1.0	897500	19703.989272356033
359	-20.44	-20.44	-10.2	-2.926898	4.494995	2.4616039	-56.90383	-2.925739	1.0	900000	19759.35196709633
360	-20.9	-20.9	-10.7	-2.944873	4.525803	2.9955382	-69.021385	-2.94386	1.0	902500	19813.800458431244
361	-21.46	-21.46	-9.400001	-2.9357574	4.472687	2.6402059	-58.91272	-2.9355445	1.0	905000	19868.607647418976
362	-18.94	-18.94	-8.599999	-2.9383378	4.493116	2.7968884	-63.120144	-2.9390137	1.0	907500	19924.793568372726
363	-20.38	-20.38	-9.2	-2.9383705	4.5206485	3.6152713	-58.511456	-2.9380505	1.0	910000	19979.735239982605
364	-19.22	-19.22	-11.2	-2.9278367	4.5274196	5.6551666	-66.53503	-2.9273806	0.9	912500	20035.964702367783
365	-20.48	-20.48	-10.8	-2.9243932	4.495668	3.4795358	-62.794693	-2.9247367	1.0	915000	20091.485621213913
366	-18.34	-18.34	-10.3	-2.9260547	4.51657	2.750161	-58.27443	-2.925024	1.0	917500	20147.243804216385
367	-21.02	-21.02	-10.5	-2.941429	4.528539	2.0116215	-85.49361	-2.9413586	1.0	920000	20201.811987638474
368	-17.64	-17.64	-11.2	-2.9296505	4.523199	3.258783	-60.28789	-2.9286814	1.0	922500	20256.4804623127
369	-21.18	-21.18	-9.0	-2.9384322	4.54946	2.8880143	-59.15004	-2.9393	1.0	925000	20311.753604650497
370	-19.8	-19.8	-13.6	-2.9666767	4.5944843	2.943939	-79.994804	-2.966647	0.9	927500	20366.64000892639
371	-21.16	-21.16	-11.8	-2.9684768	4.5660105	3.2408648	-60.626534	-2.9670775	1.0	930000	20422.183369636536
372	-18.58	-18.58	-10.7	-2.962278	4.581507	1.9936845	-59.50679	-2.9627433	1.0	932500	20476.961104393005
373	-19.0	-19.0	-9.0	-2.950209	4.557883	2.3589041	-65.62535	-2.9494805	1.0	935000	20531.677911520004
374	-18.86	-18.86	-10.7	-2.93947	4.509488	2.8295422	-61.999786	-2.9394188	1.0	937500	20585.825556516647
375	-21.08	-21.08	-8.0	-2.9190128	4.518743	2.2821505	-58.702682	-2.9196866	1.0	940000	20642.94802904129
376	-18.62	-18.62	-18.699999	-2.9323363	4.5313435	6.413494	-64.35038	-2.9324536	0.9	942500	20697.115994930267
377	-15.0	-15.0	-9.400001	-2.9201121	4.5271535	3.2679284	-59.190914	-2.92001	1.0	945000	20753.15675520897
378	-19.24	-19.24	-11.8	-2.9287646	4.5329833	3.6727884	-59.10339	-2.9281516	1.0	947500	20808.01740384102
379	-17.56	-17.56	-10.8	-2.9399564	4.5587363	2.8278623	-80.82182	-2.939632	1.0	950000	20863.856949806213
380	-21.7	-21.7	-9.3	-2.9247813	4.5110693	2.4389563	-60.60915	-2.924636	1.0	952500	20920.11968755722
381	-19.9	-19.9	-13.6	-2.9032571	4.47817	3.40767	-54.213696	-2.903472	0.9	955000	20974.816977500916
382	-17.1	-17.1	-10.0	-2.924845	4.5182805	8.08793	-65.59203	-2.924113	1.0	957500	21030.61609172821
383	-16.42	-16.42	-13.1	-2.9136477	4.485071	3.3399997	-58.52324	-2.9139385	1.0	960000	21086.98341035843
384	-20.42	-20.42	-13.1	-2.8927906	4.4415536	4.558999	-64.78816	-2.893023	0.9	962500	21142.710220336914
385	-18.6	-18.6	-8.0	-2.886462	4.4549255	2.7223997	-58.93528	-2.8862846	1.0	965000	21197.36656999588
386	-19.46	-19.46	-11.099999	-2.9027956	4.4890175	11.007622	-56.229595	-2.9030364	1.0	967500	21252.907256364822
387	-19.24	-19.24	-10.5	-2.9029233	4.495642	3.2361248	-55.833023	-2.9041324	1.0	970000	21307.697148561478
388	-19.92	-19.92	-9.099999	-2.8943305	4.4691806	2.7281723	-73.789246	-2.8943899	1.0	972500	21362.489490032196
389	-19.2	-19.2	-9.900001	-2.9019506	4.486596	1.869772	-58.250847	-2.9027386	1.0	975000	21416.973415136337
390	-20.02	-20.02	-7.7	-2.8996139	4.492084	7.4078865	-57.23877	-2.899723	1.0	977500	21472.96368956566
391	-17.06	-17.06	-9.7	-2.9226408	4.5264845	2.6374433	-60.429005	-2.9225626	1.0	980000	21527.56902217865
392	-19.5	-19.5	-9.3	-2.8888302	4.4659567	5.1254506	-64.0448	-2.8885527	1.0	982500	21584.238668203354
393	-18.72	-18.72	-10.599999	-2.8696508	4.43464	2.7812526	-61.936832	-2.8705757	1.0	985000	21638.81465768814
394	-16.4	-16.4	-12.0	-2.857333	4.418913	3.7246528	-59.10617	-2.8569736	1.0	987500	21695.268015623093
395	-18.74	-18.74	-8.3	-2.8612766	4.417205	3.1477816	-67.5266	-2.8603253	1.0	990000	21752.39286327362
396	-19.04	-19.04	-10.0	-2.8779726	4.4723496	4.458112	-58.792683	-2.877617	1.0	992500	21807.388820171356
397	-17.02	-17.02	-10.2	-2.8768303	4.4602	4.165186	-59.620564	-2.8775702	1.0	995000	21863.734745502472
398	-17.42	-17.42	-11.400001	-2.8562953	4.42799	5.017359	-59.979828	-2.8569496	1.0	997500	21918.930998563766
399	-18.32	-18.32	-8.599999	-2.8643858	4.419959	3.2745004	-58.082092	-2.8645346	1.0	1000000	21973.75347828865
400	-18.82	-18.82	-12.3	-2.861466	4.402107	4.409269	-74.79875	-2.8612585	1.0	1002500	22029.46362233162
401	-20.08	-20.08	-12.0	-2.8515456	4.4122825	5.2669816	-57.30603	-2.8509114	1.0	1005000	22085.580221176147
402	-16.78	-16.78	-8.900001	-2.8627493	4.430157	2.0826652	-65.482414	-2.8622546	1.0	1007500	22139.983620405197
403	-20.04	-20.04	-11.8	-2.8363585	4.4364495	4.401355	-56.744953	-2.8357577	1.0	1010000	22197.173329353333
404	-18.66	-18.66	-9.2	-2.8636413	4.4513884	3.1754072	-69.530624	-2.8633523	1.0	1012500	22251.733513116837
405	-18.38	-18.38	-8.900001	-2.86929	4.4425807	4.8277493	-55.025864	-2.8698926	1.0	1015000	22308.191421985626
406	-22.02	-22.02	-14.4	-2.8657775	4.464315	2.2435544	-61.745247	-2.8673398	0.9	1017500	22363.353442192078
407	-18.56	-18.56	-10.5	-2.883657	4.474654	3.7273688	-67.175064	-2.882744	1.0	1020000	22417.965302228928
408	-19.9	-19.9	-9.3	-2.897371	4.512715	1.8552437	-82.88659	-2.896728	1.0	1022500	22472.65877723694
409	-19.7	-19.7	-13.0	-2.880303	4.45844	8.830452	-66.91902	-2.8791342	1.0	1025000	22527.561883211136
410	-19.64	-19.64	-9.400001	-2.8593717	4.456646	3.3831036	-59.808537	-2.8588114	1.0	1027500	22582.717983722687
411	-19.2	-19.2	-9.400001	-2.8989546	4.4777384	1.8728898	-70.18531	-2.8990479	1.0	1030000	22637.532341957092
412	-17.74	-17.74	-9.2	-2.8999434	4.508908	4.5223618	-55.62219	-2.8993816	1.0	1032500	22692.973467588425
413	-22.76	-22.76	-11.099999	-2.8815129	4.492249	2.1967423	-65.445	-2.880422	1.0	1035000	22746.50687146187
414	-20.1	-20.1	-8.900001	-2.9000287	4.4814153	4.2300787	-66.28197	-2.900423	1.0	1037500	22801.798007965088
415	-18.36	-18.36	-11.099999	-2.9028955	4.4555535	2.8913543	-68.592575	-2.9026392	1.0	1040000	22857.199191331863
416	-17.4	-17.4	-10.599999	-2.8855588	4.453381	1.6876714	-59.24476	-2.8855765	1.0	1042500	22912.035173892975
417	-19.26	-19.26	-6.2	-2.8888612	4.457321	2.2856283	-68.15644	-2.8903563	1.0	1045000	22967.119876384735
418	-21.22	-21.22	-11.599999	-2.9045088	4.5048027	2.2337055	-83.64245	-2.9059572	0.9	1047500	23023.4492688179
419	-20.52	-20.52	-11.9	-2.88336	4.4567275	4.122156	-60.083244	-2.8830187	1.0	1050000	23079.1690325737
420	-21.68	-21.68	-9.900001	-2.8891482	4.4775553	1.6644409	-56.236366	-2.8889906	1.0	1052500	23134.55082654953
421	-17.52	-17.52	-8.400001	-2.8985846	4.482967	4.3084784	-66.12587	-2.8985243	1.0	1055000	23189.791157722473
422	-17.36	-17.36	-7.9	-2.9181395	4.539033	3.8244257	-74.38588	-2.9185987	1.0	1057500	23244.958683013916
423	-19.08	-19.08	-9.099999	-2.9284294	4.5296626	4.923414	-59.783695	-2.9282415	1.0	1060000	23302.338961839676
424	-19.78	-19.78	-7.8	-2.928434	4.536253	2.9113586	-55.395073	-2.9288764	1.0	1062500	23358.132883548737
425	-19.12	-19.12	-8.8	-2.893612	4.492032	3.0895138	-59.161896	-2.8936923	1.0	1065000	23413.785123348236
426	-21.1	-21.1	-9.0	-2.8980007	4.4876513	2.9594648	-62.620796	-2.898076	1.0	1067500	23468.669041633606
427	-18.58	-18.58	-11.0	-2.9375527	4.51344	2.894934	-59.81909	-2.938702	1.0	1070000	23523.87718105316
428	-20.6	-20.6	-6.3	-2.9411387	4.5404305	4.3194327	-58.14942	-2.9405515	1.0	1072500	23578.325979471207
429	-17.68	-17.68	-8.7	-2.921047	4.50877	2.7988276	-73.63014	-2.9201677	1.0	1075000	23634.438554763794
430	-20.8	-20.8	-10.099999	-2.9220145	4.481813	3.3439028	-58.214973	-2.9217525	1.0	1077500	23689.99168753624
431	-16.66	-16.66	-7.6	-2.899674	4.4642205	4.0067973	-61.886032	-2.8983257	1.0	1080000	23745.393309354782
432	-19.5	-19.5	-12.6	-2.8999183	4.494474	3.2338295	-71.568436	-2.8994622	1.0	1082500	23800.787719726562
433	-15.14	-15.14	-8.400001	-2.9018662	4.488957	3.8790278	-60.857773	-2.902008	1.0	1085000	23856.23230600357
434	-19.06	-19.06	-9.3	-2.8832495	4.467781	4.1222563	-58.01511	-2.883882	1.0	1087500	23912.61935567856
435	-18.28	-18.28	-12.8	-2.8990412	4.4624996	4.1968803	-62.43819	-2.8990583	1.0	1090000	23967.276514053345
436	-19.96	-19.96	-11.0	-2.891013	4.4784994	2.0747178	-58.229507	-2.8923435	1.0	1092500	24023.834419488907
437	-20.5	-20.5	-9.7	-2.9015615	4.4819703	4.2327423	-70.07977	-2.9012375	1.0	1095000	24079.29225564003
438	-17.16	-17.16	-9.5	-2.9021056	4.4700127	3.6148164	-58.616722	-2.9029448	1.0	1097500	24135.3886988163
439	-17.84	-17.84	-8.900001	-2.8935401	4.471752	6.994768	-56.972485	-2.8939195	1.0	1100000	24191.764720916748
440	-18.5	-18.5	-10.5	-2.8871527	4.4857936	1.5922556	-61.13065	-2.887146	1.0	1102500	24246.40262389183
441	-17.42	-17.42	-10.3	-2.8867278	4.4788194	10.0669775	-65.30436	-2.8865366	1.0	1105000	24300.965804815292
442	-20.36	-20.36	-11.5	-2.8843663	4.4842277	7.228287	-58.75544	-2.8846002	1.0	1107500	24356.51771903038
443	-20.5	-20.5	-9.0	-2.8747175	4.449596	4.8159957	-71.608475	-2.873968	1.0	1110000	24411.76849603653
444	-18.9	-18.9	-9.900001	-2.8806746	4.4666743	2.575127	-64.39386	-2.8806462	1.0	1112500	24466.973610401154
445	-18.56	-18.56	-9.900001	-2.8687851	4.456337	4.101783	-57.768734	-2.8686728	1.0	1115000	24522.965673923492
446	-22.02	-22.02	-7.8	-2.8876119	4.4720416	2.700415	-57.19946	-2.8874354	1.0	1117500	24577.625742912292
447	-18.7	-18.7	-9.5	-2.894639	4.480153	2.2221918	-55.761925	-2.8950562	1.0	1120000	24633.383166074753
448	-17.9	-17.9	-12.4	-2.9045577	4.4810486	5.2526627	-58.080246	-2.9040322	1.0	1122500	24688.22895550728
449	-19.68	-19.68	-12.0	-2.909457	4.5096807	2.2156012	-66.33052	-2.9083207	1.0	1125000	24743.55273771286
450	-18.42	-18.42	-6.5	-2.9153132	4.5107555	3.5064273	-80.346016	-2.9156787	1.0	1127500	24798.180429458618
451	-18.5	-18.5	-11.7	-2.8961277	4.4682617	2.6647007	-65.55466	-2.8962135	1.0	1130000	24853.57568717003
452	-21.58	-21.58	-11.099999	-2.8879175	4.441933	3.163879	-60.978916	-2.8865235	1.0	1132500	24908.78778886795
453	-18.72	-18.72	-12.4	-2.894193	4.4882126	2.4442806	-57.033253	-2.894367	0.9	1135000	24963.74724674225
454	-17.3	-17.3	-9.0	-2.8976557	4.4719768	5.8936853	-59.323444	-2.8980405	1.0	1137500	25020.420931339264
455	-19.16	-19.16	-9.7	-2.8994331	4.516545	3.516479	-62.919346	-2.8993347	1.0	1140000	25075.8523042202
456	-18.56	-18.56	-9.8	-2.8753145	4.437277	4.703232	-59.955933	-2.8759634	1.0	1142500	25131.63816690445
457	-15.28	-15.28	-7.2	-2.8987217	4.485493	2.5406747	-69.13282	-2.8984706	1.0	1145000	25186.57000517845
458	-18.96	-18.96	-9.2	-2.8797815	4.456538	3.3542864	-66.2803	-2.8805997	1.0	1147500	25242.68372821808
459	-20.26	-20.26	-9.7	-2.8876615	4.4683475	4.136997	-64.513954	-2.887656	1.0	1150000	25297.266932964325
460	-18.78	-18.78	-11.2	-2.8797486	4.428288	2.8187482	-60.318882	-2.879659	1.0	1152500	25352.82058763504
461	-19.66	-19.66	-6.8	-2.8833032	4.454852	3.0686119	-61.52371	-2.8840058	1.0	1155000	25407.92612171173
462	-19.26	-19.26	-8.5	-2.8729537	4.429123	3.5024798	-62.132042	-2.8731256	1.0	1157500	25463.417308330536
463	-19.2	-19.2	-10.900001	-2.8546882	4.4092636	2.3595698	-73.55037	-2.855049	1.0	1160000	25517.436590194702
464	-17.4	-17.4	-9.7	-2.863892	4.4367776	4.194312	-63.241528	-2.864116	1.0	1162500	25575.011484146118
465	-19.86	-19.86	-10.2	-2.866914	4.4472647	3.355024	-59.57099	-2.8663867	1.0	1165000	25630.06599879265
466	-19.66	-19.66	-7.8	-2.8567078	4.410728	3.352635	-59.30311	-2.8570967	1.0	1167500	25685.749564886093
467	-19.2	-19.2	-10.5	-2.8757071	4.475241	2.6986039	-59.359444	-2.875703	1.0	1170000	25741.30067873001
468	-20.92	-20.92	-9.2	-2.8834577	4.443769	2.4127576	-58.17735	-2.8841639	1.0	1172500	25796.20395374298
469	-18.82	-18.82	-11.3	-2.8540704	4.4031897	2.3536654	-58.313908	-2.8536751	1.0	1175000	25852.981360435486
470	-17.76	-17.76	-12.1	-2.864475	4.4276114	2.55202	-58.742943	-2.8649213	0.9	1177500	25907.088747739792
471	-21.18	-21.18	-10.400001	-2.8800046	4.423116	2.2404323	-61.984848	-2.8787303	1.0	1180000	25963.331547021866
472	-17.52	-17.52	-8.8	-2.8733406	4.4567657	2.3770413	-65.04338	-2.874773	1.0	1182500	26017.813135385513
473	-17.78	-17.78	-10.7	-2.8862784	4.4846325	2.7726965	-62.25593	-2.885455	1.0	1185000	26073.971321105957
474	-18.06	-18.06	-11.7	-2.8808942	4.4781475	3.470907	-58.870716	-2.8819373	1.0	1187500	26129.271243333817
475	-18.92	-18.92	-9.900001	-2.8621364	4.438633	3.5808957	-64.06878	-2.8628275	1.0	1190000	26185.522324562073
476	-17.96	-17.96	-9.400001	-2.863724	4.453783	3.4594107	-56.47065	-2.864476	1.0	1192500	26238.778316497803
477	-20.34	-20.34	-8.400001	-2.8922322	4.4749727	2.3175116	-61.72819	-2.892798	1.0	1195000	26295.391497135162
478	-18.6	-18.6	-13.1	-2.873907	4.454978	2.7025695	-61.268486	-2.8727503	0.9	1197500	26350.696889400482
479	-18.72	-18.72	-10.2	-2.8702307	4.4658933	5.3661213	-87.63218	-2.8700366	1.0	1200000	26404.841485738754
480	-20.38	-20.38	-10.2	-2.8831575	4.462678	2.9829817	-63.85515	-2.884089	1.0	1202500	26461.60874938965
481	-19.44	-19.44	-6.8	-2.9083664	4.5012107	4.4112387	-64.064644	-2.9082336	1.0	1205000	26516.862511873245
482	-22.6	-22.6	-9.400001	-2.89501	4.4834304	3.829928	-68.82878	-2.8952777	1.0	1207500	26571.187940835953
483	-20.08	-20.08	-9.099999	-2.915845	4.4591393	2.3043451	-64.57592	-2.9151354	1.0	1210000	26625.704303741455
484	-18.42	-18.42	-8.900001	-2.9056585	4.4680276	3.8017793	-62.98719	-2.904477	1.0	1212500	26679.910551548004
485	-17.26	-17.26	-9.3	-2.8904612	4.4394965	3.3347974	-72.656586	-2.8905313	1.0	1215000	26733.760862588882
486	-18.12	-18.12	-10.5	-2.8951218	4.472115	2.6957855	-77.989	-2.895815	1.0	1217500	26789.653644800186
487	-19.78	-19.78	-8.900001	-2.8983097	4.476226	2.1973224	-59.27651	-2.8987577	1.0	1220000	26844.168927192688
488	-22.0	-22.0	-8.5	-2.882759	4.4406195	2.183578	-55.091793	-2.882155	1.0	1222500	26901.113813638687
489	-20.4	-20.4	-7.7	-2.8878357	4.423544	3.11515	-69.203514	-2.889128	1.0	1225000	26956.353340387344
490	-18.48	-18.48	-12.8	-2.8762214	4.4425864	2.221283	-58.498695	-2.876116	0.9	1227500	27012.22720003128
491	-17.92	-17.92	-9.099999	-2.863163	4.4054694	3.3574982	-55.55224	-2.8637183	1.0	1230000	27067.859879255295
492	-22.4	-22.4	-8.2	-2.8749173	4.4219728	2.3141556	-65.03338	-2.8755934	1.0	1232500	27121.28461766243
493	-21.54	-21.54	-11.3	-2.8533025	4.388894	3.625218	-57.860676	-2.853449	1.0	1235000	27177.176305294037
494	-19.7	-19.7	-9.5	-2.8643394	4.4232454	2.732236	-62.73124	-2.8642616	1.0	1237500	27231.479367256165
495	-18.08	-18.08	-10.5	-2.8738205	4.438379	3.4033632	-59.232033	-2.873306	1.0	1240000	27286.92484664917
496	-19.08	-19.08	-9.8	-2.8633003	4.4216266	2.8711047	-60.12234	-2.8631802	1.0	1242500	27341.209951877594
497	-15.94	-15.94	-9.0	-2.878158	4.4555254	5.4299264	-58.12177	-2.8783524	1.0	1245000	27397.156176805496
498	-19.18	-19.18	-9.2	-2.8727255	4.432729	3.1080198	-55.488243	-2.8712687	1.0	1247500	27452.176533937454
499	-20.82	-20.82	-8.0	-2.8442936	4.401084	2.5561585	-60.624073	-2.8443453	1.0	1250000	27507.52923321724
