Epoch	EpRet	EpRealRet	TestEpRet	AverageQ1	StdQ1	MaxQ1	MinQ1	Q2	TestSuccess	TotalEnvInteracts	TotalTime
0	-49.0	-49.0	-50.0	0.11169029	0.08821614	0.6682943	0.0016705291	0.11168946	0.0	2500	87.25728607177734
1	-48.0	-48.0	-45.0	0.36290994	0.10395446	0.8572873	0.10268949	0.36297384	0.1	5000	180.52160692214966
2	-47.6	-47.6	-50.0	0.51446396	0.12395827	1.1902969	0.22802256	0.5169102	0.0	7500	274.32571244239807
3	-50.0	-50.0	-45.0	0.5323199	0.13430695	1.184412	0.17508724	0.533166	0.1	10000	362.44835138320923
4	-50.0	-50.0	-50.0	0.54384303	0.13560596	1.2924652	0.14577454	0.5458527	0.0	12500	451.48816752433777
5	-49.0	-49.0	-50.0	0.5699188	0.14612141	1.9478838	0.2321456	0.56784445	0.0	15000	541.2077994346619
6	-49.0	-49.0	-45.0	0.572225	0.16337188	3.3723283	0.19845775	0.57057387	0.1	17500	629.6556248664856
7	-50.0	-50.0	-49.1	0.553337	0.14133152	1.3887702	0.22904558	0.55332214	0.0	20000	717.5301139354706
8	-44.8	-44.8	-50.0	0.5435502	0.16108134	2.1808963	0.18229851	0.55022204	0.0	22500	807.1780922412872
9	-49.0	-49.0	-50.0	0.5523325	0.17838372	2.7447193	0.22826982	0.55697864	0.0	25000	894.3644721508026
10	-47.0	-47.0	-50.0	0.54042494	0.16642141	3.1062925	0.21509983	0.544141	0.0	27500	977.0528953075409
11	-49.0	-49.0	-45.0	0.5533281	0.19356461	3.7452793	0.20898248	0.5553793	0.1	30000	1056.88277053833
12	-47.0	-47.0	-50.0	0.5388258	0.14217204	1.8001522	0.22089887	0.5386703	0.0	32500	1138.2127764225006
13	-48.0	-48.0	-40.0	0.5544734	0.19042082	3.6640823	0.2366298	0.5586438	0.2	35000	1220.2956988811493
14	-47.0	-47.0	-50.0	0.54800266	0.17502296	2.8525794	0.23477688	0.54764163	0.0	37500	1301.3384017944336
15	-48.46	-48.46	-45.0	0.5515875	0.1863217	3.6156347	0.20917393	0.5523356	0.1	40000	1383.440072774887
16	-47.0	-47.0	-50.0	0.5733422	0.20922802	4.1366706	0.24385591	0.572547	0.0	42500	1464.7312746047974
17	-48.92	-48.92	-50.0	0.58107996	0.1836137	4.033994	0.21341012	0.57405174	0.0	45000	1547.1594734191895
18	-48.0	-48.0	-50.0	0.56679857	0.16969287	4.127341	0.22463971	0.5622845	0.0	47500	1628.157547235489
19	-48.88	-48.88	-46.100002	0.56965625	0.1844794	3.6871161	0.25641543	0.5660714	0.1	50000	1708.7284393310547
20	-47.24	-47.24	-50.0	0.5837024	0.19487906	3.8171265	0.21128264	0.5747507	0.0	52500	1789.2837710380554
21	-48.44	-48.44	-50.0	0.58795434	0.18413796	3.4937649	0.26645455	0.58323944	0.0	55000	1870.2153367996216
22	-50.0	-50.0	-40.0	0.5804268	0.17560336	3.522726	0.2250368	0.57842934	0.2	57500	1951.0800375938416
23	-48.1	-48.1	-46.6	0.58723646	0.17457993	2.6428735	0.24268013	0.58573216	0.0	60000	2033.0410871505737
24	-47.86	-47.86	-50.0	0.5994417	0.20842431	4.519228	0.17987442	0.60018444	0.0	62500	2114.3627722263336
25	-49.82	-49.82	-45.0	0.59383136	0.20680758	3.4172206	0.27641207	0.58469456	0.1	65000	2195.0713353157043
26	-49.46	-49.46	-48.8	0.5866919	0.16912457	3.0813963	0.22959366	0.588197	0.0	67500	2274.7907593250275
27	-46.62	-46.62	-50.0	0.61222005	0.18636288	2.501896	0.26722366	0.6071327	0.0	70000	2352.6099791526794
28	-48.94	-48.94	-50.0	0.59486496	0.18480434	2.9309616	0.23000021	0.5908354	0.0	72500	2433.0019133090973
29	-47.66	-47.66	-50.0	0.60119563	0.17553267	2.9019804	0.25259322	0.59807324	0.0	75000	2513.3026003837585
30	-49.56	-49.56	-50.0	0.60012525	0.17602526	2.1326654	0.2173648	0.5984144	0.0	77500	2592.8026838302612
31	-50.0	-50.0	-45.0	0.6153477	0.19087061	2.9476655	0.25908244	0.6156799	0.1	80000	2670.802954673767
32	-49.08	-49.08	-46.399998	0.61621714	0.19669074	3.6563158	0.22178686	0.6128518	0.0	82500	2749.3804194927216
33	-46.08	-46.08	-46.8	0.6263983	0.18947056	2.582528	0.2539965	0.6228842	0.1	85000	2827.6083664894104
34	-47.4	-47.4	-50.0	0.6388126	0.19709869	3.183989	0.24038757	0.63823	0.0	87500	2905.4852006435394
35	-49.9	-49.9	-45.0	0.6594005	0.21588512	3.2777228	0.27349895	0.6572615	0.1	90000	2983.701573610306
36	-48.06	-48.06	-50.0	0.6548032	0.1979905	2.4949243	0.24470103	0.6535304	0.0	92500	3061.1930804252625
37	-48.76	-48.76	-41.5	0.6550994	0.19938742	2.7010832	0.26311123	0.65738064	0.1	95000	3138.2237963676453
38	-45.8	-45.8	-49.6	0.6618791	0.20426321	2.7086267	0.2606594	0.6661019	0.0	97500	3214.4425377845764
39	-49.24	-49.24	-40.0	0.6556369	0.20833023	3.193214	0.21379955	0.6626559	0.2	100000	3292.4246718883514
40	-48.96	-48.96	-50.0	0.6866069	0.2725083	5.0921807	0.25287676	0.6820145	0.0	102500	3371.9087760448456
41	-47.6	-47.6	-50.0	0.6733743	0.21384497	2.9693348	0.22873342	0.67419666	0.0	105000	3449.3159317970276
42	-45.14	-45.14	-49.4	0.6863778	0.22732998	3.4143136	0.28203702	0.68755734	0.0	107500	3527.533767938614
43	-47.42	-47.42	-50.0	0.6949994	0.22165295	2.8150597	0.25130016	0.7012666	0.0	110000	3607.365822315216
44	-48.94	-48.94	-50.0	0.68741316	0.21685417	3.5425181	0.26690567	0.68304104	0.0	112500	3684.483747243881
45	-44.42	-44.42	-47.0	0.68231887	0.21478221	3.6498773	0.27420598	0.68472016	0.1	115000	3763.325680732727
46	-46.66	-46.66	-50.0	0.6809435	0.24170043	5.6264105	0.25397182	0.68297553	0.0	117500	3838.8362698554993
47	-47.78	-47.78	-43.0	0.69364554	0.21399477	3.8098278	0.23115252	0.69067645	0.2	120000	3917.851849794388
48	-48.72	-48.72	-40.899998	0.7068176	0.24088421	4.090554	0.28124803	0.70955163	0.2	122500	3994.3448419570923
49	-47.98	-47.98	-44.7	0.71658546	0.21590711	2.5636795	0.31215936	0.7136311	0.1	125000	4072.861004590988
50	-46.6	-46.6	-46.100002	0.7288723	0.25409377	3.769868	0.27717108	0.726149	0.0	127500	4151.497404336929
51	-46.46	-46.46	-43.100002	0.720269	0.2279671	2.6855361	0.28294453	0.7207347	0.2	130000	4229.028669595718
52	-47.0	-47.0	-45.0	0.7155093	0.21841326	3.1407943	0.27357	0.71457887	0.1	132500	4305.74436044693
53	-48.04	-48.04	-50.0	0.7395497	0.27210662	4.27675	0.30160296	0.74250656	0.0	135000	4383.180412769318
54	-47.32	-47.32	-44.7	0.72946095	0.25400832	3.888322	0.2694239	0.7268925	0.1	137500	4459.096027612686
55	-45.68	-45.68	-45.3	0.72264683	0.21880555	3.1006942	0.28823438	0.72241765	0.2	140000	4534.958122730255
56	-43.98	-43.98	-47.3	0.722356	0.24630424	3.8871353	0.27423656	0.72183275	0.1	142500	4611.315246343613
57	-49.34	-49.34	-45.2	0.7212456	0.21495539	2.9425304	0.26764816	0.71751094	0.1	145000	4687.981491804123
58	-47.6	-47.6	-47.3	0.7358521	0.24197473	2.9155955	0.25445214	0.7353222	0.1	147500	4762.482724428177
59	-45.96	-45.96	-50.0	0.740706	0.24278535	3.084026	0.3034859	0.74303126	0.0	150000	4839.221115350723
60	-45.04	-45.04	-48.9	0.75617874	0.26398522	3.806956	0.24162921	0.7525877	0.0	152500	4916.700349569321
61	-47.28	-47.28	-48.9	0.75647205	0.22767484	3.1248548	0.33145714	0.7600896	0.1	155000	4993.018091440201
62	-44.98	-44.98	-42.0	0.76642877	0.27415544	3.7905622	0.3069568	0.7634498	0.1	157500	5068.445510387421
63	-49.92	-49.92	-45.8	0.76648545	0.27509874	5.1025677	0.30454212	0.7674353	0.1	160000	5144.9979503154755
64	-46.72	-46.72	-47.7	0.7607111	0.26210916	4.4734187	0.30946636	0.7595779	0.1	162500	5221.624340295792
65	-47.5	-47.5	-44.7	0.76645947	0.25500217	3.8277273	0.32676065	0.7664937	0.2	165000	5296.071284532547
66	-48.96	-48.96	-49.0	0.7593914	0.25567073	3.9141839	0.31354597	0.76375055	0.0	167500	5372.471812963486
67	-47.58	-47.58	-50.0	0.7801713	0.29129028	4.057755	0.3055086	0.7745415	0.0	170000	5449.3720490932465
68	-47.1	-47.1	-50.0	0.7722989	0.26313	4.379697	0.31802687	0.7755468	0.0	172500	5523.8549547195435
69	-47.9	-47.9	-45.0	0.79549235	0.31563166	4.879836	0.32562375	0.79300207	0.1	175000	5599.646415233612
70	-47.48	-47.48	-49.9	0.79445994	0.2640652	3.2128696	0.33222586	0.7934322	0.0	177500	5675.715101718903
71	-45.48	-45.48	-49.7	0.7954841	0.29262048	4.3499794	0.29132116	0.7933142	0.0	180000	5750.762642145157
72	-45.76	-45.76	-47.0	0.800833	0.29207242	4.827298	0.31073397	0.8009236	0.1	182500	5827.772933483124
73	-47.92	-47.92	-42.3	0.79006493	0.25640666	3.4751608	0.2863814	0.7856082	0.2	185000	5903.466765642166
74	-46.42	-46.42	-48.7	0.79539907	0.26772746	3.5008526	0.28004092	0.7890469	0.0	187500	5979.119511604309
75	-47.18	-47.18	-41.899998	0.81836134	0.3188357	4.8104596	0.28677619	0.8087778	0.2	190000	6054.797475814819
76	-47.46	-47.46	-45.399998	0.81116366	0.299437	4.865972	0.3207814	0.8050336	0.1	192500	6130.693999528885
77	-46.28	-46.28	-41.899998	0.80307823	0.30997968	4.1727033	0.2874967	0.79409283	0.1	195000	6208.000474214554
78	-46.26	-46.26	-50.0	0.82161134	0.3154798	4.759478	0.29566085	0.8179836	0.0	197500	6286.162732362747
79	-48.08	-48.08	-41.2	0.80622655	0.26271844	3.870412	0.34014946	0.8087606	0.2	200000	6362.564393758774
80	-44.94	-44.94	-44.5	0.8308822	0.31760168	4.477446	0.26534265	0.8254348	0.1	202500	6438.818254947662
81	-49.34	-49.34	-50.0	0.838177	0.29995307	3.5425913	0.25090724	0.8333248	0.0	205000	6516.033969640732
82	-48.92	-48.92	-41.399998	0.8325814	0.29286388	3.3588014	0.32112297	0.8269344	0.2	207500	6593.155281543732
83	-45.68	-45.68	-47.9	0.8521416	0.32264456	5.0340023	0.3385916	0.84223175	0.2	210000	6670.04768705368
84	-46.66	-46.66	-49.5	0.83730274	0.2878854	3.748432	0.28536248	0.8288157	0.0	212500	6745.44075012207
85	-45.68	-45.68	-41.5	0.86211693	0.29986995	4.6476784	0.33909875	0.8513499	0.2	215000	6822.823043107986
86	-45.78	-45.78	-49.9	0.86250216	0.2927767	4.5492682	0.3147925	0.855723	0.0	217500	6899.15709066391
87	-47.68	-47.68	-42.3	0.88682324	0.36785203	5.581467	0.365426	0.88550675	0.2	220000	6975.843327760696
88	-47.06	-47.06	-46.3	0.8827384	0.3460956	8.193723	0.34057474	0.8733977	0.2	222500	7051.714053869247
89	-45.88	-45.88	-46.0	0.87265944	0.30674982	3.5066314	0.35267615	0.86683315	0.1	225000	7127.546777009964
90	-47.68	-47.68	-43.2	0.88143855	0.31224632	4.2634254	0.30204594	0.86955726	0.2	227500	7204.500980615616
91	-46.3	-46.3	-43.5	0.8828287	0.34145606	6.564831	0.29133677	0.88161665	0.2	230000	7279.873625040054
92	-47.0	-47.0	-41.899998	0.8803094	0.33801806	7.114972	0.37275225	0.8750112	0.1	232500	7355.633464813232
93	-40.94	-40.94	-46.100002	0.90135986	0.41067675	8.112915	0.3472123	0.8936039	0.1	235000	7431.981235980988
94	-44.88	-44.88	-48.8	0.91045594	0.41689426	10.823602	0.3742885	0.8997468	0.0	237500	7508.560089588165
95	-45.84	-45.84	-40.3	0.8963581	0.36622193	9.392243	0.41777223	0.88666815	0.2	240000	7584.86523938179
96	-45.2	-45.2	-45.8	0.8942045	0.37982765	8.042114	0.3710279	0.8960918	0.1	242500	7661.976147174835
97	-46.4	-46.4	-45.8	0.90471387	0.36454555	7.3681755	0.33974284	0.89677024	0.1	245000	7738.535504579544
98	-45.02	-45.02	-44.7	0.8911618	0.35487458	6.2575502	0.36693734	0.8897478	0.2	247500	7815.8004496097565
99	-47.4	-47.4	-41.8	0.8823584	0.32615513	5.2579236	0.29583496	0.87680715	0.3	250000	7892.227453947067
100	-46.02	-46.02	-49.7	0.9091766	0.36655048	5.4142103	0.36974543	0.90407336	0.0	252500	7970.384481668472
101	-45.8	-45.8	-40.399998	0.91470957	0.3459298	5.54944	0.38695753	0.9069499	0.2	255000	8046.375440835953
102	-43.94	-43.94	-43.399998	0.94525	0.3919016	5.6362343	0.39042577	0.9347959	0.2	257500	8122.1276948452
103	-44.0	-44.0	-32.600002	0.92389786	0.3314259	4.3623223	0.38141108	0.9216531	0.4	260000	8198.799561023712
104	-46.28	-46.28	-36.5	0.96207654	0.5009735	14.770894	0.3740774	0.9498008	0.3	262500	8276.188700437546
105	-44.6	-44.6	-47.7	0.9169002	0.30594876	3.8323898	0.3488432	0.91476935	0.1	265000	8351.986624002457
106	-45.16	-45.16	-43.5	0.94238096	0.3862179	6.2122965	0.39573818	0.93769467	0.3	267500	8427.6490046978
107	-46.46	-46.46	-33.100002	0.9342324	0.36045438	4.999876	0.31736088	0.9265187	0.4	270000	8503.660534620285
108	-45.94	-45.94	-42.3	0.94085675	0.3458876	4.406493	0.38424206	0.93690085	0.2	272500	8578.788851261139
109	-45.92	-45.92	-46.0	0.9585558	0.43309268	7.870292	0.32826146	0.94897187	0.1	275000	8655.430312871933
110	-44.06	-44.06	-39.7	0.9456417	0.40459794	7.45005	0.40344608	0.94935495	0.3	277500	8732.48856472969
111	-46.36	-46.36	-42.2	0.9588953	0.38606885	6.317166	0.41351306	0.9623185	0.2	280000	8807.49749803543
112	-41.18	-41.18	-43.7	0.9587157	0.39733642	6.212511	0.38188928	0.96417505	0.1	282500	8884.442471504211
113	-42.24	-42.24	-33.8	0.96426564	0.5039201	10.241044	0.33940104	0.95897937	0.4	285000	8959.768416404724
114	-42.54	-42.54	-39.5	0.96076125	0.36364147	4.827132	0.2620625	0.9612287	0.2	287500	9037.084959745407
115	-44.06	-44.06	-40.3	0.95731646	0.3789031	5.3060813	0.38514292	0.949145	0.2	290000	9113.36414551735
116	-45.44	-45.44	-46.6	0.9602925	0.3861598	5.379514	0.37665755	0.96217644	0.1	292500	9189.695700645447
117	-43.26	-43.26	-39.7	0.965779	0.454892	5.7026367	0.3746604	0.9570038	0.4	295000	9265.010641098022
118	-44.96	-44.96	-42.3	0.95478904	0.41338	7.609971	0.36666608	0.9477971	0.2	297500	9340.76648926735
119	-40.36	-40.36	-39.8	0.9677894	0.440024	7.9935503	0.3653306	0.96659064	0.2	300000	9416.775246143341
120	-46.96	-46.96	-40.600002	0.95449567	0.43828976	8.902094	0.39571443	0.95830554	0.3	302500	9493.316940307617
121	-41.44	-41.44	-38.399998	0.9752859	0.44975007	5.8330026	0.35431868	0.97697216	0.2	305000	9569.112670660019
122	-43.8	-43.8	-46.9	0.95874524	0.3976356	4.9026613	0.38233727	0.9558867	0.1	307500	9646.096877336502
123	-42.54	-42.54	-36.3	0.9382797	0.38919017	6.268747	0.38267303	0.9393368	0.3	310000	9722.252882480621
124	-41.62	-41.62	-41.0	0.95488954	0.3831941	4.5357356	0.41973013	0.95851195	0.3	312500	9798.839359998703
125	-41.46	-41.46	-29.8	0.939911	0.36095273	5.1964235	0.40753186	0.94502944	0.6	315000	9873.809103012085
126	-44.82	-44.82	-41.0	0.9407314	0.39061	7.8319526	0.4271232	0.9440093	0.3	317500	9950.542397975922
127	-43.44	-43.44	-44.399998	0.9077152	0.3428695	8.1605	0.40108472	0.91367906	0.1	320000	10029.560897350311
128	-44.0	-44.0	-44.399998	0.9331425	0.38543624	6.498958	0.31518257	0.94147706	0.3	322500	10107.165967464447
129	-43.98	-43.98	-42.600002	0.93931466	0.37716627	4.115261	0.40323138	0.95103467	0.2	325000	10183.964331150055
130	-42.46	-42.46	-38.399998	0.9317425	0.34547868	4.2000866	0.3579065	0.93851674	0.2	327500	10262.547448396683
131	-43.36	-43.36	-38.399998	0.9322575	0.361528	5.7860274	0.3311482	0.93702847	0.3	330000	10337.627475738525
132	-46.1	-46.1	-45.600002	0.95810634	0.41045466	7.4360814	0.40669787	0.96285594	0.1	332500	10413.166050195694
133	-44.7	-44.7	-39.3	0.9823634	0.39364716	4.23668	0.37024778	0.9905513	0.2	335000	10488.631198883057
134	-44.0	-44.0	-37.2	0.9815289	0.37277228	5.0106707	0.37179363	0.98926723	0.2	337500	10564.231266021729
135	-43.42	-43.42	-31.9	0.9844131	0.40649801	7.6216593	0.37047142	0.99532247	0.6	340000	10639.131456136703
136	-45.26	-45.26	-37.899998	1.0003028	0.40175998	5.158332	0.41992182	1.0098525	0.4	342500	10715.442588806152
137	-42.64	-42.64	-32.2	0.97495645	0.44287547	11.1895	0.36751658	0.9898146	0.5	345000	10794.477906942368
138	-46.08	-46.08	-38.5	0.9840055	0.42592084	7.387988	0.4047094	0.99066466	0.3	347500	10871.949233055115
139	-39.32	-39.32	-33.100002	0.9792669	0.47090825	10.422824	0.4308983	0.99316937	0.4	350000	10948.8287191391
140	-40.62	-40.62	-37.7	0.97044283	0.43070427	7.6760745	0.37849373	0.9863895	0.3	352500	11027.338725805283
141	-44.96	-44.96	-37.399998	0.97353774	0.41776785	6.017768	0.27934933	0.98149097	0.3	355000	11105.170692205429
142	-43.4	-43.4	-46.7	0.97366226	0.39754048	6.7371597	0.35692447	0.9848513	0.2	357500	11182.87633562088
143	-44.12	-44.12	-42.100002	1.0198804	0.52801394	7.3599443	0.3804764	1.030252	0.3	360000	11262.329600811005
144	-41.32	-41.32	-38.100002	0.9727209	0.36640295	7.445809	0.4136872	0.98360926	0.2	362500	11339.167265415192
145	-45.06	-45.06	-30.3	0.99333227	0.4528221	8.728396	0.3809079	1.0018964	0.6	365000	11417.880816221237
146	-44.04	-44.04	-30.5	0.9793087	0.40155292	5.2560654	0.41534442	1.0032682	0.6	367500	11494.51895904541
147	-38.78	-38.78	-47.1	1.0102807	0.53209114	8.687537	0.37261736	1.0208981	0.1	370000	11572.545401573181
148	-44.44	-44.44	-27.2	0.97312397	0.4090548	5.278195	0.33264765	0.9853425	0.7	372500	11650.35481762886
149	-44.04	-44.04	-41.3	0.9929296	0.42023882	5.8133416	0.38519704	1.0036422	0.2	375000	11727.829822301865
150	-43.84	-43.84	-41.3	1.0098853	0.44444	5.042339	0.440066	1.0094287	0.3	377500	11806.603909015656
151	-41.94	-41.94	-33.899998	0.98945117	0.49334064	10.602513	0.34494323	1.0045437	0.5	380000	11883.020629405975
152	-41.54	-41.54	-34.600002	0.9756959	0.4179181	6.7948728	0.39564413	0.98684716	0.6	382500	11960.802143335342
153	-40.66	-40.66	-37.0	0.95316344	0.35569525	5.8170023	0.403857	0.9631249	0.3	385000	12037.735726118088
154	-41.6	-41.6	-33.600002	0.9578368	0.4042912	7.0955443	0.41350454	0.9675755	0.5	387500	12115.886335372925
155	-38.16	-38.16	-43.8	0.989329	0.48267254	8.000773	0.4180544	0.99688536	0.1	390000	12193.262659311295
156	-41.7	-41.7	-39.2	0.99362445	0.52855045	6.78315	0.39032793	0.99160606	0.4	392500	12270.85399222374
157	-41.32	-41.32	-35.600002	0.9814944	0.45702076	6.3054457	0.39214933	0.99525064	0.4	395000	12347.074841499329
158	-46.2	-46.2	-41.899998	0.9870298	0.6721791	14.325074	0.39744288	0.9849707	0.2	397500	12424.95776438713
159	-44.48	-44.48	-32.399998	0.94690454	0.40107042	5.0358663	0.40425685	0.95808643	0.4	400000	12502.647652626038
160	-38.14	-38.14	-37.399998	0.9435951	0.42821315	6.720167	0.371633	0.9435954	0.4	402500	12581.100906133652
161	-41.6	-41.6	-38.7	0.94902086	0.43068293	7.823792	0.33683264	0.9575692	0.3	405000	12659.21367430687
162	-41.66	-41.66	-34.399998	0.9459636	0.37739903	5.4404507	0.4112268	0.95550025	0.5	407500	12736.00889801979
163	-39.12	-39.12	-30.5	0.92166847	0.40904802	6.9844418	0.37680417	0.92759913	0.5	410000	12814.468473434448
164	-42.06	-42.06	-38.2	0.94706476	0.47563827	10.059111	0.3861096	0.9549628	0.3	412500	12891.652346849442
165	-42.18	-42.18	-29.8	0.9244026	0.41084746	8.954717	0.3672634	0.92675084	0.4	415000	12969.424171209335
166	-41.48	-41.48	-27.6	0.9282019	0.353675	5.743076	0.38938463	0.9442283	0.5	417500	13046.392548084259
167	-40.98	-40.98	-40.899998	0.916147	0.36702126	7.0191126	0.34389317	0.92540175	0.5	420000	13122.926996469498
168	-39.96	-39.96	-43.100002	0.93573135	0.41727626	5.859127	0.40822107	0.9462469	0.2	422500	13198.141592979431
169	-40.28	-40.28	-40.7	0.9655292	0.4560412	7.663526	0.3698242	0.96457237	0.4	425000	13276.4997651577
170	-39.44	-39.44	-42.0	0.94473284	0.48245925	8.276983	0.38462	0.95535445	0.3	427500	13353.171633720398
171	-42.82	-42.82	-29.2	0.9263225	0.42036667	6.9869695	0.3795609	0.9386032	0.7	430000	13430.590084314346
172	-42.42	-42.42	-40.2	0.90919226	0.4178086	8.475461	0.3631853	0.9173389	0.3	432500	13505.863531827927
173	-41.38	-41.38	-36.5	0.9607422	0.41639245	5.623086	0.43800622	0.96333116	0.4	435000	13582.679363489151
174	-42.08	-42.08	-42.0	0.91055405	0.3764589	6.933482	0.35057116	0.9206007	0.2	437500	13658.965749025345
175	-40.6	-40.6	-35.8	0.9043652	0.36330858	5.347045	0.36194772	0.92006564	0.3	440000	13735.620307445526
176	-42.72	-42.72	-27.8	0.938689	0.3801533	6.499374	0.40755457	0.94718474	0.5	442500	13811.43830871582
177	-42.2	-42.2	-40.3	0.94503355	0.39492476	5.2333574	0.40194583	0.95257264	0.4	445000	13887.318485498428
178	-41.04	-41.04	-39.0	0.93707365	0.4117553	9.40147	0.38204032	0.942838	0.4	447500	13965.384041547775
179	-40.68	-40.68	-38.7	0.9318996	0.39158672	6.3626776	0.36667997	0.9431802	0.2	450000	14043.23600935936
180	-42.4	-42.4	-40.5	0.9266002	0.39655116	5.014167	0.40106434	0.93183213	0.3	452500	14119.088524341583
181	-36.4	-36.4	-43.600002	0.9544982	0.43847182	6.658051	0.3709705	0.9616493	0.2	455000	14197.610083818436
182	-44.24	-44.24	-33.899998	0.913845	0.3379748	4.473209	0.3842367	0.9179231	0.4	457500	14275.156231880188
183	-41.08	-41.08	-38.3	0.9089069	0.36748013	6.5185394	0.4050979	0.909912	0.4	460000	14354.863781690598
184	-41.4	-41.4	-37.100002	0.9545646	0.495095	9.15798	0.34527722	0.9627024	0.3	462500	14433.761052846909
185	-43.36	-43.36	-40.2	0.9027378	0.39855778	8.519206	0.3448974	0.9146101	0.2	465000	14511.420475959778
186	-36.64	-36.64	-43.0	0.9067178	0.48321518	10.92915	0.3483282	0.91271716	0.2	467500	14589.83488893509
187	-43.46	-43.46	-27.5	0.9278222	0.42821044	7.088407	0.4302446	0.93432444	0.6	470000	14668.731185436249
188	-38.36	-38.36	-37.3	0.92900765	0.40545267	6.522376	0.36168212	0.93802696	0.4	472500	14745.665122270584
189	-42.5	-42.5	-31.2	0.9090632	0.407744	7.3321037	0.40280136	0.92574173	0.5	475000	14823.664546251297
190	-41.3	-41.3	-33.0	0.91194975	0.42229632	7.188124	0.3273356	0.9099488	0.5	477500	14902.55533337593
191	-42.38	-42.38	-20.4	0.9258274	0.48552898	9.226703	0.3469392	0.93447936	0.9	480000	14979.610776424408
192	-41.68	-41.68	-30.4	0.96167016	0.528374	6.945394	0.4108581	0.95536643	0.5	482500	15056.70274233818
193	-39.54	-39.54	-25.0	0.92998594	0.40209958	6.255052	0.41488552	0.9312051	0.6	485000	15134.71216583252
194	-41.04	-41.04	-33.600002	0.97319424	0.49063945	9.497584	0.39103383	0.9754099	0.5	487500	15211.531774759293
195	-41.94	-41.94	-35.399998	0.9168056	0.3979264	8.294097	0.40469372	0.92373127	0.3	490000	15290.236491918564
196	-42.4	-42.4	-35.2	0.9130492	0.3628661	4.9187937	0.29180124	0.9098723	0.3	492500	15368.990019798279
197	-39.36	-39.36	-31.6	0.9588015	0.5220411	14.188861	0.3589093	0.9616152	0.7	495000	15446.803852081299
198	-36.3	-36.3	-43.7	0.90762424	0.3487002	3.736196	0.40091577	0.91811806	0.2	497500	15523.829775571823
199	-40.7	-40.7	-30.1	0.8910175	0.42767277	7.357307	0.4082179	0.8917805	0.5	500000	15602.818063020706
200	-38.98	-38.98	-23.6	0.8710153	0.42875093	13.469453	0.3470836	0.8781274	0.8	502500	15679.81748867035
201	-37.76	-37.76	-36.100002	0.88718605	0.42023042	7.3082266	0.3603387	0.8916961	0.4	505000	15757.294825792313
202	-43.0	-43.0	-34.899998	0.896405	0.3705275	7.015147	0.32705474	0.9018777	0.5	507500	15833.047905445099
203	-42.24	-42.24	-32.7	0.9129226	0.38764784	6.0477467	0.39945668	0.92159927	0.6	510000	15912.859184741974
204	-39.24	-39.24	-27.5	0.91287845	0.41513902	6.0026455	0.3737022	0.91740745	0.5	512500	15988.729358911514
205	-40.42	-40.42	-29.9	0.88603604	0.38718382	7.3771553	0.42121506	0.9029811	0.7	515000	16064.391718864441
206	-36.76	-36.76	-34.0	0.9106466	0.39739612	6.8288374	0.38562012	0.91233826	0.5	517500	16140.049696683884
207	-39.22	-39.22	-29.8	0.8983455	0.4146364	6.853812	0.42302948	0.90590215	0.7	520000	16216.958046913147
208	-36.64	-36.64	-28.9	0.87372476	0.3612085	6.550274	0.4313926	0.89386845	0.6	522500	16295.898386001587
209	-37.28	-37.28	-33.600002	0.87219936	0.3466552	4.832743	0.4231588	0.87203074	0.3	525000	16375.249037981033
210	-41.14	-41.14	-42.0	0.8708247	0.36179075	5.9076557	0.40309367	0.88202274	0.4	527500	16453.122654914856
211	-35.62	-35.62	-36.7	0.90901184	0.3677579	4.5077896	0.40842128	0.9166821	0.4	530000	16529.873115301132
212	-38.14	-38.14	-33.899998	0.8837413	0.3241935	5.3156404	0.37473893	0.89254814	0.5	532500	16609.868560552597
213	-42.12	-42.12	-28.4	0.87084705	0.39288363	8.382228	0.3680073	0.8774098	0.6	535000	16688.94437980652
214	-39.08	-39.08	-28.8	0.8821757	0.3781143	5.300949	0.31616533	0.8765665	0.5	537500	16767.189754009247
215	-39.5	-39.5	-34.8	0.8827335	0.39146504	6.22071	0.40194538	0.88553554	0.3	540000	16846.62399816513
216	-38.3	-38.3	-32.600002	0.8615131	0.32318577	5.0546093	0.35216385	0.86867124	0.5	542500	16924.263162851334
217	-40.32	-40.32	-34.600002	0.87707305	0.399774	8.468603	0.35613185	0.8945705	0.5	545000	17001.83260703087
218	-41.54	-41.54	-28.1	0.8712666	0.35572207	5.8293486	0.37352905	0.87764233	0.5	547500	17082.23743224144
219	-38.42	-38.42	-25.7	0.87408805	0.35143286	4.6793404	0.3800263	0.87842995	0.6	550000	17159.756682157516
220	-36.42	-36.42	-33.2	0.8540024	0.3744865	7.7798777	0.39851293	0.86580884	0.4	552500	17238.16542339325
221	-38.94	-38.94	-29.4	0.85415477	0.32806447	6.571927	0.34731215	0.86050075	0.6	555000	17317.624207019806
222	-39.94	-39.94	-29.2	0.84466356	0.2997093	4.570212	0.36560693	0.85668725	0.6	557500	17394.803169727325
223	-42.36	-42.36	-20.199999	0.84571934	0.3277813	4.778759	0.38664448	0.85121757	0.9	560000	17472.95002889633
224	-38.14	-38.14	-17.699999	0.8579371	0.37909567	5.188622	0.3641141	0.8443954	0.8	562500	17551.122225046158
225	-40.12	-40.12	-23.0	0.84090114	0.3417901	5.8897705	0.38606977	0.85720605	0.7	565000	17627.630534648895
226	-40.32	-40.32	-25.2	0.81187403	0.28889835	4.3799014	0.31696373	0.83675575	0.7	567500	17704.58759355545
227	-37.3	-37.3	-18.6	0.8468603	0.33333763	6.071252	0.3480868	0.8629535	0.9	570000	17783.298544883728
228	-39.08	-39.08	-20.6	0.8489767	0.36450934	6.73685	0.36693877	0.8653894	0.7	572500	17862.364334106445
229	-37.42	-37.42	-25.1	0.8540827	0.33459637	4.7527447	0.38860184	0.8682605	0.7	575000	17939.316701173782
230	-39.92	-39.92	-30.9	0.85139596	0.34027562	4.7424593	0.38738513	0.8521033	0.5	577500	18017.971950531006
231	-39.4	-39.4	-38.100002	0.85478306	0.37381023	7.1391745	0.3779517	0.86253595	0.3	580000	18097.783551454544
232	-38.96	-38.96	-32.8	0.8158568	0.32579273	6.5476785	0.3751196	0.82005876	0.4	582500	18176.737530469894
233	-38.36	-38.36	-26.0	0.8423888	0.33543652	6.2406054	0.37637404	0.8440464	0.7	585000	18255.02726840973
234	-38.7	-38.7	-27.5	0.8408882	0.32539427	4.600828	0.3633208	0.8658457	0.8	587500	18333.773488521576
235	-38.58	-38.58	-30.4	0.82185626	0.30867276	4.518414	0.3420102	0.82397854	0.5	590000	18412.12526154518
236	-39.58	-39.58	-25.8	0.83342654	0.3196698	4.822757	0.31807494	0.83560556	0.6	592500	18489.856070041656
237	-39.74	-39.74	-29.5	0.83046716	0.33121526	6.5646086	0.34853142	0.8346205	0.6	595000	18566.97617483139
238	-36.12	-36.12	-30.9	0.8258575	0.33463597	5.305585	0.34574878	0.8337962	0.6	597500	18645.14812207222
239	-37.28	-37.28	-39.2	0.8344905	0.3236177	3.9444275	0.37822425	0.8425258	0.5	600000	18722.81429219246
240	-33.88	-33.88	-35.0	0.82007456	0.30419046	4.7319374	0.33678165	0.8227031	0.4	602500	18801.920084238052
241	-36.6	-36.6	-26.9	0.8210117	0.34609586	5.132073	0.3287317	0.8239739	0.6	605000	18880.24194073677
242	-36.98	-36.98	-29.5	0.8098769	0.3512138	4.431301	0.31848776	0.8145321	0.5	607500	18959.57615184784
243	-39.2	-39.2	-30.9	0.8322135	0.34702584	5.143032	0.38423726	0.8337018	0.5	610000	19038.39397573471
244	-38.02	-38.02	-28.2	0.8204413	0.3290253	5.274462	0.35262573	0.8281094	0.4	612500	19116.227569580078
245	-38.24	-38.24	-28.0	0.8155702	0.35983077	8.608336	0.327697	0.8260121	0.5	615000	19194.030677080154
246	-38.38	-38.38	-30.2	0.8348027	0.44767064	10.784006	0.34854725	0.84720016	0.5	617500	19272.056945085526
247	-38.96	-38.96	-26.0	0.81691873	0.33844045	7.0507903	0.3496801	0.820443	0.4	620000	19348.920061826706
248	-39.84	-39.84	-22.4	0.7949552	0.2914343	3.770151	0.3284956	0.79505444	0.6	622500	19425.78269958496
249	-41.94	-41.94	-21.0	0.84388596	0.45412037	8.543994	0.31812203	0.84475815	0.9	625000	19503.663831949234
250	-37.66	-37.66	-24.3	0.7989694	0.34154588	7.1383305	0.3671785	0.79929173	0.8	627500	19581.050227165222
251	-40.9	-40.9	-36.3	0.83336604	0.38981143	8.993611	0.37289706	0.8406117	0.2	630000	19659.811022043228
252	-38.78	-38.78	-30.0	0.81555825	0.39424735	7.39622	0.32431167	0.8167988	0.6	632500	19737.303478956223
253	-37.82	-37.82	-27.2	0.78955495	0.42641076	9.904089	0.3440796	0.7889056	0.6	635000	19815.05934739113
254	-41.04	-41.04	-40.3	0.80132693	0.37152869	8.18778	0.35893	0.8013005	0.3	637500	19894.79942202568
255	-34.72	-34.72	-18.6	0.80579245	0.43404713	7.550606	0.37830663	0.8064858	0.9	640000	19976.29697203636
256	-38.48	-38.48	-28.1	0.7956978	0.3171739	5.5672617	0.36712894	0.7990324	0.6	642500	20055.313679933548
257	-38.42	-38.42	-24.6	0.8043865	0.34329006	5.234023	0.33458897	0.81165814	0.7	645000	20132.93762254715
258	-39.74	-39.74	-30.2	0.7750468	0.29614124	4.4611487	0.33622506	0.7755898	0.5	647500	20213.72484254837
259	-37.34	-37.34	-29.2	0.7702747	0.2830408	4.6331763	0.3548282	0.7669834	0.6	650000	20291.947272777557
260	-38.42	-38.42	-35.3	0.78701586	0.32182258	3.9325085	0.34333676	0.7841731	0.4	652500	20370.69804239273
261	-38.48	-38.48	-20.199999	0.77334434	0.3017141	5.3800507	0.35680684	0.77111024	0.8	655000	20449.843240499496
262	-42.8	-42.8	-25.0	0.7743162	0.33480582	5.8293805	0.3062896	0.7773396	0.8	657500	20527.09997653961
263	-38.04	-38.04	-19.699999	0.7782634	0.3167441	5.1494875	0.34755406	0.7837622	0.8	660000	20605.395476579666
264	-41.74	-41.74	-17.699999	0.7678798	0.29171064	5.7170553	0.32269013	0.766353	0.7	662500	20683.572039604187
265	-40.0	-40.0	-13.8	0.76388025	0.31690443	5.7663574	0.3795013	0.77383006	0.9	665000	20761.72394800186
266	-40.78	-40.78	-26.8	0.7868875	0.33615935	5.017315	0.35832328	0.78968614	0.4	667500	20839.79389500618
267	-39.64	-39.64	-23.6	0.74894994	0.29159084	3.9269917	0.33379993	0.76163745	0.7	670000	20917.69340777397
268	-36.46	-36.46	-25.3	0.77824867	0.39727435	10.956959	0.35271966	0.7826609	0.6	672500	20995.718257188797
269	-41.8	-41.8	-23.1	0.76548487	0.30143493	5.549445	0.32916093	0.76767504	0.6	675000	21074.78141283989
270	-39.62	-39.62	-23.7	0.76344824	0.349649	6.8420324	0.34866935	0.78518045	0.9	677500	21153.0480158329
271	-35.8	-35.8	-34.3	0.75729424	0.32522854	6.9387617	0.33471817	0.7544121	0.5	680000	21231.257880926132
272	-39.14	-39.14	-32.399998	0.7456372	0.30743268	5.615152	0.34175253	0.7566935	0.6	682500	21307.33827662468
273	-39.32	-39.32	-29.5	0.7271067	0.27242124	5.086282	0.33643657	0.7387265	0.6	685000	21383.423167943954
274	-34.74	-34.74	-19.800001	0.74344677	0.27830413	4.516019	0.3566364	0.7584971	0.8	687500	21459.97678589821
275	-34.6	-34.6	-20.6	0.7537024	0.3573521	5.980411	0.32645124	0.7602185	0.7	690000	21536.705941915512
276	-38.4	-38.4	-26.3	0.7400421	0.2829367	5.3748198	0.3677038	0.74360573	0.6	692500	21615.74917292595
277	-39.54	-39.54	-19.699999	0.7614219	0.3751209	7.1103654	0.33724475	0.778578	0.9	695000	21694.213082313538
278	-37.0	-37.0	-28.6	0.76735497	0.33613214	5.5391436	0.32515204	0.7715632	0.6	697500	21775.4746260643
279	-37.34	-37.34	-31.1	0.7502549	0.30666625	6.056146	0.33275318	0.75818235	0.5	700000	21851.84417295456
280	-38.88	-38.88	-24.5	0.7410254	0.29251355	5.183885	0.32424775	0.7462751	0.7	702500	21930.745933055878
281	-36.88	-36.88	-22.199999	0.7453405	0.36103886	10.110737	0.34371117	0.7503608	0.9	705000	22007.759065389633
282	-36.1	-36.1	-24.9	0.722249	0.27318034	4.919751	0.36446035	0.7325886	0.7	707500	22084.550255298615
283	-35.44	-35.44	-23.5	0.7219895	0.2931861	7.4333334	0.30400217	0.72758484	0.8	710000	22162.650537252426
284	-39.42	-39.42	-29.8	0.73362243	0.29691735	5.4203854	0.31776112	0.7429926	0.5	712500	22241.650342464447
285	-38.64	-38.64	-24.3	0.73841774	0.3079785	6.131032	0.3313888	0.7448126	0.8	715000	22321.156136512756
286	-37.54	-37.54	-16.199999	0.7215188	0.30907667	5.8259497	0.30737054	0.73117405	0.9	717500	22398.60414481163
287	-36.12	-36.12	-32.0	0.7193407	0.27676678	6.305566	0.35122517	0.72657484	0.6	720000	22476.144373893738
288	-35.78	-35.78	-25.8	0.7178848	0.27420956	4.2637067	0.32134527	0.7295899	0.8	722500	22555.03183531761
289	-36.22	-36.22	-19.9	0.7320369	0.3223958	5.470999	0.35024816	0.74230105	0.7	725000	22633.701580286026
290	-34.44	-34.44	-14.2	0.73581535	0.31623194	6.1122947	0.2848951	0.7457328	0.7	727500	22711.14343214035
291	-35.28	-35.28	-29.0	0.71269774	0.32576072	5.906407	0.31437358	0.72421926	0.6	730000	22787.612645626068
292	-37.48	-37.48	-25.1	0.72393984	0.26063028	3.2957733	0.3283196	0.72643995	0.8	732500	22866.115715265274
293	-39.92	-39.92	-22.9	0.71060914	0.26170525	3.5963082	0.30801922	0.72213244	0.7	735000	22943.818366527557
294	-33.7	-33.7	-24.8	0.72465575	0.26059592	4.0524855	0.32154095	0.7321585	0.6	737500	23022.562745332718
295	-37.44	-37.44	-22.0	0.7200018	0.27721635	3.8068926	0.3303111	0.7337813	0.9	740000	23100.21860742569
296	-35.48	-35.48	-24.3	0.7305415	0.34876102	7.283545	0.32107535	0.73568493	0.8	742500	23179.55839085579
297	-33.88	-33.88	-25.5	0.723651	0.2887713	4.673806	0.3179874	0.7254352	0.7	745000	23257.794345617294
298	-35.82	-35.82	-25.0	0.73504484	0.30496907	5.2230015	0.34468514	0.74082965	0.6	747500	23335.009333848953
299	-33.64	-33.64	-26.9	0.72544616	0.3681421	7.1146345	0.3355257	0.7340393	0.6	750000	23411.814631700516
300	-34.64	-34.64	-21.1	0.70722806	0.26159862	5.4732323	0.3269901	0.71688163	0.8	752500	23490.512749910355
301	-33.72	-33.72	-26.5	0.71511465	0.27218813	5.8748517	0.27992094	0.7216055	0.7	755000	23568.244542360306
302	-39.34	-39.34	-17.9	0.72272056	0.2885083	5.5592737	0.27662796	0.7437793	0.8	757500	23645.973880529404
303	-33.16	-33.16	-27.9	0.7253058	0.29931715	4.692151	0.32632613	0.7396519	0.6	760000	23724.85023856163
304	-31.88	-31.88	-18.1	0.71051854	0.33653823	6.303171	0.3224648	0.7195584	0.8	762500	23802.468794345856
305	-35.68	-35.68	-25.8	0.7058343	0.3239581	5.819564	0.31804198	0.7165081	0.6	765000	23881.544419050217
306	-36.74	-36.74	-28.4	0.7015262	0.26797262	4.7912216	0.298759	0.71615255	0.6	767500	23961.28291773796
307	-36.22	-36.22	-24.7	0.72150123	0.3091028	4.624645	0.31786036	0.72953826	0.7	770000	24037.91700029373
308	-37.46	-37.46	-26.3	0.729387	0.33455685	6.7949557	0.32777387	0.74790776	0.7	772500	24116.008280038834
309	-37.02	-37.02	-11.400001	0.7115564	0.3154211	5.151418	0.29039645	0.719261	0.9	775000	24194.393805980682
310	-35.86	-35.86	-20.0	0.7037567	0.292118	5.5478296	0.32012042	0.72238386	0.9	777500	24274.196434020996
311	-34.74	-34.74	-25.2	0.68653816	0.33364907	9.546782	0.2989229	0.70903367	0.7	780000	24353.408814430237
312	-35.7	-35.7	-19.9	0.6899389	0.3009988	4.334254	0.30122226	0.694291	0.8	782500	24431.358382463455
313	-33.08	-33.08	-26.7	0.68990076	0.2544478	4.4684234	0.3275815	0.70522815	0.6	785000	24509.34189224243
314	-33.56	-33.56	-15.9	0.68932545	0.2793389	4.5137486	0.3075412	0.70623857	0.9	787500	24587.566358804703
315	-35.54	-35.54	-16.6	0.7116349	0.35108882	8.619545	0.28898257	0.73065066	0.8	790000	24666.117906570435
316	-35.5	-35.5	-16.1	0.682436	0.2484912	3.124092	0.32914907	0.69287354	0.9	792500	24743.126459360123
317	-33.9	-33.9	-10.599999	0.6913749	0.28859612	5.117387	0.309165	0.70775646	1.0	795000	24820.76114320755
318	-36.6	-36.6	-22.4	0.68674386	0.25682518	3.7288413	0.28387552	0.6959701	0.7	797500	24896.702501296997
319	-31.6	-31.6	-19.1	0.6667589	0.23921256	3.7604096	0.28895825	0.6864377	0.7	800000	24975.105394601822
320	-36.62	-36.62	-17.1	0.7014508	0.28593567	3.9039948	0.32638392	0.71748745	1.0	802500	25053.154953956604
321	-35.42	-35.42	-22.699999	0.702597	0.6243146	24.150375	0.2976516	0.71084046	0.9	805000	25131.00994372368
322	-39.1	-39.1	-11.400001	0.69153553	0.3234304	5.8298235	0.33554572	0.70552856	0.9	807500	25210.941182374954
323	-37.22	-37.22	-23.7	0.6817975	0.36553448	11.463882	0.33335635	0.69825584	0.7	810000	25288.38879084587
324	-33.76	-33.76	-19.5	0.70506144	0.54801786	18.082933	0.32549983	0.7128683	0.8	812500	25365.50048136711
325	-35.24	-35.24	-20.0	0.7074663	0.3783796	6.412971	0.30263832	0.7231021	0.8	815000	25443.312022924423
326	-35.06	-35.06	-20.1	0.6871847	0.32517484	6.3169703	0.3171273	0.698233	0.9	817500	25519.959960460663
327	-36.98	-36.98	-28.4	0.69781667	0.42588568	10.1434555	0.3241858	0.7175094	0.5	820000	25597.276306390762
328	-35.36	-35.36	-20.6	0.67343754	0.33020195	6.3005223	0.29764777	0.6854573	0.8	822500	25675.0806620121
329	-38.1	-38.1	-17.699999	0.6614289	0.27069667	3.9504664	0.23389485	0.67018116	0.8	825000	25753.194406032562
330	-35.88	-35.88	-24.4	0.6669506	0.27002513	3.4823573	0.2956676	0.6829792	0.7	827500	25832.83441376686
331	-37.54	-37.54	-15.5	0.6854169	0.2960086	4.282932	0.3345936	0.6938715	1.0	830000	25912.199004411697
332	-36.28	-36.28	-19.9	0.7162062	0.7512424	28.120747	0.3080269	0.73356926	0.7	832500	25991.17448949814
333	-37.84	-37.84	-22.9	0.70700616	0.5108073	17.173834	0.32924062	0.7180298	0.7	835000	26068.566405296326
334	-39.32	-39.32	-19.5	0.68233347	0.31588224	3.676714	0.32616955	0.6935608	0.8	837500	26149.163410186768
335	-33.0	-33.0	-14.4	0.664001	0.31322426	4.6231	0.31647807	0.6816345	0.8	840000	26227.04612326622
336	-32.28	-32.28	-23.9	0.6528721	0.2415847	4.1068416	0.29430947	0.6701486	0.6	842500	26304.99212050438
337	-34.64	-34.64	-18.0	0.6915726	0.3867737	10.344704	0.33898792	0.7033165	0.8	845000	26383.424208641052
338	-38.22	-38.22	-14.6	0.68187207	0.3173749	4.861065	0.2916953	0.6982554	0.9	847500	26460.607187747955
339	-35.54	-35.54	-17.0	0.66464263	0.36144596	10.044952	0.2775835	0.6690524	0.8	850000	26538.559866189957
340	-36.18	-36.18	-22.699999	0.6772527	0.33141628	7.5352883	0.27895278	0.6917606	0.7	852500	26614.699481248856
341	-32.98	-32.98	-13.9	0.6622544	0.29130113	6.9048076	0.30820563	0.6703235	1.0	855000	26692.488109588623
342	-37.04	-37.04	-19.6	0.70438296	0.5398276	15.437006	0.32250777	0.7157925	1.0	857500	26767.973421812057
343	-33.94	-33.94	-15.7	0.67408055	0.37962267	8.839695	0.30021322	0.6812882	0.9	860000	26843.67313694954
344	-34.38	-34.38	-18.9	0.6706897	0.32979807	6.42836	0.29195037	0.6866521	0.8	862500	26922.5500998497
345	-30.4	-30.4	-15.7	0.66531336	0.29046142	4.217919	0.27667195	0.68270934	1.0	865000	26998.74915766716
346	-32.08	-32.08	-15.9	0.67550457	0.36178985	6.8179584	0.33782142	0.67847705	0.9	867500	27074.926757097244
347	-36.28	-36.28	-19.300001	0.6543784	0.2646759	3.7398424	0.31666517	0.66750234	0.8	870000	27151.862162828445
348	-33.94	-33.94	-16.199999	0.6633186	0.31058103	7.6653485	0.29120603	0.66741335	1.0	872500	27229.749879837036
349	-34.14	-34.14	-23.0	0.6773783	0.35266927	9.346064	0.29820114	0.68831086	0.7	875000	27307.857335567474
350	-34.9	-34.9	-19.800001	0.71206594	0.49482974	13.256916	0.3096006	0.7135916	0.8	877500	27385.210223197937
351	-34.76	-34.76	-23.0	0.6588688	0.30172783	5.4860344	0.329816	0.67393655	0.6	880000	27463.990780591965
352	-36.58	-36.58	-19.1	0.71497244	0.40586373	6.4868565	0.3051777	0.717849	0.7	882500	27543.602198839188
353	-36.48	-36.48	-20.9	0.6779668	0.34646547	7.2086477	0.29123643	0.6885635	0.8	885000	27622.34031534195
354	-38.04	-38.04	-21.4	0.68287605	0.34396884	5.861002	0.31488222	0.6855148	0.8	887500	27699.426194667816
355	-34.96	-34.96	-19.4	0.6718707	0.348341	7.47299	0.29597074	0.68315804	0.8	890000	27778.474045276642
356	-33.3	-33.3	-12.3	0.70178276	0.48152414	11.682662	0.32143766	0.6926577	1.0	892500	27854.710304498672
357	-31.28	-31.28	-13.9	0.6589042	0.29078832	5.691987	0.30319837	0.66914415	0.9	895000	27933.684190273285
358	-34.9	-34.9	-13.3	0.65892714	0.3076835	6.2784204	0.2898419	0.6765147	1.0	897500	28013.99960589409
359	-36.7	-36.7	-15.7	0.684881	0.30369338	3.6937973	0.29752406	0.6830696	1.0	900000	28094.025935649872
360	-31.2	-31.2	-23.3	0.67710024	0.38714427	9.735366	0.28858614	0.6759117	0.7	902500	28170.624940872192
361	-35.2	-35.2	-22.9	0.6343633	0.27032286	4.2762895	0.28127092	0.6295783	0.8	905000	28247.769688129425
362	-33.68	-33.68	-15.6	0.6502724	0.35726896	7.249268	0.32000172	0.6580712	0.9	907500	28325.271243333817
363	-35.08	-35.08	-26.1	0.6437358	0.2861939	4.821266	0.2949406	0.65338194	0.6	910000	28401.82691192627
364	-33.02	-33.02	-15.4	0.6584823	0.3470874	5.277792	0.29077923	0.6567467	1.0	912500	28479.46505856514
365	-34.94	-34.94	-14.9	0.6714226	0.47696498	15.8087845	0.26487696	0.6684497	0.9	915000	28557.997393131256
366	-37.5	-37.5	-21.699999	0.67173696	0.3011959	4.011061	0.27934292	0.67997473	0.8	917500	28635.949068307877
367	-35.5	-35.5	-21.300001	0.65853405	0.3576165	7.718413	0.2994212	0.6596012	0.8	920000	28714.662504434586
368	-35.78	-35.78	-22.9	0.6660656	0.37895772	7.30971	0.29752398	0.66947436	0.8	922500	28791.81818985939
369	-31.66	-31.66	-21.199999	0.6223856	0.28473338	4.223767	0.2916041	0.6264192	0.8	925000	28871.915692329407
370	-37.62	-37.62	-16.199999	0.67551434	0.5294047	10.496266	0.31259307	0.6724217	0.9	927500	28948.311472415924
371	-33.04	-33.04	-21.6	0.67198914	0.43026042	8.647073	0.30182123	0.67289954	0.8	930000	29023.909153223038
372	-34.62	-34.62	-18.1	0.6758383	0.40471554	9.2327385	0.2971444	0.67546326	0.8	932500	29097.998909950256
373	-32.3	-32.3	-13.6	0.6641243	0.37405172	6.544513	0.31022066	0.67050827	1.0	935000	29173.8756711483
374	-37.1	-37.1	-17.4	0.66687167	0.46809345	14.291619	0.29722667	0.67042214	0.7	937500	29248.381350278854
375	-39.06	-39.06	-15.4	0.6532396	0.3596222	5.1471353	0.31023586	0.6473447	0.9	940000	29324.200799703598
376	-31.38	-31.38	-19.6	0.6364604	0.30883726	7.3292794	0.25862342	0.63379014	0.9	942500	29398.457223415375
377	-35.4	-35.4	-17.1	0.65098155	0.3317156	8.15568	0.2650034	0.660718	0.9	945000	29471.715188980103
378	-31.02	-31.02	-20.0	0.6640815	0.36204332	5.1995573	0.28154826	0.6475193	0.9	947500	29546.465939760208
379	-35.64	-35.64	-16.6	0.6515003	0.2994951	4.117639	0.29913014	0.6509184	0.9	950000	29620.766662597656
380	-32.04	-32.04	-20.9	0.67861825	0.5254207	10.823164	0.30139852	0.6717936	0.7	952500	29692.942366600037
381	-32.42	-32.42	-17.6	0.66226614	0.39059243	8.480035	0.2986342	0.6441648	0.8	955000	29765.233007907867
382	-33.06	-33.06	-18.5	0.64543927	0.37732112	9.364939	0.29696748	0.64066416	0.9	957500	29840.242947101593
383	-34.34	-34.34	-21.199999	0.62479234	0.3140514	6.366244	0.27808005	0.6150102	0.7	960000	29914.059238433838
384	-33.16	-33.16	-17.4	0.6447177	0.34460086	8.47647	0.30511484	0.6460269	0.7	962500	29987.96535038948
385	-32.96	-32.96	-25.0	0.6154575	0.4396842	15.767905	0.28518075	0.6140034	0.7	965000	30060.18367290497
386	-34.14	-34.14	-14.9	0.6535322	0.5135678	14.585015	0.29932925	0.6530672	0.9	967500	30132.942960739136
387	-36.44	-36.44	-21.800001	0.6254609	0.2983959	6.554829	0.30226684	0.62907666	0.7	970000	30205.262533187866
388	-34.62	-34.62	-10.900001	0.6323348	0.27226844	5.5403843	0.29282165	0.6281958	1.0	972500	30277.906670093536
389	-35.3	-35.3	-21.199999	0.6202639	0.28303587	4.287493	0.30414915	0.6153279	0.8	975000	30349.534883737564
390	-32.26	-32.26	-20.199999	0.61981285	0.2704901	3.6838272	0.2646124	0.62096757	0.8	977500	30420.38391304016
391	-36.72	-36.72	-15.6	0.64335805	0.41222292	13.891601	0.29940093	0.63979656	0.9	980000	30492.877422094345
392	-39.2	-39.2	-19.1	0.65432537	0.31619367	5.2882733	0.302594	0.64974254	1.0	982500	30564.232057332993
393	-32.22	-32.22	-16.5	0.630931	0.32776627	5.706826	0.29143667	0.6291801	1.0	985000	30635.701897859573
394	-35.6	-35.6	-18.699999	0.61282253	0.27412683	5.6794357	0.27885196	0.6115145	0.7	987500	30706.316853284836
395	-36.48	-36.48	-8.5	0.6591224	0.28043726	4.605919	0.31072637	0.65562576	1.0	990000	30777.57129764557
396	-35.92	-35.92	-15.2	0.6802211	0.36014277	9.426114	0.2884707	0.68224615	0.8	992500	30847.53494620323
397	-35.36	-35.36	-13.0	0.72181565	0.633586	24.379053	0.2717274	0.71102715	1.0	995000	30920.95037817955
398	-38.16	-38.16	-15.1	0.71505463	0.543157	16.010683	0.3322664	0.7064952	0.8	997500	30993.538674354553
399	-37.08	-37.08	-14.8	0.66444254	0.3776507	10.483706	0.29983836	0.6554087	1.0	1000000	31066.6810400486
400	-35.12	-35.12	-16.199999	0.6069456	0.20245266	2.4053323	0.31137997	0.60892946	0.9	1002500	31139.431922912598
401	-31.84	-31.84	-18.4	0.6496462	0.40549403	13.103068	0.30476907	0.6371353	0.8	1005000	31212.811288833618
402	-32.54	-32.54	-19.6	0.6601282	0.40694997	14.761058	0.31621274	0.68080056	0.9	1007500	31284.257339715958
403	-31.8	-31.8	-14.3	0.66426784	0.49197036	19.145123	0.2972203	0.655532	0.9	1010000	31353.054678201675
404	-34.52	-34.52	-18.300001	0.7022222	0.32335663	5.035395	0.32669625	0.6986723	0.7	1012500	31425.187331676483
405	-31.4	-31.4	-19.1	0.66911083	0.31962517	8.000099	0.25993913	0.6616531	0.8	1015000	31501.780608415604
406	-32.8	-32.8	-14.6	0.6638886	0.28189963	4.70557	0.30639115	0.6581435	0.9	1017500	31573.84498500824
407	-34.06	-34.06	-14.8	0.6913773	0.42684937	15.317215	0.3304421	0.67465246	1.0	1020000	31645.052965164185
408	-32.2	-32.2	-16.0	0.70416933	0.4511636	17.749449	0.29336566	0.6997766	0.8	1022500	31718.929149627686
409	-34.38	-34.38	-14.8	0.70371544	0.36134145	9.468684	0.34208292	0.7018154	0.9	1025000	31790.494175434113
410	-35.16	-35.16	-13.9	0.7135327	0.27702913	5.6374855	0.3514278	0.7184191	1.0	1027500	31863.552510023117
411	-30.48	-30.48	-16.0	0.6895165	0.254901	3.7474363	0.3441894	0.6925282	0.9	1030000	31931.377395391464
412	-34.38	-34.38	-12.9	0.68511724	0.33625758	8.659663	0.32552746	0.68789905	1.0	1032500	32000.796458244324
413	-35.76	-35.76	-18.1	0.67996645	0.387049	9.393831	0.31948903	0.6857551	0.9	1035000	32066.90492796898
414	-36.9	-36.9	-13.7	0.69523084	0.36912224	8.720662	0.30213448	0.70780325	0.9	1037500	32133.065032958984
415	-35.86	-35.86	-14.6	0.7013644	0.4609187	17.176058	0.3281955	0.6930359	0.9	1040000	32197.391437530518
416	-32.76	-32.76	-14.9	0.69542176	0.38930526	14.093991	0.36183846	0.69603086	1.0	1042500	32264.641585588455
417	-33.06	-33.06	-18.5	0.7069025	0.2732348	4.5826955	0.30113155	0.70833915	0.9	1045000	32333.7149810791
418	-31.7	-31.7	-16.9	0.6997499	0.29511455	6.209977	0.3582807	0.7046111	0.8	1047500	32402.73016190529
419	-32.36	-32.36	-16.6	0.71410674	0.30310163	5.6567197	0.3404985	0.7276533	0.8	1050000	32472.877998828888
420	-33.12	-33.12	-17.9	0.7042426	0.25647324	4.037228	0.33232364	0.702114	0.8	1052500	32538.89629983902
421	-37.1	-37.1	-16.199999	0.74298793	0.28189957	3.6017487	0.35867244	0.73299265	0.9	1055000	32608.25549006462
422	-31.46	-31.46	-14.4	0.7365211	0.26615262	5.1552973	0.35152793	0.7447195	0.9	1057500	32674.86495065689
423	-32.72	-32.72	-12.5	0.7071844	0.22406535	3.8638844	0.33984196	0.7145739	0.9	1060000	32737.41105079651
424	-31.82	-31.82	-14.2	0.75129795	0.37895915	10.646322	0.356428	0.7512595	0.9	1062500	32801.23380279541
425	-33.56	-33.56	-15.9	0.7367886	0.5318807	15.091524	0.3559451	0.73777074	0.9	1065000	32862.13135290146
426	-34.44	-34.44	-21.199999	0.7126505	0.26897517	4.9845743	0.34927475	0.7145676	0.7	1067500	32924.20922708511
427	-34.8	-34.8	-16.300001	0.7231825	0.26269606	4.744149	0.36204726	0.72437143	0.9	1070000	32986.984238386154
428	-32.0	-32.0	-14.7	0.73788095	0.26154676	6.3505383	0.33519274	0.7404346	0.9	1072500	33051.16194844246
429	-35.88	-35.88	-14.6	0.7296293	0.2790009	7.2186575	0.36959684	0.73398364	1.0	1075000	33114.1802315712
430	-36.26	-36.26	-17.800001	0.748113	0.22667499	2.8702545	0.3597274	0.7544249	0.9	1077500	33175.18331837654
431	-33.34	-33.34	-28.7	0.7632634	0.3302273	11.478924	0.387725	0.770372	0.7	1080000	33240.68454837799
432	-36.88	-36.88	-11.599999	0.7602834	0.36186016	9.768219	0.33044213	0.7516014	1.0	1082500	33302.41955733299
433	-32.32	-32.32	-20.9	0.78708935	0.38303882	9.964706	0.39288646	0.7922166	0.7	1085000	33361.84138274193
434	-34.0	-34.0	-12.8	0.7914122	0.24543193	4.140568	0.35120612	0.7907256	1.0	1087500	33420.040840387344
435	-34.04	-34.04	-15.2	0.79557145	0.36620674	10.51541	0.3926145	0.7955546	0.9	1090000	33480.62545323372
436	-35.08	-35.08	-13.4	0.7513537	0.3005026	8.378488	0.36729795	0.755866	0.9	1092500	33543.066947460175
437	-32.0	-32.0	-14.9	0.77419806	0.3163857	7.5040913	0.37344694	0.7702047	1.0	1095000	33606.25467443466
438	-31.72	-31.72	-12.1	0.75180185	0.29917654	8.1282625	0.34517884	0.750404	1.0	1097500	33666.4812541008
439	-31.22	-31.22	-20.1	0.70623606	0.21853022	2.8178928	0.35302386	0.7106647	0.7	1100000	33729.1950571537
440	-32.12	-32.12	-15.1	0.7124436	0.38535002	13.3959055	0.2765491	0.7130512	0.9	1102500	33789.247220277786
441	-36.68	-36.68	-18.1	0.7197279	0.36835697	12.260443	0.33993417	0.71491677	0.9	1105000	33850.855221033096
442	-36.26	-36.26	-13.9	0.723005	0.3679046	10.221339	0.34277648	0.71987283	1.0	1107500	33911.56537389755
443	-33.22	-33.22	-14.1	0.70302624	0.27102634	6.785454	0.30045253	0.69975233	1.0	1110000	33973.66750264168
444	-31.68	-31.68	-11.5	0.7030018	0.24929927	3.7082586	0.29784966	0.70532835	1.0	1112500	34035.09765815735
445	-33.98	-33.98	-11.400001	0.7105063	0.28612036	5.7780495	0.32598874	0.7014637	1.0	1115000	34098.08565449715
446	-35.98	-35.98	-19.9	0.68393433	0.2396047	5.254569	0.35376444	0.6868807	0.8	1117500	34162.74815773964
447	-34.68	-34.68	-16.199999	0.7214278	0.28154778	6.537075	0.36108646	0.7109742	0.7	1120000	34223.06851267815
448	-33.24	-33.24	-20.5	0.6932815	0.25909892	5.664361	0.3154112	0.6822295	0.7	1122500	34284.97733044624
449	-29.92	-29.92	-15.0	0.72241026	0.28727543	5.7264752	0.34571177	0.71847254	0.9	1125000	34347.38347196579
450	-29.0	-29.0	-15.3	0.7452834	0.29245338	7.7505755	0.34241638	0.74756	1.0	1127500	34409.39420294762
451	-35.14	-35.14	-17.9	0.71543705	0.28877547	5.6778975	0.31670752	0.70922667	0.9	1130000	34472.51771450043
452	-35.8	-35.8	-12.3	0.7457021	0.35176945	7.744778	0.34735575	0.7436656	0.9	1132500	34532.33651137352
453	-36.08	-36.08	-13.7	0.7716119	0.41156638	9.390403	0.33971518	0.7686925	1.0	1135000	34593.75784254074
454	-31.78	-31.78	-15.5	0.7509942	0.38263312	8.827803	0.34463635	0.7388235	1.0	1137500	34657.827647686005
455	-35.62	-35.62	-19.199999	0.769174	0.35694247	6.323374	0.33652288	0.7537901	0.8	1140000	34717.607798576355
456	-30.04	-30.04	-22.5	0.77096677	0.4075216	8.92442	0.36397105	0.7611383	0.8	1142500	34777.03943300247
457	-34.46	-34.46	-15.2	0.7754057	0.34519958	5.866531	0.39217943	0.76653516	0.9	1145000	34838.38956332207
458	-34.06	-34.06	-21.4	0.7784682	0.3847837	7.9893823	0.37877542	0.7674559	0.8	1147500	34895.883694410324
459	-35.32	-35.32	-13.8	0.7637085	0.35921717	6.3360157	0.33689132	0.7559416	1.0	1150000	34957.09162592888
460	-33.24	-33.24	-12.9	0.7673593	0.33358428	9.028815	0.36054057	0.7523572	1.0	1152500	35020.23457407951
461	-33.56	-33.56	-17.199999	0.7557898	0.3615728	10.051619	0.31848842	0.74386275	0.9	1155000	35082.722519636154
462	-33.36	-33.36	-16.0	0.7534481	0.3466539	7.342141	0.3335314	0.7412152	1.0	1157500	35142.87791800499
463	-32.86	-32.86	-19.9	0.74338466	0.30790916	7.4841194	0.32649022	0.73604417	0.7	1160000	35204.10353064537
464	-35.36	-35.36	-14.0	0.7540218	0.34238315	7.4189296	0.32701805	0.74141043	1.0	1162500	35266.01019144058
465	-32.74	-32.74	-17.9	0.7366934	0.37178633	9.381012	0.33844042	0.7279283	1.0	1165000	35327.10272359848
466	-29.84	-29.84	-13.2	0.7054039	0.23957665	3.0930734	0.34544572	0.6983869	1.0	1167500	35388.547885894775
467	-32.84	-32.84	-17.1	0.7171549	0.25293547	4.5101957	0.32141048	0.70128787	0.8	1170000	35449.07807517052
468	-34.44	-34.44	-12.4	0.72958785	0.2904904	4.4792433	0.3056045	0.7281313	1.0	1172500	35509.145373106
469	-35.7	-35.7	-14.6	0.73499024	0.354361	9.305555	0.32846344	0.72802633	1.0	1175000	35573.46334576607
470	-34.64	-34.64	-16.0	0.738935	0.33512953	6.761895	0.3582022	0.7250167	0.9	1177500	35635.5025472641
471	-33.48	-33.48	-14.3	0.74136853	0.39807767	8.794718	0.3785672	0.7296011	1.0	1180000	35697.565529584885
472	-38.02	-38.02	-11.2	0.74428993	0.31325078	7.6411176	0.31373852	0.7262099	1.0	1182500	35756.6186234951
473	-30.72	-30.72	-14.0	0.7161343	0.264149	5.633341	0.3416683	0.70801806	1.0	1185000	35815.4260866642
474	-31.66	-31.66	-14.1	0.7311729	0.28787896	5.361964	0.36649078	0.7141337	1.0	1187500	35881.110448122025
475	-30.64	-30.64	-10.900001	0.7322919	0.27399415	3.972219	0.32248104	0.7171633	0.9	1190000	35946.00616955757
476	-37.36	-37.36	-11.8	0.7370907	0.2738886	7.536865	0.33784539	0.72803956	1.0	1192500	36000.155055999756
477	-35.7	-35.7	-17.0	0.72646177	0.28771138	6.8212233	0.372152	0.70760703	1.0	1195000	36050.23829174042
478	-32.52	-32.52	-13.8	0.72454137	0.24510446	4.3578997	0.35412914	0.7082601	1.0	1197500	36100.05953621864
479	-33.36	-33.36	-11.9	0.73952895	0.3471353	9.000155	0.3105694	0.7229211	1.0	1200000	36149.335070848465
480	-29.84	-29.84	-17.4	0.75562465	0.3548954	7.763169	0.35775697	0.738631	0.9	1202500	36198.392905950546
481	-35.28	-35.28	-14.8	0.7641037	0.39905155	8.224585	0.3555495	0.75290185	0.8	1205000	36246.950833797455
482	-31.88	-31.88	-13.1	0.77297676	0.34851292	7.8472776	0.36506766	0.75747937	1.0	1207500	36295.18102502823
483	-31.0	-31.0	-11.599999	0.7918185	0.3437064	4.93679	0.37250155	0.76912355	1.0	1210000	36343.540155887604
484	-31.78	-31.78	-14.5	0.78014344	0.42628253	9.512141	0.3331738	0.7637896	1.0	1212500	36388.82826471329
485	-33.3	-33.3	-14.3	0.7785231	0.536561	15.825939	0.3917206	0.76960605	0.8	1215000	36434.0431432724
486	-33.7	-33.7	-11.3	0.77216756	0.43412095	11.380872	0.3590672	0.7466731	1.0	1217500	36479.03330421448
487	-33.58	-33.58	-12.0	0.75956744	0.32558134	7.7840776	0.3514612	0.734351	1.0	1220000	36522.906517505646
488	-33.08	-33.08	-17.0	0.74385965	0.36514094	7.8099422	0.33110395	0.73027134	0.9	1222500	36567.11478972435
489	-33.14	-33.14	-17.1	0.742186	0.39351147	10.345784	0.32634002	0.7225516	1.0	1225000	36609.71093964577
490	-32.1	-32.1	-19.4	0.7667864	0.39394957	6.675703	0.32436448	0.74362636	0.9	1227500	36650.599435806274
491	-32.72	-32.72	-14.3	0.77406216	0.34470248	5.3308764	0.32924634	0.7534304	1.0	1230000	36690.62513136864
492	-32.42	-32.42	-11.0	0.7302144	0.27335438	5.476556	0.35270756	0.7068033	1.0	1232500	36731.31961274147
493	-37.7	-37.7	-12.0	0.77142364	0.43428472	9.215432	0.36274827	0.75074977	1.0	1235000	36772.62850236893
494	-30.24	-30.24	-13.1	0.7485994	0.34863895	7.821525	0.35782403	0.7299163	1.0	1237500	36813.148089408875
495	-31.28	-31.28	-18.5	0.8117159	0.47514984	9.716804	0.3354456	0.78822386	0.9	1240000	36853.64527821541
496	-31.76	-31.76	-13.8	0.7962112	0.3768732	8.22123	0.32882148	0.7705205	0.9	1242500	36894.21270990372
497	-31.9	-31.9	-15.4	0.75144005	0.31184694	8.173164	0.37118524	0.7335889	0.9	1245000	36934.01498365402
498	-31.22	-31.22	-13.2	0.75488055	0.442038	9.743699	0.32361433	0.7454777	1.0	1247500	36974.3694589138
499	-33.3	-33.3	-12.5	0.75273824	0.35327283	5.99458	0.35710356	0.73936045	0.9	1250000	37014.64449381828
