Epoch	EpRet	EpRealRet	TestEpRet	AverageQ1	StdQ1	MaxQ1	MinQ1	Q2	TestSuccess	TotalEnvInteracts	TotalTime
0	-48.0	-48.0	-50.0	-1.5324433	3.0880828	1.0609949	-25.565546	nan	0.0	2500	47.96830725669861
1	-49.0	-49.0	-45.0	-3.5029795	7.3911276	1.0509498	-45.857887	nan	0.1	5000	112.02110886573792
2	-48.0	-48.0	-50.0	-4.5278463	9.642076	1.0318475	-42.874428	nan	0.0	7500	175.42034482955933
3	-47.84	-47.84	-50.0	-5.3374696	11.290016	2.283533	-53.98912	nan	0.0	10000	237.46331095695496
4	-46.0	-46.0	-45.0	-5.9497123	12.543862	1.7875286	-54.00247	nan	0.1	12500	299.45056533813477
5	-50.0	-50.0	-45.0	-6.342472	13.380973	2.0226095	-82.50748	nan	0.1	15000	361.89974880218506
6	-48.98	-48.98	-50.0	-6.0975776	13.030475	2.2475166	-60.86077	nan	0.0	17500	424.93908047676086
7	-49.0	-49.0	-50.0	-5.2463183	11.4676075	2.5547454	-73.82288	nan	0.0	20000	485.3132610321045
8	-48.0	-48.0	-50.0	-5.048629	10.939202	2.152319	-55.80599	nan	0.0	22500	544.577311038971
9	-50.0	-50.0	-45.0	-5.0063415	10.769364	2.6082547	-62.930058	nan	0.1	25000	606.0449390411377
10	-47.0	-47.0	-50.0	-5.427752	11.473223	2.4203541	-54.219547	nan	0.0	27500	667.0344698429108
11	-45.1	-45.1	-50.0	-5.861483	12.435498	4.012982	-57.016624	nan	0.0	30000	727.9572703838348
12	-47.0	-47.0	-50.0	-6.3179984	13.368722	4.369934	-57.98333	nan	0.0	32500	788.9491672515869
13	-48.7	-48.7	-50.0	-6.52475	13.848615	3.352217	-56.004227	nan	0.0	35000	850.0154087543488
14	-48.9	-48.9	-45.0	-6.6417785	14.141788	3.120703	-69.20464	nan	0.1	37500	911.0198686122894
15	-47.0	-47.0	-50.0	-6.568801	14.072001	5.490509	-57.89324	nan	0.0	40000	971.6875510215759
16	-48.0	-48.0	-45.0	-6.6338353	14.145295	3.2599218	-57.69862	nan	0.1	42500	1032.2991588115692
17	-48.34	-48.34	-40.0	-6.596033	14.078488	2.7533417	-56.04052	nan	0.2	45000	1092.889083623886
18	-48.94	-48.94	-50.0	-6.6149106	14.080353	4.4088883	-56.52762	nan	0.0	47500	1154.37961935997
19	-47.94	-47.94	-50.0	-6.4468575	13.765926	5.0538325	-68.76251	nan	0.0	50000	1215.5940997600555
20	-49.0	-49.0	-50.0	-6.551137	13.914717	3.145996	-56.76267	nan	0.0	52500	1276.5342843532562
21	-50.0	-50.0	-50.0	-6.5557857	13.853306	4.7244754	-60.854507	nan	0.0	55000	1337.7599856853485
22	-49.0	-49.0	-40.0	-6.4935484	13.717363	8.028803	-55.928272	nan	0.2	57500	1398.885201215744
23	-47.32	-47.32	-50.0	-6.461916	13.668249	2.7417982	-56.7515	nan	0.0	60000	1459.0995004177094
24	-49.96	-49.96	-50.0	-6.5990725	13.945183	2.4766183	-58.772614	nan	0.0	62500	1520.2939491271973
25	-49.74	-49.74	-50.0	-6.721139	14.191982	2.481709	-59.470833	nan	0.0	65000	1580.7285113334656
26	-49.0	-49.0	-45.0	-6.8811693	14.43388	4.6523	-59.43364	nan	0.1	67500	1640.1576976776123
27	-48.0	-48.0	-44.399998	-6.750342	14.21077	3.1276355	-57.91424	nan	0.1	70000	1700.6713173389435
28	-48.0	-48.0	-45.0	-6.524081	13.769034	4.7684846	-54.673325	nan	0.1	72500	1762.4350945949554
29	-49.0	-49.0	-50.0	-6.375466	13.564401	4.031727	-54.507538	nan	0.0	75000	1822.2417485713959
30	-48.9	-48.9	-50.0	-6.4838614	13.738006	6.2699947	-57.2594	nan	0.0	77500	1881.4715704917908
31	-48.26	-48.26	-50.0	-6.5656986	13.903905	4.4480886	-58.245403	nan	0.0	80000	1941.5234627723694
32	-47.62	-47.62	-45.0	-6.481775	13.721342	5.343687	-55.331173	nan	0.1	82500	2002.3219909667969
33	-47.26	-47.26	-50.0	-6.2437396	13.186925	5.743333	-57.84468	nan	0.0	85000	2063.957897424698
34	-48.0	-48.0	-45.0	-6.1066628	12.929594	3.7189946	-56.939545	nan	0.1	87500	2124.8623473644257
35	-48.0	-48.0	-50.0	-6.0829234	12.806721	4.852969	-55.73697	nan	0.0	90000	2185.8324790000916
36	-50.0	-50.0	-50.0	-6.121473	12.84358	4.461893	-57.07833	nan	0.0	92500	2245.8603847026825
37	-42.76	-42.76	-45.0	-6.0525703	12.798296	3.6328104	-55.56331	nan	0.1	95000	2306.554044008255
38	-44.0	-44.0	-50.0	-5.917403	12.689128	3.7452748	-60.77209	nan	0.0	97500	2366.567970275879
39	-48.0	-48.0	-45.0	-6.0219593	12.881055	4.999667	-57.82458	nan	0.1	100000	2426.391539335251
40	-46.0	-46.0	-50.0	-6.126619	13.077301	2.9591827	-54.58451	nan	0.0	102500	2487.480150938034
41	-49.0	-49.0	-50.0	-6.222307	13.221915	5.6930504	-57.743515	nan	0.0	105000	2547.7619667053223
42	-47.14	-47.14	-50.0	-6.241539	13.257215	6.13626	-55.583538	nan	0.0	107500	2608.1672625541687
43	-45.18	-45.18	-45.0	-6.3986926	13.609929	4.72789	-56.083797	nan	0.1	110000	2669.7867336273193
44	-47.96	-47.96	-45.0	-6.5415835	13.795604	2.9450054	-53.557316	nan	0.1	112500	2730.5657324790955
45	-49.0	-49.0	-45.0	-6.3899455	13.493896	3.6873047	-54.120564	nan	0.1	115000	2791.0113327503204
46	-48.96	-48.96	-50.0	-6.338571	13.3706255	3.83071	-57.473644	nan	0.0	117500	2852.0660123825073
47	-48.26	-48.26	-46.3	-6.193973	13.076321	2.8391645	-54.810257	nan	0.1	120000	2912.6077978610992
48	-46.26	-46.26	-45.0	-6.152736	12.98763	7.9806137	-55.937332	nan	0.1	122500	2973.3493247032166
49	-48.0	-48.0	-50.0	-6.2220063	13.02024	2.9575462	-58.102448	nan	0.0	125000	3034.542881965637
50	-48.76	-48.76	-46.7	-6.1297517	12.851381	4.6432295	-58.006527	nan	0.1	127500	3095.86941242218
51	-50.0	-50.0	-45.0	-5.953594	12.6207285	5.4943953	-55.964935	nan	0.1	130000	3155.5411434173584
52	-48.88	-48.88	-50.0	-6.080746	12.874457	4.0973463	-55.404663	nan	0.0	132500	3215.455790281296
53	-45.6	-45.6	-45.0	-6.271038	13.254949	11.037327	-56.22717	nan	0.1	135000	3275.3162829875946
54	-47.74	-47.74	-50.0	-6.2784543	13.261251	4.858574	-58.076416	nan	0.0	137500	3334.0565593242645
55	-47.72	-47.72	-45.0	-6.182165	13.018038	6.009301	-55.329163	nan	0.1	140000	3393.049899816513
56	-48.64	-48.64	-40.0	-5.7622046	12.174216	5.213765	-57.5817	nan	0.2	142500	3452.289881706238
57	-45.16	-45.16	-45.0	-5.716731	11.993719	3.2319992	-55.030396	nan	0.1	145000	3511.299688577652
58	-46.86	-46.86	-43.0	-5.906536	12.271985	5.3726935	-52.929382	nan	0.2	147500	3571.10497713089
59	-49.24	-49.24	-50.0	-6.1094646	12.703478	5.7932644	-56.1184	nan	0.0	150000	3630.7818830013275
60	-47.12	-47.12	-50.0	-6.241618	13.075678	3.5537934	-54.88226	nan	0.0	152500	3691.199913263321
61	-47.96	-47.96	-45.0	-6.29925	13.21373	8.707181	-70.62439	nan	0.1	155000	3751.9419362545013
62	-48.16	-48.16	-45.0	-6.16443	13.01703	5.856868	-58.555202	nan	0.1	157500	3810.7083008289337
63	-47.46	-47.46	-50.0	-5.6502914	11.979134	4.4463816	-56.846886	nan	0.0	160000	3870.471383333206
64	-48.04	-48.04	-50.0	-5.247268	11.041725	3.4285476	-56.687748	nan	0.0	162500	3929.5807645320892
65	-46.12	-46.12	-45.0	-5.4658465	11.40874	4.268037	-54.36281	nan	0.1	165000	3989.806570291519
66	-48.94	-48.94	-50.0	-5.6809382	11.888282	6.1988873	-53.943947	nan	0.0	167500	4051.4000313282013
67	-47.86	-47.86	-44.8	-5.7471747	12.095344	4.36355	-55.368267	nan	0.1	170000	4111.82576751709
68	-48.42	-48.42	-50.0	-5.651563	11.956071	6.899136	-60.68324	nan	0.0	172500	4172.749127864838
69	-49.52	-49.52	-50.0	-5.496981	11.708198	8.889645	-52.92035	nan	0.0	175000	4233.446171045303
70	-49.1	-49.1	-50.0	-5.6488338	11.966125	3.726912	-54.684605	nan	0.0	177500	4293.629215955734
71	-47.76	-47.76	-45.0	-5.66884	12.054797	12.528946	-55.673313	nan	0.1	180000	4354.852185964584
72	-46.24	-46.24	-50.0	-5.756983	12.254102	4.4648957	-54.176365	nan	0.0	182500	4415.997361898422
73	-49.0	-49.0	-50.0	-5.8790402	12.4386	3.9613748	-56.404827	nan	0.0	185000	4475.501637458801
74	-48.0	-48.0	-47.2	-5.870269	12.324825	5.236501	-59.926903	nan	0.1	187500	4534.776874065399
75	-45.2	-45.2	-45.0	-5.7258224	11.993863	4.629489	-54.64096	nan	0.1	190000	4595.608725070953
76	-49.94	-49.94	-46.8	-5.507548	11.615429	5.2766366	-56.894253	nan	0.1	192500	4656.255238056183
77	-49.26	-49.26	-50.0	-5.4474926	11.46042	7.497205	-59.13322	nan	0.0	195000	4716.283322095871
78	-45.94	-45.94	-45.0	-5.329489	11.240353	5.141571	-55.43302	nan	0.1	197500	4775.959887266159
79	-46.92	-46.92	-49.8	-5.2849007	11.145797	4.68003	-56.866245	nan	0.0	200000	4836.13371181488
80	-47.8	-47.8	-39.100002	-5.38864	11.287209	7.124831	-55.225647	nan	0.3	202500	4896.822062015533
81	-47.72	-47.72	-49.9	-5.4485545	11.418522	5.042446	-57.142666	nan	0.0	205000	4958.138209104538
82	-48.36	-48.36	-44.8	-5.0241733	10.5748	6.114961	-56.156273	nan	0.2	207500	5017.559110164642
83	-48.04	-48.04	-45.0	-4.474448	9.160472	5.2610555	-55.069668	nan	0.1	210000	5077.191399097443
84	-46.36	-46.36	-50.0	-4.6095023	9.342686	2.778483	-61.6614	nan	0.0	212500	5137.062015295029
85	-45.86	-45.86	-41.399998	-4.894106	9.97007	2.477601	-54.782715	nan	0.2	215000	5196.124780893326
86	-46.28	-46.28	-42.399998	-5.169028	10.54166	2.4250207	-56.69671	nan	0.2	217500	5255.503817081451
87	-44.64	-44.64	-50.0	-5.297858	10.893569	7.0557675	-57.794914	nan	0.0	220000	5316.173975467682
88	-46.0	-46.0	-44.8	-5.3242455	11.050264	7.1831865	-55.960663	nan	0.2	222500	5375.880004167557
89	-46.74	-46.74	-45.0	-5.2973604	10.997039	2.025804	-55.203987	nan	0.1	225000	5435.27962064743
90	-45.46	-45.46	-44.2	-5.372043	11.200102	4.2476974	-59.29166	nan	0.2	227500	5493.8737325668335
91	-46.02	-46.02	-33.100002	-5.343606	11.167624	1.9581003	-56.81008	nan	0.4	230000	5553.235266208649
92	-45.8	-45.8	-47.9	-5.28229	11.04459	1.3757954	-54.606197	nan	0.1	232500	5612.409238100052
93	-45.4	-45.4	-40.899998	-5.295013	11.092758	1.7732916	-54.10934	nan	0.2	235000	5672.048724412918
94	-46.44	-46.44	-45.600002	-5.3905296	11.274672	2.4957142	-59.505432	nan	0.1	237500	5730.865839958191
95	-45.62	-45.62	-37.0	-5.4716864	11.480627	2.0264225	-56.792683	nan	0.3	240000	5790.84667301178
96	-46.5	-46.5	-45.0	-5.5009475	11.584311	1.6261129	-56.488472	nan	0.1	242500	5850.07647562027
97	-46.92	-46.92	-50.0	-5.5991373	11.793456	3.1332326	-56.26942	nan	0.0	245000	5909.176938056946
98	-46.78	-46.78	-41.3	-5.543404	11.732733	2.2740479	-55.77337	nan	0.2	247500	5968.449489355087
99	-47.28	-47.28	-42.100002	-5.4930835	11.61742	2.355167	-58.6448	nan	0.2	250000	6027.8162388801575
100	-46.38	-46.38	-46.3	-5.3520555	11.339657	2.2504606	-54.6122	nan	0.1	252500	6086.556509017944
101	-46.08	-46.08	-46.3	-5.1661644	10.761209	2.402491	-58.646454	nan	0.1	255000	6145.626046419144
102	-45.44	-45.44	-35.8	-4.880475	9.91835	2.429596	-55.705593	nan	0.4	257500	6205.059442043304
103	-46.36	-46.36	-50.0	-4.706563	9.428901	2.4536905	-55.873325	nan	0.0	260000	6264.661571979523
104	-46.18	-46.18	-33.3	-4.7770734	9.603822	3.3371816	-56.771835	nan	0.5	262500	6324.860188484192
105	-46.24	-46.24	-46.8	-4.8709574	9.824265	2.7417188	-55.611107	nan	0.1	265000	6383.908168315887
106	-46.26	-46.26	-42.7	-4.9678454	10.082095	4.3294992	-53.564507	nan	0.2	267500	6443.6605088710785
107	-46.24	-46.24	-42.3	-5.150466	10.515044	3.6527796	-58.019234	nan	0.2	270000	6504.290687799454
108	-47.18	-47.18	-45.0	-5.2753606	10.907427	3.4953356	-54.95438	nan	0.1	272500	6564.279338359833
109	-42.44	-42.44	-45.7	-5.313489	11.076377	3.378378	-52.701077	nan	0.1	275000	6623.541752338409
110	-43.72	-43.72	-46.399998	-5.3646317	11.185732	4.948941	-53.91983	nan	0.1	277500	6682.743038892746
111	-47.38	-47.38	-41.399998	-5.259896	10.933665	5.389862	-53.629444	nan	0.2	280000	6742.3861339092255
112	-43.68	-43.68	-45.3	-4.905408	10.0758705	8.79969	-52.510307	nan	0.1	282500	6802.166818618774
113	-42.78	-42.78	-44.600002	-4.7383437	9.569756	7.019822	-54.293568	nan	0.1	285000	6862.25759935379
114	-48.46	-48.46	-44.7	-4.5841103	9.149062	4.811348	-53.340366	nan	0.1	287500	6923.729814052582
115	-46.64	-46.64	-47.1	-4.49726	8.864714	8.441856	-54.621643	nan	0.1	290000	6984.843023300171
116	-42.16	-42.16	-37.899998	-4.40116	8.488706	3.8076525	-54.730118	nan	0.3	292500	7045.722686052322
117	-48.06	-48.06	-45.8	-4.4773426	8.660574	6.3287354	-57.00044	nan	0.1	295000	7106.995918273926
118	-47.3	-47.3	-39.2	-4.5767384	8.928443	6.236868	-52.619843	nan	0.3	297500	7167.073187828064
119	-40.32	-40.32	-41.7	-4.5507317	8.925396	8.733761	-55.93798	nan	0.2	300000	7228.2549114227295
120	-44.96	-44.96	-36.5	-4.613956	9.052943	7.197563	-59.671577	nan	0.3	302500	7287.83350610733
121	-45.7	-45.7	-41.2	-4.5821214	8.95473	5.4578037	-57.935963	nan	0.2	305000	7349.623715162277
122	-42.56	-42.56	-40.0	-4.6191173	9.046968	2.7179089	-54.739017	nan	0.2	307500	7410.177487611771
123	-45.74	-45.74	-32.100002	-4.5808234	8.924758	3.236331	-56.28046	nan	0.5	310000	7470.26802444458
124	-43.46	-43.46	-38.3	-4.6037583	8.921786	3.984271	-54.313847	nan	0.3	312500	7530.481734275818
125	-46.24	-46.24	-46.3	-4.5852833	8.942706	3.3251467	-54.057922	nan	0.1	315000	7589.74375128746
126	-43.32	-43.32	-43.399998	-4.46777	8.809538	3.070898	-53.381756	nan	0.2	317500	7649.336554050446
127	-45.16	-45.16	-46.7	-4.563585	8.901159	4.8091974	-52.996788	nan	0.2	320000	7707.2942996025085
128	-42.14	-42.14	-49.8	-4.718626	9.282543	5.1268463	-57.34239	nan	0.0	322500	7767.238204956055
129	-42.6	-42.6	-36.399998	-4.7856083	9.527726	6.230317	-60.794655	nan	0.4	325000	7827.955766201019
130	-44.96	-44.96	-39.600002	-4.830198	9.572382	5.4639206	-60.008926	nan	0.4	327500	7888.043016910553
131	-43.12	-43.12	-39.399998	-4.754686	9.41311	4.3309603	-56.231747	nan	0.3	330000	7948.008912086487
132	-45.72	-45.72	-34.899998	-4.719498	9.28685	5.3407106	-54.184456	nan	0.4	332500	8009.162969827652
133	-45.14	-45.14	-37.899998	-4.5509953	8.837935	3.3860416	-55.229607	nan	0.3	335000	8068.6610317230225
134	-43.54	-43.54	-29.2	-4.551982	8.76269	4.040386	-62.53031	nan	0.6	337500	8129.776428937912
135	-42.84	-42.84	-42.8	-4.481484	8.625956	4.4040756	-59.065125	nan	0.2	340000	8190.787926912308
136	-43.58	-43.58	-41.899998	-4.3763547	8.333615	4.7206373	-51.978218	nan	0.2	342500	8251.832158565521
137	-39.24	-39.24	-41.2	-4.4725275	8.446985	4.199545	-52.897266	nan	0.3	345000	8312.706574440002
138	-44.42	-44.42	-29.2	-4.534826	8.6343975	3.6968489	-60.206306	nan	0.5	347500	8372.837676763535
139	-42.86	-42.86	-28.8	-4.5246334	8.600173	4.1552095	-55.26942	nan	0.6	350000	8433.718132734299
140	-44.54	-44.54	-42.7	-4.552945	8.501089	3.0800705	-54.256992	nan	0.3	352500	8494.856766462326
141	-42.84	-42.84	-38.399998	-4.585089	8.559757	4.4272833	-52.785492	nan	0.4	355000	8555.00838136673
142	-43.14	-43.14	-39.5	-4.666052	8.712056	2.7078238	-60.179493	nan	0.2	357500	8615.183087825775
143	-42.26	-42.26	-38.100002	-4.7635236	8.892048	4.7016973	-61.11953	nan	0.3	360000	8676.627783298492
144	-40.62	-40.62	-37.7	-4.7144737	8.807421	3.250764	-56.650055	nan	0.4	362500	8737.65952372551
145	-39.98	-39.98	-37.7	-4.678977	8.743735	2.8626318	-54.910954	nan	0.3	365000	8798.123927354813
146	-40.52	-40.52	-42.7	-4.6511126	8.681336	4.4052515	-61.53778	nan	0.2	367500	8859.03983592987
147	-43.72	-43.72	-46.7	-4.513694	8.369439	5.291888	-54.021175	nan	0.1	370000	8919.573303699493
148	-42.02	-42.02	-42.0	-4.125379	7.358879	5.544367	-54.2108	nan	0.2	372500	8979.823912382126
149	-40.12	-40.12	-34.3	-4.1414533	7.1494455	3.2194462	-58.47659	nan	0.4	375000	9039.199643611908
150	-41.74	-41.74	-41.2	-4.2867675	7.548158	7.912835	-54.331326	nan	0.2	377500	9098.86005783081
151	-42.72	-42.72	-43.2	-4.4392905	7.9861116	3.9249353	-53.79187	nan	0.2	380000	9157.607228279114
152	-40.46	-40.46	-40.0	-4.442413	7.981617	4.8085337	-61.722385	nan	0.2	382500	9217.070135354996
153	-42.54	-42.54	-41.600002	-4.4160357	7.939158	3.7792826	-54.901093	nan	0.3	385000	9276.090465068817
154	-44.98	-44.98	-38.3	-4.507944	8.168256	5.6684103	-53.975674	nan	0.3	387500	9335.968032836914
155	-41.28	-41.28	-39.5	-4.6738567	8.60831	4.349086	-53.89385	nan	0.2	390000	9395.069165468216
156	-43.08	-43.08	-30.1	-4.672938	8.637716	7.6385384	-53.28247	nan	0.5	392500	9454.289358615875
157	-41.08	-41.08	-34.7	-4.5313783	8.209242	3.6860552	-55.861835	nan	0.4	395000	9512.671851158142
158	-44.56	-44.56	-30.1	-4.4622827	8.06314	5.037694	-51.262375	nan	0.6	397500	9571.684513568878
159	-42.36	-42.36	-34.2	-4.460628	8.033044	2.9595928	-52.6744	nan	0.4	400000	9630.707966804504
160	-38.64	-38.64	-33.600002	-4.5539694	8.238938	4.802123	-56.0551	nan	0.4	402500	9690.734670639038
161	-41.5	-41.5	-38.0	-4.4466634	7.9631987	4.76153	-60.68422	nan	0.3	405000	9750.814193725586
162	-40.06	-40.06	-39.7	-4.2609615	7.4478617	2.8062487	-56.082497	nan	0.3	407500	9810.855570554733
163	-40.3	-40.3	-41.0	-4.2029233	7.292012	3.3366795	-57.5108	nan	0.2	410000	9870.924318552017
164	-39.62	-39.62	-36.0	-4.2550364	7.4218116	4.5328703	-64.9412	nan	0.4	412500	9929.729052782059
165	-43.5	-43.5	-17.1	-4.3484683	7.6425037	2.313013	-60.977474	nan	0.8	415000	9988.617362737656
166	-41.28	-41.28	-35.0	-4.4980063	8.060459	2.5949574	-56.206676	nan	0.4	417500	10046.990798950195
167	-37.06	-37.06	-34.8	-4.510804	8.1418085	4.3378916	-65.75578	nan	0.4	420000	10105.470869541168
168	-42.56	-42.56	-24.0	-4.434476	7.7771077	3.7642727	-61.629982	nan	0.8	422500	10164.339052677155
169	-42.8	-42.8	-21.699999	-4.3721013	7.5486264	4.8649387	-57.82747	nan	0.9	425000	10223.595980644226
170	-43.22	-43.22	-30.9	-4.428082	7.841731	4.656522	-61.63671	nan	0.5	427500	10282.404158592224
171	-39.02	-39.02	-21.4	-4.599025	8.253711	4.2582407	-59.004578	nan	0.8	430000	10341.263928174973
172	-37.18	-37.18	-28.3	-4.6470876	8.366408	5.5837317	-61.76011	nan	0.5	432500	10400.440272808075
173	-40.32	-40.32	-36.5	-4.579168	8.207891	4.4420605	-55.80327	nan	0.3	435000	10459.55195069313
174	-43.24	-43.24	-20.199999	-4.480474	8.034982	4.6042023	-63.384186	nan	0.8	437500	10518.33727645874
175	-37.34	-37.34	-41.8	-4.4534583	7.8991075	3.9872227	-55.009865	nan	0.2	440000	10577.89110994339
176	-37.68	-37.68	-29.9	-4.4012856	7.7078733	6.1266756	-59.387	nan	0.5	442500	10638.67635011673
177	-39.3	-39.3	-24.1	-4.3580713	7.5627427	3.6567602	-57.305252	nan	0.7	445000	10698.397085428238
178	-39.64	-39.64	-25.5	-4.455202	7.8041573	3.7293482	-57.821114	nan	0.6	447500	10757.52852153778
179	-37.84	-37.84	-31.8	-4.4842434	7.9664	3.1935167	-56.157574	nan	0.5	450000	10817.041900873184
180	-30.2	-30.2	-31.5	-4.4517407	7.9391875	4.864605	-58.663177	nan	0.5	452500	10877.41976261139
181	-37.88	-37.88	-25.3	-4.43242	7.8479605	6.3554945	-55.70068	nan	0.6	455000	10938.838368177414
182	-41.14	-41.14	-27.2	-4.460244	7.8880076	3.686841	-57.84642	nan	0.5	457500	10999.34035038948
183	-39.78	-39.78	-33.8	-4.4305987	7.8687015	5.421335	-59.86777	nan	0.4	460000	11059.92963218689
184	-37.1	-37.1	-28.4	-4.265154	7.549388	3.5021582	-58.826622	nan	0.6	462500	11120.859392642975
185	-38.66	-38.66	-21.5	-4.1102962	7.1114306	3.4667034	-61.021233	nan	0.7	465000	11183.013339281082
186	-42.0	-42.0	-21.199999	-4.132575	7.171701	2.5274954	-58.599434	nan	0.8	467500	11243.535565376282
187	-36.18	-36.18	-30.3	-4.225705	7.358907	2.994607	-58.681652	nan	0.6	470000	11303.462036132812
188	-34.2	-34.2	-34.2	-4.2520313	7.423389	3.2364302	-74.67258	nan	0.4	472500	11364.266642332077
189	-40.96	-40.96	-34.5	-4.372278	7.687428	3.9074259	-65.81832	nan	0.4	475000	11424.724727153778
190	-39.12	-39.12	-31.9	-4.358727	7.6759353	2.9810019	-66.07596	nan	0.6	477500	11486.749425888062
191	-36.9	-36.9	-26.2	-4.313323	7.6223116	3.497057	-53.90916	nan	0.6	480000	11548.040882825851
192	-39.84	-39.84	-25.8	-4.307252	7.5773764	3.1301699	-56.79907	nan	0.6	482500	11608.97143793106
193	-32.78	-32.78	-21.800001	-4.3363466	7.5601354	2.8111048	-52.6587	nan	0.7	485000	11669.97316980362
194	-36.82	-36.82	-24.3	-4.3540015	7.604758	4.2470818	-57.589443	nan	0.6	487500	11732.081165790558
195	-33.4	-33.4	-21.699999	-4.3794117	7.7923856	3.6815758	-52.3353	nan	0.7	490000	11793.599682807922
196	-38.02	-38.02	-19.6	-4.4656487	8.017281	4.940978	-58.774513	nan	0.8	492500	11855.929000139236
197	-38.34	-38.34	-30.3	-4.484036	8.153847	3.9028692	-61.744904	nan	0.5	495000	11917.25241804123
198	-35.04	-35.04	-24.0	-4.424174	8.032393	3.5925035	-51.535576	nan	0.7	497500	11978.544523477554
199	-34.82	-34.82	-23.9	-4.455045	8.068551	4.607505	-53.547485	nan	0.7	500000	12041.365480422974
200	-33.9	-33.9	-20.199999	-4.409229	8.030511	2.9625044	-54.582138	nan	0.7	502500	12101.264057636261
201	-38.88	-38.88	-28.0	-4.3539295	7.8616233	3.345171	-56.259415	nan	0.6	505000	12162.673511505127
202	-37.76	-37.76	-37.399998	-4.33081	7.697269	3.7439423	-54.01847	nan	0.4	507500	12223.4586455822
203	-37.66	-37.66	-23.9	-4.1605315	7.2075105	4.2153816	-53.239296	nan	0.7	510000	12284.78727722168
204	-34.28	-34.28	-19.800001	-3.9662845	6.694604	3.3391619	-59.869385	nan	0.8	512500	12346.177941799164
205	-34.18	-34.18	-26.0	-3.8221774	6.3328114	3.2585888	-65.610634	nan	0.6	515000	12406.5572245121
206	-35.74	-35.74	-16.6	-3.794979	6.2073298	2.8013306	-56.90401	nan	0.7	517500	12467.625328063965
207	-36.62	-36.62	-28.3	-3.886383	6.4679823	3.8491087	-52.08245	nan	0.6	520000	12528.705487966537
208	-39.0	-39.0	-21.1	-3.9552822	6.665059	2.4815865	-53.00608	nan	0.8	522500	12589.561044454575
209	-34.86	-34.86	-21.199999	-4.0124283	6.8420467	2.6547985	-56.347874	nan	0.7	525000	12649.779445409775
210	-33.46	-33.46	-26.2	-4.041041	6.997334	2.8562822	-59.009926	nan	0.6	527500	12710.388508081436
211	-35.34	-35.34	-29.0	-4.1027412	7.1335697	3.913312	-53.66512	nan	0.6	530000	12770.938118934631
212	-32.64	-32.64	-23.6	-4.0657454	7.071159	2.50035	-53.849915	nan	0.6	532500	12831.630593776703
213	-39.3	-39.3	-23.9	-4.0613627	7.056413	2.464775	-51.939465	nan	0.7	535000	12892.760402202606
214	-36.04	-36.04	-27.7	-4.037987	6.972744	3.2184553	-55.154648	nan	0.6	537500	12953.52643918991
215	-37.2	-37.2	-24.1	-4.020298	6.804324	2.6076984	-57.71335	nan	0.6	540000	13015.554706811905
216	-35.62	-35.62	-23.199999	-3.856912	6.319037	3.7430468	-59.863403	nan	0.7	542500	13077.718588590622
217	-33.8	-33.8	-37.2	-3.679227	5.807113	3.025382	-54.2147	nan	0.3	545000	13139.84688258171
218	-36.24	-36.24	-36.2	-3.721926	5.9258895	2.4854984	-47.00306	nan	0.4	547500	13202.191732883453
219	-36.48	-36.48	-29.0	-3.8127484	6.2915483	2.3760128	-48.927414	nan	0.5	550000	13264.698454380035
220	-35.14	-35.14	-22.699999	-3.7903879	6.365619	2.742878	-51.946728	nan	0.7	552500	13325.735657930374
221	-32.92	-32.92	-25.9	-3.8094754	6.392374	2.826253	-54.76807	nan	0.6	555000	13386.988774061203
222	-35.78	-35.78	-16.0	-3.7571032	6.2804236	2.4342117	-56.67257	nan	0.9	557500	13450.840209960938
223	-33.02	-33.02	-25.1	-3.765765	6.286099	2.5876389	-55.276344	nan	0.6	560000	13512.134962558746
224	-31.14	-31.14	-31.4	-3.676169	6.1504307	3.3941412	-59.180187	nan	0.5	562500	13574.409970283508
225	-35.64	-35.64	-17.9	-3.688818	6.127721	2.3962212	-53.59971	nan	0.8	565000	13635.64187002182
226	-35.86	-35.86	-29.3	-3.7068782	6.1546283	3.1817083	-54.578568	nan	0.5	567500	13696.990517139435
227	-32.4	-32.4	-17.199999	-3.6420443	6.0577683	2.4060354	-51.96534	nan	0.8	570000	13759.412088394165
228	-33.42	-33.42	-20.800001	-3.612281	5.99439	2.4663076	-49.577583	nan	0.7	572500	13820.333691120148
229	-37.1	-37.1	-22.699999	-3.603749	5.9197474	2.6779022	-51.232765	nan	0.7	575000	13881.01048207283
230	-34.68	-34.68	-13.6	-3.5515578	5.812712	2.3790302	-53.574825	nan	0.9	577500	13942.568352937698
231	-33.22	-33.22	-18.6	-3.5459116	5.792798	2.3386536	-56.165012	nan	0.8	580000	14004.241271018982
232	-33.84	-33.84	-15.4	-3.541603	5.786312	3.3602276	-59.920185	nan	0.8	582500	14065.615294456482
233	-35.76	-35.76	-15.1	-3.5387092	5.882585	2.393938	-52.416756	nan	0.9	585000	14127.09554362297
234	-32.38	-32.38	-14.3	-3.5266912	5.8480463	2.8277426	-55.265007	nan	0.9	587500	14188.050918102264
235	-32.82	-32.82	-24.6	-3.49964	5.8141418	2.3113184	-55.75708	nan	0.6	590000	14248.911388874054
236	-31.86	-31.86	-15.1	-3.4904227	5.78541	2.2894287	-55.73021	nan	0.9	592500	14310.609260082245
237	-33.58	-33.58	-22.199999	-3.4448276	5.6466923	3.090662	-61.390625	nan	0.7	595000	14370.983961820602
238	-39.6	-39.6	-15.2	-3.3787804	5.4462037	2.472231	-60.217033	nan	0.9	597500	14431.198604106903
239	-33.68	-33.68	-13.2	-3.3875294	5.413637	2.0934258	-50.636147	nan	0.9	600000	14490.398070812225
240	-33.94	-33.94	-20.699999	-3.3335652	5.316912	2.8157701	-52.456116	nan	0.7	602500	14550.297327280045
241	-34.0	-34.0	-11.9	-3.2668042	5.128295	2.5013313	-51.346985	nan	1.0	605000	14611.537692308426
242	-36.28	-36.28	-13.3	-3.2595763	5.0396395	1.8142452	-56.138805	nan	1.0	607500	14671.903839111328
243	-35.38	-35.38	-28.3	-3.261637	5.118752	2.6947012	-54.623035	nan	0.5	610000	14731.995742082596
244	-32.2	-32.2	-9.7	-3.25124	5.1121354	2.794383	-52.865227	nan	1.0	612500	14791.733121395111
245	-31.54	-31.54	-9.900001	-3.2307768	5.0070734	1.9583855	-51.85837	nan	0.9	615000	14851.927240848541
246	-37.12	-37.12	-8.7	-3.1603246	4.932707	1.9052925	-50.91645	nan	1.0	617500	14912.603798151016
247	-31.3	-31.3	-19.4	-3.1884143	4.9369555	1.9118395	-54.175827	nan	0.9	620000	14973.867703437805
248	-35.2	-35.2	-22.699999	-3.1541386	4.944229	2.1723957	-51.44328	nan	0.7	622500	15034.047262430191
249	-33.96	-33.96	-16.300001	-3.1724858	4.9910803	3.3116713	-53.336548	nan	0.8	625000	15093.65550661087
250	-33.34	-33.34	-25.1	-3.1928957	5.0343065	1.9038944	-51.67359	nan	0.6	627500	15153.457034111023
251	-30.12	-30.12	-17.4	-3.2041624	5.035169	3.0276222	-69.248	nan	0.8	630000	15214.191646575928
252	-31.12	-31.12	-17.1	-3.1410623	4.909472	1.9894915	-51.84558	nan	0.9	632500	15274.838943004608
253	-29.9	-29.9	-17.199999	-3.1533267	4.9983897	2.4424028	-51.567516	nan	0.8	635000	15335.872639894485
254	-30.1	-30.1	-8.2	-3.1393433	5.040493	1.9207182	-55.16176	nan	1.0	637500	15397.092969417572
255	-36.4	-36.4	-9.3	-3.0967913	4.9326363	1.6960764	-57.19945	nan	1.0	640000	15457.127606868744
256	-35.52	-35.52	-8.099999	-3.0974355	4.9121017	2.871211	-68.8918	nan	1.0	642500	15517.275676488876
257	-31.78	-31.78	-14.9	-3.1006145	4.910433	2.4837608	-61.010983	nan	0.9	645000	15578.10062623024
258	-26.82	-26.82	-17.5	-3.0779912	4.8427486	2.6504917	-55.10179	nan	0.8	647500	15638.06505060196
259	-34.76	-34.76	-28.5	-3.0351963	4.7213073	1.7684803	-56.74864	nan	0.5	650000	15697.2660074234
260	-31.96	-31.96	-22.300001	-3.0308106	4.629524	1.8982058	-49.91521	nan	0.7	652500	15757.129615068436
261	-31.0	-31.0	-16.4	-3.0118268	4.520742	2.3886786	-51.972023	nan	0.8	655000	15818.858308076859
262	-32.42	-32.42	-18.699999	-2.9751616	4.412104	2.9007998	-52.185776	nan	0.8	657500	15879.070268630981
263	-30.42	-30.42	-12.7	-2.966487	4.418918	1.8654938	-53.72194	nan	1.0	660000	15939.959730625153
264	-34.0	-34.0	-17.199999	-2.9814355	4.457655	2.4001894	-50.162582	nan	0.9	662500	15999.758873224258
265	-34.56	-34.56	-8.599999	-2.9619823	4.4055324	2.8208675	-45.58804	nan	1.0	665000	16060.010772943497
266	-34.96	-34.96	-13.5	-2.9165087	4.2739806	1.6691208	-47.84057	nan	0.9	667500	16120.544081687927
267	-33.4	-33.4	-13.6	-2.928968	4.249701	1.9616766	-50.89129	nan	0.9	670000	16180.904549598694
268	-33.6	-33.6	-8.400001	-2.8945887	4.2078986	1.8749418	-52.096764	nan	1.0	672500	16242.235769987106
269	-29.82	-29.82	-20.1	-2.8876276	4.1602364	2.0707312	-55.633583	nan	0.8	675000	16303.480971574783
270	-31.46	-31.46	-16.199999	-2.870725	4.170812	2.474846	-54.124374	nan	0.9	677500	16363.020588159561
271	-29.0	-29.0	-13.2	-2.8773866	4.144866	2.113593	-54.99789	nan	1.0	680000	16423.014009475708
272	-25.94	-25.94	-18.800001	-2.8600595	4.1145167	1.5854416	-54.844166	nan	0.7	682500	16483.130991220474
273	-33.98	-33.98	-15.3	-2.856075	4.143411	1.9846754	-51.493595	nan	0.8	685000	16543.126325130463
274	-31.74	-31.74	-10.7	-2.8429163	4.1369104	2.3004475	-53.97047	nan	1.0	687500	16603.256766796112
275	-31.52	-31.52	-14.3	-2.854735	4.1636477	2.0770397	-53.097885	nan	0.9	690000	16663.637607097626
276	-28.82	-28.82	-14.2	-2.8436022	4.1419225	2.0274544	-51.343742	nan	0.9	692500	16725.33210849762
277	-31.14	-31.14	-8.7	-2.8682134	4.187891	1.6442966	-49.78048	nan	1.0	695000	16784.61230278015
278	-31.42	-31.42	-13.8	-2.8323967	4.1293254	1.6619787	-50.669624	nan	0.9	697500	16844.593227148056
279	-26.98	-26.98	-13.1	-2.8418221	4.1927023	1.8025417	-49.725685	nan	0.9	700000	16905.399154663086
280	-31.56	-31.56	-9.0	-2.8643112	4.3099713	2.2684708	-51.200676	nan	1.0	702500	16965.570079803467
281	-26.02	-26.02	-10.8	-2.866459	4.332075	5.570113	-57.461975	nan	1.0	705000	17025.167731046677
282	-29.38	-29.38	-7.7	-2.8263204	4.3051944	2.3802242	-56.95681	nan	1.0	707500	17086.42362332344
283	-35.14	-35.14	-12.8	-2.8424246	4.3008285	4.1843176	-57.32796	nan	1.0	710000	17147.135514974594
284	-29.1	-29.1	-10.2	-2.826995	4.281845	4.53819	-53.124153	nan	1.0	712500	17207.322340011597
285	-23.38	-23.38	-13.7	-2.8098965	4.201482	3.2843828	-52.310806	nan	0.9	715000	17268.185861587524
286	-29.9	-29.9	-11.9	-2.79598	4.1333256	3.3024492	-53.51523	nan	0.9	717500	17328.915291309357
287	-29.7	-29.7	-8.7	-2.7873876	4.0863085	2.5154476	-53.592396	nan	1.0	720000	17389.16481947899
288	-32.96	-32.96	-15.6	-2.7913082	4.084646	1.9548903	-50.13153	nan	0.8	722500	17450.867124795914
289	-28.12	-28.12	-9.599999	-2.7669382	3.947952	2.016076	-57.15018	nan	1.0	725000	17511.65194296837
290	-29.68	-29.68	-15.0	-2.7047217	3.6949084	1.9805784	-43.906498	nan	0.9	727500	17573.602971553802
291	-23.08	-23.08	-9.599999	-2.674224	3.6009827	2.5751	-43.74606	nan	1.0	730000	17634.007610321045
292	-32.88	-32.88	-13.3	-2.6631424	3.5851195	2.2018576	-41.54502	nan	0.9	732500	17695.210970401764
293	-31.94	-31.94	-9.3	-2.6837406	3.6354694	1.7316227	-39.39093	nan	1.0	735000	17756.51709794998
294	-31.92	-31.92	-16.5	-2.6927786	3.6465955	1.9523735	-42.721943	nan	0.9	737500	17817.421947956085
295	-32.08	-32.08	-11.099999	-2.6881137	3.6591773	2.1205292	-52.060097	nan	1.0	740000	17880.308324813843
296	-29.7	-29.7	-9.099999	-2.7013168	3.6421638	2.4998894	-52.301003	nan	1.0	742500	17941.534518957138
297	-28.64	-28.64	-10.400001	-2.664294	3.622161	2.512415	-55.51804	nan	1.0	745000	18003.167654514313
298	-27.02	-27.02	-12.4	-2.6870306	3.6685374	3.7223854	-56.449974	nan	0.9	747500	18064.06485390663
299	-24.34	-24.34	-9.5	-2.6708498	3.6178017	2.1615314	-53.442818	nan	1.0	750000	18126.42218542099
300	-32.48	-32.48	-10.7	-2.665422	3.6033747	2.4969864	-56.76464	nan	1.0	752500	18187.43284201622
301	-31.82	-31.82	-10.599999	-2.6740882	3.6317163	2.8669147	-56.93988	nan	1.0	755000	18248.65492105484
302	-30.76	-30.76	-10.900001	-2.6799717	3.643941	2.0546074	-50.38601	nan	1.0	757500	18310.044010400772
303	-28.76	-28.76	-13.4	-2.6752102	3.6368096	1.6484699	-48.455242	nan	0.9	760000	18371.390703201294
304	-33.34	-33.34	-12.6	-2.660536	3.595635	2.0311146	-44.421814	nan	1.0	762500	18431.750434160233
305	-29.64	-29.64	-10.900001	-2.6801472	3.6227715	1.8025417	-44.632023	nan	0.9	765000	18494.03918170929
306	-29.4	-29.4	-10.3	-2.6829972	3.6185415	2.4077168	-43.275322	nan	1.0	767500	18555.409667491913
307	-34.76	-34.76	-7.0	-2.669717	3.5806532	3.8961906	-44.565598	nan	1.0	770000	18616.94834256172
308	-32.74	-32.74	-10.099999	-2.669805	3.5509844	1.7080956	-45.603287	nan	1.0	772500	18678.02920293808
309	-30.64	-30.64	-9.7	-2.6722012	3.5148149	3.3777866	-36.285175	nan	1.0	775000	18739.663749933243
310	-33.88	-33.88	-12.8	-2.6793993	3.520803	2.0288715	-36.71556	nan	1.0	777500	18800.92898130417
311	-26.32	-26.32	-8.0	-2.6679897	3.530355	1.8812046	-35.914146	nan	1.0	780000	18862.787406682968
312	-28.84	-28.84	-13.0	-2.6588416	3.5477912	3.605566	-36.019558	nan	0.9	782500	18923.50173830986
313	-28.92	-28.92	-15.1	-2.664771	3.564878	2.5589638	-37.08435	nan	0.8	785000	18983.329208612442
314	-36.42	-36.42	-12.6	-2.6761208	3.5679483	1.8061218	-44.95018	nan	0.9	787500	19043.754477500916
315	-29.8	-29.8	-12.4	-2.6731274	3.5633416	1.7488766	-34.679794	nan	1.0	790000	19105.158709049225
316	-28.08	-28.08	-10.7	-2.6682563	3.5561035	1.9571705	-36.878098	nan	1.0	792500	19165.175872564316
317	-28.78	-28.78	-7.2	-2.6768801	3.560635	5.463623	-39.255966	nan	1.0	795000	19225.7468893528
318	-30.14	-30.14	-10.2	-2.6843462	3.5928404	2.4718952	-40.570366	nan	1.0	797500	19285.907546520233
319	-32.46	-32.46	-11.7	-2.7102299	3.7020514	2.7680416	-39.40983	nan	1.0	800000	19347.24271583557
320	-32.58	-32.58	-8.8	-2.7006335	3.7215154	2.182743	-43.041924	nan	1.0	802500	19406.63130044937
321	-28.96	-28.96	-9.3	-2.7106104	3.766687	1.8282032	-45.637627	nan	1.0	805000	19465.955296993256
322	-34.54	-34.54	-9.2	-2.7141006	3.7992477	1.6571159	-46.947365	nan	1.0	807500	19527.39011311531
323	-32.0	-32.0	-8.5	-2.7382722	3.8990095	2.301239	-54.517742	nan	1.0	810000	19587.51183986664
324	-31.54	-31.54	-11.7	-2.7298732	3.855263	2.3640423	-55.914574	nan	1.0	812500	19647.28283381462
325	-31.08	-31.08	-12.3	-2.7255173	3.856015	1.9746952	-54.203114	nan	0.9	815000	19708.943909406662
326	-29.54	-29.54	-10.900001	-2.701327	3.7569115	1.7561932	-56.144875	nan	1.0	817500	19769.17817091942
327	-32.02	-32.02	-9.3	-2.6563053	3.5344613	2.7819328	-44.02112	nan	1.0	820000	19830.222990989685
328	-34.44	-34.44	-12.2	-2.6782036	3.5336514	2.960846	-39.448807	nan	1.0	822500	19890.756101846695
329	-30.7	-30.7	-10.5	-2.6839461	3.5405965	2.3889427	-31.367907	nan	1.0	825000	19950.69932126999
330	-30.66	-30.66	-10.400001	-2.6690793	3.5308201	2.5952969	-34.933186	nan	1.0	827500	20011.266164064407
331	-31.42	-31.42	-7.7	-2.6615243	3.5158155	3.2980175	-35.207874	nan	1.0	830000	20072.268038749695
332	-29.68	-29.68	-8.5	-2.677311	3.5312269	2.4158611	-32.95122	nan	1.0	832500	20133.382616519928
333	-31.04	-31.04	-11.9	-2.6658244	3.5303156	4.0304756	-34.7069	nan	1.0	835000	20195.164021015167
334	-27.32	-27.32	-12.6	-2.6698687	3.534749	2.2439823	-35.571842	nan	1.0	837500	20257.589901685715
335	-28.68	-28.68	-11.2	-2.6654196	3.5426753	2.6590977	-37.590443	nan	1.0	840000	20318.973750829697
336	-30.96	-30.96	-9.3	-2.683567	3.5615237	3.5347157	-34.124653	nan	1.0	842500	20380.0135307312
337	-29.98	-29.98	-13.5	-2.6782932	3.5619154	2.6912823	-43.834633	nan	1.0	845000	20441.088059186935
338	-32.46	-32.46	-10.099999	-2.6709635	3.5411947	2.0683765	-39.14815	nan	1.0	847500	20502.389934301376
339	-32.46	-32.46	-10.599999	-2.6714911	3.5438366	2.6961231	-43.52264	nan	1.0	850000	20562.891070842743
340	-30.16	-30.16	-10.8	-2.6738958	3.5468638	2.476883	-38.772285	nan	1.0	852500	20623.60454058647
341	-36.88	-36.88	-7.1	-2.664706	3.5471997	2.4760056	-42.46581	nan	1.0	855000	20684.284747838974
342	-30.98	-30.98	-10.900001	-2.653756	3.5424256	3.853035	-41.673733	nan	1.0	857500	20745.915814876556
343	-34.04	-34.04	-10.0	-2.663304	3.5352762	2.4588432	-45.489822	nan	1.0	860000	20807.344022512436
344	-29.28	-29.28	-8.8	-2.6367662	3.5314233	2.792324	-38.513947	nan	1.0	862500	20868.52034497261
345	-33.34	-33.34	-7.2	-2.6533947	3.5530748	4.3703403	-44.436848	nan	1.0	865000	20929.136620283127
346	-30.44	-30.44	-10.900001	-2.6579583	3.5675092	2.7056236	-45.621567	nan	1.0	867500	20989.38502550125
347	-29.68	-29.68	-11.5	-2.6563065	3.5683808	4.4266605	-42.16391	nan	1.0	870000	21049.424671173096
348	-32.96	-32.96	-9.3	-2.6535733	3.569905	3.931507	-39.3884	nan	1.0	872500	21109.864178419113
349	-29.04	-29.04	-11.3	-2.6596777	3.5899296	3.4215355	-32.309525	nan	1.0	875000	21169.923902750015
350	-32.18	-32.18	-11.400001	-2.6503003	3.5892408	2.832487	-36.6525	nan	1.0	877500	21229.797536611557
351	-35.3	-35.3	-10.900001	-2.6649215	3.607877	2.7714672	-34.489277	nan	1.0	880000	21290.54362511635
352	-28.62	-28.62	-10.099999	-2.6683052	3.6206498	3.868742	-36.30052	nan	1.0	882500	21351.325852632523
353	-33.92	-33.92	-8.900001	-2.6385052	3.5848444	4.520397	-41.113213	nan	1.0	885000	21413.21083688736
354	-30.68	-30.68	-8.400001	-2.6560256	3.6074805	4.116848	-33.996666	nan	1.0	887500	21473.943895578384
355	-32.32	-32.32	-8.5	-2.6743467	3.6349783	3.9272861	-50.475037	nan	1.0	890000	21535.770642518997
356	-33.92	-33.92	-7.7	-2.6649542	3.6269693	3.1175423	-43.530304	nan	1.0	892500	21597.099081754684
357	-33.52	-33.52	-7.9	-2.6566308	3.617396	4.294712	-37.331257	nan	1.0	895000	21657.666799545288
358	-32.52	-32.52	-14.7	-2.689677	3.668074	4.274086	-34.050316	nan	0.9	897500	21717.852999210358
359	-33.54	-33.54	-12.2	-2.6632378	3.6520605	4.949814	-33.22827	nan	0.9	900000	21777.889907360077
360	-28.56	-28.56	-9.2	-2.6893542	3.6903932	4.5007133	-33.796314	nan	1.0	902500	21838.02115392685
361	-31.64	-31.64	-7.0	-2.6656303	3.6666837	2.954424	-33.878193	nan	1.0	905000	21896.971511363983
362	-30.56	-30.56	-10.099999	-2.661778	3.6611648	4.2203007	-39.364067	nan	1.0	907500	21956.993387699127
363	-32.16	-32.16	-10.7	-2.6875327	3.689085	2.1988068	-35.10633	nan	1.0	910000	22016.84218430519
364	-29.96	-29.96	-8.7	-2.6950583	3.7046075	8.027105	-40.690086	nan	1.0	912500	22076.97061085701
365	-27.36	-27.36	-12.3	-2.6906466	3.7196045	3.114111	-33.057156	nan	1.0	915000	22138.331067085266
366	-34.06	-34.06	-7.5	-2.6890724	3.72386	5.357353	-36.456207	nan	1.0	917500	22198.8930914402
367	-31.14	-31.14	-9.400001	-2.6970692	3.7198992	7.6613255	-36.960438	nan	1.0	920000	22258.849540233612
368	-33.56	-33.56	-10.400001	-2.6981914	3.7339287	2.041912	-38.117836	nan	1.0	922500	22319.052047729492
369	-30.6	-30.6	-10.5	-2.7132173	3.7567809	3.9339123	-50.65305	nan	1.0	925000	22379.534027814865
370	-27.04	-27.04	-9.3	-2.71358	3.7755873	3.7532158	-35.402557	nan	1.0	927500	22439.399656295776
371	-30.88	-30.88	-10.099999	-2.7149973	3.778869	4.1539	-40.35248	nan	1.0	930000	22498.365879774094
372	-27.0	-27.0	-10.0	-2.687971	3.769015	2.7513905	-38.128677	nan	1.0	932500	22558.21345806122
373	-32.22	-32.22	-10.0	-2.703999	3.7569952	4.2663097	-34.876034	nan	1.0	935000	22617.787071228027
374	-31.68	-31.68	-10.3	-2.71474	3.7920644	5.7416	-37.66132	nan	1.0	937500	22677.40489602089
375	-30.14	-30.14	-10.400001	-2.69274	3.787264	3.691208	-40.50679	nan	1.0	940000	22736.395316839218
376	-29.92	-29.92	-8.400001	-2.696132	3.788449	4.121361	-36.29106	nan	1.0	942500	22796.053829193115
377	-32.16	-32.16	-11.599999	-2.7046425	3.813487	2.9553604	-46.56971	nan	1.0	945000	22855.92218708992
378	-33.18	-33.18	-9.0	-2.6927984	3.8011239	4.138241	-41.452454	nan	1.0	947500	22915.206800699234
379	-34.86	-34.86	-8.900001	-2.7004244	3.8203714	3.0280628	-37.434208	nan	1.0	950000	22974.72764134407
380	-31.44	-31.44	-9.0	-2.7132022	3.8277726	5.59939	-40.19155	nan	1.0	952500	23034.253752946854
381	-32.92	-32.92	-9.7	-2.7171857	3.8450596	4.623495	-40.879734	nan	1.0	955000	23094.193601846695
382	-34.78	-34.78	-8.0	-2.7193067	3.8377237	3.2944183	-38.268524	nan	1.0	957500	23153.581245422363
383	-35.94	-35.94	-8.599999	-2.7163906	3.8362901	3.459999	-39.492424	nan	1.0	960000	23212.62602710724
384	-31.82	-31.82	-13.5	-2.730173	3.8736482	3.4358158	-42.59221	nan	0.9	962500	23271.61578631401
385	-34.06	-34.06	-14.1	-2.7427926	3.8763702	5.340826	-37.460583	nan	0.9	965000	23331.24819278717
386	-30.76	-30.76	-12.8	-2.749496	3.9034123	4.4052067	-41.906857	nan	0.9	967500	23390.293199539185
387	-30.86	-30.86	-12.0	-2.7470617	3.8864102	4.12129	-39.767593	nan	1.0	970000	23450.161385297775
388	-32.34	-32.34	-6.8	-2.7407959	3.883824	9.1728115	-43.190422	nan	1.0	972500	23509.817371845245
389	-35.08	-35.08	-8.7	-2.7460427	3.9199126	7.68865	-44.289726	nan	1.0	975000	23568.82370853424
390	-33.74	-33.74	-10.3	-2.7365286	3.914678	5.3633804	-42.37039	nan	1.0	977500	23628.057610034943
391	-31.14	-31.14	-11.9	-2.7460008	3.9276175	4.2583675	-37.281322	nan	1.0	980000	23686.535965681076
392	-30.38	-30.38	-9.8	-2.7331676	3.9349144	13.402239	-45.5254	nan	1.0	982500	23746.910277605057
393	-33.88	-33.88	-9.8	-2.7418835	3.9254172	3.998808	-43.404076	nan	1.0	985000	23806.880011081696
394	-28.7	-28.7	-9.2	-2.7351556	3.920728	2.665207	-40.259064	nan	1.0	987500	23866.05408525467
395	-33.48	-33.48	-9.099999	-2.7379174	3.9233496	6.2558956	-40.93429	nan	1.0	990000	23925.75205183029
396	-32.42	-32.42	-7.4	-2.7434177	3.9172566	5.483473	-39.445618	nan	1.0	992500	23984.26069688797
397	-32.7	-32.7	-9.900001	-2.7373798	3.9333813	3.1915207	-48.96134	nan	1.0	995000	24044.112998008728
398	-30.08	-30.08	-11.599999	-2.731422	3.9432902	3.072464	-47.472427	nan	1.0	997500	24103.193631649017
399	-30.22	-30.22	-9.5	-2.73117	3.9498847	4.965513	-45.784264	nan	1.0	1000000	24162.318806886673
400	-32.08	-32.08	-10.099999	-2.744248	3.9463227	9.484264	-38.457504	nan	1.0	1002500	24222.067359685898
401	-34.14	-34.14	-9.5	-2.742419	3.9455492	3.5437489	-44.185265	nan	1.0	1005000	24281.501095294952
402	-36.1	-36.1	-10.099999	-2.7210124	3.9099355	2.9674988	-45.08592	nan	1.0	1007500	24341.355687379837
403	-30.9	-30.9	-9.400001	-2.7403326	3.951558	4.760767	-46.968304	nan	1.0	1010000	24400.97309088707
404	-34.56	-34.56	-10.5	-2.7301478	3.9374914	7.8444653	-45.604645	nan	1.0	1012500	24460.04722261429
405	-29.72	-29.72	-10.099999	-2.7227225	3.9309866	5.142256	-47.892128	nan	1.0	1015000	24519.214641332626
406	-35.04	-35.04	-12.9	-2.714308	3.9408605	5.596613	-47.546394	nan	1.0	1017500	24577.851955890656
407	-29.7	-29.7	-9.7	-2.73774	3.9787548	4.9693794	-40.830025	nan	1.0	1020000	24636.575739383698
408	-34.44	-34.44	-15.8	-2.7438726	3.9689634	8.567415	-46.43074	nan	0.9	1022500	24695.91587281227
409	-31.42	-31.42	-11.9	-2.7309935	3.9634783	4.1521263	-43.99548	nan	1.0	1025000	24755.419583320618
410	-31.48	-31.48	-11.7	-2.7178054	3.9397807	7.058798	-57.013466	nan	1.0	1027500	24815.196454286575
411	-28.72	-28.72	-11.8	-2.7483912	3.9719825	15.343994	-43.40601	nan	1.0	1030000	24874.721351146698
412	-31.66	-31.66	-11.2	-2.7409174	4.0020194	5.607458	-41.04517	nan	1.0	1032500	24933.135118484497
413	-29.02	-29.02	-9.3	-2.7232502	3.9736276	3.3587017	-49.73124	nan	1.0	1035000	24992.852422237396
414	-34.6	-34.6	-13.9	-2.7162366	3.9735823	2.6229668	-45.803513	nan	0.9	1037500	25052.967074632645
415	-29.88	-29.88	-11.099999	-2.726419	3.96823	6.6648293	-47.856396	nan	1.0	1040000	25112.461900234222
416	-30.34	-30.34	-10.599999	-2.7236598	3.9546685	2.7709084	-53.716675	nan	1.0	1042500	25172.234832286835
417	-33.74	-33.74	-10.0	-2.7293966	3.9773896	3.6214142	-48.871933	nan	1.0	1045000	25231.82412648201
418	-29.58	-29.58	-9.099999	-2.7199144	3.9771125	14.747931	-42.758236	nan	1.0	1047500	25292.26521205902
419	-32.94	-32.94	-14.3	-2.7350345	3.9984138	4.1491528	-53.02869	nan	0.8	1050000	25352.89106488228
420	-31.7	-31.7	-13.9	-2.7507725	4.025764	3.5498066	-50.71471	nan	1.0	1052500	25412.813405275345
421	-30.4	-30.4	-10.5	-2.7420344	4.0221133	2.7284946	-53.813316	nan	1.0	1055000	25472.347464561462
422	-32.72	-32.72	-9.599999	-2.7339985	4.0235505	4.3734436	-44.345078	nan	1.0	1057500	25532.214422941208
423	-34.86	-34.86	-10.400001	-2.725076	4.023344	4.6725025	-49.60829	nan	1.0	1060000	25591.446826696396
424	-32.0	-32.0	-7.7	-2.7379806	4.041369	3.04706	-49.801712	nan	1.0	1062500	25651.478443145752
425	-30.86	-30.86	-9.7	-2.7633219	4.08969	5.2312717	-49.16906	nan	1.0	1065000	25710.379455327988
426	-29.78	-29.78	-8.900001	-2.7504683	4.0836797	5.760273	-51.04032	nan	1.0	1067500	25769.94261574745
427	-33.14	-33.14	-9.3	-2.741842	4.0665727	3.5941753	-45.367104	nan	1.0	1070000	25830.086364507675
428	-29.12	-29.12	-9.2	-2.7303166	4.063933	5.3036156	-41.702297	nan	1.0	1072500	25889.78024840355
429	-29.44	-29.44	-9.099999	-2.7290006	4.07691	4.070877	-53.64366	nan	1.0	1075000	25950.67525458336
430	-33.88	-33.88	-10.5	-2.7180102	4.08543	4.0092926	-44.040962	nan	1.0	1077500	26010.99995303154
431	-33.68	-33.68	-8.599999	-2.7443495	4.1302495	6.3546143	-52.73687	nan	1.0	1080000	26071.684068202972
432	-31.42	-31.42	-10.7	-2.752009	4.124366	8.177116	-47.528027	nan	1.0	1082500	26132.809124708176
433	-32.92	-32.92	-9.0	-2.7450128	4.1227446	10.4640465	-56.57155	nan	1.0	1085000	26193.677839040756
434	-33.54	-33.54	-10.7	-2.7457695	4.1409607	7.3172493	-45.547867	nan	1.0	1087500	26254.074600934982
435	-30.94	-30.94	-9.900001	-2.7530472	4.1577344	4.676216	-55.45127	nan	1.0	1090000	26314.787497520447
436	-29.54	-29.54	-11.099999	-2.773319	4.1545854	4.407036	-56.152676	nan	1.0	1092500	26375.710160255432
437	-33.1	-33.1	-8.400001	-2.7836177	4.1978693	5.278309	-49.901566	nan	1.0	1095000	26435.91271877289
438	-32.06	-32.06	-9.400001	-2.77787	4.2186236	6.174309	-48.399796	nan	1.0	1097500	26496.45184636116
439	-32.42	-32.42	-11.3	-2.7487378	4.1747684	4.527939	-54.76834	nan	1.0	1100000	26556.86156630516
440	-30.14	-30.14	-12.2	-2.7632666	4.1764026	3.6966972	-49.86566	nan	1.0	1102500	26616.619820594788
441	-31.24	-31.24	-11.3	-2.7674541	4.18328	5.805092	-49.93201	nan	1.0	1105000	26674.470361709595
442	-32.44	-32.44	-8.0	-2.7692966	4.1805267	3.6393661	-54.082436	nan	1.0	1107500	26733.345273256302
443	-35.34	-35.34	-11.8	-2.7384717	4.1405845	4.2890167	-47.924408	nan	1.0	1110000	26791.534331321716
444	-32.86	-32.86	-12.8	-2.7683616	4.178959	5.875557	-52.39945	nan	1.0	1112500	26851.560925722122
445	-32.02	-32.02	-10.3	-2.7865653	4.2139497	4.1900215	-53.803356	nan	1.0	1115000	26909.74799656868
446	-29.36	-29.36	-10.8	-2.7731533	4.2179794	3.4452782	-49.936306	nan	1.0	1117500	26968.149731874466
447	-34.5	-34.5	-9.7	-2.7911315	4.2194643	4.404537	-53.484585	nan	1.0	1120000	27026.24297118187
448	-29.68	-29.68	-8.900001	-2.7868257	4.211386	5.72583	-49.615368	nan	1.0	1122500	27085.87024784088
449	-35.28	-35.28	-9.599999	-2.7732236	4.2063227	10.43008	-54.869297	nan	1.0	1125000	27143.78448343277
450	-35.84	-35.84	-10.3	-2.7937381	4.2351246	3.8373947	-48.37681	nan	1.0	1127500	27201.17488884926
451	-38.32	-38.32	-12.4	-2.8192856	4.289513	4.039776	-53.74614	nan	1.0	1130000	27259.41816186905
452	-32.9	-32.9	-11.7	-2.8120859	4.2538753	6.2120934	-48.122543	nan	1.0	1132500	27317.754723787308
453	-31.06	-31.06	-8.900001	-2.8072822	4.264237	4.4070396	-51.45952	nan	1.0	1135000	27374.240094184875
454	-35.28	-35.28	-9.099999	-2.838462	4.3031716	5.6419296	-53.19966	nan	1.0	1137500	27427.791433095932
455	-33.14	-33.14	-8.400001	-2.8348532	4.296219	4.899025	-49.25882	nan	1.0	1140000	27479.883086681366
456	-34.12	-34.12	-11.3	-2.8222618	4.267224	5.9778824	-53.268303	nan	1.0	1142500	27529.75207543373
457	-34.16	-34.16	-10.2	-2.8515131	4.3145084	3.0519714	-50.031826	nan	1.0	1145000	27579.436817407608
458	-31.88	-31.88	-13.2	-2.8636694	4.332882	4.2948	-52.8902	nan	0.9	1147500	27631.11153268814
459	-34.74	-34.74	-8.8	-2.8551385	4.339662	3.1694756	-54.1047	nan	1.0	1150000	27679.619737148285
460	-30.94	-30.94	-11.0	-2.840445	4.311954	6.6788177	-45.32392	nan	1.0	1152500	27726.6076900959
461	-29.72	-29.72	-8.0	-2.840953	4.321953	6.8575516	-56.930824	nan	1.0	1155000	27771.355730056763
462	-30.02	-30.02	-8.400001	-2.8582075	4.3359036	6.2356033	-54.156487	nan	1.0	1157500	27815.769197940826
463	-33.1	-33.1	-12.6	-2.8571446	4.338196	6.3620453	-49.863308	nan	1.0	1160000	27860.55299425125
464	-31.64	-31.64	-10.599999	-2.810106	4.2733426	6.0604095	-49.527435	nan	1.0	1162500	27904.025181770325
465	-30.46	-30.46	-9.5	-2.8110561	4.2771664	3.8912697	-47.552235	nan	1.0	1165000	27947.48878788948
466	-33.04	-33.04	-9.8	-2.8288574	4.314886	6.575039	-48.040787	nan	1.0	1167500	27990.676071166992
467	-28.18	-28.18	-10.8	-2.7859695	4.272974	8.890282	-54.87597	nan	1.0	1170000	28033.733859300613
468	-34.74	-34.74	-11.3	-2.8118758	4.2874103	7.0170593	-46.502552	nan	1.0	1172500	28077.16792201996
469	-31.9	-31.9	-9.599999	-2.8225083	4.344808	5.862793	-50.946064	nan	1.0	1175000	28119.82112812996
470	-29.62	-29.62	-10.5	-2.8110602	4.28941	3.8206291	-51.494633	nan	1.0	1177500	28161.451765537262
471	-32.24	-32.24	-10.400001	-2.809316	4.2990265	11.477306	-55.67361	nan	1.0	1180000	28203.75653028488
472	-28.72	-28.72	-9.2	-2.802586	4.294894	6.2180405	-55.706367	nan	1.0	1182500	28245.502803325653
473	-37.02	-37.02	-11.8	-2.799341	4.279961	3.2729073	-51.28974	nan	0.9	1185000	28287.815040826797
474	-33.58	-33.58	-9.099999	-2.806278	4.310019	4.9196777	-57.0142	nan	1.0	1187500	28329.94816017151
475	-31.74	-31.74	-14.0	-2.7885804	4.288602	5.5238075	-62.924202	nan	0.9	1190000	28371.875604629517
476	-35.18	-35.18	-9.0	-2.822322	4.3186364	4.375366	-52.738113	nan	1.0	1192500	28413.09130549431
477	-35.74	-35.74	-12.4	-2.8318257	4.36563	2.8454018	-46.845245	nan	1.0	1195000	28455.26672911644
478	-33.56	-33.56	-9.2	-2.828293	4.3676004	5.0499306	-55.163017	nan	1.0	1197500	28496.946020126343
479	-33.56	-33.56	-8.8	-2.8424704	4.3750567	4.375862	-54.032104	nan	1.0	1200000	28538.856166362762
480	-30.98	-30.98	-9.900001	-2.8395631	4.3744016	9.51469	-54.2015	nan	1.0	1202500	28579.948117017746
481	-30.82	-30.82	-10.900001	-2.8449235	4.4170957	9.684528	-83.06673	nan	1.0	1205000	28621.70150256157
482	-34.36	-34.36	-9.900001	-2.8382123	4.3899703	9.359032	-57.47173	nan	1.0	1207500	28663.378496170044
483	-30.96	-30.96	-9.400001	-2.8575308	4.4188685	5.7734375	-57.457104	nan	1.0	1210000	28705.43700861931
484	-34.16	-34.16	-9.0	-2.841641	4.3957076	8.091545	-51.554405	nan	1.0	1212500	28746.64378094673
485	-35.54	-35.54	-11.5	-2.8435168	4.4201384	4.6447067	-56.63124	nan	1.0	1215000	28788.377561569214
486	-32.24	-32.24	-10.099999	-2.8440049	4.391312	6.3427467	-49.401073	nan	1.0	1217500	28831.448997974396
487	-33.0	-33.0	-9.5	-2.856329	4.4313035	6.06802	-51.761356	nan	1.0	1220000	28873.801299333572
488	-33.28	-33.28	-10.8	-2.87227	4.456758	5.416683	-52.147594	nan	1.0	1222500	28916.76681280136
489	-31.98	-31.98	-11.099999	-2.8481674	4.4355807	8.943619	-56.401608	nan	1.0	1225000	28959.382686138153
490	-32.56	-32.56	-13.5	-2.8552322	4.4468307	7.6902046	-57.230377	nan	0.9	1227500	29000.697608470917
491	-30.1	-30.1	-10.5	-2.8745432	4.468574	9.152195	-49.22962	nan	1.0	1230000	29042.430875062943
492	-32.8	-32.8	-10.5	-2.8871114	4.499154	5.5729218	-49.29523	nan	1.0	1232500	29083.921308755875
493	-33.52	-33.52	-8.8	-2.889549	4.5004964	7.1581345	-54.644035	nan	1.0	1235000	29126.5230345726
494	-35.08	-35.08	-10.2	-2.8909469	4.5003705	16.411331	-82.89905	nan	1.0	1237500	29167.94122862816
495	-28.9	-28.9	-11.400001	-2.8739357	4.501404	7.3159447	-59.472557	nan	1.0	1240000	29210.170125961304
496	-32.66	-32.66	-10.0	-2.8673036	4.5325313	5.1160126	-58.30106	nan	1.0	1242500	29252.035323381424
497	-34.7	-34.7	-11.0	-2.8938346	4.519692	8.7096405	-52.67537	nan	1.0	1245000	29293.421443462372
498	-34.86	-34.86	-12.0	-2.8867416	4.531744	5.0414505	-68.63486	nan	0.9	1247500	29335.45292520523
499	-31.4	-31.4	-11.5	-2.8835118	4.505623	7.26939	-49.733944	nan	1.0	1250000	29377.79263162613
