Epoch	EpRet	EpRealRet	TestEpRet	AverageQ1	StdQ1	MaxQ1	MinQ1	Q2	TestSuccess	TotalEnvInteracts	TotalTime
0	-45.0	-45.0	-50.0	-1.0698329	1.5751468	0.54997426	-9.59904	-1.0698329	0.0	2500	20.482787609100342
1	-49.0	-49.0	-45.0	-1.6670028	3.143952	1.8872275	-20.988623	-1.6670028	0.1	5000	44.96944999694824
2	-46.0	-46.0	-50.0	-2.280407	4.8272567	1.4297103	-33.01522	-2.280407	0.0	7500	74.19762396812439
3	-45.0	-45.0	-50.0	-2.9167118	6.321656	2.5785916	-40.940456	-2.9167118	0.0	10000	105.00550937652588
4	-46.78	-46.78	-50.0	-3.5027642	7.589307	2.3396614	-38.680214	-3.5027642	0.0	12500	134.7210693359375
5	-46.0	-46.0	-45.0	-3.9409018	8.5831585	1.9845788	-43.276867	-3.9409018	0.1	15000	165.1148681640625
6	-48.0	-48.0	-49.2	-4.3874454	9.528754	3.0811055	-62.29988	-4.3874454	0.0	17500	194.8515226840973
7	-48.0	-48.0	-45.0	-4.8121276	10.380222	3.4248052	-48.78237	-4.8121276	0.1	20000	224.19953560829163
8	-44.0	-44.0	-35.0	-5.1627927	11.115495	3.2187374	-57.332214	-5.1627927	0.3	22500	253.60800099372864
9	-48.84	-48.84	-50.0	-5.367946	11.614921	3.5785725	-58.177845	-5.367946	0.0	25000	283.96015095710754
10	-48.0	-48.0	-40.0	-5.676897	12.179506	2.915927	-54.195545	-5.676897	0.2	27500	313.0240445137024
11	-48.0	-48.0	-50.0	-5.840323	12.5639305	3.0586245	-51.964844	-5.840323	0.0	30000	342.4684646129608
12	-47.08	-47.08	-45.0	-6.0373964	12.921679	3.0230222	-52.65218	-6.0373964	0.1	32500	371.9602735042572
13	-49.0	-49.0	-50.0	-6.1520596	13.173697	5.599919	-52.917107	-6.1520596	0.0	35000	401.19065165519714
14	-47.78	-47.78	-50.0	-6.278015	13.433812	2.5658472	-51.994053	-6.278015	0.0	37500	430.564781665802
15	-48.0	-48.0	-44.5	-6.424484	13.698328	4.0147448	-52.22361	-6.424484	0.1	40000	460.5516302585602
16	-48.0	-48.0	-50.0	-6.535092	13.902249	4.0968065	-53.437065	-6.535092	0.0	42500	490.26917266845703
17	-46.14	-46.14	-45.0	-6.6676235	14.126869	4.103309	-57.440155	-6.6676235	0.1	45000	519.8382177352905
18	-46.0	-46.0	-48.6	-6.782189	14.351586	6.440711	-54.340897	-6.782189	0.0	47500	549.495415687561
19	-45.0	-45.0	-50.0	-6.8251553	14.470481	4.239127	-52.17887	-6.8251553	0.0	50000	578.8431625366211
20	-47.0	-47.0	-45.0	-6.9145885	14.646059	4.4248104	-56.895786	-6.9145885	0.1	52500	607.7088146209717
21	-47.04	-47.04	-50.0	-6.9825544	14.76913	4.6170063	-56.88175	-6.9825544	0.0	55000	637.8462657928467
22	-48.02	-48.02	-50.0	-7.087609	14.942006	3.678129	-55.490932	-7.087609	0.0	57500	667.1644926071167
23	-45.86	-45.86	-45.0	-7.118084	14.9885235	2.9618926	-63.602398	-7.118084	0.1	60000	696.6642763614655
24	-47.0	-47.0	-50.0	-7.1285586	15.024292	3.4045455	-58.43341	-7.1285586	0.0	62500	726.2440147399902
25	-49.0	-49.0	-49.8	-7.137495	15.036984	4.855743	-54.962845	-7.137495	0.0	65000	755.5276432037354
26	-49.78	-49.78	-45.0	-7.18672	15.098154	3.9870324	-58.06094	-7.18672	0.1	67500	785.2633454799652
27	-49.0	-49.0	-50.0	-7.192467	15.095158	3.5927775	-56.62859	-7.192467	0.0	70000	814.4447119235992
28	-49.24	-49.24	-50.0	-7.284243	15.164016	6.097588	-63.588913	-7.284243	0.0	72500	843.2152807712555
29	-48.24	-48.24	-50.0	-7.223606	15.071916	4.571605	-55.8543	-7.223606	0.0	75000	872.2424592971802
30	-47.0	-47.0	-50.0	-7.161682	14.973057	7.243983	-54.597675	-7.161682	0.0	77500	902.169924736023
31	-46.0	-46.0	-50.0	-7.1768847	14.973262	5.363859	-54.227802	-7.1768847	0.0	80000	930.7479209899902
32	-47.62	-47.62	-50.0	-7.150412	14.93345	4.677584	-53.469555	-7.150412	0.0	82500	960.7059824466705
33	-49.86	-49.86	-45.0	-7.160521	14.925025	4.666476	-55.12187	-7.160521	0.1	85000	989.9705018997192
34	-44.88	-44.88	-45.0	-7.1905575	14.930355	7.441617	-63.06682	-7.1905575	0.1	87500	1018.743278503418
35	-50.0	-50.0	-49.7	-7.1934276	14.898513	4.0454693	-60.883427	-7.1934276	0.0	90000	1048.072428703308
36	-49.84	-49.84	-50.0	-7.207541	14.883824	4.9899607	-61.150497	-7.207541	0.0	92500	1077.2300052642822
37	-43.06	-43.06	-50.0	-7.1842294	14.846627	5.6047974	-56.43141	-7.1842294	0.0	95000	1106.4528007507324
38	-48.0	-48.0	-49.8	-7.1980977	14.864588	4.2405963	-55.24775	-7.1980977	0.0	97500	1135.7566359043121
39	-46.3	-46.3	-50.0	-7.2070336	14.846006	4.8776436	-54.031662	-7.2070336	0.0	100000	1165.33815908432
40	-42.86	-42.86	-50.0	-7.1050525	14.727878	4.8448005	-67.71686	-7.1050525	0.0	102500	1194.6766765117645
41	-48.14	-48.14	-50.0	-7.0575323	14.598357	3.9822028	-57.033318	-7.0575323	0.0	105000	1223.5676312446594
42	-48.96	-48.96	-50.0	-6.9955873	14.44959	6.9518585	-53.921223	-6.9955873	0.0	107500	1252.9573271274567
43	-46.38	-46.38	-45.0	-6.878979	14.257119	3.403371	-57.777363	-6.878979	0.1	110000	1281.7133691310883
44	-45.94	-45.94	-46.100002	-6.8404837	14.093589	3.9864187	-54.64567	-6.8404837	0.1	112500	1310.7124338150024
45	-47.28	-47.28	-48.3	-6.69539	13.828576	4.5100055	-55.875065	-6.69539	0.0	115000	1340.3010456562042
46	-45.48	-45.48	-40.0	-6.560103	13.597335	3.8219814	-55.841537	-6.560103	0.2	117500	1370.0718598365784
47	-41.64	-41.64	-45.0	-6.483388	13.407522	4.5148897	-55.220875	-6.483388	0.1	120000	1399.83513879776
48	-47.58	-47.58	-50.0	-6.3228383	13.129517	4.2580314	-56.167564	-6.3228383	0.0	122500	1429.36514377594
49	-46.08	-46.08	-45.0	-6.275456	12.964042	7.4821706	-57.409363	-6.275456	0.1	125000	1458.9912548065186
50	-47.34	-47.34	-45.600002	-6.173083	12.716121	8.826983	-59.863148	-6.173083	0.1	127500	1489.1291897296906
51	-46.74	-46.74	-48.5	-6.1030917	12.559744	4.052959	-55.713913	-6.1030917	0.0	130000	1518.4481732845306
52	-43.44	-43.44	-49.6	-6.0567036	12.419962	4.998792	-56.044353	-6.0567036	0.0	132500	1547.5418047904968
53	-45.66	-45.66	-49.7	-5.9721656	12.275965	5.0071435	-61.080143	-5.9721656	0.0	135000	1576.586895942688
54	-44.92	-44.92	-41.7	-5.935632	12.17587	4.064274	-56.76417	-5.935632	0.2	137500	1605.9335706233978
55	-46.82	-46.82	-45.600002	-5.930117	12.128998	4.8268356	-63.90892	-5.930117	0.1	140000	1635.3356113433838
56	-46.14	-46.14	-50.0	-5.890382	12.097122	4.7429795	-58.42189	-5.890382	0.0	142500	1663.9219434261322
57	-46.76	-46.76	-49.3	-5.858791	12.068101	3.8636215	-56.131367	-5.858791	0.0	145000	1693.2783000469208
58	-45.3	-45.3	-48.6	-5.85336	12.069442	11.423663	-55.879223	-5.85336	0.1	147500	1722.8217778205872
59	-48.5	-48.5	-44.8	-5.833564	12.025765	4.6473975	-55.960545	-5.833564	0.1	150000	1751.336965560913
60	-47.52	-47.52	-48.9	-5.8856378	12.0887375	5.519177	-55.527916	-5.8856378	0.0	152500	1780.5072710514069
61	-47.16	-47.16	-50.0	-5.9136686	12.060228	6.764375	-58.157093	-5.9136686	0.0	155000	1809.841003894806
62	-41.62	-41.62	-44.600002	-5.8613005	12.009745	16.336159	-58.029015	-5.8613005	0.1	157500	1839.1365575790405
63	-43.36	-43.36	-46.2	-5.907069	12.073453	4.1381702	-55.8358	-5.907069	0.1	160000	1868.5279359817505
64	-45.6	-45.6	-40.600002	-5.8329377	11.914683	4.1191325	-59.425026	-5.8329377	0.2	162500	1897.4111061096191
65	-44.24	-44.24	-47.1	-5.844959	11.869055	4.4374766	-56.62055	-5.844959	0.0	165000	1926.5286664962769
66	-44.0	-44.0	-34.600002	-5.75462	11.706689	8.375624	-54.426323	-5.75462	0.4	167500	1956.2731919288635
67	-43.96	-43.96	-36.3	-5.730461	11.596432	5.394856	-58.6742	-5.730461	0.3	170000	1985.3379082679749
68	-45.08	-45.08	-45.0	-5.6276317	11.344324	7.839888	-64.55939	-5.6276317	0.1	172500	2015.3728766441345
69	-43.18	-43.18	-44.2	-5.512248	11.084738	13.290241	-57.50852	-5.512248	0.1	175000	2045.1422128677368
70	-43.02	-43.02	-35.3	-5.4544897	10.901506	4.2527204	-55.536995	-5.4544897	0.4	177500	2074.342971801758
71	-41.76	-41.76	-45.100002	-5.398884	10.719139	4.0559287	-54.716713	-5.398884	0.1	180000	2103.4147243499756
72	-44.9	-44.9	-45.2	-5.34103	10.569505	6.8320303	-57.85386	-5.34103	0.1	182500	2132.601078271866
73	-43.12	-43.12	-39.399998	-5.3059072	10.412415	4.5517507	-61.838818	-5.3059072	0.3	185000	2161.89172911644
74	-46.7	-46.7	-44.8	-5.253005	10.266552	5.1777735	-56.104294	-5.253005	0.1	187500	2190.5548825263977
75	-37.74	-37.74	-42.2	-5.1756086	10.120129	7.060797	-55.143856	-5.1756086	0.1	190000	2219.7671535015106
76	-39.38	-39.38	-41.3	-5.0697055	9.958264	6.4523153	-59.67235	-5.0697055	0.4	192500	2248.778721809387
77	-43.56	-43.56	-49.4	-4.9910054	9.801125	4.1932945	-57.066437	-4.9910054	0.0	195000	2277.7618000507355
78	-42.38	-42.38	-48.2	-4.941505	9.633082	3.3266354	-56.331657	-4.941505	0.1	197500	2306.8964688777924
79	-42.4	-42.4	-43.399998	-4.874344	9.46487	4.367284	-56.058792	-4.874344	0.1	200000	2336.4037120342255
80	-44.06	-44.06	-40.8	-4.826438	9.343636	6.397719	-54.76813	-4.826438	0.1	202500	2365.3990454673767
81	-43.12	-43.12	-35.8	-4.7930527	9.2174225	4.6889095	-55.502502	-4.7930527	0.3	205000	2394.8864452838898
82	-38.2	-38.2	-43.8	-4.722532	9.063562	4.7420387	-55.6096	-4.722532	0.1	207500	2424.250405073166
83	-44.68	-44.68	-43.8	-4.658377	8.892992	3.3654869	-56.348618	-4.658377	0.3	210000	2453.2897448539734
84	-40.3	-40.3	-42.600002	-4.6414924	8.7841625	3.0931692	-52.731594	-4.6414924	0.1	212500	2482.881868124008
85	-36.9	-36.9	-44.0	-4.5733595	8.62978	3.21168	-53.10044	-4.5733595	0.2	215000	2512.4631083011627
86	-39.22	-39.22	-36.3	-4.535513	8.535378	3.2606487	-59.344185	-4.535513	0.4	217500	2542.219244480133
87	-39.76	-39.76	-43.0	-4.5036635	8.406434	3.8817134	-56.092537	-4.5036635	0.2	220000	2572.0709064006805
88	-41.06	-41.06	-43.8	-4.5119677	8.334465	4.3665166	-57.682735	-4.5119677	0.2	222500	2601.4607784748077
89	-37.92	-37.92	-33.600002	-4.4721956	8.257073	2.8990693	-58.685104	-4.4721956	0.4	225000	2631.0605726242065
90	-41.04	-41.04	-39.3	-4.440622	8.168615	2.9073663	-56.92746	-4.440622	0.3	227500	2660.7551505565643
91	-40.74	-40.74	-39.8	-4.4000306	8.082044	3.3045063	-59.962173	-4.4000306	0.2	230000	2689.7819538116455
92	-38.48	-38.48	-29.8	-4.354948	7.998522	3.0635943	-59.1843	-4.354948	0.7	232500	2718.9138951301575
93	-37.1	-37.1	-41.0	-4.358996	7.9447837	3.8319871	-57.21991	-4.358996	0.2	235000	2748.313238143921
94	-38.38	-38.38	-32.100002	-4.3567863	7.8746653	2.3618598	-61.081696	-4.3567863	0.4	237500	2777.0725100040436
95	-38.36	-38.36	-34.3	-4.302868	7.7480087	2.0814495	-64.468925	-4.302868	0.3	240000	2806.1991975307465
96	-36.6	-36.6	-37.2	-4.3037915	7.6855197	2.5714457	-59.553253	-4.3037915	0.3	242500	2835.9333379268646
97	-41.38	-41.38	-26.8	-4.3267193	7.6642356	2.9137862	-59.37415	-4.3267193	0.6	245000	2865.3437945842743
98	-40.14	-40.14	-37.2	-4.3197756	7.655342	2.8448036	-57.05206	-4.3197756	0.5	247500	2894.023784160614
99	-38.94	-38.94	-28.5	-4.3135033	7.6231318	4.348398	-55.89453	-4.3135033	0.6	250000	2922.5502767562866
100	-34.06	-34.06	-39.899998	-4.300254	7.5842257	2.6629157	-58.36234	-4.300254	0.3	252500	2951.039747238159
101	-37.48	-37.48	-35.5	-4.3108153	7.547538	2.284965	-58.57385	-4.3108153	0.2	255000	2980.1836864948273
102	-40.8	-40.8	-33.600002	-4.3169417	7.4901395	2.0964613	-62.069084	-4.3169417	0.4	257500	3008.8987724781036
103	-36.6	-36.6	-33.5	-4.2991457	7.4031844	2.968929	-56.708035	-4.2991457	0.5	260000	3038.2910616397858
104	-35.82	-35.82	-20.800001	-4.2621737	7.2900333	2.7965305	-57.22056	-4.2621737	0.7	262500	3067.1127066612244
105	-37.06	-37.06	-30.4	-4.257221	7.2296624	3.054182	-57.032932	-4.257221	0.5	265000	3096.220588684082
106	-33.86	-33.86	-15.8	-4.210922	7.144127	2.9122	-54.660435	-4.210922	0.9	267500	3125.7721836566925
107	-35.66	-35.66	-43.399998	-4.1862793	7.0579553	2.0929995	-60.178616	-4.1862793	0.2	270000	3154.7258982658386
108	-34.66	-34.66	-33.0	-4.1653028	6.9885607	1.7440672	-57.887726	-4.1653028	0.4	272500	3183.945093393326
109	-38.1	-38.1	-25.7	-4.171066	6.944808	2.379975	-55.8542	-4.171066	0.6	275000	3213.2759861946106
110	-37.9	-37.9	-26.4	-4.1298103	6.862639	2.2175326	-61.82996	-4.1298103	0.8	277500	3242.5348737239838
111	-35.98	-35.98	-42.100002	-4.154492	6.87325	2.2969112	-59.89403	-4.154492	0.1	280000	3271.885653734207
112	-33.66	-33.66	-37.2	-4.135496	6.8272457	2.342541	-59.454292	-4.135496	0.4	282500	3301.3599915504456
113	-32.28	-32.28	-33.100002	-4.0943007	6.7149434	2.815398	-61.5957	-4.0943007	0.4	285000	3330.5340180397034
114	-37.36	-37.36	-37.3	-4.09045	6.662614	2.335247	-63.65472	-4.09045	0.4	287500	3359.769859313965
115	-32.6	-32.6	-31.9	-4.0523767	6.575927	5.050315	-57.907944	-4.0523767	0.4	290000	3389.0899000167847
116	-29.38	-29.38	-35.8	-4.077464	6.5647106	2.06834	-64.51806	-4.077464	0.4	292500	3418.5463988780975
117	-36.98	-36.98	-36.600002	-4.0743365	6.518873	2.4704127	-65.562935	-4.0743365	0.5	295000	3447.9227950572968
118	-37.26	-37.26	-28.6	-4.0541573	6.463305	2.99515	-64.07881	-4.0541573	0.6	297500	3477.3038930892944
119	-33.3	-33.3	-20.699999	-4.064769	6.4646792	2.945054	-61.715878	-4.064769	0.9	300000	3507.2260825634003
120	-31.08	-31.08	-28.1	-4.0433173	6.348332	2.757635	-55.381985	-4.0433173	0.8	302500	3536.806588411331
121	-39.58	-39.58	-29.9	-4.0452366	6.2835665	1.7314067	-57.615826	-4.0452366	0.6	305000	3566.5965559482574
122	-33.5	-33.5	-25.0	-4.0443316	6.2108455	2.4262402	-58.287945	-4.0443316	0.8	307500	3596.2208042144775
123	-31.94	-31.94	-22.5	-4.042731	6.1458416	3.4911792	-62.46608	-4.042731	0.8	310000	3626.76589679718
124	-31.2	-31.2	-26.4	-3.9927535	6.0458307	6.5585318	-55.114056	-3.9927535	0.6	312500	3656.360664367676
125	-32.14	-32.14	-26.0	-4.0004735	6.022842	2.9687476	-58.016808	-4.0004735	0.7	315000	3686.108858346939
126	-32.46	-32.46	-24.1	-4.0062084	6.050327	3.0478983	-58.743584	-4.0062084	0.8	317500	3715.240731239319
127	-34.92	-34.92	-32.100002	-3.9960206	5.9916334	3.888462	-59.05387	-3.9960206	0.4	320000	3743.731376886368
128	-31.68	-31.68	-24.5	-4.02161	5.9624085	2.7043672	-57.747925	-4.02161	0.8	322500	3773.8067243099213
129	-32.98	-32.98	-16.9	-3.9918792	5.8951473	2.9615438	-61.43333	-3.9918792	0.8	325000	3802.7179861068726
130	-33.14	-33.14	-24.5	-3.9950554	5.8300433	3.4714785	-56.737324	-3.9950554	0.7	327500	3831.7017402648926
131	-27.02	-27.02	-25.1	-3.9654126	5.787833	4.1259646	-55.893574	-3.9654126	0.7	330000	3860.882863521576
132	-38.4	-38.4	-25.4	-3.9863517	5.821832	3.0509503	-59.85097	-3.9863517	0.8	332500	3889.5092322826385
133	-37.52	-37.52	-26.6	-4.029311	5.8292694	2.5459728	-57.939507	-4.029311	0.5	335000	3918.662665605545
134	-26.54	-26.54	-29.9	-4.0335255	5.8434286	4.0317616	-61.590916	-4.0335255	0.6	337500	3947.5423696041107
135	-31.62	-31.62	-30.2	-3.9980953	5.769442	3.559906	-57.637306	-3.9980953	0.6	340000	3976.6688969135284
136	-35.26	-35.26	-20.4	-3.9762642	5.7125015	2.849497	-55.964424	-3.9762642	0.7	342500	4006.8045756816864
137	-27.38	-27.38	-15.2	-3.9887822	5.642797	2.9796417	-55.17229	-3.9887822	0.9	345000	4036.009331226349
138	-28.98	-28.98	-30.0	-3.9682684	5.6327496	2.3700957	-56.15566	-3.9682684	0.7	347500	4065.2112147808075
139	-33.86	-33.86	-19.199999	-3.9739704	5.6064987	4.0066795	-57.276276	-3.9739704	0.7	350000	4094.6489503383636
140	-32.08	-32.08	-25.5	-4.0025344	5.6206574	5.606928	-56.180023	-4.0025344	0.8	352500	4122.352344989777
141	-27.56	-27.56	-28.2	-4.0041842	5.610592	2.4771907	-58.784046	-4.0041842	0.6	355000	4150.326872348785
142	-30.26	-30.26	-19.800001	-4.0332274	5.6613197	4.745636	-57.51438	-4.0332274	0.9	357500	4178.35694527626
143	-29.3	-29.3	-13.1	-4.0237894	5.617394	4.76608	-57.545517	-4.0237894	1.0	360000	4208.4069702625275
144	-26.54	-26.54	-30.6	-4.007244	5.5755663	3.453215	-59.923283	-4.007244	0.5	362500	4238.457503557205
145	-28.6	-28.6	-25.0	-3.99847	5.5259795	3.8915346	-55.99357	-3.99847	0.7	365000	4268.20009469986
146	-25.38	-25.38	-20.6	-4.0056896	5.533128	5.1233077	-56.491245	-4.0056896	0.8	367500	4297.937587738037
147	-29.1	-29.1	-17.1	-3.9511726	5.4739423	2.7218802	-76.675835	-3.9511726	0.9	370000	4327.346196651459
148	-31.24	-31.24	-23.3	-3.9522545	5.459724	2.6377711	-56.80559	-3.9522545	0.8	372500	4356.7437036037445
149	-29.7	-29.7	-20.800001	-3.9371736	5.4111805	3.4224308	-59.12293	-3.9371736	0.9	375000	4386.319499731064
150	-27.42	-27.42	-24.7	-3.9081159	5.356199	3.6311374	-67.69223	-3.9081159	0.7	377500	4415.318514585495
151	-29.54	-29.54	-7.3	-3.894314	5.3368244	2.6794007	-58.72485	-3.894314	1.0	380000	4444.716881513596
152	-25.84	-25.84	-23.7	-3.9143782	5.315346	15.768071	-64.327324	-3.9143782	0.9	382500	4474.413917064667
153	-28.6	-28.6	-26.1	-3.8833354	5.2963877	4.2466116	-62.572178	-3.8833354	0.7	385000	4504.200317621231
154	-23.78	-23.78	-15.2	-3.867513	5.2742167	10.877395	-56.80144	-3.867513	1.0	387500	4533.818252563477
155	-24.6	-24.6	-35.600002	-3.8823304	5.300595	3.5197558	-55.475964	-3.8823304	0.5	390000	4562.912179708481
156	-26.04	-26.04	-25.1	-3.8620434	5.2768726	3.0978632	-53.96551	-3.8620434	0.8	392500	4592.256383180618
157	-28.04	-28.04	-19.5	-3.8422756	5.2596865	3.5478933	-56.484867	-3.8422756	0.9	395000	4621.862643957138
158	-28.46	-28.46	-15.2	-3.8755784	5.295126	4.2552037	-57.293793	-3.8755784	1.0	397500	4651.5105674266815
159	-23.22	-23.22	-18.5	-3.8571897	5.2718983	3.4675696	-62.59097	-3.8571897	0.8	400000	4680.802880048752
160	-26.16	-26.16	-6.3	-3.8405025	5.2483706	2.3807878	-62.05811	-3.8405025	1.0	402500	4709.929399490356
161	-23.16	-23.16	-18.4	-3.8090572	5.253435	2.7580726	-58.934532	-3.8090572	1.0	405000	4738.401272535324
162	-21.2	-21.2	-17.5	-3.8086329	5.251537	4.2501693	-60.004517	-3.8086329	0.9	407500	4766.883416175842
163	-27.82	-27.82	-21.9	-3.761077	5.2304554	26.2118	-60.266956	-3.761077	0.9	410000	4795.593541383743
164	-25.58	-25.58	-22.800001	-3.7653334	5.214627	2.5679681	-67.15988	-3.7653334	0.9	412500	4824.682671785355
165	-25.18	-25.18	-13.0	-3.738142	5.1686687	14.533793	-63.441204	-3.738142	1.0	415000	4853.215260267258
166	-23.28	-23.28	-19.1	-3.7125328	5.1029806	10.205122	-56.041283	-3.7125328	0.9	417500	4881.727497577667
167	-24.98	-24.98	-20.6	-3.6766589	5.0541477	5.353903	-56.928078	-3.6766589	0.9	420000	4910.884527921677
168	-28.34	-28.34	-20.9	-3.6719267	5.0161285	3.535216	-57.220997	-3.6719267	0.9	422500	4939.86618065834
169	-25.88	-25.88	-16.699999	-3.6316042	4.9638567	10.17645	-66.9876	-3.6316042	1.0	425000	4969.662973165512
170	-26.4	-26.4	-13.8	-3.6179411	4.9174576	2.2690146	-57.42758	-3.6179411	0.9	427500	4998.936085939407
171	-26.48	-26.48	-21.6	-3.6321025	4.9640627	2.8125098	-56.55571	-3.6321025	1.0	430000	5028.130872488022
172	-23.58	-23.58	-19.800001	-3.6423173	5.0023475	3.9166398	-56.3833	-3.6423173	0.7	432500	5057.653405666351
173	-21.58	-21.58	-12.8	-3.620756	4.984947	2.8162143	-55.206554	-3.620756	1.0	435000	5086.736488580704
174	-23.3	-23.3	-15.8	-3.614065	4.9974685	5.58182	-61.514694	-3.614065	1.0	437500	5115.71935749054
175	-28.2	-28.2	-19.1	-3.5981352	5.031961	6.1080213	-63.881058	-3.5981352	0.9	440000	5144.798746347427
176	-23.58	-23.58	-24.2	-3.605022	5.0701113	3.4901524	-59.770496	-3.605022	0.7	442500	5173.223522424698
177	-22.74	-22.74	-25.8	-3.5815413	5.0251527	8.051002	-57.028362	-3.5815413	0.7	445000	5202.106782674789
178	-25.42	-25.42	-17.800001	-3.571623	5.0326324	3.383307	-61.21942	-3.571623	0.9	447500	5231.1599860191345
179	-21.78	-21.78	-12.7	-3.5144374	4.979222	5.0202303	-62.294857	-3.5144374	1.0	450000	5260.223561525345
180	-22.54	-22.54	-17.0	-3.5218375	4.942322	3.3073626	-65.575294	-3.5218375	0.9	452500	5289.191193819046
181	-20.08	-20.08	-13.4	-3.5070772	4.933625	3.5188053	-67.54536	-3.5070772	1.0	455000	5318.2162437438965
182	-26.36	-26.36	-11.7	-3.49265	4.9314427	26.567488	-59.31462	-3.49265	1.0	457500	5347.013834238052
183	-22.36	-22.36	-5.7999997	-3.481389	4.9042373	5.9690037	-55.152565	-3.481389	1.0	460000	5375.483001470566
184	-22.94	-22.94	-13.9	-3.4537976	4.850132	7.890713	-56.58182	-3.4537976	0.9	462500	5404.77016377449
185	-20.38	-20.38	-20.1	-3.398287	4.738995	4.792516	-66.248856	-3.398287	1.0	465000	5434.152261734009
186	-22.52	-22.52	-24.6	-3.374494	4.641292	6.393586	-54.399475	-3.374494	0.8	467500	5464.173384189606
187	-23.14	-23.14	-11.7	-3.3321857	4.5840583	26.362741	-58.96331	-3.3321857	1.0	470000	5493.63601064682
188	-25.74	-25.74	-11.099999	-3.2939172	4.5403585	10.323815	-54.538155	-3.2939172	1.0	472500	5523.102108716965
189	-23.92	-23.92	-18.9	-3.2658062	4.4726562	18.884367	-55.871944	-3.2658062	0.8	475000	5552.786345005035
190	-23.44	-23.44	-15.7	-3.2627275	4.483017	7.255705	-53.00211	-3.2627275	0.9	477500	5581.952410459518
191	-24.12	-24.12	-13.2	-3.219322	4.444315	14.161513	-51.7465	-3.219322	1.0	480000	5611.61990904808
192	-23.14	-23.14	-11.400001	-3.224708	4.433587	6.4763975	-52.206753	-3.224708	1.0	482500	5640.819821357727
193	-24.12	-24.12	-15.9	-3.2102997	4.425075	10.794239	-54.327583	-3.2102997	1.0	485000	5669.966594457626
194	-24.9	-24.9	-12.3	-3.1939216	4.381324	5.209578	-52.06922	-3.1939216	1.0	487500	5699.230274915695
195	-21.06	-21.06	-15.0	-3.1723797	4.36912	6.5736732	-52.854877	-3.1723797	0.9	490000	5728.540567874908
196	-16.74	-16.74	-9.099999	-3.1478403	4.3890443	13.412739	-52.744644	-3.1478403	1.0	492500	5757.879444599152
197	-22.76	-22.76	-15.9	-3.1115723	4.383057	9.553009	-56.723015	-3.1115723	0.9	495000	5788.39395904541
198	-23.82	-23.82	-12.7	-3.0867262	4.355083	11.805619	-53.287624	-3.0867262	1.0	497500	5817.647424459457
199	-21.18	-21.18	-13.0	-3.086048	4.336654	6.4502053	-53.72606	-3.086048	1.0	500000	5847.174459934235
200	-23.32	-23.32	-11.8	-3.067062	4.3209662	10.290968	-57.130608	-3.067062	0.9	502500	5875.620974063873
201	-20.52	-20.52	-9.900001	-3.0557547	4.3445926	9.258804	-51.062347	-3.0557547	1.0	505000	5904.810886859894
202	-24.48	-24.48	-14.1	-3.0481977	4.3440914	3.6547608	-57.074684	-3.0481977	0.9	507500	5933.972168922424
203	-21.88	-21.88	-22.1	-3.0241568	4.3636417	3.2549214	-53.892796	-3.0241568	0.8	510000	5963.233290910721
204	-22.34	-22.34	-8.400001	-3.0075347	4.361072	2.8323154	-52.125614	-3.0075347	1.0	512500	5992.252279281616
205	-20.26	-20.26	-16.9	-2.985904	4.3127337	2.5777395	-57.031727	-2.985904	1.0	515000	6021.027105093002
206	-20.54	-20.54	-9.7	-2.9673734	4.291367	3.0526571	-56.48614	-2.9673734	1.0	517500	6050.4987761974335
207	-21.48	-21.48	-12.9	-2.9269538	4.2636585	2.68503	-56.53428	-2.9269538	1.0	520000	6079.449868679047
208	-21.66	-21.66	-21.199999	-2.9086566	4.2161055	2.140914	-52.73621	-2.9086566	0.9	522500	6108.759479999542
209	-21.9	-21.9	-16.5	-2.8845704	4.204679	3.0867107	-56.4854	-2.8845704	1.0	525000	6137.458496809006
210	-24.64	-24.64	-16.9	-2.8806574	4.2050734	2.8576589	-59.991383	-2.8806574	0.9	527500	6165.586156606674
211	-20.46	-20.46	-16.0	-2.8696861	4.2679486	2.486419	-55.647568	-2.8696861	0.9	530000	6194.216192722321
212	-21.44	-21.44	-13.1	-2.852807	4.2623477	2.6632643	-58.88087	-2.852807	1.0	532500	6223.213098526001
213	-21.56	-21.56	-11.3	-2.8331423	4.246333	3.268478	-58.46933	-2.8331423	1.0	535000	6252.291423797607
214	-24.14	-24.14	-17.199999	-2.8217003	4.241848	3.6094062	-55.28626	-2.8217003	0.8	537500	6280.890962362289
215	-18.92	-18.92	-6.7	-2.8090038	4.180983	2.5371647	-50.211246	-2.8090038	1.0	540000	6309.7309029102325
216	-20.74	-20.74	-15.7	-2.782789	4.1293874	3.2313848	-49.668762	-2.782789	1.0	542500	6339.18851017952
217	-22.28	-22.28	-12.8	-2.7566018	4.1340137	2.192129	-54.125053	-2.7566018	0.9	545000	6367.76146364212
218	-21.82	-21.82	-17.300001	-2.7417574	4.147758	2.507663	-55.79393	-2.7417574	0.9	547500	6396.719192266464
219	-22.6	-22.6	-15.8	-2.7495897	4.1778793	3.454183	-53.848778	-2.7495897	1.0	550000	6425.629026651382
220	-20.44	-20.44	-12.4	-2.7622573	4.283206	2.3938367	-64.6063	-2.7622573	0.9	552500	6454.343032360077
221	-20.56	-20.56	-12.7	-2.730413	4.2788644	2.3322473	-55.9024	-2.730413	1.0	555000	6483.49250459671
222	-25.36	-25.36	-8.099999	-2.7168555	4.290291	1.9398363	-57.357227	-2.7168555	1.0	557500	6512.340155124664
223	-19.24	-19.24	-13.6	-2.7382996	4.3472743	3.360342	-54.57857	-2.7382996	1.0	560000	6541.001378774643
224	-18.28	-18.28	-12.3	-2.7004228	4.327337	2.4778662	-58.02068	-2.7004228	0.9	562500	6569.692786931992
225	-23.36	-23.36	-12.3	-2.7135255	4.27476	2.780134	-60.68273	-2.7135255	1.0	565000	6598.820516109467
226	-21.04	-21.04	-8.900001	-2.67711	4.1816454	3.7426596	-54.889168	-2.67711	1.0	567500	6627.617541074753
227	-21.5	-21.5	-12.3	-2.6624029	4.120941	1.9629214	-60.885983	-2.6624029	1.0	570000	6657.0728640556335
228	-22.56	-22.56	-14.2	-2.6475708	4.084528	2.5160038	-47.982563	-2.6475708	1.0	572500	6686.135192155838
229	-22.98	-22.98	-13.4	-2.633584	4.0326843	2.7315397	-54.87344	-2.633584	1.0	575000	6715.245487451553
230	-19.94	-19.94	-10.099999	-2.607407	4.019406	2.205296	-52.81443	-2.607407	1.0	577500	6744.369668006897
231	-21.16	-21.16	-19.4	-2.5951912	4.0043097	2.3362324	-54.419586	-2.5951912	0.9	580000	6773.257831096649
232	-19.46	-19.46	-13.1	-2.5763202	4.0045385	2.9957952	-61.024746	-2.5763202	0.9	582500	6802.904119729996
233	-19.12	-19.12	-12.7	-2.5537274	4.0069323	3.4515574	-52.2535	-2.5537274	1.0	585000	6832.022454500198
234	-20.26	-20.26	-13.8	-2.5420005	4.004349	4.4535775	-53.925137	-2.5420005	1.0	587500	6861.258722543716
235	-23.76	-23.76	-14.7	-2.5547135	4.0353265	3.950449	-56.982098	-2.5547135	0.9	590000	6890.752494335175
236	-21.38	-21.38	-10.900001	-2.5393093	4.023864	3.7287228	-55.632484	-2.5393093	1.0	592500	6919.469698905945
237	-23.24	-23.24	-7.1	-2.531124	3.9875178	3.5473113	-52.417336	-2.531124	1.0	595000	6949.5271689891815
238	-24.08	-24.08	-17.4	-2.5352345	4.0057397	4.1751304	-52.336823	-2.5352345	0.9	597500	6978.6147475242615
239	-23.78	-23.78	-16.300001	-2.5226455	3.9944844	2.5025458	-65.31311	-2.5226455	0.9	600000	7007.712905168533
240	-20.44	-20.44	-11.7	-2.5172448	3.9672513	3.4576986	-54.225727	-2.5172448	1.0	602500	7036.735804796219
241	-22.62	-22.62	-12.2	-2.5036137	3.9340422	3.4608061	-58.835663	-2.5036137	0.9	605000	7065.717956066132
242	-25.38	-25.38	-15.7	-2.5028775	3.9196618	4.5062284	-58.798122	-2.5028775	0.9	607500	7095.276250600815
243	-19.9	-19.9	-11.5	-2.5004592	3.9113889	2.9187002	-52.383327	-2.5004592	1.0	610000	7124.653877496719
244	-23.42	-23.42	-11.9	-2.5115619	3.9351816	4.3736315	-51.749317	-2.5115619	0.9	612500	7154.044651508331
245	-22.56	-22.56	-8.400001	-2.5023515	3.935991	4.398251	-56.646286	-2.5023515	1.0	615000	7183.655925512314
246	-21.96	-21.96	-11.9	-2.5032158	3.963719	2.5421424	-53.653923	-2.5032158	1.0	617500	7213.699638843536
247	-18.54	-18.54	-8.2	-2.512091	3.9967322	2.553243	-54.172577	-2.512091	1.0	620000	7243.127225399017
248	-22.38	-22.38	-11.5	-2.5110538	4.001212	2.6793027	-55.413868	-2.5110538	0.9	622500	7272.318287849426
249	-20.06	-20.06	-12.0	-2.5022202	4.0215483	1.8891882	-61.635868	-2.5022202	1.0	625000	7302.242458581924
250	-18.68	-18.68	-11.5	-2.4959486	4.0313616	2.6451907	-58.600624	-2.4959486	0.9	627500	7331.701237201691
251	-19.62	-19.62	-11.7	-2.5040126	4.07184	2.0623379	-68.81347	-2.5040126	1.0	630000	7361.436380147934
252	-20.42	-20.42	-9.900001	-2.467132	4.0251923	2.5596974	-57.778084	-2.467132	1.0	632500	7391.0670602321625
253	-21.42	-21.42	-14.6	-2.453586	4.030334	2.1952975	-54.057217	-2.453586	0.9	635000	7419.657137870789
254	-20.12	-20.12	-12.8	-2.4489021	3.9729862	2.8070111	-56.91307	-2.4489021	0.9	637500	7448.912954568863
255	-18.12	-18.12	-14.5	-2.4283557	3.9286602	3.500703	-59.894917	-2.4283557	0.9	640000	7478.18386387825
256	-21.14	-21.14	-11.400001	-2.4318423	3.9148953	3.6678853	-56.55645	-2.4318423	1.0	642500	7506.802159547806
257	-23.66	-23.66	-15.4	-2.4258368	3.900011	2.3465161	-57.66871	-2.4258368	1.0	645000	7535.751898527145
258	-19.64	-19.64	-15.6	-2.425927	3.9181929	3.4704344	-61.685738	-2.425927	0.9	647500	7564.396396398544
259	-19.12	-19.12	-15.6	-2.418994	3.9360049	2.2145104	-61.82755	-2.418994	1.0	650000	7593.617992639542
260	-25.58	-25.58	-14.9	-2.4184284	3.9426007	2.0970967	-57.915527	-2.4184284	1.0	652500	7622.872210025787
261	-19.34	-19.34	-18.0	-2.4229	3.9738863	2.955484	-60.538727	-2.4229	0.8	655000	7651.1190683841705
262	-19.4	-19.4	-9.900001	-2.4101474	3.9788039	3.3787818	-55.26308	-2.4101474	1.0	657500	7679.421214103699
263	-20.66	-20.66	-8.3	-2.432153	4.0039682	2.530734	-61.28772	-2.432153	1.0	660000	7708.29429268837
264	-20.32	-20.32	-9.400001	-2.4218373	3.9994473	2.7257276	-54.828114	-2.4218373	1.0	662500	7737.743852138519
265	-23.48	-23.48	-14.1	-2.4195087	3.9902315	3.3905194	-60.410423	-2.4195087	1.0	665000	7766.773112773895
266	-19.72	-19.72	-15.5	-2.425764	4.012229	1.9362981	-54.500378	-2.425764	1.0	667500	7796.024627447128
267	-19.26	-19.26	-17.800001	-2.4180434	4.030706	3.0829031	-55.391914	-2.4180434	0.9	670000	7825.036448717117
268	-21.84	-21.84	-10.2	-2.404628	4.014273	2.3101015	-56.372677	-2.404628	1.0	672500	7853.771580219269
269	-21.06	-21.06	-14.1	-2.4024227	3.9830155	2.3885214	-63.420765	-2.4024227	1.0	675000	7882.752769947052
270	-20.56	-20.56	-12.9	-2.3897824	3.9929085	2.0668554	-54.15826	-2.3897824	0.9	677500	7912.025506258011
271	-19.58	-19.58	-10.2	-2.3818305	3.9899714	2.1110394	-59.359917	-2.3818305	1.0	680000	7941.207026720047
272	-23.58	-23.58	-18.4	-2.3886373	4.0115204	2.2917187	-59.906094	-2.3886373	0.8	682500	7970.6245470047
273	-20.16	-20.16	-8.8	-2.377293	3.9894197	2.2320542	-60.310974	-2.377293	1.0	685000	7999.869244098663
274	-21.2	-21.2	-10.599999	-2.36393	3.996944	2.345642	-53.123558	-2.36393	1.0	687500	8029.680695295334
275	-19.48	-19.48	-11.099999	-2.3528035	3.9580195	2.20254	-58.59196	-2.3528035	1.0	690000	8058.604880809784
276	-21.86	-21.86	-13.9	-2.3538773	3.955642	2.613565	-58.225468	-2.3538773	1.0	692500	8087.884617328644
277	-21.04	-21.04	-18.0	-2.3478055	3.9394653	4.037092	-60.304638	-2.3478055	0.9	695000	8117.2566747665405
278	-22.86	-22.86	-15.0	-2.3537457	3.9175794	2.094242	-53.86292	-2.3537457	0.9	697500	8146.784059762955
279	-20.6	-20.6	-11.7	-2.369472	3.9566543	2.8114808	-57.94415	-2.369472	1.0	700000	8175.775327682495
280	-20.18	-20.18	-11.3	-2.3575146	3.921549	2.71715	-57.91742	-2.3575146	1.0	702500	8205.130095005035
281	-19.48	-19.48	-7.4	-2.366738	3.9562855	2.351451	-56.69387	-2.366738	1.0	705000	8234.723299980164
282	-23.64	-23.64	-7.6	-2.3549914	3.9893622	2.3078723	-59.44857	-2.3549914	1.0	707500	8263.87478852272
283	-20.78	-20.78	-16.9	-2.3624706	4.009783	2.533846	-55.69702	-2.3624706	1.0	710000	8293.433915138245
284	-21.68	-21.68	-12.2	-2.350484	3.9873025	2.8032255	-60.1983	-2.350484	1.0	712500	8321.80843091011
285	-20.4	-20.4	-8.3	-2.3558428	4.006957	1.9185853	-58.85971	-2.3558428	1.0	715000	8351.128239154816
286	-19.56	-19.56	-11.3	-2.3446443	3.9716847	2.5777776	-54.40925	-2.3446443	1.0	717500	8380.48388171196
287	-17.74	-17.74	-15.4	-2.3649724	4.01837	3.2422087	-55.71208	-2.3649724	0.9	720000	8409.18810224533
288	-21.7	-21.7	-10.2	-2.3500557	4.0345087	3.2609274	-58.108574	-2.3500557	1.0	722500	8437.971872806549
289	-23.36	-23.36	-16.300001	-2.3567207	4.055159	2.3912923	-61.511974	-2.3567207	0.8	725000	8466.59124302864
290	-18.66	-18.66	-9.8	-2.3342378	4.0099845	4.9827204	-57.179703	-2.3342378	1.0	727500	8495.641270399094
291	-20.68	-20.68	-13.1	-2.3397238	4.022339	1.8508865	-57.140347	-2.3397238	0.9	730000	8524.414684772491
292	-22.6	-22.6	-10.3	-2.3611655	4.090924	2.7185535	-61.84216	-2.3611655	1.0	732500	8553.340102672577
293	-17.72	-17.72	-11.099999	-2.34765	4.047463	2.472374	-56.187126	-2.34765	1.0	735000	8582.02995967865
294	-16.34	-16.34	-13.9	-2.3335867	4.0208216	2.8772297	-59.19503	-2.3335867	1.0	737500	8610.113488197327
295	-19.14	-19.14	-11.2	-2.3369672	4.0388923	2.233461	-56.62269	-2.3369672	1.0	740000	8638.966714143753
296	-22.3	-22.3	-13.6	-2.344761	4.0511203	2.8967872	-55.5905	-2.344761	0.9	742500	8667.712360620499
297	-18.94	-18.94	-9.8	-2.3229847	4.0345864	2.4771373	-58.187424	-2.3229847	1.0	745000	8696.645030021667
298	-18.02	-18.02	-12.6	-2.3387988	4.0326886	2.946709	-61.68349	-2.3387988	0.9	747500	8725.233221530914
299	-19.24	-19.24	-13.8	-2.3283598	3.9955266	4.8058147	-53.334347	-2.3283598	1.0	750000	8754.294224262238
300	-20.6	-20.6	-10.0	-2.3304136	4.023091	2.4460254	-55.26827	-2.3304136	1.0	752500	8783.240437746048
301	-18.92	-18.92	-13.5	-2.317974	4.038954	2.5758443	-56.862732	-2.317974	0.9	755000	8813.007709503174
302	-19.0	-19.0	-13.4	-2.3115685	4.044596	2.0430884	-57.923218	-2.3115685	0.9	757500	8842.407022237778
303	-24.72	-24.72	-10.099999	-2.3127203	4.029085	2.7274609	-55.554436	-2.3127203	1.0	760000	8871.63110613823
304	-20.76	-20.76	-8.5	-2.31095	4.0229115	2.379799	-54.056133	-2.31095	1.0	762500	8901.105620145798
305	-19.2	-19.2	-14.4	-2.2977493	4.000697	2.115035	-58.031506	-2.2977493	0.9	765000	8929.978935718536
306	-19.74	-19.74	-16.199999	-2.3040113	4.0562334	2.4099336	-57.134357	-2.3040113	0.9	767500	8959.19927573204
307	-20.44	-20.44	-14.9	-2.3128664	4.099633	3.2153697	-56.70025	-2.3128664	0.9	770000	8988.50723862648
308	-18.58	-18.58	-10.2	-2.3055542	4.0868144	1.994142	-54.25594	-2.3055542	1.0	772500	9018.243983745575
309	-22.3	-22.3	-9.0	-2.284621	4.0479054	2.288494	-65.850266	-2.284621	1.0	775000	9048.399249315262
310	-19.56	-19.56	-15.0	-2.2838047	4.069217	2.1123457	-65.16644	-2.2838047	0.9	777500	9077.791352272034
311	-19.52	-19.52	-15.5	-2.2767303	4.048972	1.9445393	-60.96062	-2.2767303	1.0	780000	9107.411563634872
312	-18.92	-18.92	-17.199999	-2.269288	4.011946	2.5376382	-56.01682	-2.269288	1.0	782500	9137.334441184998
313	-20.74	-20.74	-10.900001	-2.2639792	4.0035357	4.09561	-64.755005	-2.2639792	1.0	785000	9167.134706020355
314	-20.04	-20.04	-9.2	-2.271303	4.014323	2.6904907	-60.7493	-2.271303	1.0	787500	9196.640190124512
315	-19.36	-19.36	-10.5	-2.2645862	3.9839342	2.6744664	-63.493507	-2.2645862	1.0	790000	9226.18826675415
316	-18.12	-18.12	-12.0	-2.258916	3.9724286	2.2330825	-56.441246	-2.258916	1.0	792500	9255.864454746246
317	-20.46	-20.46	-8.7	-2.2540913	3.9335876	7.160569	-54.106056	-2.2540913	1.0	795000	9286.06414103508
318	-17.74	-17.74	-13.5	-2.2459652	3.9157128	2.4601793	-57.045464	-2.2459652	1.0	797500	9315.532129049301
319	-21.46	-21.46	-10.900001	-2.2591555	3.9457316	2.335561	-57.89616	-2.2591555	1.0	800000	9345.160748720169
320	-17.9	-17.9	-8.599999	-2.2489734	3.9381278	2.6123796	-56.359962	-2.2489734	1.0	802500	9373.983223676682
321	-22.5	-22.5	-10.2	-2.2396474	3.922991	2.7427268	-51.2656	-2.2396474	1.0	805000	9403.6773519516
322	-20.66	-20.66	-14.1	-2.2390985	3.9184613	2.449079	-58.49152	-2.2390985	1.0	807500	9432.337286949158
323	-18.82	-18.82	-11.5	-2.235907	3.8842175	3.0627341	-64.55367	-2.235907	0.9	810000	9460.540555715561
324	-21.5	-21.5	-8.099999	-2.2405095	3.9270225	2.954775	-55.685303	-2.2405095	1.0	812500	9489.145983457565
325	-20.74	-20.74	-13.0	-2.2166672	3.851134	2.506033	-53.271313	-2.2166672	0.9	815000	9515.74684047699
326	-19.62	-19.62	-9.900001	-2.2087665	3.8089273	2.8991277	-62.982006	-2.2087665	1.0	817500	9544.589941740036
327	-21.12	-21.12	-8.8	-2.1949403	3.7903705	2.9087844	-55.02636	-2.1949403	1.0	820000	9573.660589456558
328	-19.2	-19.2	-10.900001	-2.2155046	3.823638	2.8378773	-53.698124	-2.2155046	1.0	822500	9601.98026895523
329	-22.26	-22.26	-14.8	-2.2397497	3.872775	2.259441	-54.325836	-2.2397497	1.0	825000	9631.594655275345
330	-19.88	-19.88	-13.2	-2.2191286	3.835898	2.5398326	-54.65224	-2.2191286	0.9	827500	9660.587457895279
331	-19.42	-19.42	-12.1	-2.2223482	3.8498302	2.281204	-63.138424	-2.2223482	0.9	830000	9689.50884270668
332	-19.16	-19.16	-12.4	-2.2253683	3.8774812	2.9327927	-65.38769	-2.2253683	1.0	832500	9718.368841409683
333	-21.44	-21.44	-14.2	-2.208361	3.8456376	2.4088874	-54.70792	-2.208361	1.0	835000	9747.230630397797
334	-22.84	-22.84	-13.4	-2.2383049	3.924921	2.8435721	-60.984867	-2.2383049	1.0	837500	9776.356656551361
335	-19.4	-19.4	-14.3	-2.238976	3.9210312	3.0926886	-63.4438	-2.238976	1.0	840000	9806.280947446823
336	-18.34	-18.34	-12.6	-2.2461512	3.9482234	2.3023572	-61.79113	-2.2461512	1.0	842500	9836.102419376373
337	-17.48	-17.48	-14.1	-2.2448997	3.950586	2.179903	-56.050552	-2.2448997	0.9	845000	9865.985987186432
338	-18.94	-18.94	-9.5	-2.2340434	3.9449277	4.6909547	-60.905415	-2.2340434	1.0	847500	9895.540815114975
339	-19.0	-19.0	-9.5	-2.2277524	3.9230452	2.5619826	-62.319782	-2.2277524	1.0	850000	9924.281093597412
340	-18.1	-18.1	-9.400001	-2.2298143	3.9361868	2.6866927	-56.23994	-2.2298143	1.0	852500	9954.020044088364
341	-20.56	-20.56	-14.7	-2.202977	3.9183316	2.2801611	-63.913307	-2.202977	0.9	855000	9982.78966832161
342	-17.46	-17.46	-12.5	-2.2018101	3.8943455	2.6677713	-56.276756	-2.2018101	1.0	857500	10011.693374633789
343	-18.26	-18.26	-9.900001	-2.1998818	3.8738914	2.4691167	-60.884567	-2.1998818	1.0	860000	10041.044594287872
344	-21.4	-21.4	-13.1	-2.1939025	3.875538	2.1997077	-55.92851	-2.1939025	0.9	862500	10070.664119005203
345	-19.22	-19.22	-13.4	-2.192396	3.864414	2.3297343	-53.571705	-2.192396	1.0	865000	10099.297774076462
346	-17.54	-17.54	-10.5	-2.193086	3.8887107	2.0190818	-56.94964	-2.193086	1.0	867500	10128.112867832184
347	-17.64	-17.64	-10.099999	-2.1816442	3.853909	2.1323295	-54.323814	-2.1816442	1.0	870000	10156.629932641983
348	-21.18	-21.18	-8.8	-2.169735	3.852007	4.0507836	-58.641167	-2.169735	1.0	872500	10185.62484073639
349	-22.4	-22.4	-10.3	-2.184459	3.882352	7.5776043	-64.982956	-2.184459	1.0	875000	10215.105934858322
350	-18.72	-18.72	-8.599999	-2.1807094	3.8325036	2.7683878	-53.04428	-2.1807094	1.0	877500	10244.381531953812
351	-19.18	-19.18	-13.7	-2.1780195	3.8368099	3.5193422	-70.22284	-2.1780195	1.0	880000	10273.619231462479
352	-19.98	-19.98	-12.0	-2.176044	3.8281217	3.3166716	-54.871075	-2.176044	1.0	882500	10302.684119224548
353	-18.54	-18.54	-13.6	-2.1635702	3.7789779	4.387425	-49.843323	-2.1635702	1.0	885000	10331.781456232071
354	-18.2	-18.2	-10.7	-2.1670809	3.768216	3.100644	-53.25561	-2.1670809	1.0	887500	10360.958646297455
355	-18.62	-18.62	-10.8	-2.158579	3.789872	5.7530713	-59.625305	-2.158579	1.0	890000	10389.847223997116
356	-17.72	-17.72	-12.7	-2.1462674	3.771479	2.5317187	-53.43246	-2.1462674	1.0	892500	10418.450688838959
357	-17.7	-17.7	-12.1	-2.1403224	3.766215	7.650644	-53.97009	-2.1403224	1.0	895000	10447.866963386536
358	-20.78	-20.78	-11.2	-2.1594017	3.8148708	3.5129993	-52.545624	-2.1594017	1.0	897500	10476.661170244217
359	-20.82	-20.82	-12.8	-2.152963	3.8059459	3.300105	-53.08698	-2.152963	1.0	900000	10505.47034072876
360	-15.22	-15.22	-9.2	-2.152357	3.8032107	2.6963358	-52.77924	-2.152357	1.0	902500	10534.396163702011
361	-19.2	-19.2	-8.8	-2.1286619	3.7790413	2.502158	-52.72499	-2.1286619	1.0	905000	10563.084063529968
362	-20.14	-20.14	-10.8	-2.1405041	3.8309836	2.8665795	-56.913143	-2.1405041	1.0	907500	10592.642896175385
363	-19.08	-19.08	-8.3	-2.159383	3.8198664	2.5257115	-56.836494	-2.159383	1.0	910000	10622.242317199707
364	-19.3	-19.3	-9.8	-2.1593418	3.8091412	2.9132743	-58.14499	-2.1593418	1.0	912500	10651.96930217743
365	-19.52	-19.52	-11.8	-2.1482804	3.7925353	3.361329	-56.368298	-2.1482804	1.0	915000	10681.35025548935
366	-21.96	-21.96	-11.7	-2.133933	3.7957	2.4682682	-57.434414	-2.133933	1.0	917500	10711.209557771683
367	-20.18	-20.18	-7.0	-2.1260614	3.7752287	2.638928	-58.535732	-2.1260614	1.0	920000	10740.986476421356
368	-21.56	-21.56	-12.4	-2.1308389	3.7847319	2.928646	-67.57795	-2.1308389	1.0	922500	10771.083636760712
369	-20.46	-20.46	-15.7	-2.146122	3.8036623	2.7203374	-61.76091	-2.146122	1.0	925000	10800.428600788116
370	-18.08	-18.08	-12.3	-2.132591	3.7831306	2.9282339	-54.48479	-2.132591	1.0	927500	10829.762487411499
371	-18.0	-18.0	-8.3	-2.1241648	3.7945008	6.6038194	-60.991013	-2.1241648	1.0	930000	10859.02799296379
372	-20.78	-20.78	-10.8	-2.119139	3.8012776	4.2565026	-57.284668	-2.119139	1.0	932500	10888.715792894363
373	-15.22	-15.22	-12.6	-2.1220784	3.7835076	3.7186875	-60.278656	-2.1220784	1.0	935000	10918.096897125244
374	-18.52	-18.52	-13.7	-2.1116726	3.781729	5.2392163	-58.198822	-2.1116726	0.9	937500	10946.766929388046
375	-19.96	-19.96	-19.4	-2.1183548	3.8183172	3.8366423	-54.305775	-2.1183548	0.9	940000	10976.010505199432
376	-20.8	-20.8	-12.4	-2.127091	3.8503423	7.0395193	-56.979492	-2.127091	1.0	942500	11005.670577764511
377	-19.04	-19.04	-13.0	-2.1387656	3.893722	3.4940586	-56.95231	-2.1387656	0.9	945000	11034.837483406067
378	-17.88	-17.88	-10.5	-2.1221426	3.8745346	3.5519485	-58.618015	-2.1221426	1.0	947500	11064.31145310402
379	-20.9	-20.9	-11.3	-2.1160645	3.8524797	2.8359723	-58.27654	-2.1160645	1.0	950000	11093.768958330154
380	-18.88	-18.88	-10.8	-2.1231055	3.8279042	3.7289147	-58.496677	-2.1231055	1.0	952500	11123.308648347855
381	-21.4	-21.4	-10.099999	-2.1095097	3.8132784	4.9802566	-59.01934	-2.1095097	1.0	955000	11152.625997304916
382	-21.7	-21.7	-9.3	-2.1138933	3.809193	2.227278	-54.82489	-2.1138933	1.0	957500	11182.187732458115
383	-20.62	-20.62	-11.3	-2.1302605	3.8263273	4.2139997	-60.461517	-2.1302605	0.9	960000	11211.85194015503
384	-16.52	-16.52	-6.3	-2.1382504	3.8546932	3.3272662	-61.116806	-2.1382504	1.0	962500	11241.501076459885
385	-17.18	-17.18	-8.3	-2.1177802	3.78686	4.3672533	-56.67977	-2.1177802	1.0	965000	11271.467816114426
386	-19.74	-19.74	-10.900001	-2.1154532	3.7563362	8.901621	-59.012512	-2.1154532	0.9	967500	11301.404077768326
387	-21.76	-21.76	-15.5	-2.108465	3.7496443	3.329555	-60.32042	-2.108465	0.9	970000	11331.023446559906
388	-19.44	-19.44	-7.1	-2.108123	3.7545967	4.166258	-62.63234	-2.108123	1.0	972500	11359.82298374176
389	-20.3	-20.3	-14.8	-2.109091	3.7633557	3.216006	-54.63309	-2.109091	0.9	975000	11389.342248916626
390	-19.62	-19.62	-10.099999	-2.1042323	3.7273235	3.800934	-55.422237	-2.1042323	1.0	977500	11418.50649023056
391	-18.42	-18.42	-10.3	-2.111003	3.7433789	4.694838	-60.009766	-2.111003	0.9	980000	11448.083449602127
392	-21.34	-21.34	-13.7	-2.1076047	3.7505774	3.163752	-78.786865	-2.1076047	0.9	982500	11476.741515636444
393	-20.68	-20.68	-11.3	-2.1088758	3.7826865	5.438698	-65.91929	-2.1088758	1.0	985000	11505.51280617714
394	-17.94	-17.94	-11.2	-2.1032453	3.7877402	2.6134303	-65.13822	-2.1032453	1.0	987500	11534.165909290314
395	-15.38	-15.38	-15.4	-2.1104517	3.7846515	3.6268778	-55.9571	-2.1104517	0.9	990000	11563.236501693726
396	-21.04	-21.04	-8.5	-2.1152995	3.7800317	3.3850288	-59.35423	-2.1152995	1.0	992500	11592.358767032623
397	-20.72	-20.72	-9.599999	-2.1056743	3.751801	3.0209925	-60.170868	-2.1056743	1.0	995000	11621.587859869003
398	-20.36	-20.36	-13.3	-2.0967772	3.7465363	3.418216	-58.39097	-2.0967772	1.0	997500	11651.315589666367
399	-19.14	-19.14	-9.400001	-2.0945683	3.7443125	5.7901793	-53.052708	-2.0945683	1.0	1000000	11680.350636720657
400	-18.84	-18.84	-7.3	-2.095408	3.744308	3.4078255	-77.71887	-2.095408	1.0	1002500	11710.1517059803
401	-18.94	-18.94	-8.400001	-2.1059933	3.7654784	5.614077	-57.312794	-2.1059933	1.0	1005000	11739.969050168991
402	-17.64	-17.64	-16.4	-2.0894768	3.7041163	3.2086422	-55.16772	-2.0894768	0.8	1007500	11769.144708395004
403	-18.32	-18.32	-12.1	-2.0890474	3.716973	4.1147175	-53.83363	-2.0890474	1.0	1010000	11798.459800720215
404	-17.84	-17.84	-9.8	-2.0757983	3.6759539	12.128892	-54.1238	-2.0757983	1.0	1012500	11828.008449792862
405	-17.92	-17.92	-10.7	-2.0778353	3.6776564	5.2716208	-59.013508	-2.0778353	1.0	1015000	11857.470059394836
406	-18.5	-18.5	-10.900001	-2.0771928	3.6944253	9.32118	-51.622677	-2.0771928	1.0	1017500	11886.577492713928
407	-19.52	-19.52	-9.599999	-2.061989	3.6631403	4.1393166	-57.69128	-2.061989	1.0	1020000	11915.97770190239
408	-19.6	-19.6	-11.0	-2.057633	3.667276	4.785118	-53.96029	-2.057633	1.0	1022500	11945.799600362778
409	-18.76	-18.76	-10.7	-2.0632546	3.6771812	3.065899	-53.76632	-2.0632546	1.0	1025000	11975.600060462952
410	-22.54	-22.54	-11.0	-2.0712495	3.689102	4.675375	-64.37069	-2.0712495	1.0	1027500	12005.458130121231
411	-18.26	-18.26	-11.2	-2.0696907	3.6961927	5.473689	-52.5005	-2.0696907	0.9	1030000	12035.040103912354
412	-16.38	-16.38	-11.7	-2.065999	3.6984973	4.7250156	-56.30986	-2.065999	1.0	1032500	12064.561825275421
413	-19.28	-19.28	-10.3	-2.0507917	3.6750216	3.6669924	-61.802876	-2.0507917	1.0	1035000	12093.540039539337
414	-17.36	-17.36	-13.6	-2.0482316	3.7019112	5.4404993	-57.91903	-2.0482316	1.0	1037500	12121.772843122482
415	-18.54	-18.54	-12.6	-2.03466	3.6676133	7.5460978	-64.03032	-2.03466	1.0	1040000	12151.306148290634
416	-17.24	-17.24	-10.3	-2.039659	3.6959991	3.028978	-60.172623	-2.039659	1.0	1042500	12181.112924337387
417	-18.14	-18.14	-9.5	-2.0510728	3.7339604	2.3250387	-59.99982	-2.0510728	1.0	1045000	12210.36238527298
418	-17.82	-17.82	-12.4	-2.043964	3.7315173	4.9823484	-55.3839	-2.043964	1.0	1047500	12239.174987316132
419	-17.42	-17.42	-12.4	-2.0436604	3.7368464	3.9020271	-61.717934	-2.0436604	1.0	1050000	12268.13968372345
420	-19.44	-19.44	-10.599999	-2.055292	3.7548518	5.8310413	-65.734955	-2.055292	1.0	1052500	12297.210708141327
421	-14.22	-14.22	-17.4	-2.0525212	3.7706437	4.874346	-59.679035	-2.0525212	0.9	1055000	12326.05616736412
422	-19.26	-19.26	-9.0	-2.0453622	3.7589579	2.6559145	-71.40438	-2.0453622	1.0	1057500	12355.439175367355
423	-17.6	-17.6	-13.8	-2.0432243	3.7544603	2.869176	-56.8683	-2.0432243	0.9	1060000	12385.205337285995
424	-20.78	-20.78	-18.4	-2.0317101	3.7337263	5.1673136	-53.831566	-2.0317101	0.8	1062500	12414.824607849121
425	-20.24	-20.24	-7.8	-2.0316515	3.735525	4.0490975	-52.444847	-2.0316515	1.0	1065000	12443.940364599228
426	-19.24	-19.24	-11.5	-2.0288196	3.7227597	3.1678333	-60.323265	-2.0288196	0.9	1067500	12473.665903568268
427	-20.2	-20.2	-11.2	-2.0435224	3.7546778	2.2758934	-56.95184	-2.0435224	1.0	1070000	12503.39959692955
428	-20.36	-20.36	-7.8	-2.0421047	3.7461343	4.2627215	-59.277576	-2.0421047	1.0	1072500	12532.88769197464
429	-21.0	-21.0	-9.0	-2.0434904	3.7207444	4.4637914	-60.5376	-2.0434904	1.0	1075000	12562.54606127739
430	-15.76	-15.76	-23.199999	-2.0222337	3.6643524	7.2592754	-55.29075	-2.0222337	0.7	1077500	12592.13881278038
431	-20.92	-20.92	-8.8	-2.0223222	3.695069	5.6840057	-58.722473	-2.0223222	1.0	1080000	12622.082026481628
432	-15.22	-15.22	-9.5	-2.0157022	3.6872	3.2676868	-58.6375	-2.0157022	1.0	1082500	12651.974565267563
433	-20.24	-20.24	-9.7	-2.012088	3.6818163	5.6268997	-56.22556	-2.012088	1.0	1085000	12681.652658939362
434	-18.18	-18.18	-12.5	-2.0326712	3.7348657	3.2480547	-60.169888	-2.0326712	1.0	1087500	12711.133269786835
435	-18.2	-18.2	-11.8	-2.0122678	3.7480893	5.1863956	-56.982357	-2.0122678	1.0	1090000	12740.653771877289
436	-18.48	-18.48	-10.5	-2.0312424	3.76443	5.1597967	-59.759293	-2.0312424	1.0	1092500	12769.953071594238
437	-18.9	-18.9	-12.3	-2.013902	3.7218456	3.7743583	-54.57418	-2.013902	1.0	1095000	12799.444565057755
438	-21.6	-21.6	-9.900001	-2.0051048	3.711126	4.42429	-56.55455	-2.0051048	1.0	1097500	12828.708744049072
439	-18.56	-18.56	-10.2	-2.0307186	3.73968	3.8860722	-66.48476	-2.0307186	1.0	1100000	12858.018626213074
440	-18.84	-18.84	-9.5	-2.0157213	3.7121885	6.4087296	-59.178455	-2.0157213	1.0	1102500	12887.688473701477
441	-18.24	-18.24	-10.400001	-2.0089633	3.6948645	3.0799906	-59.98278	-2.0089633	1.0	1105000	12918.067161798477
442	-20.54	-20.54	-14.5	-2.0179994	3.7029	3.7259898	-58.45586	-2.0179994	0.9	1107500	12947.860505342484
443	-17.28	-17.28	-15.7	-2.0218115	3.720516	4.2949395	-56.850372	-2.0218115	0.9	1110000	12977.438232421875
444	-18.84	-18.84	-13.0	-2.0165064	3.6656642	4.7165527	-50.616848	-2.0165064	1.0	1112500	13007.430619001389
445	-16.18	-16.18	-9.0	-2.0001447	3.63381	5.209046	-53.378857	-2.0001447	1.0	1115000	13036.371074676514
446	-20.32	-20.32	-9.0	-1.9974005	3.6429324	3.4668236	-57.989914	-1.9974005	1.0	1117500	13065.952249765396
447	-19.52	-19.52	-11.9	-1.9902726	3.6257873	4.912225	-51.76879	-1.9902726	1.0	1120000	13096.027602434158
448	-16.72	-16.72	-10.2	-1.9878836	3.6127176	5.857422	-57.20931	-1.9878836	1.0	1122500	13125.620110750198
449	-19.86	-19.86	-8.099999	-1.9824575	3.616671	3.086539	-59.063744	-1.9824575	1.0	1125000	13155.30529141426
450	-16.86	-16.86	-14.1	-1.9908855	3.6323006	4.703682	-56.389526	-1.9908855	0.9	1127500	13183.611649751663
451	-17.06	-17.06	-11.3	-1.9683563	3.5975568	2.926865	-59.76685	-1.9683563	1.0	1130000	13212.266783952713
452	-19.78	-19.78	-11.8	-1.9802135	3.6163003	6.6559715	-65.13668	-1.9802135	1.0	1132500	13241.635291814804
453	-19.08	-19.08	-9.099999	-1.9697407	3.5729027	4.0284624	-55.510723	-1.9697407	1.0	1135000	13270.735370397568
454	-20.14	-20.14	-10.7	-1.9701922	3.5820768	3.1255403	-51.12127	-1.9701922	1.0	1137500	13299.722548246384
455	-21.52	-21.52	-8.0	-1.9812448	3.5875132	3.3655186	-64.440636	-1.9812448	1.0	1140000	13328.468977451324
456	-16.48	-16.48	-9.0	-1.9822325	3.5873227	5.524344	-51.775555	-1.9822325	1.0	1142500	13356.961970806122
457	-19.6	-19.6	-7.2	-1.9714575	3.5571625	7.1357026	-52.99433	-1.9714575	1.0	1145000	13386.313957691193
458	-18.18	-18.18	-14.5	-1.9647973	3.5518534	6.164935	-53.1648	-1.9647973	0.9	1147500	13415.747868776321
459	-18.36	-18.36	-13.2	-1.954458	3.535991	4.950882	-56.89028	-1.954458	1.0	1150000	13445.130963563919
460	-18.28	-18.28	-12.2	-1.9580859	3.526222	4.1033354	-61.423817	-1.9580859	1.0	1152500	13474.170065402985
461	-18.24	-18.24	-12.8	-1.9620304	3.5237865	4.298865	-56.055656	-1.9620304	1.0	1155000	13503.005646705627
462	-17.5	-17.5	-12.1	-1.955402	3.496687	4.657961	-54.795067	-1.955402	1.0	1157500	13532.475594520569
463	-16.98	-16.98	-13.8	-1.9456352	3.4727511	3.8556511	-61.8426	-1.9456352	1.0	1160000	13562.061943769455
464	-17.1	-17.1	-14.6	-1.9321148	3.4620228	3.6782825	-43.38705	-1.9321148	1.0	1162500	13591.911824703217
465	-19.8	-19.8	-9.8	-1.9421179	3.4799387	3.339168	-53.406548	-1.9421179	1.0	1165000	13621.78864479065
466	-18.5	-18.5	-10.8	-1.9292929	3.4703152	3.8772063	-55.360626	-1.9292929	1.0	1167500	13651.746387720108
467	-21.62	-21.62	-12.7	-1.9257282	3.4730873	3.922858	-47.488342	-1.9257282	1.0	1170000	13681.566901683807
468	-20.36	-20.36	-8.7	-1.9458766	3.5007484	3.6057742	-63.843403	-1.9458766	1.0	1172500	13711.420334100723
469	-19.14	-19.14	-15.9	-1.9495736	3.5099447	4.070812	-54.796383	-1.9495736	1.0	1175000	13741.001681089401
470	-19.2	-19.2	-12.5	-1.947502	3.5043676	2.6877806	-49.16352	-1.947502	1.0	1177500	13770.725512504578
471	-17.24	-17.24	-11.099999	-1.9486587	3.5150547	6.320917	-54.307266	-1.9486587	1.0	1180000	13800.39098572731
472	-18.52	-18.52	-11.9	-1.9295962	3.464943	3.2673008	-49.636436	-1.9295962	1.0	1182500	13829.664553403854
473	-17.54	-17.54	-6.0	-1.9332433	3.4951003	5.3864994	-51.617283	-1.9332433	1.0	1185000	13859.561815738678
474	-20.06	-20.06	-8.7	-1.9287965	3.482567	5.028863	-61.64536	-1.9287965	1.0	1187500	13890.116373538971
475	-18.06	-18.06	-11.7	-1.9393643	3.5181012	3.6416674	-55.222507	-1.9393643	1.0	1190000	13920.094867944717
476	-19.14	-19.14	-9.900001	-1.9389184	3.546339	4.1790733	-55.447735	-1.9389184	1.0	1192500	13949.274237394333
477	-19.84	-19.84	-7.2	-1.9345685	3.5273185	3.473532	-50.637432	-1.9345685	1.0	1195000	13979.06562781334
478	-17.76	-17.76	-9.5	-1.9507626	3.537343	4.0426292	-55.180264	-1.9507626	1.0	1197500	14009.111960172653
479	-21.3	-21.3	-10.0	-1.9373211	3.5133243	2.7411819	-50.82828	-1.9373211	1.0	1200000	14038.760168552399
480	-19.46	-19.46	-9.099999	-1.9366139	3.4985406	3.6150637	-63.129776	-1.9366139	1.0	1202500	14068.885707616806
481	-19.1	-19.1	-12.0	-1.9222685	3.4920256	4.4806776	-53.19999	-1.9222685	1.0	1205000	14098.61090016365
482	-19.1	-19.1	-10.8	-1.9286846	3.5185747	4.881356	-52.99277	-1.9286846	1.0	1207500	14128.272639036179
483	-19.96	-19.96	-11.3	-1.9276334	3.5059013	4.6828613	-54.545853	-1.9276334	0.9	1210000	14157.78573679924
484	-20.8	-20.8	-11.8	-1.9215574	3.485481	2.9539897	-54.91121	-1.9215574	1.0	1212500	14187.268402576447
485	-18.58	-18.58	-8.5	-1.9191587	3.486995	1.833895	-53.708134	-1.9191587	1.0	1215000	14217.465980052948
486	-19.3	-19.3	-13.4	-1.9236001	3.5165107	2.9843955	-55.357388	-1.9236001	0.9	1217500	14247.293387651443
487	-18.18	-18.18	-9.7	-1.9434054	3.5397897	4.722007	-54.168888	-1.9434054	1.0	1220000	14277.208956003189
488	-18.96	-18.96	-8.599999	-1.9442412	3.5334792	3.6632311	-64.46112	-1.9442412	1.0	1222500	14306.648493289948
489	-18.96	-18.96	-10.400001	-1.9473975	3.5464845	1.8599575	-55.26286	-1.9473975	1.0	1225000	14336.741104364395
490	-18.52	-18.52	-8.900001	-1.9468056	3.5415902	2.8789308	-66.95987	-1.9468056	1.0	1227500	14365.538016319275
491	-18.54	-18.54	-11.099999	-1.9439445	3.5505269	3.1735432	-58.475388	-1.9439445	1.0	1230000	14394.732235431671
492	-18.68	-18.68	-14.4	-1.9352944	3.5233793	5.79549	-55.317394	-1.9352944	0.9	1232500	14423.574447154999
493	-20.14	-20.14	-8.099999	-1.9346008	3.5299175	3.4779267	-56.437492	-1.9346008	1.0	1235000	14452.527703762054
494	-19.38	-19.38	-9.0	-1.9412698	3.5484812	3.928701	-53.996178	-1.9412698	1.0	1237500	14481.456314325333
495	-16.44	-16.44	-17.800001	-1.9283181	3.5270145	2.5579607	-56.56095	-1.9283181	0.9	1240000	14511.472804784775
496	-16.82	-16.82	-11.3	-1.9419546	3.5360377	2.8511102	-60.274586	-1.9419546	1.0	1242500	14540.585485696793
497	-18.7	-18.7	-12.1	-1.9437644	3.5045733	5.7355347	-63.508423	-1.9437644	1.0	1245000	14570.086940288544
498	-20.14	-20.14	-17.5	-1.943873	3.515825	4.540132	-53.991837	-1.943873	0.8	1247500	14599.735085725784
499	-18.8	-18.8	-10.900001	-1.9375278	3.5343027	4.126156	-60.294167	-1.9375278	1.0	1250000	14629.210123300552
