Epoch	EpRet	EpRealRet	TestEpRet	AverageQ1	StdQ1	MaxQ1	MinQ1	Q2	TestSuccess	TotalEnvInteracts	TotalTime
0	-50.0	-50.0	-40.0	3.1878672	5.6229534	234.94762	0.40649617	3.1713712	0.2	2500	97.7224748134613
1	-49.0	-49.0	-50.0	5.1517315	1.593751	12.932347	1.7073783	5.119781	0.0	5000	188.66050577163696
2	-50.0	-50.0	-50.0	4.2260833	1.4496883	11.96994	1.2728324	4.177152	0.0	7500	274.46961522102356
3	-50.0	-50.0	-50.0	2.735074	0.986874	8.464001	0.77857685	2.718435	0.0	10000	356.679651260376
4	-50.0	-50.0	-50.0	1.7376502	0.6517572	5.3997674	0.5011826	1.7263572	0.0	12500	438.73974609375
5	-50.0	-50.0	-50.0	1.1949629	0.4547413	4.246151	0.31572855	1.1901723	0.0	15000	520.5290277004242
6	-49.94	-49.94	-50.0	0.8671471	0.48398578	6.526635	0.25719723	0.8569887	0.0	17500	599.4930305480957
7	-50.0	-50.0	-50.0	0.7850918	0.839509	11.675164	0.19735937	0.7774108	0.0	20000	681.9089245796204
8	-49.94	-49.94	-50.0	0.79879725	1.5755773	23.799116	0.16793567	0.78515524	0.0	22500	764.6105055809021
9	-49.88	-49.88	-50.0	1.3285942	3.7911701	80.12508	0.16122349	1.3067662	0.0	25000	847.6776790618896
10	-49.98	-49.98	-50.0	2.8172297	8.250134	107.146255	0.1992493	2.7900527	0.0	27500	928.1964626312256
11	-50.0	-50.0	-50.0	4.206748	17.25498	336.7264	0.15081772	4.1609793	0.0	30000	1007.6431691646576
12	-49.78	-49.78	-49.7	7.811087	38.357677	749.6574	0.1799866	7.7453375	0.0	32500	1087.3131437301636
13	-49.64	-49.64	-50.0	9.538009	49.093254	1138.3284	0.1756356	9.430005	0.0	35000	1167.2448680400848
14	-49.88	-49.88	-50.0	16.347992	88.53648	1566.8552	0.32428434	16.103313	0.0	37500	1249.6225719451904
15	-49.92	-49.92	-47.0	22.554117	122.37394	2947.8486	0.40617007	22.088976	0.0	40000	1331.928195476532
16	-50.0	-50.0	-50.0	41.040977	222.22743	3582.5356	0.43836638	40.80911	0.0	42500	1413.8172783851624
17	-49.98	-49.98	-50.0	86.410164	380.89694	7466.8633	0.5500543	85.62184	0.0	45000	1493.189068555832
18	-50.0	-50.0	-50.0	134.90234	636.1315	10279.013	1.5743642	133.6141	0.0	47500	1573.9460697174072
19	-50.0	-50.0	-50.0	335.63864	1022.0635	17912.889	4.4668236	334.458	0.0	50000	1654.0185868740082
20	-50.0	-50.0	-50.0	1220.9447	2855.391	57135.24	14.13355	1211.0281	0.0	52500	1733.8797459602356
21	-49.0	-49.0	-50.0	2426.9758	5126.3276	63544.582	38.511024	2379.523	0.0	55000	1812.7557995319366
22	-50.0	-50.0	-49.6	2537.064	6330.0415	110529.414	94.89476	2504.3828	0.0	57500	1893.889316558838
23	-50.0	-50.0	-45.0	1960.5243	4818.789	78785.875	78.568474	1932.9722	0.1	60000	1972.2169132232666
24	-49.94	-49.94	-50.0	1599.8015	4668.5264	92670.83	78.53734	1583.4053	0.0	62500	2052.8860216140747
25	-50.0	-50.0	-50.0	1192.2955	2934.9011	87574.11	75.29324	1151.956	0.0	65000	2134.6124625205994
26	-49.74	-49.74	-50.0	1316.6316	5294.3105	123358.35	63.534798	1294.2612	0.0	67500	2214.430715560913
27	-50.0	-50.0	-50.0	831.9305	3209.431	76078.44	44.421402	805.9599	0.0	70000	2292.603064775467
28	-50.0	-50.0	-50.0	1474.9407	7783.8438	172561.34	30.530403	1465.2009	0.0	72500	2372.1385514736176
29	-50.0	-50.0	-50.0	1033.6495	5874.9146	139601.86	30.595583	1002.0024	0.0	75000	2449.7864582538605
30	-50.0	-50.0	-47.1	1257.7	6341.433	134392.42	30.820671	1228.2195	0.1	77500	2527.3443806171417
31	-50.0	-50.0	-50.0	1742.4181	9678.798	206833.31	27.574474	1716.4298	0.0	80000	2606.2781088352203
32	-50.0	-50.0	-50.0	1539.4025	7646.103	248670.75	25.574915	1472.598	0.0	82500	2682.777886390686
33	-49.46	-49.46	-50.0	3038.9688	17286.664	503453.6	39.316696	2946.156	0.0	85000	2758.1756513118744
34	-50.0	-50.0	-50.0	3736.5195	17722.756	535202.6	78.42491	3679.673	0.0	87500	2833.219506263733
35	-50.0	-50.0	-50.0	5286.506	26843.682	743457.94	162.8927	5222.396	0.0	90000	2908.4596123695374
36	-50.0	-50.0	-50.0	8173.9624	35010.434	706406.06	162.3754	7996.7485	0.0	92500	2983.5572612285614
37	-50.0	-50.0	-50.0	8375.771	26983.213	550576.9	160.83641	8174.869	0.0	95000	3058.505928516388
38	-49.48	-49.48	-46.9	8962.101	28425.72	925489.7	176.17682	8532.078	0.0	97500	3133.749414920807
39	-50.0	-50.0	-50.0	15261.076	50489.445	1160550.2	139.66238	14617.514	0.0	100000	3209.1668939590454
40	-50.0	-50.0	-45.0	27045.447	72198.57	1408287.8	267.47812	25272.203	0.1	102500	3286.569461584091
41	-50.0	-50.0	-50.0	38500.77	97370.52	1319714.1	648.2331	36155.984	0.0	105000	3361.922350883484
42	-49.24	-49.24	-50.0	70239.97	162362.78	1913225.4	499.69373	67388.32	0.0	107500	3439.080300807953
43	-50.0	-50.0	-50.0	142596.31	333363.75	4349859.0	918.8959	134977.8	0.0	110000	3514.6868693828583
44	-50.0	-50.0	-50.0	246815.45	570601.8	7731910.0	2247.026	228531.17	0.0	112500	3591.303218126297
45	-50.0	-50.0	-50.0	389359.75	870577.3	11578609.0	3666.9165	362903.56	0.0	115000	3668.568467617035
46	-49.94	-49.94	-50.0	525704.4	1247852.9	14654031.0	3745.0154	484689.97	0.0	117500	3745.7773094177246
47	-50.0	-50.0	-50.0	661025.44	1570603.8	24422554.0	3705.809	598465.0	0.0	120000	3824.5077073574066
48	-50.0	-50.0	-45.2	931817.7	2163347.0	24423170.0	9661.531	863450.06	0.0	122500	3901.111830472946
49	-50.0	-50.0	-50.0	1398842.9	3113072.8	31256978.0	27131.742	1308106.8	0.0	125000	3977.5084533691406
50	-50.0	-50.0	-50.0	1943778.5	4130365.5	42627070.0	57590.344	1800077.0	0.0	127500	4056.8625407218933
51	-50.0	-50.0	-50.0	2469585.0	5757955.5	57837620.0	55331.176	2310179.2	0.0	130000	4133.61116027832
52	-49.94	-49.94	-50.0	2910036.8	6908317.5	78023620.0	53717.168	2660922.2	0.0	132500	4209.403696298599
53	-49.92	-49.92	-50.0	3920896.0	9767055.0	114688190.0	61036.54	3715177.5	0.0	135000	4286.321430683136
54	-49.96	-49.96	-50.0	5310588.0	12546429.0	135388060.0	60441.45	4964215.0	0.0	137500	4361.777128696442
55	-49.94	-49.94	-50.0	6737578.0	17847202.0	207052960.0	55738.516	6369603.0	0.0	140000	4436.606781244278
56	-49.96	-49.96	-50.0	9076683.0	22303010.0	243887310.0	76130.42	8518329.0	0.0	142500	4512.1093962192535
57	-50.0	-50.0	-50.0	12729745.0	29363658.0	394361180.0	99968.266	11871201.0	0.0	145000	4585.848473787308
58	-50.0	-50.0	-50.0	18786980.0	40569504.0	423928400.0	333176.7	17700986.0	0.0	147500	4660.636388540268
59	-50.0	-50.0	-50.0	22484708.0	53315420.0	735478460.0	293103.5	20987162.0	0.0	150000	4737.2852435112
60	-50.0	-50.0	-50.0	29910382.0	70199160.0	761972500.0	522312.0	28172472.0	0.0	152500	4812.276430130005
61	-49.0	-49.0	-50.0	37514380.0	84032000.0	940997100.0	691645.5	35141012.0	0.0	155000	4887.678133249283
62	-49.0	-49.0	-50.0	46609988.0	109023250.0	1143595600.0	515423.78	43582736.0	0.0	157500	4963.445608139038
63	-50.0	-50.0	-50.0	56983804.0	131672570.0	1429197600.0	363053.94	53212290.0	0.0	160000	5038.372040271759
64	-50.0	-50.0	-50.0	72521790.0	171717250.0	1703244000.0	566495.25	67732860.0	0.0	162500	5113.242076873779
65	-50.0	-50.0	-45.0	97112860.0	216313900.0	3079473200.0	1012358.6	91922056.0	0.1	165000	5187.366956949234
66	-49.66	-49.66	-50.0	121423680.0	234969000.0	2678290400.0	5251385.0	114582264.0	0.0	167500	5259.584885835648
67	-50.0	-50.0	-50.0	130669050.0	237679310.0	2783068000.0	7055559.0	124606264.0	0.0	170000	5333.942078828812
68	-50.0	-50.0	-50.0	195092830.0	263556460.0	2427544000.0	22337912.0	185274430.0	0.0	172500	5409.591783285141
69	-50.0	-50.0	-50.0	180065220.0	278399300.0	2848724700.0	13606199.0	169660670.0	0.0	175000	5483.918885231018
70	-49.66	-49.66	-50.0	152762140.0	275517920.0	2607814700.0	10935098.0	141160510.0	0.0	177500	5557.48711514473
71	-50.0	-50.0	-45.0	160852180.0	335271330.0	3431674400.0	6263242.0	147289660.0	0.1	180000	5631.868850231171
72	-50.0	-50.0	-50.0	167275060.0	352664900.0	3694091300.0	3954260.0	150779310.0	0.0	182500	5705.934679031372
73	-49.0	-49.0	-50.0	194060480.0	427916700.0	4913475600.0	2948172.0	173794340.0	0.0	185000	5781.439447641373
74	-48.42	-48.42	-50.0	202160740.0	419383100.0	5087552500.0	3965366.8	183120530.0	0.0	187500	5857.844130992889
75	-50.0	-50.0	-50.0	244255400.0	561119200.0	7806081500.0	5588825.5	214747520.0	0.0	190000	5933.266452789307
76	-49.94	-49.94	-50.0	280244380.0	627081600.0	9420634000.0	4958650.0	247429420.0	0.0	192500	6007.271943092346
77	-49.96	-49.96	-50.0	341573730.0	856688400.0	9988495000.0	5524150.5	297662850.0	0.0	195000	6081.0773229599
78	-50.0	-50.0	-50.0	365250750.0	859504000.0	11126929000.0	4348984.0	317163260.0	0.0	197500	6156.347049951553
79	-49.88	-49.88	-50.0	423403420.0	1012958400.0	11521224000.0	4365206.0	371772540.0	0.0	200000	6230.43589091301
80	-48.16	-48.16	-50.0	499433730.0	1163683500.0	12688068000.0	4168978.5	423595000.0	0.0	202500	6304.968587875366
81	-50.0	-50.0	-50.0	542531260.0	1234538000.0	15855086000.0	7202326.0	463175520.0	0.0	205000	6379.341365814209
82	-50.0	-50.0	-50.0	626346900.0	1264639400.0	14590250000.0	17893848.0	541351000.0	0.0	207500	6454.458398580551
83	-50.0	-50.0	-50.0	875167360.0	1572301400.0	21623974000.0	58878980.0	779208640.0	0.0	210000	6526.9603617191315
84	-50.0	-50.0	-50.0	847290940.0	1532807300.0	17594739000.0	69669970.0	754947300.0	0.0	212500	6598.835683822632
85	-50.0	-50.0	-50.0	815984060.0	1587395700.0	17872028000.0	33524124.0	715259500.0	0.0	215000	6670.979594945908
86	-50.0	-50.0	-50.0	828065700.0	1880702700.0	27126733000.0	19853392.0	702906240.0	0.0	217500	6746.09079003334
87	-50.0	-50.0	-50.0	839787460.0	2092302800.0	28606330000.0	14710894.0	716854200.0	0.0	220000	6820.00724864006
88	-50.0	-50.0	-50.0	971674500.0	2596283400.0	31278596000.0	9064820.0	826614800.0	0.0	222500	6894.24107003212
89	-50.0	-50.0	-50.0	888139460.0	2093417100.0	33149730000.0	5873571.0	769806460.0	0.0	225000	6969.326346158981
90	-50.0	-50.0	-50.0	1090836500.0	2737749000.0	35131700000.0	6146270.0	937622500.0	0.0	227500	7045.131128072739
91	-49.0	-49.0	-50.0	1203424800.0	3071331000.0	28864854000.0	5292895.0	1020673300.0	0.0	230000	7122.458369255066
92	-50.0	-50.0	-50.0	1251380400.0	3318614500.0	39962850000.0	4894995.0	1077399000.0	0.0	232500	7196.717996120453
93	-50.0	-50.0	-50.0	1279772000.0	3196855000.0	34716094000.0	4374166.0	1108196900.0	0.0	235000	7272.022725582123
94	-49.94	-49.94	-50.0	1404525600.0	3572735200.0	41446870000.0	7561357.0	1238946600.0	0.0	237500	7347.7717826366425
95	-50.0	-50.0	-50.0	1668321700.0	4120058600.0	44118503000.0	12915400.0	1456829000.0	0.0	240000	7425.336529254913
96	-50.0	-50.0	-50.0	1813240000.0	4696530000.0	62667250000.0	31578930.0	1559352600.0	0.0	242500	7502.55427479744
97	-50.0	-50.0	-50.0	2178274800.0	5009369600.0	63621837000.0	107954530.0	1922273200.0	0.0	245000	7579.810928106308
98	-50.0	-50.0	-50.0	3397038000.0	5068619000.0	60051632000.0	359986880.0	3140487400.0	0.0	247500	7657.346121549606
99	-50.0	-50.0	-50.0	3268104700.0	4857922000.0	58627215000.0	249059200.0	2998665200.0	0.0	250000	7736.6174376010895
100	-49.0	-49.0	-50.0	2614201600.0	5179750400.0	53151576000.0	98175520.0	2318008800.0	0.0	252500	7813.563588857651
101	-50.0	-50.0	-50.0	2069445800.0	5112764000.0	76788140000.0	42079904.0	1822521600.0	0.0	255000	7890.716963291168
102	-48.0	-48.0	-50.0	2289915000.0	6058358000.0	73093920000.0	29989550.0	2012987500.0	0.0	257500	7965.641913175583
103	-50.0	-50.0	-50.0	2130656000.0	6325536300.0	105234400000.0	25968108.0	1889297500.0	0.0	260000	8040.484767198563
104	-50.0	-50.0	-50.0	2386056400.0	6217506300.0	84030380000.0	17091924.0	2131417600.0	0.0	262500	8117.274792432785
105	-50.0	-50.0	-50.0	2832674000.0	7886793000.0	113621025000.0	14269263.0	2487416300.0	0.0	265000	8194.71565413475
106	-50.0	-50.0	-50.0	2486881500.0	6197939000.0	89009820000.0	36212344.0	2231406800.0	0.0	267500	8269.726011514664
107	-50.0	-50.0	-50.0	3790720000.0	7912725000.0	97610530000.0	68495710.0	3407283700.0	0.0	270000	8343.907345056534
108	-50.0	-50.0	-50.0	6469782000.0	9568951000.0	175365400000.0	341178750.0	5985468000.0	0.0	272500	8422.092945814133
109	-49.28	-49.28	-50.0	6189291000.0	10053685000.0	141524860000.0	263657470.0	5686534700.0	0.0	275000	8497.009165763855
110	-50.0	-50.0	-50.0	6060335600.0	10687657000.0	137028690000.0	165725840.0	5574023700.0	0.0	277500	8573.24629020691
111	-50.0	-50.0	-50.0	5408755000.0	12168247000.0	163546860000.0	99343330.0	4905806000.0	0.0	280000	8649.674181222916
112	-49.9	-49.9	-50.0	4845368300.0	10815232000.0	139010740000.0	65219000.0	4358914000.0	0.0	282500	8726.068167209625
113	-50.0	-50.0	-50.0	4561427500.0	11308444000.0	161218660000.0	50468250.0	4106654000.0	0.0	285000	8800.930588245392
114	-50.0	-50.0	-50.0	5152925700.0	13293881000.0	174433450000.0	29333388.0	4650284500.0	0.0	287500	8877.381207942963
115	-50.0	-50.0	-50.0	5158714400.0	14376457000.0	226894230000.0	26104292.0	4635686400.0	0.0	290000	8952.392473459244
116	-50.0	-50.0	-50.0	5325185000.0	13988579000.0	164041440000.0	22450884.0	4750999000.0	0.0	292500	9027.633503198624
117	-50.0	-50.0	-50.0	5659449000.0	13411608000.0	138540470000.0	27130310.0	5101535000.0	0.0	295000	9104.139065742493
118	-49.68	-49.68	-50.0	5779611000.0	13861385000.0	167400340000.0	31664996.0	5151991000.0	0.0	297500	9181.985168933868
119	-50.0	-50.0	-50.0	6747005400.0	16765919000.0	193868270000.0	53437772.0	6047104000.0	0.0	300000	9257.975033521652
120	-49.96	-49.96	-50.0	6471095000.0	15645617000.0	200780380000.0	60055776.0	5803675000.0	0.0	302500	9334.332240581512
121	-49.0	-49.0	-50.0	7659382300.0	17105195000.0	247930700000.0	104825704.0	6868721000.0	0.0	305000	9411.748440742493
122	-50.0	-50.0	-50.0	8603563000.0	17686944000.0	226657570000.0	110959340.0	7743921700.0	0.0	307500	9489.094973564148
123	-50.0	-50.0	-50.0	9113769000.0	18292406000.0	188809990000.0	202102370.0	8133653000.0	0.0	310000	9563.922441005707
124	-48.46	-48.46	-50.0	9569812000.0	20390484000.0	285789400000.0	112417200.0	8643559000.0	0.0	312500	9638.189419984818
125	-50.0	-50.0	-50.0	9535234000.0	20927937000.0	240850000000.0	103943240.0	8694783000.0	0.0	315000	9714.214359521866
126	-49.92	-49.92	-50.0	10446056000.0	23266335000.0	295256950000.0	69265470.0	9479031000.0	0.0	317500	9789.677083969116
127	-50.0	-50.0	-45.0	12538646000.0	27989692000.0	336648540000.0	102308670.0	11380809000.0	0.1	320000	9865.73383140564
128	-50.0	-50.0	-50.0	13629009000.0	29216967000.0	335414660000.0	120877380.0	12385142000.0	0.0	322500	9941.007793664932
129	-49.8	-49.8	-50.0	14533225000.0	28575281000.0	324118800000.0	221373150.0	13357594000.0	0.0	325000	10018.48559308052
130	-50.0	-50.0	-50.0	17839580000.0	34613862000.0	458370400000.0	403072900.0	16545263000.0	0.0	327500	10094.418416500092
131	-49.58	-49.58	-50.0	17596370000.0	31981986000.0	381675270000.0	398734600.0	16248379000.0	0.0	330000	10170.819691896439
132	-50.0	-50.0	-50.0	18287907000.0	34629394000.0	413736500000.0	259681860.0	16746513000.0	0.0	332500	10245.97843170166
133	-50.0	-50.0	-50.0	18037436000.0	35398310000.0	374239460000.0	168622980.0	16496059000.0	0.0	335000	10321.146749258041
134	-49.82	-49.82	-50.0	21566920000.0	45987996000.0	770513600000.0	183699230.0	19844016000.0	0.0	337500	10395.77279996872
135	-50.0	-50.0	-50.0	22515208000.0	48875622000.0	679326500000.0	168272060.0	20546607000.0	0.0	340000	10471.113530874252
136	-50.0	-50.0	-50.0	26117906000.0	50984518000.0	625259800000.0	242705950.0	24214260000.0	0.0	342500	10545.676334142685
137	-50.0	-50.0	-50.0	27275147000.0	54258356000.0	765070700000.0	153155410.0	25256577000.0	0.0	345000	10622.045174837112
138	-49.0	-49.0	-50.0	30995490000.0	67044872000.0	842808500000.0	269125730.0	28670673000.0	0.0	347500	10700.85118150711
139	-49.0	-49.0	-50.0	29766791000.0	62865535000.0	1178115100000.0	165003840.0	28004411000.0	0.0	350000	10778.666192054749
140	-50.0	-50.0	-50.0	32597858000.0	68249040000.0	1113033300000.0	227230660.0	30398435000.0	0.0	352500	10856.886642217636
141	-50.0	-50.0	-50.0	35548443000.0	86448170000.0	2216261000000.0	187523340.0	32807641000.0	0.0	355000	10935.533403635025
142	-50.0	-50.0	-50.0	36903064000.0	76735330000.0	1205453800000.0	261867490.0	34196253000.0	0.0	357500	11013.064967870712
143	-50.0	-50.0	-50.0	41327930000.0	84071320000.0	1332766200000.0	397560400.0	38374502000.0	0.0	360000	11091.281826257706
144	-49.82	-49.82	-50.0	42062190000.0	86879730000.0	1197560600000.0	485386100.0	38866540000.0	0.0	362500	11170.790281057358
145	-49.84	-49.84	-50.0	45281604000.0	91724915000.0	1221204200000.0	591002430.0	42316040000.0	0.0	365000	11248.11256313324
146	-49.7	-49.7	-50.0	53763502000.0	126468160000.0	1933857500000.0	580681300.0	50417910000.0	0.0	367500	11325.584701299667
147	-50.0	-50.0	-50.0	52068192000.0	118244540000.0	1710210500000.0	542709100.0	48135184000.0	0.0	370000	11404.978217363358
148	-50.0	-50.0	-50.0	60117455000.0	137493900000.0	2138540300000.0	531392830.0	56020120000.0	0.0	372500	11481.082571268082
149	-49.0	-49.0	-50.0	69812730000.0	144157210000.0	2002544800000.0	833586050.0	66840117000.0	0.0	375000	11557.812141418457
150	-50.0	-50.0	-50.0	80617740000.0	187425520000.0	3045960700000.0	1340614100.0	75696920000.0	0.0	377500	11633.656211853027
151	-50.0	-50.0	-50.0	85410960000.0	163344970000.0	2023450100000.0	1962928300.0	79523185000.0	0.0	380000	11710.177580595016
152	-48.94	-48.94	-50.0	94963810000.0	197430620000.0	3621005600000.0	2668006000.0	88348950000.0	0.0	382500	11787.103968381882
153	-49.96	-49.96	-50.0	109948410000.0	195844700000.0	3297675800000.0	4577076700.0	103086090000.0	0.0	385000	11863.25167798996
154	-50.0	-50.0	-50.0	123084590000.0	204188980000.0	3616649800000.0	6405936600.0	115547390000.0	0.0	387500	11938.71865940094
155	-50.0	-50.0	-50.0	134520906000.0	199824520000.0	1837936100000.0	6941263000.0	123639610000.0	0.0	390000	12013.531400442123
156	-50.0	-50.0	-50.0	155719400000.0	232916200000.0	2284843000000.0	7106187300.0	143170360000.0	0.0	392500	12091.350785970688
157	-50.0	-50.0	-50.0	154179600000.0	278834770000.0	4209518800000.0	9079329000.0	146327520000.0	0.0	395000	12166.804582595825
158	-50.0	-50.0	-50.0	166561150000.0	222987080000.0	2196457700000.0	11247491000.0	157775280000.0	0.0	397500	12243.196891069412
159	-50.0	-50.0	-50.0	184332780000.0	268102160000.0	4584412500000.0	9690810000.0	174287390000.0	0.0	400000	12320.217186689377
160	-50.0	-50.0	-50.0	199836880000.0	287884300000.0	4708467000000.0	17757463000.0	189181170000.0	0.0	402500	12395.62957406044
161	-50.0	-50.0	-50.0	230666490000.0	295803400000.0	4753313500000.0	26563840000.0	220124430000.0	0.0	405000	12472.189942121506
162	-50.0	-50.0	-50.0	230453050000.0	316109900000.0	3379068400000.0	25419473000.0	219899100000.0	0.0	407500	12547.02494096756
163	-50.0	-50.0	-50.0	217831440000.0	340033960000.0	6197916000000.0	20164837000.0	206976300000.0	0.0	410000	12621.657073020935
164	-50.0	-50.0	-50.0	220316710000.0	366683200000.0	5310065000000.0	18093080000.0	207425950000.0	0.0	412500	12695.570379972458
165	-50.0	-50.0	-50.0	217927680000.0	370976460000.0	5933268000000.0	18147643000.0	204440960000.0	0.0	415000	12770.476061344147
166	-50.0	-50.0	-50.0	216833380000.0	377426970000.0	4913999000000.0	8929374000.0	201758800000.0	0.0	417500	12844.246910095215
167	-50.0	-50.0	-50.0	175028850000.0	303606630000.0	3927368300000.0	5980770300.0	162855030000.0	0.0	420000	12918.009870290756
168	-50.0	-50.0	-50.0	154202400000.0	295328150000.0	3991067700000.0	4518139000.0	140311280000.0	0.0	422500	12992.610128879547
169	-50.0	-50.0	-50.0	167260910000.0	330163000000.0	5121134000000.0	5305070000.0	152021900000.0	0.0	425000	13066.515414953232
170	-50.0	-50.0	-50.0	159723100000.0	310705880000.0	4751335000000.0	3328539600.0	145313100000.0	0.0	427500	13139.90009188652
171	-50.0	-50.0	-50.0	154959530000.0	310992500000.0	4106051000000.0	2789883000.0	141398110000.0	0.0	430000	13215.991889953613
172	-49.0	-49.0	-45.0	163531590000.0	322610300000.0	5264668000000.0	2623554300.0	147738150000.0	0.1	432500	13292.441000699997
173	-50.0	-50.0	-50.0	174044170000.0	364861130000.0	5483602000000.0	2231158800.0	157955340000.0	0.0	435000	13369.817277431488
174	-49.0	-49.0	-50.0	181089200000.0	380296270000.0	5824142000000.0	2328545800.0	165518280000.0	0.0	437500	13444.393762350082
175	-50.0	-50.0	-50.0	195772550000.0	393029100000.0	4074389000000.0	2297176600.0	178141900000.0	0.0	440000	13520.77530002594
176	-50.0	-50.0	-50.0	191412160000.0	395463000000.0	5611033500000.0	2772911400.0	173221000000.0	0.0	442500	13595.315940618515
177	-49.0	-49.0	-50.0	216766370000.0	416414960000.0	6317989000000.0	2630085000.0	198683410000.0	0.0	445000	13672.26897406578
178	-49.0	-49.0	-50.0	204035590000.0	416750760000.0	5201732000000.0	2289675300.0	188705200000.0	0.0	447500	13747.847234725952
179	-49.0	-49.0	-50.0	227082390000.0	484650120000.0	6259073400000.0	2354925800.0	206968960000.0	0.0	450000	13822.575607299805
180	-49.9	-49.9	-50.0	236228070000.0	495715520000.0	7422195300000.0	2748365800.0	215302620000.0	0.0	452500	13899.796928405762
181	-50.0	-50.0	-50.0	235158620000.0	489018500000.0	4041866200000.0	2815740700.0	215605220000.0	0.0	455000	13975.494895458221
182	-50.0	-50.0	-50.0	250691240000.0	546493040000.0	6735798000000.0	2211849200.0	228008640000.0	0.0	457500	14050.285181999207
183	-50.0	-50.0	-50.0	242196530000.0	506824030000.0	7139592000000.0	3007280600.0	223239180000.0	0.0	460000	14125.488425016403
184	-49.0	-49.0	-50.0	255216900000.0	557548630000.0	5480966500000.0	3295334000.0	233543420000.0	0.0	462500	14200.492182731628
185	-50.0	-50.0	-50.0	273835230000.0	573150660000.0	7984858000000.0	3418555600.0	249391450000.0	0.0	465000	14279.316696166992
186	-50.0	-50.0	-50.0	259462370000.0	589358000000.0	6007737000000.0	3020684800.0	241075490000.0	0.0	467500	14356.27132678032
187	-50.0	-50.0	-50.0	279495670000.0	604453800000.0	5194544000000.0	3024052700.0	257048400000.0	0.0	470000	14432.32774925232
188	-49.0	-49.0	-50.0	260256730000.0	584259500000.0	8575092000000.0	4021742800.0	242984240000.0	0.0	472500	14508.723143577576
189	-50.0	-50.0	-50.0	277095150000.0	642609400000.0	6955245000000.0	3575122000.0	260086840000.0	0.0	475000	14585.091691493988
190	-50.0	-50.0	-50.0	281584700000.0	633003050000.0	6767097400000.0	3504305200.0	258739000000.0	0.0	477500	14660.25277709961
191	-50.0	-50.0	-50.0	276197180000.0	566673000000.0	7053130600000.0	5312044500.0	256025640000.0	0.0	480000	14734.952891588211
192	-50.0	-50.0	-50.0	295627650000.0	634119060000.0	7052296000000.0	6241433000.0	274052870000.0	0.0	482500	14810.186723470688
193	-50.0	-50.0	-50.0	296270400000.0	679312400000.0	9240675000000.0	6753560600.0	282086280000.0	0.0	485000	14887.528019189835
194	-50.0	-50.0	-45.0	281718200000.0	660016330000.0	9133915000000.0	8830032000.0	261976970000.0	0.1	487500	14963.76761007309
195	-50.0	-50.0	-50.0	301612700000.0	694205100000.0	7013195000000.0	8243063000.0	281984040000.0	0.0	490000	15038.994106531143
196	-50.0	-50.0	-50.0	320637170000.0	711714730000.0	8179003000000.0	7717572600.0	297989960000.0	0.0	492500	15114.26905465126
197	-50.0	-50.0	-50.0	315007170000.0	688928800000.0	7799322400000.0	6843073000.0	291637130000.0	0.0	495000	15189.163120508194
198	-50.0	-50.0	-50.0	340383730000.0	736859800000.0	6753177000000.0	8287464400.0	318622830000.0	0.0	497500	15266.137299537659
199	-49.0	-49.0	-50.0	318556570000.0	683656400000.0	6305514000000.0	7566635000.0	300477680000.0	0.0	500000	15343.529623508453
200	-49.72	-49.72	-50.0	309227950000.0	674884000000.0	7107396500000.0	8020391400.0	290201200000.0	0.0	502500	15419.444340705872
201	-50.0	-50.0	-50.0	328644130000.0	756523600000.0	6673552000000.0	7635899400.0	308657950000.0	0.0	505000	15497.092196941376
202	-50.0	-50.0	-50.0	329754100000.0	804162240000.0	9215133000000.0	8157157400.0	313099100000.0	0.0	507500	15574.092259168625
203	-50.0	-50.0	-50.0	367636600000.0	906164440000.0	11831740000000.0	6592123000.0	342669000000.0	0.0	510000	15650.949846506119
204	-49.0	-49.0	-50.0	360889000000.0	914747200000.0	13204854000000.0	10684785000.0	340292600000.0	0.0	512500	15727.221269607544
205	-50.0	-50.0	-50.0	374562230000.0	865009400000.0	14563954000000.0	16615545000.0	357244670000.0	0.0	515000	15804.378627061844
206	-50.0	-50.0	-50.0	391298420000.0	990021550000.0	11509120000000.0	17704004000.0	363632400000.0	0.0	517500	15882.041914463043
207	-50.0	-50.0	-50.0	380582760000.0	920759400000.0	13187282000000.0	12095470000.0	357829870000.0	0.0	520000	15958.130725622177
208	-49.02	-49.02	-50.0	394364980000.0	1007667600000.0	10692994000000.0	10705491000.0	369189100000.0	0.0	522500	16032.139057159424
209	-50.0	-50.0	-50.0	395399630000.0	1065955500000.0	15473812000000.0	12551542000.0	367778330000.0	0.0	525000	16108.320880651474
210	-50.0	-50.0	-50.0	466863720000.0	1165942800000.0	11761818000000.0	8490496000.0	440260030000.0	0.0	527500	16183.906461000443
211	-50.0	-50.0	-50.0	423642070000.0	1055979140000.0	14698877000000.0	11969343000.0	394149100000.0	0.0	530000	16260.371719837189
212	-50.0	-50.0	-50.0	392943370000.0	1026660400000.0	14834492000000.0	12483174000.0	367155740000.0	0.0	532500	16338.32020163536
213	-49.0	-49.0	-50.0	414698800000.0	1121103100000.0	13090132000000.0	8258505000.0	381361000000.0	0.0	535000	16417.675919771194
214	-50.0	-50.0	-50.0	380041300000.0	964316600000.0	12673714000000.0	6357286000.0	358963840000.0	0.0	537500	16492.843159675598
215	-49.0	-49.0	-50.0	439905680000.0	1138543400000.0	18090232000000.0	6156132400.0	406162300000.0	0.0	540000	16567.50060749054
216	-50.0	-50.0	-50.0	428126370000.0	1164527500000.0	17127004000000.0	5714880500.0	403320500000.0	0.0	542500	16644.254683494568
217	-50.0	-50.0	-50.0	445401460000.0	1227971200000.0	13469976000000.0	5573079600.0	412345430000.0	0.0	545000	16719.767634630203
218	-50.0	-50.0	-50.0	496684800000.0	1257403400000.0	14098116000000.0	6501867500.0	469508800000.0	0.0	547500	16797.52889943123
219	-50.0	-50.0	-50.0	432098670000.0	1128178400000.0	14671062000000.0	7016848400.0	406477860000.0	0.0	550000	16872.412829637527
220	-50.0	-50.0	-50.0	421340580000.0	1271234800000.0	16294231000000.0	5933289500.0	394825270000.0	0.0	552500	16950.169584274292
221	-50.0	-50.0	-50.0	473201700000.0	1252429400000.0	14213079000000.0	5588899000.0	444866660000.0	0.0	555000	17027.002073049545
222	-50.0	-50.0	-50.0	520886700000.0	1393538500000.0	17153356000000.0	5816869400.0	482269130000.0	0.0	557500	17104.13930606842
223	-50.0	-50.0	-50.0	541805900000.0	1487088600000.0	19022729000000.0	3994305500.0	502574380000.0	0.0	560000	17181.737733840942
224	-50.0	-50.0	-50.0	530202820000.0	1506928200000.0	20836736000000.0	5232027600.0	496626530000.0	0.0	562500	17259.261890649796
225	-50.0	-50.0	-50.0	570339750000.0	1487441400000.0	18409069000000.0	7653008400.0	525004340000.0	0.0	565000	17336.282014131546
226	-50.0	-50.0	-50.0	510498080000.0	1388777200000.0	16093402000000.0	9465965000.0	475073450000.0	0.0	567500	17413.015872716904
227	-50.0	-50.0	-50.0	594765550000.0	1533893400000.0	16964213000000.0	9506531000.0	557199850000.0	0.0	570000	17489.459980726242
228	-50.0	-50.0	-50.0	552822200000.0	1565877500000.0	23228100000000.0	6598421000.0	511552160000.0	0.0	572500	17563.813827753067
229	-50.0	-50.0	-50.0	496141430000.0	1515311500000.0	21511688000000.0	5293592600.0	468740440000.0	0.0	575000	17639.879120349884
230	-50.0	-50.0	-50.0	544284840000.0	1606508500000.0	22635280000000.0	6910366700.0	511515230000.0	0.0	577500	17715.781767368317
231	-50.0	-50.0	-50.0	480596430000.0	1484384200000.0	17967016000000.0	7449292000.0	446934780000.0	0.0	580000	17794.838290691376
232	-50.0	-50.0	-45.0	571400000000.0	1603651200000.0	16274613000000.0	9596795000.0	528182050000.0	0.1	582500	17870.16800928116
233	-50.0	-50.0	-50.0	509241800000.0	1403420400000.0	14178332000000.0	12176138000.0	469693140000.0	0.0	585000	17948.3490319252
234	-50.0	-50.0	-50.0	552598900000.0	1574702300000.0	16375584000000.0	13268677000.0	512749370000.0	0.0	587500	18025.741089582443
235	-50.0	-50.0	-50.0	581543300000.0	1886104300000.0	32704058000000.0	18449357000.0	533136400000.0	0.0	590000	18102.33323121071
236	-50.0	-50.0	-50.0	538420450000.0	1736328900000.0	31189425000000.0	15316656000.0	492531300000.0	0.0	592500	18177.96969485283
237	-50.0	-50.0	-50.0	587318900000.0	1858435500000.0	29168251000000.0	17216414000.0	537384600000.0	0.0	595000	18256.38119673729
238	-49.0	-49.0	-50.0	725412200000.0	1842318100000.0	23435154000000.0	30839304000.0	666391150000.0	0.0	597500	18332.309710025787
239	-49.96	-49.96	-50.0	921365900000.0	2269239600000.0	26307463000000.0	36079840000.0	864066700000.0	0.0	600000	18408.484652757645
240	-50.0	-50.0	-50.0	909747700000.0	2031113700000.0	34167467000000.0	39856234000.0	842055000000.0	0.0	602500	18484.704669952393
241	-50.0	-50.0	-50.0	926262360000.0	2034350600000.0	28850130000000.0	32857856000.0	860279600000.0	0.0	605000	18560.65755724907
242	-50.0	-50.0	-50.0	693714550000.0	1728214600000.0	22136001000000.0	18168572000.0	652374500000.0	0.0	607500	18638.527789354324
243	-49.28	-49.28	-50.0	722015700000.0	2341760400000.0	37647574000000.0	9562103000.0	665246200000.0	0.0	610000	18714.578692674637
244	-50.0	-50.0	-50.0	582506600000.0	1577228400000.0	15244255000000.0	9846845000.0	530431180000.0	0.0	612500	18791.138366937637
245	-50.0	-50.0	-50.0	630319700000.0	1891068100000.0	36184235000000.0	7432728600.0	575180960000.0	0.0	615000	18869.884778738022
246	-49.0	-49.0	-50.0	676307800000.0	1880336900000.0	34870458000000.0	7019408400.0	613473900000.0	0.0	617500	18948.116824626923
247	-50.0	-50.0	-50.0	551846900000.0	1737295400000.0	30471946000000.0	5688749000.0	501193600000.0	0.0	620000	19024.505438566208
248	-50.0	-50.0	-50.0	627543300000.0	1879462100000.0	28814330000000.0	6660036000.0	587113400000.0	0.0	622500	19098.88579106331
249	-50.0	-50.0	-50.0	586477540000.0	1597953400000.0	18201080000000.0	6038342000.0	547671970000.0	0.0	625000	19173.977495908737
250	-50.0	-50.0	-50.0	658627760000.0	1841644400000.0	30097025000000.0	8705323000.0	612201660000.0	0.0	627500	19249.108719587326
251	-49.0	-49.0	-50.0	607684300000.0	1675917100000.0	20931716000000.0	8901732000.0	572127000000.0	0.0	630000	19322.161484718323
252	-50.0	-50.0	-50.0	650678200000.0	1826925000000.0	30484036000000.0	10067334000.0	596902700000.0	0.0	632500	19396.675163269043
253	-49.96	-49.96	-50.0	652874100000.0	1981720200000.0	35134118000000.0	10558441000.0	586835900000.0	0.0	635000	19475.59555220604
254	-50.0	-50.0	-50.0	618835940000.0	1790254600000.0	29418560000000.0	5479588000.0	564456000000.0	0.0	637500	19553.028189897537
255	-49.0	-49.0	-50.0	626615500000.0	1978207200000.0	35526925000000.0	5939275300.0	564450200000.0	0.0	640000	19629.21367406845
256	-50.0	-50.0	-50.0	642013700000.0	1962215100000.0	32552753000000.0	4104504800.0	581147100000.0	0.0	642500	19704.278364419937
257	-50.0	-50.0	-50.0	691524600000.0	2152487300000.0	31071530000000.0	4262803700.0	630915300000.0	0.0	645000	19781.079026699066
258	-50.0	-50.0	-50.0	645915400000.0	1868306200000.0	29501176000000.0	2839949800.0	570970400000.0	0.0	647500	19857.950068950653
259	-50.0	-50.0	-50.0	627403850000.0	1561833500000.0	15887890000000.0	4135667000.0	577066960000.0	0.0	650000	19935.11018514633
260	-49.94	-49.94	-50.0	724688200000.0	2282700700000.0	34620362000000.0	5022531600.0	662977200000.0	0.0	652500	20011.065700292587
261	-48.9	-48.9	-50.0	739535100000.0	2129746500000.0	33004555000000.0	6155383300.0	659358940000.0	0.0	655000	20087.152765750885
262	-49.0	-49.0	-50.0	747962700000.0	1884132000000.0	32844600000000.0	15797540000.0	694337300000.0	0.0	657500	20166.22015762329
263	-50.0	-50.0	-50.0	732370200000.0	1779374100000.0	20698196000000.0	15567028000.0	662853100000.0	0.0	660000	20242.630952835083
264	-50.0	-50.0	-50.0	665507270000.0	1843008400000.0	32297881000000.0	9362303000.0	605410700000.0	0.0	662500	20319.76210832596
265	-50.0	-50.0	-50.0	674072800000.0	1877973700000.0	30691030000000.0	5890967600.0	598050800000.0	0.0	665000	20395.546625375748
266	-50.0	-50.0	-50.0	655649600000.0	1830001700000.0	20206130000000.0	3789518800.0	589011000000.0	0.0	667500	20471.143285512924
267	-50.0	-50.0	-50.0	699402400000.0	1857460900000.0	18678628000000.0	4131078400.0	626287050000.0	0.0	670000	20547.451531887054
268	-50.0	-50.0	-50.0	747150200000.0	2119559700000.0	31089238000000.0	3743663900.0	672244700000.0	0.0	672500	20622.011520385742
269	-50.0	-50.0	-50.0	761899200000.0	2195106600000.0	37101380000000.0	3827010300.0	689308960000.0	0.0	675000	20699.51463317871
270	-50.0	-50.0	-50.0	878754860000.0	2649012600000.0	43853610000000.0	3545304000.0	814560600000.0	0.0	677500	20776.12381720543
271	-49.0	-49.0	-50.0	855988700000.0	2342911200000.0	26247126000000.0	4598288000.0	770309500000.0	0.0	680000	20852.56406545639
272	-50.0	-50.0	-45.0	848594530000.0	2200075000000.0	20864167000000.0	4004325000.0	782212460000.0	0.1	682500	20929.553297042847
273	-50.0	-50.0	-50.0	893466400000.0	2563955000000.0	42754126000000.0	5255261000.0	813285640000.0	0.0	685000	21005.218263864517
274	-50.0	-50.0	-50.0	940369250000.0	2615614400000.0	48717986000000.0	6819563500.0	856274100000.0	0.0	687500	21080.165230751038
275	-50.0	-50.0	-50.0	960065040000.0	2693068800000.0	55286710000000.0	9566733000.0	863028450000.0	0.0	690000	21155.218361854553
276	-50.0	-50.0	-50.0	1134094800000.0	2957424000000.0	54773990000000.0	16212294000.0	1026149840000.0	0.0	692500	21231.548352479935
277	-50.0	-50.0	-50.0	1384784200000.0	3297195600000.0	52158760000000.0	41414103000.0	1286252300000.0	0.0	695000	21309.090801477432
278	-50.0	-50.0	-50.0	2147464500000.0	4083513800000.0	64157270000000.0	149008020000.0	1997442000000.0	0.0	697500	21384.98318195343
279	-50.0	-50.0	-50.0	2849882800000.0	3554355000000.0	52347550000000.0	324254730000.0	2745163300000.0	0.0	700000	21462.043780326843
280	-50.0	-50.0	-50.0	2680562600000.0	4435789500000.0	58447316000000.0	178296880000.0	2532968800000.0	0.0	702500	21540.141665935516
281	-50.0	-50.0	-50.0	1774842000000.0	2766453600000.0	51458390000000.0	126376590000.0	1683696300000.0	0.0	705000	21616.790264368057
282	-50.0	-50.0	-50.0	1545084700000.0	3387523300000.0	57927323000000.0	89024460000.0	1434431300000.0	0.0	707500	21695.99433708191
283	-50.0	-50.0	-48.1	1326605500000.0	3233606500000.0	53011783000000.0	70876330000.0	1202786300000.0	0.0	710000	21772.659920692444
284	-50.0	-50.0	-49.1	1322900300000.0	3653242200000.0	53559360000000.0	38362235000.0	1126839500000.0	0.0	712500	21849.497011184692
285	-49.4	-49.4	-50.0	1052012000000.0	3142900000000.0	54397320000000.0	29769660000.0	928539500000.0	0.0	715000	21926.529171943665
286	-50.0	-50.0	-50.0	1033171960000.0	3001114000000.0	55347805000000.0	21579203000.0	905249360000.0	0.0	717500	22002.01642394066
287	-50.0	-50.0	-50.0	843050060000.0	2623054500000.0	46403603000000.0	15446748000.0	721956300000.0	0.0	720000	22075.94950556755
288	-48.9	-48.9	-50.0	911257300000.0	2829167000000.0	43433990000000.0	15142261000.0	772226600000.0	0.0	722500	22152.390630483627
289	-49.0	-49.0	-50.0	779002050000.0	2543414100000.0	51029886000000.0	12046201000.0	664857150000.0	0.0	725000	22227.581472158432
290	-49.94	-49.94	-50.0	885170040000.0	2236027200000.0	47822838000000.0	9862256000.0	808161900000.0	0.0	727500	22303.124230861664
291	-50.0	-50.0	-50.0	2226952300000.0	3728977400000.0	55682305000000.0	200002140000.0	2115451200000.0	0.0	730000	22378.918006181717
292	-49.94	-49.94	-50.0	1532592800000.0	2569495400000.0	53342610000000.0	103162150000.0	1448484900000.0	0.0	732500	22453.99392724037
293	-50.0	-50.0	-50.0	1113471600000.0	2287826400000.0	43460938000000.0	52757240000.0	1026674800000.0	0.0	735000	22528.651984214783
294	-50.0	-50.0	-50.0	888514300000.0	2322564400000.0	35653476000000.0	29736313000.0	804300300000.0	0.0	737500	22607.5483314991
295	-50.0	-50.0	-50.0	810889400000.0	2327149300000.0	35308456000000.0	14528200000.0	735814750000.0	0.0	740000	22684.41703057289
296	-50.0	-50.0	-50.0	645969400000.0	1779454200000.0	26226425000000.0	12977066000.0	582669240000.0	0.0	742500	22761.479521036148
297	-49.38	-49.38	-50.0	612431600000.0	1543630700000.0	23258480000000.0	11936871000.0	530465980000.0	0.0	745000	22837.74996304512
298	-49.0	-49.0	-50.0	586588950000.0	1592158000000.0	26694201000000.0	8559951000.0	515059450000.0	0.0	747500	22914.93847846985
299	-50.0	-50.0	-50.0	587437400000.0	1888202300000.0	34585161000000.0	7291124000.0	532265340000.0	0.0	750000	22991.96537899971
300	-50.0	-50.0	-50.0	550398800000.0	1566735700000.0	30329092000000.0	7894162400.0	488496270000.0	0.0	752500	23066.379886627197
301	-50.0	-50.0	-50.0	589721440000.0	1691657800000.0	24630340000000.0	7639843300.0	529002860000.0	0.0	755000	23142.782865524292
302	-49.8	-49.8	-50.0	508380120000.0	1525160200000.0	31299467000000.0	6982273500.0	448472500000.0	0.0	757500	23219.616273641586
303	-49.0	-49.0	-50.0	501415300000.0	1478857300000.0	21263030000000.0	4457845000.0	455883820000.0	0.0	760000	23295.512678861618
304	-50.0	-50.0	-50.0	532361840000.0	1780839100000.0	31748203000000.0	6066693000.0	479189570000.0	0.0	762500	23370.337471485138
305	-50.0	-50.0	-50.0	464651400000.0	1281478400000.0	20426353000000.0	4556186600.0	416369440000.0	0.0	765000	23445.428004026413
306	-50.0	-50.0	-50.0	499527650000.0	1636934200000.0	28061708000000.0	5958876000.0	444761150000.0	0.0	767500	23520.912685871124
307	-50.0	-50.0	-50.0	523766460000.0	1555741400000.0	21321073000000.0	5134653400.0	474643270000.0	0.0	770000	23596.017460107803
308	-50.0	-50.0	-50.0	448232030000.0	1386189700000.0	26510623000000.0	3876947200.0	383867260000.0	0.0	772500	23672.934587717056
309	-50.0	-50.0	-50.0	420315040000.0	1167624000000.0	17392538000000.0	3307121400.0	380686760000.0	0.0	775000	23752.452360391617
310	-50.0	-50.0	-50.0	412953940000.0	1177073600000.0	16592114000000.0	3046687700.0	389229740000.0	0.0	777500	23829.923124074936
311	-50.0	-50.0	-50.0	424761980000.0	1299304500000.0	23054600000000.0	2505554000.0	388657840000.0	0.0	780000	23907.884294986725
312	-50.0	-50.0	-50.0	473334550000.0	1428070200000.0	20261332000000.0	2888490000.0	458251930000.0	0.0	782500	23984.59581708908
313	-50.0	-50.0	-50.0	471820900000.0	1412731600000.0	15634537000000.0	2435288000.0	425912760000.0	0.0	785000	24060.885439634323
314	-50.0	-50.0	-50.0	408713800000.0	1223881000000.0	20995807000000.0	2080238300.0	384629280000.0	0.0	787500	24136.40835428238
315	-50.0	-50.0	-50.0	419145500000.0	1217527700000.0	18392054000000.0	2194317800.0	393798780000.0	0.0	790000	24213.004555940628
316	-50.0	-50.0	-50.0	350671370000.0	1000740800000.0	14709385000000.0	1461297900.0	311514170000.0	0.0	792500	24289.23284292221
317	-50.0	-50.0	-50.0	351502040000.0	1105765000000.0	17440062000000.0	1239158000.0	323377300000.0	0.0	795000	24363.46145439148
318	-48.0	-48.0	-50.0	341679770000.0	1010269800000.0	13740431000000.0	1816356900.0	303049280000.0	0.0	797500	24440.46320962906
319	-50.0	-50.0	-50.0	326962150000.0	920177000000.0	12006906000000.0	1354116400.0	301594050000.0	0.0	800000	24516.379908323288
320	-50.0	-50.0	-50.0	363059180000.0	1090993600000.0	15088118000000.0	1330708000.0	328656900000.0	0.0	802500	24595.014799833298
321	-50.0	-50.0	-50.0	325048730000.0	1027377900000.0	17980595000000.0	1465694300.0	306238750000.0	0.0	805000	24672.7441573143
322	-50.0	-50.0	-50.0	430843400000.0	1538477300000.0	28149753000000.0	1211464000.0	398644970000.0	0.0	807500	24749.83208346367
323	-49.0	-49.0	-50.0	418648100000.0	1335999900000.0	24160435000000.0	1110449700.0	382595660000.0	0.0	810000	24826.20151782036
324	-49.0	-49.0	-50.0	433903830000.0	1211671400000.0	17932793000000.0	1381017100.0	406845800000.0	0.0	812500	24901.952467679977
325	-49.0	-49.0	-50.0	493118850000.0	1525995700000.0	19639252000000.0	1063769150.0	447550420000.0	0.0	815000	24979.891003131866
326	-50.0	-50.0	-50.0	456794800000.0	1242373000000.0	20736402000000.0	1405328500.0	424574320000.0	0.0	817500	25055.444687604904
327	-49.96	-49.96	-50.0	541986650000.0	1760425700000.0	34733487000000.0	1639097500.0	505662770000.0	0.0	820000	25131.80740070343
328	-50.0	-50.0	-50.0	534207700000.0	1410231700000.0	14802175000000.0	1216691800.0	486389450000.0	0.0	822500	25208.43719601631
329	-50.0	-50.0	-50.0	483385740000.0	1299770500000.0	14442437000000.0	1715865100.0	439434500000.0	0.0	825000	25285.993993520737
330	-50.0	-50.0	-50.0	500097000000.0	1589786600000.0	28141794000000.0	1483044700.0	456285900000.0	0.0	827500	25361.33521771431
331	-50.0	-50.0	-50.0	562139800000.0	1530691800000.0	20880355000000.0	1745064700.0	508974430000.0	0.0	830000	25436.823900461197
332	-50.0	-50.0	-50.0	526491200000.0	1611197700000.0	40137346000000.0	1781327900.0	487078920000.0	0.0	832500	25512.34222459793
333	-50.0	-50.0	-50.0	554440500000.0	1602422800000.0	26768474000000.0	1513317100.0	515449130000.0	0.0	835000	25590.11001253128
334	-50.0	-50.0	-50.0	663911460000.0	1816081700000.0	26423160000000.0	1024591200.0	597187560000.0	0.0	837500	25666.99596786499
335	-50.0	-50.0	-50.0	526020970000.0	1409909700000.0	22581732000000.0	1192165100.0	494643700000.0	0.0	840000	25744.599734306335
336	-49.9	-49.9	-50.0	584188300000.0	1460074400000.0	14056963000000.0	1253200500.0	534003970000.0	0.0	842500	25822.08483171463
337	-50.0	-50.0	-50.0	513595770000.0	1333955800000.0	18941830000000.0	1168168700.0	464429420000.0	0.0	845000	25896.740176200867
338	-50.0	-50.0	-50.0	503104300000.0	1278306500000.0	15747871000000.0	1297075700.0	482027270000.0	0.0	847500	25975.22515821457
339	-50.0	-50.0	-50.0	527595600000.0	1478747500000.0	29351607000000.0	1179096700.0	484428220000.0	0.0	850000	26053.789620876312
340	-50.0	-50.0	-50.0	500196400000.0	1429738400000.0	26256018000000.0	894721900.0	455480280000.0	0.0	852500	26131.647686243057
341	-50.0	-50.0	-50.0	570217100000.0	1558112100000.0	19796320000000.0	1202308500.0	520532500000.0	0.0	855000	26209.675731897354
342	-50.0	-50.0	-50.0	679329500000.0	2156931600000.0	40431744000000.0	1341717100.0	646295100000.0	0.0	857500	26288.199600934982
343	-50.0	-50.0	-50.0	610865250000.0	1668726700000.0	28043980000000.0	1123098400.0	555656740000.0	0.0	860000	26364.715812921524
344	-50.0	-50.0	-50.0	622884750000.0	1778371900000.0	24663310000000.0	1409531600.0	575705250000.0	0.0	862500	26442.91507911682
345	-50.0	-50.0	-50.0	604134700000.0	1676679700000.0	31235003000000.0	891828500.0	577182900000.0	0.0	865000	26519.035158634186
346	-49.0	-49.0	-50.0	597667940000.0	1741586700000.0	29380407000000.0	1122622300.0	547227860000.0	0.0	867500	26594.856138706207
347	-50.0	-50.0	-50.0	620005360000.0	1654787000000.0	20462854000000.0	1386783400.0	563493800000.0	0.0	870000	26671.281253814697
348	-48.0	-48.0	-50.0	637763850000.0	1751230600000.0	28056069000000.0	1143105700.0	595521600000.0	0.0	872500	26748.659816503525
349	-50.0	-50.0	-50.0	631296950000.0	1605135400000.0	25148030000000.0	1230238300.0	602398800000.0	0.0	875000	26824.467037916183
350	-50.0	-50.0	-50.0	650398000000.0	1835753100000.0	27828488000000.0	1290024400.0	602387840000.0	0.0	877500	26901.855803728104
351	-50.0	-50.0	-50.0	694786800000.0	1873011500000.0	30262090000000.0	887564400.0	651511900000.0	0.0	880000	26978.45068025589
352	-50.0	-50.0	-50.0	670152800000.0	1724202200000.0	27934652000000.0	808159700.0	625066200000.0	0.0	882500	27054.00673341751
353	-50.0	-50.0	-50.0	638562600000.0	1686119600000.0	19244400000000.0	1340545800.0	600020600000.0	0.0	885000	27129.556329250336
354	-50.0	-50.0	-50.0	629157000000.0	1670531500000.0	26636857000000.0	1481283200.0	578243100000.0	0.0	887500	27206.125156641006
355	-50.0	-50.0	-50.0	655532800000.0	1727415300000.0	23696035000000.0	1114609400.0	617379600000.0	0.0	890000	27283.19928264618
356	-50.0	-50.0	-50.0	698200500000.0	1827413000000.0	23843224000000.0	1643663200.0	655082850000.0	0.0	892500	27359.197766780853
357	-50.0	-50.0	-50.0	728345150000.0	1885127600000.0	30120383000000.0	2324400000.0	675885800000.0	0.0	895000	27433.9345638752
358	-50.0	-50.0	-50.0	773554040000.0	2060517400000.0	29294506000000.0	2211300400.0	726678100000.0	0.0	897500	27508.747406959534
359	-50.0	-50.0	-50.0	827024740000.0	2061089000000.0	26487870000000.0	3097330200.0	757446200000.0	0.0	900000	27585.3873565197
360	-50.0	-50.0	-50.0	914675500000.0	2203664000000.0	24434060000000.0	5961088500.0	858433300000.0	0.0	902500	27663.97497844696
361	-50.0	-50.0	-50.0	888052250000.0	2053845500000.0	24907572000000.0	8860933000.0	831910300000.0	0.0	905000	27740.865895032883
362	-49.0	-49.0	-50.0	954184200000.0	2199643000000.0	28136924000000.0	7724257300.0	906223350000.0	0.0	907500	27817.10573244095
363	-49.0	-49.0	-50.0	931988500000.0	1972787900000.0	22948014000000.0	13136191000.0	898665500000.0	0.0	910000	27894.834863185883
364	-50.0	-50.0	-50.0	972794040000.0	2039547400000.0	26770047000000.0	11959443000.0	904900050000.0	0.0	912500	27973.100528240204
365	-50.0	-50.0	-50.0	969858600000.0	2425475800000.0	35728910000000.0	13158826000.0	910747040000.0	0.0	915000	28051.604009628296
366	-50.0	-50.0	-50.0	1001658800000.0	2172326900000.0	25720110000000.0	11523501000.0	933971950000.0	0.0	917500	28127.533118724823
367	-50.0	-50.0	-45.0	883420230000.0	1944828800000.0	25579670000000.0	16018597000.0	853423950000.0	0.1	920000	28202.777029275894
368	-48.92	-48.92	-50.0	811074800000.0	1777934300000.0	27596457000000.0	9331220000.0	767458200000.0	0.0	922500	28278.492599487305
369	-50.0	-50.0	-50.0	815374600000.0	1781592600000.0	23949683000000.0	10878965000.0	767066000000.0	0.0	925000	28355.940629959106
370	-49.78	-49.78	-50.0	836656560000.0	1904753000000.0	22954144000000.0	8635513000.0	799561700000.0	0.0	927500	28430.907952785492
371	-50.0	-50.0	-50.0	829982300000.0	1889775500000.0	26526918000000.0	13464190000.0	764767760000.0	0.0	930000	28506.359472990036
372	-49.0	-49.0	-50.0	941966800000.0	2182123400000.0	22350704000000.0	7047474000.0	875595000000.0	0.0	932500	28582.839159488678
373	-49.0	-49.0	-50.0	898512100000.0	1858065900000.0	22435368000000.0	6403798000.0	845524960000.0	0.0	935000	28658.694138765335
374	-50.0	-50.0	-50.0	845499100000.0	1826522900000.0	22859220000000.0	11925555000.0	803218100000.0	0.0	937500	28734.439121961594
375	-50.0	-50.0	-50.0	802112300000.0	1755078200000.0	23729835000000.0	8523985000.0	752662400000.0	0.0	940000	28811.672584295273
376	-49.0	-49.0	-50.0	820080800000.0	2043400600000.0	25272135000000.0	7843698000.0	753557640000.0	0.0	942500	28886.970953941345
377	-50.0	-50.0	-50.0	813978350000.0	1780101300000.0	21680940000000.0	5277952500.0	749616900000.0	0.0	945000	28961.401633024216
378	-49.0	-49.0	-47.3	833812960000.0	2094096000000.0	23212550000000.0	8840036000.0	751424240000.0	0.0	947500	29035.41396188736
379	-49.0	-49.0	-50.0	846703600000.0	1847449000000.0	21030990000000.0	3505123000.0	769477050000.0	0.0	950000	29110.378766059875
380	-50.0	-50.0	-50.0	698899600000.0	1697115500000.0	21325160000000.0	2716577300.0	626937200000.0	0.0	952500	29183.694645404816
381	-49.96	-49.96	-50.0	852819200000.0	2274594000000.0	24875488000000.0	3343483000.0	766162960000.0	0.0	955000	29255.20953655243
382	-50.0	-50.0	-50.0	735837600000.0	1865442900000.0	28099354000000.0	2825238300.0	668528300000.0	0.0	957500	29326.928373336792
383	-50.0	-50.0	-50.0	775984050000.0	1962581800000.0	33469632000000.0	3138678000.0	694967600000.0	0.0	960000	29399.550529003143
384	-50.0	-50.0	-50.0	795617200000.0	1968879800000.0	23785506000000.0	2577370600.0	719682000000.0	0.0	962500	29474.345020532608
385	-49.0	-49.0	-50.0	793873000000.0	1893398900000.0	25058651000000.0	5268047000.0	710501140000.0	0.0	965000	29546.86227965355
386	-49.0	-49.0	-50.0	764263900000.0	1808849000000.0	21286145000000.0	3956818000.0	697067300000.0	0.0	967500	29616.80316567421
387	-50.0	-50.0	-50.0	732955100000.0	1997026100000.0	27669633000000.0	3987532300.0	648352960000.0	0.0	970000	29688.018753290176
388	-50.0	-50.0	-50.0	811229300000.0	2223402400000.0	35222920000000.0	3312241200.0	714451700000.0	0.0	972500	29761.722876787186
389	-50.0	-50.0	-50.0	767237000000.0	1844596300000.0	22704585000000.0	4770340400.0	706446600000.0	0.0	975000	29833.80189538002
390	-50.0	-50.0	-50.0	765211900000.0	1724014500000.0	23343921000000.0	4511250000.0	688161160000.0	0.0	977500	29904.06562948227
391	-49.96	-49.96	-50.0	758352800000.0	1818133800000.0	25082305000000.0	4600913000.0	679066100000.0	0.0	980000	29973.381111860275
392	-50.0	-50.0	-50.0	817413800000.0	2169107300000.0	27495942000000.0	4917988400.0	700346900000.0	0.0	982500	30044.079139232635
393	-48.0	-48.0	-50.0	805200000000.0	2127446700000.0	26847740000000.0	4111931000.0	720026800000.0	0.0	985000	30116.780415534973
394	-50.0	-50.0	-50.0	797541600000.0	1986720600000.0	28868172000000.0	8440829400.0	707005900000.0	0.0	987500	30190.48531293869
395	-50.0	-50.0	-49.0	1050949400000.0	2586046000000.0	39763327000000.0	8222473700.0	935463400000.0	0.1	990000	30260.192635059357
396	-50.0	-50.0	-50.0	997013600000.0	2377643700000.0	26714504000000.0	7721954000.0	898501800000.0	0.0	992500	30330.38005232811
397	-50.0	-50.0	-50.0	955930200000.0	2398495000000.0	30384163000000.0	3814773000.0	858278700000.0	0.0	995000	30399.819102048874
398	-50.0	-50.0	-50.0	1033238740000.0	2608093500000.0	31595860000000.0	9120892000.0	916633500000.0	0.0	997500	30469.324414014816
399	-50.0	-50.0	-50.0	1118805800000.0	2764081200000.0	33742297000000.0	7572973600.0	971202200000.0	0.0	1000000	30537.63062930107
400	-50.0	-50.0	-50.0	1027235400000.0	2442369400000.0	27030330000000.0	4815621000.0	934924200000.0	0.0	1002500	30607.238708257675
401	-50.0	-50.0	-50.0	1101961800000.0	2668207500000.0	31012776000000.0	5864747000.0	990871600000.0	0.0	1005000	30678.148141145706
402	-50.0	-50.0	-50.0	1102796400000.0	2697222200000.0	64737807000000.0	8833942000.0	1005701370000.0	0.0	1007500	30747.262260198593
403	-50.0	-50.0	-50.0	1119038700000.0	2756174000000.0	47354833000000.0	8950434000.0	1017428000000.0	0.0	1010000	30819.0763835907
404	-50.0	-50.0	-50.0	1026401600000.0	2158092100000.0	26570560000000.0	8180436000.0	938515500000.0	0.0	1012500	30890.463044404984
405	-50.0	-50.0	-50.0	1006258900000.0	2560100400000.0	50320177000000.0	8516160500.0	894556800000.0	0.0	1015000	30959.692808628082
406	-49.0	-49.0	-50.0	1217125500000.0	3517218600000.0	76628600000000.0	5842943000.0	1127496200000.0	0.0	1017500	31030.98041987419
407	-50.0	-50.0	-50.0	1167018600000.0	3031954600000.0	39410444000000.0	3616257000.0	1106497200000.0	0.0	1020000	31104.392277240753
408	-50.0	-50.0	-50.0	1238906600000.0	3285371800000.0	42967507000000.0	2983012600.0	1212209800000.0	0.0	1022500	31174.256432294846
409	-49.0	-49.0	-50.0	988170750000.0	2506149600000.0	36377860000000.0	2384237600.0	915053540000.0	0.0	1025000	31243.212906599045
410	-49.34	-49.34	-50.0	1063648200000.0	2654587300000.0	34086821000000.0	1761826400.0	977475500000.0	0.0	1027500	31311.642784833908
411	-50.0	-50.0	-50.0	1063290200000.0	2743648000000.0	43324230000000.0	2723151400.0	961990950000.0	0.0	1030000	31381.408146858215
412	-50.0	-50.0	-45.0	1047342300000.0	2750947000000.0	33359890000000.0	2571930600.0	958700700000.0	0.1	1032500	31450.705959558487
413	-50.0	-50.0	-50.0	1036697900000.0	2929370600000.0	54276810000000.0	2013617900.0	942464570000.0	0.0	1035000	31517.8819231987
414	-50.0	-50.0	-50.0	1239543400000.0	3444073300000.0	52193223000000.0	3106481700.0	1151447500000.0	0.0	1037500	31584.502975463867
415	-50.0	-50.0	-50.0	1081571800000.0	2802418500000.0	36312044000000.0	2433569800.0	1001012700000.0	0.0	1040000	31650.454128980637
416	-49.3	-49.3	-50.0	1033962500000.0	2557719000000.0	32432550000000.0	2579765800.0	935323400000.0	0.0	1042500	31716.321300029755
417	-48.0	-48.0	-50.0	2514560000000.0	3168763400000.0	42904014000000.0	45771620000.0	2420625400000.0	0.0	1045000	31781.48011636734
418	-50.0	-50.0	-50.0	7019978300000.0	6299786400000.0	153828730000000.0	1253458400000.0	7021267500000.0	0.0	1047500	31841.52534723282
419	-50.0	-50.0	-49.3	5852080600000.0	4578710000000.0	90984025000000.0	850911400000.0	5758457000000.0	0.0	1050000	31904.07596898079
420	-50.0	-50.0	-50.0	3047784200000.0	3094461800000.0	60419670000000.0	514320920000.0	2940518000000.0	0.0	1052500	31965.795580387115
421	-50.0	-50.0	-50.0	1609268200000.0	2138383000000.0	44160476000000.0	223810260000.0	1548362400000.0	0.0	1055000	32025.155893325806
422	-49.92	-49.92	-50.0	1102620500000.0	1969903500000.0	39726370000000.0	147213620000.0	1024648500000.0	0.0	1057500	32084.857699632645
423	-50.0	-50.0	-50.0	850839340000.0	1719622800000.0	19062150000000.0	79343110000.0	786362470000.0	0.0	1060000	32143.90234851837
424	-50.0	-50.0	-50.0	603010300000.0	1459529800000.0	23707576000000.0	53456544000.0	539059260000.0	0.0	1062500	32201.39666366577
425	-50.0	-50.0	-50.0	517637100000.0	1262400800000.0	24334210000000.0	35165233000.0	463597080000.0	0.0	1065000	32260.8691842556
426	-50.0	-50.0	-50.0	471295600000.0	1294273000000.0	31844108000000.0	16085059000.0	413948100000.0	0.0	1067500	32320.84227180481
427	-50.0	-50.0	-50.0	465849250000.0	1801394600000.0	42477020000000.0	12319965000.0	401918100000.0	0.0	1070000	32379.456704616547
428	-49.92	-49.92	-50.0	420223980000.0	1620579500000.0	25024623000000.0	7351263000.0	377202280000.0	0.0	1072500	32440.253222227097
429	-48.9	-48.9	-50.0	353835500000.0	1348798300000.0	32331297000000.0	4479103000.0	310171800000.0	0.0	1075000	32497.47311115265
430	-50.0	-50.0	-50.0	266871720000.0	1030395660000.0	24598677000000.0	3709051000.0	255522980000.0	0.0	1077500	32554.78977918625
431	-50.0	-50.0	-50.0	227818030000.0	765236150000.0	17365597000000.0	3158233000.0	215297590000.0	0.0	1080000	32612.62750339508
432	-50.0	-50.0	-50.0	195346860000.0	640876200000.0	9663860000000.0	1518114300.0	192520540000.0	0.0	1082500	32664.735877752304
433	-50.0	-50.0	-50.0	166004470000.0	624637100000.0	12023268000000.0	1723715000.0	147932600000.0	0.0	1085000	32718.547990083694
434	-50.0	-50.0	-50.0	154689620000.0	538856060000.0	10143123000000.0	936535900.0	150547820000.0	0.0	1087500	32770.71725010872
435	-50.0	-50.0	-50.0	136875926000.0	407729930000.0	5664750000000.0	913906940.0	127102700000.0	0.0	1090000	32821.24181294441
436	-50.0	-50.0	-50.0	92850460000.0	259785000000.0	3561810800000.0	1097312900.0	93223670000.0	0.0	1092500	32873.459861040115
437	-49.98	-49.98	-50.0	80589630000.0	230591680000.0	3437998000000.0	724391200.0	80527120000.0	0.0	1095000	32923.66169548035
438	-50.0	-50.0	-50.0	63589466000.0	185327000000.0	2700040500000.0	538261600.0	59179360000.0	0.0	1097500	32974.01310014725
439	-50.0	-50.0	-50.0	73106830000.0	230339500000.0	5844485000000.0	545484160.0	75750840000.0	0.0	1100000	33022.001755952835
440	-50.0	-50.0	-50.0	73522725000.0	244868830000.0	4225263200000.0	577771500.0	70104424000.0	0.0	1102500	33068.175300598145
441	-50.0	-50.0	-50.0	80919380000.0	263314930000.0	4245728800000.0	590714940.0	79753090000.0	0.0	1105000	33113.60340094566
442	-50.0	-50.0	-50.0	71640860000.0	243229130000.0	4893209300000.0	503001630.0	63437450000.0	0.0	1107500	33160.80024147034
443	-50.0	-50.0	-50.0	71144956000.0	232114080000.0	3168039300000.0	369998080.0	63746064000.0	0.0	1110000	33206.10581564903
444	-49.46	-49.46	-50.0	50792178000.0	153694260000.0	1908787000000.0	380442370.0	44014666000.0	0.0	1112500	33250.94305253029
445	-50.0	-50.0	-50.0	59318370000.0	181223110000.0	2666471600000.0	403491970.0	51565797000.0	0.0	1115000	33295.75580048561
446	-49.0	-49.0	-50.0	64728590000.0	205816740000.0	3291644200000.0	337844320.0	59440964000.0	0.0	1117500	33340.25649523735
447	-50.0	-50.0	-50.0	70115000000.0	205682900000.0	3066095700000.0	368061760.0	64585417000.0	0.0	1120000	33385.12113523483
448	-50.0	-50.0	-50.0	85490040000.0	257711590000.0	3464918700000.0	416265700.0	77257380000.0	0.0	1122500	33430.237886190414
449	-50.0	-50.0	-50.0	89558910000.0	266311830000.0	3293663000000.0	468572640.0	82674700000.0	0.0	1125000	33475.33029770851
450	-50.0	-50.0	-50.0	88912920000.0	251871480000.0	2764291200000.0	343936000.0	84022804000.0	0.0	1127500	33520.17302393913
451	-50.0	-50.0	-50.0	97386130000.0	327140440000.0	5810994000000.0	362507700.0	93814920000.0	0.0	1130000	33564.86547064781
452	-50.0	-50.0	-50.0	102920230000.0	326380900000.0	5242980700000.0	341712100.0	95584076000.0	0.0	1132500	33609.18443584442
453	-50.0	-50.0	-50.0	126263550000.0	390931780000.0	6858676400000.0	381274140.0	116365080000.0	0.0	1135000	33654.375228405
454	-50.0	-50.0	-50.0	173503760000.0	543762250000.0	7840039000000.0	420024480.0	165462430000.0	0.0	1137500	33699.99337530136
455	-50.0	-50.0	-50.0	214201480000.0	644355200000.0	9638035000000.0	441657020.0	217583810000.0	0.0	1140000	33744.18730521202
456	-50.0	-50.0	-50.0	222373500000.0	677021700000.0	10572449000000.0	332638400.0	215040330000.0	0.0	1142500	33789.887318611145
457	-50.0	-50.0	-50.0	236859590000.0	669390900000.0	10320511000000.0	473540300.0	226192620000.0	0.0	1145000	33834.78822517395
458	-50.0	-50.0	-50.0	288286600000.0	883539900000.0	15037714000000.0	624761200.0	272008680000.0	0.0	1147500	33879.402787685394
459	-50.0	-50.0	-50.0	318266570000.0	912447200000.0	13974271000000.0	644221900.0	310570120000.0	0.0	1150000	33923.86707472801
460	-50.0	-50.0	-50.0	277207320000.0	799276800000.0	8845201000000.0	612780160.0	262756300000.0	0.0	1152500	33968.849890232086
461	-50.0	-50.0	-50.0	325704940000.0	878769500000.0	8161264700000.0	465286720.0	304511980000.0	0.0	1155000	34013.4889793396
462	-50.0	-50.0	-50.0	305930270000.0	866854300000.0	11024238000000.0	606556700.0	296585430000.0	0.0	1157500	34058.82341885567
463	-50.0	-50.0	-50.0	421717340000.0	1222744700000.0	20634320000000.0	651416900.0	402292400000.0	0.0	1160000	34103.60299515724
464	-50.0	-50.0	-50.0	364911230000.0	1039482400000.0	15398750000000.0	658480640.0	346176100000.0	0.0	1162500	34148.54279541969
465	-50.0	-50.0	-50.0	437734150000.0	1360336000000.0	29093672000000.0	513150460.0	394798270000.0	0.0	1165000	34193.96955370903
466	-49.92	-49.92	-50.0	394117900000.0	1014580300000.0	11313428000000.0	517994140.0	366078030000.0	0.0	1167500	34239.16562962532
467	-49.46	-49.46	-50.0	450936540000.0	1372036500000.0	23519811000000.0	482150720.0	389354360000.0	0.0	1170000	34285.443768024445
468	-50.0	-50.0	-50.0	463292270000.0	1312343500000.0	15885084000000.0	481250140.0	413591100000.0	0.0	1172500	34331.13758802414
469	-49.74	-49.74	-50.0	456414040000.0	1284188100000.0	18100297000000.0	366593600.0	412447280000.0	0.0	1175000	34376.60480260849
470	-50.0	-50.0	-50.0	486624950000.0	1480027700000.0	27172930000000.0	332436400.0	409936170000.0	0.0	1177500	34422.18436932564
471	-49.9	-49.9	-50.0	372612500000.0	1124714500000.0	17522771000000.0	522642850.0	344417240000.0	0.0	1180000	34468.23755502701
472	-50.0	-50.0	-50.0	389918500000.0	1359220800000.0	21368410000000.0	378821630.0	362289430000.0	0.0	1182500	34514.15057706833
473	-49.5	-49.5	-50.0	387427660000.0	1016660000000.0	10895678000000.0	524784860.0	354471440000.0	0.0	1185000	34560.326644182205
474	-49.32	-49.32	-50.0	419268700000.0	1277247900000.0	21370890000000.0	421694430.0	384491900000.0	0.0	1187500	34607.25432229042
475	-50.0	-50.0	-50.0	442438520000.0	1649871400000.0	42967060000000.0	460456100.0	423837630000.0	0.0	1190000	34651.519367456436
476	-49.92	-49.92	-50.0	497068870000.0	1947605300000.0	46071530000000.0	337455100.0	433008200000.0	0.0	1192500	34696.39650321007
477	-50.0	-50.0	-50.0	541185150000.0	2036285800000.0	37036153000000.0	330652700.0	449191700000.0	0.0	1195000	34741.5013461113
478	-50.0	-50.0	-50.0	454496700000.0	1403138500000.0	17613543000000.0	309721340.0	389155320000.0	0.0	1197500	34786.09881091118
479	-50.0	-50.0	-50.0	465844370000.0	1536707000000.0	27642820000000.0	215766620.0	423244660000.0	0.0	1200000	34829.83387541771
480	-50.0	-50.0	-50.0	443376660000.0	1422081700000.0	45442440000000.0	208836430.0	410399970000.0	0.0	1202500	34874.438030958176
481	-50.0	-50.0	-45.0	438813850000.0	1284702100000.0	19986091000000.0	239752830.0	411665000000.0	0.1	1205000	34919.74262547493
482	-49.0	-49.0	-50.0	529441600000.0	1795169800000.0	39491930000000.0	153285660.0	500590700000.0	0.0	1207500	34965.49534225464
483	-50.0	-50.0	-50.0	469844660000.0	1695894200000.0	32666960000000.0	122147580.0	414106850000.0	0.0	1210000	35011.50216627121
484	-50.0	-50.0	-50.0	390228840000.0	1171826400000.0	23776083000000.0	82289680.0	357306800000.0	0.0	1212500	35055.541848659515
485	-50.0	-50.0	-50.0	396920000000.0	1333992900000.0	26156733000000.0	68536370.0	344214800000.0	0.0	1215000	35099.15387678146
486	-49.94	-49.94	-50.0	398881720000.0	1642171000000.0	32533759000000.0	60389492.0	377782930000.0	0.0	1217500	35143.05342459679
487	-49.68	-49.68	-50.0	413710200000.0	1599730000000.0	24821331000000.0	46536824.0	362425120000.0	0.0	1220000	35187.676257133484
488	-49.58	-49.58	-50.0	439495070000.0	1597798500000.0	29659354000000.0	60406104.0	385745500000.0	0.0	1222500	35232.39986371994
489	-50.0	-50.0	-50.0	426220260000.0	1461029700000.0	20509370000000.0	40566576.0	354316030000.0	0.0	1225000	35277.134404182434
490	-50.0	-50.0	-50.0	407579950000.0	1306038400000.0	25042587000000.0	44611388.0	351564270000.0	0.0	1227500	35322.85507273674
491	-50.0	-50.0	-50.0	456566440000.0	1490483000000.0	24326122000000.0	34358944.0	398905200000.0	0.0	1230000	35367.08945155144
492	-50.0	-50.0	-50.0	473330000000.0	1531302900000.0	23802862000000.0	25261986.0	411501130000.0	0.0	1232500	35412.13701438904
493	-48.0	-48.0	-50.0	419188600000.0	1276263700000.0	22860330000000.0	35738260.0	373419770000.0	0.0	1235000	35455.69641685486
494	-50.0	-50.0	-50.0	447841000000.0	1317739200000.0	22068068000000.0	83304630.0	367367900000.0	0.0	1237500	35501.00824570656
495	-50.0	-50.0	-50.0	423969750000.0	1284615800000.0	17803896000000.0	70830730.0	384634000000.0	0.0	1240000	35546.1109790802
496	-50.0	-50.0	-50.0	456374420000.0	1439119600000.0	19855854000000.0	76227650.0	400160100000.0	0.0	1242500	35590.370314121246
497	-50.0	-50.0	-50.0	428297980000.0	1124508900000.0	17228434000000.0	74971320.0	397752930000.0	0.0	1245000	35634.56377530098
498	-50.0	-50.0	-50.0	479899450000.0	1406661300000.0	22538590000000.0	41256590.0	441875900000.0	0.0	1247500	35680.48388314247
499	-50.0	-50.0	-50.0	552354300000.0	1920753100000.0	58533874000000.0	70862630.0	495474870000.0	0.0	1250000	35723.67907953262
