Epoch	EpRet	EpRealRet	TestEpRet	AverageQ1	StdQ1	MaxQ1	MinQ1	Q2	TestSuccess	TotalEnvInteracts	TotalTime
0	-49.0	-49.0	-50.0	8.097922	19.330347	254.05464	0.3279098	8.157056	0.0	2500	60.568546295166016
1	-50.0	-50.0	-50.0	15.618476	16.403082	289.98022	2.2354524	15.503846	0.0	5000	117.73621678352356
2	-50.0	-50.0	-50.0	30.061953	47.66037	571.21484	2.2289605	29.861305	0.0	7500	174.716246843338
3	-50.0	-50.0	-50.0	89.86675	160.63347	1702.3506	1.83761	88.955734	0.0	10000	231.41103982925415
4	-49.68	-49.68	-50.0	38.82699	70.309944	744.00037	1.1109474	38.471283	0.0	12500	287.1306116580963
5	-50.0	-50.0	-45.0	22.658125	44.107845	411.50604	0.89674175	22.354286	0.1	15000	342.91062211990356
6	-50.0	-50.0	-50.0	12.519678	27.022608	336.17108	0.5564066	12.105402	0.0	17500	398.2777945995331
7	-49.0	-49.0	-50.0	9.162574	15.980394	227.29384	0.53460765	8.717117	0.0	20000	454.6674385070801
8	-50.0	-50.0	-50.0	14.718213	14.49728	159.7215	1.6028216	14.1938715	0.0	22500	512.1895718574524
9	-49.52	-49.52	-50.0	8.125727	6.7300572	77.21498	1.1675872	7.610144	0.0	25000	568.9615762233734
10	-50.0	-50.0	-50.0	4.8445387	4.980608	63.016052	0.65655565	4.510798	0.0	27500	625.045089006424
11	-49.5	-49.5	-50.0	5.3313985	8.079819	172.15965	0.5407841	4.8409467	0.0	30000	681.8357176780701
12	-50.0	-50.0	-50.0	8.255669	17.3427	467.60632	0.43945208	7.8459363	0.0	32500	737.2112486362457
13	-50.0	-50.0	-50.0	13.686574	26.458033	409.2474	0.51369834	12.297232	0.0	35000	793.1827864646912
14	-50.0	-50.0	-50.0	38.13577	166.45142	6163.625	0.6903994	35.73082	0.0	37500	849.8209719657898
15	-49.96	-49.96	-50.0	159.60928	852.3411	31210.129	1.3335629	142.99297	0.0	40000	906.1617877483368
16	-50.0	-50.0	-49.7	519.038	2186.7058	53819.117	5.410641	453.6341	0.0	42500	963.9655811786652
17	-50.0	-50.0	-50.0	1275.6515	4314.9565	81584.04	23.164564	1074.49	0.0	45000	1023.2932553291321
18	-49.9	-49.9	-50.0	2997.446	8993.866	140805.75	39.596004	2620.5688	0.0	47500	1081.575050830841
19	-50.0	-50.0	-45.0	6280.581	19912.402	344906.6	117.96423	5534.896	0.1	50000	1139.4366178512573
20	-49.98	-49.98	-50.0	13899.408	40768.977	622278.56	223.19528	12137.489	0.0	52500	1197.822464466095
21	-50.0	-50.0	-50.0	31084.44	93969.16	1483532.5	704.88464	27995.654	0.0	55000	1256.0612897872925
22	-49.98	-49.98	-49.9	48903.258	145610.86	2015190.0	1323.6724	44810.457	0.0	57500	1313.1313917636871
23	-49.94	-49.94	-50.0	91565.65	282838.94	3479967.8	2167.413	80074.95	0.0	60000	1371.4038593769073
24	-49.98	-49.98	-50.0	130234.34	353218.03	4727105.5	4401.884	117492.85	0.0	62500	1429.4200265407562
25	-50.0	-50.0	-50.0	182051.58	439281.03	7953139.5	9046.865	164163.33	0.0	65000	1486.7676796913147
26	-50.0	-50.0	-49.9	417078.78	897123.75	13822904.0	21318.21	377770.12	0.0	67500	1544.7958705425262
27	-49.0	-49.0	-50.0	582934.5	940741.5	12858540.0	65337.83	533232.7	0.0	70000	1600.718121767044
28	-50.0	-50.0	-50.0	700679.2	997628.06	12350514.0	94734.08	650243.8	0.0	72500	1658.3751006126404
29	-50.0	-50.0	-50.0	761710.9	1066741.6	14265440.0	88516.11	704939.7	0.0	75000	1715.5654141902924
30	-50.0	-50.0	-50.0	752052.75	1341226.6	22665218.0	86311.25	693311.5	0.0	77500	1772.3728005886078
31	-50.0	-50.0	-50.0	930476.2	1905822.8	35344056.0	83092.4	837616.0	0.0	80000	1829.0268042087555
32	-50.0	-50.0	-50.0	1027473.06	2289770.8	35383220.0	69120.19	925963.75	0.0	82500	1887.0348615646362
33	-50.0	-50.0	-50.0	1082110.0	2078171.4	29944686.0	61679.906	963307.1	0.0	85000	1944.0830833911896
34	-50.0	-50.0	-50.0	1481846.2	3633694.2	65090964.0	53795.207	1327517.9	0.0	87500	2000.3571019172668
35	-49.0	-49.0	-50.0	1799309.9	3807659.2	73353180.0	60655.12	1604750.1	0.0	90000	2057.5820937156677
36	-50.0	-50.0	-50.0	2510796.8	5773150.5	92161330.0	62222.684	2235847.8	0.0	92500	2114.664657831192
37	-50.0	-50.0	-50.0	3527598.0	8923444.0	144454030.0	86306.664	3145544.8	0.0	95000	2172.305481672287
38	-50.0	-50.0	-50.0	4371616.5	9699299.0	148071630.0	92081.79	3852324.2	0.0	97500	2229.8826398849487
39	-50.0	-50.0	-50.0	5121080.5	11781287.0	190275550.0	107313.234	4571259.5	0.0	100000	2287.637263774872
40	-50.0	-50.0	-50.0	6601964.0	16222252.0	283483940.0	109377.016	5861635.0	0.0	102500	2345.625707626343
41	-50.0	-50.0	-50.0	7481411.5	16807916.0	317000930.0	117381.41	6763544.5	0.0	105000	2404.3369834423065
42	-49.98	-49.98	-50.0	11042357.0	22781148.0	322790340.0	143858.52	9875442.0	0.0	107500	2462.834302663803
43	-50.0	-50.0	-50.0	14332832.0	28473874.0	412318500.0	258073.14	13051583.0	0.0	110000	2521.627244234085
44	-50.0	-50.0	-50.0	17392700.0	36675730.0	581866430.0	128920.086	15565168.0	0.0	112500	2579.417047739029
45	-49.0	-49.0	-50.0	19777164.0	42696676.0	719640700.0	283336.56	17938202.0	0.0	115000	2637.714051961899
46	-49.0	-49.0	-50.0	23896858.0	45734096.0	637915460.0	311592.25	22277902.0	0.0	117500	2695.1662452220917
47	-50.0	-50.0	-50.0	29019966.0	62651948.0	939870500.0	319701.12	26562664.0	0.0	120000	2753.275094985962
48	-50.0	-50.0	-50.0	27416014.0	56184024.0	862155840.0	326763.75	25214674.0	0.0	122500	2811.3316237926483
49	-50.0	-50.0	-50.0	36566630.0	71583864.0	726164740.0	603736.94	33692680.0	0.0	125000	2869.590650320053
50	-50.0	-50.0	-50.0	78233620.0	87372536.0	868731260.0	1560322.0	76322504.0	0.0	127500	2928.466370820999
51	-50.0	-50.0	-50.0	181647940.0	117924510.0	1147986700.0	33600652.0	178783250.0	0.0	130000	2987.2594261169434
52	-50.0	-50.0	-50.0	112831920.0	105943570.0	1415473300.0	17013880.0	109254580.0	0.0	132500	3045.3108994960785
53	-50.0	-50.0	-50.0	74054710.0	127603080.0	2179544300.0	9746818.0	71365360.0	0.0	135000	3104.087685108185
54	-50.0	-50.0	-50.0	51918396.0	98990640.0	1909571800.0	5437364.0	49098796.0	0.0	137500	3162.703113555908
55	-50.0	-50.0	-50.0	51658612.0	133130900.0	2198062000.0	3161401.5	49280516.0	0.0	140000	3221.901753425598
56	-49.92	-49.92	-50.0	48685284.0	115262300.0	2103796500.0	2482235.0	44381560.0	0.0	142500	3280.169280767441
57	-50.0	-50.0	-50.0	54481790.0	164836480.0	2889952300.0	1695603.5	50133924.0	0.0	145000	3338.4221210479736
58	-49.98	-49.98	-50.0	63915664.0	198279280.0	2913026000.0	1659791.1	57880270.0	0.0	147500	3396.8817291259766
59	-50.0	-50.0	-50.0	66904776.0	196110060.0	3011851300.0	1396627.4	61523736.0	0.0	150000	3454.9839205741882
60	-50.0	-50.0	-50.0	80110136.0	250705310.0	4056722200.0	1225901.6	73637610.0	0.0	152500	3512.4840338230133
61	-50.0	-50.0	-50.0	102363064.0	301517250.0	3912663000.0	1377916.0	92044480.0	0.0	155000	3570.8615233898163
62	-49.92	-49.92	-50.0	106293050.0	305367170.0	5001171500.0	1332922.9	95919030.0	0.0	157500	3629.5885043144226
63	-50.0	-50.0	-50.0	132759784.0	338930560.0	4518393000.0	1363014.2	119845176.0	0.0	160000	3688.0152106285095
64	-50.0	-50.0	-50.0	155692260.0	396125860.0	4915269600.0	1692907.8	138974670.0	0.0	162500	3745.349699497223
65	-50.0	-50.0	-50.0	191123630.0	498069150.0	7701876000.0	1731947.5	173622240.0	0.0	165000	3802.878244638443
66	-50.0	-50.0	-50.0	199359150.0	486679520.0	5674972700.0	2120350.0	179591340.0	0.0	167500	3862.892003059387
67	-49.26	-49.26	-45.0	242784080.0	585798900.0	10205202000.0	2618599.0	217007650.0	0.1	170000	3922.216479063034
68	-50.0	-50.0	-50.0	349569860.0	617164900.0	7391958000.0	13696092.0	322175170.0	0.0	172500	3981.3364663124084
69	-50.0	-50.0	-50.0	455702700.0	729420160.0	8612913000.0	32254620.0	422949100.0	0.0	175000	4039.917192220688
70	-50.0	-50.0	-49.2	394367000.0	812517000.0	10490636000.0	14796351.0	363349400.0	0.0	177500	4098.739757061005
71	-50.0	-50.0	-50.0	361260060.0	853008260.0	10311214000.0	6690121.0	327836670.0	0.0	180000	4156.73192024231
72	-50.0	-50.0	-50.0	484691360.0	1200402300.0	16733585000.0	4710794.5	443071800.0	0.0	182500	4215.083341836929
73	-50.0	-50.0	-50.0	519334660.0	1175622100.0	12359086000.0	5144881.0	468740860.0	0.0	185000	4274.266366481781
74	-50.0	-50.0	-50.0	588937400.0	1377064300.0	13529775000.0	8436188.0	537459900.0	0.0	187500	4334.67166352272
75	-49.0	-49.0	-50.0	588006140.0	1377536600.0	14931114000.0	8741614.0	531237700.0	0.0	190000	4393.146629810333
76	-50.0	-50.0	-50.0	738833860.0	1819735900.0	17407316000.0	9087716.0	671517760.0	0.0	192500	4452.61638212204
77	-50.0	-50.0	-45.0	836070000.0	1941838500.0	18817073000.0	10984512.0	755139700.0	0.1	195000	4512.315145492554
78	-50.0	-50.0	-50.0	870755460.0	1954310100.0	25793247000.0	10257710.0	778566800.0	0.0	197500	4571.926417827606
79	-50.0	-50.0	-50.0	973289660.0	2086430100.0	19942826000.0	15428688.0	881497700.0	0.0	200000	4632.269186496735
80	-50.0	-50.0	-50.0	1100911500.0	2320736000.0	23256154000.0	28025912.0	984490940.0	0.0	202500	4692.368484020233
81	-50.0	-50.0	-50.0	1265919100.0	2626817500.0	28870242000.0	42019052.0	1164743700.0	0.0	205000	4751.935928821564
82	-50.0	-50.0	-50.0	1382154800.0	2787477500.0	28246604000.0	30345438.0	1256656900.0	0.0	207500	4812.063168764114
83	-50.0	-50.0	-50.0	1550630800.0	3126993700.0	34875617000.0	22907618.0	1444359000.0	0.0	210000	4873.049601078033
84	-49.0	-49.0	-50.0	1799551000.0	3612146000.0	41985460000.0	35532860.0	1669834900.0	0.0	212500	4933.572635412216
85	-49.0	-49.0	-50.0	2486001400.0	4438349300.0	40398537000.0	75797040.0	2307874300.0	0.0	215000	4994.020860910416
86	-50.0	-50.0	-50.0	2875743200.0	5406899000.0	83195400000.0	115332800.0	2686538000.0	0.0	217500	5055.024589061737
87	-50.0	-50.0	-50.0	3165125600.0	5048573400.0	47376400000.0	172697950.0	2973491000.0	0.0	220000	5115.726716041565
88	-50.0	-50.0	-50.0	3433505800.0	5332438000.0	58382463000.0	235905010.0	3223420000.0	0.0	222500	5176.290909051895
89	-50.0	-50.0	-50.0	3380818700.0	5448767000.0	52873986000.0	171947620.0	3184613400.0	0.0	225000	5237.247572660446
90	-50.0	-50.0	-50.0	3117862100.0	5344225300.0	46018750000.0	69449150.0	2959532800.0	0.0	227500	5297.151068687439
91	-50.0	-50.0	-50.0	2604395500.0	5091842000.0	53679264000.0	61627104.0	2456721400.0	0.0	230000	5357.835835933685
92	-50.0	-50.0	-50.0	2450333000.0	5184109000.0	53018100000.0	50896736.0	2303205600.0	0.0	232500	5417.363495111465
93	-50.0	-50.0	-50.0	2565221400.0	5594301400.0	56481292000.0	49086004.0	2394931500.0	0.0	235000	5477.149308204651
94	-50.0	-50.0	-50.0	3115719700.0	6630140400.0	74288685000.0	60945880.0	2922971100.0	0.0	237500	5537.741946220398
95	-50.0	-50.0	-50.0	3349433900.0	6524182500.0	59723290000.0	47888290.0	3132818000.0	0.0	240000	5596.767058372498
96	-49.96	-49.96	-50.0	3468581400.0	7326487600.0	74072290000.0	62714724.0	3243575000.0	0.0	242500	5655.322305202484
97	-50.0	-50.0	-50.0	3606235000.0	7561294000.0	82073970000.0	56397860.0	3423487000.0	0.0	245000	5715.070370912552
98	-49.94	-49.94	-50.0	4201207600.0	9635017000.0	103770850000.0	57142416.0	3943958800.0	0.0	247500	5774.906286716461
99	-50.0	-50.0	-50.0	4775821300.0	10181957000.0	124659780000.0	61484300.0	4490824000.0	0.0	250000	5834.621459007263
100	-50.0	-50.0	-50.0	4840043500.0	10700718000.0	139003350000.0	56513780.0	4542151700.0	0.0	252500	5893.715785741806
101	-49.56	-49.56	-50.0	5214717000.0	10408277000.0	134105800000.0	103209490.0	4931275000.0	0.0	255000	5952.985024929047
102	-50.0	-50.0	-50.0	6228151000.0	13248723000.0	190813390000.0	165517500.0	5873211400.0	0.0	257500	6012.310223340988
103	-49.0	-49.0	-50.0	6189955000.0	12042689000.0	130262560000.0	237902600.0	5918434000.0	0.0	260000	6071.708775758743
104	-49.0	-49.0	-50.0	6298314000.0	13540743000.0	172734920000.0	380923070.0	6013551000.0	0.0	262500	6131.099376678467
105	-50.0	-50.0	-50.0	6122328000.0	13202890000.0	146229080000.0	301666800.0	5834588000.0	0.0	265000	6190.418213605881
106	-49.0	-49.0	-50.0	5126324700.0	11155166000.0	119430410000.0	218270660.0	4866241000.0	0.0	267500	6249.593171596527
107	-49.0	-49.0	-50.0	4951798300.0	11386293000.0	180615450000.0	209613740.0	4739128300.0	0.0	270000	6309.133716583252
108	-50.0	-50.0	-50.0	5355770000.0	13690763000.0	201698050000.0	165096210.0	5047305700.0	0.0	272500	6367.709949493408
109	-49.0	-49.0	-50.0	4598443000.0	13400687000.0	195977460000.0	95775500.0	4369909000.0	0.0	275000	6427.413507699966
110	-50.0	-50.0	-50.0	4178570200.0	12022092000.0	163393730000.0	115632140.0	3964368400.0	0.0	277500	6486.028867721558
111	-50.0	-50.0	-50.0	3097139000.0	7839470000.0	102822830000.0	69503200.0	2884607700.0	0.0	280000	6544.546604156494
112	-50.0	-50.0	-50.0	3570777600.0	11578054000.0	184693920000.0	70748590.0	3305720800.0	0.0	282500	6603.179842948914
113	-50.0	-50.0	-50.0	3459338200.0	9855664000.0	143328950000.0	78619380.0	3238604000.0	0.0	285000	6662.131301641464
114	-50.0	-50.0	-50.0	3558870000.0	10497396000.0	155538500000.0	62792624.0	3270552600.0	0.0	287500	6722.0056121349335
115	-50.0	-50.0	-50.0	4209156600.0	11269841000.0	130819950000.0	67781380.0	3888975400.0	0.0	290000	6782.229808330536
116	-50.0	-50.0	-50.0	3499566800.0	9557042000.0	165788350000.0	61741396.0	3306448000.0	0.0	292500	6840.893495321274
117	-50.0	-50.0	-50.0	4131011000.0	10612721000.0	130400400000.0	72331890.0	3852564200.0	0.0	295000	6900.131111860275
118	-50.0	-50.0	-50.0	3306425300.0	9320528000.0	133704120000.0	75434420.0	3161772300.0	0.0	297500	6960.964029788971
119	-50.0	-50.0	-50.0	3947954400.0	10265960000.0	141307120000.0	67286940.0	3716397600.0	0.0	300000	7020.5726528167725
120	-50.0	-50.0	-45.0	4447094000.0	12687514000.0	180624690000.0	73954670.0	4083380200.0	0.1	302500	7081.044827699661
121	-50.0	-50.0	-49.9	5164561000.0	14403488000.0	168098640000.0	68306040.0	4724633000.0	0.1	305000	7141.148045063019
122	-50.0	-50.0	-50.0	5958909400.0	15686302000.0	185862320000.0	61290024.0	5537360000.0	0.0	307500	7202.289537668228
123	-49.0	-49.0	-50.0	5489228300.0	13979397000.0	165848380000.0	66188050.0	4971014700.0	0.0	310000	7262.110444068909
124	-50.0	-50.0	-50.0	6507818000.0	16842300000.0	215801740000.0	62641868.0	5991277000.0	0.0	312500	7320.939080953598
125	-49.0	-49.0	-50.0	8031684600.0	21274563000.0	231944030000.0	44462084.0	7411284500.0	0.0	315000	7381.030221939087
126	-50.0	-50.0	-50.0	7142878700.0	18649307000.0	226788770000.0	53390250.0	6679078000.0	0.0	317500	7441.874247312546
127	-49.0	-49.0	-50.0	7137857000.0	18322938000.0	341950660000.0	152345920.0	6700739600.0	0.0	320000	7502.706468105316
128	-50.0	-50.0	-50.0	8286023000.0	18812981000.0	206966160000.0	158342500.0	7828534300.0	0.0	322500	7561.792828798294
129	-50.0	-50.0	-50.0	9128959000.0	20415185000.0	249272400000.0	357885700.0	8596066000.0	0.0	325000	7622.085561990738
130	-50.0	-50.0	-50.0	8938324000.0	20480752000.0	276282970000.0	372654900.0	8456753000.0	0.0	327500	7680.594107627869
131	-50.0	-50.0	-50.0	8814892000.0	21038301000.0	241283380000.0	195255420.0	8255476700.0	0.0	330000	7739.676255226135
132	-50.0	-50.0	-50.0	7982441000.0	20162165000.0	238585560000.0	99923260.0	7426005000.0	0.0	332500	7798.711291313171
133	-50.0	-50.0	-50.0	7807659000.0	21056342000.0	262206950000.0	63583824.0	7341240000.0	0.0	335000	7859.321176528931
134	-48.0	-48.0	-50.0	7567988700.0	19883155000.0	286241160000.0	40425360.0	7035195400.0	0.0	337500	7919.281354904175
135	-50.0	-50.0	-50.0	6256822000.0	17523784000.0	215127080000.0	39558468.0	5666928600.0	0.0	340000	7979.527237653732
136	-50.0	-50.0	-50.0	6731621000.0	17563257000.0	210341450000.0	38484640.0	6295168500.0	0.0	342500	8039.669989109039
137	-50.0	-50.0	-50.0	7312209400.0	18781327000.0	233414850000.0	42024628.0	6843259000.0	0.0	345000	8099.723091840744
138	-50.0	-50.0	-50.0	8298918400.0	22028018000.0	242777650000.0	41519372.0	7706303500.0	0.0	347500	8160.580824375153
139	-50.0	-50.0	-50.0	9229760000.0	22241319000.0	316127700000.0	36517644.0	8541239000.0	0.0	350000	8220.563858509064
140	-50.0	-50.0	-50.0	9563862000.0	24835977000.0	446995300000.0	41441360.0	9163560000.0	0.0	352500	8279.921622276306
141	-50.0	-50.0	-50.0	10899599000.0	27491934000.0	444419470000.0	39307150.0	10316558000.0	0.0	355000	8339.68729686737
142	-50.0	-50.0	-50.0	12472732000.0	31216595000.0	477853550000.0	50572184.0	11746260000.0	0.0	357500	8399.704804182053
143	-50.0	-50.0	-50.0	13686758000.0	32678350000.0	449112870000.0	45735650.0	13018828000.0	0.0	360000	8460.657970190048
144	-50.0	-50.0	-50.0	14551950000.0	40465800000.0	827952700000.0	50231430.0	13661865000.0	0.0	362500	8521.741508722305
145	-50.0	-50.0	-50.0	16045104000.0	38542713000.0	500505540000.0	48277700.0	15366265000.0	0.0	365000	8582.471503734589
146	-50.0	-50.0	-50.0	18196470000.0	39842922000.0	421694440000.0	55615412.0	17228026000.0	0.0	367500	8643.64619231224
147	-50.0	-50.0	-50.0	20661840000.0	44107050000.0	516972700000.0	80479820.0	19755452000.0	0.0	370000	8704.097257852554
148	-50.0	-50.0	-50.0	19524820000.0	43890483000.0	636102900000.0	105030800.0	18750515000.0	0.0	372500	8763.236901044846
149	-49.44	-49.44	-50.0	25865128000.0	54681080000.0	597632900000.0	98754344.0	24642976000.0	0.0	375000	8823.238440275192
150	-50.0	-50.0	-50.0	25675616000.0	50242224000.0	623700400000.0	212734340.0	24572721000.0	0.0	377500	8884.062375307083
151	-50.0	-50.0	-50.0	31542250000.0	58162180000.0	556510200000.0	692087600.0	30041000000.0	0.0	380000	8945.242695331573
152	-50.0	-50.0	-50.0	37100810000.0	66388560000.0	768097100000.0	2172628700.0	35102450000.0	0.0	382500	9005.834542512894
153	-50.0	-50.0	-50.0	40870220000.0	70034680000.0	594504840000.0	2866741800.0	39276800000.0	0.0	385000	9067.046523332596
154	-49.0	-49.0	-50.0	35477660000.0	67515376000.0	935720850000.0	1934858100.0	33934730000.0	0.0	387500	9128.503048658371
155	-49.82	-49.82	-50.0	34904752000.0	70849620000.0	710260300000.0	1167063800.0	33132704000.0	0.0	390000	9189.531594991684
156	-49.0	-49.0	-50.0	35816930000.0	75856036000.0	888551640000.0	793712500.0	34610946000.0	0.0	392500	9250.907681941986
157	-50.0	-50.0	-50.0	39196467000.0	84446460000.0	846199000000.0	456055500.0	37201613000.0	0.0	395000	9310.716615438461
158	-50.0	-50.0	-50.0	36283195000.0	80761000000.0	859963000000.0	391917000.0	34638260000.0	0.0	397500	9370.84533047676
159	-49.94	-49.94	-50.0	35687068000.0	80183990000.0	972742000000.0	271524030.0	33727360000.0	0.0	400000	9430.925990343094
160	-50.0	-50.0	-50.0	36182065000.0	85596750000.0	1267852500000.0	262387490.0	34505320000.0	0.0	402500	9492.22449684143
161	-50.0	-50.0	-50.0	39847678000.0	89554350000.0	805441600000.0	220565660.0	38372190000.0	0.0	405000	9552.511423826218
162	-50.0	-50.0	-50.0	39183348000.0	92645876000.0	1210539700000.0	257974300.0	37632460000.0	0.0	407500	9614.092989206314
163	-50.0	-50.0	-50.0	43523666000.0	95235826000.0	750050500000.0	214337700.0	41536184000.0	0.0	410000	9674.23387503624
164	-49.96	-49.96	-50.0	44301038000.0	101928260000.0	818203800000.0	188094580.0	42101610000.0	0.0	412500	9734.306652545929
165	-50.0	-50.0	-50.0	47018860000.0	101114110000.0	821731260000.0	183630940.0	44828172000.0	0.0	415000	9794.37574505806
166	-50.0	-50.0	-50.0	44513116000.0	99396980000.0	860800300000.0	186966600.0	42847113000.0	0.0	417500	9852.98471736908
167	-50.0	-50.0	-50.0	50656838000.0	119257550000.0	971795330000.0	224977090.0	48477078000.0	0.0	420000	9912.895316123962
168	-50.0	-50.0	-50.0	53161650000.0	119568660000.0	974551100000.0	240732420.0	50192187000.0	0.0	422500	9972.695739030838
169	-49.0	-49.0	-50.0	50729890000.0	118213830000.0	1091598200000.0	196990560.0	47831700000.0	0.0	425000	10033.685434103012
170	-50.0	-50.0	-50.0	45412155000.0	106652370000.0	992764900000.0	149824780.0	42548048000.0	0.0	427500	10093.761910200119
171	-50.0	-50.0	-50.0	47546380000.0	113143955000.0	1119318600000.0	252367470.0	44566700000.0	0.0	430000	10153.540453672409
172	-49.16	-49.16	-50.0	57631900000.0	146944210000.0	1640289900000.0	289364450.0	54744340000.0	0.0	432500	10213.861818313599
173	-49.22	-49.22	-50.0	56726966000.0	137844330000.0	1172745600000.0	219160510.0	53333360000.0	0.0	435000	10273.00555229187
174	-50.0	-50.0	-50.0	56596570000.0	132200380000.0	1199365400000.0	268063740.0	54180290000.0	0.0	437500	10332.962103128433
175	-50.0	-50.0	-50.0	61095160000.0	156221650000.0	1831822800000.0	298832300.0	57549140000.0	0.0	440000	10393.003507614136
176	-50.0	-50.0	-50.0	58057780000.0	146285330000.0	1449195600000.0	285620260.0	54333070000.0	0.0	442500	10454.165991783142
177	-50.0	-50.0	-50.0	62672970000.0	156844650000.0	1730947800000.0	248535020.0	60033937000.0	0.0	445000	10514.02760720253
178	-50.0	-50.0	-50.0	56603460000.0	153925420000.0	1529400100000.0	262512450.0	54003970000.0	0.0	447500	10573.0630941391
179	-50.0	-50.0	-50.0	62904795000.0	164776260000.0	1637509800000.0	263508140.0	60348090000.0	0.0	450000	10631.749368906021
180	-50.0	-50.0	-50.0	52956934000.0	141010390000.0	1261182800000.0	219377710.0	49914550000.0	0.0	452500	10690.194985628128
181	-50.0	-50.0	-50.0	54450750000.0	148640240000.0	1710540500000.0	232683300.0	50472140000.0	0.0	455000	10749.199767112732
182	-50.0	-50.0	-50.0	57219240000.0	157503160000.0	1950950200000.0	226570700.0	54456107000.0	0.0	457500	10807.446214437485
183	-50.0	-50.0	-50.0	57902567000.0	149026000000.0	1415952100000.0	228865380.0	54349570000.0	0.0	460000	10866.25659751892
184	-50.0	-50.0	-50.0	63108570000.0	161724610000.0	2153764200000.0	347282980.0	59520655000.0	0.0	462500	10925.783729791641
185	-50.0	-50.0	-50.0	67441877000.0	169243590000.0	1961599200000.0	460991040.0	64975983000.0	0.0	465000	10985.349516868591
186	-50.0	-50.0	-50.0	77440910000.0	194761620000.0	2582844000000.0	449176130.0	72271620000.0	0.0	467500	11043.763349294662
187	-50.0	-50.0	-50.0	79693510000.0	189702600000.0	2197005700000.0	713022200.0	74976080000.0	0.0	470000	11102.985833883286
188	-50.0	-50.0	-50.0	82105710000.0	204161040000.0	3052276800000.0	960619800.0	78366425000.0	0.0	472500	11161.708349943161
189	-49.28	-49.28	-50.0	89576450000.0	227657020000.0	2833235300000.0	817556200.0	84652530000.0	0.0	475000	11220.984194993973
190	-50.0	-50.0	-47.6	92125070000.0	222133110000.0	2296784400000.0	1741398800.0	87921310000.0	0.0	477500	11280.334599018097
191	-50.0	-50.0	-50.0	88444250000.0	213605740000.0	2559364600000.0	1690882700.0	83709755000.0	0.0	480000	11339.678614377975
192	-50.0	-50.0	-50.0	106522520000.0	250788540000.0	2457233500000.0	2251010600.0	100037485000.0	0.0	482500	11398.563150644302
193	-50.0	-50.0	-50.0	98165350000.0	223485440000.0	2242558800000.0	2207267800.0	92772990000.0	0.0	485000	11456.846631288528
194	-50.0	-50.0	-50.0	110338080000.0	256217550000.0	2459601200000.0	2628457000.0	105966000000.0	0.0	487500	11516.0567111969
195	-50.0	-50.0	-50.0	103242826000.0	253430900000.0	2883180600000.0	1814131300.0	99340860000.0	0.0	490000	11574.818927049637
196	-50.0	-50.0	-50.0	104044900000.0	250089700000.0	2494920400000.0	1728436700.0	99917760000.0	0.0	492500	11634.059678792953
197	-50.0	-50.0	-50.0	118838700000.0	296473200000.0	4048590000000.0	1429501700.0	112915400000.0	0.0	495000	11691.851224422455
198	-50.0	-50.0	-50.0	120943346000.0	313925200000.0	4473391400000.0	1286472200.0	113758380000.0	0.0	497500	11751.028840780258
199	-50.0	-50.0	-50.0	119531170000.0	316021340000.0	3931996400000.0	832275400.0	114351130000.0	0.0	500000	11810.064044237137
200	-50.0	-50.0	-50.0	108219770000.0	272912880000.0	3498968000000.0	1127942100.0	102546560000.0	0.0	502500	11869.92169880867
201	-50.0	-50.0	-50.0	118888550000.0	295211930000.0	3136160300000.0	834671360.0	113249430000.0	0.0	505000	11929.89271068573
202	-50.0	-50.0	-50.0	129066450000.0	328708130000.0	3763863300000.0	724381440.0	120306115000.0	0.0	507500	11988.790065526962
203	-50.0	-50.0	-50.0	138127900000.0	348716800000.0	4051795200000.0	828007940.0	130163880000.0	0.0	510000	12047.469622850418
204	-50.0	-50.0	-50.0	142258110000.0	368118140000.0	4681629000000.0	901674240.0	136331330000.0	0.0	512500	12106.089057207108
205	-50.0	-50.0	-50.0	139018450000.0	341917140000.0	3568819800000.0	1287147500.0	131660150000.0	0.0	515000	12163.654417037964
206	-50.0	-50.0	-45.0	151405360000.0	390606600000.0	4300147500000.0	871352800.0	140867680000.0	0.1	517500	12221.814794063568
207	-49.96	-49.96	-50.0	140075240000.0	351104240000.0	4163464900000.0	941170050.0	128919240000.0	0.0	520000	12280.508229732513
208	-50.0	-50.0	-50.0	140012010000.0	362944330000.0	3756971500000.0	931101600.0	132855700000.0	0.0	522500	12339.9311003685
209	-50.0	-50.0	-50.0	163892790000.0	392647000000.0	5148505500000.0	942876800.0	156850100000.0	0.0	525000	12398.234574079514
210	-50.0	-50.0	-50.0	172708920000.0	439459250000.0	4250165600000.0	887171460.0	162193030000.0	0.0	527500	12457.49864935875
211	-50.0	-50.0	-50.0	169835120000.0	427854200000.0	4912190000000.0	1053734140.0	160208900000.0	0.0	530000	12516.226165771484
212	-50.0	-50.0	-50.0	186064320000.0	477844200000.0	4544422500000.0	993613300.0	172765600000.0	0.0	532500	12574.861919879913
213	-50.0	-50.0	-50.0	171794400000.0	425332600000.0	4701998300000.0	907385600.0	159522800000.0	0.0	535000	12633.459892511368
214	-50.0	-50.0	-50.0	194463810000.0	470130900000.0	5393288000000.0	1071865540.0	180024330000.0	0.0	537500	12691.868630170822
215	-50.0	-50.0	-50.0	190779060000.0	462900260000.0	4579015000000.0	1153322100.0	173483400000.0	0.0	540000	12751.600947618484
216	-50.0	-50.0	-50.0	179227480000.0	422698580000.0	5107854000000.0	1120686700.0	165617830000.0	0.0	542500	12811.01144862175
217	-50.0	-50.0	-50.0	211174540000.0	516238900000.0	5708401600000.0	1262039000.0	198797950000.0	0.0	545000	12869.98237490654
218	-50.0	-50.0	-50.0	215977050000.0	508744600000.0	5742755000000.0	1215937000.0	201580600000.0	0.0	547500	12928.51155757904
219	-49.96	-49.96	-50.0	198118360000.0	494570570000.0	5125828000000.0	1024006300.0	185610760000.0	0.0	550000	12988.431631088257
220	-49.98	-49.98	-50.0	239156280000.0	614394500000.0	7853415000000.0	1117217800.0	224145010000.0	0.0	552500	13047.355378627777
221	-50.0	-50.0	-50.0	217476740000.0	528995500000.0	6222798000000.0	865636900.0	202748130000.0	0.0	555000	13105.777569055557
222	-50.0	-50.0	-50.0	234329360000.0	607745400000.0	6784257000000.0	1081299500.0	216786040000.0	0.0	557500	13165.178627252579
223	-49.0	-49.0	-50.0	222492160000.0	565058800000.0	6097780000000.0	1635141600.0	203246080000.0	0.0	560000	13225.303349018097
224	-50.0	-50.0	-50.0	246201200000.0	652357530000.0	8879082000000.0	1248643100.0	230092960000.0	0.0	562500	13285.295363426208
225	-50.0	-50.0	-50.0	259475850000.0	639260100000.0	6773927300000.0	1684574800.0	236219380000.0	0.0	565000	13346.466161251068
226	-50.0	-50.0	-50.0	222684890000.0	595215450000.0	7353421300000.0	2314170600.0	203202890000.0	0.0	567500	13405.938816308975
227	-50.0	-50.0	-50.0	257022000000.0	619518700000.0	5954386500000.0	2099048700.0	238413070000.0	0.0	570000	13463.946226358414
228	-50.0	-50.0	-50.0	253337110000.0	666519900000.0	8878663000000.0	2605374700.0	234335720000.0	0.0	572500	13523.573949337006
229	-50.0	-50.0	-50.0	247791760000.0	622450250000.0	6665645600000.0	2107099100.0	224945370000.0	0.0	575000	13583.151699066162
230	-50.0	-50.0	-50.0	253104280000.0	691314200000.0	12549757000000.0	1837541400.0	233858150000.0	0.0	577500	13644.168385267258
231	-50.0	-50.0	-50.0	262871060000.0	711191560000.0	11380076000000.0	2681906200.0	240694210000.0	0.0	580000	13704.49512219429
232	-49.0	-49.0	-50.0	235787170000.0	596009550000.0	7634103000000.0	3177064400.0	217163500000.0	0.0	582500	13764.52404165268
233	-50.0	-50.0	-50.0	307476700000.0	699570600000.0	8598104600000.0	6203622400.0	282128220000.0	0.0	585000	13825.783459424973
234	-49.0	-49.0	-50.0	390351360000.0	821532000000.0	15209062000000.0	24112525000.0	365588740000.0	0.0	587500	13886.505165100098
235	-50.0	-50.0	-50.0	481390820000.0	873829760000.0	12904944000000.0	40466907000.0	456050200000.0	0.0	590000	13946.834584474564
236	-49.0	-49.0	-49.7	369616980000.0	704450130000.0	9303950000000.0	25499859000.0	346873460000.0	0.0	592500	14006.531833648682
237	-49.0	-49.0	-50.0	304263360000.0	699029400000.0	8286229000000.0	17196579000.0	286023550000.0	0.0	595000	14066.548209190369
238	-49.96	-49.96	-50.0	330801120000.0	811386000000.0	8486886300000.0	7742716000.0	312334000000.0	0.0	597500	14126.00482225418
239	-50.0	-50.0	-50.0	305804840000.0	783844400000.0	11813203000000.0	6649746000.0	287218370000.0	0.0	600000	14185.539707183838
240	-50.0	-50.0	-50.0	304595860000.0	721682370000.0	9359465000000.0	6148837000.0	282604100000.0	0.0	602500	14245.857536554337
241	-49.96	-49.96	-50.0	345721100000.0	824242400000.0	8102451000000.0	5278605000.0	326795430000.0	0.0	605000	14306.953581094742
242	-49.0	-49.0	-50.0	345086260000.0	750453650000.0	7574088000000.0	5483200500.0	314098220000.0	0.0	607500	14367.011416196823
243	-50.0	-50.0	-50.0	362025580000.0	781992460000.0	7610000500000.0	8620470000.0	338139220000.0	0.0	610000	14427.001635789871
244	-50.0	-50.0	-50.0	436509280000.0	830476700000.0	9143287000000.0	19568500000.0	409621820000.0	0.0	612500	14486.946004629135
245	-49.0	-49.0	-50.0	515227300000.0	887311000000.0	11589096000000.0	44925780000.0	497806500000.0	0.0	615000	14547.817065000534
246	-50.0	-50.0	-50.0	523247060000.0	937482600000.0	13969210000000.0	36136313000.0	498606500000.0	0.0	617500	14609.477800130844
247	-50.0	-50.0	-49.2	483002000000.0	887186060000.0	12701572000000.0	36551220000.0	464510030000.0	0.1	620000	14670.142308712006
248	-50.0	-50.0	-50.0	426996730000.0	839833350000.0	12223857000000.0	27851325000.0	408178070000.0	0.0	622500	14730.50016117096
249	-50.0	-50.0	-50.0	393524180000.0	833018300000.0	12690090000000.0	16523116000.0	375784870000.0	0.0	625000	14789.639109611511
250	-50.0	-50.0	-50.0	369190080000.0	802406140000.0	10058209000000.0	15649488000.0	346663900000.0	0.0	627500	14849.24390077591
251	-49.04	-49.04	-50.0	325557200000.0	773550960000.0	12491086000000.0	12017851000.0	305338160000.0	0.0	630000	14908.615580558777
252	-50.0	-50.0	-50.0	298331400000.0	682731300000.0	11035776000000.0	9787741000.0	279259500000.0	0.0	632500	14968.407231330872
253	-50.0	-50.0	-50.0	286619530000.0	687537900000.0	9743965000000.0	9164734000.0	265413080000.0	0.0	635000	15027.737001419067
254	-50.0	-50.0	-50.0	294371700000.0	713736800000.0	9127208000000.0	6143049000.0	273131040000.0	0.0	637500	15086.976072072983
255	-50.0	-50.0	-50.0	263723160000.0	726200100000.0	12938436000000.0	5537442300.0	244489980000.0	0.0	640000	15145.931879997253
256	-50.0	-50.0	-50.0	234467250000.0	636617750000.0	9644822000000.0	4707569700.0	216846420000.0	0.0	642500	15205.790529727936
257	-50.0	-50.0	-50.0	256163360000.0	789669000000.0	11635096000000.0	3371162000.0	234085610000.0	0.0	645000	15265.05985212326
258	-50.0	-50.0	-50.0	217582450000.0	609737300000.0	9676907000000.0	3490468900.0	202263100000.0	0.0	647500	15324.70962524414
259	-50.0	-50.0	-50.0	207695820000.0	570447950000.0	9424913000000.0	2996740600.0	192725470000.0	0.0	650000	15384.744395971298
260	-50.0	-50.0	-50.0	218799470000.0	594360700000.0	7759746600000.0	3128867300.0	197330000000.0	0.0	652500	15443.619971513748
261	-50.0	-50.0	-50.0	232135800000.0	638604740000.0	9571103000000.0	3086530600.0	212210220000.0	0.0	655000	15502.42936372757
262	-50.0	-50.0	-50.0	213727800000.0	667602650000.0	11923431000000.0	2577045000.0	198796670000.0	0.0	657500	15562.776381969452
263	-50.0	-50.0	-50.0	179893520000.0	524716570000.0	4928005700000.0	2085446800.0	162123680000.0	0.0	660000	15622.84775018692
264	-50.0	-50.0	-50.0	175803480000.0	524261030000.0	6540847000000.0	1738929500.0	158612400000.0	0.0	662500	15682.425055027008
265	-49.8	-49.8	-50.0	171493180000.0	531422020000.0	7152246000000.0	1548618100.0	162647930000.0	0.0	665000	15741.292720794678
266	-50.0	-50.0	-50.0	187552430000.0	571709900000.0	10312361000000.0	1472177000.0	175344290000.0	0.0	667500	15801.235179185867
267	-50.0	-50.0	-50.0	158812670000.0	462409960000.0	5652596000000.0	1588172500.0	146513280000.0	0.0	670000	15862.01906466484
268	-50.0	-50.0	-45.0	158655450000.0	463347700000.0	5240916500000.0	1647684900.0	150989500000.0	0.1	672500	15922.037026643753
269	-50.0	-50.0	-50.0	161424700000.0	480231650000.0	4981917000000.0	1372704900.0	152835920000.0	0.0	675000	15981.729199171066
270	-50.0	-50.0	-50.0	152648560000.0	463672870000.0	4994224400000.0	1473863600.0	135671630000.0	0.0	677500	16041.872596263885
271	-50.0	-50.0	-50.0	171201120000.0	501220770000.0	4999665000000.0	1244539600.0	156892200000.0	0.0	680000	16102.321770429611
272	-50.0	-50.0	-50.0	145434720000.0	442607900000.0	5146317000000.0	1281585800.0	132710860000.0	0.0	682500	16162.543966054916
273	-50.0	-50.0	-50.0	155891140000.0	480135450000.0	6409742700000.0	1410250000.0	144630510000.0	0.0	685000	16223.178118944168
274	-50.0	-50.0	-50.0	172999770000.0	538236160000.0	10392284000000.0	1298070400.0	159384350000.0	0.0	687500	16283.042627573013
275	-49.9	-49.9	-50.0	189986290000.0	606643700000.0	9444834000000.0	1358322800.0	177713170000.0	0.0	690000	16343.57235455513
276	-49.9	-49.9	-50.0	159687250000.0	493764250000.0	9329764000000.0	1172093400.0	148381060000.0	0.0	692500	16403.376358509064
277	-50.0	-50.0	-50.0	166463340000.0	524693300000.0	7807759000000.0	1139270500.0	148481800000.0	0.0	695000	16462.22479057312
278	-50.0	-50.0	-50.0	159470730000.0	460178400000.0	4571144000000.0	1104361500.0	147145330000.0	0.0	697500	16521.443668603897
279	-50.0	-50.0	-50.0	160432770000.0	484934250000.0	8231361000000.0	1312390400.0	149074430000.0	0.0	700000	16582.33317899704
280	-50.0	-50.0	-50.0	186376370000.0	576420800000.0	10158136000000.0	1292971500.0	177233130000.0	0.0	702500	16642.03854894638
281	-50.0	-50.0	-50.0	237165840000.0	652004400000.0	8522357500000.0	2664983300.0	224654670000.0	0.0	705000	16703.461889982224
282	-49.9	-49.9	-50.0	263915450000.0	608172830000.0	6801564000000.0	9024379000.0	259455530000.0	0.0	707500	16763.547209262848
283	-50.0	-50.0	-50.0	365708840000.0	678054260000.0	8000001000000.0	27480674000.0	357805060000.0	0.0	710000	16824.14366364479
284	-50.0	-50.0	-50.0	366906300000.0	615221800000.0	9169020000000.0	26179740000.0	356749200000.0	0.0	712500	16883.771238803864
285	-50.0	-50.0	-50.0	327246100000.0	598717000000.0	8639317300000.0	20324098000.0	310197850000.0	0.0	715000	16943.877482414246
286	-50.0	-50.0	-50.0	244144540000.0	589646270000.0	9839511000000.0	12573201000.0	234572280000.0	0.0	717500	17004.56355047226
287	-50.0	-50.0	-50.0	220719680000.0	606585750000.0	9489883000000.0	7417200600.0	209418140000.0	0.0	720000	17064.490767002106
288	-50.0	-50.0	-50.0	177119170000.0	475449260000.0	5270798000000.0	4749434400.0	165425820000.0	0.0	722500	17123.537159204483
289	-50.0	-50.0	-50.0	159041540000.0	435963920000.0	6204605000000.0	3109652500.0	152123930000.0	0.0	725000	17183.089197397232
290	-50.0	-50.0	-50.0	173106680000.0	497188770000.0	6645369300000.0	2703218700.0	164288090000.0	0.0	727500	17243.413575172424
291	-50.0	-50.0	-50.0	173882000000.0	523753300000.0	7464772700000.0	1688212700.0	164866440000.0	0.0	730000	17302.684731960297
292	-49.0	-49.0	-50.0	169346020000.0	482936850000.0	6060540700000.0	1590999800.0	157237050000.0	0.0	732500	17362.74834036827
293	-50.0	-50.0	-50.0	181977430000.0	516084500000.0	6995752500000.0	1828393500.0	169428450000.0	0.0	735000	17423.268843650818
294	-50.0	-50.0	-50.0	228330160000.0	616215100000.0	9271526000000.0	2101815900.0	215810340000.0	0.0	737500	17483.786782503128
295	-50.0	-50.0	-50.0	228596810000.0	525919650000.0	7894375300000.0	4499178000.0	213833650000.0	0.0	740000	17544.883917570114
296	-49.0	-49.0	-50.0	285119740000.0	598801400000.0	8714545000000.0	13441319000.0	271180070000.0	0.0	742500	17606.36559486389
297	-50.0	-50.0	-50.0	388052100000.0	937512000000.0	19009194000000.0	29056230000.0	358224820000.0	0.0	745000	17666.17924594879
298	-50.0	-50.0	-50.0	368691000000.0	742413900000.0	22760520000000.0	39158980000.0	349469570000.0	0.0	747500	17728.938590288162
299	-50.0	-50.0	-50.0	382488200000.0	743018500000.0	16624937000000.0	51065123000.0	365735200000.0	0.0	750000	17790.96226477623
300	-49.0	-49.0	-50.0	393821030000.0	640388500000.0	14515398000000.0	53577040000.0	380548000000.0	0.0	752500	17851.58336877823
301	-50.0	-50.0	-50.0	373541100000.0	575878000000.0	9156290000000.0	53866150000.0	349732200000.0	0.0	755000	17913.088345766068
302	-50.0	-50.0	-50.0	331339270000.0	522749150000.0	6629895000000.0	38172017000.0	310886100000.0	0.0	757500	17974.256102085114
303	-50.0	-50.0	-50.0	291872150000.0	522175250000.0	6986018600000.0	28563390000.0	269626900000.0	0.0	760000	18034.258026361465
304	-50.0	-50.0	-50.0	223805750000.0	412194180000.0	5718802400000.0	18435715000.0	210154160000.0	0.0	762500	18094.385194778442
305	-50.0	-50.0	-50.0	199675180000.0	400174680000.0	3997551300000.0	15257649000.0	187402010000.0	0.0	765000	18153.577189445496
306	-49.96	-49.96	-50.0	182283190000.0	408268670000.0	6029222000000.0	11077173000.0	169054340000.0	0.0	767500	18212.328399658203
307	-50.0	-50.0	-50.0	161715470000.0	391600600000.0	5117428400000.0	6896704000.0	148065160000.0	0.0	770000	18272.039179325104
308	-50.0	-50.0	-50.0	165868720000.0	386993300000.0	4113928000000.0	7454955000.0	149886900000.0	0.0	772500	18331.71430516243
309	-50.0	-50.0	-50.0	138133470000.0	348428470000.0	4704701500000.0	5699185700.0	129424460000.0	0.0	775000	18391.79261112213
310	-49.66	-49.66	-50.0	143064660000.0	445483900000.0	10723951000000.0	4805348400.0	132201620000.0	0.0	777500	18451.550043821335
311	-50.0	-50.0	-50.0	125171780000.0	391964720000.0	9253876000000.0	3952809200.0	114035510000.0	0.0	780000	18511.27116584778
312	-50.0	-50.0	-50.0	114140110000.0	366315570000.0	5919463000000.0	3754097700.0	107414090000.0	0.0	782500	18570.50077342987
313	-50.0	-50.0	-50.0	111800410000.0	322875850000.0	5916510000000.0	3129350100.0	103990030000.0	0.0	785000	18630.335437059402
314	-50.0	-50.0	-50.0	112262790000.0	446966330000.0	8138637000000.0	2372231700.0	102260360000.0	0.0	787500	18690.13073039055
315	-50.0	-50.0	-50.0	94581600000.0	336101100000.0	5698723000000.0	1982941200.0	85875810000.0	0.0	790000	18748.93431019783
316	-50.0	-50.0	-50.0	92823310000.0	301699140000.0	4746698600000.0	2147224300.0	81229330000.0	0.0	792500	18807.997619628906
317	-49.92	-49.92	-50.0	87615370000.0	313082480000.0	5845954300000.0	1685523700.0	80117830000.0	0.0	795000	18868.35713672638
318	-50.0	-50.0	-50.0	89661940000.0	304850700000.0	4563951700000.0	1794226800.0	82898380000.0	0.0	797500	18928.40901041031
319	-49.94	-49.94	-50.0	84929356000.0	302251440000.0	4152422600000.0	1622899700.0	77263740000.0	0.0	800000	18988.622510910034
320	-50.0	-50.0	-50.0	89037095000.0	329948820000.0	5797427300000.0	1445510900.0	82569260000.0	0.0	802500	19048.799453496933
321	-50.0	-50.0	-50.0	96997670000.0	354492200000.0	4473470000000.0	954146200.0	86825670000.0	0.0	805000	19108.179593086243
322	-50.0	-50.0	-50.0	75321200000.0	304612500000.0	5888932000000.0	1191310100.0	70645400000.0	0.0	807500	19167.05615758896
323	-50.0	-50.0	-50.0	87700380000.0	320944340000.0	4463163600000.0	1081946400.0	77376870000.0	0.0	810000	19226.80113697052
324	-49.0	-49.0	-50.0	98923500000.0	353398100000.0	5617669400000.0	1009806460.0	89343000000.0	0.0	812500	19286.311719179153
325	-49.96	-49.96	-50.0	84660490000.0	360191500000.0	11155738000000.0	1153760800.0	74747265000.0	0.0	815000	19344.522541999817
326	-50.0	-50.0	-50.0	87700460000.0	321055030000.0	4414394000000.0	976482940.0	81240370000.0	0.0	817500	19403.842539548874
327	-50.0	-50.0	-50.0	80893140000.0	295043900000.0	4284872700000.0	1037705660.0	72485720000.0	0.0	820000	19463.81693458557
328	-50.0	-50.0	-50.0	101252580000.0	471906220000.0	12676257000000.0	955130600.0	93940550000.0	0.0	822500	19523.34353017807
329	-50.0	-50.0	-50.0	104654316000.0	398457700000.0	7164157500000.0	1012042750.0	92795370000.0	0.0	825000	19582.131333351135
330	-50.0	-50.0	-50.0	111330755000.0	389727060000.0	4575795000000.0	686827500.0	96535210000.0	0.0	827500	19641.288486242294
331	-49.9	-49.9	-48.5	109615830000.0	414903800000.0	7782866000000.0	907625000.0	102526130000.0	0.1	830000	19699.836339235306
332	-50.0	-50.0	-50.0	96839800000.0	377520620000.0	8548436700000.0	929603600.0	92123930000.0	0.0	832500	19759.03108739853
333	-50.0	-50.0	-50.0	102936350000.0	352757970000.0	7692847000000.0	819566460.0	90993934000.0	0.0	835000	19817.989006996155
334	-50.0	-50.0	-50.0	130040460000.0	505375030000.0	8799407000000.0	802801860.0	120422646000.0	0.0	837500	19877.923090219498
335	-50.0	-50.0	-50.0	109229940000.0	377515250000.0	4540866000000.0	764471100.0	104277980000.0	0.0	840000	19937.501178503036
336	-50.0	-50.0	-50.0	108862070000.0	389168230000.0	5370957000000.0	625125400.0	101098545000.0	0.0	842500	19997.265406131744
337	-49.96	-49.96	-50.0	93989085000.0	334819130000.0	4316767700000.0	651147140.0	88343536000.0	0.0	845000	20055.74117231369
338	-50.0	-50.0	-50.0	127950135000.0	526511180000.0	8960225000000.0	621504450.0	122270310000.0	0.0	847500	20114.958005666733
339	-50.0	-50.0	-45.0	103463490000.0	409016860000.0	7745390000000.0	725461250.0	99462365000.0	0.1	850000	20173.954883098602
340	-50.0	-50.0	-50.0	116824285000.0	486873660000.0	8274750500000.0	684736800.0	108070780000.0	0.0	852500	20232.91126561165
341	-50.0	-50.0	-50.0	130046430000.0	459589520000.0	6417293000000.0	643788900.0	116655110000.0	0.0	855000	20292.98767232895
342	-50.0	-50.0	-50.0	132928045000.0	436792660000.0	4579058000000.0	675980900.0	114557400000.0	0.0	857500	20352.620038747787
343	-49.0	-49.0	-50.0	111329370000.0	403092080000.0	6262039000000.0	668708860.0	97496285000.0	0.0	860000	20412.127155065536
344	-49.98	-49.98	-50.0	103864030000.0	333062280000.0	5451638400000.0	724144900.0	97221300000.0	0.0	862500	20472.01061606407
345	-50.0	-50.0	-50.0	106506880000.0	361065700000.0	5257287400000.0	675952640.0	92209725000.0	0.0	865000	20531.23602080345
346	-49.0	-49.0	-50.0	115152310000.0	376307500000.0	4374148200000.0	697438600.0	100568700000.0	0.0	867500	20590.324725151062
347	-50.0	-50.0	-50.0	103670480000.0	346351960000.0	4758564000000.0	569065400.0	93295710000.0	0.0	870000	20650.33730697632
348	-49.98	-49.98	-50.0	103374080000.0	352271340000.0	4658194500000.0	643250560.0	93100410000.0	0.0	872500	20709.11266207695
349	-50.0	-50.0	-50.0	103832460000.0	359114870000.0	4854269000000.0	673323700.0	91926160000.0	0.0	875000	20768.943731546402
350	-50.0	-50.0	-50.0	105208610000.0	333376600000.0	3703149700000.0	690587650.0	98065870000.0	0.0	877500	20829.168105840683
351	-50.0	-50.0	-50.0	105601370000.0	350498030000.0	4565416500000.0	623297900.0	95711450000.0	0.0	880000	20888.144943475723
352	-50.0	-50.0	-50.0	98531820000.0	301957320000.0	3068166000000.0	612817000.0	92679600000.0	0.0	882500	20947.144366264343
353	-50.0	-50.0	-50.0	96455385000.0	310901470000.0	4319269400000.0	551895600.0	88786080000.0	0.0	885000	21006.289732456207
354	-50.0	-50.0	-50.0	129884774000.0	420106400000.0	4570781000000.0	652975100.0	119425760000.0	0.0	887500	21064.85026717186
355	-49.44	-49.44	-50.0	94199070000.0	322056500000.0	4651562300000.0	503525820.0	86643565000.0	0.0	890000	21124.320118188858
356	-50.0	-50.0	-50.0	98421630000.0	345338120000.0	4348645200000.0	627102600.0	96118040000.0	0.0	892500	21182.680765867233
357	-50.0	-50.0	-50.0	94879640000.0	312443600000.0	4561021400000.0	563833540.0	88962556000.0	0.0	895000	21241.80733013153
358	-50.0	-50.0	-50.0	99593110000.0	354399880000.0	5280949000000.0	640820200.0	94146010000.0	0.0	897500	21300.30861711502
359	-49.0	-49.0	-50.0	89316090000.0	334191760000.0	4732087700000.0	573134460.0	87748890000.0	0.0	900000	21358.846269369125
360	-50.0	-50.0	-50.0	87850590000.0	316692270000.0	5217118000000.0	493767500.0	81620960000.0	0.0	902500	21418.15448832512
361	-50.0	-50.0	-50.0	99676480000.0	364439470000.0	7167353600000.0	386760350.0	93282510000.0	0.0	905000	21475.672298431396
362	-50.0	-50.0	-50.0	88156300000.0	328321300000.0	5500602700000.0	437358460.0	84847755000.0	0.0	907500	21534.8699529171
363	-50.0	-50.0	-50.0	102498255000.0	454816830000.0	11084903000000.0	460051200.0	92025580000.0	0.0	910000	21593.57529568672
364	-50.0	-50.0	-50.0	84864430000.0	352145770000.0	9412255000000.0	467860860.0	75944790000.0	0.0	912500	21651.616899967194
365	-49.0	-49.0	-50.0	81321320000.0	282072020000.0	3328343500000.0	542254340.0	74066665000.0	0.0	915000	21711.024621725082
366	-49.0	-49.0	-50.0	79593430000.0	306981340000.0	5915032400000.0	478038000.0	72407670000.0	0.0	917500	21769.891478061676
367	-50.0	-50.0	-50.0	88212270000.0	308223250000.0	4972825000000.0	398580400.0	82666270000.0	0.0	920000	21828.35441827774
368	-49.0	-49.0	-50.0	89458100000.0	275087980000.0	4049740500000.0	558198340.0	85003320000.0	0.0	922500	21887.162283182144
369	-50.0	-50.0	-50.0	204932450000.0	451767530000.0	8942231000000.0	1446968600.0	193582350000.0	0.0	925000	21946.72622871399
370	-50.0	-50.0	-50.0	344898370000.0	697395450000.0	14880925000000.0	38673908000.0	333237600000.0	0.0	927500	22005.27519083023
371	-50.0	-50.0	-50.0	334929820000.0	555326770000.0	11161195000000.0	46171038000.0	320894470000.0	0.0	930000	22065.275973558426
372	-50.0	-50.0	-50.0	252007100000.0	909328400000.0	35362777000000.0	31558009000.0	249049380000.0	0.0	932500	22125.30914592743
373	-50.0	-50.0	-50.0	172656700000.0	383266850000.0	8051175000000.0	22784450000.0	162974730000.0	0.0	935000	22186.25571846962
374	-50.0	-50.0	-50.0	140931250000.0	259103060000.0	5272503000000.0	20743873000.0	131314100000.0	0.0	937500	22246.092591047287
375	-50.0	-50.0	-50.0	142800600000.0	368484900000.0	9314782000000.0	20132397000.0	137209020000.0	0.0	940000	22304.928327322006
376	-50.0	-50.0	-45.0	113690330000.0	438219870000.0	17454813000000.0	16170949000.0	111527000000.0	0.1	942500	22363.025427103043
377	-50.0	-50.0	-50.0	84754915000.0	327252020000.0	12478273000000.0	8413542000.0	84481720000.0	0.0	945000	22421.50937795639
378	-50.0	-50.0	-50.0	67109360000.0	349394370000.0	11952080000000.0	6629359600.0	65999405000.0	0.0	947500	22479.823095560074
379	-50.0	-50.0	-50.0	59272120000.0	345679040000.0	9890373000000.0	4762311700.0	58805068000.0	0.0	950000	22538.764617204666
380	-50.0	-50.0	-50.0	54808486000.0	232811350000.0	6156369000000.0	2895908000.0	49636050000.0	0.0	952500	22598.302840948105
381	-50.0	-50.0	-50.0	39665240000.0	149445970000.0	3757806700000.0	2092868900.0	37366284000.0	0.0	955000	22656.962644577026
382	-49.24	-49.24	-50.0	31229266000.0	99385100000.0	1323655500000.0	2025505000.0	29060815000.0	0.0	957500	22715.81457710266
383	-50.0	-50.0	-50.0	31110990000.0	113856184000.0	2234248000000.0	1146254200.0	32351347000.0	0.0	960000	22775.848533391953
384	-50.0	-50.0	-50.0	30913735000.0	126718290000.0	2328947300000.0	1005513100.0	28436589000.0	0.0	962500	22834.071806192398
385	-50.0	-50.0	-50.0	27867623000.0	142909490000.0	3191392000000.0	899657100.0	25733583000.0	0.0	965000	22893.211632490158
386	-50.0	-50.0	-50.0	33185872000.0	165692160000.0	3661271100000.0	662207800.0	31249211000.0	0.0	967500	22951.502783298492
387	-50.0	-50.0	-50.0	25339877000.0	95882945000.0	1493005900000.0	666142600.0	25519636000.0	0.0	970000	23010.41235589981
388	-50.0	-50.0	-50.0	30040630000.0	142724890000.0	4076186600000.0	579164800.0	27919485000.0	0.0	972500	23068.890908002853
389	-49.92	-49.92	-50.0	32697494000.0	126032585000.0	2995508200000.0	547278140.0	31270726000.0	0.0	975000	23128.53728199005
390	-50.0	-50.0	-50.0	27236852000.0	113211610000.0	2784257600000.0	496871550.0	26001484000.0	0.0	977500	23187.979883670807
391	-50.0	-50.0	-50.0	30939632000.0	131379814000.0	2830082500000.0	531954500.0	28874019000.0	0.0	980000	23246.942168474197
392	-50.0	-50.0	-50.0	23610335000.0	96743680000.0	1807640300000.0	416673630.0	23715031000.0	0.0	982500	23306.59814310074
393	-50.0	-50.0	-50.0	26174765000.0	109287340000.0	2590832300000.0	418962880.0	23070077000.0	0.0	985000	23365.955540895462
394	-50.0	-50.0	-50.0	24030093000.0	113805230000.0	2808603000000.0	344971420.0	22721341000.0	0.0	987500	23425.201315641403
395	-50.0	-50.0	-50.0	14366050000.0	57097920000.0	1225628300000.0	323207840.0	13293555000.0	0.0	990000	23485.100305080414
396	-50.0	-50.0	-50.0	13166646000.0	54438880000.0	1194408700000.0	303498100.0	13038883000.0	0.0	992500	23545.90419816971
397	-50.0	-50.0	-50.0	13385630000.0	57051537000.0	1020300400000.0	272933280.0	12698937000.0	0.0	995000	23604.839293956757
398	-50.0	-50.0	-50.0	13580423000.0	78127290000.0	2042054300000.0	297412860.0	11726171000.0	0.0	997500	23665.23541545868
399	-49.0	-49.0	-50.0	9552663000.0	38385330000.0	1036589100000.0	287210240.0	9259726000.0	0.0	1000000	23723.96660232544
400	-49.0	-49.0	-50.0	13683795000.0	75435560000.0	1488346800000.0	263974160.0	12893739000.0	0.0	1002500	23783.445363998413
401	-50.0	-50.0	-50.0	13156221000.0	97039920000.0	2790872800000.0	221950610.0	11774024000.0	0.0	1005000	23841.702880382538
402	-50.0	-50.0	-50.0	8085894000.0	39141810000.0	944625160000.0	221520660.0	7607269400.0	0.0	1007500	23901.895491838455
403	-49.98	-49.98	-50.0	7942459000.0	68344410000.0	2807930000000.0	228041870.0	8271245300.0	0.0	1010000	23961.22128677368
404	-50.0	-50.0	-50.0	9345268000.0	152708610000.0	5714786400000.0	218851260.0	10155390000.0	0.0	1012500	24019.521789073944
405	-49.98	-49.98	-50.0	4868652500.0	22107804000.0	547127660000.0	208334240.0	5038076400.0	0.0	1015000	24078.160551309586
406	-50.0	-50.0	-50.0	3939054000.0	23328186000.0	730366000000.0	193643840.0	4803731500.0	0.0	1017500	24137.113280057907
407	-50.0	-50.0	-50.0	5779710000.0	100622836000.0	4397462700000.0	183566130.0	6819449000.0	0.0	1020000	24195.972973823547
408	-49.0	-49.0	-50.0	2681227300.0	10162897000.0	220468070000.0	162040260.0	2896529400.0	0.0	1022500	24255.181839942932
409	-50.0	-50.0	-50.0	2639312000.0	18566224000.0	587754240000.0	180199150.0	2801680000.0	0.0	1025000	24314.782314300537
410	-49.0	-49.0	-50.0	3930131000.0	36752753000.0	1095725200000.0	166044200.0	3848321300.0	0.0	1027500	24375.12257027626
411	-50.0	-50.0	-50.0	1989891800.0	10082511000.0	277320370000.0	167237680.0	1931284600.0	0.0	1030000	24434.38509964943
412	-50.0	-50.0	-50.0	2559442400.0	28128557000.0	1063821400000.0	141723890.0	2596262700.0	0.0	1032500	24493.879245758057
413	-50.0	-50.0	-50.0	1877045500.0	11467759000.0	267562990000.0	137558160.0	2416813000.0	0.0	1035000	24553.042644500732
414	-50.0	-50.0	-50.0	2394367700.0	32174725000.0	1342350800000.0	131009400.0	1765130000.0	0.0	1037500	24612.824672937393
415	-50.0	-50.0	-50.0	2173373700.0	42367230000.0	1867596700000.0	123962680.0	1720645400.0	0.0	1040000	24672.103545188904
416	-50.0	-50.0	-50.0	2306225400.0	23279548000.0	730030400000.0	110852270.0	2739167200.0	0.0	1042500	24729.86191558838
417	-50.0	-50.0	-50.0	1687462000.0	10529318000.0	297051320000.0	103244056.0	2277961700.0	0.0	1045000	24788.643382310867
418	-50.0	-50.0	-50.0	3382575600.0	54442754000.0	1809443800000.0	99602830.0	3258560000.0	0.0	1047500	24847.330921649933
419	-50.0	-50.0	-50.0	2619374800.0	30690419000.0	1086001840000.0	97273120.0	1809806100.0	0.0	1050000	24905.72948551178
420	-50.0	-50.0	-50.0	1168213900.0	5716017700.0	166331240000.0	93929390.0	1218055300.0	0.0	1052500	24963.489353895187
421	-50.0	-50.0	-50.0	1855724400.0	26601935000.0	1105221400000.0	80590300.0	1652055200.0	0.0	1055000	25021.66201376915
422	-50.0	-50.0	-50.0	1419601500.0	13917966000.0	549717000000.0	82805900.0	1585773800.0	0.0	1057500	25081.00231194496
423	-50.0	-50.0	-50.0	1331841400.0	13521155000.0	431176500000.0	75556500.0	1235855700.0	0.0	1060000	25140.131850481033
424	-50.0	-50.0	-50.0	2175059200.0	43363010000.0	1638521800000.0	71352270.0	2092805500.0	0.0	1062500	25199.170100927353
425	-50.0	-50.0	-50.0	1377015700.0	14173402000.0	405485550000.0	60294850.0	1756926800.0	0.0	1065000	25257.83147907257
426	-50.0	-50.0	-50.0	2137012600.0	36660146000.0	1494391500000.0	64548560.0	1691824300.0	0.0	1067500	25317.229724168777
427	-50.0	-50.0	-50.0	1137890600.0	11882177000.0	410189820000.0	63774880.0	1175309000.0	0.0	1070000	25376.77236843109
428	-50.0	-50.0	-50.0	1452386400.0	15166360000.0	502345560000.0	54284350.0	1739899400.0	0.0	1072500	25434.869282245636
429	-49.78	-49.78	-49.6	816187600.0	5304631000.0	143887840000.0	50165084.0	815617600.0	0.0	1075000	25493.612471342087
430	-50.0	-50.0	-50.0	2146059600.0	22108598000.0	597571100000.0	52307052.0	1965137000.0	0.0	1077500	25552.371572732925
431	-50.0	-50.0	-49.6	1552644700.0	16503603000.0	490315250000.0	52773000.0	1606397700.0	0.0	1080000	25612.51917219162
432	-50.0	-50.0	-50.0	2907483600.0	53789086000.0	2060256000000.0	40772810.0	2711361300.0	0.0	1082500	25671.443165302277
433	-50.0	-50.0	-50.0	818655300.0	11146830000.0	464563140000.0	42760704.0	1185123700.0	0.0	1085000	25730.71368288994
434	-49.84	-49.84	-50.0	983989800.0	8147543600.0	231830270000.0	40997376.0	729504260.0	0.0	1087500	25790.341589689255
435	-50.0	-50.0	-50.0	1359702400.0	15623689000.0	507426240000.0	41304630.0	1399984000.0	0.0	1090000	25850.615632772446
436	-50.0	-50.0	-50.0	674846140.0	4802024000.0	158352340000.0	34062708.0	958273400.0	0.0	1092500	25909.47038245201
437	-50.0	-50.0	-50.0	1643459300.0	23015780000.0	897401200000.0	35564250.0	1459243800.0	0.0	1095000	25969.72989344597
438	-50.0	-50.0	-50.0	1067730750.0	4934960000.0	94719525000.0	34906216.0	1689104800.0	0.0	1097500	26030.093965768814
439	-50.0	-50.0	-50.0	2918788400.0	39883735000.0	1506562400000.0	28814544.0	2604160000.0	0.0	1100000	26089.805473089218
440	-50.0	-50.0	-50.0	1361227300.0	7703357000.0	201603530000.0	30527942.0	1235604700.0	0.0	1102500	26149.479958295822
441	-50.0	-50.0	-50.0	1732184400.0	17404140000.0	584072000000.0	29904594.0	2024001200.0	0.0	1105000	26208.926641464233
442	-50.0	-50.0	-50.0	3502772000.0	60621750000.0	2291725800000.0	29348500.0	3257964500.0	0.0	1107500	26269.682696580887
443	-50.0	-50.0	-50.0	1679603000.0	21522868000.0	886278600000.0	25813448.0	1833576100.0	0.0	1110000	26330.274741888046
444	-50.0	-50.0	-50.0	2328039000.0	27598980000.0	1126714300000.0	29320184.0	2470858800.0	0.0	1112500	26389.221471071243
445	-50.0	-50.0	-50.0	4987049500.0	80413975000.0	3219007000000.0	26216240.0	4286996000.0	0.0	1115000	26448.543071746826
446	-50.0	-50.0	-50.0	1727223200.0	14321746000.0	400668000000.0	24900756.0	1804338000.0	0.0	1117500	26507.074347496033
447	-49.18	-49.18	-50.0	1592921000.0	11428504000.0	212166640000.0	23175540.0	2041310100.0	0.0	1120000	26566.34499526024
448	-50.0	-50.0	-50.0	2703273700.0	54242560000.0	2328503000000.0	20723048.0	1443217300.0	0.0	1122500	26625.526178121567
449	-50.0	-50.0	-50.0	3655329000.0	44807913000.0	1466937100000.0	23753528.0	3619729400.0	0.0	1125000	26684.32107949257
450	-50.0	-50.0	-50.0	1185707100.0	7255810600.0	244989580000.0	23382214.0	1393771600.0	0.0	1127500	26743.447509288788
451	-50.0	-50.0	-50.0	2316414500.0	16690512000.0	549598170000.0	22255396.0	2246413000.0	0.0	1130000	26801.55915760994
452	-49.0	-49.0	-50.0	2456401400.0	18767060000.0	428542820000.0	18596448.0	2329056000.0	0.0	1132500	26861.084884881973
453	-49.96	-49.96	-50.0	3588796000.0	40584303000.0	1439462300000.0	20156056.0	3183818000.0	0.0	1135000	26920.43637728691
454	-50.0	-50.0	-50.0	4311001000.0	25901814000.0	537279000000.0	20539676.0	3669755000.0	0.0	1137500	26980.210203886032
455	-49.44	-49.44	-49.4	4477609500.0	31290542000.0	871654400000.0	20287202.0	4402004000.0	0.0	1140000	27038.845672130585
456	-50.0	-50.0	-50.0	4039849700.0	16861693000.0	264163380000.0	21623652.0	3608369000.0	0.0	1142500	27098.85524058342
457	-50.0	-50.0	-50.0	3628072400.0	16435589000.0	299349150000.0	22836906.0	2739607800.0	0.0	1145000	27159.113525390625
458	-50.0	-50.0	-50.0	7605265400.0	61071670000.0	2040891000000.0	21750704.0	6860989000.0	0.0	1147500	27218.873435735703
459	-50.0	-50.0	-50.0	5015506400.0	28165222000.0	694832900000.0	23532104.0	4445112300.0	0.0	1150000	27277.918705940247
460	-50.0	-50.0	-50.0	6376764000.0	62364940000.0	2543599200000.0	24683236.0	5934116400.0	0.0	1152500	27337.979678869247
461	-48.94	-48.94	-50.0	6585279500.0	46431064000.0	1356289700000.0	26483214.0	8034706400.0	0.0	1155000	27397.50204539299
462	-50.0	-50.0	-50.0	6244235000.0	36670530000.0	1093334500000.0	21022250.0	6099929600.0	0.0	1157500	27458.074281930923
463	-49.94	-49.94	-50.0	7402178000.0	40141378000.0	1061782400000.0	30317008.0	6726143000.0	0.0	1160000	27516.951968431473
464	-49.96	-49.96	-50.0	11250382000.0	80421315000.0	2091956700000.0	29409998.0	13182999000.0	0.0	1162500	27577.383058547974
465	-50.0	-50.0	-50.0	15520499000.0	101319950000.0	2935648400000.0	34412584.0	14228198000.0	0.0	1165000	27636.845502376556
466	-50.0	-50.0	-50.0	30570232000.0	395020660000.0	12925319000000.0	27002184.0	29510003000.0	0.0	1167500	27696.14088821411
467	-50.0	-50.0	-50.0	14894604000.0	86038200000.0	2211872500000.0	36610480.0	14210270000.0	0.0	1170000	27756.23649907112
468	-50.0	-50.0	-50.0	25379457000.0	252537950000.0	10045310000000.0	33250894.0	23533595000.0	0.0	1172500	27815.18199133873
469	-49.98	-49.98	-50.0	25572274000.0	300121160000.0	8750821000000.0	46316424.0	20941750000.0	0.0	1175000	27874.664342403412
470	-50.0	-50.0	-50.0	16634654000.0	154273020000.0	5761908300000.0	37998300.0	14798507000.0	0.0	1177500	27933.373340845108
471	-50.0	-50.0	-50.0	20528433000.0	145108710000.0	5161783700000.0	46796944.0	17232120000.0	0.0	1180000	27993.756700515747
472	-50.0	-50.0	-50.0	22117659000.0	164172200000.0	4692572600000.0	63075544.0	14764380000.0	0.0	1182500	28053.297731161118
473	-49.94	-49.94	-49.2	20989817000.0	154738930000.0	4517599400000.0	70432490.0	18582747000.0	0.1	1185000	28112.577813625336
474	-49.94	-49.94	-50.0	19141753000.0	125941400000.0	2864066000000.0	61039156.0	16890174000.0	0.0	1187500	28171.929512262344
475	-50.0	-50.0	-50.0	22638735000.0	145516450000.0	3742594000000.0	58500090.0	18819316000.0	0.0	1190000	28231.91896724701
476	-50.0	-50.0	-50.0	19220250000.0	116503950000.0	2862896400000.0	53871430.0	16346206000.0	0.0	1192500	28291.96246623993
477	-50.0	-50.0	-50.0	15637422000.0	63231984000.0	1171695500000.0	70383420.0	12769015000.0	0.0	1195000	28352.399886608124
478	-50.0	-50.0	-50.0	17633630000.0	75192690000.0	1618927400000.0	119493820.0	15589563000.0	0.0	1197500	28412.99478840828
479	-50.0	-50.0	-50.0	24850500000.0	122239970000.0	2859820600000.0	263637400.0	21955916000.0	0.0	1200000	28472.626917123795
480	-50.0	-50.0	-50.0	26178806000.0	110460570000.0	2007818800000.0	428868740.0	24080669000.0	0.0	1202500	28527.683210611343
481	-50.0	-50.0	-50.0	36954930000.0	116055785000.0	2081806900000.0	1366253600.0	36274135000.0	0.0	1205000	28581.263659715652
482	-50.0	-50.0	-50.0	48219718000.0	186304940000.0	4236075600000.0	1432930700.0	46278504000.0	0.0	1207500	28635.92840743065
483	-49.96	-49.96	-50.0	50403730000.0	161814790000.0	4052758600000.0	1848281100.0	48331960000.0	0.0	1210000	28688.668143987656
484	-50.0	-50.0	-50.0	37629157000.0	106760370000.0	1387209600000.0	982193340.0	34284845000.0	0.0	1212500	28740.619576931
485	-49.94	-49.94	-50.0	27702010000.0	126426970000.0	3933078300000.0	835170500.0	25498247000.0	0.0	1215000	28793.25715303421
486	-50.0	-50.0	-50.0	25541988000.0	104860490000.0	1878770500000.0	493357150.0	21294629000.0	0.0	1217500	28846.540309667587
487	-50.0	-50.0	-50.0	24991922000.0	90569350000.0	1326497100000.0	490494300.0	21852914000.0	0.0	1220000	28899.678941965103
488	-50.0	-50.0	-50.0	25265710000.0	155178420000.0	5593826300000.0	369165400.0	21490823000.0	0.0	1222500	28953.73863053322
489	-50.0	-50.0	-50.0	22281132000.0	88434480000.0	1662076000000.0	252271500.0	17610277000.0	0.0	1225000	29007.664890289307
490	-50.0	-50.0	-50.0	27556840000.0	154012960000.0	5258689400000.0	235269950.0	22584895000.0	0.0	1227500	29061.621896743774
491	-50.0	-50.0	-50.0	30251000000.0	184573900000.0	6493920000000.0	261061730.0	26142490000.0	0.0	1230000	29115.010021686554
492	-50.0	-50.0	-50.0	32479950000.0	130832510000.0	2317806700000.0	301814980.0	25615050000.0	0.0	1232500	29168.752591133118
493	-50.0	-50.0	-50.0	30986174000.0	173378100000.0	5163514000000.0	376992600.0	24273506000.0	0.0	1235000	29222.309791326523
494	-50.0	-50.0	-50.0	35780588000.0	155764600000.0	3432784000000.0	294983500.0	28900497000.0	0.0	1237500	29276.147089004517
495	-50.0	-50.0	-50.0	35748532000.0	190900100000.0	4735969000000.0	290719230.0	28286280000.0	0.0	1240000	29330.215853452682
496	-50.0	-50.0	-50.0	33691795000.0	182504310000.0	5086062000000.0	284143650.0	29296509000.0	0.0	1242500	29383.917617082596
497	-50.0	-50.0	-50.0	29415670000.0	117588280000.0	2012443800000.0	297772540.0	23959245000.0	0.0	1245000	29439.125576257706
498	-50.0	-50.0	-50.0	41736122000.0	205147260000.0	5282751000000.0	283890340.0	36187927000.0	0.0	1247500	29493.563958883286
499	-49.0	-49.0	-50.0	43997540000.0	198829280000.0	3549594000000.0	351802700.0	40947704000.0	0.0	1250000	29547.92150592804
