Epoch	EpRet	EpRealRet	TestEpRet	AverageQ1	StdQ1	MaxQ1	MinQ1	Q2	TestSuccess	TotalEnvInteracts	TotalTime
0	-46.96	-46.96	-50.0	0.105667695	0.09670408	2.0102072	0.0023367102	0.107072584	0.0	2500	77.51408910751343
1	-46.74	-46.74	-45.0	0.3513223	0.08215515	0.6583977	0.13087466	0.3559326	0.1	5000	167.2567219734192
2	-48.0	-48.0	-50.0	0.4404417	0.09779364	0.897468	0.16486506	0.446541	0.0	7500	253.4684042930603
3	-49.0	-49.0	-50.0	0.46542367	0.101086244	1.4542692	0.20793496	0.4744011	0.0	10000	337.19866609573364
4	-48.26	-48.26	-45.0	0.46534765	0.10035951	1.0530554	0.21720919	0.47412634	0.1	12500	421.56317138671875
5	-50.0	-50.0	-42.3	0.49965358	0.1273318	1.5669258	0.21398672	0.5104355	0.2	15000	507.2666428089142
6	-47.4	-47.4	-50.0	0.50360626	0.13675232	2.0581915	0.21298575	0.51123524	0.0	17500	592.2816536426544
7	-48.0	-48.0	-45.0	0.48477072	0.12202803	1.9262416	0.17182022	0.49188122	0.1	20000	676.488538980484
8	-48.64	-48.64	-50.0	0.50583833	0.13544895	1.7942017	0.22395054	0.5142643	0.0	22500	763.0831060409546
9	-49.0	-49.0	-50.0	0.499296	0.13400112	2.1950684	0.24282551	0.5063605	0.0	25000	847.2534427642822
10	-45.48	-45.48	-45.0	0.5193718	0.13693577	2.660184	0.24594109	0.5320356	0.1	27500	931.4541571140289
11	-46.56	-46.56	-50.0	0.51624537	0.14171758	2.4049282	0.2224409	0.5223135	0.0	30000	1011.3252530097961
12	-49.0	-49.0	-50.0	0.53782463	0.15581308	2.783279	0.24560812	0.5446511	0.0	32500	1090.7406499385834
13	-46.78	-46.78	-50.0	0.5523076	0.21849045	6.978694	0.26500535	0.5569373	0.0	35000	1170.4147765636444
14	-47.16	-47.16	-50.0	0.5471634	0.19329785	5.983189	0.23426548	0.55902696	0.0	37500	1249.960298538208
15	-48.92	-48.92	-50.0	0.5516802	0.1483046	2.6468148	0.25050527	0.55851245	0.0	40000	1329.4453220367432
16	-46.06	-46.06	-45.8	0.5528092	0.16322812	3.4147732	0.23709975	0.5580584	0.1	42500	1408.6338160037994
17	-49.98	-49.98	-50.0	0.56583476	0.17178485	2.4637866	0.23663421	0.5694823	0.0	45000	1487.9945561885834
18	-49.0	-49.0	-45.7	0.5738982	0.15533972	2.0478957	0.24687237	0.57563156	0.1	47500	1566.0425477027893
19	-45.52	-45.52	-47.0	0.58695257	0.20580286	4.01601	0.27280468	0.58894056	0.1	50000	1647.7680020332336
20	-44.18	-44.18	-45.899998	0.5970198	0.18358429	3.531458	0.24661443	0.59964913	0.1	52500	1729.082680940628
21	-48.84	-48.84	-41.0	0.6292458	0.22184637	3.7353802	0.25348	0.6323518	0.2	55000	1807.946659564972
22	-47.0	-47.0	-40.0	0.6288655	0.22300105	4.1581006	0.27888793	0.6252993	0.2	57500	1886.986243724823
23	-48.68	-48.68	-46.399998	0.6459519	0.23413315	5.077072	0.28703773	0.6426739	0.0	60000	1968.320393562317
24	-48.96	-48.96	-50.0	0.6334062	0.22938403	3.802759	0.25056982	0.6275939	0.0	62500	2048.401955842972
25	-48.22	-48.22	-45.0	0.6186211	0.17834482	2.6870124	0.23336186	0.6184827	0.1	65000	2127.501750946045
26	-47.62	-47.62	-50.0	0.6522084	0.25957656	6.151563	0.24420358	0.64594126	0.0	67500	2205.298279762268
27	-48.76	-48.76	-50.0	0.6341249	0.19887835	4.3593984	0.28025365	0.63734436	0.0	70000	2283.0494644641876
28	-48.16	-48.16	-50.0	0.64813125	0.22019863	4.6380367	0.31351173	0.6484495	0.0	72500	2360.802992582321
29	-49.44	-49.44	-50.0	0.64152914	0.1966657	3.8724759	0.29829937	0.6306731	0.0	75000	2439.5754351615906
30	-48.9	-48.9	-45.0	0.6523745	0.2012643	3.3305295	0.31163976	0.65264535	0.1	77500	2517.6221826076508
31	-45.5	-45.5	-33.3	0.6776017	0.2258587	4.5010605	0.29449323	0.6742669	0.4	80000	2593.136396884918
32	-46.88	-46.88	-45.0	0.6682749	0.21740212	3.3273227	0.2792458	0.67045426	0.1	82500	2669.0436730384827
33	-48.28	-48.28	-45.0	0.6730407	0.22316775	3.7002707	0.2870705	0.68192446	0.1	85000	2745.2953400611877
34	-43.56	-43.56	-45.0	0.68411314	0.22556752	4.53432	0.2535216	0.68857104	0.1	87500	2820.9174258708954
35	-45.04	-45.04	-50.0	0.6769413	0.19636841	2.729206	0.2513948	0.6807246	0.0	90000	2897.137881040573
36	-48.26	-48.26	-50.0	0.69590306	0.22000045	3.8908808	0.29933357	0.69433796	0.0	92500	2973.133452653885
37	-48.54	-48.54	-50.0	0.69894016	0.24487194	3.7755425	0.22563851	0.70100194	0.0	95000	3050.3400361537933
38	-45.88	-45.88	-50.0	0.6841333	0.20818351	3.252024	0.2423983	0.68438745	0.0	97500	3126.8269023895264
39	-49.42	-49.42	-43.399998	0.6882698	0.21540917	3.7334342	0.27079976	0.6879282	0.2	100000	3203.924582719803
40	-49.82	-49.82	-45.0	0.70176256	0.23492908	3.6304572	0.3109495	0.69925267	0.1	102500	3280.2057547569275
41	-46.88	-46.88	-50.0	0.6947649	0.21891557	4.089739	0.29135227	0.6943555	0.0	105000	3356.121591091156
42	-46.56	-46.56	-50.0	0.7183582	0.2547887	3.4239497	0.28726137	0.7218524	0.0	107500	3433.227006673813
43	-49.88	-49.88	-45.0	0.7081715	0.2509135	5.55972	0.31153613	0.7072435	0.1	110000	3508.279726266861
44	-48.76	-48.76	-44.8	0.7206262	0.23432527	2.9624538	0.25201377	0.7245657	0.1	112500	3585.0826201438904
45	-48.42	-48.42	-49.8	0.7368065	0.26096457	4.550038	0.2901684	0.7369068	0.0	115000	3661.0137524604797
46	-46.64	-46.64	-41.600002	0.75116426	0.30542544	4.9879055	0.31611025	0.75385046	0.2	117500	3737.9109745025635
47	-48.18	-48.18	-50.0	0.74255043	0.26433003	3.7119749	0.27298284	0.744281	0.0	120000	3812.311138153076
48	-47.4	-47.4	-42.899998	0.740092	0.2846502	4.230507	0.26293194	0.737897	0.2	122500	3889.6305487155914
49	-47.96	-47.96	-50.0	0.73259044	0.2664215	3.3052397	0.2861541	0.7323007	0.0	125000	3966.0305716991425
50	-46.5	-46.5	-47.4	0.75105965	0.26759195	4.691382	0.30936444	0.75226504	0.1	127500	4041.262398481369
51	-48.94	-48.94	-40.0	0.74612325	0.29239815	4.1789885	0.23823935	0.7463972	0.2	130000	4117.358621835709
52	-45.42	-45.42	-49.7	0.77910364	0.30447865	3.9537024	0.3122265	0.78018296	0.0	132500	4194.682099819183
53	-45.68	-45.68	-45.3	0.7626094	0.26311097	3.7501757	0.26732868	0.7684102	0.0	135000	4270.92614865303
54	-48.74	-48.74	-48.3	0.74234724	0.22700776	2.707704	0.30018884	0.7505521	0.0	137500	4347.547674417496
55	-47.14	-47.14	-46.0	0.7801612	0.31866446	6.527369	0.2574927	0.7768038	0.1	140000	4424.306187391281
56	-48.94	-48.94	-50.0	0.7723099	0.2760013	4.5662565	0.31264603	0.7680922	0.0	142500	4498.847663402557
57	-46.32	-46.32	-45.2	0.77049947	0.27914184	4.853207	0.32115692	0.77269655	0.1	145000	4574.519839525223
58	-47.34	-47.34	-41.399998	0.7614345	0.25658208	3.4184682	0.32293308	0.7638585	0.2	147500	4648.78573012352
59	-46.06	-46.06	-43.5	0.7981415	0.311594	5.840755	0.28410488	0.7940581	0.2	150000	4723.7982006073
60	-49.44	-49.44	-50.0	0.80185765	0.33457783	5.9688044	0.3341123	0.8037729	0.0	152500	4800.1555099487305
61	-46.62	-46.62	-47.5	0.78458416	0.2875762	5.5527463	0.31819385	0.7857751	0.2	155000	4875.060420751572
62	-48.74	-48.74	-50.0	0.78353775	0.28262833	4.770187	0.34680384	0.78864956	0.0	157500	4949.633921861649
63	-48.32	-48.32	-42.7	0.79089534	0.29136518	4.5448484	0.31788772	0.79117614	0.2	160000	5024.862708806992
64	-46.18	-46.18	-47.9	0.80053854	0.28130144	3.6005213	0.31602156	0.80121946	0.1	162500	5100.994411706924
65	-45.54	-45.54	-46.2	0.7824779	0.34327656	5.903224	0.29017246	0.7806527	0.0	165000	5175.295892000198
66	-43.96	-43.96	-49.9	0.792999	0.31167287	5.6640873	0.3032497	0.79067785	0.0	167500	5251.4804854393005
67	-45.84	-45.84	-46.3	0.80464524	0.33231738	4.7069206	0.33445185	0.8020006	0.1	170000	5325.643702030182
68	-46.82	-46.82	-47.0	0.79588	0.28166968	6.0568924	0.27022424	0.79441273	0.1	172500	5399.242489099503
69	-47.82	-47.82	-44.2	0.8137622	0.30462673	5.0224743	0.30661672	0.8110124	0.2	175000	5473.876657009125
70	-46.48	-46.48	-50.0	0.8056031	0.32121375	6.0941563	0.2935129	0.80467737	0.0	177500	5549.813588380814
71	-46.18	-46.18	-50.0	0.8163074	0.31419381	6.1942873	0.29791164	0.80947536	0.0	180000	5624.731922864914
72	-47.16	-47.16	-46.9	0.8076024	0.2853828	4.59561	0.30943364	0.8085836	0.1	182500	5699.109134912491
73	-46.66	-46.66	-49.8	0.83354604	0.3622651	5.141024	0.3471757	0.82537454	0.0	185000	5774.212785482407
74	-48.38	-48.38	-49.8	0.8383838	0.32827836	5.922838	0.31928277	0.8260813	0.0	187500	5849.773148775101
75	-46.08	-46.08	-50.0	0.8366926	0.29816264	3.9671652	0.3172763	0.82231396	0.0	190000	5926.365291118622
76	-42.32	-42.32	-40.8	0.8247061	0.33721447	6.813384	0.32844627	0.81499654	0.2	192500	6001.016939163208
77	-44.36	-44.36	-43.399998	0.84497464	0.3390675	4.364865	0.25190908	0.83999217	0.2	195000	6076.459589004517
78	-45.04	-45.04	-47.5	0.8311858	0.30441338	5.061618	0.3415715	0.8235535	0.1	197500	6151.501949548721
79	-44.84	-44.84	-48.0	0.842734	0.3417453	5.9378853	0.35209936	0.83196145	0.0	200000	6227.009487867355
80	-46.28	-46.28	-48.0	0.82257235	0.32180768	5.59889	0.35308146	0.81130534	0.1	202500	6303.189436912537
81	-44.54	-44.54	-49.8	0.8424496	0.32265303	5.198556	0.34893316	0.83625406	0.0	205000	6377.3351056575775
82	-46.74	-46.74	-44.2	0.85807437	0.31968954	4.1424093	0.25738254	0.83998865	0.1	207500	6451.107286691666
83	-43.6	-43.6	-41.2	0.8661333	0.35012618	5.889315	0.32183927	0.85921997	0.2	210000	6525.859702825546
84	-48.82	-48.82	-35.100002	0.8570153	0.3417622	7.862904	0.31240565	0.8499231	0.3	212500	6599.535381317139
85	-41.76	-41.76	-41.600002	0.88797915	0.3987462	7.499732	0.31353253	0.879692	0.2	215000	6673.85400223732
86	-46.52	-46.52	-48.0	0.89593077	0.3673693	6.333304	0.35606802	0.89520043	0.1	217500	6747.447748661041
87	-39.96	-39.96	-39.8	0.8982142	0.40116352	6.9248743	0.37180898	0.8914151	0.4	220000	6822.880223274231
88	-46.76	-46.76	-47.2	0.8763416	0.36352077	7.9026737	0.3171525	0.87004143	0.1	222500	6896.830295562744
89	-46.34	-46.34	-44.5	0.8825589	0.37169024	6.71513	0.2611719	0.88258964	0.2	225000	6970.776631116867
90	-45.28	-45.28	-43.5	0.8619232	0.31928197	4.2824054	0.3202919	0.8654593	0.1	227500	7045.419541835785
91	-47.28	-47.28	-42.100002	0.856687	0.30667463	4.639352	0.32276973	0.84427416	0.1	230000	7118.376820087433
92	-42.86	-42.86	-48.3	0.8836354	0.34043148	5.1610184	0.32382295	0.8758961	0.0	232500	7193.362429618835
93	-45.8	-45.8	-35.7	0.8681558	0.30561766	4.3465123	0.36564463	0.87083554	0.4	235000	7267.884618520737
94	-38.9	-38.9	-42.0	0.8984813	0.36342037	5.236027	0.36983985	0.89357984	0.3	237500	7342.056181907654
95	-46.06	-46.06	-39.3	0.8735159	0.3178458	4.872845	0.24278112	0.8713726	0.3	240000	7416.881709814072
96	-44.88	-44.88	-40.7	0.86617595	0.28961906	3.558598	0.31140125	0.86589634	0.2	242500	7493.909699678421
97	-45.58	-45.58	-44.0	0.92334753	0.38886523	4.7001934	0.30272818	0.9061205	0.1	245000	7570.081894397736
98	-43.56	-43.56	-45.3	0.9152305	0.37607965	5.792012	0.41137224	0.9080751	0.1	247500	7646.640720129013
99	-46.46	-46.46	-49.1	0.87672	0.31359568	5.242269	0.3099198	0.88055503	0.0	250000	7723.103870391846
100	-44.72	-44.72	-43.100002	0.8856913	0.34366816	5.6677747	0.34743854	0.87443984	0.2	252500	7800.262529373169
101	-44.76	-44.76	-44.8	0.8835285	0.33696467	5.32333	0.3419635	0.87631994	0.1	255000	7876.760004520416
102	-44.84	-44.84	-42.0	0.8910963	0.38308305	9.610818	0.37124527	0.88444346	0.1	257500	7952.629605293274
103	-44.8	-44.8	-37.0	0.9056093	0.3766463	5.778411	0.36877477	0.89345354	0.3	260000	8027.854722738266
104	-43.44	-43.44	-45.899998	0.8726953	0.31495112	4.5700474	0.35570124	0.8642894	0.1	262500	8102.669539690018
105	-45.76	-45.76	-40.8	0.8988224	0.38992843	9.327583	0.36740512	0.8951154	0.3	265000	8177.522885799408
106	-43.82	-43.82	-45.5	0.8935936	0.38680488	7.6171994	0.36580348	0.89452034	0.2	267500	8255.223870277405
107	-44.22	-44.22	-41.600002	0.8881538	0.32751963	4.984455	0.35878432	0.8828578	0.2	270000	8330.161889791489
108	-43.62	-43.62	-38.899998	0.8892065	0.33316192	4.418012	0.29632682	0.88055164	0.3	272500	8405.01475763321
109	-46.22	-46.22	-39.3	0.90579796	0.36060122	5.11858	0.32760045	0.8992966	0.4	275000	8482.311004400253
110	-42.76	-42.76	-35.100002	0.92609036	0.46361908	11.480781	0.37215784	0.9191759	0.5	277500	8556.010619401932
111	-43.62	-43.62	-45.2	0.89678395	0.4185958	6.506257	0.35713482	0.89301	0.2	280000	8631.589630126953
112	-45.94	-45.94	-43.899998	0.8987421	0.35881963	5.1123624	0.33625683	0.89414793	0.3	282500	8706.213035583496
113	-43.9	-43.9	-40.899998	0.9087223	0.41392764	6.546676	0.3163939	0.9117765	0.2	285000	8781.214535474777
114	-44.1	-44.1	-48.6	0.92170274	0.37553596	5.0470886	0.4072388	0.921327	0.0	287500	8854.834017515182
115	-46.08	-46.08	-37.3	0.90995324	0.36266872	4.7388906	0.299294	0.90805507	0.2	290000	8929.670930624008
116	-44.48	-44.48	-46.7	0.9095354	0.42385188	9.731668	0.33954668	0.90128505	0.1	292500	9004.775617599487
117	-44.38	-44.38	-47.6	0.8961151	0.34048393	5.5786905	0.319883	0.89527	0.1	295000	9080.676536560059
118	-41.58	-41.58	-34.2	0.923702	0.43931422	8.419326	0.3949196	0.9267146	0.5	297500	9155.033846616745
119	-42.94	-42.94	-38.7	0.9237212	0.4363639	5.311281	0.32733494	0.91485286	0.3	300000	9229.136986255646
120	-41.18	-41.18	-41.2	0.95405674	0.7252904	21.625128	0.3649047	0.9321925	0.2	302500	9302.638221502304
121	-43.94	-43.94	-40.5	0.90488034	0.35986418	4.490903	0.37232596	0.90092474	0.2	305000	9376.424602985382
122	-41.1	-41.1	-31.4	0.93139064	0.39883083	5.984151	0.3271679	0.9318262	0.5	307500	9450.458409070969
123	-43.48	-43.48	-36.600002	0.944489	0.54015636	11.902743	0.3950275	0.94089586	0.5	310000	9524.651477098465
124	-44.68	-44.68	-38.3	0.9147986	0.4301061	8.71672	0.36795512	0.90939635	0.3	312500	9599.651932477951
125	-42.68	-42.68	-36.0	0.9354804	0.47316396	7.0834475	0.39309847	0.9351955	0.4	315000	9676.697293758392
126	-43.24	-43.24	-44.2	0.91676736	0.41402152	5.845882	0.3831424	0.90714043	0.2	317500	9751.1650223732
127	-42.92	-42.92	-45.8	0.88694113	0.40096354	8.810726	0.39322296	0.8783779	0.1	320000	9826.793479681015
128	-42.64	-42.64	-48.1	0.8803585	0.38228738	9.581737	0.33652171	0.8799939	0.1	322500	9903.0006108284
129	-42.4	-42.4	-39.3	0.9235353	0.43034634	6.8357387	0.3887897	0.9156082	0.4	325000	9979.778154373169
130	-43.82	-43.82	-47.7	0.8978105	0.44666854	7.6292763	0.3601706	0.8899387	0.1	327500	10058.041903972626
131	-43.7	-43.7	-40.100002	0.873583	0.3608364	7.6276364	0.34577543	0.87280357	0.3	330000	10133.277648687363
132	-41.0	-41.0	-43.399998	0.8983774	0.48305008	14.946286	0.3233033	0.89698803	0.1	332500	10208.96463394165
133	-40.66	-40.66	-42.5	0.88955736	0.3613177	5.1527276	0.36654314	0.88588905	0.2	335000	10286.096710920334
134	-43.96	-43.96	-34.100002	0.9060446	0.5223881	13.006357	0.35363486	0.8892422	0.4	337500	10360.336846590042
135	-43.56	-43.56	-36.399998	0.8911209	0.42583218	8.682001	0.39817464	0.87833273	0.3	340000	10433.988253593445
136	-45.78	-45.78	-33.3	0.8915487	0.3831868	5.29642	0.3694985	0.8897288	0.5	342500	10508.666152954102
137	-42.04	-42.04	-35.399998	0.87083876	0.36089993	5.195843	0.369875	0.87623775	0.5	345000	10584.175670862198
138	-41.78	-41.78	-38.100002	0.86931974	0.33319855	6.110236	0.3752246	0.86164635	0.2	347500	10659.46375489235
139	-44.78	-44.78	-43.2	0.89536566	0.4500559	7.9368067	0.29282072	0.8918092	0.2	350000	10736.108944177628
140	-41.74	-41.74	-32.5	0.8767599	0.38397744	6.0636196	0.38323814	0.88501465	0.5	352500	10812.5739839077
141	-44.6	-44.6	-43.8	0.8535642	0.3477846	5.9985657	0.38708708	0.85378784	0.3	355000	10887.890852928162
142	-46.28	-46.28	-37.5	0.8579983	0.40507084	6.9207597	0.33640665	0.8553434	0.3	357500	10964.725028514862
143	-45.04	-45.04	-38.7	0.87985295	0.37663692	4.786769	0.38742778	0.8752284	0.3	360000	11043.793461322784
144	-42.78	-42.78	-36.899998	0.8588904	0.33324572	5.962623	0.3546632	0.8578995	0.4	362500	11120.369078874588
145	-40.52	-40.52	-45.5	0.8582831	0.3751335	6.320668	0.37089032	0.8569174	0.2	365000	11197.326337337494
146	-45.7	-45.7	-32.600002	0.86202514	0.41698796	10.443764	0.32078743	0.86758745	0.4	367500	11275.634896039963
147	-44.38	-44.38	-40.3	0.84801626	0.35240835	5.0445156	0.3638115	0.8441549	0.2	370000	11353.131248474121
148	-42.44	-42.44	-36.100002	0.86190015	0.37794116	5.770231	0.35215974	0.86707664	0.3	372500	11429.708705186844
149	-41.3	-41.3	-37.3	0.8500144	0.3499829	6.1386366	0.35489795	0.84325683	0.4	375000	11505.92495918274
150	-42.42	-42.42	-37.3	0.857037	0.4027587	6.7198124	0.34211388	0.8522442	0.4	377500	11581.55984544754
151	-43.52	-43.52	-39.899998	0.87413186	0.44433707	9.877168	0.35707176	0.87980163	0.3	380000	11657.587019205093
152	-41.64	-41.64	-37.399998	0.8448291	0.34466714	4.213835	0.318459	0.84553367	0.3	382500	11733.425248146057
153	-40.92	-40.92	-35.2	0.8395825	0.3364341	7.074265	0.3061955	0.8561845	0.5	385000	11809.502618551254
154	-42.4	-42.4	-42.8	0.84212625	0.32388672	4.0093904	0.3403106	0.8423745	0.1	387500	11885.896069049835
155	-42.18	-42.18	-35.8	0.84688264	0.28411442	2.9771185	0.3096861	0.84922487	0.5	390000	11961.92029428482
156	-44.8	-44.8	-40.0	0.85731524	0.34462667	4.645166	0.37474903	0.85127914	0.2	392500	12038.081859350204
157	-42.02	-42.02	-39.3	0.8599431	0.3431468	6.550607	0.38749555	0.8593532	0.4	395000	12114.631840467453
158	-41.96	-41.96	-45.7	0.90332055	0.4230568	7.3179564	0.2543603	0.90266055	0.1	397500	12190.395739078522
159	-41.96	-41.96	-39.8	0.897218	0.37424728	5.978318	0.3220629	0.89153963	0.2	400000	12267.369011878967
160	-39.7	-39.7	-46.6	0.88985544	0.39330658	9.703705	0.38150167	0.88573885	0.1	402500	12344.725848436356
161	-43.98	-43.98	-46.399998	0.8673827	0.36018974	6.010939	0.37173894	0.86789	0.1	405000	12422.170448303223
162	-42.14	-42.14	-42.3	0.88214564	0.34680653	4.7533636	0.38128674	0.87483096	0.3	407500	12497.328137159348
163	-42.32	-42.32	-27.5	0.85503155	0.3082165	4.816578	0.32866552	0.8695203	0.6	410000	12574.017092466354
164	-43.98	-43.98	-42.899998	0.86928	0.34918448	5.126939	0.3273933	0.86687005	0.2	412500	12650.084230661392
165	-43.62	-43.62	-34.600002	0.87941694	0.36495018	5.387653	0.362127	0.8828223	0.3	415000	12724.889946460724
166	-41.06	-41.06	-30.7	0.87056804	0.35060745	4.8223214	0.39728084	0.87361	0.5	417500	12801.416785240173
167	-39.4	-39.4	-40.3	0.86328846	0.37489393	4.9498725	0.34586206	0.8639763	0.4	420000	12878.262737035751
168	-41.76	-41.76	-22.0	0.86056983	0.34232616	4.036101	0.35613444	0.86217844	0.7	422500	12954.430238962173
169	-41.4	-41.4	-37.899998	0.87021625	0.356285	5.6823726	0.3558526	0.8729905	0.3	425000	13028.99691915512
170	-38.86	-38.86	-26.0	0.86859745	0.38151306	8.464695	0.38034064	0.8721968	0.7	427500	13103.907386302948
171	-44.56	-44.56	-41.5	0.8440633	0.34096435	5.0820985	0.29470935	0.8532636	0.2	430000	13180.41319990158
172	-41.24	-41.24	-34.600002	0.8605276	0.3738496	5.5364485	0.36921877	0.86138403	0.3	432500	13254.119812726974
173	-39.74	-39.74	-29.3	0.8780977	0.39251056	7.118743	0.3813877	0.88202965	0.8	435000	13328.073346376419
174	-37.64	-37.64	-41.5	0.8681621	0.33532012	4.8951697	0.38087267	0.8720366	0.2	437500	13403.804848194122
175	-40.64	-40.64	-28.8	0.8742334	0.4324593	8.424929	0.31690568	0.8777942	0.6	440000	13478.654624462128
176	-42.6	-42.6	-30.7	0.9030024	0.40524602	6.1244082	0.4346711	0.9038265	0.7	442500	13551.640169143677
177	-40.12	-40.12	-29.0	0.8689392	0.3776227	6.5365705	0.3433469	0.87116516	0.5	445000	13627.513728380203
178	-42.32	-42.32	-34.2	0.88989925	0.40270984	7.1970305	0.37948003	0.88775617	0.4	447500	13703.08393740654
179	-39.76	-39.76	-28.1	0.88741225	0.3814719	5.5795083	0.3749088	0.88435775	0.7	450000	13778.171336650848
180	-43.38	-43.38	-44.100002	0.87154675	0.39382756	7.878641	0.36127448	0.8759187	0.2	452500	13853.431035280228
181	-42.56	-42.56	-35.3	0.85065943	0.31203392	4.5944552	0.3802635	0.87045383	0.5	455000	13928.249457359314
182	-39.08	-39.08	-35.399998	0.87146145	0.34224975	5.0647097	0.34910464	0.87787735	0.4	457500	14004.246219873428
183	-43.78	-43.78	-30.2	0.87363005	0.36115548	5.5986423	0.37884167	0.88041943	0.4	460000	14078.40812253952
184	-39.88	-39.88	-30.5	0.8631355	0.3388856	4.8051333	0.35549396	0.8703723	0.6	462500	14153.956029891968
185	-40.34	-40.34	-39.5	0.84847635	0.29496115	3.9237728	0.36915362	0.8486746	0.2	465000	14231.153655052185
186	-40.74	-40.74	-35.2	0.85637707	0.327045	5.0525856	0.35488027	0.87058115	0.3	467500	14305.756364107132
187	-43.54	-43.54	-41.600002	0.855095	0.32318962	4.6597943	0.37581965	0.8563088	0.2	470000	14385.66336607933
188	-42.62	-42.62	-34.600002	0.8895626	0.38145408	8.81955	0.41336077	0.8894712	0.4	472500	14464.282442808151
189	-38.14	-38.14	-28.3	0.91899025	0.47887096	10.093214	0.38726845	0.92459327	0.5	475000	14541.254963636398
190	-37.4	-37.4	-24.6	0.89000034	0.36802414	4.651963	0.3651557	0.8897143	0.8	477500	14618.748261213303
191	-41.42	-41.42	-37.5	0.88481086	0.37206778	5.3197713	0.38200566	0.8901899	0.6	480000	14695.796185016632
192	-41.24	-41.24	-35.0	0.86719495	0.32309243	3.8897371	0.3829242	0.8706934	0.4	482500	14773.279423236847
193	-36.8	-36.8	-38.399998	0.87868667	0.364426	3.8575094	0.34951416	0.87672794	0.3	485000	14849.277443170547
194	-41.08	-41.08	-31.3	0.88022023	0.3811996	6.312277	0.33579472	0.8882044	0.5	487500	14926.642358541489
195	-41.42	-41.42	-43.399998	0.86710745	0.32602715	4.1603694	0.4071099	0.8831278	0.2	490000	15003.454485177994
196	-39.76	-39.76	-35.100002	0.8670668	0.31801304	3.9427028	0.35779992	0.88273793	0.4	492500	15079.943548679352
197	-42.68	-42.68	-38.2	0.87956154	0.3763409	5.135483	0.3742179	0.8893995	0.4	495000	15156.75642991066
198	-40.7	-40.7	-36.100002	0.88290936	0.34301776	4.590431	0.37232894	0.88536865	0.3	497500	15233.07448387146
199	-40.28	-40.28	-42.5	0.875666	0.38066778	7.443485	0.3827207	0.8817641	0.2	500000	15309.473622322083
200	-40.02	-40.02	-30.1	0.86101806	0.31731853	4.302451	0.34742016	0.87300754	0.5	502500	15386.361310958862
201	-38.18	-38.18	-33.7	0.88029784	0.35073215	3.669314	0.33153534	0.8862041	0.4	505000	15463.066650867462
202	-41.28	-41.28	-35.0	0.881813	0.36351454	5.258167	0.35889614	0.8826437	0.3	507500	15538.914588689804
203	-41.52	-41.52	-27.4	0.8784125	0.38399115	5.78795	0.33059075	0.87575233	0.8	510000	15616.285920381546
204	-40.74	-40.74	-39.2	0.88840675	0.36806607	7.55731	0.38556463	0.8893835	0.4	512500	15692.08374595642
205	-38.88	-38.88	-22.0	0.85965794	0.34012386	4.363342	0.30722767	0.8627055	0.9	515000	15766.493060588837
206	-42.04	-42.04	-31.9	0.86551756	0.34808606	5.5431666	0.35685733	0.86893797	0.7	517500	15842.531518220901
207	-39.38	-39.38	-39.399998	0.8679734	0.31449932	3.7878685	0.38344768	0.87425864	0.3	520000	15919.16928434372
208	-38.48	-38.48	-40.100002	0.8790149	0.42887157	12.03428	0.38032255	0.8760625	0.3	522500	15994.023432254791
209	-38.7	-38.7	-21.199999	0.86671096	0.35975596	4.947214	0.34069338	0.87516624	0.7	525000	16070.724978923798
210	-40.62	-40.62	-41.7	0.8852619	0.3915089	5.867404	0.3683567	0.8838104	0.3	527500	16147.59287571907
211	-38.62	-38.62	-27.3	0.8654083	0.34058756	5.071862	0.39631832	0.8701054	0.8	530000	16221.903343439102
212	-43.3	-43.3	-39.0	0.88729006	0.38853732	5.946695	0.38921237	0.87898463	0.4	532500	16300.912600040436
213	-42.3	-42.3	-33.899998	0.9103632	0.4231036	5.5875983	0.36528617	0.9132063	0.6	535000	16378.68858551979
214	-39.98	-39.98	-36.100002	0.89369816	0.41923577	7.879579	0.35792378	0.9035672	0.5	537500	16455.8621571064
215	-39.8	-39.8	-30.8	0.85920787	0.33824974	4.5178795	0.38118613	0.8587665	0.8	540000	16532.00492620468
216	-42.58	-42.58	-31.1	0.8924519	0.40335032	5.9064975	0.36128786	0.8906307	0.6	542500	16607.94397878647
217	-38.76	-38.76	-40.5	0.866687	0.3802714	6.135462	0.37188774	0.87288624	0.3	545000	16685.00305223465
218	-41.06	-41.06	-26.0	0.85953504	0.37647322	6.398944	0.3708324	0.8618489	0.6	547500	16761.63356089592
219	-43.44	-43.44	-17.199999	0.85320455	0.3766103	5.355112	0.37322026	0.8461259	0.8	550000	16839.035640716553
220	-42.4	-42.4	-36.0	0.8625502	0.36107832	5.531668	0.3407969	0.8746649	0.3	552500	16915.497027635574
221	-40.14	-40.14	-36.2	0.8498275	0.34312734	4.4032893	0.31753764	0.8489253	0.6	555000	16993.196187257767
222	-41.36	-41.36	-31.4	0.8468295	0.32614553	5.6569157	0.377494	0.84312105	0.7	557500	17069.04149365425
223	-39.26	-39.26	-38.399998	0.8384346	0.33540565	5.7766986	0.36853746	0.83229506	0.3	560000	17146.24654173851
224	-40.6	-40.6	-34.5	0.85850513	0.36235517	7.002499	0.37701494	0.8594299	0.5	562500	17224.31369638443
225	-40.86	-40.86	-32.600002	0.8533811	0.355897	5.641689	0.35762256	0.84496075	0.6	565000	17301.9840426445
226	-40.0	-40.0	-37.7	0.8702606	0.34256724	4.787272	0.31945837	0.86894625	0.3	567500	17378.20206093788
227	-40.3	-40.3	-35.100002	0.89445573	0.42965567	9.629954	0.35378262	0.8863253	0.4	570000	17454.17626476288
228	-42.12	-42.12	-32.7	0.88456655	0.39193147	5.301761	0.36808127	0.8839888	0.4	572500	17532.03399515152
229	-43.6	-43.6	-33.5	0.86537427	0.3430916	5.7853084	0.36964232	0.86949545	0.6	575000	17608.28780937195
230	-42.5	-42.5	-24.8	0.86835575	0.33908972	4.9877877	0.34050193	0.8625371	0.6	577500	17684.295466899872
231	-36.8	-36.8	-36.3	0.87722474	0.40928975	9.102498	0.38277885	0.87393576	0.4	580000	17761.647523880005
232	-37.64	-37.64	-39.8	0.8706064	0.3531286	5.209007	0.3766441	0.8735677	0.4	582500	17837.76904129982
233	-36.14	-36.14	-26.6	0.8593848	0.3510272	8.17745	0.35599068	0.8719779	0.7	585000	17915.92443919182
234	-40.5	-40.5	-35.899998	0.8749618	0.3483895	5.125795	0.37776548	0.87815285	0.5	587500	17992.292392015457
235	-39.14	-39.14	-40.7	0.84623635	0.3167966	4.44529	0.36955255	0.84803706	0.2	590000	18069.814349889755
236	-36.82	-36.82	-31.7	0.85026175	0.3214283	4.7761045	0.3627007	0.8503159	0.6	592500	18147.87551522255
237	-37.58	-37.58	-30.4	0.8554464	0.34910858	6.0046387	0.36296225	0.85848135	0.6	595000	18224.76431274414
238	-38.5	-38.5	-32.5	0.816552	0.31705388	4.9755	0.3842049	0.814173	0.4	597500	18301.635358333588
239	-39.54	-39.54	-30.0	0.83703697	0.33387098	4.996214	0.34342134	0.8455602	0.5	600000	18377.842921733856
240	-41.6	-41.6	-37.7	0.81769323	0.33444524	7.510454	0.31832325	0.8217559	0.3	602500	18454.489919424057
241	-39.8	-39.8	-34.8	0.82119006	0.29832813	4.3731194	0.37830198	0.8263712	0.4	605000	18529.938836574554
242	-38.06	-38.06	-32.2	0.807485	0.30363783	6.2648854	0.3412472	0.80493736	0.6	607500	18606.260902643204
243	-35.7	-35.7	-34.899998	0.8102189	0.30225998	4.555191	0.39638418	0.8116542	0.4	610000	18682.808077335358
244	-39.0	-39.0	-28.5	0.81116724	0.2838282	4.224329	0.38666296	0.80995864	0.7	612500	18760.03063750267
245	-37.08	-37.08	-40.0	0.81285423	0.33230966	8.114508	0.34636736	0.81198937	0.3	615000	18835.15599346161
246	-38.22	-38.22	-29.0	0.8391322	0.3545013	5.156865	0.35746235	0.83366424	0.6	617500	18911.970972537994
247	-38.6	-38.6	-27.5	0.80853903	0.2960047	6.440827	0.3650597	0.8049136	0.5	620000	18988.516914606094
248	-41.68	-41.68	-32.8	0.8248291	0.3142096	5.1351986	0.337072	0.82695824	0.4	622500	19065.850670337677
249	-39.1	-39.1	-28.0	0.7966403	0.29320368	4.819462	0.35580465	0.79969734	0.6	625000	19142.02452993393
250	-38.12	-38.12	-34.399998	0.812802	0.3581954	9.202099	0.38504842	0.8138971	0.4	627500	19218.687997102737
251	-42.1	-42.1	-19.5	0.80248415	0.31838107	6.5607777	0.33081913	0.80188394	0.8	630000	19295.759709596634
252	-41.4	-41.4	-28.9	0.8123748	0.312705	4.206846	0.36232534	0.81297463	0.6	632500	19371.029341459274
253	-36.62	-36.62	-24.4	0.78428745	0.273335	3.7117233	0.35326257	0.7894663	0.8	635000	19446.108973503113
254	-36.68	-36.68	-33.600002	0.78791463	0.28217417	3.6121933	0.32049447	0.7857478	0.5	637500	19524.455329179764
255	-39.2	-39.2	-15.7	0.7986995	0.3150628	5.264323	0.34108227	0.80155003	0.9	640000	19601.47528553009
256	-39.78	-39.78	-28.6	0.80306077	0.29235908	4.4804955	0.335565	0.80257624	0.8	642500	19677.42119693756
257	-43.72	-43.72	-31.1	0.81144786	0.31882188	5.50483	0.37469733	0.8202051	0.7	645000	19753.95703649521
258	-40.68	-40.68	-33.100002	0.81231403	0.29671597	3.9202325	0.34481156	0.80920476	0.6	647500	19831.14389538765
259	-37.08	-37.08	-25.8	0.8217831	0.37142262	6.067373	0.34389678	0.80903536	0.4	650000	19909.078705072403
260	-36.9	-36.9	-24.6	0.8004812	0.33205396	5.8154154	0.34564736	0.8049552	0.6	652500	19988.87433695793
261	-37.46	-37.46	-34.100002	0.7969586	0.31941706	5.264799	0.3517964	0.79177636	0.5	655000	20067.691310167313
262	-38.48	-38.48	-15.3	0.7876685	0.30276737	5.5266466	0.33970785	0.782442	0.9	657500	20146.416014432907
263	-40.08	-40.08	-14.8	0.77736294	0.29284146	4.8491573	0.36702943	0.7889341	0.8	660000	20225.42850136757
264	-37.1	-37.1	-20.4	0.789481	0.36040336	6.629661	0.3363303	0.78709984	0.7	662500	20302.590730667114
265	-38.5	-38.5	-20.6	0.8067668	0.33789563	4.7106113	0.36315238	0.8144558	0.8	665000	20380.426307439804
266	-40.16	-40.16	-24.0	0.794983	0.3203857	4.7591352	0.36156625	0.7979537	0.5	667500	20457.64005112648
267	-37.66	-37.66	-27.6	0.81309557	0.34974176	6.7261057	0.33520606	0.81015176	0.6	670000	20534.054958343506
268	-37.5	-37.5	-23.1	0.80356556	0.3300503	5.1490207	0.32743585	0.8014193	0.6	672500	20612.938542604446
269	-36.72	-36.72	-30.3	0.79785943	0.41971192	12.318566	0.34445524	0.7969225	0.5	675000	20690.54199194908
270	-31.84	-31.84	-29.7	0.78196985	0.28697854	4.0655475	0.35602832	0.7859787	0.6	677500	20768.64847588539
271	-31.9	-31.9	-16.9	0.8098861	0.36761808	4.972257	0.3498213	0.80397743	0.7	680000	20845.901740550995
272	-36.78	-36.78	-27.8	0.79373574	0.36636156	6.998836	0.33269036	0.7876883	0.7	682500	20923.65738606453
273	-40.86	-40.86	-33.7	0.7972434	0.29606187	3.7312741	0.35883254	0.80459714	0.3	685000	21002.080015182495
274	-35.88	-35.88	-37.5	0.80585283	0.4085649	7.2852	0.35553908	0.7897255	0.4	687500	21078.667736768723
275	-38.38	-38.38	-28.8	0.7923047	0.35421598	6.1430755	0.3440505	0.78893834	0.5	690000	21156.993515253067
276	-34.7	-34.7	-33.100002	0.8092467	0.33717477	4.49764	0.35689592	0.81186986	0.5	692500	21232.61378955841
277	-37.44	-37.44	-35.899998	0.7980469	0.38807228	7.9600325	0.30311152	0.80689454	0.3	695000	21309.13777399063
278	-38.46	-38.46	-32.7	0.7715842	0.2521259	4.272539	0.3674491	0.77052903	0.5	697500	21385.150435447693
279	-38.82	-38.82	-34.7	0.7970002	0.28710935	3.5451741	0.36986014	0.80090415	0.4	700000	21460.40035390854
280	-40.42	-40.42	-21.300001	0.80326736	0.34689566	5.5262747	0.38006908	0.796592	0.7	702500	21535.60491847992
281	-38.66	-38.66	-30.0	0.79325897	0.3574492	5.397369	0.3390837	0.7935182	0.6	705000	21613.008741140366
282	-40.56	-40.56	-25.0	0.8041468	0.38720334	6.015547	0.29203168	0.7967285	0.5	707500	21690.118168592453
283	-40.52	-40.52	-25.5	0.7787332	0.31318596	4.2492895	0.33918232	0.7799956	0.7	710000	21769.748019218445
284	-35.5	-35.5	-19.699999	0.7801947	0.3113368	4.480138	0.36871874	0.7691583	0.9	712500	21847.96434569359
285	-37.16	-37.16	-27.8	0.78923655	0.45424676	7.485664	0.30405268	0.7976139	0.8	715000	21924.387585163116
286	-36.3	-36.3	-30.3	0.77514696	0.3591722	7.6840296	0.31301454	0.7764325	0.5	717500	21999.420905590057
287	-36.46	-36.46	-19.199999	0.76251584	0.3537753	7.6466856	0.35419577	0.76787376	0.8	720000	22075.155791282654
288	-36.54	-36.54	-25.7	0.7630652	0.32292423	7.4720263	0.3548888	0.7652522	0.7	722500	22152.32483458519
289	-40.84	-40.84	-27.8	0.7634068	0.3492821	7.8220816	0.3602721	0.76529884	0.6	725000	22229.998178243637
290	-38.32	-38.32	-24.3	0.7868509	0.37653276	8.67373	0.30367064	0.7761285	0.6	727500	22308.2432410717
291	-37.18	-37.18	-35.2	0.7519844	0.37910613	7.90645	0.35329536	0.7494028	0.5	730000	22385.977370023727
292	-35.5	-35.5	-18.0	0.75634503	0.31931293	5.7612796	0.33353823	0.759465	0.9	732500	22460.435739040375
293	-41.52	-41.52	-22.800001	0.7768018	0.35129684	5.1686354	0.31081045	0.7826399	0.7	735000	22536.689316511154
294	-34.92	-34.92	-19.9	0.77920884	0.39481273	7.675082	0.3061247	0.7756776	0.8	737500	22614.493972063065
295	-38.5	-38.5	-24.9	0.7596758	0.39181226	7.1564364	0.32690823	0.7646654	0.6	740000	22692.596057891846
296	-40.62	-40.62	-26.1	0.74865776	0.32012412	5.199274	0.33012158	0.7579727	0.8	742500	22768.795381069183
297	-37.38	-37.38	-34.0	0.74219936	0.3453472	6.9544473	0.33734164	0.7436239	0.3	745000	22845.178978443146
298	-31.86	-31.86	-24.9	0.7244816	0.28554878	3.8303237	0.3281213	0.73052746	0.5	747500	22920.064984083176
299	-36.58	-36.58	-28.3	0.7483872	0.36811775	5.494987	0.32121083	0.75489604	0.7	750000	22997.54107761383
300	-38.74	-38.74	-35.600002	0.75563633	0.3269418	5.118123	0.33563697	0.75954753	0.4	752500	23072.45579600334
301	-38.66	-38.66	-25.3	0.7327046	0.29780835	3.9150696	0.29876778	0.7379034	0.7	755000	23149.33250784874
302	-36.46	-36.46	-29.4	0.73369825	0.30467817	5.098022	0.3116234	0.7357364	0.5	757500	23225.75286102295
303	-33.88	-33.88	-24.8	0.7413408	0.26608443	3.2060752	0.3076755	0.7484286	0.9	760000	23302.254930973053
304	-35.32	-35.32	-18.300001	0.75094825	0.38381857	10.195975	0.33638415	0.7499839	0.9	762500	23378.85430598259
305	-36.06	-36.06	-21.199999	0.76638323	0.39133418	9.362282	0.3662603	0.76288444	0.8	765000	23455.579163312912
306	-33.28	-33.28	-23.6	0.75422174	0.36057454	7.1590996	0.31101683	0.7511577	0.5	767500	23531.699791431427
307	-37.6	-37.6	-26.6	0.76245314	0.39185408	8.508253	0.36678463	0.76092863	0.6	770000	23609.101856946945
308	-39.3	-39.3	-23.7	0.77023023	0.3911852	6.8238926	0.35242534	0.7657977	0.6	772500	23685.641398191452
309	-34.74	-34.74	-34.8	0.77375084	0.40414646	7.703636	0.31651324	0.78084195	0.3	775000	23762.595113039017
310	-37.2	-37.2	-27.8	0.7442311	0.32165396	5.217082	0.31805414	0.7551889	0.7	777500	23839.927525043488
311	-36.24	-36.24	-19.1	0.7638355	0.42842346	9.993399	0.3372442	0.7532246	0.8	780000	23917.679464817047
312	-34.94	-34.94	-16.199999	0.7237064	0.278913	3.3373852	0.3525924	0.73169976	0.9	782500	23995.202749729156
313	-34.86	-34.86	-23.6	0.7287336	0.3396909	6.417744	0.33778134	0.7372572	0.6	785000	24070.37523818016
314	-34.48	-34.48	-23.9	0.7449773	0.36329365	5.970963	0.29968512	0.743646	0.9	787500	24147.17994093895
315	-38.44	-38.44	-28.0	0.7596914	0.47586158	13.083548	0.3617743	0.75759846	0.7	790000	24223.643253326416
316	-36.54	-36.54	-18.6	0.7551708	0.4242416	8.267047	0.3052453	0.7620081	0.9	792500	24299.762139320374
317	-36.66	-36.66	-16.9	0.74138564	0.39672154	8.700715	0.36555806	0.7375151	0.9	795000	24377.153675556183
318	-35.28	-35.28	-20.699999	0.7183078	0.30267558	6.479831	0.33608308	0.730433	0.9	797500	24453.7175822258
319	-32.84	-32.84	-19.699999	0.73280334	0.35177383	4.6874003	0.3458696	0.73827136	0.9	800000	24530.6304564476
320	-35.48	-35.48	-27.1	0.7062977	0.2950048	5.021995	0.31693462	0.7207242	0.6	802500	24607.398604631424
321	-38.18	-38.18	-18.9	0.73891747	0.32342815	4.115569	0.30046958	0.7395519	0.7	805000	24685.381461143494
322	-30.62	-30.62	-19.9	0.7671766	0.43642378	7.1178417	0.35301435	0.7809525	0.8	807500	24762.179897785187
323	-34.06	-34.06	-19.199999	0.76030123	0.39307335	7.7873354	0.3296917	0.772493	0.8	810000	24838.31145310402
324	-36.42	-36.42	-26.1	0.74433583	0.42344242	12.307953	0.2961094	0.74788254	0.8	812500	24913.972372293472
325	-32.82	-32.82	-27.8	0.74760544	0.37703928	9.762251	0.30740207	0.7571546	0.5	815000	24990.971004724503
326	-36.2	-36.2	-22.699999	0.74715835	0.4163315	8.457236	0.32938558	0.74565816	0.7	817500	25066.7859146595
327	-37.34	-37.34	-20.9	0.74726635	0.37712017	9.283773	0.34450796	0.75721437	0.6	820000	25142.53359723091
328	-38.62	-38.62	-21.199999	0.73784035	0.36957458	6.9671736	0.35136485	0.7425093	0.9	822500	25219.312322616577
329	-34.72	-34.72	-25.3	0.7311561	0.43738678	12.065741	0.32658786	0.7419922	0.7	825000	25295.8001537323
330	-37.72	-37.72	-19.1	0.7297901	0.40930313	8.726834	0.32754448	0.71831125	0.8	827500	25372.27622961998
331	-35.04	-35.04	-15.9	0.7168437	0.27888232	5.380955	0.31192303	0.71177244	1.0	830000	25448.44167470932
332	-35.18	-35.18	-18.800001	0.74293464	0.30452225	3.758379	0.32341903	0.75200635	1.0	832500	25524.345297574997
333	-37.04	-37.04	-20.4	0.71975076	0.31302467	4.2938757	0.26076025	0.72571653	0.7	835000	25600.83388352394
334	-36.44	-36.44	-21.5	0.68254054	0.34064218	8.647801	0.33056802	0.69711125	0.9	837500	25677.51399588585
335	-35.8	-35.8	-20.800001	0.7126451	0.3997411	9.263362	0.3130343	0.7056858	0.9	840000	25754.594902276993
336	-36.42	-36.42	-22.199999	0.70053625	0.32871023	4.927914	0.31728923	0.7077184	0.7	842500	25832.51172852516
337	-36.04	-36.04	-13.7	0.67833656	0.2949341	5.2073474	0.33921748	0.6849412	0.9	845000	25911.831263780594
338	-35.22	-35.22	-17.199999	0.6751841	0.28778875	4.564099	0.3034426	0.6801617	0.9	847500	25988.99630188942
339	-31.68	-31.68	-13.9	0.6718785	0.27644512	3.7362988	0.3029496	0.6781509	0.8	850000	26064.599948644638
340	-37.82	-37.82	-14.2	0.6461368	0.2598083	4.556905	0.30244547	0.66323876	1.0	852500	26142.234307527542
341	-39.84	-39.84	-19.699999	0.66469085	0.29635578	4.666598	0.3147525	0.667333	0.6	855000	26218.399688720703
342	-37.56	-37.56	-20.0	0.6612318	0.3907587	10.127845	0.3222654	0.6555657	0.8	857500	26296.4495575428
343	-34.86	-34.86	-17.800001	0.64074486	0.2644898	5.201487	0.29089978	0.65012026	0.8	860000	26375.067285060883
344	-37.2	-37.2	-16.4	0.6344904	0.24930777	4.600945	0.29002857	0.6401686	1.0	862500	26450.086524009705
345	-38.8	-38.8	-18.0	0.6398562	0.29511616	7.119996	0.29734036	0.64688575	1.0	865000	26526.76000237465
346	-37.42	-37.42	-21.9	0.6432618	0.3078938	7.546539	0.28600913	0.64910203	0.8	867500	26602.295709848404
347	-37.04	-37.04	-21.5	0.6364962	0.24727997	5.2167454	0.25585914	0.63698107	0.9	870000	26678.222019195557
348	-36.26	-36.26	-21.4	0.63875246	0.30434346	7.3681216	0.28556025	0.64197403	0.7	872500	26753.931351423264
349	-37.94	-37.94	-21.5	0.6468661	0.3344069	5.777325	0.28231058	0.648176	0.9	875000	26829.286676883698
350	-37.42	-37.42	-25.3	0.60075295	0.21183378	3.883375	0.29084158	0.60675263	0.8	877500	26905.79458785057
351	-35.08	-35.08	-20.0	0.62352234	0.3098919	5.437395	0.28256023	0.62417305	0.9	880000	26982.670988082886
352	-35.82	-35.82	-17.1	0.63034266	0.4032028	12.987705	0.29910535	0.6335221	0.9	882500	27058.215095996857
353	-34.36	-34.36	-19.0	0.6260935	0.31915113	7.645116	0.28843355	0.63344276	0.7	885000	27134.103568553925
354	-34.58	-34.58	-17.5	0.6086284	0.288267	6.960239	0.26609856	0.60968727	0.9	887500	27211.786390304565
355	-40.9	-40.9	-19.6	0.61688465	0.3356943	7.0107555	0.2741788	0.6180183	0.7	890000	27289.49955177307
356	-34.12	-34.12	-20.6	0.6047804	0.31325203	7.4505463	0.28068066	0.60910195	0.8	892500	27366.459946155548
357	-33.88	-33.88	-15.8	0.60724086	0.26411262	3.8275084	0.25462005	0.6166789	0.9	895000	27442.87767648697
358	-35.6	-35.6	-28.3	0.5876326	0.23041576	4.2274704	0.25434983	0.58926404	0.8	897500	27520.387914180756
359	-37.9	-37.9	-12.8	0.59882665	0.22121416	2.9637804	0.2777679	0.59870607	1.0	900000	27596.279585123062
360	-36.46	-36.46	-14.6	0.62328476	0.31282562	6.004716	0.29369712	0.62718374	1.0	902500	27674.18029975891
361	-33.06	-33.06	-21.300001	0.6229263	0.25071523	3.687819	0.30306113	0.62831897	0.8	905000	27751.167333841324
362	-32.32	-32.32	-20.4	0.59293354	0.21854644	3.5982103	0.27091795	0.59852344	0.8	907500	27828.246282577515
363	-37.14	-37.14	-21.6	0.617859	0.261885	3.3536713	0.2806399	0.61846644	0.7	910000	27904.55991911888
364	-37.38	-37.38	-21.6	0.5951348	0.21817099	4.612573	0.28511152	0.60208887	0.8	912500	27980.50433897972
365	-35.08	-35.08	-21.800001	0.6031568	0.24354905	3.2394505	0.2650772	0.60854495	0.7	915000	28058.39969062805
366	-35.4	-35.4	-17.199999	0.6265015	0.26901254	3.1443574	0.2763601	0.63091165	1.0	917500	28136.610454797745
367	-34.66	-34.66	-15.4	0.62121445	0.27908075	4.8508883	0.25922006	0.6235858	1.0	920000	28212.1846075058
368	-36.34	-36.34	-16.0	0.62875015	0.26890582	3.6935022	0.28663373	0.6287994	0.9	922500	28289.0226187706
369	-35.86	-35.86	-15.8	0.6288025	0.2859481	3.8878694	0.27350926	0.6279426	1.0	925000	28365.185739040375
370	-36.46	-36.46	-16.4	0.6387206	0.3053862	5.4988384	0.29466173	0.63886285	0.8	927500	28441.266499519348
371	-34.42	-34.42	-19.4	0.6259708	0.27132368	4.044709	0.28732625	0.6276475	0.8	930000	28517.39843726158
372	-35.48	-35.48	-15.7	0.61934626	0.2910512	6.6178513	0.28934783	0.6276313	0.8	932500	28594.005766153336
373	-31.52	-31.52	-19.9	0.6144614	0.27430534	4.750705	0.2932706	0.61496973	0.9	935000	28669.97253060341
374	-36.46	-36.46	-22.300001	0.61108726	0.26041433	3.9860644	0.28142464	0.60914826	0.7	937500	28746.141757965088
375	-34.98	-34.98	-17.4	0.5827738	0.2222471	3.375739	0.25548893	0.5881532	1.0	940000	28823.138778209686
376	-31.7	-31.7	-19.1	0.602296	0.26602197	3.88416	0.28483212	0.60610545	0.9	942500	28900.030790567398
377	-34.6	-34.6	-13.5	0.57000977	0.24640104	4.0906386	0.27206475	0.57395154	0.9	945000	28976.801189899445
378	-33.46	-33.46	-18.699999	0.60095704	0.276226	4.1188564	0.2924742	0.6006238	0.9	947500	29049.961363554
379	-34.18	-34.18	-15.6	0.5941546	0.26927736	4.041541	0.29831767	0.59608924	0.9	950000	29125.963604927063
380	-35.12	-35.12	-13.9	0.57655334	0.24685258	3.4413261	0.27037483	0.5799364	1.0	952500	29200.605864286423
381	-34.04	-34.04	-18.4	0.5758737	0.24270606	3.833846	0.28207278	0.57709	0.9	955000	29274.352814912796
382	-36.88	-36.88	-16.699999	0.5749335	0.24601178	4.1048684	0.2532319	0.5705612	1.0	957500	29347.763892650604
383	-36.64	-36.64	-16.5	0.5741174	0.23385464	3.474826	0.2588086	0.57674056	0.8	960000	29422.14500284195
384	-36.9	-36.9	-18.699999	0.5911497	0.2997127	5.721741	0.283755	0.59808785	0.9	962500	29496.853770256042
385	-29.02	-29.02	-21.199999	0.5699974	0.3129364	9.008436	0.29306877	0.57220376	1.0	965000	29569.13350892067
386	-33.4	-33.4	-13.3	0.5638158	0.23748367	4.264548	0.25839147	0.56236386	1.0	967500	29643.62050318718
387	-34.66	-34.66	-20.6	0.5961517	0.35250023	8.5748625	0.29285958	0.59283096	0.7	970000	29715.701640605927
388	-32.98	-32.98	-18.6	0.58962244	0.28170907	5.435876	0.28248593	0.5860072	0.9	972500	29788.600324869156
389	-36.92	-36.92	-15.0	0.580542	0.4046393	11.837701	0.26930618	0.5915793	1.0	975000	29861.320735931396
390	-35.64	-35.64	-16.1	0.57786036	0.2617217	5.4495525	0.296498	0.57498366	1.0	977500	29933.797235250473
391	-33.4	-33.4	-18.800001	0.56895846	0.32831708	5.7441297	0.26300266	0.56361586	0.9	980000	30005.02934861183
392	-30.58	-30.58	-25.5	0.5872721	0.2876263	5.922307	0.2791418	0.5873646	0.6	982500	30074.3199634552
393	-30.78	-30.78	-14.3	0.6107534	0.36384755	6.056381	0.21338639	0.60557204	1.0	985000	30146.34400653839
394	-34.8	-34.8	-17.800001	0.6053798	0.3568332	5.862137	0.28634256	0.60237586	0.8	987500	30216.6737844944
395	-35.58	-35.58	-16.199999	0.5823014	0.2835974	5.63564	0.26968455	0.5756279	1.0	990000	30287.33225083351
396	-34.44	-34.44	-16.699999	0.596605	0.4010786	14.142141	0.26759142	0.5943562	0.9	992500	30356.997863531113
397	-35.72	-35.72	-21.199999	0.5933131	0.34797686	11.07109	0.24785656	0.5960139	0.8	995000	30427.835562229156
398	-35.74	-35.74	-12.9	0.60720843	0.42869586	13.026389	0.27082986	0.5925681	1.0	997500	30497.21414399147
399	-33.88	-33.88	-15.6	0.62951684	0.3917841	6.195188	0.31175745	0.6297862	0.8	1000000	30566.710399866104
400	-35.52	-35.52	-17.699999	0.60085046	0.3168425	6.588563	0.27301458	0.5977888	0.9	1002500	30635.722256183624
401	-37.06	-37.06	-16.300001	0.5984212	0.3183933	7.0255885	0.28901696	0.598095	0.9	1005000	30702.1466486454
402	-32.48	-32.48	-31.0	0.59516406	0.28682488	5.9473658	0.28194642	0.5930813	0.5	1007500	30770.965110063553
403	-37.24	-37.24	-13.9	0.59751743	0.35185272	7.168654	0.2917976	0.598595	1.0	1010000	30838.726626873016
404	-37.76	-37.76	-14.9	0.61581033	0.41887113	7.052836	0.2559722	0.61078566	1.0	1012500	30909.65812110901
405	-34.52	-34.52	-21.699999	0.5885979	0.31686538	6.5643673	0.27457583	0.58678716	0.9	1015000	30978.824103593826
406	-33.76	-33.76	-20.800001	0.6087411	0.40294176	11.297912	0.28220198	0.60789394	0.9	1017500	31048.82613801956
407	-33.54	-33.54	-13.4	0.5844939	0.38557026	12.06872	0.24414176	0.59368235	0.9	1020000	31121.62597298622
408	-34.76	-34.76	-12.5	0.6250926	0.4950771	11.73552	0.25552642	0.62029284	0.8	1022500	31192.99762058258
409	-30.94	-30.94	-23.1	0.57906395	0.31017262	9.034505	0.2864455	0.56927514	0.8	1025000	31262.081067085266
410	-36.06	-36.06	-14.8	0.5754027	0.3065145	6.3855314	0.27684286	0.5801658	0.8	1027500	31331.04442548752
411	-34.18	-34.18	-19.5	0.5779292	0.28396243	4.6503716	0.2179581	0.5730349	0.9	1030000	31398.619548797607
412	-34.9	-34.9	-17.5	0.61501545	0.37211576	10.62562	0.27376235	0.61642116	0.8	1032500	31468.54175400734
413	-35.28	-35.28	-17.1	0.600201	0.3689259	9.6978245	0.2913923	0.59259826	1.0	1035000	31537.66063761711
414	-33.4	-33.4	-14.8	0.57971656	0.4052412	11.5345745	0.22301826	0.5742576	1.0	1037500	31606.103979825974
415	-32.0	-32.0	-15.9	0.6139105	0.58823127	22.917078	0.27858472	0.6081301	0.9	1040000	31673.8114361763
416	-32.32	-32.32	-18.6	0.5977895	0.3598677	10.240265	0.28732947	0.58773816	0.8	1042500	31746.9415538311
417	-34.46	-34.46	-21.199999	0.60686946	0.47117174	10.917813	0.2781374	0.6151963	0.9	1045000	31816.408868551254
418	-34.66	-34.66	-18.199999	0.6035038	0.36784416	7.9489594	0.29407942	0.6032349	1.0	1047500	31885.853127002716
419	-34.0	-34.0	-19.9	0.6041317	0.5553316	18.164906	0.25517154	0.58746034	0.9	1050000	31953.36926627159
420	-37.22	-37.22	-12.5	0.5654819	0.31859925	5.937851	0.2671557	0.57354265	1.0	1052500	32018.61197400093
421	-33.6	-33.6	-14.0	0.57981193	0.34720412	6.6627812	0.2799562	0.5771705	1.0	1055000	32082.37890434265
422	-31.64	-31.64	-19.800001	0.57851416	0.32700527	7.8919954	0.2295722	0.58745545	0.9	1057500	32144.71507334709
423	-35.62	-35.62	-17.0	0.61033386	0.42878798	7.552067	0.26574495	0.60496926	0.8	1060000	32207.09156179428
424	-34.24	-34.24	-30.7	0.58829397	0.47125906	8.941657	0.27529863	0.58321935	0.3	1062500	32271.397084712982
425	-36.14	-36.14	-16.300001	0.5813667	0.35612753	8.232051	0.2750322	0.5765579	1.0	1065000	32339.918142080307
426	-35.44	-35.44	-18.0	0.5958173	0.47957852	14.241746	0.26513934	0.5891204	0.8	1067500	32404.700793504715
427	-34.48	-34.48	-13.5	0.59421563	0.38555503	7.8332443	0.23844095	0.5846189	1.0	1070000	32472.736577749252
428	-34.52	-34.52	-14.7	0.59136856	0.5329755	17.54743	0.28200054	0.59213865	1.0	1072500	32534.351248025894
429	-33.0	-33.0	-15.8	0.59618163	0.3428317	6.0732417	0.28518134	0.6017256	0.9	1075000	32601.46696281433
430	-35.24	-35.24	-22.4	0.58539134	0.37899908	8.84718	0.27848953	0.5885867	0.8	1077500	32665.92019701004
431	-34.82	-34.82	-15.7	0.58286184	0.38612112	8.265707	0.26844427	0.5649044	0.9	1080000	32725.78712797165
432	-34.5	-34.5	-15.0	0.57955444	0.32959542	5.665621	0.2675463	0.5721119	0.9	1082500	32788.08180165291
433	-36.72	-36.72	-16.1	0.5767842	0.32396278	7.086005	0.25502902	0.5697097	0.9	1085000	32849.3335814476
434	-34.5	-34.5	-20.6	0.6081154	0.44303718	7.7303247	0.2540943	0.6100669	0.9	1087500	32907.7370762825
435	-35.12	-35.12	-15.8	0.6304493	0.51357216	15.393597	0.2736864	0.61848783	1.0	1090000	32972.74423956871
436	-31.92	-31.92	-10.8	0.57972157	0.46247566	11.521302	0.24226764	0.573528	1.0	1092500	33035.28445363045
437	-34.92	-34.92	-17.699999	0.5705135	0.30560175	4.8609433	0.24806663	0.5594004	0.7	1095000	33096.91906666756
438	-37.3	-37.3	-14.1	0.59365684	0.37090573	5.922201	0.28841877	0.57885075	0.9	1097500	33155.50598859787
439	-32.32	-32.32	-17.5	0.5942927	0.40934488	9.886761	0.28492826	0.60353136	0.8	1100000	33217.56187534332
440	-31.88	-31.88	-12.1	0.58667827	0.37218174	7.835061	0.253218	0.5815824	1.0	1102500	33277.56453323364
441	-32.36	-32.36	-17.5	0.57581306	0.32645068	4.7153606	0.25787848	0.57589704	0.9	1105000	33336.064114809036
442	-32.64	-32.64	-16.699999	0.5914951	0.45815897	9.418842	0.27233195	0.58749217	0.9	1107500	33393.202415943146
443	-35.96	-35.96	-14.3	0.5672398	0.28151223	4.12531	0.2658304	0.5564057	0.9	1110000	33453.49988818169
444	-29.26	-29.26	-17.699999	0.5565123	0.24440342	3.9587307	0.23826429	0.55793554	0.8	1112500	33511.151968717575
445	-32.92	-32.92	-21.5	0.59068066	0.4241445	9.469486	0.25313842	0.57519126	0.8	1115000	33571.939292907715
446	-29.82	-29.82	-17.6	0.6065967	0.40012994	8.635646	0.29429966	0.6186667	0.8	1117500	33632.3058950901
447	-36.76	-36.76	-15.5	0.5931062	0.29472962	6.3277044	0.27078402	0.5896866	0.9	1120000	33693.040855407715
448	-35.68	-35.68	-16.6	0.57045686	0.3003613	5.122896	0.2986228	0.56690484	0.9	1122500	33753.98618888855
449	-33.42	-33.42	-16.300001	0.57951885	0.30758065	6.0033226	0.29193938	0.5708844	0.9	1125000	33814.42830371857
450	-32.5	-32.5	-19.4	0.5850121	0.35127252	6.4353905	0.2695679	0.5783496	0.9	1127500	33872.18196940422
451	-34.86	-34.86	-15.1	0.56840307	0.309058	5.3434505	0.28285712	0.563313	0.9	1130000	33932.22063231468
452	-32.7	-32.7	-13.6	0.5568535	0.32320893	7.4089417	0.27987334	0.55631423	0.9	1132500	33990.93358063698
453	-36.0	-36.0	-17.300001	0.56117547	0.31473747	5.959161	0.2634109	0.5658239	0.9	1135000	34050.84495592117
454	-37.56	-37.56	-13.1	0.54029655	0.24381623	5.345072	0.2545079	0.5411846	0.9	1137500	34112.2921333313
455	-38.04	-38.04	-19.6	0.5464464	0.27239415	5.185932	0.2575447	0.5423392	0.6	1140000	34172.81151127815
456	-36.08	-36.08	-15.7	0.5379054	0.32025728	8.480209	0.24870995	0.54786354	1.0	1142500	34232.32730793953
457	-33.36	-33.36	-17.699999	0.53691566	0.27389407	5.6215625	0.2679302	0.5280829	0.9	1145000	34291.81583952904
458	-35.44	-35.44	-15.2	0.5413937	0.40396017	15.546884	0.25713813	0.53430325	0.9	1147500	34352.13523054123
459	-35.52	-35.52	-16.300001	0.5415824	0.26946273	7.466911	0.27164954	0.54085624	0.9	1150000	34411.53135204315
460	-28.54	-28.54	-23.199999	0.5372883	0.25123507	5.6608186	0.2727184	0.5343836	0.6	1152500	34471.27709579468
461	-32.64	-32.64	-15.6	0.546111	0.25617063	4.4236326	0.27664262	0.5428164	1.0	1155000	34530.94880270958
462	-36.38	-36.38	-9.0	0.5467351	0.37739676	10.360835	0.23584706	0.54943603	1.0	1157500	34591.55695962906
463	-33.12	-33.12	-17.5	0.54061586	0.32509214	6.379406	0.2362897	0.546849	0.9	1160000	34652.98862886429
464	-33.9	-33.9	-14.7	0.5593108	0.39079523	10.573178	0.27437842	0.5593688	1.0	1162500	34711.434789180756
465	-35.64	-35.64	-24.1	0.5322939	0.4342493	14.450065	0.22964388	0.53201073	0.7	1165000	34769.298818826675
466	-34.8	-34.8	-14.8	0.5274979	0.29650545	7.0736523	0.23595497	0.51696986	1.0	1167500	34827.42394018173
467	-33.14	-33.14	-19.0	0.5433094	0.31980342	7.9009833	0.26455262	0.53767943	0.8	1170000	34884.41133594513
468	-31.86	-31.86	-14.8	0.519514	0.2171172	3.5227354	0.26995277	0.52075136	0.9	1172500	34943.303386211395
469	-31.14	-31.14	-12.4	0.5307822	0.27288997	5.3992968	0.23338851	0.5337872	1.0	1175000	35004.99276518822
470	-33.12	-33.12	-20.6	0.52800184	0.37273636	7.280217	0.2488545	0.52437806	0.8	1177500	35067.89450931549
471	-34.38	-34.38	-21.6	0.5474568	0.33775115	7.693714	0.26969767	0.54105943	0.7	1180000	35126.22240757942
472	-35.94	-35.94	-16.4	0.5475316	0.3107888	5.9829307	0.24065301	0.54095626	0.9	1182500	35186.13536262512
473	-33.42	-33.42	-23.5	0.5672561	0.32555562	6.6597238	0.26232934	0.55342454	0.8	1185000	35246.26332736015
474	-35.64	-35.64	-18.4	0.5505111	0.33263686	8.588158	0.27475733	0.5466936	0.8	1187500	35304.76653075218
475	-33.6	-33.6	-14.2	0.5379799	0.26497424	7.4153023	0.28322604	0.53914773	1.0	1190000	35366.69719910622
476	-32.84	-32.84	-14.1	0.5546232	0.30869633	5.2595406	0.2664734	0.5487511	1.0	1192500	35425.367972135544
477	-32.56	-32.56	-17.0	0.54861367	0.3353173	5.2795057	0.28115004	0.547337	0.9	1195000	35484.36390376091
478	-35.24	-35.24	-23.199999	0.55447525	0.2844149	6.5225306	0.2816956	0.5494916	0.7	1197500	35543.0705575943
479	-33.54	-33.54	-16.699999	0.56227607	0.31517544	6.2398295	0.25229812	0.55915016	1.0	1200000	35606.27092170715
480	-33.18	-33.18	-19.0	0.54975283	0.3085697	8.048916	0.27596545	0.55588454	1.0	1202500	35667.48493361473
481	-37.28	-37.28	-19.800001	0.56238925	0.3080508	6.9541245	0.28842363	0.5526122	0.9	1205000	35729.94384932518
482	-30.68	-30.68	-22.199999	0.5453932	0.2686518	7.271777	0.28621846	0.54767007	0.6	1207500	35785.8245112896
483	-31.36	-31.36	-10.5	0.56727815	0.28076866	6.1177053	0.2683284	0.568671	1.0	1210000	35847.37044811249
484	-37.38	-37.38	-10.7	0.58529735	0.27782458	4.5899706	0.28311303	0.57885176	0.8	1212500	35912.81194424629
485	-36.54	-36.54	-11.7	0.56617564	0.27528593	6.1668043	0.25691512	0.5669438	1.0	1215000	35971.822239398956
486	-35.4	-35.4	-19.9	0.5506318	0.22839504	4.740482	0.25967705	0.5458168	0.8	1217500	36022.38887047768
487	-32.94	-32.94	-23.8	0.5514198	0.22147694	4.2994304	0.27075645	0.54919004	0.7	1220000	36070.930208444595
488	-35.9	-35.9	-17.199999	0.5621591	0.23164535	4.9456286	0.25199538	0.5616369	0.9	1222500	36120.09651207924
489	-31.96	-31.96	-12.9	0.5714161	0.19842418	3.5154665	0.3006419	0.56859934	1.0	1225000	36168.13612151146
490	-36.0	-36.0	-15.6	0.60628015	0.27530193	6.757585	0.31093228	0.60472625	1.0	1227500	36217.18730163574
491	-34.26	-34.26	-23.4	0.6626398	0.2468662	3.6014128	0.32002798	0.6582015	0.8	1230000	36265.83207964897
492	-35.36	-35.36	-13.4	0.72939587	0.24423675	5.093849	0.3366751	0.7321585	0.9	1232500	36314.11668896675
493	-35.48	-35.48	-12.3	0.80477625	0.28628314	6.0636654	0.43591326	0.80262697	1.0	1235000	36361.13874769211
494	-33.58	-33.58	-15.6	0.8997362	0.36012992	10.643873	0.407768	0.89820033	1.0	1237500	36406.341572761536
495	-33.32	-33.32	-10.599999	0.81906873	0.26252294	5.7796817	0.4400902	0.8095941	0.9	1240000	36451.59206485748
496	-31.06	-31.06	-19.6	0.8162854	0.31137455	7.6244926	0.41793638	0.80748415	0.9	1242500	36497.00519680977
497	-33.8	-33.8	-20.1	0.8026149	0.23439266	3.5031214	0.3646386	0.79795206	0.8	1245000	36541.0947637558
498	-32.14	-32.14	-13.5	0.7451422	0.27743468	5.962052	0.3703074	0.7432757	1.0	1247500	36584.54790854454
499	-33.48	-33.48	-13.2	0.6859443	0.24027042	3.799379	0.34109628	0.6880798	0.9	1250000	36626.45710992813
