Epoch	EpRet	EpRealRet	TestEpRet	AverageQ1	StdQ1	MaxQ1	MinQ1	Q2	TestSuccess	TotalEnvInteracts	TotalTime
0	-50.0	-50.0	-40.0	-0.63102204	1.290097	0.53055686	-14.909299	-0.63090825	0.2	2500	37.14069867134094
1	-49.12	-49.12	-50.0	-1.6436967	2.9189906	0.540197	-15.922911	-1.6433686	0.0	5000	81.20341968536377
2	-50.0	-50.0	-50.0	-2.2379293	4.0705967	0.937597	-18.611149	-2.237673	0.0	7500	124.43898820877075
3	-50.0	-50.0	-48.1	-2.7793398	5.1120286	0.9024254	-21.02818	-2.7794628	0.1	10000	167.73818826675415
4	-50.0	-50.0	-50.0	-3.245736	5.9384875	1.4563018	-27.275187	-3.245771	0.0	12500	211.2759027481079
5	-49.4	-49.4	-50.0	-3.6634881	6.6414084	2.0790856	-30.866573	-3.6632998	0.0	15000	254.49082398414612
6	-49.88	-49.88	-49.5	-3.9861345	7.1910005	1.263354	-30.807617	-3.9858432	0.0	17500	297.8398280143738
7	-49.08	-49.08	-50.0	-4.2621336	7.635777	2.0726547	-30.676737	-4.2618914	0.0	20000	340.6685447692871
8	-49.68	-49.68	-50.0	-4.5320253	8.048004	3.9316359	-44.78921	-4.531733	0.0	22500	384.24058723449707
9	-48.94	-48.94	-49.8	-4.746894	8.403664	2.0070689	-46.081528	-4.7464423	0.0	25000	427.68436098098755
10	-49.9	-49.9	-50.0	-4.9662423	8.749399	2.2580185	-47.848656	-4.965922	0.0	27500	469.8899612426758
11	-49.34	-49.34	-48.8	-5.1540947	9.089118	2.831228	-48.898518	-5.1536274	0.0	30000	513.1417605876923
12	-49.86	-49.86	-49.1	-5.325626	9.382788	3.441482	-46.707855	-5.325464	0.1	32500	556.1058096885681
13	-49.84	-49.84	-49.6	-5.47973	9.6391535	2.8542628	-47.091473	-5.4795394	0.0	35000	599.8164477348328
14	-49.7	-49.7	-49.5	-5.6347733	9.8729105	2.4495385	-47.601196	-5.634352	0.0	37500	642.9301257133484
15	-49.72	-49.72	-49.7	-5.822119	10.127825	3.2489474	-49.669266	-5.821888	0.0	40000	686.2445392608643
16	-49.84	-49.84	-48.8	-5.9604673	10.338893	3.5886893	-51.35444	-5.9600596	0.0	42500	729.5415954589844
17	-49.88	-49.88	-47.4	-6.143417	10.591086	3.6265962	-53.981373	-6.1429777	0.0	45000	772.3720548152924
18	-49.84	-49.84	-50.0	-6.2223167	10.729622	2.837943	-54.65078	-6.222126	0.0	47500	814.4813952445984
19	-49.34	-49.34	-45.899998	-6.384656	10.935708	2.7483978	-56.631798	-6.384554	0.0	50000	857.3361570835114
20	-48.96	-48.96	-49.7	-6.530567	11.137647	6.0964165	-57.50084	-6.530414	0.0	52500	900.815666437149
21	-48.44	-48.44	-49.7	-6.669045	11.304297	6.05684	-57.284687	-6.6688876	0.0	55000	943.8322758674622
22	-49.72	-49.72	-45.899998	-6.7326345	11.48536	6.592488	-54.841698	-6.7322245	0.0	57500	987.0622158050537
23	-48.78	-48.78	-48.9	-6.8630643	11.699293	6.651689	-59.187195	-6.8628693	0.1	60000	1030.3373486995697
24	-49.86	-49.86	-49.6	-6.9561377	11.877288	6.1926394	-58.28904	-6.9555244	0.0	62500	1073.5090763568878
25	-48.72	-48.72	-49.0	-7.0439343	12.031728	5.9874706	-55.805336	-7.0432696	0.0	65000	1116.481243133545
26	-48.98	-48.98	-50.0	-7.1716456	12.19873	5.5582457	-57.90294	-7.1714134	0.0	67500	1160.1249732971191
27	-49.24	-49.24	-50.0	-7.182789	12.284187	5.8411293	-59.526203	-7.182685	0.0	70000	1203.2985529899597
28	-49.7	-49.7	-48.6	-7.252684	12.392801	8.283233	-59.352596	-7.2521396	0.0	72500	1246.2954397201538
29	-49.72	-49.72	-48.8	-7.2914	12.4621935	5.8531456	-68.995	-7.2908	0.0	75000	1289.7454943656921
30	-47.82	-47.82	-49.7	-7.3004966	12.528143	6.6292324	-62.723988	-7.300138	0.0	77500	1333.032690525055
31	-49.0	-49.0	-49.6	-7.399938	12.647258	4.404927	-58.631607	-7.3996	0.0	80000	1376.335113286972
32	-48.38	-48.38	-50.0	-7.4331245	12.719683	8.574435	-63.841526	-7.4325323	0.0	82500	1419.9926142692566
33	-48.46	-48.46	-50.0	-7.4723654	12.804484	6.23446	-58.60467	-7.471739	0.0	85000	1463.6799387931824
34	-49.58	-49.58	-46.9	-7.489116	12.808927	6.9627104	-68.489395	-7.4885626	0.1	87500	1507.1609513759613
35	-48.34	-48.34	-49.1	-7.5008607	12.837199	7.974666	-61.74114	-7.500715	0.0	90000	1550.4750616550446
36	-48.04	-48.04	-49.2	-7.509798	12.83315	8.503313	-67.15948	-7.5095696	0.0	92500	1593.5031116008759
37	-48.58	-48.58	-48.9	-7.546454	12.86766	6.79102	-64.53471	-7.545997	0.0	95000	1636.7278854846954
38	-48.46	-48.46	-46.9	-7.547693	12.879993	11.937853	-64.35483	-7.547194	0.0	97500	1680.3770146369934
39	-49.16	-49.16	-48.8	-7.564514	12.899344	10.995359	-63.96779	-7.564296	0.1	100000	1723.5487775802612
40	-48.36	-48.36	-39.600002	-7.5716553	12.917639	5.6304083	-59.90611	-7.571545	0.1	102500	1766.3805484771729
41	-48.0	-48.0	-50.0	-7.607195	12.951063	8.138795	-70.298645	-7.6067057	0.0	105000	1809.623208284378
42	-48.58	-48.58	-50.0	-7.6069956	12.975138	8.80495	-66.701065	-7.6063795	0.0	107500	1852.473828792572
43	-49.58	-49.58	-48.6	-7.605835	13.005633	9.1810665	-60.72443	-7.605391	0.0	110000	1895.1497185230255
44	-49.28	-49.28	-47.4	-7.6259766	13.019953	7.4437346	-68.92597	-7.625882	0.1	112500	1937.1801316738129
45	-48.52	-48.52	-48.9	-7.648721	13.049335	8.342372	-69.831764	-7.6485643	0.1	115000	1980.7577662467957
46	-48.74	-48.74	-48.2	-7.62962	13.082662	10.162079	-69.83663	-7.6294928	0.1	117500	2023.8249127864838
47	-48.12	-48.12	-47.7	-7.711473	13.187191	6.621359	-60.893044	-7.711138	0.1	120000	2066.840178489685
48	-48.06	-48.06	-45.0	-7.676476	13.161682	9.374542	-68.28716	-7.6763806	0.1	122500	2110.1088745594025
49	-49.76	-49.76	-50.0	-7.6937327	13.165714	7.6310916	-64.38999	-7.6933107	0.0	125000	2153.0643134117126
50	-48.16	-48.16	-47.8	-7.690596	13.177772	10.534597	-63.84817	-7.6903644	0.0	127500	2196.090186357498
51	-47.54	-47.54	-48.4	-7.619425	13.100222	7.941015	-80.48379	-7.6191263	0.0	130000	2239.3371036052704
52	-48.84	-48.84	-45.3	-7.611878	13.085695	9.079525	-70.04581	-7.6119347	0.1	132500	2283.051632165909
53	-48.24	-48.24	-47.9	-7.639078	13.1109	8.189759	-67.74863	-7.63861	0.1	135000	2325.830508708954
54	-48.56	-48.56	-47.8	-7.5911803	13.074043	8.183721	-63.359432	-7.5910945	0.1	137500	2369.231347799301
55	-48.24	-48.24	-42.600002	-7.612194	13.096506	13.061345	-72.525276	-7.612125	0.1	140000	2412.2294285297394
56	-49.5	-49.5	-47.0	-7.5772934	13.058576	10.155864	-62.75536	-7.577275	0.1	142500	2455.8123981952667
57	-49.92	-49.92	-49.3	-7.637538	13.134148	11.204082	-59.24943	-7.637255	0.0	145000	2500.2371954917908
58	-48.7	-48.7	-49.7	-7.6822286	13.170616	6.1843095	-66.11404	-7.682087	0.0	147500	2543.4914705753326
59	-49.2	-49.2	-47.0	-7.7009797	13.182837	7.2465405	-59.133984	-7.700497	0.0	150000	2587.1877369880676
60	-49.04	-49.04	-47.9	-7.714024	13.204727	10.021728	-91.37206	-7.7140427	0.0	152500	2630.9266526699066
61	-47.98	-47.98	-50.0	-7.735864	13.238748	7.4785433	-58.075756	-7.735973	0.0	155000	2674.4170718193054
62	-47.48	-47.48	-45.2	-7.725401	13.24272	9.754086	-66.0459	-7.725133	0.1	157500	2718.1107754707336
63	-49.8	-49.8	-48.7	-7.713865	13.250385	12.361052	-73.684975	-7.713886	0.0	160000	2762.0789325237274
64	-48.18	-48.18	-44.0	-7.7352023	13.253074	10.772801	-66.025406	-7.7349443	0.2	162500	2805.0485560894012
65	-49.22	-49.22	-41.2	-7.7219534	13.244829	8.080524	-62.57612	-7.7218266	0.2	165000	2848.3270132541656
66	-47.72	-47.72	-46.9	-7.7340183	13.25671	6.78896	-66.36995	-7.734103	0.0	167500	2891.93062376976
67	-49.0	-49.0	-46.9	-7.7803617	13.294515	6.0463347	-69.91589	-7.779765	0.0	170000	2934.8634474277496
68	-49.38	-49.38	-47.5	-7.7494683	13.305159	14.67485	-76.14082	-7.749311	0.0	172500	2978.1180868148804
69	-48.72	-48.72	-46.2	-7.767748	13.327779	7.4154253	-69.306305	-7.767505	0.0	175000	3021.6020777225494
70	-48.94	-48.94	-43.899998	-7.810549	13.371493	11.807492	-68.23815	-7.8104305	0.1	177500	3065.4047598838806
71	-49.4	-49.4	-45.0	-7.8176923	13.386404	11.612695	-73.20881	-7.817607	0.1	180000	3108.714423418045
72	-47.74	-47.74	-45.3	-7.783947	13.361721	6.9088454	-68.320786	-7.783785	0.1	182500	3152.3195235729218
73	-47.4	-47.4	-49.6	-7.8055825	13.391507	8.826074	-66.8281	-7.805564	0.0	185000	3193.3274536132812
74	-48.2	-48.2	-47.3	-7.8012714	13.394293	14.744692	-65.069305	-7.8009725	0.1	187500	3235.3982589244843
75	-48.48	-48.48	-47.6	-7.8263917	13.413363	14.738561	-65.39788	-7.826192	0.1	190000	3275.7957577705383
76	-49.2	-49.2	-47.7	-7.7989473	13.398465	9.48322	-59.822624	-7.798954	0.1	192500	3319.728503227234
77	-48.52	-48.52	-46.3	-7.822859	13.417435	10.29243	-65.13339	-7.8229547	0.1	195000	3362.730143547058
78	-49.12	-49.12	-48.3	-7.841254	13.444682	6.985956	-73.4006	-7.841252	0.0	197500	3406.1992785930634
79	-48.28	-48.28	-47.6	-7.863031	13.460039	8.522727	-61.331104	-7.8629346	0.1	200000	3450.506763935089
80	-48.0	-48.0	-49.6	-7.8842196	13.476746	8.583997	-61.95727	-7.884143	0.0	202500	3493.996793270111
81	-49.2	-49.2	-50.0	-7.8861876	13.500832	9.91119	-70.012344	-7.886082	0.0	205000	3537.319437980652
82	-49.38	-49.38	-48.9	-7.883929	13.502291	12.071608	-72.53236	-7.8837566	0.0	207500	3581.031938314438
83	-49.3	-49.3	-48.8	-7.872285	13.468558	13.075772	-62.677906	-7.872207	0.0	210000	3624.8252029418945
84	-48.48	-48.48	-47.3	-7.9141965	13.489503	8.827936	-61.339016	-7.913894	0.0	212500	3668.3885300159454
85	-49.62	-49.62	-49.4	-7.9411035	13.524401	17.996767	-63.97123	-7.9413214	0.0	215000	3711.2675154209137
86	-48.3	-48.3	-48.6	-7.9827437	13.573676	7.1556506	-66.53612	-7.9825616	0.1	217500	3754.6242089271545
87	-49.64	-49.64	-45.100002	-7.931922	13.5258	10.872258	-65.496	-7.9320703	0.1	220000	3797.445157289505
88	-48.54	-48.54	-44.600002	-7.9630866	13.53538	9.888236	-64.34048	-7.9627523	0.2	222500	3840.3201355934143
89	-48.72	-48.72	-46.2	-7.9737434	13.548928	9.652838	-64.31797	-7.973677	0.1	225000	3883.290147304535
90	-48.06	-48.06	-46.2	-7.967661	13.537377	7.327024	-66.160446	-7.967784	0.1	227500	3926.1731073856354
91	-48.02	-48.02	-49.6	-7.9699035	13.549956	7.893418	-68.234985	-7.970028	0.0	230000	3969.5127096176147
92	-48.7	-48.7	-48.0	-8.0297365	13.615129	6.3691688	-60.685192	-8.02939	0.2	232500	4013.0613379478455
93	-49.16	-49.16	-38.8	-8.025343	13.61272	8.445686	-66.30155	-8.024889	0.3	235000	4056.8086767196655
94	-47.54	-47.54	-50.0	-8.007595	13.591493	7.0518613	-66.11958	-8.007463	0.0	237500	4099.83574795723
95	-46.7	-46.7	-49.1	-8.017403	13.58863	8.604899	-71.07208	-8.0172	0.0	240000	4143.3370525836945
96	-49.08	-49.08	-50.0	-8.001539	13.589082	5.1364083	-65.61413	-8.001537	0.0	242500	4186.637645483017
97	-49.52	-49.52	-49.3	-8.001126	13.601904	7.285946	-66.543	-8.001285	0.0	245000	4230.458169221878
98	-48.74	-48.74	-45.100002	-8.012266	13.602722	11.318993	-72.632706	-8.012212	0.1	247500	4273.942347288132
99	-48.52	-48.52	-47.5	-8.032971	13.6182	7.687958	-65.35158	-8.03239	0.1	250000	4317.446158885956
100	-48.88	-48.88	-47.0	-8.050525	13.623139	26.428059	-64.170815	-8.050305	0.1	252500	4361.213268280029
101	-48.54	-48.54	-45.7	-8.055136	13.646226	23.70499	-67.52824	-8.054913	0.2	255000	4405.067043304443
102	-46.36	-46.36	-49.4	-8.038082	13.631276	8.456682	-66.054085	-8.037509	0.0	257500	4448.890146493912
103	-48.36	-48.36	-47.6	-8.03155	13.633103	34.123405	-67.5345	-8.031542	0.1	260000	4492.051820516586
104	-48.06	-48.06	-45.600002	-8.032333	13.657865	18.64766	-82.35002	-8.032147	0.2	262500	4535.434916973114
105	-48.62	-48.62	-42.100002	-8.080599	13.701427	19.78144	-78.49037	-8.0806	0.1	265000	4578.4697523117065
106	-48.62	-48.62	-46.6	-8.078597	13.706027	11.4539995	-73.41466	-8.07889	0.1	267500	4621.6613392829895
107	-48.56	-48.56	-49.8	-8.018238	13.680009	13.554533	-74.75355	-8.017971	0.0	270000	4665.613265275955
108	-46.44	-46.44	-48.3	-8.080902	13.70776	11.164029	-68.791336	-8.0811615	0.1	272500	4709.18271446228
109	-48.32	-48.32	-48.2	-8.064833	13.708953	7.0631733	-66.859215	-8.064379	0.1	275000	4751.443096399307
110	-46.8	-46.8	-43.899998	-8.167178	13.783161	23.69551	-75.80131	-8.166983	0.2	277500	4794.934506416321
111	-48.7	-48.7	-46.8	-8.103441	13.7324	18.617317	-71.8973	-8.103307	0.1	280000	4837.644851207733
112	-48.8	-48.8	-47.5	-8.068488	13.697811	18.7735	-64.88972	-8.06817	0.1	282500	4881.644478559494
113	-46.52	-46.52	-48.2	-8.0783615	13.675838	15.2077055	-72.47213	-8.078287	0.1	285000	4925.636337995529
114	-48.34	-48.34	-44.8	-8.079004	13.667994	14.800918	-74.00382	-8.079077	0.2	287500	4969.470850467682
115	-48.94	-48.94	-42.8	-8.056318	13.657086	15.971366	-69.37524	-8.056398	0.3	290000	5013.152262210846
116	-47.8	-47.8	-47.3	-8.122661	13.699612	13.931018	-66.27158	-8.122619	0.0	292500	5056.792819023132
117	-48.86	-48.86	-42.0	-8.106952	13.692818	12.658188	-72.35368	-8.106845	0.3	295000	5099.602418661118
118	-47.34	-47.34	-46.3	-8.094472	13.660262	11.859538	-71.951454	-8.094556	0.1	297500	5143.243146896362
119	-46.78	-46.78	-45.7	-8.056393	13.644075	13.744035	-73.12538	-8.056719	0.2	300000	5186.961151838303
120	-48.66	-48.66	-42.5	-8.058485	13.6481	14.1902685	-59.88964	-8.058656	0.2	302500	5230.034510135651
121	-47.44	-47.44	-43.7	-8.063709	13.647137	8.523288	-77.73353	-8.064144	0.2	305000	5273.57953286171
122	-48.18	-48.18	-46.9	-8.053249	13.631989	10.297062	-90.81244	-8.05361	0.2	307500	5317.1589686870575
123	-47.0	-47.0	-50.0	-8.089689	13.675399	13.964636	-65.13134	-8.089677	0.0	310000	5361.447274923325
124	-47.86	-47.86	-45.899998	-8.094941	13.687997	9.343222	-63.844597	-8.094958	0.2	312500	5405.2612891197205
125	-46.66	-46.66	-43.899998	-8.096692	13.689853	10.852866	-76.00388	-8.097324	0.2	315000	5448.858954668045
126	-47.92	-47.92	-44.5	-8.077662	13.680644	8.701135	-64.58241	-8.077819	0.1	317500	5492.623697757721
127	-47.46	-47.46	-32.2	-8.108105	13.7031355	13.748395	-68.1471	-8.108238	0.7	320000	5536.556966304779
128	-47.62	-47.62	-43.399998	-8.065196	13.676441	10.588707	-67.55908	-8.065621	0.2	322500	5580.537851810455
129	-46.84	-46.84	-41.899998	-8.084487	13.685488	14.11113	-73.204506	-8.084774	0.1	325000	5624.172022342682
130	-48.86	-48.86	-47.3	-8.07347	13.666022	9.033156	-72.02272	-8.073857	0.1	327500	5667.848800897598
131	-47.5	-47.5	-46.399998	-8.052448	13.66453	12.2839	-67.07046	-8.052173	0.1	330000	5712.150072336197
132	-48.38	-48.38	-45.8	-8.100049	13.692422	10.393969	-65.20102	-8.100167	0.1	332500	5755.819314241409
133	-48.28	-48.28	-48.5	-8.088052	13.668878	9.9423685	-65.55206	-8.088269	0.1	335000	5798.708087921143
134	-48.26	-48.26	-41.7	-8.0657625	13.658841	11.587274	-63.586372	-8.06594	0.1	337500	5841.874601125717
135	-48.08	-48.08	-42.7	-8.099937	13.690727	9.395733	-62.97908	-8.100199	0.3	340000	5885.478359460831
136	-46.84	-46.84	-37.399998	-8.038232	13.622713	8.666395	-77.13075	-8.038459	0.1	342500	5928.485717535019
137	-47.14	-47.14	-43.600002	-8.041052	13.6002	14.661638	-81.08453	-8.040891	0.2	345000	5971.8505346775055
138	-47.62	-47.62	-46.7	-8.015485	13.5629	9.102713	-73.75046	-8.015726	0.3	347500	6013.65828371048
139	-46.74	-46.74	-48.0	-8.020347	13.550414	8.932879	-66.127525	-8.020233	0.2	350000	6057.333195924759
140	-48.72	-48.72	-45.7	-8.025624	13.550972	9.578479	-64.10861	-8.025471	0.2	352500	6100.400766372681
141	-48.36	-48.36	-47.5	-7.978382	13.52816	16.273651	-67.18866	-7.9783154	0.1	355000	6143.456439971924
142	-47.2	-47.2	-43.0	-8.044384	13.569642	11.177107	-66.25343	-8.044001	0.3	357500	6186.382879257202
143	-46.52	-46.52	-50.0	-7.956186	13.496704	8.955963	-80.29031	-7.9562955	0.0	360000	6230.267879724503
144	-46.5	-46.5	-42.3	-7.98839	13.508145	8.986993	-73.17671	-7.988585	0.3	362500	6273.505980730057
145	-48.08	-48.08	-50.0	-7.9786296	13.505538	12.330832	-71.94406	-7.9780602	0.0	365000	6316.262221336365
146	-48.02	-48.02	-46.0	-7.9663143	13.489922	11.584778	-64.45253	-7.966617	0.1	367500	6360.109003305435
147	-47.92	-47.92	-46.6	-7.9558883	13.469454	14.567419	-62.127518	-7.9558544	0.1	370000	6403.030090808868
148	-48.26	-48.26	-47.2	-7.966998	13.457119	16.72304	-72.31013	-7.9667897	0.1	372500	6446.443409204483
149	-47.8	-47.8	-40.7	-7.925639	13.42592	6.4206634	-71.473656	-7.9257956	0.2	375000	6489.408759593964
150	-47.12	-47.12	-44.8	-7.886233	13.405499	12.457646	-69.31202	-7.8859854	0.2	377500	6532.2739543914795
151	-47.22	-47.22	-48.6	-7.9594193	13.456493	13.094205	-68.30826	-7.9600034	0.0	380000	6575.92107129097
152	-43.88	-43.88	-46.3	-7.9482207	13.47988	12.76252	-65.33315	-7.948589	0.1	382500	6619.66054391861
153	-48.24	-48.24	-39.5	-7.913068	13.45697	19.163826	-74.646675	-7.913012	0.3	385000	6663.013264417648
154	-47.72	-47.72	-47.1	-7.9360776	13.470067	10.318448	-72.73971	-7.9365	0.1	387500	6706.343679666519
155	-46.78	-46.78	-39.8	-7.976759	13.521842	8.93326	-61.454918	-7.9767065	0.3	390000	6749.810609102249
156	-48.24	-48.24	-42.600002	-7.9269567	13.481598	9.927814	-67.73976	-7.927061	0.3	392500	6794.213123083115
157	-47.3	-47.3	-44.0	-7.930884	13.472588	12.91846	-68.47733	-7.930995	0.2	395000	6838.114672422409
158	-48.06	-48.06	-49.0	-7.901731	13.46219	16.053928	-76.39255	-7.901675	0.1	397500	6880.433502197266
159	-47.4	-47.4	-41.899998	-7.928971	13.472166	15.6141205	-72.557045	-7.9289293	0.2	400000	6924.634883642197
160	-47.82	-47.82	-43.100002	-7.9044056	13.438895	13.222023	-69.43668	-7.904536	0.3	402500	6968.8361649513245
161	-47.1	-47.1	-48.2	-7.929588	13.476304	8.193428	-68.59832	-7.9293685	0.0	405000	7012.574017047882
162	-46.82	-46.82	-46.9	-7.918879	13.475336	17.503586	-64.69052	-7.9192467	0.2	407500	7054.506660223007
163	-49.1	-49.1	-46.9	-7.913795	13.48883	8.842044	-66.06475	-7.913867	0.1	410000	7096.789430618286
164	-48.92	-48.92	-44.2	-7.879958	13.45437	6.0774994	-66.963684	-7.880149	0.4	412500	7141.0803463459015
165	-47.0	-47.0	-45.7	-7.9160147	13.469363	8.570615	-71.43581	-7.9159064	0.2	415000	7184.028603315353
166	-48.08	-48.08	-46.100002	-7.8730316	13.426127	11.414241	-65.09299	-7.873265	0.2	417500	7228.179552078247
167	-47.34	-47.34	-48.4	-7.877882	13.447812	9.745839	-66.81362	-7.8779893	0.1	420000	7272.119807481766
168	-47.4	-47.4	-48.1	-7.8557854	13.428312	9.661799	-69.24687	-7.8558025	0.0	422500	7315.69296336174
169	-47.22	-47.22	-41.899998	-7.8723083	13.425955	10.226144	-77.15497	-7.872336	0.2	425000	7358.951246023178
170	-47.46	-47.46	-49.0	-7.854721	13.412496	11.137751	-79.9133	-7.8548355	0.1	427500	7402.686414718628
171	-47.22	-47.22	-44.399998	-7.8577137	13.392277	8.870802	-74.69835	-7.857713	0.2	430000	7445.44939160347
172	-45.02	-45.02	-41.600002	-7.851392	13.382852	11.471749	-73.55041	-7.851772	0.1	432500	7488.45996761322
173	-46.8	-46.8	-41.399998	-7.817629	13.320151	12.518945	-68.95176	-7.817996	0.2	435000	7532.037157058716
174	-46.98	-46.98	-49.5	-7.8243737	13.332337	9.735247	-63.3186	-7.824527	0.0	437500	7575.596591949463
175	-47.54	-47.54	-46.8	-7.797248	13.303185	13.855579	-73.12115	-7.7977	0.0	440000	7618.958545684814
176	-47.74	-47.74	-49.0	-7.7670236	13.270723	19.930368	-79.03153	-7.76719	0.1	442500	7662.528461456299
177	-47.26	-47.26	-40.899998	-7.7529283	13.274047	9.272034	-76.501656	-7.7531366	0.3	445000	7706.439215183258
178	-47.58	-47.58	-41.8	-7.7590537	13.280952	18.385035	-63.086	-7.759533	0.3	447500	7750.065264463425
179	-43.86	-43.86	-47.8	-7.7649016	13.2689495	6.4801574	-70.16687	-7.7647076	0.0	450000	7793.744854927063
180	-47.78	-47.78	-44.100002	-7.7514133	13.270311	6.57664	-70.8711	-7.7516155	0.2	452500	7837.40059876442
181	-46.5	-46.5	-37.899998	-7.7922616	13.314369	11.963999	-65.256615	-7.791998	0.4	455000	7881.060413837433
182	-48.86	-48.86	-42.399998	-7.7675734	13.297602	11.699251	-65.47144	-7.767531	0.3	457500	7924.502824783325
183	-48.76	-48.76	-42.8	-7.766462	13.2972765	10.202725	-61.29258	-7.7664776	0.1	460000	7968.048035144806
184	-47.12	-47.12	-35.600002	-7.774588	13.307061	9.974069	-62.989098	-7.775226	0.2	462500	8011.317461490631
185	-47.82	-47.82	-43.2	-7.774702	13.307524	7.563436	-73.63124	-7.7746773	0.2	465000	8055.02232170105
186	-45.24	-45.24	-47.8	-7.721019	13.254563	7.2428513	-61.9353	-7.720556	0.1	467500	8098.990610599518
187	-48.2	-48.2	-38.7	-7.729012	13.23651	13.580615	-72.46595	-7.729364	0.3	470000	8142.658266782761
188	-45.58	-45.58	-43.7	-7.681506	13.190603	15.842147	-64.91599	-7.681489	0.2	472500	8186.396325349808
189	-48.26	-48.26	-42.600002	-7.6662793	13.162891	9.775576	-68.38983	-7.666188	0.1	475000	8230.265708684921
190	-48.2	-48.2	-46.6	-7.696437	13.208461	13.3574705	-71.702576	-7.6965213	0.1	477500	8274.444218158722
191	-47.38	-47.38	-39.7	-7.6907873	13.201349	9.221161	-66.85451	-7.690506	0.3	480000	8317.999857664108
192	-47.3	-47.3	-44.399998	-7.6374173	13.1564	11.023835	-66.4764	-7.6373386	0.2	482500	8361.152074098587
193	-46.9	-46.9	-36.600002	-7.704557	13.216626	11.450355	-66.11006	-7.704358	0.3	485000	8404.134930849075
194	-47.42	-47.42	-42.3	-7.675429	13.169592	14.379821	-74.759346	-7.6753736	0.1	487500	8447.842056512833
195	-47.48	-47.48	-45.8	-7.633293	13.112329	9.390487	-74.22708	-7.6330314	0.1	490000	8491.03230381012
196	-46.66	-46.66	-45.3	-7.6453032	13.151536	7.1253114	-68.14537	-7.6455793	0.0	492500	8533.83511042595
197	-47.5	-47.5	-44.2	-7.6267095	13.122537	8.002798	-66.70229	-7.6268234	0.1	495000	8577.420344114304
198	-48.58	-48.58	-50.0	-7.5803223	13.06941	7.2020297	-61.311367	-7.580534	0.0	497500	8620.510016441345
199	-46.96	-46.96	-49.4	-7.568724	13.045285	6.8510156	-60.7068	-7.568348	0.0	500000	8663.319785833359
200	-45.88	-45.88	-50.0	-7.590682	13.060921	12.211734	-61.95155	-7.590873	0.0	502500	8707.093823432922
201	-47.88	-47.88	-50.0	-7.628352	13.085334	7.7937036	-61.264942	-7.6280904	0.0	505000	8750.995953559875
202	-47.22	-47.22	-48.7	-7.5993066	13.063101	5.7478547	-65.09869	-7.599337	0.0	507500	8794.828068256378
203	-47.42	-47.42	-48.4	-7.5501575	12.992121	5.9298973	-65.1331	-7.5503864	0.1	510000	8838.592358827591
204	-46.56	-46.56	-40.8	-7.587474	13.014525	9.101336	-66.87423	-7.587537	0.2	512500	8882.684582233429
205	-49.04	-49.04	-48.9	-7.5478897	13.013642	8.6152725	-67.56438	-7.547942	0.0	515000	8926.660197734833
206	-49.66	-49.66	-39.100002	-7.5670376	13.026116	7.020219	-60.689125	-7.56687	0.2	517500	8970.282615184784
207	-46.84	-46.84	-40.600002	-7.602238	13.053042	5.9599466	-61.408543	-7.602185	0.1	520000	9014.344369649887
208	-47.24	-47.24	-42.2	-7.579479	13.038099	8.597767	-76.02558	-7.579173	0.1	522500	9057.88884472847
209	-47.06	-47.06	-45.3	-7.5981183	13.079726	7.881488	-66.62105	-7.5981092	0.3	525000	9101.89270234108
210	-48.0	-48.0	-47.1	-7.597822	13.061714	9.952128	-80.50435	-7.598089	0.1	527500	9146.166465044022
211	-48.14	-48.14	-47.2	-7.6174746	13.0773325	6.3913236	-73.24825	-7.617634	0.2	530000	9190.64750957489
212	-48.24	-48.24	-37.600002	-7.633283	13.134093	7.1316085	-77.82016	-7.6327333	0.5	532500	9234.541035413742
213	-45.12	-45.12	-45.100002	-7.5994296	13.09739	12.442087	-80.81341	-7.599434	0.1	535000	9278.553658485413
214	-47.62	-47.62	-41.899998	-7.620008	13.110121	6.879002	-65.051704	-7.6199656	0.4	537500	9321.570645570755
215	-45.12	-45.12	-45.8	-7.618502	13.105074	6.7115226	-70.2148	-7.6181235	0.2	540000	9364.974672079086
216	-47.32	-47.32	-37.8	-7.6206303	13.098226	9.762429	-63.45832	-7.6204104	0.3	542500	9408.355707645416
217	-47.72	-47.72	-46.9	-7.592539	13.054325	8.590919	-66.62149	-7.5924087	0.1	545000	9450.471426486969
218	-48.38	-48.38	-43.5	-7.5647645	13.054661	7.615354	-64.21124	-7.564805	0.2	547500	9493.697047710419
219	-48.48	-48.48	-49.4	-7.5612397	13.039144	4.612832	-63.035454	-7.561194	0.0	550000	9536.470711231232
220	-47.94	-47.94	-43.7	-7.6055183	13.082627	12.097006	-68.39817	-7.605489	0.2	552500	9578.650931596756
221	-49.28	-49.28	-47.3	-7.5835366	13.060921	9.259958	-61.184982	-7.583584	0.1	555000	9621.688558340073
222	-48.54	-48.54	-39.5	-7.5666304	13.064663	8.256561	-61.048325	-7.56661	0.3	557500	9665.235502958298
223	-47.34	-47.34	-44.899998	-7.5625443	13.045004	11.902778	-62.118206	-7.562302	0.2	560000	9709.582547426224
224	-49.44	-49.44	-40.7	-7.5509634	13.025103	5.6073956	-59.61779	-7.5509367	0.3	562500	9753.229243516922
225	-46.48	-46.48	-49.4	-7.5570407	13.022368	13.965764	-65.67653	-7.556938	0.0	565000	9797.322220087051
226	-47.26	-47.26	-44.899998	-7.5261793	12.9914	10.955858	-64.22971	-7.526367	0.2	567500	9840.913939476013
227	-48.24	-48.24	-46.5	-7.570688	13.0062475	13.064792	-62.887768	-7.5705914	0.2	570000	9882.41043996811
228	-49.54	-49.54	-46.0	-7.5367618	13.004383	7.711852	-79.48278	-7.5366554	0.2	572500	9925.864570379257
229	-48.0	-48.0	-46.2	-7.5381694	12.984563	8.302722	-64.106026	-7.5382004	0.3	575000	9969.097604751587
230	-48.82	-48.82	-41.100002	-7.559062	13.014057	13.729027	-80.01827	-7.5589805	0.3	577500	10012.37302684784
231	-47.64	-47.64	-44.100002	-7.5487866	13.00251	6.8633103	-72.28693	-7.5486803	0.1	580000	10055.387773752213
232	-48.44	-48.44	-33.8	-7.5650434	13.008162	7.0643163	-64.10014	-7.56472	0.5	582500	10098.734678030014
233	-46.28	-46.28	-49.6	-7.556595	12.99157	23.19351	-62.854183	-7.556642	0.1	585000	10142.26335310936
234	-47.42	-47.42	-43.3	-7.5317607	12.952998	12.9009495	-62.849644	-7.5316806	0.1	587500	10185.28390288353
235	-45.62	-45.62	-46.3	-7.5312004	12.962641	10.79016	-62.649677	-7.5313215	0.0	590000	10228.495720386505
236	-47.32	-47.32	-43.5	-7.538264	12.979472	6.659735	-61.44575	-7.5381727	0.0	592500	10272.278819084167
237	-48.76	-48.76	-46.8	-7.5403776	12.998855	13.956643	-75.87364	-7.5404205	0.0	595000	10315.769572257996
238	-47.92	-47.92	-41.3	-7.532591	12.979147	10.472727	-64.54865	-7.532735	0.2	597500	10357.783385276794
239	-47.96	-47.96	-46.100002	-7.519752	12.949225	12.327387	-61.841835	-7.5197515	0.2	600000	10401.236441373825
240	-47.92	-47.92	-46.9	-7.5152802	12.94027	13.373189	-66.78002	-7.515092	0.0	602500	10444.768194437027
241	-47.68	-47.68	-39.600002	-7.48417	12.903314	11.2720995	-71.455215	-7.484296	0.4	605000	10487.660548210144
242	-47.9	-47.9	-42.8	-7.4986286	12.918472	7.534615	-66.593666	-7.498377	0.3	607500	10531.419056653976
243	-47.0	-47.0	-40.7	-7.498287	12.911685	9.505508	-62.369003	-7.4978747	0.4	610000	10575.497414827347
244	-47.54	-47.54	-46.6	-7.510166	12.906907	5.576998	-64.64399	-7.5102487	0.2	612500	10619.151498556137
245	-48.36	-48.36	-47.1	-7.463276	12.864616	11.042515	-71.58875	-7.4632225	0.1	615000	10663.62784409523
246	-47.52	-47.52	-42.399998	-7.494165	12.885694	6.2374287	-70.19154	-7.4940066	0.2	617500	10707.282710313797
247	-46.18	-46.18	-46.7	-7.4436445	12.814862	15.664806	-62.077553	-7.4436855	0.1	620000	10751.646782636642
248	-49.22	-49.22	-46.6	-7.4146366	12.756953	7.6810164	-74.88459	-7.4146194	0.1	622500	10795.083323478699
249	-48.16	-48.16	-45.5	-7.38714	12.740302	7.373262	-102.74456	-7.3864293	0.2	625000	10839.040842294693
250	-46.52	-46.52	-43.399998	-7.4131465	12.760114	11.531255	-75.87715	-7.413026	0.3	627500	10883.374707221985
251	-47.82	-47.82	-42.399998	-7.4019885	12.7316	6.867546	-77.11783	-7.402103	0.3	630000	10927.369038105011
252	-46.24	-46.24	-42.899998	-7.4031205	12.741911	10.223494	-63.49881	-7.403113	0.2	632500	10970.941089868546
253	-48.38	-48.38	-42.3	-7.355485	12.689068	8.143769	-62.706135	-7.355266	0.3	635000	11014.702205181122
254	-47.24	-47.24	-42.100002	-7.3662257	12.692259	9.835137	-72.047935	-7.366169	0.1	637500	11058.1476521492
255	-46.34	-46.34	-44.5	-7.36078	12.678223	7.79107	-62.06644	-7.360444	0.3	640000	11102.324375152588
256	-45.36	-45.36	-44.5	-7.325074	12.652686	11.644299	-62.144234	-7.324898	0.2	642500	11146.273532867432
257	-45.42	-45.42	-44.2	-7.34443	12.66497	8.259202	-61.55574	-7.344309	0.3	645000	11189.846965551376
258	-47.78	-47.78	-47.0	-7.3453503	12.660065	12.254838	-66.72364	-7.3453364	0.1	647500	11233.683057546616
259	-47.88	-47.88	-36.7	-7.35946	12.659899	8.46402	-64.78102	-7.3589883	0.5	650000	11277.349286556244
260	-47.42	-47.42	-42.8	-7.3228936	12.630909	9.956793	-61.49028	-7.3227887	0.2	652500	11320.05790066719
261	-45.36	-45.36	-47.1	-7.3279266	12.645167	6.621235	-66.45396	-7.327536	0.1	655000	11362.828405857086
262	-46.0	-46.0	-38.7	-7.3633456	12.662954	5.8362503	-81.06854	-7.3627644	0.3	657500	11405.738826751709
263	-48.1	-48.1	-42.3	-7.358189	12.646574	9.389536	-64.35901	-7.357884	0.1	660000	11447.665381669998
264	-46.66	-46.66	-38.899998	-7.3312616	12.622194	15.698898	-76.879974	-7.3312497	0.5	662500	11490.919226884842
265	-47.78	-47.78	-44.399998	-7.3285704	12.612606	10.024587	-62.508762	-7.3285017	0.2	665000	11534.500132799149
266	-48.54	-48.54	-40.399998	-7.3191304	12.606025	7.8318996	-63.08323	-7.3188715	0.4	667500	11578.372754335403
267	-47.72	-47.72	-39.3	-7.3143635	12.607446	9.518927	-70.37235	-7.3142047	0.3	670000	11622.997025966644
268	-46.16	-46.16	-42.100002	-7.305153	12.611067	5.4177494	-69.504265	-7.304818	0.1	672500	11666.781564950943
269	-47.84	-47.84	-43.3	-7.3075356	12.606697	9.743022	-73.59689	-7.307203	0.3	675000	11709.500008821487
270	-47.72	-47.72	-39.399998	-7.3469563	12.6109495	7.3457656	-68.77229	-7.3468084	0.3	677500	11753.594460725784
271	-45.48	-45.48	-46.399998	-7.333581	12.607876	8.577694	-67.57381	-7.3332915	0.1	680000	11798.095831871033
272	-47.08	-47.08	-38.2	-7.2669053	12.546372	6.7570148	-62.810196	-7.2668333	0.3	682500	11842.258321285248
273	-49.14	-49.14	-50.0	-7.294504	12.5671425	9.251006	-64.41167	-7.2946415	0.0	685000	11886.251413345337
274	-48.58	-48.58	-44.3	-7.2847805	12.538482	13.119248	-70.41452	-7.284602	0.2	687500	11929.847912788391
275	-48.56	-48.56	-43.0	-7.288785	12.546126	5.0680084	-63.499374	-7.2889543	0.3	690000	11973.719907045364
276	-47.62	-47.62	-49.0	-7.296078	12.553073	7.4164953	-80.74241	-7.2960606	0.0	692500	12018.313854694366
277	-46.76	-46.76	-41.8	-7.2996798	12.558677	13.398145	-72.61059	-7.2997394	0.3	695000	12061.219457864761
278	-47.64	-47.64	-41.899998	-7.2836924	12.551723	10.222456	-75.42961	-7.2833285	0.4	697500	12104.824843645096
279	-48.98	-48.98	-39.899998	-7.3035927	12.550801	6.5289655	-60.94398	-7.3039255	0.3	700000	12145.284254789352
280	-48.46	-48.46	-46.8	-7.263787	12.4937935	6.1522565	-78.62304	-7.2637744	0.1	702500	12188.09421133995
281	-46.5	-46.5	-47.9	-7.268269	12.480406	6.650405	-76.852715	-7.26802	0.2	705000	12231.609257221222
282	-46.64	-46.64	-37.5	-7.236311	12.45957	6.6485806	-58.251102	-7.236202	0.3	707500	12274.582918643951
283	-47.36	-47.36	-33.2	-7.278336	12.492601	6.561883	-66.49494	-7.2782855	0.6	710000	12318.173826694489
284	-47.54	-47.54	-37.7	-7.2523947	12.476931	9.85293	-79.37051	-7.2523375	0.3	712500	12361.6630692482
285	-46.44	-46.44	-39.100002	-7.2641344	12.47808	6.330537	-67.689186	-7.263826	0.3	715000	12406.100962162018
286	-48.12	-48.12	-45.5	-7.291769	12.496251	5.25016	-64.43158	-7.291437	0.2	717500	12450.405465841293
287	-47.76	-47.76	-43.600002	-7.334734	12.53853	8.441988	-63.293858	-7.3343134	0.2	720000	12494.747005701065
288	-44.84	-44.84	-48.8	-7.293229	12.5185175	10.622311	-64.08041	-7.293176	0.0	722500	12539.408961057663
289	-46.54	-46.54	-42.7	-7.2812233	12.52244	11.150028	-61.793213	-7.2811494	0.3	725000	12583.873843193054
290	-46.44	-46.44	-42.8	-7.2721434	12.510303	7.8892345	-64.695816	-7.2724495	0.2	727500	12628.18245792389
291	-47.56	-47.56	-35.399998	-7.301715	12.534115	9.8273735	-63.912964	-7.3014727	0.5	730000	12671.886444807053
292	-47.64	-47.64	-44.7	-7.283408	12.5191	8.5846815	-79.15441	-7.283289	0.2	732500	12716.14070892334
293	-47.12	-47.12	-45.3	-7.3135405	12.54157	6.6274033	-66.68944	-7.313637	0.2	735000	12758.339410066605
294	-46.72	-46.72	-45.8	-7.3068857	12.526793	13.510478	-63.949173	-7.306751	0.2	737500	12802.800750017166
295	-47.6	-47.6	-42.2	-7.281855	12.510828	7.8232617	-64.52931	-7.2820067	0.4	740000	12846.837450504303
296	-47.08	-47.08	-47.8	-7.3208303	12.559381	5.5014997	-66.36945	-7.320631	0.0	742500	12890.682945251465
297	-48.32	-48.32	-48.6	-7.3373337	12.586534	10.187752	-72.30279	-7.3372574	0.0	745000	12934.434527397156
298	-46.56	-46.56	-45.3	-7.313923	12.577586	6.1733637	-68.38361	-7.3139105	0.1	747500	12978.08293914795
299	-48.82	-48.82	-36.0	-7.3972964	12.668414	5.9407864	-66.44209	-7.3969803	0.4	750000	13022.588680505753
300	-47.68	-47.68	-42.5	-7.389041	12.663408	5.6274333	-71.29944	-7.3888836	0.2	752500	13066.233696937561
301	-45.64	-45.64	-40.3	-7.385706	12.680901	15.05291	-78.229256	-7.385737	0.3	755000	13109.396293878555
302	-46.56	-46.56	-40.5	-7.4025	12.684992	7.86647	-66.692924	-7.402311	0.2	757500	13152.70385146141
303	-44.9	-44.9	-43.600002	-7.392131	12.68255	6.448076	-86.47552	-7.3917084	0.2	760000	13194.97373175621
304	-47.98	-47.98	-46.0	-7.422644	12.74398	8.142225	-67.93086	-7.4225807	0.0	762500	13237.953872680664
305	-46.98	-46.98	-38.8	-7.4250245	12.745129	7.1389947	-64.54765	-7.42487	0.3	765000	13280.937417030334
306	-48.04	-48.04	-41.3	-7.4245615	12.744721	7.8290796	-72.50168	-7.4245567	0.4	767500	13323.8000664711
307	-47.2	-47.2	-41.899998	-7.453562	12.822007	5.577756	-70.88375	-7.453686	0.3	770000	13367.317383766174
308	-46.58	-46.58	-44.899998	-7.4349203	12.8091755	7.385023	-67.66334	-7.4346585	0.1	772500	13410.856669902802
309	-48.32	-48.32	-50.0	-7.473025	12.852058	11.179539	-66.72457	-7.4729476	0.0	775000	13454.443926811218
310	-47.46	-47.46	-45.899998	-7.4954276	12.887018	8.391396	-74.09297	-7.4955797	0.1	777500	13497.861045598984
311	-43.36	-43.36	-44.3	-7.5083776	12.921428	12.184423	-69.62795	-7.50779	0.2	780000	13542.229208946228
312	-46.24	-46.24	-42.5	-7.4857583	12.891129	16.660461	-77.45741	-7.485588	0.3	782500	13586.289195299149
313	-46.18	-46.18	-41.399998	-7.484274	12.904772	8.8316345	-67.29408	-7.4838963	0.2	785000	13630.291860103607
314	-47.52	-47.52	-44.100002	-7.4800572	12.892384	18.095123	-65.541046	-7.4798136	0.1	787500	13674.242684364319
315	-47.22	-47.22	-47.6	-7.498201	12.91777	10.572125	-64.51934	-7.4978433	0.2	790000	13718.36348772049
316	-46.8	-46.8	-48.4	-7.534686	12.950655	6.6973333	-66.17827	-7.5346804	0.0	792500	13762.35899400711
317	-46.58	-46.58	-36.2	-7.542315	12.951684	17.439081	-68.86931	-7.542116	0.4	795000	13806.652311086655
318	-47.48	-47.48	-43.7	-7.5898166	13.008711	9.332585	-66.794426	-7.589157	0.1	797500	13850.125164985657
319	-47.06	-47.06	-44.0	-7.582199	13.00577	17.082262	-70.16651	-7.581931	0.2	800000	13894.420380592346
320	-48.3	-48.3	-41.5	-7.595596	13.03027	8.950785	-65.931046	-7.595041	0.2	802500	13938.049558639526
321	-46.18	-46.18	-41.600002	-7.571882	13.019675	6.2017307	-65.84823	-7.5715914	0.3	805000	13982.273350477219
322	-45.76	-45.76	-44.3	-7.6219625	13.064703	9.841061	-75.18271	-7.6217203	0.2	807500	14026.581882715225
323	-45.68	-45.68	-36.899998	-7.582861	13.043824	10.008138	-74.3633	-7.582475	0.4	810000	14070.706213235855
324	-45.22	-45.22	-46.9	-7.597166	13.0431	7.7686863	-70.762215	-7.5966115	0.0	812500	14115.516966819763
325	-47.82	-47.82	-44.600002	-7.5893807	13.050239	15.829677	-93.64257	-7.588865	0.2	815000	14159.702481746674
326	-47.08	-47.08	-44.3	-7.5887814	13.049908	11.470323	-76.78722	-7.5885983	0.2	817500	14204.531510829926
327	-48.6	-48.6	-41.7	-7.574891	13.02357	6.433571	-63.9754	-7.5748367	0.2	820000	14247.682250738144
328	-47.5	-47.5	-44.100002	-7.581959	13.009406	9.162232	-71.935455	-7.5819416	0.1	822500	14291.499747276306
329	-46.84	-46.84	-25.1	-7.555162	12.989236	10.986209	-68.42647	-7.555119	0.4	825000	14334.571931123734
330	-46.52	-46.52	-40.5	-7.576903	13.0142565	8.477542	-67.65906	-7.5765367	0.2	827500	14377.665855646133
331	-47.96	-47.96	-42.600002	-7.5649095	12.989538	11.118416	-74.35671	-7.5645146	0.1	830000	14420.996718406677
332	-47.12	-47.12	-37.8	-7.5500884	12.960936	6.3785543	-59.726913	-7.5497665	0.3	832500	14464.719502687454
333	-48.1	-48.1	-43.3	-7.582665	12.969947	9.49531	-65.7945	-7.5824995	0.2	835000	14509.198817253113
334	-47.28	-47.28	-46.2	-7.5082808	12.909819	18.794128	-89.51517	-7.5080385	0.1	837500	14552.894318342209
335	-46.7	-46.7	-40.2	-7.5260553	12.892087	10.842627	-76.156525	-7.525697	0.3	840000	14595.618645191193
336	-48.82	-48.82	-44.399998	-7.4798636	12.835237	5.309561	-81.05249	-7.4796057	0.1	842500	14638.703603029251
337	-48.52	-48.52	-38.0	-7.4967666	12.833179	21.514433	-79.534294	-7.4962153	0.3	845000	14681.254990577698
338	-48.64	-48.64	-46.8	-7.4890413	12.817853	11.522051	-74.897064	-7.48879	0.1	847500	14724.949805498123
339	-45.56	-45.56	-43.100002	-7.531031	12.854661	11.17982	-64.35886	-7.5305824	0.2	850000	14768.19963502884
340	-44.88	-44.88	-41.100002	-7.4779477	12.803904	10.250596	-91.37713	-7.4777684	0.2	852500	14811.854461669922
341	-47.74	-47.74	-47.1	-7.495806	12.810317	8.533838	-80.98197	-7.4956956	0.1	855000	14856.147673845291
342	-47.9	-47.9	-38.7	-7.4809184	12.759701	17.432734	-72.28736	-7.4806113	0.3	857500	14899.979664802551
343	-46.86	-46.86	-47.1	-7.4821754	12.769515	8.980971	-71.32492	-7.4822197	0.1	860000	14943.606185674667
344	-46.72	-46.72	-47.6	-7.493935	12.753378	16.00558	-69.06835	-7.4938927	0.1	862500	14985.95409154892
345	-48.12	-48.12	-44.399998	-7.4911337	12.765414	8.33687	-71.4276	-7.4910965	0.1	865000	15028.720209121704
346	-44.7	-44.7	-43.2	-7.482908	12.757611	17.158552	-73.365005	-7.482748	0.2	867500	15071.441934585571
347	-46.12	-46.12	-44.3	-7.456032	12.720934	9.207363	-86.9693	-7.456012	0.1	870000	15113.87715291977
348	-46.0	-46.0	-44.100002	-7.470995	12.718951	17.27341	-73.203186	-7.471036	0.2	872500	15156.530285358429
349	-45.82	-45.82	-45.100002	-7.472249	12.720112	13.412613	-69.24429	-7.472224	0.0	875000	15198.61872267723
350	-46.54	-46.54	-43.8	-7.4637375	12.693199	9.429224	-65.45326	-7.4635887	0.3	877500	15241.877192735672
351	-47.2	-47.2	-47.6	-7.489824	12.713469	13.129919	-74.21415	-7.4898686	0.1	880000	15283.965558052063
352	-48.02	-48.02	-43.2	-7.490974	12.706367	10.101788	-66.496376	-7.490894	0.3	882500	15326.154581546783
353	-47.44	-47.44	-44.7	-7.458817	12.679489	5.1599116	-68.85567	-7.458627	0.1	885000	15368.174584150314
354	-46.24	-46.24	-44.899998	-7.507896	12.712051	8.41008	-70.8625	-7.507685	0.3	887500	15411.764071941376
355	-45.22	-45.22	-32.5	-7.4628215	12.676647	5.857508	-67.49188	-7.4624586	0.5	890000	15454.475060224533
356	-45.68	-45.68	-38.100002	-7.437969	12.61935	10.760136	-63.34013	-7.4377036	0.3	892500	15497.684451341629
357	-47.62	-47.62	-35.2	-7.3999877	12.58019	8.966026	-72.78454	-7.3998594	0.6	895000	15540.29740190506
358	-47.28	-47.28	-45.100002	-7.4308443	12.572312	5.6702857	-65.44211	-7.431022	0.2	897500	15582.743539094925
359	-46.5	-46.5	-40.8	-7.412926	12.556543	27.506332	-74.5953	-7.4126334	0.3	900000	15625.334339618683
360	-47.46	-47.46	-45.399998	-7.428076	12.565812	9.289469	-82.71597	-7.4277496	0.1	902500	15668.266782283783
361	-45.56	-45.56	-45.5	-7.3870397	12.532677	7.862676	-85.08783	-7.387312	0.1	905000	15711.002186775208
362	-46.0	-46.0	-43.7	-7.354985	12.498469	10.075959	-82.61643	-7.354659	0.2	907500	15753.578941583633
363	-45.78	-45.78	-46.7	-7.3497767	12.496403	7.9026585	-73.26387	-7.349562	0.1	910000	15795.376115322113
364	-47.46	-47.46	-41.5	-7.3801546	12.530034	7.387267	-67.88296	-7.380097	0.1	912500	15837.682141780853
365	-47.36	-47.36	-38.0	-7.381834	12.536438	19.746542	-75.47761	-7.381405	0.2	915000	15880.719253778458
366	-46.64	-46.64	-44.7	-7.4094024	12.544788	11.762857	-89.212845	-7.4094467	0.2	917500	15923.282873392105
367	-48.5	-48.5	-36.3	-7.382492	12.520965	10.836151	-70.84052	-7.3825336	0.3	920000	15966.415601968765
368	-45.64	-45.64	-39.8	-7.3651333	12.509047	9.211313	-81.44177	-7.36496	0.3	922500	16009.524245738983
369	-46.44	-46.44	-35.5	-7.3486953	12.498022	7.194495	-76.75792	-7.3489184	0.5	925000	16052.567462205887
370	-44.16	-44.16	-48.8	-7.3753915	12.514974	9.504797	-75.15942	-7.3755116	0.0	927500	16095.50038075447
371	-46.8	-46.8	-43.3	-7.34801	12.499699	5.827382	-73.77111	-7.348191	0.1	930000	16138.377402305603
372	-45.36	-45.36	-42.5	-7.366881	12.489926	6.2838006	-68.241196	-7.366747	0.4	932500	16180.212324380875
373	-43.4	-43.4	-47.0	-7.340906	12.465195	9.005531	-65.603874	-7.3404937	0.1	935000	16222.00100183487
374	-46.04	-46.04	-39.100002	-7.3883142	12.486523	12.328091	-72.365845	-7.3883133	0.4	937500	16263.728209495544
375	-46.48	-46.48	-41.3	-7.3536897	12.473505	6.7470293	-70.73339	-7.3537507	0.3	940000	16305.484725236893
376	-45.9	-45.9	-35.8	-7.343931	12.464845	5.884834	-81.60753	-7.344089	0.2	942500	16347.225644350052
377	-47.26	-47.26	-42.399998	-7.373935	12.487527	13.246335	-79.5868	-7.374006	0.2	945000	16389.210198879242
378	-46.72	-46.72	-41.5	-7.3837233	12.50564	10.532525	-75.6669	-7.383893	0.2	947500	16430.98873400688
379	-45.62	-45.62	-43.8	-7.324749	12.456456	8.813858	-84.4435	-7.3248553	0.1	950000	16472.37019109726
380	-46.18	-46.18	-42.2	-7.3159766	12.430325	5.535434	-72.71406	-7.316101	0.2	952500	16513.769769191742
381	-46.32	-46.32	-48.3	-7.3180113	12.424028	10.03133	-76.487434	-7.318004	0.1	955000	16555.742215394974
382	-45.62	-45.62	-41.600002	-7.317901	12.430755	12.118359	-71.462944	-7.3180814	0.2	957500	16597.39055299759
383	-48.1	-48.1	-36.3	-7.308331	12.39122	5.775614	-75.510124	-7.3085356	0.4	960000	16638.697506666183
384	-46.2	-46.2	-44.899998	-7.361981	12.424398	7.184386	-69.59424	-7.3622046	0.2	962500	16680.618163347244
385	-46.0	-46.0	-42.399998	-7.322903	12.411936	6.3052187	-63.067585	-7.322797	0.2	965000	16723.17776298523
386	-46.3	-46.3	-40.0	-7.284104	12.362272	4.803416	-67.37232	-7.284141	0.2	967500	16765.515032291412
387	-44.86	-44.86	-45.5	-7.322175	12.371675	10.161936	-71.55081	-7.3219867	0.2	970000	16807.938542842865
388	-46.64	-46.64	-42.3	-7.2842484	12.336623	5.966485	-72.92835	-7.28411	0.1	972500	16850.45363855362
389	-47.64	-47.64	-49.3	-7.2791805	12.324487	6.931234	-64.764694	-7.2789726	0.0	975000	16892.77738761902
390	-48.26	-48.26	-47.9	-7.2723465	12.32392	9.733509	-81.30013	-7.272007	0.1	977500	16935.690442800522
391	-44.56	-44.56	-45.899998	-7.26913	12.300911	22.816822	-77.070244	-7.2689934	0.1	980000	16978.253863811493
392	-44.9	-44.9	-39.899998	-7.2881002	12.320133	13.967801	-77.455574	-7.2883487	0.4	982500	17020.602316379547
393	-45.34	-45.34	-42.3	-7.282598	12.304335	22.556032	-58.17132	-7.2828197	0.2	985000	17063.574204683304
394	-46.14	-46.14	-43.8	-7.300235	12.321818	8.395079	-61.414406	-7.300138	0.3	987500	17106.784627199173
395	-47.14	-47.14	-42.0	-7.2520566	12.268029	6.111994	-65.378395	-7.252082	0.1	990000	17150.07379770279
396	-46.08	-46.08	-35.600002	-7.252846	12.275058	8.365382	-71.79533	-7.2529607	0.4	992500	17193.198513031006
397	-48.0	-48.0	-42.2	-7.250127	12.260522	13.5970125	-64.08865	-7.2502556	0.2	995000	17236.21416425705
398	-45.98	-45.98	-41.2	-7.2070427	12.223986	7.2288117	-72.755646	-7.206901	0.3	997500	17275.546048164368
399	-46.74	-46.74	-42.600002	-7.215934	12.203608	8.222875	-58.715168	-7.2159386	0.2	1000000	17316.36368393898
400	-47.2	-47.2	-46.100002	-7.2108097	12.2053	6.894545	-65.89394	-7.2110167	0.1	1002500	17359.307346105576
401	-44.26	-44.26	-45.7	-7.1594996	12.163028	7.36278	-68.345245	-7.159512	0.0	1005000	17401.597484588623
402	-45.28	-45.28	-46.2	-7.183642	12.162374	11.736627	-68.02622	-7.1835456	0.2	1007500	17443.81885576248
403	-47.54	-47.54	-47.7	-7.167316	12.142378	13.277098	-62.77121	-7.1672573	0.0	1010000	17486.140798807144
404	-47.82	-47.82	-39.5	-7.1745563	12.140847	7.7797647	-65.31587	-7.1746626	0.2	1012500	17528.52666401863
405	-48.64	-48.64	-35.3	-7.1508465	12.118274	8.939031	-67.68971	-7.1508346	0.2	1015000	17570.58446621895
406	-44.94	-44.94	-45.8	-7.1737986	12.156803	6.4917746	-65.088066	-7.173793	0.0	1017500	17613.965737342834
407	-45.32	-45.32	-41.600002	-7.1716547	12.137768	7.283009	-71.38473	-7.1717777	0.3	1020000	17656.7192838192
408	-46.02	-46.02	-44.100002	-7.162597	12.121348	7.835795	-65.974396	-7.16254	0.2	1022500	17697.808086395264
409	-47.04	-47.04	-41.0	-7.1814094	12.133306	18.3482	-71.0826	-7.181585	0.4	1025000	17739.538269758224
410	-47.92	-47.92	-40.5	-7.17531	12.130229	12.212017	-73.22637	-7.175406	0.2	1027500	17781.433547973633
411	-47.48	-47.48	-44.2	-7.178673	12.142382	13.794412	-68.74167	-7.1784205	0.1	1030000	17819.27996492386
412	-47.48	-47.48	-40.8	-7.1986585	12.174941	8.856649	-62.70291	-7.1986785	0.3	1032500	17861.509130477905
413	-46.28	-46.28	-41.100002	-7.193356	12.177687	13.708934	-70.13883	-7.1931024	0.3	1035000	17903.204594373703
414	-46.18	-46.18	-41.8	-7.2046247	12.176316	6.7814045	-75.55256	-7.204623	0.2	1037500	17945.082727909088
415	-46.56	-46.56	-42.600002	-7.187396	12.184563	13.891574	-68.51321	-7.187374	0.3	1040000	17986.126953125
416	-47.58	-47.58	-46.0	-7.208784	12.195934	8.162729	-67.82746	-7.2088118	0.1	1042500	18027.54249072075
417	-46.4	-46.4	-41.100002	-7.163866	12.156193	12.013821	-63.737488	-7.164029	0.4	1045000	18068.75835299492
418	-46.1	-46.1	-40.600002	-7.1637425	12.143877	7.641908	-60.79255	-7.1637106	0.4	1047500	18109.698700904846
419	-45.32	-45.32	-40.899998	-7.103518	12.073887	10.134709	-66.327286	-7.103335	0.3	1050000	18150.47322678566
420	-47.88	-47.88	-40.0	-7.12651	12.087409	5.123351	-70.61422	-7.126606	0.3	1052500	18191.15837097168
421	-47.12	-47.12	-39.600002	-7.1036406	12.065647	11.726255	-65.00569	-7.103621	0.6	1055000	18232.408031463623
422	-49.12	-49.12	-40.0	-7.0960627	12.060803	11.105278	-63.244625	-7.0959625	0.4	1057500	18273.524745702744
423	-49.08	-49.08	-40.100002	-7.114845	12.094249	9.554384	-69.517204	-7.11493	0.4	1060000	18314.5109333992
424	-46.64	-46.64	-43.5	-7.138136	12.109684	7.8578167	-63.776676	-7.1379232	0.2	1062500	18355.17539024353
425	-45.82	-45.82	-45.3	-7.1378345	12.132867	6.653163	-68.00344	-7.137657	0.2	1065000	18396.147314071655
426	-48.54	-48.54	-42.7	-7.134094	12.136342	4.8319855	-66.52195	-7.134338	0.1	1067500	18437.36740255356
427	-46.32	-46.32	-44.2	-7.1864705	12.167312	9.515532	-61.000557	-7.1862392	0.1	1070000	18478.563821554184
428	-46.84	-46.84	-43.899998	-7.18859	12.164543	8.185255	-74.82192	-7.1884003	0.2	1072500	18519.751056671143
429	-46.28	-46.28	-45.399998	-7.156557	12.144435	7.0240326	-60.349094	-7.156532	0.1	1075000	18560.943966388702
430	-46.36	-46.36	-43.8	-7.171972	12.149055	6.15569	-62.10241	-7.1719112	0.1	1077500	18601.85825443268
431	-47.72	-47.72	-41.899998	-7.143921	12.142755	12.163235	-61.67746	-7.1435523	0.4	1080000	18642.812872886658
432	-46.98	-46.98	-49.2	-7.1289353	12.1291485	6.1822667	-67.34632	-7.1291327	0.2	1082500	18684.242680072784
433	-45.54	-45.54	-45.7	-7.1413245	12.160219	10.575508	-59.053	-7.141273	0.1	1085000	18725.633435487747
434	-46.6	-46.6	-46.2	-7.139247	12.162458	12.794288	-62.394463	-7.1391287	0.1	1087500	18766.178418636322
435	-47.12	-47.12	-48.9	-7.132266	12.135608	6.496382	-64.29028	-7.132005	0.1	1090000	18808.207542657852
436	-47.16	-47.16	-48.2	-7.0973325	12.129567	11.348264	-63.222378	-7.0973654	0.0	1092500	18850.020774126053
437	-46.34	-46.34	-49.6	-7.115455	12.135685	5.407998	-68.813835	-7.1154766	0.1	1095000	18891.473057985306
438	-46.74	-46.74	-46.0	-7.1237926	12.1203165	8.502123	-61.68065	-7.123736	0.1	1097500	18932.77045249939
439	-46.88	-46.88	-36.2	-7.0900183	12.072118	6.715496	-68.5744	-7.089697	0.3	1100000	18974.126482725143
440	-47.24	-47.24	-42.2	-7.107395	12.084773	5.8509655	-70.05922	-7.107568	0.2	1102500	19015.066030740738
441	-48.02	-48.02	-35.5	-7.079336	12.071881	8.238008	-62.221172	-7.0791388	0.5	1105000	19056.231153726578
442	-46.12	-46.12	-38.2	-7.098817	12.115711	6.874989	-64.838646	-7.098879	0.4	1107500	19097.632668733597
443	-46.62	-46.62	-46.5	-7.091679	12.113469	9.064087	-66.407936	-7.0914826	0.1	1110000	19138.86318039894
444	-48.16	-48.16	-44.0	-7.0978413	12.10805	7.166034	-72.20843	-7.0978265	0.2	1112500	19180.354271650314
445	-46.88	-46.88	-39.600002	-7.1319666	12.1252365	17.01886	-69.48305	-7.13143	0.3	1115000	19221.440146923065
446	-44.76	-44.76	-44.100002	-7.1135674	12.123476	7.408631	-64.11434	-7.1133194	0.2	1117500	19262.46460199356
447	-47.62	-47.62	-43.399998	-7.104228	12.123072	6.815805	-71.59286	-7.104231	0.4	1120000	19303.6422791481
448	-46.78	-46.78	-44.5	-7.0866323	12.106302	11.483713	-69.82828	-7.086571	0.1	1122500	19344.907199144363
449	-46.88	-46.88	-43.899998	-7.0799127	12.090904	4.691204	-60.79313	-7.080029	0.2	1125000	19386.13572049141
450	-47.4	-47.4	-42.600002	-7.0564523	12.069257	9.537083	-71.677475	-7.05647	0.3	1127500	19427.624667167664
451	-47.44	-47.44	-42.600002	-7.068296	12.100496	8.778912	-69.61014	-7.0683146	0.3	1130000	19469.073017835617
452	-48.44	-48.44	-40.399998	-7.097416	12.091694	14.95313	-69.66672	-7.097135	0.3	1132500	19510.114846229553
453	-45.5	-45.5	-41.8	-7.05712	12.057643	10.960344	-65.03135	-7.057148	0.3	1135000	19551.461156129837
454	-45.4	-45.4	-40.3	-7.0887275	12.089052	6.2682457	-67.19404	-7.0887566	0.3	1137500	19592.816560029984
455	-47.72	-47.72	-44.2	-7.1197257	12.104935	9.556179	-67.32785	-7.119584	0.3	1140000	19629.853852033615
456	-46.1	-46.1	-43.3	-7.1043696	12.111665	13.327668	-69.84023	-7.104368	0.4	1142500	19666.54320526123
457	-47.66	-47.66	-40.5	-7.102909	12.101404	7.0082355	-63.66147	-7.102989	0.3	1145000	19705.86755681038
458	-47.08	-47.08	-50.0	-7.124077	12.128131	9.568692	-64.59167	-7.1240788	0.0	1147500	19746.588203430176
459	-46.6	-46.6	-47.4	-7.0958257	12.116784	23.810371	-62.20512	-7.095697	0.1	1150000	19788.013671159744
460	-47.66	-47.66	-45.2	-7.1190944	12.125095	6.259626	-66.426636	-7.1188054	0.2	1152500	19829.101325035095
461	-46.76	-46.76	-40.8	-7.071254	12.098724	7.633748	-61.57802	-7.0712347	0.2	1155000	19868.680657863617
462	-48.34	-48.34	-40.2	-7.1211524	12.134885	6.945762	-63.08929	-7.1212163	0.3	1157500	19909.748916864395
463	-48.34	-48.34	-47.3	-7.1033196	12.123739	14.349656	-62.33443	-7.1032624	0.1	1160000	19950.633571863174
464	-46.32	-46.32	-35.899998	-7.129184	12.151276	8.133609	-63.396942	-7.129331	0.3	1162500	19992.079813718796
465	-48.48	-48.48	-40.5	-7.1172757	12.146564	6.994686	-88.89019	-7.1173515	0.1	1165000	20032.761630773544
466	-45.1	-45.1	-45.100002	-7.107843	12.140369	5.5842967	-63.41527	-7.107519	0.1	1167500	20073.831156492233
467	-46.9	-46.9	-43.399998	-7.097866	12.11692	8.360514	-65.99009	-7.0977564	0.3	1170000	20115.000200986862
468	-47.84	-47.84	-45.7	-7.092055	12.110414	7.19753	-65.09482	-7.0920897	0.1	1172500	20155.75161933899
469	-45.74	-45.74	-41.5	-7.0594077	12.084176	7.03691	-63.68039	-7.059602	0.3	1175000	20197.100249290466
470	-44.74	-44.74	-48.1	-7.0896354	12.111006	7.389643	-65.00643	-7.089481	0.0	1177500	20238.265595197678
471	-47.42	-47.42	-42.399998	-7.102807	12.123802	11.277168	-60.438683	-7.102577	0.2	1180000	20279.10424876213
472	-45.56	-45.56	-46.7	-7.1037307	12.125436	14.386412	-63.71849	-7.1035886	0.1	1182500	20320.22677540779
473	-45.54	-45.54	-48.7	-7.0967293	12.114765	8.37671	-66.12543	-7.096555	0.0	1185000	20361.560215711594
474	-46.16	-46.16	-46.0	-7.082618	12.103676	7.90338	-62.510334	-7.0822763	0.1	1187500	20402.819890260696
475	-47.86	-47.86	-43.899998	-7.098442	12.117437	8.636581	-66.36813	-7.0984898	0.2	1190000	20444.97635602951
476	-46.14	-46.14	-38.899998	-7.103097	12.131148	6.2352567	-72.033295	-7.10327	0.4	1192500	20486.874501228333
477	-46.92	-46.92	-39.3	-7.108547	12.133862	8.698197	-59.900097	-7.108674	0.3	1195000	20528.549371242523
478	-46.18	-46.18	-43.100002	-7.091566	12.138543	11.733591	-79.707344	-7.091343	0.2	1197500	20569.68319439888
479	-46.36	-46.36	-41.5	-7.0855823	12.129249	10.023241	-68.24148	-7.0853357	0.3	1200000	20610.928471803665
480	-46.88	-46.88	-45.600002	-7.101872	12.137102	8.072077	-59.650192	-7.10194	0.1	1202500	20652.086681365967
481	-48.98	-48.98	-37.399998	-7.1180077	12.155584	7.231226	-66.01993	-7.1181116	0.3	1205000	20693.587628364563
482	-47.58	-47.58	-50.0	-7.122268	12.16627	8.185302	-73.2637	-7.1223125	0.0	1207500	20734.502945899963
483	-46.8	-46.8	-41.399998	-7.157606	12.201536	13.157405	-66.06849	-7.1576	0.2	1210000	20775.965005874634
484	-45.22	-45.22	-42.8	-7.1202044	12.165553	12.819593	-67.535416	-7.1201653	0.1	1212500	20817.181423664093
485	-47.9	-47.9	-40.7	-7.08835	12.147618	8.888259	-76.76891	-7.088376	0.2	1215000	20858.116090536118
486	-45.6	-45.6	-48.7	-7.128504	12.165338	6.898158	-66.392075	-7.128315	0.0	1217500	20898.960374593735
487	-46.4	-46.4	-37.600002	-7.1283827	12.152766	7.1190314	-60.521908	-7.12828	0.4	1220000	20940.24268603325
488	-43.98	-43.98	-48.0	-7.1208243	12.165576	15.7112	-59.967213	-7.121121	0.1	1222500	20981.18582177162
489	-46.02	-46.02	-42.600002	-7.0718036	12.11494	11.300961	-63.30961	-7.071742	0.3	1225000	21022.024716854095
490	-48.76	-48.76	-40.5	-7.086569	12.115862	10.100647	-64.171524	-7.0865145	0.2	1227500	21063.02214407921
491	-46.6	-46.6	-44.8	-7.1123776	12.137385	8.873382	-71.85867	-7.1122017	0.3	1230000	21102.910125494003
492	-47.26	-47.26	-49.2	-7.0701127	12.082845	7.0128675	-61.976357	-7.0701833	0.0	1232500	21143.49239206314
493	-44.04	-44.04	-42.100002	-7.07588	12.112016	6.0659604	-75.45743	-7.0759115	0.2	1235000	21183.490651845932
494	-46.76	-46.76	-42.100002	-7.047715	12.057051	8.53562	-63.937325	-7.047674	0.3	1237500	21223.098273277283
495	-48.02	-48.02	-39.600002	-7.0917945	12.094717	8.799912	-61.394165	-7.0918083	0.4	1240000	21259.99598455429
496	-44.1	-44.1	-43.5	-7.064867	12.063016	14.837991	-64.67292	-7.0648675	0.2	1242500	21293.461621284485
497	-46.42	-46.42	-39.100002	-7.095514	12.081552	8.004061	-61.093533	-7.09554	0.2	1245000	21324.57254052162
498	-46.82	-46.82	-44.399998	-7.0819182	12.081911	15.210635	-62.907307	-7.081795	0.2	1247500	21354.63997030258
499	-48.46	-48.46	-36.8	-7.0544295	12.052169	10.680491	-69.93766	-7.054545	0.4	1250000	21384.264085531235
