Epoch	EpRet	EpRealRet	TestEpRet	AverageQ1	StdQ1	MaxQ1	MinQ1	Q2	TestSuccess	TotalEnvInteracts	TotalTime
0	-50.0	-50.0	-35.0	-0.969181	1.855616	1.2399892	-22.161554	-0.9689197	0.3	2500	51.43433237075806
1	-49.0	-49.0	-45.0	-2.3125694	4.633643	1.0714158	-24.038548	-2.3125193	0.1	5000	103.3886091709137
2	-47.0	-47.0	-50.0	-3.4754076	6.9682975	1.059687	-31.667347	-3.4754956	0.0	7500	155.87705063819885
3	-49.16	-49.16	-50.0	-4.5223484	9.128131	1.3235103	-58.881714	-4.5225215	0.0	10000	210.77262687683105
4	-48.0	-48.0	-50.0	-5.2517056	10.733523	2.1124644	-65.353195	-5.251688	0.0	12500	267.90210580825806
5	-50.0	-50.0	-50.0	-5.8528647	11.975572	1.606725	-55.72036	-5.8527517	0.0	15000	325.25505113601685
6	-47.88	-47.88	-50.0	-6.4066772	13.078907	2.1035833	-55.66913	-6.4066043	0.0	17500	382.77690625190735
7	-49.0	-49.0	-50.0	-6.87596	13.9982395	5.61303	-64.467964	-6.8757496	0.0	20000	440.06631422042847
8	-50.0	-50.0	-50.0	-7.2002153	14.674872	2.2660043	-57.945927	-7.1999574	0.0	22500	496.8344581127167
9	-47.0	-47.0	-50.0	-7.5261807	15.336938	4.5687566	-57.69738	-7.526152	0.0	25000	554.6844568252563
10	-47.06	-47.06	-50.0	-7.8402042	15.886704	3.7235467	-58.428257	-7.8400517	0.0	27500	612.7663836479187
11	-48.96	-48.96	-50.0	-8.157081	16.43696	5.9228983	-61.051025	-8.157168	0.0	30000	670.0417273044586
12	-42.0	-42.0	-50.0	-8.404532	16.877506	3.2590559	-68.22969	-8.404812	0.0	32500	728.1836428642273
13	-48.08	-48.08	-50.0	-8.497319	17.102339	4.3878007	-58.819565	-8.497043	0.0	35000	785.0322821140289
14	-48.0	-48.0	-50.0	-8.62621	17.338593	13.48611	-81.122604	-8.62664	0.0	37500	843.2712590694427
15	-49.0	-49.0	-44.899998	-8.741253	17.537207	3.847749	-56.944126	-8.741397	0.1	40000	900.017585515976
16	-48.86	-48.86	-50.0	-8.796107	17.658726	4.81197	-60.893	-8.795841	0.0	42500	957.4382789134979
17	-50.0	-50.0	-50.0	-8.855209	17.76867	4.9552855	-56.75683	-8.854862	0.0	45000	1013.9960641860962
18	-46.24	-46.24	-50.0	-8.936038	17.870317	3.9633558	-79.37127	-8.936045	0.0	47500	1071.9526278972626
19	-50.0	-50.0	-50.0	-8.976849	17.904413	6.227143	-59.57843	-8.976301	0.0	50000	1130.4185972213745
20	-49.5	-49.5	-50.0	-9.042719	17.945509	6.060691	-58.38555	-9.042558	0.0	52500	1188.360787153244
21	-47.0	-47.0	-50.0	-9.058639	17.969952	21.978739	-62.38943	-9.058585	0.0	55000	1245.7965290546417
22	-46.0	-46.0	-50.0	-9.037439	17.969656	5.7474346	-61.563786	-9.037802	0.0	57500	1303.4549899101257
23	-48.26	-48.26	-44.8	-9.0812235	17.983566	5.717939	-64.86956	-9.08088	0.1	60000	1361.330491065979
24	-48.3	-48.3	-48.6	-9.169244	18.07068	6.086242	-62.240314	-9.169257	0.0	62500	1418.6895294189453
25	-47.0	-47.0	-46.399998	-9.120424	18.080366	7.271899	-58.817196	-9.120169	0.1	65000	1476.0971658229828
26	-49.96	-49.96	-45.0	-9.202557	18.175064	4.760508	-64.45807	-9.202356	0.1	67500	1532.6249251365662
27	-50.0	-50.0	-45.0	-9.290997	18.24667	12.649966	-63.583454	-9.290711	0.1	70000	1590.3140704631805
28	-49.04	-49.04	-45.0	-9.250048	18.231829	5.288756	-62.667015	-9.250513	0.1	72500	1647.5060541629791
29	-49.0	-49.0	-50.0	-9.270486	18.25294	9.712975	-68.75862	-9.270778	0.0	75000	1704.7467613220215
30	-48.0	-48.0	-50.0	-9.317787	18.285418	5.1381063	-59.22164	-9.317573	0.0	77500	1762.246431350708
31	-47.96	-47.96	-50.0	-9.323834	18.27245	6.9867563	-60.265167	-9.324173	0.0	80000	1819.9571108818054
32	-45.92	-45.92	-50.0	-9.283864	18.246813	5.758767	-63.917492	-9.283662	0.0	82500	1877.5249004364014
33	-49.8	-49.8	-50.0	-9.361353	18.31455	8.562976	-71.8258	-9.361371	0.0	85000	1935.839188337326
34	-48.28	-48.28	-49.5	-9.379501	18.316023	9.34466	-58.41398	-9.379732	0.0	87500	1993.6258635520935
35	-49.0	-49.0	-50.0	-9.404034	18.348354	6.0967407	-61.22682	-9.403691	0.0	90000	2050.5034005641937
36	-48.02	-48.02	-50.0	-9.397462	18.341068	7.4122553	-58.229195	-9.397716	0.0	92500	2107.8489558696747
37	-49.98	-49.98	-50.0	-9.441278	18.356546	6.307633	-71.211	-9.44139	0.0	95000	2165.922698020935
38	-48.92	-48.92	-40.0	-9.483272	18.408367	7.129135	-63.06041	-9.483517	0.2	97500	2224.369513988495
39	-49.74	-49.74	-45.8	-9.453668	18.395927	7.1182904	-58.725735	-9.454113	0.1	100000	2281.350068092346
40	-48.88	-48.88	-50.0	-9.511707	18.430908	5.3273573	-61.70823	-9.511779	0.0	102500	2338.8045694828033
41	-48.78	-48.78	-50.0	-9.502787	18.381159	7.9191165	-58.446495	-9.50258	0.0	105000	2395.780317544937
42	-49.4	-49.4	-50.0	-9.426823	18.290474	5.878566	-63.014584	-9.427262	0.0	107500	2454.477296590805
43	-47.84	-47.84	-49.0	-9.476562	18.277374	6.9940276	-58.951077	-9.476654	0.0	110000	2512.2159264087677
44	-48.26	-48.26	-50.0	-9.42874	18.21276	5.151319	-65.853676	-9.428622	0.0	112500	2569.7404606342316
45	-47.8	-47.8	-50.0	-9.491123	18.250458	5.0953918	-60.862247	-9.491293	0.0	115000	2627.2490668296814
46	-48.72	-48.72	-44.600002	-9.398426	18.125525	6.3637695	-59.494823	-9.398314	0.1	117500	2684.1300649642944
47	-49.0	-49.0	-45.899998	-9.412859	18.101084	6.3572526	-59.40906	-9.412624	0.1	120000	2741.981395483017
48	-48.3	-48.3	-50.0	-9.4950485	18.142534	7.5426407	-61.450672	-9.495639	0.0	122500	2798.6067399978638
49	-47.96	-47.96	-50.0	-9.472116	18.083275	6.903527	-57.653908	-9.472174	0.0	125000	2856.057354450226
50	-47.44	-47.44	-45.0	-9.467924	18.039658	13.554364	-58.017624	-9.467815	0.1	127500	2912.7107338905334
51	-48.04	-48.04	-44.399998	-9.48565	18.03609	8.37842	-66.91789	-9.48565	0.1	130000	2969.639070749283
52	-48.32	-48.32	-47.3	-9.386635	17.925694	10.2240715	-71.13526	-9.386945	0.1	132500	3027.2501814365387
53	-48.32	-48.32	-46.399998	-9.401852	17.91715	7.3203306	-61.656116	-9.401842	0.1	135000	3084.3386030197144
54	-47.48	-47.48	-49.8	-9.413595	17.914997	6.3282857	-60.980583	-9.414017	0.0	137500	3141.940208673477
55	-48.66	-48.66	-49.8	-9.345839	17.869596	9.489595	-62.102005	-9.345937	0.0	140000	3199.3811419010162
56	-48.82	-48.82	-42.7	-9.373557	17.883377	6.042794	-59.871872	-9.373404	0.2	142500	3257.4609282016754
57	-49.0	-49.0	-48.8	-9.415215	17.869484	6.3569326	-58.36577	-9.415152	0.0	145000	3314.7743380069733
58	-48.2	-48.2	-50.0	-9.395518	17.836082	17.967184	-58.790592	-9.395782	0.0	147500	3372.4320566654205
59	-46.96	-46.96	-50.0	-9.388418	17.791166	15.697339	-59.98126	-9.388197	0.0	150000	3429.176306962967
60	-47.0	-47.0	-50.0	-9.405952	17.780846	5.261059	-63.138496	-9.406248	0.0	152500	3485.893428325653
61	-47.34	-47.34	-41.899998	-9.390633	17.747814	6.0036383	-59.361595	-9.390828	0.2	155000	3542.2178864479065
62	-42.92	-42.92	-42.100002	-9.388282	17.725105	7.424998	-59.57351	-9.38819	0.2	157500	3600.876484632492
63	-47.36	-47.36	-49.7	-9.3923235	17.678642	7.4960403	-62.17606	-9.392493	0.0	160000	3658.0525708198547
64	-48.46	-48.46	-45.0	-9.326902	17.574743	6.92091	-58.013958	-9.326653	0.1	162500	3715.2925589084625
65	-46.04	-46.04	-42.600002	-9.344452	17.552603	5.1233697	-60.717686	-9.344583	0.1	165000	3772.3942749500275
66	-47.86	-47.86	-49.5	-9.299203	17.50064	5.700186	-60.167774	-9.298608	0.0	167500	3830.215987920761
67	-45.44	-45.44	-45.0	-9.312484	17.503023	5.7906933	-63.52219	-9.312403	0.1	170000	3887.944883823395
68	-47.28	-47.28	-50.0	-9.29252	17.447962	4.893015	-63.488235	-9.292379	0.0	172500	3945.443445444107
69	-45.04	-45.04	-45.0	-9.25903	17.386759	8.285198	-59.002705	-9.258779	0.1	175000	4002.415284395218
70	-47.92	-47.92	-48.9	-9.238856	17.336897	6.715268	-59.685165	-9.238751	0.0	177500	4058.66011762619
71	-47.96	-47.96	-39.0	-9.279884	17.34619	4.951435	-59.114067	-9.279948	0.2	180000	4116.9536118507385
72	-47.52	-47.52	-43.899998	-9.343968	17.355091	6.227496	-59.74226	-9.343692	0.1	182500	4174.883027076721
73	-46.26	-46.26	-40.8	-9.249475	17.2266	4.9397593	-61.99559	-9.249121	0.2	185000	4233.4566333293915
74	-48.1	-48.1	-50.0	-9.296363	17.226946	5.687063	-61.201874	-9.296928	0.0	187500	4290.211663246155
75	-45.94	-45.94	-49.5	-9.28886	17.185146	12.874686	-60.008648	-9.288518	0.1	190000	4347.802939414978
76	-44.32	-44.32	-40.2	-9.26909	17.144394	12.077154	-60.770462	-9.268682	0.3	192500	4403.657485961914
77	-47.58	-47.58	-47.0	-9.230025	17.09194	7.426365	-60.33788	-9.229946	0.1	195000	4461.9631316661835
78	-45.16	-45.16	-45.600002	-9.209606	17.046803	9.755031	-61.27986	-9.209551	0.1	197500	4519.022271156311
79	-45.8	-45.8	-43.399998	-9.283334	17.083668	8.943373	-67.934975	-9.282889	0.2	200000	4576.485329389572
80	-46.14	-46.14	-45.899998	-9.224035	17.020405	7.0247283	-62.481804	-9.22412	0.1	202500	4633.337559223175
81	-46.46	-46.46	-48.8	-9.20868	16.977789	6.6847334	-61.74067	-9.208103	0.1	205000	4690.672575950623
82	-45.56	-45.56	-43.100002	-9.195433	16.944412	5.0528517	-60.427013	-9.195701	0.1	207500	4748.280459165573
83	-43.9	-43.9	-48.2	-9.199973	16.892086	6.1260753	-61.291634	-9.199901	0.0	210000	4806.04527759552
84	-47.38	-47.38	-30.9	-9.199526	16.847677	5.9499407	-68.54981	-9.199593	0.4	212500	4863.760881662369
85	-44.48	-44.48	-45.2	-9.195691	16.81546	3.809538	-62.397243	-9.196259	0.1	215000	4920.639234542847
86	-40.06	-40.06	-45.2	-9.202561	16.780952	4.2199345	-61.157513	-9.20225	0.1	217500	4978.075950860977
87	-46.14	-46.14	-49.8	-9.275629	16.821404	4.8858294	-62.769253	-9.275682	0.0	220000	5034.932340621948
88	-44.88	-44.88	-47.4	-9.314978	16.804914	6.227828	-64.47277	-9.315162	0.0	222500	5093.610538005829
89	-45.44	-45.44	-40.5	-9.291912	16.747145	5.040822	-66.165985	-9.2922325	0.3	225000	5150.69251704216
90	-44.94	-44.94	-46.100002	-9.311312	16.724281	5.037282	-65.42087	-9.310939	0.1	227500	5209.003525257111
91	-49.34	-49.34	-45.3	-9.268547	16.653265	6.527547	-59.735188	-9.268908	0.1	230000	5265.541658639908
92	-44.7	-44.7	-49.7	-9.224311	16.591885	5.676652	-64.1056	-9.22471	0.0	232500	5323.625204563141
93	-46.82	-46.82	-45.600002	-9.187667	16.536943	5.1097574	-61.78163	-9.188198	0.1	235000	5381.616353034973
94	-47.56	-47.56	-45.0	-9.29706	16.573061	7.1360226	-67.203125	-9.296307	0.1	237500	5441.040029287338
95	-47.32	-47.32	-41.7	-9.285111	16.541918	8.465045	-61.685604	-9.284906	0.3	240000	5499.046215295792
96	-46.22	-46.22	-37.600002	-9.369709	16.581099	5.938302	-64.828514	-9.36956	0.3	242500	5558.238703489304
97	-45.84	-45.84	-44.100002	-9.450756	16.619123	6.7372413	-60.08276	-9.451158	0.2	245000	5616.198628425598
98	-45.12	-45.12	-47.2	-9.37319	16.546782	8.541354	-65.41873	-9.372736	0.0	247500	5674.795167207718
99	-47.62	-47.62	-49.8	-9.396916	16.539114	5.8515186	-66.72542	-9.397746	0.0	250000	5732.752246379852
100	-45.02	-45.02	-45.0	-9.348149	16.455242	7.371752	-61.591694	-9.348508	0.2	252500	5792.483907222748
101	-46.84	-46.84	-44.0	-9.400811	16.466438	6.5113535	-61.6689	-9.4013605	0.1	255000	5851.788950681686
102	-46.16	-46.16	-50.0	-9.417889	16.44268	4.1852202	-62.076553	-9.418011	0.0	257500	5909.239594459534
103	-46.7	-46.7	-37.3	-9.420332	16.432215	7.892192	-63.961647	-9.420257	0.3	260000	5967.5119795799255
104	-46.3	-46.3	-41.5	-9.422164	16.408964	5.997936	-64.02207	-9.42304	0.2	262500	6024.662892580032
105	-43.16	-43.16	-47.2	-9.404679	16.357586	5.161352	-67.41601	-9.404705	0.1	265000	6082.690706014633
106	-43.44	-43.44	-42.2	-9.384284	16.282509	6.5598917	-67.0628	-9.384208	0.2	267500	6140.174382925034
107	-43.38	-43.38	-42.2	-9.372362	16.25259	5.214385	-70.09865	-9.372669	0.2	270000	6199.797011137009
108	-46.86	-46.86	-42.100002	-9.466041	16.27041	10.128898	-65.06082	-9.467029	0.3	272500	6256.963761329651
109	-42.86	-42.86	-39.7	-9.440915	16.236975	6.269846	-63.02239	-9.441985	0.2	275000	6315.1837730407715
110	-44.5	-44.5	-44.100002	-9.499143	16.250645	6.557824	-71.61474	-9.4996395	0.1	277500	6372.552228689194
111	-45.28	-45.28	-31.1	-9.497603	16.168215	5.7945747	-73.44702	-9.497686	0.5	280000	6430.526551485062
112	-42.9	-42.9	-46.0	-9.541348	16.16268	5.720724	-63.31856	-9.541635	0.1	282500	6488.188739776611
113	-43.26	-43.26	-46.9	-9.569086	16.141392	7.513537	-64.56276	-9.568912	0.0	285000	6546.926153421402
114	-41.16	-41.16	-49.7	-9.477485	16.051989	8.009315	-64.56989	-9.477298	0.0	287500	6604.669539690018
115	-43.0	-43.0	-43.600002	-9.477954	16.017939	4.80369	-62.50862	-9.477781	0.2	290000	6663.443593978882
116	-45.7	-45.7	-42.2	-9.424346	15.898344	7.660389	-62.209206	-9.4247675	0.2	292500	6720.377632379532
117	-46.16	-46.16	-47.1	-9.470246	15.895438	7.6384606	-61.942657	-9.470459	0.1	295000	6778.095614671707
118	-48.04	-48.04	-40.899998	-9.494411	15.908571	5.3432007	-61.91488	-9.494542	0.2	297500	6836.228918552399
119	-42.66	-42.66	-31.5	-9.497443	15.852642	5.5560083	-65.05484	-9.496813	0.4	300000	6894.810699939728
120	-44.68	-44.68	-42.2	-9.465545	15.802624	6.3731256	-63.51777	-9.464518	0.1	302500	6951.903778076172
121	-43.82	-43.82	-34.899998	-9.502917	15.784296	4.5057945	-67.42838	-9.502287	0.3	305000	7009.794196844101
122	-45.08	-45.08	-46.3	-9.532022	15.785207	7.007905	-62.889515	-9.532152	0.2	307500	7067.401892900467
123	-40.94	-40.94	-39.5	-9.492526	15.744047	6.0504656	-66.71571	-9.4921	0.2	310000	7126.354964256287
124	-42.32	-42.32	-46.9	-9.521542	15.730694	5.5278335	-74.01071	-9.52207	0.1	312500	7184.836608409882
125	-45.4	-45.4	-46.5	-9.499271	15.695697	5.975664	-63.049538	-9.498345	0.1	315000	7242.9523141384125
126	-45.04	-45.04	-43.0	-9.482996	15.648901	6.6857862	-62.765007	-9.482071	0.1	317500	7301.214201211929
127	-43.5	-43.5	-48.4	-9.479699	15.626847	6.101724	-66.81712	-9.479698	0.0	320000	7358.777163505554
128	-46.32	-46.32	-41.899998	-9.53125	15.628704	5.272176	-63.729763	-9.531278	0.2	322500	7417.867124557495
129	-45.62	-45.62	-39.7	-9.503446	15.601276	14.903883	-64.58749	-9.502579	0.4	325000	7475.779862642288
130	-44.7	-44.7	-37.3	-9.5177555	15.55787	6.677545	-63.308372	-9.51777	0.3	327500	7535.1523859500885
131	-40.48	-40.48	-45.8	-9.545454	15.572317	5.3540063	-65.48877	-9.545408	0.1	330000	7593.140224933624
132	-42.38	-42.38	-35.7	-9.508558	15.522892	8.736808	-63.239258	-9.508212	0.2	332500	7651.892385005951
133	-44.78	-44.78	-35.0	-9.493592	15.487004	9.348019	-66.51536	-9.493722	0.4	335000	7710.368299245834
134	-44.26	-44.26	-45.2	-9.509617	15.447952	7.4123974	-65.829956	-9.509901	0.1	337500	7769.0204865932465
135	-37.92	-37.92	-42.600002	-9.482536	15.412808	10.229999	-68.82202	-9.482243	0.2	340000	7827.4088406562805
136	-44.54	-44.54	-46.399998	-9.522396	15.418649	10.210687	-62.229973	-9.521677	0.2	342500	7885.92556810379
137	-45.16	-45.16	-39.8	-9.570685	15.421665	8.927313	-68.20336	-9.57102	0.3	345000	7944.570627689362
138	-38.88	-38.88	-38.100002	-9.588715	15.398919	9.608265	-66.15008	-9.589067	0.2	347500	8003.045409679413
139	-42.44	-42.44	-41.100002	-9.592125	15.348774	13.682392	-63.842457	-9.591932	0.3	350000	8060.095308065414
140	-38.26	-38.26	-39.899998	-9.570884	15.3288765	12.247829	-69.0382	-9.571102	0.3	352500	8118.298495769501
141	-43.88	-43.88	-44.0	-9.552199	15.248132	8.112787	-64.3225	-9.552409	0.3	355000	8175.7519998550415
142	-44.78	-44.78	-35.3	-9.539525	15.246614	20.378696	-64.23691	-9.539393	0.4	357500	8234.310306072235
143	-42.32	-42.32	-48.6	-9.568498	15.255987	13.97154	-72.0952	-9.569341	0.0	360000	8292.798528194427
144	-41.22	-41.22	-39.5	-9.613401	15.26949	9.389677	-63.605534	-9.613498	0.3	362500	8350.395736455917
145	-42.08	-42.08	-35.8	-9.564424	15.208646	10.583905	-73.50293	-9.564446	0.3	365000	8407.49593281746
146	-37.1	-37.1	-45.3	-9.581709	15.185219	11.544183	-63.422558	-9.581581	0.1	367500	8464.911748886108
147	-36.84	-36.84	-40.600002	-9.517244	15.137672	10.22014	-61.27527	-9.516887	0.4	370000	8522.410269975662
148	-42.58	-42.58	-38.600002	-9.486694	15.103817	7.329226	-62.93483	-9.486708	0.3	372500	8580.69707107544
149	-43.78	-43.78	-32.0	-9.473122	15.057106	9.038232	-65.3036	-9.473088	0.4	375000	8638.846556425095
150	-39.86	-39.86	-42.399998	-9.461799	15.046955	8.580452	-62.073147	-9.461986	0.1	377500	8696.34885263443
151	-40.94	-40.94	-39.399998	-9.476047	15.003317	8.39215	-65.151115	-9.475187	0.3	380000	8754.147901058197
152	-40.74	-40.74	-35.899998	-9.507468	14.994632	8.314074	-63.959805	-9.50714	0.4	382500	8812.170622825623
153	-42.36	-42.36	-39.3	-9.475381	14.9630995	10.540222	-61.879913	-9.476152	0.4	385000	8870.163912534714
154	-39.4	-39.4	-40.7	-9.491248	14.974469	7.7650843	-62.87508	-9.4910145	0.3	387500	8928.01920223236
155	-40.74	-40.74	-41.5	-9.492054	14.940443	10.787228	-64.45368	-9.491438	0.1	390000	8986.67935371399
156	-40.9	-40.9	-40.2	-9.529539	14.963988	18.639536	-63.575344	-9.528892	0.2	392500	9043.768014669418
157	-43.58	-43.58	-40.399998	-9.502866	14.932927	11.755768	-66.27829	-9.502348	0.3	395000	9102.030897855759
158	-41.24	-41.24	-37.3	-9.522292	14.933941	11.374433	-64.50384	-9.521711	0.2	397500	9159.671021461487
159	-40.92	-40.92	-35.2	-9.535572	14.923071	7.781829	-67.875946	-9.53523	0.5	400000	9217.406901597977
160	-38.54	-38.54	-47.1	-9.528431	14.920187	15.127183	-62.871147	-9.528271	0.0	402500	9275.765463113785
161	-40.58	-40.58	-33.899998	-9.562802	14.91586	9.397086	-63.341904	-9.56289	0.4	405000	9334.28358221054
162	-38.48	-38.48	-33.100002	-9.508319	14.891131	10.958173	-66.51491	-9.509016	0.5	407500	9391.690489053726
163	-41.42	-41.42	-32.5	-9.417312	14.839804	16.377098	-65.40562	-9.416694	0.5	410000	9449.30549955368
164	-39.02	-39.02	-33.2	-9.436767	14.819371	11.25198	-74.45416	-9.436497	0.4	412500	9506.192501306534
165	-39.26	-39.26	-37.600002	-9.418388	14.810538	9.671044	-62.318954	-9.418251	0.2	415000	9563.621670484543
166	-37.52	-37.52	-26.0	-9.424496	14.827877	12.203204	-63.434483	-9.424945	0.7	417500	9621.234326124191
167	-44.06	-44.06	-38.100002	-9.465221	14.865271	12.709217	-63.489475	-9.464836	0.2	420000	9679.703977823257
168	-40.44	-40.44	-39.8	-9.391309	14.818578	15.016031	-60.988644	-9.391283	0.2	422500	9737.888241291046
169	-39.28	-39.28	-40.3	-9.391533	14.819783	17.262434	-64.31911	-9.391413	0.2	425000	9796.00685286522
170	-40.32	-40.32	-42.0	-9.446971	14.870839	11.11019	-70.14996	-9.446573	0.0	427500	9852.908918142319
171	-41.48	-41.48	-40.5	-9.395019	14.834296	9.566452	-70.32102	-9.39449	0.3	430000	9910.24475812912
172	-34.66	-34.66	-33.2	-9.386475	14.867649	11.133409	-60.93992	-9.386165	0.5	432500	9966.678280830383
173	-38.66	-38.66	-42.5	-9.368532	14.825035	9.955271	-78.261116	-9.367718	0.2	435000	10025.764112472534
174	-43.78	-43.78	-33.5	-9.318032	14.788088	9.905448	-63.89441	-9.318277	0.4	437500	10082.66159439087
175	-38.5	-38.5	-37.399998	-9.355233	14.798481	14.252195	-63.52942	-9.355285	0.3	440000	10140.120015382767
176	-38.08	-38.08	-38.8	-9.385342	14.828643	16.591393	-66.531715	-9.384619	0.4	442500	10197.734100341797
177	-37.04	-37.04	-38.5	-9.303168	14.757085	20.671093	-63.02757	-9.302934	0.2	445000	10254.758460760117
178	-39.28	-39.28	-42.5	-9.312568	14.75724	15.525149	-68.95994	-9.312806	0.2	447500	10313.256780862808
179	-40.78	-40.78	-34.3	-9.316413	14.713126	14.269972	-73.12044	-9.316563	0.5	450000	10370.84275507927
180	-37.28	-37.28	-33.399998	-9.302943	14.710655	8.827275	-63.935658	-9.302947	0.4	452500	10428.366629362106
181	-40.7	-40.7	-34.600002	-9.214266	14.671935	14.810152	-61.24425	-9.214264	0.5	455000	10486.022903680801
182	-36.88	-36.88	-38.3	-9.163771	14.608343	10.3110485	-64.44848	-9.164214	0.3	457500	10544.424046278
183	-42.08	-42.08	-28.0	-9.212085	14.627836	13.579304	-62.439617	-9.212261	0.5	460000	10601.650176286697
184	-41.3	-41.3	-32.100002	-9.24028	14.690188	20.991568	-81.58534	-9.2400465	0.4	462500	10660.47696852684
185	-36.88	-36.88	-31.0	-9.167317	14.599341	17.174377	-66.28166	-9.166941	0.5	465000	10719.135667324066
186	-43.48	-43.48	-23.8	-9.1285305	14.564149	7.753626	-66.958	-9.129171	0.8	467500	10777.302681684494
187	-33.88	-33.88	-37.399998	-9.135939	14.564122	13.703487	-77.42104	-9.13627	0.5	470000	10835.35066986084
188	-38.46	-38.46	-26.8	-9.127492	14.538808	10.502908	-72.42834	-9.126977	0.6	472500	10894.413479089737
189	-42.32	-42.32	-37.399998	-9.113375	14.493023	9.642074	-71.97344	-9.113205	0.4	475000	10952.172926425934
190	-37.36	-37.36	-21.199999	-9.205624	14.54879	9.293984	-67.84979	-9.206214	0.7	477500	11010.197675943375
191	-35.96	-35.96	-45.8	-9.103859	14.470616	13.330321	-64.04596	-9.104785	0.1	480000	11068.424314260483
192	-37.92	-37.92	-33.100002	-9.038987	14.396034	7.9689426	-66.645996	-9.039489	0.4	482500	11126.836416721344
193	-40.22	-40.22	-37.399998	-8.926112	14.309863	12.886622	-71.34173	-8.926579	0.4	485000	11185.545635223389
194	-39.2	-39.2	-40.5	-8.96238	14.332187	14.03079	-64.83339	-8.9633255	0.2	487500	11243.521665096283
195	-38.46	-38.46	-44.0	-8.953455	14.321461	10.186451	-66.41417	-8.953701	0.2	490000	11300.564404249191
196	-36.68	-36.68	-33.0	-8.92668	14.284549	13.002298	-64.35173	-8.926887	0.4	492500	11358.437376022339
197	-39.4	-39.4	-36.7	-8.907515	14.282921	12.441898	-67.60974	-8.907482	0.3	495000	11416.220637083054
198	-38.58	-38.58	-32.399998	-8.896399	14.28009	11.902987	-69.49662	-8.896117	0.5	497500	11473.985271453857
199	-38.58	-38.58	-28.8	-8.9126425	14.297398	13.558268	-72.41594	-8.9127445	0.5	500000	11531.709792375565
200	-36.54	-36.54	-26.9	-8.846815	14.225758	10.066228	-70.199356	-8.847576	0.7	502500	11589.994618177414
201	-35.62	-35.62	-25.4	-8.784793	14.1778145	11.137148	-84.62013	-8.785151	0.6	505000	11648.931364536285
202	-39.16	-39.16	-39.2	-8.772786	14.120441	15.9037695	-68.95122	-8.772995	0.3	507500	11706.391359567642
203	-35.38	-35.38	-23.6	-8.789797	14.116458	10.769898	-81.7444	-8.789954	0.6	510000	11765.814948320389
204	-40.66	-40.66	-28.6	-8.737881	14.073968	12.172863	-65.902596	-8.739137	0.7	512500	11823.95750284195
205	-41.78	-41.78	-28.6	-8.717345	14.028598	11.869991	-61.89516	-8.717626	0.5	515000	11881.942884922028
206	-36.1	-36.1	-27.3	-8.699336	14.0131645	8.580413	-64.60739	-8.700041	0.7	517500	11940.118557929993
207	-37.8	-37.8	-29.8	-8.656726	13.9619465	17.049017	-68.02721	-8.656563	0.6	520000	11999.35036277771
208	-37.62	-37.62	-24.3	-8.640659	13.947148	12.230856	-61.45601	-8.640906	0.7	522500	12057.405652284622
209	-35.02	-35.02	-22.699999	-8.61963	13.905619	18.18934	-70.32147	-8.620051	0.7	525000	12117.99991106987
210	-36.68	-36.68	-29.6	-8.5413265	13.814438	16.324661	-67.14946	-8.542144	0.5	527500	12176.387722492218
211	-35.56	-35.56	-26.6	-8.456328	13.744924	14.01825	-71.52969	-8.457095	0.5	530000	12236.130336284637
212	-35.34	-35.34	-28.9	-8.477769	13.742158	19.531773	-60.892334	-8.477692	0.6	532500	12294.404314041138
213	-35.76	-35.76	-30.6	-8.485279	13.743638	8.75367	-62.217937	-8.485342	0.5	535000	12352.907923221588
214	-36.72	-36.72	-21.4	-8.439746	13.683867	16.813854	-64.63069	-8.440371	0.6	537500	12410.597532749176
215	-33.86	-33.86	-26.6	-8.349162	13.636553	10.172364	-62.648228	-8.349248	0.7	540000	12469.786936998367
216	-39.26	-39.26	-31.8	-8.3662615	13.649782	10.960257	-62.818592	-8.366644	0.5	542500	12528.243074178696
217	-37.28	-37.28	-20.9	-8.352617	13.643795	12.133103	-63.856194	-8.3530035	0.7	545000	12587.062427282333
218	-34.12	-34.12	-21.5	-8.263453	13.530526	10.5604105	-62.77525	-8.263606	0.7	547500	12645.889459848404
219	-36.9	-36.9	-29.3	-8.183917	13.427742	24.880617	-64.33261	-8.183885	0.6	550000	12704.592856407166
220	-38.3	-38.3	-20.6	-8.148964	13.351976	9.921157	-65.25317	-8.149385	0.7	552500	12762.566886663437
221	-36.3	-36.3	-20.199999	-8.151365	13.346721	11.484461	-81.62138	-8.151393	0.7	555000	12822.364593982697
222	-37.64	-37.64	-25.1	-8.130376	13.314496	7.806094	-61.72207	-8.130318	0.6	557500	12881.023429393768
223	-32.7	-32.7	-17.800001	-8.1351795	13.333037	15.886586	-77.96668	-8.135458	0.8	560000	12940.3307056427
224	-34.02	-34.02	-20.800001	-8.057049	13.229734	12.091403	-63.37775	-8.057164	0.8	562500	12998.326798439026
225	-32.08	-32.08	-28.6	-7.9750605	13.1451845	13.020003	-64.78904	-7.975155	0.5	565000	13057.005635738373
226	-34.88	-34.88	-20.800001	-7.9836264	13.124498	15.240759	-68.93163	-7.9836297	0.6	567500	13115.009151220322
227	-35.66	-35.66	-23.9	-7.938951	13.063503	18.859295	-71.54462	-7.9393716	0.7	570000	13173.568610191345
228	-34.54	-34.54	-20.0	-7.883773	13.018997	12.834912	-62.558327	-7.884119	0.7	572500	13232.71872639656
229	-32.06	-32.06	-20.300001	-7.787548	12.877305	14.683055	-62.13138	-7.7877874	0.8	575000	13293.072842121124
230	-30.54	-30.54	-13.3	-7.7051616	12.765301	13.704927	-62.152714	-7.705234	0.9	577500	13352.581630706787
231	-35.22	-35.22	-30.4	-7.6215158	12.629958	8.039861	-65.48012	-7.6212573	0.5	580000	13411.830396652222
232	-33.16	-33.16	-24.2	-7.5437765	12.50609	8.946997	-64.19922	-7.543323	0.6	582500	13470.77201628685
233	-32.54	-32.54	-31.0	-7.5450397	12.491069	30.971722	-61.825104	-7.545497	0.5	585000	13531.028656959534
234	-33.0	-33.0	-15.5	-7.527636	12.331968	8.407983	-63.690132	-7.527127	0.9	587500	13589.38403582573
235	-33.78	-33.78	-12.1	-7.394082	12.138154	12.822511	-68.26047	-7.3937583	0.8	590000	13649.549458265305
236	-31.84	-31.84	-25.0	-7.2631273	11.945114	8.838526	-66.196175	-7.262923	0.6	592500	13708.626320123672
237	-31.86	-31.86	-16.1	-7.1974874	11.831801	8.340843	-62.766075	-7.197303	0.8	595000	13767.678306341171
238	-35.74	-35.74	-19.1	-7.1267424	11.693309	11.4852085	-62.990757	-7.1261234	0.7	597500	13826.169787406921
239	-36.1	-36.1	-18.300001	-7.090891	11.627172	10.9182205	-66.06839	-7.090494	0.7	600000	13884.690390348434
240	-37.0	-37.0	-29.4	-7.031305	11.462439	13.725727	-66.39012	-7.031699	0.5	602500	13943.518510103226
241	-30.72	-30.72	-12.2	-6.9776926	11.314438	16.0819	-63.73923	-6.9779277	1.0	605000	14002.725233793259
242	-30.86	-30.86	-14.4	-6.840874	11.054705	23.956001	-67.89478	-6.8409014	1.0	607500	14062.485471725464
243	-33.02	-33.02	-14.6	-6.7350554	10.780559	14.106752	-78.71221	-6.735267	0.9	610000	14121.399526834488
244	-34.32	-34.32	-15.9	-6.6454434	10.555016	16.475351	-67.29764	-6.6460443	0.9	612500	14180.160789251328
245	-30.28	-30.28	-22.300001	-6.591714	10.411268	11.93328	-68.71171	-6.5918813	0.7	615000	14238.776618242264
246	-33.38	-33.38	-16.699999	-6.5785413	10.37268	11.13684	-63.301533	-6.5780115	0.7	617500	14298.21913599968
247	-31.68	-31.68	-12.0	-6.464463	10.170968	14.285643	-62.608204	-6.4647846	0.9	620000	14357.049593448639
248	-31.38	-31.38	-15.9	-6.465768	10.092948	13.711	-71.11982	-6.465857	0.8	622500	14416.773554325104
249	-33.06	-33.06	-14.0	-6.390277	9.975747	7.4422703	-60.850063	-6.3899255	1.0	625000	14475.946190595627
250	-33.56	-33.56	-17.199999	-6.330507	9.879196	9.831402	-66.70345	-6.3303847	0.7	627500	14535.212081670761
251	-28.56	-28.56	-15.8	-6.310151	9.819996	18.335974	-66.58251	-6.310381	0.8	630000	14594.400002479553
252	-35.24	-35.24	-18.300001	-6.240931	9.68707	18.97457	-63.942657	-6.241233	0.8	632500	14653.226699352264
253	-30.9	-30.9	-13.8	-6.177964	9.581698	18.588184	-74.53864	-6.1780667	0.8	635000	14711.39530968666
254	-28.94	-28.94	-19.1	-6.1692805	9.52494	12.947308	-69.77602	-6.169069	0.9	637500	14771.415918588638
255	-31.32	-31.32	-13.6	-6.0867767	9.399726	9.883971	-66.07635	-6.086885	0.9	640000	14830.875857114792
256	-28.5	-28.5	-9.400001	-6.060477	9.330315	17.311007	-82.15902	-6.060845	0.9	642500	14891.281925439835
257	-31.78	-31.78	-9.7	-5.966393	9.199986	7.4499702	-68.64948	-5.9664497	0.9	645000	14950.097628116608
258	-32.12	-32.12	-20.5	-5.9630094	9.182041	12.808846	-62.628685	-5.9628844	0.7	647500	15009.184381246567
259	-33.74	-33.74	-14.4	-5.8921385	9.045038	10.548175	-67.55941	-5.8920636	0.9	650000	15067.138450622559
260	-28.66	-28.66	-12.6	-5.834789	8.964914	18.792772	-65.560814	-5.835446	0.8	652500	15126.80366063118
261	-31.36	-31.36	-14.5	-5.7813277	8.895617	23.94437	-72.23239	-5.781719	0.8	655000	15185.861986637115
262	-30.3	-30.3	-11.8	-5.7464094	8.795578	10.703479	-63.010563	-5.746712	1.0	657500	15245.03338098526
263	-31.18	-31.18	-10.2	-5.694261	8.7433195	12.949808	-69.39445	-5.6940904	1.0	660000	15303.827233791351
264	-29.72	-29.72	-13.6	-5.6450157	8.6701975	11.840564	-61.341373	-5.645532	0.9	662500	15363.312641382217
265	-31.5	-31.5	-9.099999	-5.5756254	8.573384	12.938423	-72.101906	-5.5750756	1.0	665000	15422.833315610886
266	-28.54	-28.54	-15.5	-5.5334888	8.501858	11.715185	-76.75257	-5.5342383	0.9	667500	15481.907589435577
267	-31.5	-31.5	-7.6	-5.479272	8.435602	5.835927	-68.78814	-5.4791956	1.0	670000	15540.64708018303
268	-31.18	-31.18	-8.8	-5.410833	8.345395	20.865938	-68.6954	-5.410812	1.0	672500	15599.86765217781
269	-28.6	-28.6	-10.0	-5.3893065	8.315882	8.075569	-69.67469	-5.3887944	1.0	675000	15657.969591140747
270	-31.46	-31.46	-11.5	-5.3061366	8.217547	7.11889	-73.483536	-5.3058133	0.9	677500	15716.349026203156
271	-29.16	-29.16	-18.699999	-5.295774	8.152317	10.424196	-67.41188	-5.2952113	0.8	680000	15774.786380052567
272	-28.76	-28.76	-7.8	-5.2446785	8.071438	8.313668	-65.03301	-5.2445364	1.0	682500	15834.55978345871
273	-32.42	-32.42	-13.7	-5.216894	7.998651	16.01949	-66.97313	-5.216677	0.9	685000	15894.076514005661
274	-28.5	-28.5	-9.5	-5.1747518	7.9725924	6.0099745	-68.42725	-5.174454	1.0	687500	15954.15649676323
275	-31.3	-31.3	-7.2	-5.1073112	7.865827	18.471996	-64.37319	-5.106946	1.0	690000	16012.485327005386
276	-31.04	-31.04	-14.5	-5.0500894	7.786366	8.234499	-63.42933	-5.04974	0.8	692500	16072.13998913765
277	-31.52	-31.52	-17.300001	-5.0102186	7.7540097	26.332317	-86.83354	-5.0104003	0.9	695000	16131.618659734726
278	-28.22	-28.22	-11.7	-4.977656	7.647888	13.603543	-68.031075	-4.977668	1.0	697500	16191.40564751625
279	-31.08	-31.08	-13.1	-4.9748	7.631145	7.64375	-72.47061	-4.974497	1.0	700000	16250.376814365387
280	-29.54	-29.54	-13.5	-4.924954	7.598354	13.50845	-61.040855	-4.924811	0.9	702500	16310.958268642426
281	-29.08	-29.08	-9.8	-4.8728137	7.4955273	10.697811	-77.207275	-4.872937	1.0	705000	16369.551515102386
282	-32.44	-32.44	-10.599999	-4.862108	7.480684	8.126245	-64.960304	-4.8613043	1.0	707500	16428.490761756897
283	-28.66	-28.66	-16.300001	-4.8402944	7.436509	14.703904	-64.36326	-4.840002	0.9	710000	16486.50209236145
284	-27.84	-27.84	-9.3	-4.8015695	7.3457804	8.07848	-62.92885	-4.801645	1.0	712500	16545.450922727585
285	-33.5	-33.5	-14.2	-4.767014	7.290154	9.338541	-70.81503	-4.76731	0.9	715000	16605.65792775154
286	-27.82	-27.82	-7.9	-4.6990857	7.222635	9.660772	-69.5475	-4.698825	1.0	717500	16665.418269634247
287	-28.94	-28.94	-13.5	-4.6374216	7.13517	7.4823856	-65.37613	-4.637245	1.0	720000	16724.389414072037
288	-31.68	-31.68	-13.0	-4.6116457	7.1041193	17.17065	-64.4648	-4.6120224	0.9	722500	16783.084626197815
289	-29.26	-29.26	-11.0	-4.5673747	6.9879656	6.4960814	-64.02959	-4.5677476	0.9	725000	16841.96240711212
290	-30.56	-30.56	-10.7	-4.5150924	6.947262	15.810463	-63.404594	-4.51504	1.0	727500	16900.30714559555
291	-30.26	-30.26	-8.3	-4.499304	6.866408	15.0546	-67.133224	-4.4994955	1.0	730000	16960.655614852905
292	-29.32	-29.32	-7.9	-4.4667587	6.8290644	7.877288	-71.61046	-4.4668894	1.0	732500	17019.999005317688
293	-32.7	-32.7	-12.0	-4.4710565	6.7931232	26.650309	-65.504555	-4.4706926	1.0	735000	17080.20961332321
294	-28.94	-28.94	-10.3	-4.4499025	6.722935	9.3210335	-64.993065	-4.450175	1.0	737500	17138.25856399536
295	-29.98	-29.98	-10.5	-4.4206815	6.701201	8.012726	-67.03693	-4.4207025	1.0	740000	17198.102349042892
296	-32.42	-32.42	-13.9	-4.379538	6.6181927	9.760951	-72.449394	-4.3798738	0.8	742500	17256.126279592514
297	-28.64	-28.64	-8.3	-4.3778143	6.6043687	9.671335	-66.02572	-4.3777122	1.0	745000	17314.855705976486
298	-25.68	-25.68	-12.8	-4.3406262	6.579468	12.221338	-88.428246	-4.340048	0.9	747500	17375.159078598022
299	-29.82	-29.82	-12.1	-4.285238	6.493085	7.032916	-86.49253	-4.285585	1.0	750000	17434.81617307663
300	-28.82	-28.82	-13.2	-4.2473755	6.4117136	15.813988	-72.321625	-4.248027	1.0	752500	17493.46862244606
301	-28.9	-28.9	-9.599999	-4.221811	6.3940578	14.966966	-66.19711	-4.2220535	0.9	755000	17553.18937778473
302	-28.24	-28.24	-9.5	-4.1868906	6.335286	16.454695	-70.57637	-4.187101	1.0	757500	17612.991849184036
303	-31.58	-31.58	-13.0	-4.180791	6.3525124	13.640497	-63.427998	-4.180685	0.9	760000	17671.799084186554
304	-30.6	-30.6	-10.8	-4.1561546	6.27996	10.266045	-60.816647	-4.1565	1.0	762500	17730.60678267479
305	-28.26	-28.26	-11.0	-4.1283455	6.240286	5.9666004	-68.3959	-4.128539	1.0	765000	17790.280563354492
306	-30.04	-30.04	-15.2	-4.105529	6.213035	18.42226	-59.6689	-4.1056743	0.8	767500	17849.237234830856
307	-26.7	-26.7	-8.900001	-4.0741487	6.176564	8.813297	-71.2707	-4.0744243	1.0	770000	17908.345539808273
308	-24.2	-24.2	-8.599999	-4.02121	6.087212	6.2230883	-66.833115	-4.0213404	0.9	772500	17966.40909266472
309	-24.72	-24.72	-10.0	-3.9987764	6.0851045	22.578907	-72.212204	-3.998931	1.0	775000	18025.718207597733
310	-28.28	-28.28	-8.5	-3.9801219	6.028949	14.020422	-70.56085	-3.9805467	1.0	777500	18084.76261281967
311	-27.5	-27.5	-8.0	-3.993105	6.0450397	9.81603	-63.54425	-3.9931903	1.0	780000	18144.731018066406
312	-29.22	-29.22	-10.400001	-3.9687538	5.985986	8.081213	-66.538925	-3.969191	1.0	782500	18204.283171653748
313	-29.92	-29.92	-10.0	-3.9388907	5.972367	10.917986	-63.734608	-3.9394026	1.0	785000	18264.27510714531
314	-31.24	-31.24	-9.8	-3.9371374	6.010841	7.5968904	-63.480736	-3.9372556	1.0	787500	18322.385758399963
315	-29.52	-29.52	-7.0	-3.9053836	5.97625	12.098618	-75.04954	-3.9056578	1.0	790000	18382.584298849106
316	-27.38	-27.38	-10.0	-3.922834	5.9622755	8.803251	-65.99658	-3.9227607	1.0	792500	18441.868801116943
317	-31.26	-31.26	-8.3	-3.9131799	5.9504166	12.136124	-63.094337	-3.9136233	1.0	795000	18502.27189707756
318	-25.58	-25.58	-18.199999	-3.8894238	5.9559827	17.855616	-68.30952	-3.8896568	0.7	797500	18561.598295211792
319	-29.28	-29.28	-10.2	-3.8556645	5.8951116	10.633101	-73.8244	-3.8559535	1.0	800000	18621.329813480377
320	-25.08	-25.08	-8.0	-3.8404307	5.8873215	9.274235	-65.47422	-3.8403687	1.0	802500	18680.911962032318
321	-30.76	-30.76	-9.099999	-3.8282864	5.8317485	8.298257	-62.683376	-3.8287063	1.0	805000	18740.244571208954
322	-29.74	-29.74	-11.9	-3.7932637	5.7860684	12.668924	-79.20991	-3.793505	1.0	807500	18798.339690208435
323	-22.88	-22.88	-9.599999	-3.7903986	5.7987957	6.3262424	-67.12847	-3.7904963	1.0	810000	18857.84919834137
324	-27.28	-27.28	-12.4	-3.776831	5.764813	7.6642594	-64.864296	-3.777175	1.0	812500	18917.12942147255
325	-27.82	-27.82	-11.2	-3.7387536	5.7247005	8.280478	-68.016235	-3.7386682	1.0	815000	18976.206760168076
326	-26.72	-26.72	-10.099999	-3.703178	5.69364	8.599174	-66.00384	-3.703502	1.0	817500	19034.77265548706
327	-27.22	-27.22	-7.4	-3.691491	5.6740656	10.613533	-70.64958	-3.6916707	1.0	820000	19094.20866370201
328	-29.66	-29.66	-10.2	-3.6972532	5.6985617	11.227915	-63.291996	-3.6975203	1.0	822500	19153.152168273926
329	-27.74	-27.74	-11.7	-3.6437948	5.599649	5.097436	-68.334595	-3.6438456	0.9	825000	19213.14936184883
330	-26.4	-26.4	-9.400001	-3.6257105	5.626964	14.75732	-69.896774	-3.625756	1.0	827500	19272.366267204285
331	-29.96	-29.96	-9.5	-3.5963132	5.558523	7.110688	-75.15666	-3.5963507	1.0	830000	19331.79854989052
332	-30.48	-30.48	-9.2	-3.580065	5.5456166	8.011474	-72.63122	-3.5802302	1.0	832500	19390.457104206085
333	-27.82	-27.82	-9.400001	-3.5658882	5.5100427	8.568691	-63.920357	-3.5661907	1.0	835000	19449.59694671631
334	-28.28	-28.28	-7.5	-3.5638998	5.535261	8.519478	-61.027515	-3.5640635	1.0	837500	19508.901518583298
335	-26.52	-26.52	-8.599999	-3.5504224	5.5266447	6.5812225	-72.35736	-3.5510037	1.0	840000	19568.926739931107
336	-28.02	-28.02	-7.9	-3.5484085	5.484425	7.141367	-68.36935	-3.5486212	1.0	842500	19628.694089889526
337	-28.54	-28.54	-9.099999	-3.5404148	5.4780493	6.424124	-69.24436	-3.5407236	1.0	845000	19687.95568537712
338	-25.68	-25.68	-8.2	-3.540794	5.5514755	14.593731	-66.734245	-3.540949	1.0	847500	19746.962369918823
339	-29.64	-29.64	-9.7	-3.5505505	5.5722165	6.3284254	-86.64322	-3.5506928	1.0	850000	19805.240074396133
340	-24.98	-24.98	-9.599999	-3.550948	5.554997	7.402758	-68.13082	-3.5507987	1.0	852500	19864.823492765427
341	-26.02	-26.02	-10.0	-3.5309021	5.518191	7.0390773	-72.35006	-3.5309343	1.0	855000	19923.830788612366
342	-29.84	-29.84	-12.3	-3.513282	5.5151896	5.3878994	-67.437614	-3.513446	1.0	857500	19982.927558660507
343	-31.62	-31.62	-10.599999	-3.5003033	5.4725165	9.414654	-67.28276	-3.5002952	1.0	860000	20041.878509283066
344	-27.56	-27.56	-8.900001	-3.5171854	5.517855	5.040366	-63.5419	-3.5175333	1.0	862500	20101.804213762283
345	-22.78	-22.78	-7.9	-3.510379	5.5142593	5.6977262	-72.379875	-3.5103548	1.0	865000	20161.42798447609
346	-27.98	-27.98	-9.599999	-3.491849	5.4867606	5.9923	-66.86739	-3.4919915	1.0	867500	20221.14557003975
347	-24.9	-24.9	-9.8	-3.4774625	5.467432	6.0375023	-66.359825	-3.4774315	1.0	870000	20279.95381808281
348	-25.0	-25.0	-8.0	-3.474079	5.499717	8.561894	-73.58964	-3.4742079	1.0	872500	20340.43484902382
349	-26.44	-26.44	-10.8	-3.460648	5.470428	8.250547	-77.62998	-3.460591	1.0	875000	20399.49156165123
350	-26.48	-26.48	-9.7	-3.4568686	5.445103	11.800676	-70.01308	-3.456739	1.0	877500	20458.835101127625
351	-27.58	-27.58	-7.0	-3.457114	5.4707184	10.284326	-72.9811	-3.4574494	1.0	880000	20517.54849267006
352	-32.26	-32.26	-9.5	-3.4135926	5.3973985	7.3063927	-77.61097	-3.4138484	1.0	882500	20577.126399993896
353	-30.46	-30.46	-9.599999	-3.4155583	5.386027	6.0836487	-75.2066	-3.4152944	1.0	885000	20635.647858142853
354	-27.22	-27.22	-8.7	-3.4527366	5.478956	8.187203	-69.30595	-3.4525542	1.0	887500	20695.034715414047
355	-27.06	-27.06	-10.7	-3.4322283	5.4401817	5.863861	-65.00862	-3.4325643	1.0	890000	20753.473520755768
356	-31.04	-31.04	-7.8	-3.42601	5.452642	9.192864	-66.79047	-3.4262013	1.0	892500	20813.448878765106
357	-22.9	-22.9	-6.4	-3.4131646	5.3947024	10.367408	-65.88014	-3.413159	1.0	895000	20872.290536403656
358	-27.8	-27.8	-10.5	-3.421869	5.451876	7.4246883	-79.2665	-3.421771	1.0	897500	20931.262566804886
359	-28.62	-28.62	-10.099999	-3.4177854	5.4411945	12.581245	-68.03901	-3.4174867	1.0	900000	20990.034826755524
360	-27.52	-27.52	-8.900001	-3.4206295	5.47438	15.050011	-72.21747	-3.4205177	1.0	902500	21049.565071344376
361	-29.18	-29.18	-7.8	-3.415556	5.470504	6.700592	-71.95793	-3.4157476	1.0	905000	21109.273289203644
362	-28.34	-28.34	-8.8	-3.4124086	5.477949	6.2345037	-97.02248	-3.4124165	1.0	907500	21168.677455186844
363	-25.42	-25.42	-9.400001	-3.41619	5.485643	16.72761	-81.68497	-3.416145	1.0	910000	21228.72681951523
364	-25.88	-25.88	-8.8	-3.4118872	5.456091	8.551197	-66.29958	-3.4116828	1.0	912500	21288.494099378586
365	-27.42	-27.42	-12.0	-3.4284627	5.540214	13.817628	-77.12264	-3.4280984	0.9	915000	21347.807996034622
366	-27.3	-27.3	-8.2	-3.4303124	5.4947143	7.3374605	-137.33733	-3.4302888	1.0	917500	21406.88623738289
367	-30.26	-30.26	-9.5	-3.4352238	5.46589	7.0454674	-66.598946	-3.4354005	0.9	920000	21465.519148111343
368	-27.58	-27.58	-13.3	-3.4338934	5.478156	5.198911	-72.53163	-3.4340808	0.9	922500	21524.479156970978
369	-27.08	-27.08	-8.900001	-3.4261127	5.4986777	11.693628	-70.14322	-3.4260936	1.0	925000	21583.39873290062
370	-23.16	-23.16	-8.5	-3.3843424	5.443197	8.701658	-68.41215	-3.3843544	1.0	927500	21642.73044705391
371	-32.36	-32.36	-10.0	-3.3936942	5.438492	9.754442	-66.54207	-3.3936195	1.0	930000	21701.824573278427
372	-30.58	-30.58	-9.5	-3.4012272	5.4535766	10.619031	-66.41645	-3.4012382	1.0	932500	21761.618962287903
373	-30.54	-30.54	-8.900001	-3.3938267	5.4703803	9.418661	-67.30993	-3.3937285	1.0	935000	21820.279629468918
374	-29.32	-29.32	-10.400001	-3.414926	5.474332	7.230179	-64.51572	-3.4149175	1.0	937500	21879.67098093033
375	-26.68	-26.68	-7.0	-3.4004116	5.4398174	7.0148315	-67.06047	-3.4003274	1.0	940000	21938.34042429924
376	-32.06	-32.06	-9.900001	-3.393794	5.4246507	9.123474	-68.5195	-3.393724	1.0	942500	21997.841208934784
377	-27.2	-27.2	-8.3	-3.3958855	5.4608974	5.328175	-65.27814	-3.3959045	1.0	945000	22056.74590754509
378	-28.4	-28.4	-10.0	-3.3765814	5.4334855	9.833685	-63.54669	-3.376414	1.0	947500	22115.663617134094
379	-27.94	-27.94	-8.5	-3.384756	5.4195714	6.1375027	-65.55608	-3.3849103	1.0	950000	22174.686475753784
380	-29.38	-29.38	-8.900001	-3.3918197	5.418092	9.030207	-62.307304	-3.3919647	1.0	952500	22235.560546875
381	-29.82	-29.82	-8.900001	-3.396646	5.4641495	10.544506	-71.809654	-3.3966749	1.0	955000	22293.864279031754
382	-21.96	-21.96	-8.400001	-3.3610125	5.3911552	11.912995	-67.01257	-3.360772	1.0	957500	22354.29041838646
383	-29.14	-29.14	-9.7	-3.3705883	5.428865	5.837905	-68.24671	-3.370663	1.0	960000	22412.978432416916
384	-28.38	-28.38	-10.599999	-3.3685236	5.4145293	12.526069	-71.165794	-3.3688362	1.0	962500	22472.640861988068
385	-27.62	-27.62	-9.400001	-3.3588424	5.395988	11.990927	-66.83443	-3.3588543	1.0	965000	22531.166370153427
386	-25.5	-25.5	-9.400001	-3.3496354	5.376581	5.942268	-65.68823	-3.3496604	1.0	967500	22590.479392290115
387	-25.18	-25.18	-8.099999	-3.3395092	5.3621297	6.147032	-69.66764	-3.3395765	1.0	970000	22649.96126627922
388	-24.5	-24.5	-9.400001	-3.3403053	5.3729067	6.1877327	-68.151344	-3.34048	1.0	972500	22708.685254096985
389	-28.68	-28.68	-9.5	-3.3380697	5.375118	17.252945	-65.03022	-3.3378227	1.0	975000	22767.79412007332
390	-24.58	-24.58	-8.2	-3.331087	5.364904	9.265286	-70.04338	-3.331257	1.0	977500	22826.0601978302
391	-32.36	-32.36	-9.0	-3.3251472	5.312569	7.019382	-69.21939	-3.325115	1.0	980000	22884.715963363647
392	-24.28	-24.28	-10.8	-3.3221738	5.307961	5.435652	-81.51677	-3.3218503	0.9	982500	22943.523951530457
393	-26.78	-26.78	-10.2	-3.321812	5.355743	6.3466716	-65.39897	-3.3219073	1.0	985000	23002.956109285355
394	-26.86	-26.86	-9.7	-3.3050656	5.2964754	5.4176474	-65.249	-3.3050315	1.0	987500	23060.909422397614
395	-28.62	-28.62	-8.7	-3.293383	5.237551	10.042226	-70.52571	-3.2931004	1.0	990000	23119.90415239334
396	-27.58	-27.58	-8.099999	-3.307427	5.285024	15.962869	-79.92272	-3.3077528	1.0	992500	23179.168420791626
397	-30.46	-30.46	-8.099999	-3.3146594	5.3075356	24.8115	-69.9516	-3.3146799	1.0	995000	23238.52892279625
398	-31.1	-31.1	-8.8	-3.311446	5.265804	16.644787	-69.523445	-3.3110442	0.9	997500	23297.12430357933
399	-27.16	-27.16	-10.0	-3.4406734	5.42588	15.825753	-66.04029	-3.4403572	1.0	1000000	23357.27020764351
400	-29.2	-29.2	-10.3	-3.438975	5.4313273	7.3087435	-66.681694	-3.4391577	1.0	1002500	23415.650106191635
401	-31.26	-31.26	-6.4	-3.4190512	5.3885875	7.3542223	-67.394684	-3.4190915	1.0	1005000	23475.2068195343
402	-25.3	-25.3	-14.5	-3.3978455	5.38374	13.592159	-67.74391	-3.3974636	0.9	1007500	23534.73008799553
403	-28.34	-28.34	-12.4	-3.4187756	5.4309273	7.93551	-67.39222	-3.4191	1.0	1010000	23593.9547457695
404	-26.36	-26.36	-8.400001	-3.421904	5.453072	12.917707	-74.2345	-3.4218152	1.0	1012500	23653.330354213715
405	-30.52	-30.52	-8.3	-3.3805964	5.360228	4.864222	-69.09122	-3.3806436	1.0	1015000	23712.940834760666
406	-25.7	-25.7	-8.400001	-3.3824136	5.3457513	16.154001	-64.86076	-3.3826106	1.0	1017500	23771.98435664177
407	-28.7	-28.7	-9.7	-3.3859775	5.398281	13.364502	-68.63448	-3.3861554	1.0	1020000	23832.693997383118
408	-26.9	-26.9	-10.2	-3.371023	5.3352795	12.395505	-71.69599	-3.3710845	1.0	1022500	23890.945023298264
409	-28.56	-28.56	-8.599999	-3.358134	5.3402057	18.509285	-72.0324	-3.3582935	1.0	1025000	23950.23488664627
410	-28.64	-28.64	-10.5	-3.3776531	5.378224	8.390879	-68.43315	-3.3775203	1.0	1027500	24009.672265529633
411	-26.66	-26.66	-8.400001	-3.40997	5.4143047	8.030853	-74.28934	-3.409903	1.0	1030000	24069.143442869186
412	-29.52	-29.52	-9.900001	-3.4114542	5.435647	22.835943	-72.00256	-3.411293	1.0	1032500	24128.618247032166
413	-30.54	-30.54	-10.3	-3.4133937	5.42202	9.872168	-69.80051	-3.4133687	1.0	1035000	24188.753506422043
414	-29.36	-29.36	-8.599999	-3.420279	5.4172096	22.10524	-73.18112	-3.4203777	1.0	1037500	24247.291563749313
415	-25.72	-25.72	-9.900001	-3.4235098	5.4445257	10.369074	-66.06712	-3.423638	1.0	1040000	24306.63736486435
416	-26.04	-26.04	-8.5	-3.480768	5.4860725	26.514372	-67.84862	-3.4805605	1.0	1042500	24366.042553424835
417	-29.22	-29.22	-9.900001	-3.4988801	5.511486	16.177492	-64.859924	-3.4987855	1.0	1045000	24425.303114652634
418	-29.0	-29.0	-10.099999	-3.4328694	5.477105	7.5664086	-64.20942	-3.432837	1.0	1047500	24483.438278913498
419	-28.12	-28.12	-12.6	-3.462286	5.5112934	16.285303	-80.72132	-3.4619288	0.9	1050000	24542.99605035782
420	-27.14	-27.14	-9.0	-3.465594	5.5174336	24.120298	-74.22566	-3.4653666	1.0	1052500	24600.168303966522
421	-28.22	-28.22	-7.7	-3.4727814	5.521765	14.109134	-78.51467	-3.4726822	1.0	1055000	24659.448866844177
422	-26.04	-26.04	-10.3	-3.5003705	5.5091143	17.114721	-68.95495	-3.5000243	1.0	1057500	24717.607566833496
423	-27.66	-27.66	-8.3	-3.4479918	5.4610596	6.956109	-65.81371	-3.4478524	1.0	1060000	24777.131910085678
424	-25.8	-25.8	-8.3	-3.4241443	5.4537034	14.58738	-63.40721	-3.424347	1.0	1062500	24835.499470472336
425	-31.74	-31.74	-8.599999	-3.4413204	5.4544015	16.13929	-68.881935	-3.440838	1.0	1065000	24895.339624881744
426	-28.78	-28.78	-10.3	-3.4235587	5.4529676	14.970819	-74.268394	-3.4234438	1.0	1067500	24954.303292036057
427	-26.06	-26.06	-9.0	-3.4241152	5.4399834	17.29595	-65.206375	-3.424009	1.0	1070000	25013.72269797325
428	-33.0	-33.0	-9.400001	-3.4486318	5.4813213	7.541213	-74.859406	-3.448574	1.0	1072500	25072.12232041359
429	-25.9	-25.9	-10.099999	-3.4716418	5.50221	5.808557	-60.323235	-3.4712727	1.0	1075000	25131.631548166275
430	-28.34	-28.34	-8.099999	-3.4666646	5.536768	16.558765	-69.91971	-3.4665406	1.0	1077500	25190.88015127182
431	-29.36	-29.36	-11.599999	-3.5019271	5.5562296	6.786338	-72.24068	-3.5020366	1.0	1080000	25250.183809280396
432	-32.06	-32.06	-15.2	-3.4744544	5.506142	15.068523	-65.31997	-3.474319	0.9	1082500	25309.217482328415
433	-24.66	-24.66	-8.599999	-3.4843209	5.5356674	6.440324	-65.582664	-3.4839876	1.0	1085000	25368.316306352615
434	-27.64	-27.64	-9.400001	-3.454453	5.5143623	5.181778	-70.31331	-3.4546144	1.0	1087500	25427.757702827454
435	-28.78	-28.78	-10.599999	-3.4602835	5.5094295	7.6343174	-69.39	-3.4599087	1.0	1090000	25486.248225450516
436	-26.2	-26.2	-9.599999	-3.4373107	5.4513187	15.438601	-67.24281	-3.437646	1.0	1092500	25545.17991566658
437	-22.68	-22.68	-8.599999	-3.4506595	5.4582443	7.4194584	-64.75558	-3.4504404	1.0	1095000	25603.669620513916
438	-27.6	-27.6	-9.099999	-3.485913	5.5011325	22.23478	-69.782394	-3.485658	1.0	1097500	25663.14628124237
439	-26.36	-26.36	-11.099999	-3.492871	5.5225916	13.13884	-71.874115	-3.4931047	1.0	1100000	25721.597500562668
440	-26.94	-26.94	-9.7	-3.5152621	5.538133	5.552166	-63.28204	-3.5146625	1.0	1102500	25780.840351343155
441	-29.18	-29.18	-8.7	-3.471194	5.504064	27.423758	-79.73346	-3.4709256	1.0	1105000	25839.571845769882
442	-28.96	-28.96	-9.8	-3.5303059	5.5508347	13.768675	-74.64653	-3.5296488	1.0	1107500	25897.828670978546
443	-28.86	-28.86	-11.3	-3.5523858	5.598085	12.772033	-67.88539	-3.5520613	1.0	1110000	25956.457543373108
444	-24.96	-24.96	-7.7	-3.4395664	5.451851	5.5297527	-66.89546	-3.4393969	1.0	1112500	26016.770374536514
445	-24.82	-24.82	-9.3	-3.4356062	5.463474	16.686707	-76.717476	-3.4352636	1.0	1115000	26075.32801938057
446	-28.1	-28.1	-9.3	-3.444935	5.469312	22.41946	-71.270584	-3.4450717	1.0	1117500	26134.67987346649
447	-25.28	-25.28	-8.2	-3.4252222	5.404873	13.794157	-88.52254	-3.4247909	1.0	1120000	26193.045845508575
448	-28.54	-28.54	-7.6	-3.427596	5.3789997	18.268661	-66.34179	-3.4272645	1.0	1122500	26251.835758447647
449	-27.96	-27.96	-8.5	-3.4318056	5.432839	10.76037	-75.29553	-3.4315162	1.0	1125000	26310.867899656296
450	-25.04	-25.04	-8.7	-3.4146912	5.358209	7.900586	-72.628	-3.414372	1.0	1127500	26372.058320999146
451	-28.7	-28.7	-8.3	-3.4078546	5.3341465	27.158415	-65.640945	-3.4076834	1.0	1130000	26430.074942350388
452	-26.48	-26.48	-6.9	-3.406034	5.382126	6.692687	-67.7909	-3.4059336	1.0	1132500	26489.842445135117
453	-29.48	-29.48	-7.6	-3.4019296	5.3613434	10.738657	-82.225464	-3.401471	1.0	1135000	26547.47485113144
454	-29.28	-29.28	-7.7	-3.4018357	5.3507094	13.018351	-66.549706	-3.401849	1.0	1137500	26606.806502580643
455	-27.56	-27.56	-10.3	-3.3856993	5.3682437	8.477373	-61.086338	-3.3858452	1.0	1140000	26666.001145124435
456	-25.32	-25.32	-8.400001	-3.4019852	5.386147	12.990726	-71.433846	-3.4016173	1.0	1142500	26725.108816623688
457	-28.52	-28.52	-7.8	-3.4033725	5.409871	8.884337	-76.877045	-3.403116	1.0	1145000	26783.471696138382
458	-27.1	-27.1	-9.400001	-3.3899946	5.4200335	7.4822674	-85.54176	-3.390065	1.0	1147500	26842.993911743164
459	-29.6	-29.6	-13.5	-3.418666	5.4597864	13.345069	-77.050026	-3.4187849	0.9	1150000	26901.533616304398
460	-30.28	-30.28	-10.400001	-3.4085464	5.416422	6.5143824	-66.93909	-3.408021	1.0	1152500	26960.269686222076
461	-27.18	-27.18	-9.7	-3.4176683	5.4250774	8.799731	-70.82352	-3.4175751	1.0	1155000	27018.774408102036
462	-28.84	-28.84	-8.2	-3.394169	5.3901067	15.124219	-63.558586	-3.393983	1.0	1157500	27078.314656972885
463	-28.4	-28.4	-8.599999	-3.4019768	5.385145	7.5278296	-65.132065	-3.4021459	1.0	1160000	27137.512214183807
464	-28.8	-28.8	-10.0	-3.4239671	5.429567	10.393011	-69.60446	-3.4236832	1.0	1162500	27196.896689891815
465	-26.7	-26.7	-9.599999	-3.4704814	5.4750466	11.907136	-69.10739	-3.4703357	1.0	1165000	27254.95961689949
466	-25.68	-25.68	-12.5	-3.488618	5.53798	6.5988827	-80.73235	-3.4884162	0.9	1167500	27314.733983039856
467	-26.84	-26.84	-11.2	-3.4453113	5.457409	11.79941	-81.92594	-3.4452763	1.0	1170000	27372.901983499527
468	-29.4	-29.4	-9.400001	-3.4981656	5.542814	7.3466406	-63.702934	-3.4980783	1.0	1172500	27432.64430165291
469	-29.02	-29.02	-9.0	-3.5088387	5.5588617	7.0109553	-67.4321	-3.5085487	1.0	1175000	27491.12245798111
470	-29.5	-29.5	-13.3	-3.5208085	5.5335474	8.614659	-72.65386	-3.520596	1.0	1177500	27549.90778017044
471	-28.56	-28.56	-10.0	-3.511457	5.5435224	11.016657	-74.833824	-3.511557	1.0	1180000	27608.44589614868
472	-27.98	-27.98	-10.5	-3.481388	5.5243807	5.5908594	-75.72612	-3.4813209	1.0	1182500	27666.93229174614
473	-29.5	-29.5	-9.900001	-3.439201	5.4379015	11.563427	-62.669193	-3.4390826	1.0	1185000	27723.595613718033
474	-29.46	-29.46	-6.7	-3.4334612	5.4520574	5.5196676	-70.416504	-3.4333386	1.0	1187500	27780.605621099472
475	-23.42	-23.42	-8.599999	-3.4172635	5.438441	25.08488	-66.46036	-3.4174345	1.0	1190000	27838.958141565323
476	-25.24	-25.24	-8.400001	-3.407204	5.4522834	8.510976	-68.99558	-3.4071693	1.0	1192500	27895.046136379242
477	-27.62	-27.62	-8.7	-3.4109843	5.3987007	12.74612	-65.32854	-3.410935	1.0	1195000	27951.80265235901
478	-27.7	-27.7	-11.3	-3.4770508	5.5207615	8.206962	-67.786125	-3.477195	1.0	1197500	28008.277445316315
479	-28.76	-28.76	-8.3	-3.4246235	5.4611816	7.850895	-83.57956	-3.4246476	1.0	1200000	28064.700692892075
480	-28.38	-28.38	-10.0	-3.43031	5.427664	11.659733	-63.004147	-3.4301877	1.0	1202500	28121.574392795563
481	-27.34	-27.34	-5.7000003	-3.3776689	5.3634825	5.283995	-71.21316	-3.377638	1.0	1205000	28179.535049676895
482	-29.94	-29.94	-11.099999	-3.3993242	5.427406	7.0782104	-71.85204	-3.3991296	1.0	1207500	28235.693153381348
483	-29.16	-29.16	-9.0	-3.4074137	5.412626	8.49195	-71.3707	-3.4074128	1.0	1210000	28292.591997861862
484	-25.96	-25.96	-11.0	-3.396024	5.392135	6.6252728	-67.21415	-3.395782	1.0	1212500	28348.46362400055
485	-25.06	-25.06	-7.5	-3.4047554	5.4091763	8.541639	-62.497597	-3.4046814	1.0	1215000	28404.337980031967
486	-26.58	-26.58	-7.3	-3.4174955	5.44188	7.2903614	-74.40889	-3.417358	1.0	1217500	28459.64829850197
487	-32.04	-32.04	-9.3	-3.4326298	5.488165	18.908241	-78.160515	-3.4326746	1.0	1220000	28514.44294977188
488	-22.18	-22.18	-11.8	-3.4518633	5.493261	6.758173	-71.57357	-3.4516494	1.0	1222500	28568.709631204605
489	-30.04	-30.04	-9.8	-3.4776542	5.55716	13.176491	-66.18912	-3.4774702	1.0	1225000	28624.836870908737
490	-31.1	-31.1	-10.099999	-3.488103	5.5583663	8.6614	-70.54126	-3.4878654	1.0	1227500	28679.78966808319
491	-24.9	-24.9	-11.5	-3.593513	5.7422233	8.592619	-89.099945	-3.5934808	1.0	1230000	28735.337255954742
492	-24.58	-24.58	-9.900001	-3.5744326	5.739588	6.5814753	-71.99487	-3.5741987	1.0	1232500	28791.98708128929
493	-27.34	-27.34	-10.8	-3.5230205	5.6280093	11.099672	-66.89772	-3.5229683	1.0	1235000	28846.88976573944
494	-34.04	-34.04	-8.8	-3.5271935	5.6649876	9.102943	-75.73698	-3.5270078	1.0	1237500	28903.17149424553
495	-29.04	-29.04	-7.8	-3.4792948	5.593352	8.370441	-75.772995	-3.4792492	1.0	1240000	28958.418887615204
496	-25.86	-25.86	-8.7	-3.5125802	5.631382	6.2943916	-65.259514	-3.5127096	1.0	1242500	29014.095379590988
497	-26.56	-26.56	-9.3	-3.500754	5.641901	6.8665395	-69.090485	-3.5006711	1.0	1245000	29069.085659742355
498	-25.82	-25.82	-11.400001	-3.4628751	5.560131	5.106086	-71.349434	-3.4627137	1.0	1247500	29124.96415734291
499	-30.64	-30.64	-10.2	-3.4595056	5.5280504	6.4086895	-76.02409	-3.4595163	1.0	1250000	29180.741817235947
