Epoch	EpRet	EpRealRet	TestEpRet	AverageQ1	StdQ1	MaxQ1	MinQ1	Q2	TestSuccess	TotalEnvInteracts	TotalTime
0	-48.0	-48.0	-50.0	-0.4499733	1.0022926	0.39588255	-7.81852	-0.44989818	0.0	2500	43.710854291915894
1	-46.68	-46.68	-45.0	-1.1909465	2.4428043	2.3171563	-15.500718	-1.190878	0.1	5000	86.59986329078674
2	-48.0	-48.0	-50.0	-1.8624752	3.7727087	0.5886401	-17.57411	-1.8622983	0.0	7500	129.85713863372803
3	-49.0	-49.0	-50.0	-2.3415408	4.7732244	1.8575191	-24.016022	-2.3413558	0.0	10000	173.03589296340942
4	-49.0	-49.0	-45.0	-2.7353556	5.5936723	1.0305648	-24.62143	-2.7352414	0.1	12500	216.76864552497864
5	-50.0	-50.0	-45.0	-3.0963402	6.328097	0.9854456	-30.562202	-3.0963259	0.1	15000	259.31352138519287
6	-46.86	-46.86	-50.0	-3.4342797	7.0126715	1.2238139	-34.575417	-3.4341261	0.0	17500	301.8341021537781
7	-48.42	-48.42	-45.0	-3.7123096	7.5746136	1.7526293	-32.062157	-3.7121806	0.1	20000	345.1316542625427
8	-49.0	-49.0	-50.0	-3.9268453	8.023117	1.1736639	-36.284122	-3.926732	0.0	22500	388.13356280326843
9	-49.0	-49.0	-50.0	-4.142356	8.444845	1.6513063	-37.072952	-4.1422486	0.0	25000	430.00282621383667
10	-46.0	-46.0	-45.0	-4.285343	8.743944	1.9972606	-34.941685	-4.285231	0.1	27500	472.20428013801575
11	-46.34	-46.34	-50.0	-4.3858347	8.982377	2.1641614	-46.424343	-4.385716	0.0	30000	515.3266909122467
12	-49.0	-49.0	-50.0	-4.544369	9.265257	1.6996886	-47.96671	-4.544022	0.0	32500	558.5939254760742
13	-47.7	-47.7	-50.0	-4.660476	9.502557	2.3024974	-53.237133	-4.660379	0.0	35000	601.3289632797241
14	-48.0	-48.0	-50.0	-4.7690973	9.729719	5.523094	-58.23869	-4.7689085	0.0	37500	644.1863379478455
15	-49.0	-49.0	-50.0	-4.9091225	9.964113	4.127729	-56.944454	-4.9089274	0.0	40000	687.054673910141
16	-46.16	-46.16	-50.0	-5.013051	10.153906	2.3243809	-55.185295	-5.0130973	0.0	42500	729.7788693904877
17	-50.0	-50.0	-50.0	-5.067532	10.301082	3.6003954	-53.448433	-5.0674095	0.0	45000	772.7730941772461
18	-49.0	-49.0	-50.0	-5.1681337	10.47015	4.984842	-57.791115	-5.168071	0.0	47500	816.4600465297699
19	-46.82	-46.82	-50.0	-5.2204013	10.582411	4.8281465	-69.10423	-5.220379	0.0	50000	859.7162411212921
20	-45.62	-45.62	-50.0	-5.3058305	10.722301	4.3066993	-56.29337	-5.3059015	0.0	52500	902.5951991081238
21	-49.0	-49.0	-45.0	-5.357286	10.835288	4.820358	-57.41312	-5.357145	0.1	55000	945.8561508655548
22	-46.76	-46.76	-35.600002	-5.4205503	10.955268	4.2164235	-60.09233	-5.4203625	0.3	57500	989.1242864131927
23	-48.0	-48.0	-45.0	-5.422259	11.003346	4.9257827	-53.9393	-5.4222145	0.1	60000	1032.6056869029999
24	-49.0	-49.0	-50.0	-5.497211	11.116911	4.5962396	-59.25436	-5.497109	0.0	62500	1076.6791524887085
25	-49.0	-49.0	-45.0	-5.543026	11.2042055	5.8163424	-59.43192	-5.542837	0.1	65000	1119.9683272838593
26	-49.0	-49.0	-50.0	-5.5715594	11.274387	5.521769	-60.700867	-5.5714636	0.0	67500	1162.7930738925934
27	-48.0	-48.0	-50.0	-5.585421	11.318272	5.757327	-59.043415	-5.5854254	0.0	70000	1205.2949755191803
28	-48.58	-48.58	-50.0	-5.6351037	11.38482	3.753419	-64.3394	-5.635007	0.0	72500	1248.689683675766
29	-50.0	-50.0	-50.0	-5.6618414	11.428086	8.623463	-53.573498	-5.661849	0.0	75000	1292.2328572273254
30	-49.0	-49.0	-45.0	-5.676385	11.456969	10.474446	-61.68412	-5.6762877	0.1	77500	1334.7793979644775
31	-46.0	-46.0	-40.0	-5.6663857	11.458655	6.1573153	-56.445847	-5.6663427	0.2	80000	1375.8532047271729
32	-46.54	-46.54	-45.0	-5.662911	11.466112	8.639778	-54.0588	-5.662744	0.1	82500	1417.8396565914154
33	-49.94	-49.94	-45.0	-5.668118	11.486926	3.6623342	-58.993114	-5.668094	0.1	85000	1459.6555840969086
34	-44.32	-44.32	-45.0	-5.7292686	11.551614	4.950593	-52.3684	-5.729024	0.1	87500	1503.3245129585266
35	-46.0	-46.0	-50.0	-5.708471	11.54812	4.3206854	-54.890327	-5.7084217	0.0	90000	1546.308556318283
36	-48.54	-48.54	-50.0	-5.696256	11.539035	4.6282754	-61.97928	-5.6963506	0.0	92500	1589.4503734111786
37	-48.74	-48.74	-50.0	-5.6878414	11.537789	8.340145	-54.9836	-5.6875415	0.0	95000	1633.2082071304321
38	-46.32	-46.32	-50.0	-5.7257247	11.573981	6.6761937	-53.41369	-5.725566	0.0	97500	1676.4341127872467
39	-50.0	-50.0	-45.0	-5.6980586	11.558596	7.2709126	-56.803307	-5.69791	0.1	100000	1719.622727394104
40	-50.0	-50.0	-45.0	-5.704587	11.5819645	7.8975434	-57.10889	-5.704309	0.1	102500	1763.107818365097
41	-48.42	-48.42	-50.0	-5.747818	11.63438	5.3437266	-57.50993	-5.747905	0.0	105000	1805.9479200839996
42	-47.52	-47.52	-50.0	-5.756654	11.637389	6.925757	-60.351887	-5.7565184	0.0	107500	1848.5947806835175
43	-50.0	-50.0	-45.0	-5.770547	11.652664	7.869722	-56.04806	-5.7703032	0.1	110000	1891.328311920166
44	-50.0	-50.0	-45.0	-5.802569	11.681409	4.694379	-54.69866	-5.8023643	0.1	112500	1934.40802359581
45	-47.76	-47.76	-50.0	-5.794475	11.680912	9.929011	-56.017014	-5.7944202	0.0	115000	1977.5894169807434
46	-47.76	-47.76	-45.0	-5.8189015	11.698896	7.878238	-52.218735	-5.8187103	0.1	117500	2020.178389787674
47	-49.52	-49.52	-50.0	-5.8018484	11.685042	11.379731	-55.619343	-5.8017087	0.0	120000	2063.741008758545
48	-48.0	-48.0	-45.0	-5.7926216	11.679842	8.642886	-55.338387	-5.7925324	0.1	122500	2106.7067217826843
49	-48.0	-48.0	-50.0	-5.7917385	11.69347	5.2154446	-53.721985	-5.7916102	0.0	125000	2149.9127781391144
50	-48.0	-48.0	-50.0	-5.8166785	11.707724	8.201705	-58.468506	-5.8166127	0.0	127500	2192.0424087047577
51	-50.0	-50.0	-40.0	-5.8030057	11.703287	4.7028933	-57.884525	-5.8028502	0.2	130000	2234.8143792152405
52	-46.88	-46.88	-50.0	-5.8364816	11.744799	8.841204	-59.89622	-5.8363695	0.0	132500	2277.5041999816895
53	-47.0	-47.0	-45.0	-5.8095284	11.730999	4.523111	-58.371136	-5.8093295	0.1	135000	2320.3696835041046
54	-49.96	-49.96	-50.0	-5.812995	11.739467	4.957324	-55.248512	-5.8129582	0.0	137500	2362.98699259758
55	-48.0	-48.0	-50.0	-5.8363304	11.76018	6.9912477	-56.11153	-5.836149	0.0	140000	2406.3295974731445
56	-49.06	-49.06	-50.0	-5.8530855	11.784106	5.7168245	-54.873337	-5.853244	0.0	142500	2449.6781969070435
57	-47.82	-47.82	-50.0	-5.8659844	11.804846	4.9917355	-59.59289	-5.8659496	0.0	145000	2492.383637189865
58	-47.9	-47.9	-45.3	-5.8703165	11.8177395	5.8876863	-57.94062	-5.8700595	0.1	147500	2535.2078433036804
59	-46.24	-46.24	-47.6	-5.9061837	11.843301	4.7976146	-57.959015	-5.9057193	0.1	150000	2577.630521297455
60	-49.26	-49.26	-50.0	-5.8631153	11.818039	10.574078	-55.028526	-5.8633137	0.0	152500	2620.429491043091
61	-48.16	-48.16	-50.0	-5.8787465	11.82899	9.382706	-59.97999	-5.878844	0.0	155000	2663.0034658908844
62	-49.84	-49.84	-50.0	-5.8802667	11.847203	6.869826	-53.847744	-5.8799305	0.0	157500	2705.0614292621613
63	-49.0	-49.0	-50.0	-5.9514947	11.920008	4.315893	-57.170433	-5.9514766	0.0	160000	2748.139955997467
64	-47.14	-47.14	-50.0	-5.905002	11.904003	6.0333962	-54.35535	-5.9049363	0.0	162500	2792.0434856414795
65	-46.14	-46.14	-45.399998	-5.928561	11.938897	4.8439536	-56.217937	-5.9284773	0.1	165000	2835.5362963676453
66	-45.44	-45.44	-50.0	-5.954147	11.966417	7.0755453	-57.40005	-5.954229	0.0	167500	2879.320099592209
67	-47.48	-47.48	-50.0	-5.969388	11.99675	4.7333226	-60.224663	-5.969224	0.0	170000	2922.8707268238068
68	-46.84	-46.84	-50.0	-5.9886155	12.037654	3.6349833	-61.422947	-5.988606	0.0	172500	2965.6401958465576
69	-48.12	-48.12	-50.0	-6.0002427	12.062384	4.7070465	-60.531593	-5.9999647	0.0	175000	3008.465535402298
70	-47.12	-47.12	-50.0	-6.0008187	12.073845	5.922095	-55.43024	-6.0005116	0.0	177500	3051.9948670864105
71	-46.94	-46.94	-50.0	-5.9927564	12.077811	8.020693	-64.872475	-5.9926977	0.0	180000	3095.11368393898
72	-48.34	-48.34	-50.0	-5.993326	12.082484	6.2988625	-59.05363	-5.9930124	0.0	182500	3138.0919070243835
73	-47.92	-47.92	-50.0	-6.017444	12.113094	4.797156	-57.89681	-6.0174365	0.0	185000	3181.0402257442474
74	-49.48	-49.48	-50.0	-6.0500627	12.145891	7.599019	-65.24375	-6.049657	0.0	187500	3223.90869474411
75	-48.0	-48.0	-48.5	-6.0734434	12.169254	7.387715	-57.038727	-6.0735936	0.1	190000	3267.0087950229645
76	-44.68	-44.68	-45.0	-6.0393996	12.157735	5.089038	-63.560143	-6.039198	0.1	192500	3311.825680732727
77	-48.3	-48.3	-45.0	-6.0448456	12.167981	6.6640477	-63.079258	-6.0443416	0.1	195000	3355.153974056244
78	-45.32	-45.32	-45.7	-6.094382	12.216557	7.6376076	-58.92993	-6.093877	0.1	197500	3397.9645488262177
79	-46.0	-46.0	-50.0	-6.0764074	12.214615	7.310492	-59.246494	-6.076045	0.0	200000	3441.129494190216
80	-49.26	-49.26	-50.0	-6.0721073	12.222364	7.628277	-60.734417	-6.0720997	0.0	202500	3484.260139465332
81	-46.92	-46.92	-45.899998	-6.0898447	12.230812	7.35646	-58.887707	-6.0897374	0.1	205000	3526.8594036102295
82	-49.2	-49.2	-49.7	-6.1050053	12.245477	4.267701	-65.49132	-6.104687	0.0	207500	3569.496273756027
83	-45.58	-45.58	-46.6	-6.1234603	12.267425	6.354883	-59.64926	-6.123409	0.0	210000	3612.5406806468964
84	-49.2	-49.2	-36.100002	-6.103487	12.254949	5.711127	-60.646893	-6.103336	0.3	212500	3655.2290358543396
85	-44.88	-44.88	-43.0	-6.093739	12.251755	6.221299	-59.308033	-6.093579	0.2	215000	3698.358630180359
86	-48.56	-48.56	-50.0	-6.088849	12.239543	5.1465154	-60.38306	-6.0887513	0.0	217500	3741.452399492264
87	-45.3	-45.3	-50.0	-6.076127	12.222989	5.694903	-58.364586	-6.0761075	0.0	220000	3784.3631432056427
88	-49.22	-49.22	-50.0	-6.0870495	12.22508	5.003614	-58.70423	-6.086781	0.0	222500	3827.279548883438
89	-47.64	-47.64	-50.0	-6.1127496	12.2531	4.6816688	-57.579277	-6.112315	0.0	225000	3871.3715879917145
90	-47.64	-47.64	-46.0	-6.1064954	12.239412	6.928664	-67.44514	-6.1066446	0.1	227500	3914.527291059494
91	-49.08	-49.08	-50.0	-6.101657	12.234138	5.9635653	-58.03393	-6.101586	0.0	230000	3957.499292373657
92	-46.38	-46.38	-50.0	-6.120756	12.253113	6.088387	-59.74683	-6.1210523	0.0	232500	4001.1231195926666
93	-47.48	-47.48	-36.7	-6.106106	12.246477	5.1106267	-58.522575	-6.1059194	0.3	235000	4044.3386948108673
94	-44.76	-44.76	-44.899998	-6.126022	12.269686	6.78806	-62.432274	-6.1261992	0.1	237500	4086.66597366333
95	-48.06	-48.06	-45.0	-6.1575584	12.29058	9.517233	-58.116352	-6.1578574	0.1	240000	4129.103406429291
96	-48.5	-48.5	-36.399998	-6.1176615	12.261571	9.204156	-58.31094	-6.117761	0.3	242500	4171.920222043991
97	-48.34	-48.34	-45.399998	-6.1491103	12.281905	10.440852	-58.446793	-6.1495967	0.1	245000	4214.611753940582
98	-46.48	-46.48	-45.899998	-6.093737	12.225913	4.8145666	-62.47797	-6.0936575	0.1	247500	4257.088428020477
99	-48.44	-48.44	-50.0	-6.1208544	12.23419	8.732747	-56.286854	-6.1212063	0.0	250000	4299.956686258316
100	-47.24	-47.24	-46.8	-6.1291423	12.22677	4.6346464	-57.33976	-6.12921	0.1	252500	4342.506046295166
101	-46.3	-46.3	-47.9	-6.107509	12.192204	5.579316	-56.041912	-6.1074553	0.0	255000	4385.726509094238
102	-47.16	-47.16	-42.7	-6.0700016	12.145663	6.8315015	-58.913532	-6.0701346	0.2	257500	4429.441397666931
103	-48.54	-48.54	-45.0	-6.0963244	12.158367	7.187413	-57.65627	-6.0961795	0.1	260000	4472.228561401367
104	-47.18	-47.18	-47.1	-6.1333914	12.182977	4.8374333	-58.3121	-6.133525	0.1	262500	4514.998019218445
105	-47.56	-47.56	-46.2	-6.1246905	12.168444	8.973006	-69.891495	-6.1252403	0.1	265000	4558.063851356506
106	-48.2	-48.2	-50.0	-6.114722	12.149453	6.5869975	-68.48209	-6.1152005	0.0	267500	4601.177893638611
107	-49.44	-49.44	-47.4	-6.1275215	12.145957	6.250167	-62.238285	-6.1275444	0.1	270000	4644.685654878616
108	-47.2	-47.2	-45.0	-6.1440783	12.156315	5.1492696	-56.458313	-6.1443014	0.1	272500	4687.026927232742
109	-47.94	-47.94	-42.899998	-6.1704016	12.176654	5.392527	-59.90854	-6.170736	0.2	275000	4730.545888900757
110	-43.58	-43.58	-42.2	-6.171586	12.171455	5.633164	-64.270325	-6.1717696	0.2	277500	4773.887333393097
111	-47.12	-47.12	-47.4	-6.1446443	12.135397	8.291773	-60.71848	-6.145068	0.1	280000	4816.864622592926
112	-47.66	-47.66	-43.8	-6.1554966	12.113367	7.825568	-69.60323	-6.156392	0.2	282500	4859.930853128433
113	-47.16	-47.16	-40.8	-6.1547556	12.102481	5.7305584	-61.48238	-6.155511	0.2	285000	4902.854160785675
114	-46.4	-46.4	-45.399998	-6.148133	12.109782	5.562713	-61.82506	-6.1487055	0.1	287500	4945.7800385952
115	-47.54	-47.54	-41.2	-6.123306	12.07514	8.964927	-71.53942	-6.1240892	0.2	290000	4988.621110200882
116	-47.62	-47.62	-49.6	-6.110179	12.047985	7.981191	-62.70314	-6.110367	0.0	292500	5031.804847240448
117	-45.06	-45.06	-49.8	-6.140644	12.0537195	8.534947	-59.52718	-6.1404743	0.0	295000	5075.415384054184
118	-44.74	-44.74	-44.0	-6.1314855	12.045782	6.957222	-58.284424	-6.1319346	0.2	297500	5117.566072463989
119	-46.52	-46.52	-43.0	-6.1039543	11.980829	6.9510245	-72.08448	-6.1040936	0.2	300000	5160.334058761597
120	-47.4	-47.4	-38.399998	-6.106499	11.971293	7.6880555	-76.585724	-6.1071367	0.3	302500	5203.13588809967
121	-46.26	-46.26	-38.7	-6.148313	11.978316	8.859447	-63.7119	-6.1484156	0.3	305000	5246.102873802185
122	-43.12	-43.12	-32.2	-6.1125393	11.938509	7.154281	-61.189533	-6.1125407	0.4	307500	5285.667949676514
123	-47.8	-47.8	-40.5	-6.136861	11.937753	9.825884	-65.81408	-6.137038	0.3	310000	5328.299897193909
124	-48.12	-48.12	-36.3	-6.133326	11.913652	9.981045	-67.79315	-6.133678	0.4	312500	5370.566665649414
125	-45.14	-45.14	-35.899998	-6.124697	11.884115	11.635501	-58.622852	-6.124781	0.4	315000	5413.8224585056305
126	-43.6	-43.6	-47.1	-6.1709323	11.89712	8.66881	-59.101276	-6.1707635	0.1	317500	5457.079566955566
127	-42.28	-42.28	-33.7	-6.159699	11.877229	9.469149	-65.63372	-6.1604404	0.4	320000	5499.9475865364075
128	-45.28	-45.28	-46.2	-6.133469	11.840961	11.667654	-60.488033	-6.133919	0.1	322500	5542.584961414337
129	-45.18	-45.18	-43.3	-6.1277037	11.814461	6.8872104	-59.806164	-6.1272097	0.3	325000	5585.271811008453
130	-44.42	-44.42	-45.3	-6.1241164	11.796809	9.267506	-64.4392	-6.124536	0.1	327500	5628.0520441532135
131	-46.06	-46.06	-47.4	-6.118151	11.760119	10.452323	-67.88303	-6.118439	0.1	330000	5671.129917144775
132	-45.64	-45.64	-44.5	-6.1336555	11.748746	9.162881	-65.027985	-6.133835	0.2	332500	5714.149150848389
133	-43.04	-43.04	-36.5	-6.1376595	11.752625	8.163014	-61.47806	-6.1379986	0.4	335000	5758.175507068634
134	-45.82	-45.82	-43.899998	-6.1479893	11.741684	7.0203657	-62.832863	-6.147208	0.2	337500	5801.6871564388275
135	-47.02	-47.02	-31.0	-6.1302686	11.714176	7.3204746	-59.441723	-6.1303535	0.5	340000	5844.978571891785
136	-47.66	-47.66	-33.0	-6.1402316	11.700055	6.350715	-59.22346	-6.140528	0.5	342500	5888.212692260742
137	-45.56	-45.56	-25.3	-6.151491	11.719634	8.7207575	-61.55597	-6.151725	0.7	345000	5931.909398794174
138	-47.3	-47.3	-29.5	-6.145958	11.697084	6.4883	-64.892456	-6.14604	0.5	347500	5974.627888679504
139	-47.24	-47.24	-34.899998	-6.186797	11.697693	8.253014	-74.79077	-6.1871834	0.4	350000	6017.319650888443
140	-44.14	-44.14	-30.2	-6.201359	11.696698	7.6293297	-67.17955	-6.201623	0.5	352500	6060.943019390106
141	-48.28	-48.28	-41.0	-6.1920004	11.690838	12.195891	-65.16251	-6.191822	0.3	355000	6104.824385166168
142	-47.72	-47.72	-33.0	-6.168736	11.662208	8.926508	-68.05024	-6.169066	0.5	357500	6147.956915378571
143	-45.38	-45.38	-38.100002	-6.246294	11.716707	8.041997	-64.045296	-6.2464433	0.3	360000	6191.867581129074
144	-42.94	-42.94	-46.8	-6.241468	11.722667	6.484274	-69.93735	-6.2415276	0.1	362500	6235.934901237488
145	-44.98	-44.98	-39.5	-6.23603	11.69748	6.8493204	-64.70431	-6.2353344	0.3	365000	6279.221024990082
146	-43.0	-43.0	-36.399998	-6.2596116	11.698974	8.818191	-62.975777	-6.259988	0.4	367500	6322.331127882004
147	-47.22	-47.22	-35.100002	-6.269933	11.69421	7.20201	-58.22871	-6.2696853	0.4	370000	6365.377259016037
148	-43.18	-43.18	-33.8	-6.2740245	11.681414	6.4135776	-64.94893	-6.273452	0.4	372500	6408.895473003387
149	-43.28	-43.28	-34.5	-6.3001904	11.69967	8.783525	-66.237785	-6.299936	0.4	375000	6452.011728286743
150	-43.08	-43.08	-33.399998	-6.2666383	11.655261	10.258145	-62.371204	-6.266766	0.5	377500	6494.672372579575
151	-44.52	-44.52	-31.0	-6.243465	11.615298	7.440344	-61.468998	-6.2435217	0.5	380000	6536.772480964661
152	-44.98	-44.98	-35.600002	-6.2277927	11.575117	9.581492	-65.89908	-6.228039	0.4	382500	6580.426578760147
153	-44.26	-44.26	-43.7	-6.2579575	11.574261	7.9289427	-63.00354	-6.257684	0.3	385000	6623.782494068146
154	-44.86	-44.86	-37.899998	-6.231906	11.529812	7.4251924	-57.146584	-6.231853	0.3	387500	6667.535042524338
155	-42.94	-42.94	-37.0	-6.271132	11.561505	7.3561816	-62.487114	-6.2716866	0.4	390000	6710.634129524231
156	-44.62	-44.62	-36.899998	-6.240567	11.517475	8.762001	-69.825836	-6.240434	0.3	392500	6753.6162304878235
157	-44.22	-44.22	-42.5	-6.2940135	11.552962	8.069365	-65.63673	-6.2940273	0.3	395000	6796.30380153656
158	-43.44	-43.44	-41.899998	-6.32132	11.539654	7.128133	-60.676968	-6.321438	0.2	397500	6839.746715545654
159	-44.9	-44.9	-38.5	-6.3262253	11.536028	7.9392047	-63.295784	-6.3263035	0.3	400000	6882.566549062729
160	-42.1	-42.1	-42.5	-6.3395443	11.5234785	10.300616	-60.044014	-6.3395185	0.2	402500	6925.909516572952
161	-43.72	-43.72	-42.3	-6.336494	11.522193	6.8276157	-62.67659	-6.336124	0.4	405000	6968.661799430847
162	-44.6	-44.6	-40.5	-6.3345914	11.528008	8.330704	-62.710926	-6.33431	0.3	407500	7011.694748878479
163	-43.62	-43.62	-34.399998	-6.3718724	11.519578	6.7195086	-59.293255	-6.3715444	0.3	410000	7054.561597108841
164	-44.46	-44.46	-44.100002	-6.3923564	11.543349	9.179463	-60.37949	-6.392178	0.3	412500	7097.228645563126
165	-46.08	-46.08	-31.9	-6.4503956	11.60738	6.60958	-67.08093	-6.4510303	0.4	415000	7139.1686017513275
166	-43.04	-43.04	-30.7	-6.389705	11.56686	8.313508	-64.80831	-6.389831	0.5	417500	7181.993936061859
167	-43.94	-43.94	-37.899998	-6.4373994	11.567681	7.4660044	-60.5708	-6.4369698	0.3	420000	7224.903565406799
168	-44.42	-44.42	-32.899998	-6.4324017	11.529138	9.557604	-67.13158	-6.4329624	0.4	422500	7268.019495010376
169	-43.54	-43.54	-36.100002	-6.458017	11.528008	7.8789306	-62.857956	-6.4580326	0.4	425000	7310.160325288773
170	-43.16	-43.16	-32.399998	-6.4330096	11.4995365	8.190431	-70.56227	-6.4334784	0.5	427500	7353.799916744232
171	-46.22	-46.22	-37.899998	-6.42867	11.478215	8.043478	-62.545944	-6.428298	0.3	430000	7396.570739269257
172	-42.46	-42.46	-37.8	-6.4659977	11.495165	18.117008	-58.792244	-6.4655476	0.3	432500	7440.751187801361
173	-41.36	-41.36	-31.9	-6.46852	11.488029	10.9327345	-60.824608	-6.4684386	0.5	435000	7483.331210851669
174	-40.16	-40.16	-35.899998	-6.4882193	11.491273	9.717585	-67.98265	-6.4878435	0.4	437500	7526.462129354477
175	-46.22	-46.22	-27.3	-6.470867	11.454551	8.543695	-61.876274	-6.4707627	0.5	440000	7570.61914229393
176	-44.28	-44.28	-26.1	-6.4690986	11.457603	8.069428	-58.051144	-6.468654	0.7	442500	7614.822488307953
177	-42.58	-42.58	-25.2	-6.4911423	11.4269285	11.130402	-59.310833	-6.4907746	0.6	445000	7658.276386499405
178	-41.1	-41.1	-33.899998	-6.5076766	11.435152	10.121454	-75.56546	-6.5077224	0.4	447500	7701.2064735889435
179	-42.12	-42.12	-25.6	-6.484234	11.418433	7.182433	-62.765347	-6.4837537	0.8	450000	7744.539396524429
180	-43.72	-43.72	-40.5	-6.4714394	11.38087	8.034415	-64.069244	-6.4717083	0.3	452500	7787.48762011528
181	-44.26	-44.26	-34.399998	-6.4943957	11.365799	8.909569	-65.39423	-6.4941792	0.3	455000	7831.470597743988
182	-41.9	-41.9	-33.5	-6.429792	11.30065	7.003251	-64.23584	-6.429764	0.4	457500	7875.126029968262
183	-45.76	-45.76	-41.100002	-6.426967	11.275544	13.831072	-65.52724	-6.4268446	0.2	460000	7918.1099588871
184	-41.62	-41.62	-30.3	-6.442953	11.273974	8.7963915	-59.63993	-6.4427323	0.6	462500	7961.979859113693
185	-41.06	-41.06	-36.2	-6.4685087	11.2734	11.65543	-69.62596	-6.468664	0.4	465000	8004.9503428936005
186	-44.5	-44.5	-39.399998	-6.4047313	11.209787	10.427899	-66.8828	-6.404461	0.3	467500	8048.814208269119
187	-42.24	-42.24	-38.3	-6.3988576	11.181921	6.8226895	-62.310894	-6.3991737	0.3	470000	8092.172247648239
188	-44.6	-44.6	-39.100002	-6.397829	11.149407	7.1166787	-63.206753	-6.3976736	0.4	472500	8134.629617929459
189	-39.64	-39.64	-34.5	-6.3825073	11.119551	10.670225	-59.05764	-6.382632	0.4	475000	8177.728298902512
190	-41.28	-41.28	-26.7	-6.3875384	11.083279	11.762734	-65.72422	-6.386799	0.6	477500	8220.480715751648
191	-43.02	-43.02	-32.399998	-6.368049	11.056722	9.696088	-70.79625	-6.368334	0.5	480000	8263.033972978592
192	-44.28	-44.28	-25.8	-6.3806233	11.050016	7.3488445	-74.61821	-6.3796597	0.6	482500	8306.514402151108
193	-40.46	-40.46	-31.4	-6.3655467	11.00318	7.779381	-63.340656	-6.365017	0.5	485000	8349.766283512115
194	-42.16	-42.16	-27.1	-6.3618174	10.974801	7.1734085	-63.354076	-6.361616	0.6	487500	8393.170851707458
195	-40.96	-40.96	-42.3	-6.350315	10.965271	10.119602	-64.49871	-6.3499165	0.2	490000	8435.949645280838
196	-42.54	-42.54	-32.3	-6.35307	10.95574	7.0561476	-63.356613	-6.353608	0.5	492500	8479.207773208618
197	-44.12	-44.12	-35.8	-6.379447	10.966142	11.750384	-64.97541	-6.3800583	0.3	495000	8522.190392255783
198	-41.98	-41.98	-44.5	-6.3477044	10.939496	10.98329	-61.333748	-6.347379	0.2	497500	8564.52843427658
199	-42.58	-42.58	-41.600002	-6.313728	10.889284	6.135789	-67.99947	-6.313718	0.3	500000	8608.103645324707
200	-41.96	-41.96	-41.0	-6.3110104	10.889999	6.4233284	-62.0758	-6.311431	0.3	502500	8651.27834367752
201	-39.54	-39.54	-38.100002	-6.285503	10.827601	5.8070836	-59.343025	-6.2855887	0.4	505000	8694.164297819138
202	-42.26	-42.26	-31.2	-6.297065	10.832169	10.506277	-73.86625	-6.297215	0.5	507500	8736.914090633392
203	-44.08	-44.08	-20.699999	-6.269809	10.799934	9.270505	-60.05734	-6.269621	0.8	510000	8779.678656101227
204	-42.64	-42.64	-37.100002	-6.2582154	10.763586	7.829312	-59.074738	-6.2583017	0.3	512500	8823.018637418747
205	-42.2	-42.2	-20.0	-6.245818	10.731914	9.482634	-63.51305	-6.2454724	0.9	515000	8865.613029241562
206	-44.92	-44.92	-30.1	-6.2745285	10.754951	9.159833	-61.97073	-6.274444	0.6	517500	8908.28233575821
207	-41.2	-41.2	-39.0	-6.2481747	10.730432	28.059975	-67.518654	-6.248363	0.3	520000	8951.161007404327
208	-42.56	-42.56	-35.5	-6.2584233	10.723565	10.197248	-58.19522	-6.258637	0.4	522500	8993.722473621368
209	-40.02	-40.02	-21.699999	-6.251805	10.725492	8.471602	-59.695065	-6.251999	0.7	525000	9035.701644659042
210	-43.6	-43.6	-40.7	-6.2354527	10.700647	13.5836315	-61.6903	-6.234586	0.2	527500	9078.868460416794
211	-40.26	-40.26	-20.9	-6.2636576	10.711986	15.516131	-59.72827	-6.263362	0.8	530000	9121.396358251572
212	-44.58	-44.58	-36.2	-6.2420335	10.681775	6.5527015	-60.10906	-6.2419615	0.4	532500	9164.145184755325
213	-43.08	-43.08	-25.9	-6.2754774	10.704394	6.9211526	-63.038425	-6.2752576	0.6	535000	9207.099139213562
214	-44.62	-44.62	-31.7	-6.2746334	10.733558	7.2117515	-59.463696	-6.2744956	0.5	537500	9249.926099300385
215	-42.22	-42.22	-28.8	-6.2816606	10.720484	12.187845	-65.95066	-6.2818527	0.6	540000	9292.494862556458
216	-42.52	-42.52	-32.600002	-6.3158903	10.730393	10.67631	-64.22499	-6.3155956	0.5	542500	9335.395634889603
217	-39.38	-39.38	-34.899998	-6.3109164	10.709202	9.526643	-58.36508	-6.311073	0.4	545000	9379.074475288391
218	-42.56	-42.56	-27.1	-6.3219657	10.715551	15.292477	-69.449936	-6.3220563	0.6	547500	9422.121022462845
219	-44.8	-44.8	-20.699999	-6.270646	10.671587	5.834385	-66.48958	-6.270735	0.8	550000	9465.450865507126
220	-39.28	-39.28	-34.0	-6.2579403	10.619379	12.986589	-77.421585	-6.258112	0.6	552500	9508.892041921616
221	-43.06	-43.06	-29.6	-6.2371445	10.614286	9.0237465	-63.026737	-6.2368608	0.5	555000	9551.92969083786
222	-43.9	-43.9	-25.5	-6.2545843	10.616641	10.623109	-62.812576	-6.2546134	0.7	557500	9594.791460752487
223	-38.9	-38.9	-34.8	-6.232515	10.595476	6.329932	-71.284256	-6.2318873	0.4	560000	9638.033115386963
224	-42.3	-42.3	-38.2	-6.2096443	10.577411	6.1530075	-57.481915	-6.2092867	0.3	562500	9681.046616792679
225	-42.82	-42.82	-35.2	-6.175891	10.565382	10.69157	-62.186302	-6.1760187	0.4	565000	9723.954783678055
226	-41.54	-41.54	-36.600002	-6.1405916	10.52387	8.412455	-58.885464	-6.140947	0.4	567500	9767.061079502106
227	-41.34	-41.34	-35.600002	-6.139443	10.505807	8.797277	-58.322556	-6.1390233	0.4	570000	9809.763466358185
228	-43.92	-43.92	-30.5	-6.1398396	10.491978	8.730196	-62.4018	-6.1399984	0.5	572500	9852.72912812233
229	-44.24	-44.24	-25.9	-6.1210165	10.477224	8.239372	-61.419727	-6.1208754	0.7	575000	9896.510663986206
230	-42.04	-42.04	-27.5	-6.0968504	10.463475	6.9270163	-60.840157	-6.0968285	0.5	577500	9939.56137919426
231	-37.62	-37.62	-38.7	-6.1261253	10.473507	7.858756	-62.305923	-6.1260595	0.3	580000	9982.926507472992
232	-39.18	-39.18	-27.8	-6.0952706	10.450078	7.9247603	-60.17032	-6.0952563	0.5	582500	10026.900874376297
233	-38.94	-38.94	-27.5	-6.0936227	10.405834	8.102602	-60.689705	-6.0934577	0.6	585000	10070.201647758484
234	-41.96	-41.96	-32.8	-6.1028547	10.40658	7.5312266	-61.676407	-6.102717	0.5	587500	10113.645820617676
235	-38.84	-38.84	-37.399998	-6.0774264	10.395143	6.09367	-60.117672	-6.077099	0.3	590000	10157.801224470139
236	-42.74	-42.74	-33.3	-6.069729	10.376846	9.473392	-64.18687	-6.0691447	0.4	592500	10200.74199104309
237	-40.74	-40.74	-32.8	-6.0999184	10.388013	7.123194	-62.874157	-6.100298	0.4	595000	10244.252441644669
238	-41.4	-41.4	-39.399998	-6.082124	10.38049	7.2025514	-62.909428	-6.0824633	0.3	597500	10288.043976545334
239	-40.66	-40.66	-26.5	-6.102781	10.38509	6.4714026	-61.42209	-6.102032	0.6	600000	10330.853124856949
240	-41.48	-41.48	-39.2	-6.0902295	10.405327	8.286567	-66.57644	-6.0903063	0.4	602500	10374.285668373108
241	-42.8	-42.8	-36.2	-6.0942655	10.407271	7.2712097	-60.84522	-6.094651	0.4	605000	10417.590784788132
242	-40.66	-40.66	-25.4	-6.0405293	10.360575	6.7238507	-63.21549	-6.041274	0.6	607500	10460.258291721344
243	-41.5	-41.5	-32.2	-6.046945	10.3466	7.265439	-59.80895	-6.0469017	0.4	610000	10503.260826826096
244	-42.72	-42.72	-32.7	-6.064677	10.354631	7.4317985	-57.996468	-6.0639606	0.4	612500	10547.218561410904
245	-38.56	-38.56	-40.7	-6.0745726	10.334854	6.076511	-63.974026	-6.074568	0.3	615000	10589.496971845627
246	-39.66	-39.66	-32.2	-6.0608363	10.342569	5.990161	-59.42493	-6.0604606	0.5	617500	10632.453002929688
247	-40.1	-40.1	-27.2	-6.0596337	10.342017	15.4144335	-76.2577	-6.0593824	0.5	620000	10676.26444363594
248	-41.62	-41.62	-29.8	-6.0485015	10.326173	6.644138	-62.62358	-6.048608	0.5	622500	10720.038667440414
249	-39.46	-39.46	-24.8	-6.0498166	10.349121	6.8686447	-59.714645	-6.050328	0.6	625000	10762.62624335289
250	-42.8	-42.8	-37.3	-6.0315757	10.322964	6.558235	-67.51033	-6.0309315	0.3	627500	10805.243473529816
251	-42.5	-42.5	-19.5	-6.0779014	10.366977	7.8951306	-64.396324	-6.0780888	0.8	630000	10847.582657575607
252	-43.94	-43.94	-22.1	-6.0351744	10.30244	5.428365	-59.257347	-6.03509	0.7	632500	10889.640774011612
253	-37.62	-37.62	-22.5	-6.0091987	10.284035	7.343597	-60.952705	-6.0090814	0.7	635000	10932.295691490173
254	-40.46	-40.46	-25.8	-5.9905868	10.283873	6.8108606	-61.36825	-5.9903216	0.6	637500	10975.055460214615
255	-41.88	-41.88	-13.4	-6.0094447	10.288563	7.5584974	-67.80715	-6.009529	0.9	640000	11018.374655485153
256	-41.36	-41.36	-20.699999	-5.999437	10.277545	8.899841	-61.75298	-5.9990315	0.7	642500	11061.454290390015
257	-43.66	-43.66	-27.9	-5.987216	10.29193	6.887376	-66.92714	-5.988357	0.5	645000	11103.95963025093
258	-40.74	-40.74	-33.2	-5.988067	10.292368	7.8874607	-63.086575	-5.988119	0.5	647500	11146.74256515503
259	-41.12	-41.12	-33.100002	-5.95015	10.262789	6.19406	-62.40953	-5.9494643	0.4	650000	11189.279034137726
260	-39.62	-39.62	-28.8	-5.9761095	10.279072	8.579678	-67.03486	-5.9764214	0.6	652500	11232.486171245575
261	-40.22	-40.22	-34.2	-5.90881	10.208168	5.5917964	-58.830322	-5.908147	0.4	655000	11275.166270494461
262	-41.2	-41.2	-25.4	-5.9526105	10.257203	9.771951	-65.8202	-5.952067	0.6	657500	11319.189858436584
263	-41.14	-41.14	-21.1	-5.9321713	10.252845	7.426702	-58.712097	-5.931808	0.8	660000	11362.756662368774
264	-39.34	-39.34	-21.5	-5.9212737	10.228033	7.1979127	-61.34502	-5.9216714	0.7	662500	11405.691074848175
265	-40.78	-40.78	-28.7	-5.8881445	10.188267	8.74113	-85.0677	-5.8876033	0.5	665000	11450.008260250092
266	-41.54	-41.54	-32.3	-5.8674164	10.198884	10.2560625	-61.527477	-5.8679533	0.4	667500	11493.614759683609
267	-40.0	-40.0	-20.1	-5.873721	10.205116	8.750166	-67.65606	-5.873621	0.8	670000	11537.599204540253
268	-41.54	-41.54	-38.2	-5.872786	10.205362	6.968675	-60.647415	-5.8724537	0.3	672500	11580.498010873795
269	-41.3	-41.3	-36.399998	-5.888835	10.19966	9.760444	-63.941925	-5.8889527	0.4	675000	11623.449015140533
270	-37.38	-37.38	-31.6	-5.880699	10.187822	7.608714	-62.73751	-5.880363	0.5	677500	11665.768979549408
271	-36.12	-36.12	-29.2	-5.8372693	10.159933	5.5458307	-57.673973	-5.8372273	0.6	680000	11708.188896894455
272	-41.58	-41.58	-29.5	-5.8311067	10.159335	5.966987	-68.11825	-5.8308353	0.5	682500	11751.26964211464
273	-42.3	-42.3	-39.100002	-5.846893	10.137856	7.522599	-58.69707	-5.8465357	0.3	685000	11794.19688820839
274	-36.82	-36.82	-45.8	-5.870487	10.189213	7.0362883	-79.63805	-5.8702893	0.2	687500	11837.193346977234
275	-41.66	-41.66	-33.2	-5.839282	10.175001	11.73697	-59.258846	-5.839388	0.5	690000	11879.497644901276
276	-39.04	-39.04	-30.9	-5.885638	10.230504	9.793181	-65.0075	-5.8851967	0.5	692500	11921.960550785065
277	-38.32	-38.32	-40.5	-5.862654	10.221555	5.9779506	-59.540047	-5.8621526	0.2	695000	11964.054896593094
278	-40.38	-40.38	-35.8	-5.8513465	10.230597	7.611588	-67.16771	-5.8515058	0.4	697500	12006.826559305191
279	-42.6	-42.6	-32.2	-5.8405066	10.235006	6.4559307	-71.07216	-5.8401446	0.5	700000	12050.162202835083
280	-40.5	-40.5	-25.2	-5.8524346	10.236551	8.678409	-61.235268	-5.8525324	0.6	702500	12093.05511021614
281	-42.88	-42.88	-31.6	-5.824256	10.206447	11.329622	-61.140827	-5.823839	0.5	705000	12136.143968343735
282	-44.24	-44.24	-24.8	-5.842448	10.19907	12.530906	-65.21763	-5.8426747	0.5	707500	12179.331452608109
283	-42.48	-42.48	-26.3	-5.853437	10.221707	6.2807837	-70.061386	-5.85342	0.7	710000	12222.243447303772
284	-39.12	-39.12	-23.7	-5.875199	10.248498	17.431574	-59.994755	-5.8747144	0.8	712500	12265.587648391724
285	-38.72	-38.72	-33.5	-5.857952	10.227094	6.716158	-63.880302	-5.8582087	0.4	715000	12308.699839115143
286	-36.9	-36.9	-26.5	-5.8561845	10.238412	8.145382	-59.453495	-5.8561506	0.6	717500	12351.531919717789
287	-36.9	-36.9	-25.4	-5.856977	10.222669	8.606768	-61.925667	-5.8562737	0.6	720000	12394.553335666656
288	-42.04	-42.04	-41.2	-5.8222294	10.217804	9.870304	-61.240078	-5.822138	0.3	722500	12437.26091504097
289	-43.1	-43.1	-26.0	-5.802202	10.201004	8.035068	-61.884365	-5.8020945	0.6	725000	12479.207530260086
290	-41.28	-41.28	-31.7	-5.7915764	10.204411	10.005783	-60.433445	-5.7916107	0.5	727500	12520.637637138367
291	-39.76	-39.76	-34.2	-5.7805376	10.186128	11.070918	-63.894875	-5.780447	0.4	730000	12562.6137342453
292	-39.1	-39.1	-27.1	-5.7904243	10.191168	14.6121025	-57.609276	-5.790225	0.6	732500	12605.448312282562
293	-46.22	-46.22	-22.800001	-5.7943716	10.231117	10.356486	-61.63241	-5.7944264	0.7	735000	12647.95123243332
294	-39.64	-39.64	-19.0	-5.7840924	10.220808	7.104726	-71.791695	-5.7841835	0.8	737500	12692.285939693451
295	-38.1	-38.1	-31.9	-5.7510123	10.169411	10.378467	-77.28723	-5.750532	0.4	740000	12734.637721538544
296	-39.08	-39.08	-24.6	-5.7314186	10.170696	7.0273886	-68.02103	-5.731155	0.7	742500	12776.401022672653
297	-41.42	-41.42	-24.6	-5.746301	10.207292	8.773195	-61.458668	-5.74622	0.5	745000	12819.86636352539
298	-37.34	-37.34	-30.6	-5.7398744	10.206903	6.8725038	-61.609913	-5.7399945	0.5	747500	12861.979985713959
299	-37.2	-37.2	-33.3	-5.7334146	10.187916	7.685604	-59.680492	-5.7330766	0.4	750000	12904.808162927628
300	-40.66	-40.66	-37.8	-5.7174025	10.16771	7.0094366	-73.492744	-5.7170234	0.3	752500	12946.674270629883
301	-42.06	-42.06	-29.8	-5.68716	10.14688	6.916776	-58.81997	-5.686884	0.6	755000	12989.367637634277
302	-39.46	-39.46	-35.600002	-5.6673746	10.135661	12.50894	-62.24683	-5.6667886	0.5	757500	13033.074589729309
303	-35.48	-35.48	-21.4	-5.664404	10.131317	9.596354	-58.55112	-5.6646404	0.7	760000	13075.912816047668
304	-38.28	-38.28	-12.4	-5.6484666	10.120291	11.042486	-77.166534	-5.6482015	0.9	762500	13119.190971851349
305	-39.8	-39.8	-30.5	-5.6344595	10.103239	14.142089	-75.9084	-5.634333	0.5	765000	13161.344320774078
306	-33.88	-33.88	-32.2	-5.6157646	10.081753	10.260965	-60.121464	-5.6160493	0.4	767500	13204.300484657288
307	-43.68	-43.68	-27.0	-5.5870156	10.049288	12.924241	-60.45075	-5.586656	0.7	770000	13248.312056303024
308	-41.02	-41.02	-23.8	-5.6040053	10.07811	10.170591	-73.65622	-5.6038904	0.7	772500	13292.140551328659
309	-39.86	-39.86	-35.2	-5.612561	10.069012	7.4184046	-66.11965	-5.612629	0.4	775000	13334.947598457336
310	-41.64	-41.64	-31.7	-5.5786347	10.037838	7.8588142	-60.059635	-5.57849	0.5	777500	13377.662415504456
311	-38.5	-38.5	-22.1	-5.5823693	10.037606	8.548893	-61.10412	-5.5823975	0.7	780000	13421.464902639389
312	-39.54	-39.54	-21.6	-5.55628	10.003405	9.646229	-61.70918	-5.5563793	0.7	782500	13464.415175676346
313	-37.9	-37.9	-33.3	-5.5898566	10.03929	8.295109	-60.88244	-5.589659	0.4	785000	13506.279621839523
314	-38.24	-38.24	-27.8	-5.579281	10.016094	10.703985	-75.73614	-5.5790277	0.6	787500	13548.491760015488
315	-40.7	-40.7	-33.100002	-5.57242	10.039899	9.261593	-64.23065	-5.572772	0.4	790000	13591.014444112778
316	-41.32	-41.32	-24.9	-5.572694	10.030983	7.316133	-63.34607	-5.572699	0.6	792500	13633.040029525757
317	-39.3	-39.3	-27.8	-5.5348997	9.975967	7.5491185	-66.63798	-5.534701	0.6	795000	13676.636528968811
318	-37.36	-37.36	-25.8	-5.536244	9.977826	10.010165	-58.490223	-5.535848	0.7	797500	13718.066315889359
319	-31.86	-31.86	-25.5	-5.5437965	9.962257	7.345443	-59.476162	-5.5435777	0.6	800000	13760.499173879623
320	-41.42	-41.42	-34.600002	-5.538924	9.961776	8.16924	-62.73196	-5.5387487	0.4	802500	13799.71680688858
321	-41.14	-41.14	-24.5	-5.518287	9.950561	10.373864	-67.791405	-5.518725	0.6	805000	13841.862908363342
322	-38.02	-38.02	-28.0	-5.4783545	9.895777	5.6565976	-59.213364	-5.478409	0.6	807500	13884.094456195831
323	-35.96	-35.96	-28.5	-5.489249	9.907188	11.886415	-65.95695	-5.489457	0.5	810000	13926.897334814072
324	-40.38	-40.38	-28.4	-5.4979186	9.92237	12.805682	-69.0503	-5.4975758	0.5	812500	13969.338215112686
325	-39.3	-39.3	-41.600002	-5.449423	9.873657	7.145818	-60.959213	-5.4490952	0.2	815000	14012.376560211182
326	-42.02	-42.02	-33.899998	-5.445418	9.876359	6.880297	-57.724632	-5.4453974	0.4	817500	14055.441837310791
327	-41.42	-41.42	-31.7	-5.4820757	9.9057255	6.289843	-65.542435	-5.482219	0.5	820000	14098.32482624054
328	-40.56	-40.56	-33.899998	-5.478853	9.901855	11.805497	-64.44425	-5.478743	0.4	822500	14141.534695863724
329	-41.06	-41.06	-29.8	-5.4475436	9.877448	9.941971	-63.889668	-5.4476404	0.5	825000	14183.638239860535
330	-37.44	-37.44	-27.7	-5.4227824	9.855049	7.971337	-61.157696	-5.4221897	0.5	827500	14225.893835544586
331	-37.48	-37.48	-25.1	-5.4229565	9.863472	7.558031	-63.125057	-5.4231105	0.6	830000	14267.715290784836
332	-40.0	-40.0	-15.8	-5.408056	9.830471	7.4839067	-58.66101	-5.4078345	0.8	832500	14311.28579735756
333	-41.76	-41.76	-26.8	-5.38302	9.809471	9.444835	-64.36678	-5.3831925	0.6	835000	14354.368503332138
334	-40.62	-40.62	-28.7	-5.4047713	9.828192	7.0442085	-59.088066	-5.404628	0.6	837500	14397.095975399017
335	-35.58	-35.58	-33.3	-5.365313	9.786571	7.8825135	-62.02012	-5.3655415	0.4	840000	14438.792358398438
336	-40.04	-40.04	-37.899998	-5.359797	9.765621	7.2385592	-60.247166	-5.359306	0.3	842500	14482.201573133469
337	-40.02	-40.02	-21.4	-5.3603287	9.756016	11.634323	-61.77341	-5.360253	0.7	845000	14524.161647558212
338	-40.56	-40.56	-21.199999	-5.3524866	9.754232	11.312851	-61.238544	-5.352964	0.7	847500	14567.113378763199
339	-36.06	-36.06	-24.0	-5.338195	9.726403	11.739798	-62.214565	-5.337971	0.6	850000	14610.128722667694
340	-39.6	-39.6	-25.5	-5.367756	9.735217	7.5364256	-58.322525	-5.3681235	0.6	852500	14652.96096086502
341	-42.92	-42.92	-33.600002	-5.3062954	9.686946	8.915438	-69.80465	-5.3060822	0.4	855000	14696.55390048027
342	-41.5	-41.5	-32.2	-5.336035	9.710149	5.9237905	-56.44494	-5.3359385	0.5	857500	14738.99736380577
343	-38.46	-38.46	-31.1	-5.3623033	9.752103	8.67841	-58.562984	-5.3623714	0.5	860000	14781.750693321228
344	-41.9	-41.9	-28.0	-5.3262496	9.676117	10.160669	-73.410774	-5.3259764	0.5	862500	14824.34340429306
345	-42.42	-42.42	-18.6	-5.336631	9.687075	7.2512894	-58.241142	-5.3367243	0.8	865000	14866.85160946846
346	-39.24	-39.24	-31.4	-5.3339424	9.699607	36.990417	-67.33114	-5.333891	0.5	867500	14909.94688463211
347	-39.76	-39.76	-18.0	-5.3052096	9.662454	31.744715	-69.435135	-5.3055224	0.8	870000	14952.194272756577
348	-39.7	-39.7	-24.4	-5.2875357	9.633282	10.189347	-66.624664	-5.287259	0.6	872500	14994.915994405746
349	-39.62	-39.62	-28.9	-5.276161	9.615462	8.692243	-57.200436	-5.2761765	0.5	875000	15037.007790327072
350	-42.36	-42.36	-34.3	-5.2638984	9.589497	11.518234	-57.669632	-5.2637706	0.4	877500	15078.958814382553
351	-39.42	-39.42	-23.6	-5.264817	9.584852	11.515106	-61.219044	-5.2649574	0.7	880000	15122.010935783386
352	-40.52	-40.52	-27.1	-5.279943	9.600457	9.09318	-59.72671	-5.279766	0.6	882500	15164.015667915344
353	-38.24	-38.24	-29.6	-5.249613	9.560256	10.072344	-62.580673	-5.2492275	0.5	885000	15205.810473680496
354	-35.76	-35.76	-20.300001	-5.2341757	9.534989	7.9755015	-69.2147	-5.23429	0.7	887500	15248.399243354797
355	-43.68	-43.68	-24.0	-5.2344103	9.535131	8.08702	-61.139343	-5.2347097	0.6	890000	15290.492117643356
356	-39.5	-39.5	-23.199999	-5.21336	9.507577	10.937268	-56.585888	-5.2128158	0.7	892500	15331.735305070877
357	-38.36	-38.36	-23.0	-5.191518	9.466534	11.773319	-70.4526	-5.1910024	0.6	895000	15373.474771738052
358	-40.88	-40.88	-28.8	-5.1730275	9.440704	8.964984	-57.32496	-5.1732173	0.6	897500	15414.374695301056
359	-40.22	-40.22	-11.0	-5.2280188	9.4593	7.386771	-58.46884	-5.227415	1.0	900000	15455.71141409874
360	-39.24	-39.24	-25.9	-5.217691	9.451925	13.507735	-68.23643	-5.2180815	0.6	902500	15497.003945589066
361	-36.94	-36.94	-22.6	-5.173081	9.396479	5.6118107	-92.275314	-5.172758	0.7	905000	15537.725300073624
362	-36.14	-36.14	-30.5	-5.167499	9.404975	6.433263	-62.964985	-5.167796	0.5	907500	15578.733961343765
363	-41.84	-41.84	-28.1	-5.1449003	9.356271	11.3983755	-60.386665	-5.144366	0.5	910000	15620.167248249054
364	-40.82	-40.82	-22.6	-5.1660895	9.348636	10.382424	-61.325867	-5.165914	0.7	912500	15661.846532583237
365	-39.42	-39.42	-26.6	-5.1120586	9.266882	19.77462	-57.26707	-5.1120205	0.6	915000	15704.00434422493
366	-36.18	-36.18	-29.1	-5.1347313	9.295007	6.7864113	-61.732296	-5.13441	0.5	917500	15745.765097141266
367	-37.14	-37.14	-15.0	-5.147696	9.286396	6.063985	-81.0686	-5.1478744	0.9	920000	15787.597774744034
368	-41.34	-41.34	-25.1	-5.1211934	9.266915	11.032599	-62.013462	-5.121083	0.6	922500	15830.684900045395
369	-37.24	-37.24	-21.699999	-5.121878	9.270075	7.872262	-57.51459	-5.1216283	0.7	925000	15872.430173158646
370	-38.02	-38.02	-21.6	-5.1146226	9.245991	6.1376305	-58.901215	-5.114462	0.7	927500	15913.705926895142
371	-38.64	-38.64	-31.5	-5.103311	9.2156725	11.44694	-54.934925	-5.103503	0.5	930000	15954.505493879318
372	-39.76	-39.76	-25.8	-5.099135	9.19858	8.568763	-67.234856	-5.0992093	0.6	932500	15994.94382405281
373	-37.76	-37.76	-29.6	-5.110207	9.205817	7.6654797	-56.83887	-5.11005	0.5	935000	16036.59359550476
374	-37.72	-37.72	-37.399998	-5.1099014	9.195858	4.7667665	-64.69727	-5.109902	0.3	937500	16078.41381072998
375	-38.2	-38.2	-26.9	-5.1339207	9.207785	6.533183	-67.20519	-5.1339273	0.6	940000	16120.205080509186
376	-37.34	-37.34	-19.4	-5.137165	9.178091	7.1680408	-62.40384	-5.1365547	0.8	942500	16162.634059429169
377	-36.56	-36.56	-18.800001	-5.143682	9.190505	5.9397893	-76.81732	-5.1434665	0.7	945000	16206.424300670624
378	-37.16	-37.16	-14.7	-5.117385	9.176755	7.098151	-59.82124	-5.1170793	0.9	947500	16249.894074201584
379	-38.24	-38.24	-29.9	-5.079332	9.127503	8.727943	-58.91563	-5.079082	0.5	950000	16292.973196983337
380	-38.2	-38.2	-26.8	-5.086305	9.109792	13.535205	-63.094402	-5.08602	0.6	952500	16335.215427875519
381	-36.6	-36.6	-17.800001	-5.05454	9.076151	5.4212103	-62.9512	-5.054172	0.8	955000	16377.960573196411
382	-38.5	-38.5	-13.3	-5.0676928	9.07448	11.1698265	-66.06616	-5.0673423	0.9	957500	16421.015844345093
383	-40.3	-40.3	-27.9	-5.06593	9.055037	15.799269	-66.49536	-5.06645	0.6	960000	16462.13005208969
384	-41.46	-41.46	-15.3	-5.0840006	9.083268	7.5035863	-73.839264	-5.0838695	0.9	962500	16504.47984266281
385	-35.06	-35.06	-21.1	-5.0784307	9.069693	15.115908	-63.72577	-5.0786014	0.7	965000	16547.30263209343
386	-37.18	-37.18	-21.199999	-5.0654774	9.02011	8.183502	-57.19141	-5.0655413	0.7	967500	16589.7216026783
387	-36.3	-36.3	-22.9	-5.0531287	8.995281	12.574357	-60.270138	-5.052749	0.7	970000	16631.85612821579
388	-39.3	-39.3	-20.9	-5.077445	9.003143	10.861185	-62.709232	-5.077356	0.8	972500	16673.66517162323
389	-40.96	-40.96	-25.7	-5.0652857	8.967609	17.315798	-66.203926	-5.0653896	0.6	975000	16715.68680000305
390	-37.7	-37.7	-30.5	-5.0326366	8.935854	16.13668	-58.589878	-5.0322847	0.5	977500	16758.241117715836
391	-37.96	-37.96	-32.600002	-5.078997	8.991872	9.8754	-57.15827	-5.0789485	0.4	980000	16800.00235271454
392	-35.7	-35.7	-30.6	-5.0215974	8.923501	9.65728	-57.393158	-5.0218368	0.5	982500	16841.549888134003
393	-37.2	-37.2	-18.0	-5.0210304	8.909131	15.629462	-60.279922	-5.021087	0.8	985000	16884.29743552208
394	-39.0	-39.0	-22.699999	-5.0296783	8.896735	9.194668	-59.677063	-5.02998	0.7	987500	16926.021968364716
395	-38.04	-38.04	-17.0	-5.035789	8.898107	11.253996	-62.176243	-5.036061	0.8	990000	16967.356565713882
396	-38.12	-38.12	-18.4	-5.0217443	8.895515	6.8651066	-66.531586	-5.0211415	0.8	992500	17008.776652812958
397	-38.2	-38.2	-21.199999	-5.0493894	8.919649	6.4664946	-70.090324	-5.0492907	0.7	995000	17050.833365917206
398	-37.86	-37.86	-17.0	-5.075782	8.930451	6.574595	-65.17046	-5.075872	0.8	997500	17092.667244911194
399	-36.64	-36.64	-22.199999	-5.0520387	8.895007	4.8459225	-80.225266	-5.051949	0.7	1000000	17133.217433691025
400	-38.0	-38.0	-26.0	-5.046588	8.896808	7.277328	-65.741905	-5.046211	0.6	1002500	17174.986518383026
401	-40.04	-40.04	-15.4	-5.076332	8.921059	6.898063	-65.11323	-5.0761976	0.8	1005000	17217.065890073776
402	-33.28	-33.28	-33.600002	-5.0623016	8.889939	12.039318	-55.409092	-5.0622945	0.4	1007500	17258.646553754807
403	-42.44	-42.44	-21.800001	-5.0218325	8.836415	9.035203	-60.891865	-5.0218277	0.7	1010000	17300.104660749435
404	-38.88	-38.88	-21.0	-5.0258365	8.858786	16.463367	-62.821243	-5.0255733	0.7	1012500	17342.17790222168
405	-35.38	-35.38	-26.8	-5.0323834	8.846771	7.9629498	-59.746708	-5.0324564	0.6	1015000	17383.844443798065
406	-39.36	-39.36	-22.6	-5.0390067	8.818292	6.464218	-57.609753	-5.037851	0.7	1017500	17426.03009557724
407	-36.26	-36.26	-14.2	-5.0312743	8.790114	12.979634	-75.6467	-5.030998	0.9	1020000	17468.20719385147
408	-37.46	-37.46	-13.5	-5.0442295	8.777252	5.832549	-58.957523	-5.0445156	0.9	1022500	17509.660323143005
409	-36.26	-36.26	-21.5	-5.01729	8.746943	7.67468	-60.390923	-5.0174274	0.7	1025000	17551.552677631378
410	-39.56	-39.56	-17.4	-5.0394845	8.76298	21.6962	-65.202614	-5.039538	0.8	1027500	17594.1101706028
411	-35.38	-35.38	-15.0	-4.9980264	8.717065	5.9506254	-59.596264	-4.99805	1.0	1030000	17637.286724805832
412	-38.3	-38.3	-30.6	-5.020053	8.719962	8.74074	-59.778873	-5.019752	0.4	1032500	17680.756098985672
413	-37.62	-37.62	-16.9	-5.0245566	8.740416	8.826095	-61.76981	-5.024459	0.8	1035000	17723.3771443367
414	-37.68	-37.68	-25.6	-5.063322	8.786128	7.054987	-59.132793	-5.063438	0.6	1037500	17765.12195277214
415	-35.46	-35.46	-20.300001	-5.001535	8.7090435	4.851878	-58.00158	-5.001167	0.7	1040000	17806.52316403389
416	-35.42	-35.42	-14.2	-5.0069838	8.6760645	6.151021	-59.38008	-5.006913	0.9	1042500	17847.733699560165
417	-35.7	-35.7	-25.7	-4.9911795	8.67894	9.928292	-65.41069	-4.99092	0.6	1045000	17888.571649074554
418	-35.32	-35.32	-21.6	-4.998659	8.639022	5.7054605	-58.708916	-4.99879	0.7	1047500	17929.715007781982
419	-37.98	-37.98	-16.0	-4.983428	8.617818	4.4246087	-58.050323	-4.9833226	0.8	1050000	17971.83034300804
420	-40.76	-40.76	-15.9	-4.9814854	8.608535	8.4210615	-61.269978	-4.981266	0.8	1052500	18015.230575084686
421	-37.46	-37.46	-20.6	-4.96529	8.586816	9.244357	-65.66692	-4.965372	0.7	1055000	18055.896931886673
422	-39.14	-39.14	-17.5	-4.9754233	8.577523	8.169753	-61.769424	-4.975225	0.8	1057500	18096.235651254654
423	-39.9	-39.9	-24.0	-4.987574	8.574855	6.61534	-68.49437	-4.9872804	0.6	1060000	18136.366507530212
424	-35.7	-35.7	-37.399998	-5.010975	8.600312	10.905553	-70.16716	-5.011207	0.4	1062500	18176.679363250732
425	-38.44	-38.44	-24.9	-5.001389	8.617317	9.007052	-62.571934	-5.001383	0.6	1065000	18216.816519498825
426	-42.34	-42.34	-18.199999	-5.035992	8.653441	5.0454836	-67.62037	-5.036127	0.8	1067500	18257.387704849243
427	-36.2	-36.2	-15.9	-5.0263577	8.601706	7.310725	-62.72489	-5.0259237	0.8	1070000	18297.640055179596
428	-36.14	-36.14	-17.9	-4.989392	8.550995	7.338222	-59.4869	-4.9894814	0.8	1072500	18337.76237630844
429	-40.92	-40.92	-12.7	-4.9998927	8.531774	12.742386	-60.498425	-4.9996142	0.9	1075000	18378.049129247665
430	-39.98	-39.98	-23.4	-5.0052814	8.516821	8.886003	-58.63178	-5.0057697	0.7	1077500	18418.780624866486
431	-37.26	-37.26	-23.3	-5.009207	8.488025	9.330816	-59.874504	-5.0087614	0.5	1080000	18459.262892007828
432	-38.26	-38.26	-16.6	-4.974693	8.414771	5.577209	-63.70292	-4.9745927	0.8	1082500	18499.696245908737
433	-37.38	-37.38	-14.7	-4.974022	8.404348	5.9522157	-60.940193	-4.974083	0.9	1085000	18540.48076248169
434	-36.7	-36.7	-24.7	-4.9675593	8.40946	6.485159	-60.45339	-4.967733	0.6	1087500	18580.663603305817
435	-34.84	-34.84	-20.0	-4.953938	8.356806	17.99978	-59.930336	-4.953798	0.7	1090000	18621.19051504135
436	-35.6	-35.6	-16.1	-4.920081	8.316821	8.427955	-59.19377	-4.9202247	0.8	1092500	18662.41431903839
437	-37.78	-37.78	-23.6	-4.912625	8.271695	6.4494243	-59.913826	-4.9132967	0.6	1095000	18703.03007864952
438	-40.22	-40.22	-19.1	-4.932902	8.285095	9.443922	-66.11281	-4.932873	0.7	1097500	18744.215998888016
439	-37.94	-37.94	-17.199999	-4.937819	8.264915	10.130294	-62.98284	-4.9373713	0.8	1100000	18785.39960193634
440	-35.96	-35.96	-19.9	-4.88657	8.203349	6.3335776	-61.223293	-4.88674	0.7	1102500	18826.00772547722
441	-37.82	-37.82	-20.800001	-4.9065876	8.20923	8.836525	-61.46677	-4.9066668	0.7	1105000	18866.594148397446
442	-36.48	-36.48	-17.699999	-4.888208	8.149929	10.196975	-58.42577	-4.887767	0.8	1107500	18907.09908270836
443	-39.46	-39.46	-17.1	-4.917317	8.166154	6.134393	-65.984406	-4.917872	0.8	1110000	18947.783190727234
444	-33.48	-33.48	-21.4	-4.8892546	8.135159	7.091423	-67.33328	-4.8889446	0.7	1112500	18988.739208459854
445	-32.2	-32.2	-21.6	-4.8985915	8.146662	7.4755387	-60.204052	-4.8987	0.7	1115000	19029.860047340393
446	-34.12	-34.12	-22.0	-4.91759	8.14065	9.774499	-60.805378	-4.9171677	0.7	1117500	19070.443418741226
447	-40.68	-40.68	-20.9	-4.9126096	8.173567	8.15153	-62.53903	-4.9130263	0.7	1120000	19110.753297567368
448	-37.78	-37.78	-17.199999	-4.939216	8.200638	6.2059464	-63.45168	-4.939336	0.8	1122500	19151.669773817062
449	-38.84	-38.84	-16.5	-4.905186	8.177388	8.629521	-76.494995	-4.90565	0.8	1125000	19192.675683259964
450	-36.48	-36.48	-16.6	-4.8909087	8.128729	5.711472	-62.704914	-4.890727	0.8	1127500	19233.582053899765
451	-36.22	-36.22	-27.4	-4.8796706	8.098642	6.9875627	-62.99935	-4.879445	0.5	1130000	19274.185764312744
452	-37.14	-37.14	-18.9	-4.8884025	8.093277	7.0072217	-58.95063	-4.8882565	0.7	1132500	19314.934949159622
453	-35.34	-35.34	-20.0	-4.861034	8.048329	12.864899	-61.033966	-4.860889	0.7	1135000	19355.901566505432
454	-38.88	-38.88	-9.5	-4.8883524	8.061064	6.6409893	-65.25142	-4.88811	1.0	1137500	19397.60328602791
455	-40.68	-40.68	-12.5	-4.880328	8.032003	6.3033457	-61.952175	-4.8805766	0.9	1140000	19438.59474515915
456	-39.86	-39.86	-15.7	-4.855179	7.9692187	11.128576	-62.059177	-4.8550205	0.9	1142500	19479.532077789307
457	-35.34	-35.34	-17.4	-4.843438	7.9372807	6.0279756	-58.208565	-4.8439107	0.8	1145000	19520.654561519623
458	-36.6	-36.6	-13.1	-4.86289	7.972646	9.947386	-72.16334	-4.862978	0.9	1147500	19561.572479486465
459	-35.5	-35.5	-14.7	-4.8665543	7.964592	8.648507	-62.514618	-4.866565	0.9	1150000	19602.320205450058
460	-33.82	-33.82	-22.0	-4.8573065	7.962115	7.9422245	-62.14195	-4.857429	0.7	1152500	19643.505054712296
461	-34.64	-34.64	-17.0	-4.862853	7.9336367	8.887611	-62.72006	-4.862788	0.8	1155000	19684.19170498848
462	-39.18	-39.18	-7.1	-4.8627605	7.9318886	9.964047	-59.96953	-4.8625526	1.0	1157500	19724.63561797142
463	-37.42	-37.42	-14.7	-4.87071	7.8965507	8.606813	-59.49506	-4.870864	0.9	1160000	19765.395794153214
464	-35.54	-35.54	-9.400001	-4.8312855	7.8103924	16.679947	-71.48672	-4.831305	1.0	1162500	19805.947595357895
465	-38.02	-38.02	-21.699999	-4.8143544	7.738121	6.3892145	-61.118416	-4.8141246	0.7	1165000	19846.826707839966
466	-37.48	-37.48	-12.9	-4.7940836	7.6972394	14.889902	-61.57981	-4.793916	0.8	1167500	19887.07843542099
467	-37.64	-37.64	-25.5	-4.77548	7.673412	4.936329	-59.252525	-4.7755384	0.6	1170000	19927.30708026886
468	-36.92	-36.92	-16.199999	-4.8075485	7.7169523	7.2390814	-61.364017	-4.8076844	0.8	1172500	19967.972900390625
469	-35.06	-35.06	-19.4	-4.8053613	7.682619	17.956348	-75.7353	-4.805265	0.7	1175000	20008.30490231514
470	-37.64	-37.64	-14.4	-4.808234	7.6745543	15.331017	-63.3467	-4.8076234	0.9	1177500	20048.971475601196
471	-35.36	-35.36	-21.300001	-4.785915	7.6719437	6.4019427	-65.75805	-4.786393	0.7	1180000	20089.52397608757
472	-38.08	-38.08	-22.4	-4.7494035	7.5636415	9.168954	-58.937412	-4.7495914	0.6	1182500	20130.06783056259
473	-37.44	-37.44	-9.2	-4.764274	7.576326	7.343914	-67.21694	-4.7638946	1.0	1185000	20170.767072677612
474	-37.82	-37.82	-21.5	-4.7705655	7.5429525	22.560627	-89.75236	-4.7704678	0.7	1187500	20211.10281729698
475	-34.48	-34.48	-16.699999	-4.782132	7.525445	5.9120584	-57.084675	-4.782271	0.8	1190000	20252.08575963974
476	-36.88	-36.88	-10.400001	-4.769129	7.496096	10.924615	-59.331833	-4.769514	1.0	1192500	20293.01420354843
477	-38.58	-38.58	-16.1	-4.78659	7.4987803	10.902637	-59.366	-4.786829	0.8	1195000	20333.837725877762
478	-37.22	-37.22	-22.699999	-4.767243	7.437864	7.230961	-58.71359	-4.7674627	0.6	1197500	20372.4471282959
479	-35.26	-35.26	-16.6	-4.783576	7.4326353	7.249736	-74.40202	-4.783531	0.8	1200000	20409.048730134964
480	-35.56	-35.56	-24.7	-4.7669563	7.419486	7.0741386	-63.32526	-4.766948	0.6	1202500	20445.566411733627
481	-37.84	-37.84	-19.800001	-4.7725034	7.4127893	6.5964465	-63.57501	-4.772345	0.8	1205000	20482.05293226242
482	-33.46	-33.46	-11.0	-4.7747307	7.377426	10.966126	-70.239716	-4.774468	1.0	1207500	20522.257646799088
483	-32.92	-32.92	-7.8	-4.768541	7.3622584	6.009914	-71.784065	-4.768166	1.0	1210000	20562.86301755905
484	-38.92	-38.92	-7.5	-4.7534175	7.3325734	14.393589	-60.926525	-4.7533836	1.0	1212500	20603.744220018387
485	-36.38	-36.38	-9.8	-4.770138	7.3154774	13.071832	-60.73487	-4.7692943	1.0	1215000	20644.420783042908
486	-36.42	-36.42	-16.4	-4.748294	7.286784	8.631461	-62.566334	-4.7484374	0.8	1217500	20685.175340414047
487	-35.44	-35.44	-23.9	-4.7327213	7.2377653	6.915706	-67.51381	-4.732781	0.6	1220000	20725.97171664238
488	-38.7	-38.7	-13.3	-4.731897	7.1982636	12.029913	-72.26704	-4.731643	0.9	1222500	20765.83507823944
489	-32.62	-32.62	-12.9	-4.7329884	7.1917043	6.00523	-56.609615	-4.733017	0.9	1225000	20806.21573805809
490	-37.7	-37.7	-11.0	-4.7266884	7.157274	11.154199	-70.65131	-4.726872	1.0	1227500	20846.273778676987
491	-33.92	-33.92	-23.8	-4.736064	7.156314	9.999648	-76.58822	-4.735846	0.6	1230000	20886.64284157753
492	-35.06	-35.06	-11.7	-4.743851	7.1445866	8.648759	-61.347713	-4.74352	0.9	1232500	20927.114273309708
493	-36.14	-36.14	-10.3	-4.7124243	7.082408	19.16301	-66.009346	-4.7122736	1.0	1235000	20966.87269759178
494	-32.94	-32.94	-14.5	-4.745035	7.108915	20.321274	-66.68168	-4.744968	0.9	1237500	21007.263886213303
495	-34.86	-34.86	-11.8	-4.735158	7.0860853	7.707431	-68.69246	-4.7352285	0.9	1240000	21047.82780480385
496	-30.06	-30.06	-19.6	-4.718324	7.0681458	9.418693	-68.90405	-4.7181473	0.7	1242500	21088.77393579483
497	-32.78	-32.78	-18.1	-4.728813	7.0796866	9.772488	-65.368324	-4.7287793	0.8	1245000	21129.41826748848
498	-33.18	-33.18	-12.7	-4.6924286	7.0024953	6.070384	-70.75526	-4.692943	0.9	1247500	21170.376648664474
499	-34.74	-34.74	-11.7	-4.670199	6.956282	6.227218	-76.39548	-4.6694565	0.9	1250000	21208.777726888657
