Epoch	EpRet	EpRealRet	TestEpRet	AverageQ1	StdQ1	MaxQ1	MinQ1	Q2	TestSuccess	TotalEnvInteracts	TotalTime
0	-49.88	-49.88	-50.0	-1.1289535	2.2599657	2.021598	-16.999313	-1.129231	0.0	2500	35.742361545562744
1	-50.0	-50.0	-50.0	-2.5823133	4.9382067	0.73325616	-23.675314	-2.5822644	0.0	5000	72.37385177612305
2	-50.0	-50.0	-50.0	-3.647806	7.0885477	1.1109902	-32.646717	-3.6479733	0.0	7500	108.55115962028503
3	-50.0	-50.0	-50.0	-4.619153	9.0639925	2.4731634	-35.810783	-4.6191187	0.0	10000	144.2874596118927
4	-50.0	-50.0	-50.0	-5.5107765	10.857814	1.8702996	-55.225616	-5.510829	0.0	12500	179.51356315612793
5	-50.0	-50.0	-45.0	-6.2486587	12.266034	1.500681	-53.86491	-6.248694	0.1	15000	215.1440191268921
6	-50.0	-50.0	-50.0	-6.815209	13.33981	1.2574524	-57.52055	-6.815055	0.0	17500	250.60196995735168
7	-49.0	-49.0	-50.0	-7.2909093	14.180045	2.4371407	-54.963837	-7.2908907	0.0	20000	287.5307033061981
8	-50.0	-50.0	-50.0	-7.7042117	14.917016	2.0035112	-56.557465	-7.704224	0.0	22500	325.76873779296875
9	-50.0	-50.0	-49.8	-8.023979	15.53584	11.115692	-65.94978	-8.024116	0.0	25000	364.0702781677246
10	-49.88	-49.88	-50.0	-8.362222	15.985562	2.6379588	-63.58888	-8.362371	0.0	27500	401.1492748260498
11	-50.0	-50.0	-50.0	-8.368399	16.133995	10.422012	-65.40168	-8.368884	0.0	30000	438.6131172180176
12	-50.0	-50.0	-50.0	-8.531946	16.337942	4.3631244	-55.61598	-8.531875	0.0	32500	474.993057012558
13	-49.94	-49.94	-50.0	-8.642263	16.4946	2.5022612	-75.79328	-8.642242	0.0	35000	511.2079653739929
14	-49.72	-49.72	-49.7	-8.790361	16.628023	10.245413	-66.1486	-8.790364	0.0	37500	547.6631252765656
15	-49.84	-49.84	-50.0	-8.881087	16.679424	3.2284238	-63.166992	-8.881192	0.0	40000	583.9389038085938
16	-50.0	-50.0	-48.9	-9.030957	16.79721	3.3730674	-57.809143	-9.030812	0.1	42500	618.9184222221375
17	-49.8	-49.8	-48.2	-9.156027	16.845966	2.8016741	-77.716	-9.156009	0.1	45000	655.8631978034973
18	-49.72	-49.72	-47.6	-9.245822	16.861755	14.292099	-64.83007	-9.245713	0.1	47500	692.3184232711792
19	-50.0	-50.0	-44.7	-9.324206	16.873922	2.5019634	-64.244736	-9.323895	0.1	50000	728.4194703102112
20	-49.82	-49.82	-50.0	-9.456456	16.949146	3.725442	-57.925186	-9.455871	0.0	52500	764.9558460712433
21	-49.82	-49.82	-50.0	-9.550095	17.014027	4.095628	-60.222496	-9.550535	0.0	55000	800.9504020214081
22	-49.96	-49.96	-47.8	-9.697427	17.097761	7.15357	-87.728226	-9.697842	0.1	57500	837.2306621074677
23	-49.94	-49.94	-49.8	-9.794263	17.142237	2.852143	-70.69455	-9.7950735	0.0	60000	873.315220117569
24	-49.76	-49.76	-49.9	-9.868701	17.191622	4.023034	-58.47783	-9.868935	0.0	62500	910.2570600509644
25	-49.64	-49.64	-49.6	-9.972979	17.233583	3.9674752	-57.919228	-9.973567	0.0	65000	947.058111667633
26	-48.96	-48.96	-49.5	-10.143713	17.340279	6.7350388	-82.6006	-10.144007	0.0	67500	983.3869490623474
27	-48.92	-48.92	-50.0	-10.2312975	17.359846	3.587067	-65.13629	-10.232654	0.0	70000	1020.1305840015411
28	-49.38	-49.38	-49.0	-10.38039	17.40829	4.019928	-57.33632	-10.381018	0.0	72500	1057.121017217636
29	-49.78	-49.78	-50.0	-10.419499	17.411861	6.1977844	-62.378746	-10.420211	0.0	75000	1093.6003453731537
30	-48.4	-48.4	-49.7	-10.487653	17.421581	5.334309	-63.128323	-10.488531	0.0	77500	1130.0903987884521
31	-49.72	-49.72	-49.6	-10.586458	17.472479	5.778054	-67.00868	-10.586873	0.0	80000	1167.481374502182
32	-49.68	-49.68	-50.0	-10.600648	17.470602	5.506156	-74.53552	-10.601522	0.0	82500	1203.9639031887054
33	-49.92	-49.92	-48.2	-10.670135	17.469553	8.140706	-64.306046	-10.670442	0.0	85000	1240.467270374298
34	-49.9	-49.9	-49.7	-10.757578	17.503105	8.424026	-62.747562	-10.757744	0.0	87500	1276.943823814392
35	-49.8	-49.8	-49.1	-10.824612	17.511961	6.160688	-60.483536	-10.825127	0.0	90000	1313.39954829216
36	-49.92	-49.92	-50.0	-10.855175	17.519772	7.315298	-68.258255	-10.855322	0.0	92500	1349.2876415252686
37	-49.2	-49.2	-49.6	-10.9394	17.530739	6.689575	-62.775898	-10.939571	0.0	95000	1386.2185513973236
38	-49.4	-49.4	-48.3	-10.984751	17.566607	8.282528	-63.880424	-10.985491	0.1	97500	1421.7399349212646
39	-49.8	-49.8	-50.0	-11.11757	17.64167	6.336753	-58.94006	-11.118425	0.0	100000	1456.8364486694336
40	-49.08	-49.08	-47.0	-11.1533985	17.64985	9.213796	-72.03659	-11.154475	0.0	102500	1493.2452428340912
41	-48.82	-48.82	-49.2	-11.228852	17.661522	7.8075013	-62.182865	-11.229022	0.0	105000	1529.7819015979767
42	-49.42	-49.42	-49.1	-11.271778	17.654509	7.679201	-65.776474	-11.272516	0.0	107500	1565.9445457458496
43	-48.88	-48.88	-49.7	-11.293336	17.635504	6.8517213	-60.98065	-11.293834	0.0	110000	1602.5718598365784
44	-49.48	-49.48	-49.6	-11.433361	17.708313	5.719094	-63.91445	-11.433833	0.0	112500	1638.8434493541718
45	-49.14	-49.14	-50.0	-11.47459	17.710087	15.9732275	-64.363075	-11.475271	0.0	115000	1675.7250137329102
46	-48.74	-48.74	-49.6	-11.523375	17.707405	11.087205	-62.466442	-11.524123	0.0	117500	1712.2188231945038
47	-48.32	-48.32	-50.0	-11.570168	17.720623	13.114858	-66.43638	-11.570505	0.0	120000	1747.95001745224
48	-49.04	-49.04	-49.7	-11.547493	17.662897	10.002295	-63.650055	-11.547861	0.0	122500	1783.8677203655243
49	-48.96	-48.96	-49.0	-11.712032	17.761887	8.382198	-63.08532	-11.712536	0.0	125000	1820.4243133068085
50	-48.34	-48.34	-49.1	-11.70612	17.72258	8.974367	-63.656593	-11.705687	0.0	127500	1857.481808423996
51	-49.6	-49.6	-47.6	-11.699658	17.68135	7.1946154	-67.70364	-11.699666	0.1	130000	1892.849381685257
52	-48.46	-48.46	-50.0	-11.704228	17.6614	14.175459	-60.249195	-11.704485	0.0	132500	1929.1609601974487
53	-49.44	-49.44	-50.0	-11.721218	17.60116	8.035361	-61.78339	-11.721175	0.0	135000	1965.9192192554474
54	-48.1	-48.1	-44.0	-11.696361	17.546354	8.3957	-62.44492	-11.696745	0.0	137500	2001.902498960495
55	-48.34	-48.34	-49.4	-11.763863	17.556507	7.9649687	-68.270096	-11.764106	0.0	140000	2038.126230955124
56	-48.56	-48.56	-48.3	-11.754637	17.512814	5.556817	-69.627304	-11.755211	0.1	142500	2074.5520181655884
57	-47.86	-47.86	-44.399998	-11.776807	17.50717	8.73535	-60.720688	-11.776769	0.1	145000	2111.641443014145
58	-47.62	-47.62	-49.6	-11.841922	17.535162	9.265795	-63.950336	-11.841678	0.0	147500	2148.155694961548
59	-48.36	-48.36	-44.3	-11.802433	17.451866	11.212815	-63.766785	-11.802643	0.2	150000	2184.393308877945
60	-48.54	-48.54	-49.6	-11.84475	17.453821	8.47173	-60.604042	-11.844746	0.0	152500	2220.468950986862
61	-48.54	-48.54	-47.8	-11.9117	17.473652	7.965434	-63.65073	-11.911839	0.0	155000	2257.120133161545
62	-49.24	-49.24	-49.9	-11.847083	17.390244	10.41452	-72.87445	-11.847724	0.0	157500	2293.796379327774
63	-48.72	-48.72	-49.3	-11.855478	17.384348	8.638577	-61.540577	-11.85493	0.0	160000	2330.9224433898926
64	-47.34	-47.34	-49.6	-11.87469	17.326164	27.827297	-63.12541	-11.87434	0.0	162500	2367.78710269928
65	-48.56	-48.56	-50.0	-11.902436	17.302824	23.208565	-71.4531	-11.902551	0.0	165000	2404.575596809387
66	-47.42	-47.42	-48.7	-11.883655	17.251328	10.186224	-64.248116	-11.883545	0.0	167500	2441.5872070789337
67	-48.66	-48.66	-46.8	-11.901114	17.23179	26.973564	-62.290367	-11.901483	0.0	170000	2478.729360818863
68	-48.66	-48.66	-48.9	-11.893975	17.216068	26.928753	-63.867718	-11.894042	0.1	172500	2515.734307050705
69	-48.08	-48.08	-43.600002	-11.922065	17.215885	23.661757	-64.093025	-11.922299	0.2	175000	2552.1495389938354
70	-47.6	-47.6	-48.9	-11.898873	17.147823	21.51298	-60.87877	-11.899314	0.0	177500	2588.866486310959
71	-47.96	-47.96	-49.9	-11.887918	17.1296	6.9222627	-63.33536	-11.887685	0.0	180000	2625.37727022171
72	-48.54	-48.54	-49.0	-11.871692	17.107824	22.917768	-64.14292	-11.871627	0.0	182500	2661.5029952526093
73	-48.2	-48.2	-48.3	-11.917945	17.110962	8.155225	-65.36909	-11.918116	0.0	185000	2697.9861936569214
74	-48.2	-48.2	-48.8	-11.943863	17.115786	26.731773	-83.74185	-11.944008	0.0	187500	2734.194270849228
75	-48.2	-48.2	-45.7	-11.936946	17.092068	9.506866	-65.884125	-11.936872	0.1	190000	2771.4064042568207
76	-47.06	-47.06	-43.899998	-11.901014	17.035788	26.830702	-63.685135	-11.900463	0.2	192500	2808.554393529892
77	-48.52	-48.52	-47.7	-11.918025	16.990423	11.287344	-59.162766	-11.917765	0.0	195000	2845.9443106651306
78	-46.96	-46.96	-45.399998	-11.934893	16.976555	9.790311	-65.99289	-11.935117	0.0	197500	2882.0048151016235
79	-48.8	-48.8	-47.6	-11.877592	16.8985	27.055836	-62.923885	-11.877628	0.2	200000	2918.9962437152863
80	-48.9	-48.9	-48.4	-11.907342	16.880978	9.214164	-63.034847	-11.90687	0.1	202500	2955.3360443115234
81	-48.72	-48.72	-47.3	-11.931093	16.892204	6.291957	-61.23866	-11.93063	0.1	205000	2992.1561284065247
82	-47.8	-47.8	-44.600002	-11.97574	16.891357	28.314291	-69.51799	-11.975337	0.1	207500	3028.893091201782
83	-48.34	-48.34	-43.399998	-12.069094	16.918335	6.840164	-61.551216	-12.068999	0.3	210000	3065.6136107444763
84	-46.76	-46.76	-47.8	-12.128908	16.91805	11.180959	-65.3999	-12.128084	0.0	212500	3102.5862562656403
85	-47.04	-47.04	-43.899998	-12.167797	16.892109	13.040032	-66.55634	-12.167822	0.2	215000	3139.4466545581818
86	-47.38	-47.38	-48.5	-12.186534	16.808296	16.911383	-63.826633	-12.1855955	0.0	217500	3174.946459054947
87	-48.08	-48.08	-44.3	-12.194036	16.761614	11.0644245	-66.8498	-12.193242	0.1	220000	3210.306853532791
88	-48.96	-48.96	-49.6	-12.248198	16.782066	10.347908	-61.211887	-12.247338	0.0	222500	3246.4381532669067
89	-48.06	-48.06	-46.399998	-12.305609	16.755524	30.02167	-69.39947	-12.305183	0.1	225000	3280.005626440048
90	-47.72	-47.72	-48.8	-12.367071	16.777174	10.582297	-59.818108	-12.366375	0.0	227500	3317.0316581726074
91	-47.12	-47.12	-43.8	-12.400021	16.777925	13.599963	-64.0235	-12.399931	0.0	230000	3353.6458921432495
92	-48.7	-48.7	-48.8	-12.325206	16.682928	13.58283	-61.76368	-12.324626	0.0	232500	3390.5914976596832
93	-48.42	-48.42	-46.2	-12.408116	16.701126	13.775419	-64.84465	-12.407397	0.1	235000	3427.1259894371033
94	-47.96	-47.96	-44.0	-12.472508	16.688105	29.08716	-62.574265	-12.4715805	0.0	237500	3464.535531282425
95	-48.74	-48.74	-45.8	-12.489264	16.689465	27.011421	-66.70774	-12.488911	0.1	240000	3501.434722661972
96	-48.06	-48.06	-48.2	-12.414182	16.633497	5.700545	-62.495075	-12.414005	0.0	242500	3537.7737860679626
97	-48.58	-48.58	-46.8	-12.489175	16.6324	15.721509	-62.244022	-12.488437	0.1	245000	3575.085228919983
98	-48.76	-48.76	-48.4	-12.519611	16.634956	10.515969	-68.27457	-12.51909	0.0	247500	3612.8099071979523
99	-47.52	-47.52	-49.4	-12.479782	16.5798	11.41791	-63.771713	-12.479548	0.0	250000	3649.1266646385193
100	-48.02	-48.02	-42.3	-12.510814	16.563135	8.829394	-75.843124	-12.510217	0.3	252500	3685.7196547985077
101	-48.38	-48.38	-49.5	-12.509229	16.523703	7.5394664	-67.20539	-12.508676	0.0	255000	3723.133487224579
102	-47.58	-47.58	-43.100002	-12.54041	16.547804	15.451533	-65.6044	-12.540153	0.2	257500	3760.160622358322
103	-48.58	-48.58	-50.0	-12.538199	16.521286	11.79415	-63.728645	-12.537805	0.0	260000	3798.171545267105
104	-48.04	-48.04	-50.0	-12.57566	16.498386	17.283363	-64.927925	-12.575765	0.0	262500	3834.912838935852
105	-47.84	-47.84	-47.8	-12.624074	16.544445	28.980402	-73.65084	-12.623598	0.0	265000	3871.7134625911713
106	-48.86	-48.86	-47.8	-12.632771	16.488422	20.630075	-75.72356	-12.633361	0.2	267500	3908.083653688431
107	-47.08	-47.08	-48.7	-12.722398	16.555738	22.494766	-68.18523	-12.721804	0.0	270000	3944.6059923171997
108	-47.32	-47.32	-48.7	-12.712583	16.541006	14.097769	-68.92877	-12.712574	0.0	272500	3981.8618488311768
109	-48.26	-48.26	-44.8	-12.773102	16.545307	10.113569	-71.69452	-12.77273	0.1	275000	4018.7970983982086
110	-46.74	-46.74	-47.0	-12.809139	16.592571	12.818543	-62.805504	-12.809064	0.1	277500	4055.4973826408386
111	-47.08	-47.08	-41.8	-12.873427	16.607237	9.440546	-65.38647	-12.873181	0.3	280000	4092.155425310135
112	-47.8	-47.8	-45.5	-12.861069	16.618654	15.800416	-66.3849	-12.860868	0.0	282500	4128.6214644908905
113	-47.22	-47.22	-46.8	-12.897324	16.642397	25.437561	-66.04409	-12.896998	0.1	285000	4164.226152420044
114	-48.48	-48.48	-43.899998	-12.851941	16.632814	15.846867	-66.18796	-12.85152	0.2	287500	4200.8653292655945
115	-46.0	-46.0	-42.899998	-12.844161	16.6034	27.27204	-68.31572	-12.844041	0.3	290000	4236.99308514595
116	-46.88	-46.88	-46.8	-12.920446	16.63618	20.77709	-65.92965	-12.920091	0.1	292500	4273.758836269379
117	-48.44	-48.44	-44.5	-12.964362	16.659317	10.8621025	-63.24735	-12.9641075	0.2	295000	4311.291313409805
118	-46.96	-46.96	-46.100002	-12.96477	16.648964	23.903135	-71.25692	-12.96459	0.2	297500	4348.541164398193
119	-47.48	-47.48	-42.0	-12.951733	16.624126	16.104385	-65.58723	-12.951213	0.1	300000	4385.182393074036
120	-46.66	-46.66	-45.0	-12.95157	16.611523	9.273461	-63.11179	-12.951191	0.1	302500	4421.956116676331
121	-45.7	-45.7	-42.899998	-12.993599	16.67881	11.12402	-73.80294	-12.993494	0.1	305000	4458.716093301773
122	-46.92	-46.92	-45.0	-13.041817	16.730606	14.925911	-63.342793	-13.041572	0.1	307500	4495.896944284439
123	-47.64	-47.64	-46.3	-13.094807	16.717089	8.129343	-65.10241	-13.094726	0.1	310000	4533.049306154251
124	-46.86	-46.86	-44.100002	-13.108843	16.7565	15.808844	-73.98102	-13.109207	0.1	312500	4570.566217422485
125	-47.54	-47.54	-44.600002	-13.157715	16.766027	14.113699	-75.88644	-13.156985	0.2	315000	4608.025035142899
126	-47.14	-47.14	-45.0	-13.062586	16.691347	12.013727	-67.65512	-13.062551	0.2	317500	4645.351138114929
127	-46.42	-46.42	-46.6	-13.102972	16.761005	7.390477	-68.885895	-13.1031885	0.2	320000	4682.156617641449
128	-46.5	-46.5	-45.5	-13.089454	16.706684	6.9065766	-70.45731	-13.088775	0.0	322500	4720.037978887558
129	-48.0	-48.0	-46.3	-13.117624	16.723139	6.861071	-75.48997	-13.11763	0.2	325000	4757.033993005753
130	-47.4	-47.4	-39.8	-13.105989	16.718933	13.710716	-67.45558	-13.106219	0.5	327500	4793.985124588013
131	-48.2	-48.2	-43.899998	-13.134681	16.757504	14.542238	-101.56355	-13.134191	0.1	330000	4831.162106990814
132	-47.0	-47.0	-47.3	-13.117914	16.766163	5.2301955	-79.632034	-13.118168	0.1	332500	4869.09316945076
133	-46.76	-46.76	-45.2	-13.145755	16.773354	11.888214	-67.826996	-13.146188	0.0	335000	4906.432274103165
134	-46.18	-46.18	-43.8	-13.189527	16.78772	16.834406	-75.657906	-13.189561	0.2	337500	4942.922607421875
135	-46.8	-46.8	-35.7	-13.156738	16.750433	7.7242465	-77.65412	-13.156559	0.6	340000	4979.274685621262
136	-46.28	-46.28	-46.2	-13.220519	16.815207	16.98406	-69.245056	-13.220725	0.0	342500	5015.051639318466
137	-45.94	-45.94	-43.7	-13.256756	16.825134	15.579139	-65.88633	-13.256178	0.1	345000	5051.222539424896
138	-48.9	-48.9	-44.399998	-13.230388	16.83719	7.2367153	-75.26412	-13.230514	0.2	347500	5088.488032817841
139	-44.08	-44.08	-42.600002	-13.260063	16.827417	5.2553334	-64.60192	-13.25945	0.3	350000	5125.239010095596
140	-46.56	-46.56	-45.2	-13.291307	16.82601	8.069606	-63.3596	-13.291479	0.1	352500	5162.174653768539
141	-45.54	-45.54	-35.8	-13.224175	16.791548	6.439864	-73.57044	-13.224854	0.4	355000	5199.367974758148
142	-47.86	-47.86	-46.5	-13.261277	16.81729	19.207737	-68.44118	-13.261043	0.1	357500	5236.234780788422
143	-46.58	-46.58	-48.6	-13.247639	16.820793	10.662886	-70.70439	-13.247406	0.0	360000	5272.483464479446
144	-46.18	-46.18	-44.600002	-13.261068	16.834509	14.109152	-74.82529	-13.2614155	0.1	362500	5309.506782531738
145	-45.88	-45.88	-43.3	-13.22863	16.800951	6.9525485	-69.63689	-13.228367	0.2	365000	5347.05210518837
146	-48.82	-48.82	-40.100002	-13.232712	16.802687	8.7334	-92.92229	-13.232385	0.2	367500	5384.209355831146
147	-47.2	-47.2	-38.100002	-13.190629	16.767662	10.546367	-65.53797	-13.190696	0.4	370000	5420.61824798584
148	-47.46	-47.46	-43.600002	-13.178774	16.776325	7.4110785	-84.309875	-13.178888	0.2	372500	5457.132245063782
149	-45.18	-45.18	-42.399998	-13.153792	16.788961	9.006593	-80.870834	-13.153575	0.2	375000	5494.200119495392
150	-46.44	-46.44	-43.899998	-13.089099	16.721043	5.3872547	-64.20944	-13.089025	0.5	377500	5531.176388025284
151	-47.74	-47.74	-40.5	-13.095478	16.704308	10.734915	-69.8936	-13.095372	0.3	380000	5567.834466934204
152	-46.98	-46.98	-38.600002	-13.220975	16.82985	5.799685	-80.887115	-13.22076	0.2	382500	5604.058334112167
153	-48.16	-48.16	-44.899998	-13.15783	16.79995	4.9975734	-66.88517	-13.157988	0.2	385000	5639.941610813141
154	-44.86	-44.86	-46.5	-13.238349	16.895279	4.3839645	-65.33391	-13.238092	0.3	387500	5676.797714233398
155	-47.18	-47.18	-48.9	-13.252451	16.934416	5.179188	-72.52635	-13.251865	0.1	390000	5713.600172758102
156	-44.02	-44.02	-37.5	-13.355291	17.002806	7.303783	-66.313515	-13.355436	0.6	392500	5750.936501741409
157	-46.66	-46.66	-40.3	-13.350436	17.049456	6.2146835	-69.69613	-13.35004	0.2	395000	5787.933072566986
158	-45.96	-45.96	-44.399998	-13.382343	17.08556	4.8818607	-79.72349	-13.382093	0.2	397500	5825.456399679184
159	-46.7	-46.7	-42.7	-13.400674	17.091457	5.17918	-69.40562	-13.400688	0.3	400000	5862.678859710693
160	-47.28	-47.28	-40.3	-13.402947	17.125786	7.3001437	-65.48182	-13.40271	0.2	402500	5899.844950199127
161	-47.64	-47.64	-44.3	-13.345743	17.123503	9.327532	-69.238846	-13.345978	0.1	405000	5936.833034992218
162	-46.9	-46.9	-46.399998	-13.417179	17.189825	11.134826	-77.178795	-13.417165	0.2	407500	5974.129531383514
163	-46.9	-46.9	-42.399998	-13.330532	17.16358	19.279034	-76.175125	-13.330208	0.2	410000	6011.648572683334
164	-47.42	-47.42	-40.2	-13.439818	17.235302	13.6748085	-70.82405	-13.439948	0.5	412500	6048.777096033096
165	-44.94	-44.94	-40.3	-13.43899	17.269444	15.782845	-82.08444	-13.439384	0.3	415000	6085.47472858429
166	-45.3	-45.3	-45.2	-13.426978	17.270357	6.1235867	-77.021	-13.427604	0.1	417500	6122.04141998291
167	-47.8	-47.8	-47.8	-13.3190155	17.17277	4.770373	-66.33423	-13.318556	0.0	420000	6159.076256513596
168	-48.02	-48.02	-38.899998	-13.396991	17.227598	4.062009	-65.37013	-13.397015	0.3	422500	6196.202675580978
169	-46.7	-46.7	-44.0	-13.389045	17.24489	7.086713	-87.28789	-13.389197	0.2	425000	6233.520589828491
170	-45.92	-45.92	-39.899998	-13.370358	17.237474	14.127289	-64.61185	-13.370522	0.4	427500	6270.37091588974
171	-45.18	-45.18	-44.5	-13.403844	17.28274	5.1138954	-74.7056	-13.403885	0.1	430000	6306.818634986877
172	-46.54	-46.54	-39.3	-13.425205	17.27013	11.747019	-64.68264	-13.42524	0.2	432500	6343.428893566132
173	-46.42	-46.42	-42.7	-13.422097	17.240307	6.9894514	-82.56664	-13.421911	0.2	435000	6380.079546689987
174	-45.9	-45.9	-41.899998	-13.401388	17.279243	19.33757	-68.71271	-13.400679	0.4	437500	6416.101116895676
175	-45.76	-45.76	-45.600002	-13.366914	17.260101	12.544838	-83.88999	-13.367259	0.1	440000	6452.925551652908
176	-47.04	-47.04	-47.6	-13.370814	17.25803	11.498193	-66.49435	-13.371406	0.0	442500	6489.317073106766
177	-46.78	-46.78	-43.100002	-13.405721	17.279533	15.270161	-78.0677	-13.405943	0.2	445000	6525.749943256378
178	-45.46	-45.46	-47.4	-13.413491	17.294481	16.30596	-77.17327	-13.413771	0.0	447500	6562.675151348114
179	-46.64	-46.64	-45.3	-13.35703	17.266123	10.422346	-70.206894	-13.356722	0.0	450000	6599.174215078354
180	-47.14	-47.14	-46.5	-13.354698	17.259327	10.099798	-74.45643	-13.355046	0.0	452500	6636.300712585449
181	-44.76	-44.76	-44.899998	-13.342009	17.266785	20.002295	-79.43017	-13.341383	0.2	455000	6672.6426022052765
182	-44.82	-44.82	-44.8	-13.415915	17.302963	11.302356	-63.936703	-13.416561	0.1	457500	6709.0112388134
183	-45.36	-45.36	-39.899998	-13.414887	17.334091	20.914778	-72.53581	-13.414578	0.1	460000	6745.764959096909
184	-44.36	-44.36	-42.100002	-13.434639	17.359516	9.971694	-81.153145	-13.434934	0.1	462500	6782.845956087112
185	-47.48	-47.48	-44.100002	-13.480576	17.429707	20.38437	-79.40688	-13.480301	0.1	465000	6819.50651550293
186	-44.18	-44.18	-46.9	-13.458267	17.382378	13.78104	-77.19123	-13.458076	0.1	467500	6856.053721666336
187	-48.46	-48.46	-46.2	-13.441746	17.372746	14.263014	-72.833664	-13.441563	0.1	470000	6893.127163410187
188	-44.28	-44.28	-41.399998	-13.453949	17.364273	18.074831	-82.58836	-13.454265	0.1	472500	6929.972211122513
189	-44.82	-44.82	-43.899998	-13.422711	17.346176	10.374706	-79.249344	-13.422467	0.2	475000	6966.675124406815
190	-46.44	-46.44	-33.600002	-13.473031	17.382563	9.559959	-64.98395	-13.47312	0.4	477500	7003.0647139549255
191	-44.82	-44.82	-41.3	-13.464417	17.410646	10.325688	-73.58881	-13.464686	0.1	480000	7040.055829524994
192	-43.74	-43.74	-39.2	-13.449598	17.410498	20.97409	-72.643845	-13.449673	0.2	482500	7077.025838851929
193	-44.1	-44.1	-49.6	-13.499816	17.468414	16.058386	-70.70063	-13.499716	0.0	485000	7114.215704202652
194	-43.12	-43.12	-39.2	-13.47827	17.428364	9.799488	-77.616936	-13.478659	0.1	487500	7150.97977232933
195	-47.52	-47.52	-47.2	-13.490453	17.420082	6.727108	-70.08201	-13.49027	0.1	490000	7188.269962787628
196	-46.88	-46.88	-41.8	-13.542774	17.462555	16.065132	-79.008194	-13.543037	0.4	492500	7225.570622444153
197	-46.42	-46.42	-40.7	-13.451878	17.42716	11.606924	-69.034515	-13.451688	0.3	495000	7262.214404582977
198	-47.06	-47.06	-43.5	-13.477225	17.460186	14.054892	-77.02777	-13.477448	0.1	497500	7299.471211433411
199	-46.4	-46.4	-44.5	-13.474855	17.441685	5.5124216	-72.0811	-13.475252	0.1	500000	7336.0225620269775
200	-46.12	-46.12	-47.6	-13.50917	17.486765	12.840035	-69.37229	-13.509059	0.0	502500	7373.273982524872
201	-45.94	-45.94	-44.2	-13.53071	17.50596	13.477842	-73.090485	-13.530428	0.0	505000	7410.898920297623
202	-45.64	-45.64	-44.600002	-13.487003	17.474207	10.9677925	-75.412315	-13.487362	0.1	507500	7447.60390162468
203	-46.9	-46.9	-48.0	-13.517519	17.510899	9.610667	-75.295074	-13.517365	0.1	510000	7484.610552310944
204	-48.02	-48.02	-47.9	-13.553495	17.525406	9.575669	-81.628136	-13.553488	0.0	512500	7522.630756616592
205	-47.02	-47.02	-48.7	-13.549843	17.54425	10.255952	-71.2392	-13.549637	0.0	515000	7560.271036148071
206	-46.38	-46.38	-41.2	-13.57357	17.55354	13.377901	-64.680954	-13.573568	0.2	517500	7597.864860296249
207	-46.48	-46.48	-39.7	-13.556243	17.579279	7.01101	-70.13925	-13.556493	0.3	520000	7635.283898591995
208	-46.0	-46.0	-42.8	-13.508818	17.559761	19.088772	-69.78531	-13.508913	0.2	522500	7671.417615652084
209	-46.16	-46.16	-40.899998	-13.512554	17.528835	10.739393	-63.32901	-13.512894	0.3	525000	7708.605475187302
210	-47.0	-47.0	-41.899998	-13.517109	17.52256	11.235511	-72.14567	-13.517413	0.1	527500	7745.121208190918
211	-45.66	-45.66	-39.399998	-13.48916	17.547606	12.274971	-85.23877	-13.489228	0.3	530000	7781.57492685318
212	-47.82	-47.82	-44.0	-13.475502	17.532784	20.296743	-79.704765	-13.475837	0.1	532500	7818.510343551636
213	-46.64	-46.64	-46.7	-13.485043	17.544214	20.028526	-65.44018	-13.484781	0.0	535000	7855.482039451599
214	-46.14	-46.14	-46.7	-13.5279	17.57046	6.737414	-67.56104	-13.527704	0.3	537500	7892.199844360352
215	-44.38	-44.38	-39.7	-13.57677	17.660517	19.41226	-72.51579	-13.577217	0.2	540000	7927.960687875748
216	-45.04	-45.04	-45.0	-13.527462	17.599588	11.092335	-69.02663	-13.527675	0.2	542500	7964.17379117012
217	-46.7	-46.7	-44.2	-13.45741	17.560959	5.5653	-63.96732	-13.458026	0.1	545000	8000.651482343674
218	-46.16	-46.16	-43.3	-13.469056	17.566824	14.673272	-66.54951	-13.46866	0.2	547500	8037.250933170319
219	-46.16	-46.16	-45.3	-13.467569	17.568775	21.944921	-66.38889	-13.467934	0.3	550000	8074.297721862793
220	-44.86	-44.86	-42.2	-13.432158	17.54401	21.718225	-65.71809	-13.4325485	0.4	552500	8111.754203796387
221	-47.68	-47.68	-42.399998	-13.47099	17.576294	11.705914	-66.0674	-13.470976	0.3	555000	8148.318637609482
222	-45.38	-45.38	-45.5	-13.396642	17.563925	15.88631	-71.30017	-13.396661	0.5	557500	8185.515749692917
223	-44.96	-44.96	-39.3	-13.464483	17.590118	14.614394	-68.69542	-13.464116	0.4	560000	8222.354877471924
224	-44.24	-44.24	-47.1	-13.429869	17.58946	18.056828	-68.35311	-13.431006	0.1	562500	8259.527517795563
225	-46.66	-46.66	-41.3	-13.481034	17.586458	13.965494	-65.382164	-13.480921	0.2	565000	8297.130243062973
226	-45.08	-45.08	-45.7	-13.46288	17.582998	9.825189	-89.65537	-13.46331	0.2	567500	8334.56362771988
227	-46.08	-46.08	-46.5	-13.478584	17.602667	26.923088	-77.75066	-13.478655	0.1	570000	8371.4047935009
228	-45.74	-45.74	-43.5	-13.461936	17.59739	8.831317	-75.32702	-13.461989	0.1	572500	8407.964941501617
229	-47.22	-47.22	-44.8	-13.513227	17.621294	18.946314	-73.44214	-13.513776	0.1	575000	8445.098784923553
230	-46.54	-46.54	-46.7	-13.502542	17.622677	16.110357	-77.61708	-13.502921	0.1	577500	8481.860749959946
231	-44.78	-44.78	-46.6	-13.472428	17.631971	12.609682	-66.7532	-13.472596	0.1	580000	8518.856178045273
232	-44.86	-44.86	-43.8	-13.48348	17.65258	5.207825	-65.23716	-13.483653	0.2	582500	8556.275229215622
233	-47.2	-47.2	-42.2	-13.53267	17.693222	20.516125	-72.46716	-13.532463	0.2	585000	8593.960240364075
234	-47.12	-47.12	-38.600002	-13.523098	17.646196	21.613512	-65.455215	-13.523237	0.3	587500	8631.443431138992
235	-44.58	-44.58	-43.0	-13.54284	17.666824	14.137447	-65.14152	-13.542921	0.3	590000	8668.563175201416
236	-45.88	-45.88	-40.899998	-13.507367	17.63688	8.930565	-75.58858	-13.507884	0.2	592500	8705.27821803093
237	-45.04	-45.04	-44.8	-13.519177	17.650919	13.1924925	-72.65803	-13.519399	0.1	595000	8741.68183350563
238	-46.58	-46.58	-41.2	-13.527335	17.658308	5.4945154	-66.80203	-13.527541	0.2	597500	8777.081130743027
239	-47.16	-47.16	-42.100002	-13.504372	17.67199	10.8513975	-73.950325	-13.50462	0.3	600000	8813.619628429413
240	-46.72	-46.72	-42.600002	-13.551721	17.676384	5.7220926	-70.23117	-13.552083	0.3	602500	8847.745836496353
241	-47.0	-47.0	-46.3	-13.549246	17.686384	16.966429	-68.550476	-13.549676	0.0	605000	8883.271917819977
242	-46.16	-46.16	-42.8	-13.544292	17.657475	11.078279	-71.49212	-13.544681	0.1	607500	8918.431556224823
243	-45.9	-45.9	-41.100002	-13.500452	17.63533	20.007088	-66.77143	-13.500682	0.3	610000	8955.494098901749
244	-46.48	-46.48	-42.600002	-13.53329	17.645144	8.870513	-65.639084	-13.532963	0.3	612500	8991.328132152557
245	-44.96	-44.96	-42.3	-13.543433	17.664698	7.3556604	-71.781334	-13.543543	0.3	615000	9028.196640014648
246	-44.76	-44.76	-43.7	-13.557339	17.68442	7.163957	-103.97754	-13.557374	0.1	617500	9065.60083580017
247	-45.46	-45.46	-43.2	-13.572219	17.696796	27.777088	-68.485664	-13.572673	0.1	620000	9103.278579473495
248	-46.38	-46.38	-42.8	-13.584588	17.70964	11.182592	-80.1439	-13.58455	0.2	622500	9141.07885479927
249	-45.4	-45.4	-37.2	-13.559941	17.6622	23.77697	-74.486916	-13.559596	0.3	625000	9178.835960388184
250	-46.38	-46.38	-45.0	-13.6324625	17.731222	7.766017	-78.6899	-13.632727	0.1	627500	9216.152269601822
251	-45.72	-45.72	-33.8	-13.6228485	17.739017	9.866204	-82.658356	-13.623275	0.4	630000	9253.043927431107
252	-47.3	-47.3	-46.5	-13.582452	17.716522	14.772049	-67.11722	-13.582416	0.1	632500	9289.92311835289
253	-45.74	-45.74	-43.2	-13.571124	17.724834	27.145336	-73.651634	-13.571137	0.2	635000	9326.851934432983
254	-47.2	-47.2	-43.899998	-13.608228	17.701168	11.987328	-80.439674	-13.608244	0.1	637500	9364.552800416946
255	-46.54	-46.54	-46.2	-13.552652	17.685627	24.015308	-75.54433	-13.553219	0.2	640000	9402.035143136978
256	-43.4	-43.4	-49.4	-13.567887	17.69711	18.843649	-72.31624	-13.567796	0.0	642500	9439.345633745193
257	-44.22	-44.22	-37.2	-13.6512375	17.743843	15.6505165	-76.757286	-13.651397	0.3	645000	9477.003429412842
258	-44.54	-44.54	-42.399998	-13.681566	17.792446	8.727331	-65.87724	-13.681121	0.3	647500	9514.683006763458
259	-44.98	-44.98	-41.3	-13.587474	17.747585	8.54572	-66.68875	-13.588081	0.2	650000	9552.476250648499
260	-47.4	-47.4	-43.3	-13.591009	17.777935	14.184292	-73.293816	-13.591247	0.3	652500	9590.104694128036
261	-46.02	-46.02	-43.3	-13.597333	17.738987	23.54316	-69.53276	-13.597301	0.1	655000	9627.192312717438
262	-45.46	-45.46	-44.7	-13.562174	17.692991	12.28304	-67.854965	-13.562096	0.1	657500	9663.576959133148
263	-44.74	-44.74	-43.600002	-13.546642	17.64825	9.323777	-74.01512	-13.547194	0.3	660000	9700.040870189667
264	-47.32	-47.32	-48.6	-13.563624	17.677704	11.082043	-71.20677	-13.563462	0.0	662500	9736.305245637894
265	-44.88	-44.88	-44.899998	-13.568416	17.67652	12.352735	-85.69994	-13.56874	0.1	665000	9772.953668832779
266	-45.72	-45.72	-43.8	-13.564531	17.671827	19.564186	-68.045944	-13.564365	0.2	667500	9808.983680009842
267	-44.38	-44.38	-50.0	-13.506168	17.619555	13.011692	-74.9771	-13.506152	0.0	670000	9846.276432275772
268	-44.7	-44.7	-33.5	-13.583673	17.64773	9.585856	-74.4373	-13.583438	0.4	672500	9882.66098022461
269	-45.02	-45.02	-44.0	-13.563246	17.608353	13.563854	-71.68892	-13.563251	0.1	675000	9919.183160543442
270	-46.14	-46.14	-37.7	-13.529782	17.597523	7.3579364	-80.024315	-13.530196	0.5	677500	9955.358716964722
271	-45.14	-45.14	-44.0	-13.554366	17.574018	12.860359	-65.37668	-13.5545025	0.2	680000	9992.351119279861
272	-45.72	-45.72	-39.2	-13.512004	17.55377	10.16375	-68.99503	-13.51192	0.3	682500	10028.821018218994
273	-45.74	-45.74	-45.399998	-13.522947	17.547096	7.566571	-69.6425	-13.522935	0.0	685000	10065.867258548737
274	-48.52	-48.52	-31.7	-13.520897	17.550283	9.54221	-78.287796	-13.521119	0.5	687500	10103.130542039871
275	-47.74	-47.74	-47.1	-13.4836235	17.481236	7.2352247	-71.706024	-13.483835	0.0	690000	10140.108380317688
276	-43.9	-43.9	-38.2	-13.5312	17.506731	8.454706	-81.37917	-13.530903	0.4	692500	10177.672799110413
277	-48.52	-48.52	-41.8	-13.526799	17.518703	9.422296	-76.43875	-13.527526	0.2	695000	10215.248850822449
278	-47.56	-47.56	-39.399998	-13.554155	17.520891	10.643653	-84.35506	-13.554567	0.2	697500	10252.285051584244
279	-46.3	-46.3	-41.0	-13.530138	17.501448	19.396315	-68.241234	-13.530378	0.2	700000	10288.686906814575
280	-47.54	-47.54	-36.0	-13.556816	17.502724	12.225677	-72.87781	-13.557142	0.4	702500	10325.697761774063
281	-46.8	-46.8	-43.2	-13.497267	17.41834	7.631564	-100.052376	-13.49728	0.3	705000	10362.378606557846
282	-46.72	-46.72	-42.899998	-13.543529	17.460585	9.376837	-83.48199	-13.543798	0.2	707500	10399.042003631592
283	-47.08	-47.08	-38.0	-13.491898	17.400314	10.619553	-67.16392	-13.492301	0.3	710000	10435.51464343071
284	-46.8	-46.8	-40.399998	-13.432132	17.345032	13.698831	-70.494354	-13.43256	0.3	712500	10472.175265789032
285	-46.44	-46.44	-38.8	-13.470801	17.38812	15.573198	-67.052864	-13.4703665	0.4	715000	10509.425115585327
286	-47.32	-47.32	-42.899998	-13.496304	17.390707	9.4145775	-74.081535	-13.496479	0.3	717500	10545.928801059723
287	-48.02	-48.02	-46.2	-13.457434	17.321114	8.7042055	-75.69105	-13.4575815	0.2	720000	10583.342100381851
288	-45.42	-45.42	-49.4	-13.48412	17.328707	9.745955	-75.02013	-13.48403	0.0	722500	10620.61136674881
289	-46.16	-46.16	-44.5	-13.512694	17.333307	15.788107	-70.05	-13.5133	0.3	725000	10657.677503347397
290	-48.12	-48.12	-39.899998	-13.462725	17.312096	10.98474	-70.31089	-13.462857	0.1	727500	10694.470278978348
291	-46.04	-46.04	-44.0	-13.486413	17.323751	11.629668	-71.581535	-13.486464	0.1	730000	10729.485127449036
292	-46.82	-46.82	-44.5	-13.484934	17.31999	23.857792	-72.392525	-13.484749	0.2	732500	10763.070252656937
293	-46.82	-46.82	-41.899998	-13.512879	17.351818	7.414222	-70.191154	-13.512264	0.2	735000	10798.244535446167
294	-46.22	-46.22	-44.3	-13.47538	17.339714	24.676178	-77.3321	-13.475465	0.0	737500	10835.096212625504
295	-46.28	-46.28	-38.7	-13.478185	17.344105	19.2784	-73.927826	-13.478266	0.5	740000	10872.122835159302
296	-44.8	-44.8	-44.399998	-13.435681	17.296028	17.67463	-74.66081	-13.435867	0.1	742500	10910.043369531631
297	-43.8	-43.8	-44.0	-13.431063	17.29052	14.534395	-67.36729	-13.431135	0.2	745000	10947.585320711136
298	-45.26	-45.26	-42.7	-13.519131	17.346949	16.31767	-81.35511	-13.519057	0.3	747500	10985.015451431274
299	-45.56	-45.56	-41.899998	-13.522132	17.3595	8.099886	-73.39435	-13.522301	0.2	750000	11022.515588283539
300	-46.8	-46.8	-36.899998	-13.555203	17.367802	10.284161	-75.88089	-13.555302	0.5	752500	11059.930837392807
301	-44.06	-44.06	-46.9	-13.531465	17.355305	8.68395	-70.57525	-13.531959	0.2	755000	11097.258920431137
302	-45.04	-45.04	-42.100002	-13.552354	17.369823	17.385742	-75.24731	-13.552719	0.3	757500	11134.995394706726
303	-46.1	-46.1	-45.899998	-13.538719	17.343275	10.302074	-69.34282	-13.538167	0.1	760000	11172.644015550613
304	-44.28	-44.28	-40.5	-13.531004	17.352102	10.414089	-78.00787	-13.531426	0.3	762500	11209.863253355026
305	-45.08	-45.08	-37.5	-13.563222	17.349174	10.555935	-71.59954	-13.563139	0.5	765000	11247.138986587524
306	-47.72	-47.72	-41.2	-13.649974	17.394112	20.387205	-77.91693	-13.650012	0.2	767500	11284.554955005646
307	-45.44	-45.44	-40.5	-13.634566	17.399105	36.71967	-79.51589	-13.6351595	0.2	770000	11322.337175607681
308	-44.32	-44.32	-41.600002	-13.64286	17.380833	19.663845	-68.01142	-13.6425085	0.2	772500	11359.796684741974
309	-45.74	-45.74	-46.0	-13.683847	17.414774	18.891888	-74.32909	-13.684128	0.0	775000	11397.27905869484
310	-45.32	-45.32	-38.7	-13.618673	17.381804	19.69383	-70.48028	-13.618489	0.4	777500	11434.290038108826
311	-45.94	-45.94	-39.7	-13.561538	17.326635	7.0418262	-65.27097	-13.56151	0.3	780000	11472.20344543457
312	-46.38	-46.38	-41.7	-13.591116	17.312033	20.764742	-79.77325	-13.591436	0.4	782500	11510.096617937088
313	-46.02	-46.02	-39.7	-13.600955	17.324903	13.339211	-68.56827	-13.601024	0.3	785000	11547.527205467224
314	-45.82	-45.82	-44.7	-13.6740055	17.39021	13.769075	-71.99174	-13.673901	0.2	787500	11584.786351203918
315	-47.74	-47.74	-37.5	-13.646092	17.379051	23.674305	-66.45963	-13.6458025	0.5	790000	11621.76848077774
316	-45.4	-45.4	-39.5	-13.586926	17.353403	15.617881	-72.63319	-13.587344	0.2	792500	11657.689571857452
317	-45.22	-45.22	-29.4	-13.750514	17.40485	8.341858	-64.705925	-13.75041	0.7	795000	11694.195557832718
318	-43.94	-43.94	-34.899998	-13.715152	17.399134	21.768219	-70.16434	-13.715117	0.3	797500	11730.902240514755
319	-47.2	-47.2	-44.3	-13.728275	17.365704	23.610828	-100.211105	-13.728268	0.3	800000	11767.291555166245
320	-46.22	-46.22	-40.899998	-13.696142	17.353092	27.763083	-71.093895	-13.696273	0.3	802500	11804.117641448975
321	-45.48	-45.48	-38.8	-13.785251	17.394764	8.972831	-75.35218	-13.785416	0.3	805000	11841.233543634415
322	-45.78	-45.78	-31.7	-13.686934	17.316214	13.787262	-79.27914	-13.6868515	0.3	807500	11877.44114947319
323	-45.72	-45.72	-40.8	-13.685496	17.301315	19.77948	-73.98742	-13.685712	0.2	810000	11914.942125797272
324	-46.86	-46.86	-44.0	-13.732613	17.3089	15.016775	-75.840065	-13.732477	0.1	812500	11952.43919634819
325	-43.32	-43.32	-41.899998	-13.81818	17.41013	12.425729	-87.46843	-13.818453	0.3	815000	11989.461447954178
326	-45.24	-45.24	-36.8	-13.707968	17.322195	15.777508	-66.12759	-13.708072	0.4	817500	12026.665241241455
327	-46.72	-46.72	-30.6	-13.759667	17.360409	13.85249	-85.63304	-13.759856	0.5	820000	12064.248904705048
328	-46.26	-46.26	-40.0	-13.796511	17.37808	9.592274	-69.05887	-13.796623	0.4	822500	12101.314108610153
329	-45.4	-45.4	-41.600002	-13.807508	17.35264	18.901512	-72.73567	-13.806578	0.1	825000	12138.415598869324
330	-45.56	-45.56	-36.100002	-13.796413	17.353558	12.785094	-68.539474	-13.796558	0.5	827500	12175.99230337143
331	-45.96	-45.96	-39.100002	-13.798923	17.356642	9.697849	-74.244095	-13.799028	0.3	830000	12213.180020809174
332	-44.6	-44.6	-37.8	-13.854672	17.397078	10.711976	-81.960045	-13.854746	0.2	832500	12250.30154466629
333	-43.8	-43.8	-45.600002	-13.8534	17.405031	14.788964	-71.5336	-13.853448	0.1	835000	12288.17855143547
334	-45.94	-45.94	-46.7	-13.844783	17.37037	10.759517	-76.131996	-13.844181	0.1	837500	12324.977848291397
335	-45.34	-45.34	-37.0	-13.798405	17.342487	20.579803	-87.93319	-13.799064	0.3	840000	12362.23344707489
336	-46.46	-46.46	-38.399998	-13.841668	17.365887	12.489277	-74.49609	-13.841052	0.2	842500	12399.947367191315
337	-46.2	-46.2	-44.600002	-13.8212385	17.371248	11.861915	-82.1186	-13.821024	0.2	845000	12437.637392282486
338	-46.08	-46.08	-45.899998	-13.789316	17.348595	18.212818	-75.71943	-13.78928	0.0	847500	12474.728323221207
339	-46.48	-46.48	-30.3	-13.848691	17.379997	21.991798	-73.58993	-13.848751	0.4	850000	12511.889054059982
340	-46.04	-46.04	-39.399998	-13.820878	17.352526	14.935037	-72.56744	-13.821149	0.3	852500	12548.661244630814
341	-45.96	-45.96	-43.0	-13.797111	17.355822	9.157175	-82.09236	-13.797063	0.3	855000	12585.712895393372
342	-47.12	-47.12	-35.0	-13.848684	17.395807	8.702052	-65.96511	-13.84874	0.3	857500	12622.615486621857
343	-45.22	-45.22	-42.0	-13.747219	17.306103	19.350119	-78.02474	-13.747031	0.1	860000	12660.368491649628
344	-44.52	-44.52	-41.0	-13.770479	17.313429	8.684202	-75.87256	-13.770479	0.3	862500	12697.13281583786
345	-46.22	-46.22	-44.100002	-13.798654	17.332527	11.192725	-71.83019	-13.798441	0.1	865000	12734.51003408432
346	-46.56	-46.56	-46.7	-13.794352	17.351574	11.810288	-66.48145	-13.794305	0.1	867500	12771.39373588562
347	-44.88	-44.88	-44.0	-13.830593	17.36036	6.2413893	-93.81259	-13.830524	0.1	870000	12808.203790664673
348	-45.12	-45.12	-39.5	-13.875162	17.394148	17.21611	-68.394615	-13.875303	0.2	872500	12845.899744987488
349	-44.84	-44.84	-47.3	-13.890245	17.422262	12.041046	-73.02922	-13.89016	0.1	875000	12882.293106555939
350	-46.84	-46.84	-43.899998	-13.874064	17.409567	11.678946	-70.31896	-13.8743105	0.2	877500	12919.78509759903
351	-47.94	-47.94	-42.5	-13.87031	17.386549	8.675239	-80.51995	-13.870398	0.3	880000	12956.88785982132
352	-46.3	-46.3	-43.5	-13.865209	17.384995	14.829528	-79.512146	-13.865511	0.2	882500	12994.3081138134
353	-46.58	-46.58	-43.5	-13.80002	17.348804	13.242788	-70.27377	-13.7996025	0.1	885000	13031.860055685043
354	-47.52	-47.52	-38.0	-13.763347	17.325155	15.2387905	-69.77515	-13.76283	0.2	887500	13069.027424573898
355	-46.2	-46.2	-38.8	-13.773316	17.324444	13.449497	-90.35435	-13.773551	0.3	890000	13105.883716583252
356	-45.4	-45.4	-35.399998	-13.767794	17.32945	9.862051	-70.88338	-13.767929	0.2	892500	13143.439089298248
357	-46.36	-46.36	-35.8	-13.788939	17.347614	13.705614	-77.73807	-13.789273	0.3	895000	13180.776654481888
358	-44.82	-44.82	-42.5	-13.767793	17.313766	7.8227043	-90.90787	-13.7681875	0.1	897500	13217.53344488144
359	-45.9	-45.9	-46.6	-13.746331	17.293169	10.872963	-66.59872	-13.746655	0.0	900000	13255.093612909317
360	-46.16	-46.16	-45.5	-13.7411785	17.29565	15.860974	-78.72026	-13.741265	0.2	902500	13292.794132232666
361	-44.36	-44.36	-41.600002	-13.642333	17.251816	17.623981	-70.99744	-13.642484	0.3	905000	13330.637658834457
362	-45.44	-45.44	-45.899998	-13.648468	17.222372	11.717278	-87.26663	-13.648391	0.1	907500	13367.96972155571
363	-44.02	-44.02	-45.2	-13.679041	17.242897	14.831011	-74.463	-13.678755	0.1	910000	13405.357402801514
364	-44.92	-44.92	-42.5	-13.680662	17.235077	13.164534	-75.28162	-13.680613	0.3	912500	13442.201203584671
365	-45.68	-45.68	-45.7	-13.666642	17.246038	13.336452	-75.7143	-13.666349	0.1	915000	13478.891144037247
366	-43.56	-43.56	-46.0	-13.659054	17.23182	11.587027	-75.501335	-13.659245	0.1	917500	13515.631296634674
367	-47.7	-47.7	-42.100002	-13.649658	17.245588	16.65019	-71.62217	-13.649278	0.3	920000	13552.243110656738
368	-46.64	-46.64	-35.899998	-13.64112	17.262228	12.372464	-74.05549	-13.641372	0.3	922500	13588.773519277573
369	-43.94	-43.94	-40.899998	-13.711041	17.300316	16.00139	-66.59094	-13.710899	0.3	925000	13625.017861366272
370	-44.96	-44.96	-41.100002	-13.682214	17.283865	6.3467445	-70.87809	-13.682277	0.3	927500	13661.683969259262
371	-46.68	-46.68	-42.399998	-13.751706	17.320644	12.161885	-70.22258	-13.751202	0.3	930000	13698.68528175354
372	-45.0	-45.0	-44.0	-13.718987	17.315142	20.453114	-66.96891	-13.718975	0.1	932500	13735.582308530807
373	-44.26	-44.26	-44.8	-13.7726145	17.36135	19.274067	-72.5703	-13.772701	0.2	935000	13772.523680448532
374	-46.44	-46.44	-46.3	-13.777009	17.36832	12.221588	-74.40869	-13.776957	0.1	937500	13810.151234865189
375	-46.38	-46.38	-41.899998	-13.729755	17.359177	10.069993	-86.44554	-13.729821	0.3	940000	13847.641003847122
376	-44.5	-44.5	-37.7	-13.716385	17.35394	8.628198	-70.235794	-13.7164135	0.2	942500	13885.549067258835
377	-46.16	-46.16	-38.7	-13.743825	17.380463	13.869149	-72.004005	-13.744022	0.4	945000	13923.585649728775
378	-45.64	-45.64	-40.8	-13.793291	17.382654	15.009412	-65.05403	-13.793354	0.3	947500	13961.331204414368
379	-44.36	-44.36	-37.2	-13.816669	17.406204	17.757633	-68.57968	-13.816975	0.2	950000	13999.30102944374
380	-47.22	-47.22	-47.8	-13.808061	17.385836	28.046257	-67.08912	-13.80785	0.1	952500	14037.277050495148
381	-45.84	-45.84	-42.0	-13.802361	17.383482	27.69547	-71.941284	-13.802401	0.3	955000	14075.230011701584
382	-45.18	-45.18	-48.5	-13.806755	17.39765	14.049152	-72.3775	-13.806411	0.0	957500	14112.640613079071
383	-45.26	-45.26	-42.8	-13.855702	17.420736	9.452173	-65.28985	-13.855641	0.2	960000	14149.677228212357
384	-47.18	-47.18	-47.6	-13.858809	17.452328	14.474414	-75.746704	-13.858703	0.1	962500	14187.138150930405
385	-46.88	-46.88	-35.0	-13.799479	17.419285	27.964006	-69.54224	-13.799485	0.4	965000	14224.834538459778
386	-44.46	-44.46	-43.600002	-13.836076	17.453295	12.310465	-66.91955	-13.835596	0.2	967500	14262.648627996445
387	-45.58	-45.58	-43.0	-13.806127	17.445793	25.302906	-70.37092	-13.806369	0.3	970000	14300.29326057434
388	-47.3	-47.3	-37.0	-13.780016	17.397293	15.929255	-64.993935	-13.779565	0.4	972500	14338.178997516632
389	-45.84	-45.84	-47.2	-13.805288	17.441967	11.494965	-67.115166	-13.805214	0.1	975000	14375.992949724197
390	-45.98	-45.98	-42.100002	-13.814439	17.428139	7.329913	-68.36009	-13.814789	0.2	977500	14413.406413316727
391	-46.82	-46.82	-37.7	-13.798761	17.42833	16.081535	-70.040184	-13.7989235	0.3	980000	14451.079129219055
392	-46.6	-46.6	-44.3	-13.749414	17.39284	17.542496	-76.149284	-13.74975	0.1	982500	14488.37752199173
393	-46.96	-46.96	-47.4	-13.722088	17.408361	18.139662	-68.59996	-13.721846	0.0	985000	14525.469818115234
394	-43.38	-43.38	-41.5	-13.642144	17.346008	17.671099	-77.19148	-13.641506	0.3	987500	14563.253713607788
395	-43.86	-43.86	-41.2	-13.719781	17.405716	11.6042185	-68.84882	-13.719789	0.1	990000	14600.575916528702
396	-48.0	-48.0	-45.8	-13.691175	17.334291	9.622749	-68.5255	-13.690661	0.1	992500	14637.700858831406
397	-45.34	-45.34	-43.899998	-13.662331	17.344585	17.252392	-74.69916	-13.662293	0.0	995000	14673.854999780655
398	-44.76	-44.76	-46.100002	-13.659918	17.3674	11.495638	-66.32245	-13.660109	0.1	997500	14710.967082738876
399	-44.86	-44.86	-37.3	-13.739155	17.419039	17.04372	-70.657104	-13.739378	0.4	1000000	14747.845307588577
400	-45.64	-45.64	-43.5	-13.76088	17.44391	8.191828	-66.68478	-13.760744	0.2	1002500	14785.148797988892
401	-45.2	-45.2	-33.899998	-13.714712	17.421703	16.596603	-63.681503	-13.714701	0.5	1005000	14823.14019536972
402	-46.22	-46.22	-43.899998	-13.741589	17.460491	21.147882	-64.025085	-13.74147	0.1	1007500	14861.062468290329
403	-44.68	-44.68	-40.5	-13.7809725	17.508287	19.317026	-68.091995	-13.780792	0.4	1010000	14898.357945203781
404	-47.24	-47.24	-37.100002	-13.725111	17.438652	20.549725	-63.536667	-13.724724	0.4	1012500	14936.164204835892
405	-47.16	-47.16	-43.2	-13.773429	17.485556	17.447678	-79.97479	-13.773379	0.2	1015000	14972.962092161179
406	-45.52	-45.52	-41.7	-13.773117	17.513922	11.109874	-65.95948	-13.773225	0.3	1017500	15009.780319213867
407	-46.72	-46.72	-32.399998	-13.749973	17.495176	17.784443	-69.424904	-13.749838	0.5	1020000	15046.155344486237
408	-44.64	-44.64	-44.8	-13.738186	17.513569	11.9805765	-68.546104	-13.738592	0.1	1022500	15083.324768781662
409	-46.3	-46.3	-44.5	-13.763118	17.518631	8.139038	-64.77542	-13.7628975	0.2	1025000	15120.18893456459
410	-45.72	-45.72	-37.399998	-13.778524	17.550865	17.858908	-65.933846	-13.778374	0.4	1027500	15157.300378084183
411	-47.24	-47.24	-41.7	-13.827448	17.584272	11.878082	-68.302	-13.827633	0.3	1030000	15194.10526061058
412	-45.96	-45.96	-39.399998	-13.819757	17.593437	10.703861	-61.7044	-13.819917	0.2	1032500	15231.399567365646
413	-47.38	-47.38	-41.7	-13.796471	17.613008	13.9974375	-73.27915	-13.796231	0.2	1035000	15268.9894053936
414	-46.24	-46.24	-44.600002	-13.823339	17.64625	7.181863	-72.82117	-13.822887	0.2	1037500	15305.05382180214
415	-45.44	-45.44	-41.5	-13.780669	17.623072	24.517103	-68.13358	-13.780568	0.3	1040000	15341.5702419281
416	-46.3	-46.3	-43.899998	-13.778279	17.62581	11.867237	-65.43157	-13.7779875	0.3	1042500	15377.624213218689
417	-46.68	-46.68	-43.2	-13.801643	17.646772	7.8387256	-79.73104	-13.801168	0.1	1045000	15413.686138868332
418	-46.58	-46.58	-45.8	-13.783625	17.650606	6.1051044	-65.46518	-13.783667	0.1	1047500	15450.014782190323
419	-47.42	-47.42	-42.600002	-13.759797	17.636456	12.825245	-68.24233	-13.758791	0.1	1050000	15485.401876211166
420	-45.76	-45.76	-41.0	-13.77192	17.60952	21.867926	-62.545994	-13.771661	0.2	1052500	15521.03196310997
421	-44.62	-44.62	-41.0	-13.779854	17.65876	14.9922	-69.66998	-13.779541	0.4	1055000	15556.467407226562
422	-46.12	-46.12	-47.8	-13.76525	17.673395	18.408657	-81.57235	-13.764967	0.1	1057500	15592.219507932663
423	-47.2	-47.2	-43.100002	-13.775393	17.67597	15.7283535	-67.607025	-13.774834	0.2	1060000	15627.465331077576
424	-46.8	-46.8	-46.100002	-13.7885	17.694515	9.875162	-68.65857	-13.788108	0.1	1062500	15663.540657043457
425	-48.18	-48.18	-45.5	-13.7795	17.682848	9.673586	-68.818535	-13.77931	0.1	1065000	15699.34006690979
426	-46.22	-46.22	-44.399998	-13.796057	17.708517	23.95865	-65.2854	-13.79581	0.2	1067500	15735.876422405243
427	-48.02	-48.02	-49.4	-13.777741	17.721527	9.573808	-72.51538	-13.777374	0.0	1070000	15771.956317901611
428	-46.6	-46.6	-40.899998	-13.7422695	17.70476	15.871294	-68.639336	-13.742595	0.3	1072500	15808.268501520157
429	-47.4	-47.4	-38.100002	-13.804162	17.724434	21.827427	-67.08202	-13.803236	0.4	1075000	15844.41112613678
430	-45.22	-45.22	-45.399998	-13.779375	17.718801	8.162995	-64.97737	-13.779162	0.1	1077500	15880.842649698257
431	-43.98	-43.98	-44.3	-13.845059	17.779264	15.203071	-72.97272	-13.844409	0.1	1080000	15917.07681107521
432	-46.7	-46.7	-46.0	-13.811606	17.751581	9.409877	-69.2786	-13.811152	0.1	1082500	15953.029089212418
433	-46.56	-46.56	-43.0	-13.786738	17.741776	7.5708256	-70.306564	-13.786401	0.1	1085000	15989.011824846268
434	-44.5	-44.5	-37.8	-13.771305	17.720621	12.606999	-62.921276	-13.771028	0.2	1087500	16025.191581487656
435	-46.68	-46.68	-42.8	-13.748237	17.742031	15.830686	-66.78517	-13.747739	0.2	1090000	16061.212935686111
436	-48.18	-48.18	-44.100002	-13.81919	17.77006	11.744193	-74.146904	-13.81856	0.1	1092500	16097.363030672073
437	-45.36	-45.36	-37.7	-13.779393	17.749828	10.086931	-64.70055	-13.77967	0.3	1095000	16133.053534269333
438	-46.1	-46.1	-42.7	-13.802765	17.741207	13.923473	-73.62745	-13.802212	0.2	1097500	16169.108525514603
439	-47.68	-47.68	-38.899998	-13.77881	17.734694	16.35062	-67.22083	-13.778292	0.3	1100000	16204.872596979141
440	-45.98	-45.98	-46.399998	-13.832372	17.7738	11.755629	-73.84961	-13.83263	0.2	1102500	16240.478447914124
441	-47.28	-47.28	-44.600002	-13.826163	17.785812	10.232218	-67.62774	-13.826123	0.1	1105000	16277.160903215408
442	-45.46	-45.46	-41.600002	-13.8374605	17.798656	11.64678	-67.761475	-13.836788	0.2	1107500	16313.629083395004
443	-46.7	-46.7	-49.3	-13.808311	17.801544	11.7655	-73.40166	-13.808056	0.0	1110000	16349.686822891235
444	-47.42	-47.42	-45.3	-13.80626	17.779697	9.599893	-67.85312	-13.806383	0.2	1112500	16386.074952602386
445	-45.14	-45.14	-49.0	-13.850259	17.820707	10.279217	-67.40789	-13.849898	0.0	1115000	16421.99841284752
446	-45.42	-45.42	-42.2	-13.857062	17.839443	12.940457	-65.541016	-13.856987	0.1	1117500	16458.11762905121
447	-45.38	-45.38	-48.2	-13.814353	17.819227	9.017057	-66.12643	-13.814144	0.0	1120000	16493.950289726257
448	-46.42	-46.42	-46.7	-13.784765	17.806747	29.422562	-72.00308	-13.784165	0.1	1122500	16529.597509384155
449	-44.94	-44.94	-46.399998	-13.789858	17.816057	11.886939	-69.67831	-13.789761	0.1	1125000	16565.188374757767
450	-44.7	-44.7	-45.0	-13.785734	17.812084	14.31726	-72.804276	-13.785494	0.2	1127500	16601.25191640854
451	-45.64	-45.64	-39.2	-13.733255	17.782919	23.545797	-68.30756	-13.732916	0.3	1130000	16636.7108836174
452	-45.9	-45.9	-38.100002	-13.789044	17.8033	15.942874	-66.36738	-13.788469	0.3	1132500	16672.612992286682
453	-45.82	-45.82	-44.0	-13.734487	17.76948	49.29475	-77.13833	-13.733783	0.2	1135000	16708.42490386963
454	-44.46	-44.46	-40.100002	-13.798591	17.808096	12.19469	-70.24931	-13.7983055	0.3	1137500	16743.596204280853
455	-45.5	-45.5	-39.600002	-13.806185	17.798601	19.196426	-78.04623	-13.806069	0.4	1140000	16778.613782405853
456	-45.6	-45.6	-37.899998	-13.794857	17.818802	21.641306	-68.100975	-13.794615	0.3	1142500	16813.82716035843
457	-46.2	-46.2	-45.399998	-13.80136	17.828299	11.587822	-71.4539	-13.8010845	0.1	1145000	16849.842237234116
458	-47.34	-47.34	-38.3	-13.8087015	17.855776	26.088398	-65.189415	-13.808127	0.4	1147500	16885.271503686905
459	-47.12	-47.12	-43.3	-13.840427	17.86284	21.291664	-72.29697	-13.840437	0.1	1150000	16919.822217702866
460	-46.86	-46.86	-47.2	-13.884941	17.89902	17.634195	-66.53262	-13.884604	0.0	1152500	16955.409689188004
461	-46.72	-46.72	-39.600002	-13.901986	17.93246	16.466278	-68.30136	-13.901858	0.1	1155000	16991.198364257812
462	-46.3	-46.3	-44.7	-13.861656	17.918116	11.575591	-80.118355	-13.861321	0.1	1157500	17027.275055885315
463	-47.32	-47.32	-47.1	-13.888518	17.945404	15.468379	-69.09392	-13.888189	0.0	1160000	17063.281035661697
464	-45.98	-45.98	-36.600002	-13.861324	17.90452	15.426237	-72.1523	-13.860973	0.4	1162500	17099.028441667557
465	-46.8	-46.8	-38.3	-13.880199	17.908783	19.346035	-68.137505	-13.880072	0.3	1165000	17134.20950102806
466	-46.46	-46.46	-43.5	-13.9014845	17.950085	5.891964	-67.33957	-13.901157	0.2	1167500	17170.137867212296
467	-43.84	-43.84	-46.399998	-13.83605	17.938963	14.61714	-64.45802	-13.835609	0.0	1170000	17206.114798545837
468	-46.64	-46.64	-42.100002	-13.847833	17.924753	12.069788	-66.16667	-13.847965	0.1	1172500	17241.995097875595
469	-46.04	-46.04	-39.399998	-13.894578	17.941366	5.8912077	-67.20284	-13.894693	0.3	1175000	17278.53645849228
470	-46.58	-46.58	-39.899998	-13.92257	17.938648	12.562561	-70.87627	-13.922263	0.3	1177500	17315.090799570084
471	-47.16	-47.16	-40.600002	-13.868564	17.886137	20.582796	-63.980446	-13.868044	0.3	1180000	17351.635648489
472	-46.7	-46.7	-40.100002	-13.871955	17.865648	17.36891	-72.80511	-13.871946	0.2	1182500	17387.9800658226
473	-44.7	-44.7	-39.3	-13.925111	17.910854	9.60719	-68.40697	-13.92521	0.1	1185000	17424.495763778687
474	-46.54	-46.54	-41.5	-13.880169	17.907408	8.287413	-63.868896	-13.880095	0.2	1187500	17460.743656158447
475	-45.1	-45.1	-39.100002	-13.896105	17.90432	17.98159	-73.00525	-13.896396	0.4	1190000	17496.50962948799
476	-47.7	-47.7	-44.3	-13.9068	17.923872	20.835499	-65.84031	-13.906871	0.2	1192500	17532.733114480972
477	-46.8	-46.8	-47.1	-13.857657	17.917747	16.665775	-62.890297	-13.857346	0.0	1195000	17569.15839076042
478	-45.4	-45.4	-41.0	-13.920584	17.957268	16.136642	-66.519356	-13.920705	0.3	1197500	17605.235531806946
479	-45.74	-45.74	-41.3	-13.896784	17.924768	28.685373	-64.513794	-13.897159	0.3	1200000	17642.443861722946
480	-44.5	-44.5	-36.600002	-13.870695	17.91039	21.50965	-69.673195	-13.8706045	0.4	1202500	17678.908066749573
481	-45.84	-45.84	-43.0	-13.909214	17.930283	11.679159	-70.31628	-13.9089	0.1	1205000	17715.233418941498
482	-48.18	-48.18	-42.3	-13.881169	17.90675	12.759647	-69.46628	-13.880885	0.0	1207500	17751.31621813774
483	-45.08	-45.08	-40.3	-13.929352	17.947166	24.935455	-69.22532	-13.929186	0.2	1210000	17787.362407684326
484	-45.78	-45.78	-30.9	-13.940035	17.942905	11.832869	-63.36339	-13.939715	0.5	1212500	17823.479562044144
485	-46.06	-46.06	-40.5	-13.94675	17.964764	19.492739	-72.46167	-13.946221	0.3	1215000	17859.117951869965
486	-46.38	-46.38	-38.5	-13.875892	17.90905	15.865659	-74.666855	-13.876073	0.2	1217500	17895.46743440628
487	-45.54	-45.54	-41.899998	-13.926672	17.921207	19.955412	-69.875595	-13.926716	0.2	1220000	17932.001015901566
488	-47.0	-47.0	-45.100002	-13.878777	17.897024	16.651665	-64.72009	-13.878373	0.2	1222500	17966.2351667881
489	-45.7	-45.7	-38.8	-13.930538	17.933964	17.939556	-79.85977	-13.930131	0.2	1225000	17999.16766309738
490	-46.2	-46.2	-39.8	-13.913669	17.93149	14.571528	-65.10911	-13.913706	0.2	1227500	18026.37066078186
491	-44.78	-44.78	-42.5	-13.983428	17.974815	19.37561	-68.65402	-13.983047	0.2	1230000	18055.15788769722
492	-46.82	-46.82	-44.399998	-13.904375	17.92113	15.253304	-62.325737	-13.904603	0.3	1232500	18084.851980686188
493	-45.18	-45.18	-40.8	-13.89494	17.9268	19.07193	-64.76402	-13.894807	0.1	1235000	18113.240718364716
494	-45.08	-45.08	-43.2	-13.890893	17.90445	13.483469	-64.885826	-13.890652	0.2	1237500	18140.691238880157
495	-47.2	-47.2	-40.8	-13.851464	17.878338	9.372896	-65.923416	-13.851288	0.2	1240000	18168.029250860214
496	-43.12	-43.12	-43.3	-13.908546	17.894352	13.566613	-65.93418	-13.908228	0.1	1242500	18194.930979013443
497	-47.02	-47.02	-40.7	-13.859704	17.84866	11.131016	-68.05267	-13.859641	0.2	1245000	18221.08659529686
498	-44.92	-44.92	-42.2	-13.899243	17.90338	13.961409	-66.95022	-13.899646	0.1	1247500	18247.56511092186
499	-45.42	-45.42	-43.3	-13.882048	17.894472	21.066294	-66.75769	-13.881918	0.1	1250000	18273.6810233593
