Epoch	EpRet	EpRealRet	TestEpRet	AverageQ1	StdQ1	MaxQ1	MinQ1	Q2	TestSuccess	TotalEnvInteracts	TotalTime
0	-49.74	-49.74	-50.0	-0.5934063	1.3354142	0.41552112	-13.083184	-0.5934318	0.0	2500	35.54676389694214
1	-50.0	-50.0	-50.0	-1.3501314	2.6132786	0.57743084	-12.976304	-1.3502252	0.0	5000	78.72092628479004
2	-50.0	-50.0	-50.0	-2.0948815	3.8504128	0.6593907	-20.791033	-2.094905	0.0	7500	122.34700465202332
3	-49.94	-49.94	-50.0	-2.7651515	5.013089	1.1296114	-24.959196	-2.7650406	0.0	10000	166.87101125717163
4	-50.0	-50.0	-50.0	-3.2801585	5.9623833	1.6958177	-29.449654	-3.2801375	0.0	12500	210.7154974937439
5	-50.0	-50.0	-50.0	-3.7054272	6.76956	1.3378386	-30.470236	-3.7053132	0.0	15000	254.81404542922974
6	-49.38	-49.38	-50.0	-4.034904	7.423012	2.0747933	-30.873646	-4.034755	0.0	17500	299.0812327861786
7	-49.98	-49.98	-50.0	-4.3269076	7.96151	2.1792989	-31.953377	-4.3267627	0.0	20000	342.5532283782959
8	-49.7	-49.7	-49.8	-4.5898333	8.435846	2.1161287	-32.863792	-4.5895815	0.0	22500	385.37242460250854
9	-49.94	-49.94	-50.0	-4.826769	8.817609	1.698366	-34.39247	-4.826395	0.0	25000	428.5780930519104
10	-49.5	-49.5	-48.1	-5.0547514	9.160512	2.3061256	-36.1765	-5.054554	0.0	27500	471.90444827079773
11	-49.22	-49.22	-49.2	-5.268686	9.428505	2.0741112	-37.80863	-5.2680807	0.0	30000	514.7832472324371
12	-49.94	-49.94	-50.0	-5.4359975	9.656015	2.138866	-43.177742	-5.43571	0.0	32500	557.2808678150177
13	-49.88	-49.88	-50.0	-5.5601344	9.826205	5.4524693	-44.466404	-5.5594225	0.0	35000	600.2118163108826
14	-49.42	-49.42	-49.5	-5.6371884	9.970022	2.2148364	-46.316166	-5.636562	0.0	37500	643.6991159915924
15	-49.16	-49.16	-49.4	-5.7613506	10.160408	3.1678784	-48.20566	-5.7611856	0.0	40000	686.340656042099
16	-49.82	-49.82	-50.0	-5.878097	10.335905	3.0952106	-46.706112	-5.8778105	0.0	42500	728.7195997238159
17	-49.82	-49.82	-50.0	-5.9897213	10.492227	3.3977222	-45.57398	-5.989177	0.0	45000	771.4467997550964
18	-49.38	-49.38	-48.7	-6.1456695	10.712575	3.5202188	-48.15647	-6.145306	0.0	47500	813.9746313095093
19	-48.88	-48.88	-49.6	-6.2636127	10.905528	5.3862615	-51.280785	-6.2633653	0.0	50000	856.5124409198761
20	-48.78	-48.78	-49.5	-6.4026146	11.074386	4.218302	-54.521984	-6.4022408	0.0	52500	899.81409740448
21	-49.48	-49.48	-49.2	-6.518665	11.229964	3.746497	-53.708805	-6.518598	0.0	55000	942.9917409420013
22	-49.84	-49.84	-50.0	-6.6364083	11.395409	5.3393936	-49.47386	-6.636123	0.0	57500	986.1607065200806
23	-48.98	-48.98	-49.6	-6.6878943	11.535127	7.490775	-54.380486	-6.6872525	0.0	60000	1029.2011172771454
24	-49.8	-49.8	-43.899998	-6.854211	11.723606	7.3781633	-55.325092	-6.8537273	0.1	62500	1072.9936664104462
25	-48.44	-48.44	-48.4	-6.9240026	11.840949	6.371956	-54.657948	-6.923597	0.0	65000	1114.134242773056
26	-48.98	-48.98	-48.9	-7.0126987	11.956934	6.234508	-56.514076	-7.0121074	0.1	67500	1157.1265666484833
27	-45.82	-45.82	-48.1	-7.0650077	12.086896	7.4899735	-58.004803	-7.064722	0.0	70000	1199.838589668274
28	-48.36	-48.36	-46.7	-7.1512504	12.236218	6.7554426	-63.061066	-7.1510158	0.0	72500	1243.3824071884155
29	-47.44	-47.44	-48.5	-7.209644	12.315509	7.183134	-58.739555	-7.2095428	0.0	75000	1285.0299146175385
30	-48.64	-48.64	-50.0	-7.2461076	12.376514	4.354254	-60.22269	-7.245943	0.0	77500	1326.6230597496033
31	-48.66	-48.66	-41.3	-7.2918777	12.423532	11.185687	-62.829857	-7.2921314	0.2	80000	1369.4745621681213
32	-49.08	-49.08	-49.7	-7.3610687	12.503901	12.815599	-57.956085	-7.3610272	0.1	82500	1412.916330575943
33	-49.06	-49.06	-48.2	-7.444139	12.62384	9.329506	-57.88797	-7.4439034	0.0	85000	1456.0514941215515
34	-49.26	-49.26	-48.8	-7.5192866	12.716706	7.3405123	-57.568737	-7.519264	0.0	87500	1498.9225981235504
35	-47.58	-47.58	-48.4	-7.564823	12.783212	9.876898	-56.54123	-7.5649085	0.0	90000	1542.9703118801117
36	-49.42	-49.42	-50.0	-7.6022196	12.850496	8.196655	-78.316505	-7.602371	0.0	92500	1586.443207502365
37	-49.04	-49.04	-47.3	-7.617047	12.885383	9.036864	-62.1222	-7.617019	0.0	95000	1628.6413185596466
38	-48.96	-48.96	-50.0	-7.744703	13.017324	8.262245	-60.223244	-7.7447743	0.0	97500	1671.4390857219696
39	-48.92	-48.92	-50.0	-7.7533545	13.067474	10.560276	-70.69141	-7.7532167	0.0	100000	1713.8759279251099
40	-48.42	-48.42	-43.8	-7.757163	13.070593	8.72981	-62.1235	-7.7572002	0.0	102500	1757.0403418540955
41	-48.84	-48.84	-49.6	-7.8331804	13.15309	12.695821	-62.54444	-7.832949	0.0	105000	1796.0686783790588
42	-48.38	-48.38	-48.9	-7.8907638	13.2055	5.959148	-61.68548	-7.8907332	0.0	107500	1838.6257343292236
43	-48.32	-48.32	-49.5	-7.92779	13.253876	13.652905	-62.04491	-7.9275856	0.0	110000	1881.5988450050354
44	-49.66	-49.66	-47.8	-7.9436784	13.27833	11.769016	-66.483604	-7.9439335	0.1	112500	1922.7274675369263
45	-48.28	-48.28	-48.2	-7.906794	13.248362	9.84209	-64.72063	-7.9069824	0.0	115000	1965.4391570091248
46	-48.98	-48.98	-49.6	-7.9619875	13.297401	8.083102	-59.755016	-7.9620514	0.0	117500	2008.6048090457916
47	-49.02	-49.02	-47.1	-7.9640536	13.335056	7.972898	-58.48701	-7.9641957	0.1	120000	2051.6692247390747
48	-48.86	-48.86	-48.2	-7.977755	13.373104	7.5423455	-63.649506	-7.978014	0.0	122500	2094.6159839630127
49	-47.98	-47.98	-43.2	-7.9907355	13.394098	7.0804873	-59.157116	-7.9903145	0.2	125000	2137.593059539795
50	-48.94	-48.94	-50.0	-8.020585	13.428405	6.452415	-61.86509	-8.020613	0.0	127500	2180.345605134964
51	-48.34	-48.34	-47.1	-8.02469	13.417105	10.989601	-63.271362	-8.02511	0.1	130000	2222.3767518997192
52	-48.04	-48.04	-47.5	-8.073224	13.502018	9.524141	-60.10459	-8.073346	0.1	132500	2265.0055487155914
53	-48.6	-48.6	-49.0	-8.061415	13.525299	12.410566	-62.191402	-8.06142	0.0	135000	2307.670548439026
54	-48.34	-48.34	-49.1	-8.060458	13.526242	7.061385	-58.522057	-8.060838	0.0	137500	2350.6618189811707
55	-47.64	-47.64	-45.3	-8.092354	13.550497	8.408453	-67.80583	-8.092642	0.1	140000	2393.2735755443573
56	-48.8	-48.8	-49.1	-8.084666	13.537546	13.336014	-72.308495	-8.084407	0.1	142500	2437.097443819046
57	-48.16	-48.16	-49.8	-8.094164	13.552778	11.939635	-65.1147	-8.094099	0.0	145000	2480.5713818073273
58	-49.4	-49.4	-45.0	-8.084087	13.5480795	13.050367	-60.882854	-8.084298	0.1	147500	2523.5721428394318
59	-48.96	-48.96	-45.0	-8.116989	13.579349	6.8480973	-62.233383	-8.1170435	0.0	150000	2566.1893355846405
60	-49.68	-49.68	-48.4	-8.042919	13.510274	12.511572	-60.202793	-8.042856	0.1	152500	2609.634216785431
61	-49.26	-49.26	-43.2	-8.038165	13.481058	8.616396	-61.57497	-8.038185	0.2	155000	2651.7363555431366
62	-48.5	-48.5	-49.4	-8.014365	13.463951	10.397043	-64.28543	-8.01412	0.1	157500	2695.2133116722107
63	-49.08	-49.08	-50.0	-8.078993	13.518732	8.970901	-63.701286	-8.079223	0.0	160000	2738.283205270767
64	-48.18	-48.18	-49.1	-8.0189705	13.482316	9.216843	-65.1195	-8.01872	0.0	162500	2781.262353658676
65	-49.56	-49.56	-42.8	-8.056802	13.527926	12.669104	-66.23329	-8.057002	0.2	165000	2823.9312942028046
66	-48.96	-48.96	-44.0	-8.072813	13.556313	11.058639	-60.272724	-8.072638	0.1	167500	2866.2937343120575
67	-47.24	-47.24	-41.2	-8.072906	13.539526	13.168886	-63.804707	-8.072619	0.2	170000	2908.915298938751
68	-49.22	-49.22	-46.5	-8.053965	13.526448	6.219783	-61.038517	-8.054429	0.1	172500	2951.739506959915
69	-48.54	-48.54	-42.7	-8.037996	13.489282	10.422582	-71.17473	-8.038012	0.2	175000	2995.0150372982025
70	-47.9	-47.9	-45.3	-8.020787	13.475031	8.794499	-69.66016	-8.020986	0.0	177500	3037.6330556869507
71	-49.32	-49.32	-46.2	-8.041495	13.489152	16.865269	-62.145206	-8.041529	0.1	180000	3080.6760606765747
72	-48.62	-48.62	-50.0	-8.00902	13.474876	11.8688545	-67.96061	-8.0086565	0.0	182500	3123.9733502864838
73	-47.96	-47.96	-48.5	-8.038865	13.460806	13.26594	-64.08265	-8.038748	0.1	185000	3167.6640861034393
74	-48.42	-48.42	-49.0	-8.082048	13.505382	8.244742	-63.15535	-8.082293	0.0	187500	3211.052577495575
75	-48.88	-48.88	-50.0	-8.0901375	13.518155	9.899115	-70.34842	-8.090828	0.0	190000	3252.8336634635925
76	-47.68	-47.68	-47.7	-8.027723	13.466366	14.235641	-81.49238	-8.028065	0.1	192500	3293.3774995803833
77	-48.72	-48.72	-47.7	-8.06574	13.499821	8.614554	-77.7696	-8.065986	0.1	195000	3335.690080165863
78	-48.66	-48.66	-44.8	-8.100949	13.533554	7.9575334	-66.01215	-8.101167	0.3	197500	3378.635219812393
79	-46.96	-46.96	-42.2	-8.0766325	13.548232	14.974313	-59.615673	-8.076902	0.2	200000	3420.4056119918823
80	-49.0	-49.0	-40.399998	-8.06051	13.551788	7.843987	-60.31309	-8.060834	0.2	202500	3464.706696033478
81	-49.02	-49.02	-46.5	-8.101844	13.585983	15.379472	-68.58863	-8.10165	0.1	205000	3508.568767309189
82	-48.64	-48.64	-46.7	-8.114151	13.568828	8.400538	-62.396015	-8.114245	0.1	207500	3552.0438375473022
83	-49.46	-49.46	-49.5	-8.167439	13.627252	9.538558	-79.681725	-8.167772	0.0	210000	3595.7191801071167
84	-48.38	-48.38	-38.7	-8.171058	13.627626	8.1993885	-61.339027	-8.171234	0.1	212500	3638.7634060382843
85	-48.62	-48.62	-43.600002	-8.162336	13.6134615	10.805034	-62.11397	-8.162651	0.0	215000	3681.7502982616425
86	-48.48	-48.48	-43.2	-8.191708	13.618196	9.56325	-63.05357	-8.191622	0.1	217500	3724.485359430313
87	-48.0	-48.0	-41.5	-8.186777	13.604922	8.195293	-70.627144	-8.186821	0.2	220000	3767.3833968639374
88	-49.02	-49.02	-46.399998	-8.186547	13.614001	14.9381895	-62.973236	-8.186954	0.1	222500	3810.020967721939
89	-49.08	-49.08	-47.4	-8.224107	13.616895	12.264624	-70.73872	-8.224067	0.2	225000	3852.7396936416626
90	-48.88	-48.88	-41.399998	-8.234461	13.649212	10.666787	-60.490814	-8.234637	0.2	227500	3895.302048444748
91	-47.88	-47.88	-41.100002	-8.213206	13.635606	11.450494	-76.645996	-8.21304	0.2	230000	3939.4817011356354
92	-48.38	-48.38	-47.2	-8.23523	13.641495	10.345608	-68.01268	-8.235321	0.2	232500	3983.311893939972
93	-46.06	-46.06	-49.3	-8.20389	13.613121	14.891814	-71.54953	-8.204066	0.0	235000	4026.3566172122955
94	-46.9	-46.9	-43.2	-8.2071085	13.597941	9.87074	-67.46168	-8.207101	0.3	237500	4069.3016788959503
95	-47.84	-47.84	-45.7	-8.217741	13.58678	7.844624	-70.649155	-8.218109	0.2	240000	4112.820075035095
96	-47.04	-47.04	-43.3	-8.179082	13.541239	11.1933775	-69.67995	-8.179147	0.2	242500	4156.134864330292
97	-47.48	-47.48	-35.600002	-8.195044	13.532173	6.7852206	-63.271324	-8.195032	0.4	245000	4199.507603406906
98	-45.84	-45.84	-43.399998	-8.132155	13.451891	10.5953665	-66.25995	-8.132119	0.1	247500	4242.916504859924
99	-49.12	-49.12	-49.5	-8.168162	13.467651	17.675884	-64.384796	-8.168032	0.0	250000	4286.601583242416
100	-47.12	-47.12	-44.399998	-8.1814375	13.481657	11.852791	-64.7812	-8.181586	0.2	252500	4329.663551330566
101	-48.28	-48.28	-45.100002	-8.15747	13.462119	20.721752	-74.525536	-8.157397	0.1	255000	4373.152177095413
102	-47.2	-47.2	-42.600002	-8.104812	13.422515	8.910936	-61.985714	-8.10459	0.2	257500	4416.987808704376
103	-48.36	-48.36	-50.0	-8.135354	13.403311	8.610043	-62.98624	-8.13532	0.0	260000	4460.975115776062
104	-49.68	-49.68	-46.9	-8.157786	13.422892	19.07557	-79.23035	-8.15735	0.1	262500	4504.3599858284
105	-47.08	-47.08	-44.100002	-8.174958	13.451733	10.872331	-63.4603	-8.1743	0.2	265000	4547.285844326019
106	-48.04	-48.04	-39.899998	-8.173982	13.456668	12.628999	-62.794502	-8.173574	0.3	267500	4590.270721435547
107	-48.52	-48.52	-46.3	-8.193048	13.49104	11.655558	-66.64799	-8.193144	0.2	270000	4632.9611213207245
108	-47.38	-47.38	-40.2	-8.206634	13.536059	11.053398	-67.986496	-8.206612	0.4	272500	4676.004161119461
109	-47.54	-47.54	-50.0	-8.2056465	13.515739	22.81431	-62.801746	-8.205894	0.0	275000	4718.523497581482
110	-47.22	-47.22	-49.1	-8.219024	13.527402	12.829464	-64.79594	-8.218899	0.1	277500	4761.382358789444
111	-47.36	-47.36	-45.399998	-8.201553	13.536388	11.820543	-62.130753	-8.201133	0.1	280000	4804.317170381546
112	-47.86	-47.86	-40.600002	-8.266281	13.586715	7.6540284	-76.28198	-8.265831	0.4	282500	4847.392978429794
113	-48.48	-48.48	-42.7	-8.257566	13.586947	11.257129	-66.556274	-8.257461	0.4	285000	4891.088054895401
114	-48.08	-48.08	-41.399998	-8.240568	13.57259	8.181443	-81.06811	-8.240988	0.2	287500	4934.042249202728
115	-48.18	-48.18	-47.1	-8.2597	13.596083	8.438338	-64.80149	-8.259515	0.1	290000	4976.016886711121
116	-48.08	-48.08	-42.8	-8.243578	13.597935	14.066626	-73.86192	-8.243627	0.3	292500	5018.8031640052795
117	-46.62	-46.62	-45.100002	-8.263397	13.628197	14.853025	-67.569244	-8.263316	0.3	295000	5061.565500020981
118	-47.7	-47.7	-48.3	-8.272201	13.657949	22.834686	-67.90672	-8.27232	0.0	297500	5104.998505830765
119	-46.72	-46.72	-48.3	-8.280062	13.649503	12.871116	-70.79251	-8.280324	0.1	300000	5147.487623929977
120	-48.4	-48.4	-44.600002	-8.272767	13.660825	11.239681	-66.865944	-8.272926	0.2	302500	5190.773417711258
121	-46.82	-46.82	-43.8	-8.297012	13.699353	9.748214	-66.56212	-8.296909	0.1	305000	5233.186653852463
122	-47.58	-47.58	-44.899998	-8.221269	13.647447	14.579033	-73.757996	-8.221261	0.2	307500	5276.317476987839
123	-47.34	-47.34	-43.5	-8.240523	13.65499	26.34977	-71.30882	-8.240401	0.4	310000	5319.708214759827
124	-49.26	-49.26	-42.8	-8.246072	13.67329	12.654192	-63.968384	-8.246296	0.2	312500	5362.910556077957
125	-47.44	-47.44	-50.0	-8.239603	13.680769	12.05796	-70.068825	-8.239336	0.0	315000	5406.871378421783
126	-47.2	-47.2	-49.3	-8.276206	13.712283	12.047809	-76.563705	-8.27666	0.0	317500	5450.327971458435
127	-47.14	-47.14	-45.5	-8.282967	13.743304	13.913454	-70.45785	-8.283202	0.2	320000	5493.314881801605
128	-49.04	-49.04	-41.8	-8.23312	13.694172	29.06501	-70.4924	-8.233444	0.2	322500	5537.286231279373
129	-47.2	-47.2	-44.0	-8.2312155	13.687852	8.571583	-87.5779	-8.23129	0.1	325000	5580.915693283081
130	-47.84	-47.84	-49.5	-8.22203	13.687746	8.269987	-79.765945	-8.22212	0.0	327500	5624.293702125549
131	-48.36	-48.36	-49.4	-8.228133	13.696449	32.2244	-68.866714	-8.228597	0.0	330000	5668.005159139633
132	-46.2	-46.2	-45.5	-8.215562	13.687243	8.547237	-78.22712	-8.216392	0.2	332500	5711.370973587036
133	-46.66	-46.66	-44.8	-8.220452	13.680191	28.729448	-74.185394	-8.221246	0.1	335000	5754.880315065384
134	-47.62	-47.62	-43.2	-8.260848	13.706053	27.894842	-69.95799	-8.261112	0.2	337500	5797.89280796051
135	-47.22	-47.22	-48.2	-8.240602	13.697772	9.518395	-66.70822	-8.240873	0.0	340000	5841.098933458328
136	-48.8	-48.8	-44.8	-8.234851	13.688147	10.888315	-75.3065	-8.23506	0.2	342500	5884.982731819153
137	-47.12	-47.12	-44.7	-8.204457	13.668344	33.987843	-74.989006	-8.204728	0.3	345000	5928.07352232933
138	-47.5	-47.5	-30.3	-8.196166	13.666469	26.85107	-73.09555	-8.196497	0.6	347500	5970.413777351379
139	-47.62	-47.62	-44.8	-8.237737	13.689696	11.579459	-71.66555	-8.237937	0.1	350000	6013.3802189826965
140	-47.28	-47.28	-50.0	-8.254899	13.681093	26.909792	-88.01106	-8.254831	0.0	352500	6056.4437918663025
141	-47.6	-47.6	-45.399998	-8.250826	13.677947	23.5092	-71.931725	-8.250697	0.2	355000	6099.208584785461
142	-46.14	-46.14	-44.399998	-8.183482	13.641979	7.7347693	-67.80842	-8.184032	0.2	357500	6141.6683576107025
143	-47.32	-47.32	-43.2	-8.230388	13.685016	26.10251	-70.93478	-8.230393	0.1	360000	6184.176005363464
144	-49.1	-49.1	-50.0	-8.221119	13.668543	13.492231	-66.76903	-8.221378	0.0	362500	6226.811692476273
145	-48.3	-48.3	-48.2	-8.255064	13.690487	8.62079	-72.6424	-8.254995	0.1	365000	6269.821775197983
146	-48.46	-48.46	-47.2	-8.262914	13.72236	9.329549	-73.87781	-8.263222	0.1	367500	6312.728250980377
147	-47.8	-47.8	-45.399998	-8.236458	13.701927	30.259274	-71.96438	-8.236197	0.3	370000	6353.91571521759
148	-48.16	-48.16	-44.0	-8.217653	13.695896	15.143776	-73.60351	-8.217886	0.2	372500	6396.926457166672
149	-47.88	-47.88	-46.3	-8.215091	13.676806	31.856197	-67.506584	-8.215139	0.1	375000	6440.125807762146
150	-47.62	-47.62	-44.3	-8.212076	13.681195	13.033024	-67.15917	-8.212092	0.2	377500	6483.041959524155
151	-48.32	-48.32	-47.5	-8.201257	13.663949	9.293187	-71.35743	-8.201372	0.1	380000	6525.680328369141
152	-48.48	-48.48	-41.8	-8.160962	13.604425	19.781368	-68.22833	-8.1606865	0.2	382500	6568.997153520584
153	-47.2	-47.2	-40.5	-8.180791	13.629922	13.07102	-67.5795	-8.180704	0.2	385000	6612.146140098572
154	-45.24	-45.24	-49.2	-8.144038	13.618806	10.775004	-74.91839	-8.144414	0.0	387500	6654.507595300674
155	-48.66	-48.66	-45.7	-8.166437	13.633787	10.285125	-67.87045	-8.166191	0.2	390000	6697.048975467682
156	-45.1	-45.1	-40.0	-8.1375265	13.626658	29.945633	-67.38263	-8.138029	0.3	392500	6740.091694831848
157	-47.04	-47.04	-42.8	-8.184777	13.673018	15.558596	-71.699265	-8.184807	0.3	395000	6783.332118988037
158	-47.58	-47.58	-47.8	-8.181626	13.675387	25.908468	-72.88974	-8.180887	0.0	397500	6826.966608047485
159	-46.02	-46.02	-46.399998	-8.152353	13.634784	18.013065	-77.86463	-8.152721	0.1	400000	6870.53663277626
160	-46.54	-46.54	-47.9	-8.151256	13.619254	11.307811	-78.37084	-8.151053	0.1	402500	6913.751093149185
161	-46.5	-46.5	-48.2	-8.1404505	13.635465	11.188783	-65.61644	-8.140501	0.1	405000	6957.08908700943
162	-45.94	-45.94	-42.100002	-8.1142235	13.619897	9.677194	-78.31074	-8.114417	0.3	407500	6999.980424642563
163	-45.88	-45.88	-40.3	-8.099454	13.603137	16.956964	-65.24066	-8.099144	0.3	410000	7043.347044706345
164	-46.54	-46.54	-43.5	-8.07478	13.56627	16.46549	-73.803535	-8.074583	0.2	412500	7087.046299695969
165	-48.2	-48.2	-41.0	-8.104586	13.581318	10.881437	-65.39308	-8.104362	0.4	415000	7130.494846343994
166	-47.08	-47.08	-41.0	-8.05091	13.547539	16.230452	-67.86799	-8.050599	0.5	417500	7174.347351551056
167	-47.28	-47.28	-38.399998	-8.111491	13.596032	27.509516	-68.97789	-8.111604	0.3	420000	7217.763114929199
168	-47.38	-47.38	-41.399998	-8.076591	13.569299	22.187265	-100.53585	-8.076435	0.2	422500	7261.06032204628
169	-48.52	-48.52	-38.399998	-8.114501	13.621584	11.686	-74.84466	-8.114419	0.3	425000	7303.842903137207
170	-45.9	-45.9	-45.2	-8.088591	13.584685	17.09407	-64.494606	-8.088873	0.4	427500	7347.7088742256165
171	-46.76	-46.76	-39.899998	-8.087051	13.572232	22.2065	-82.67124	-8.087301	0.3	430000	7390.6344974040985
172	-45.48	-45.48	-45.8	-8.066227	13.549241	13.430923	-68.92764	-8.066236	0.2	432500	7433.33553981781
173	-46.96	-46.96	-42.7	-8.021862	13.510271	14.767386	-83.06119	-8.022254	0.1	435000	7475.542464494705
174	-47.96	-47.96	-40.7	-8.075123	13.57185	12.841478	-66.87778	-8.075381	0.2	437500	7519.034927606583
175	-45.52	-45.52	-40.3	-8.044993	13.541573	10.943445	-68.06852	-8.045036	0.2	440000	7561.984961509705
176	-46.74	-46.74	-46.5	-8.008906	13.522693	13.241372	-71.51005	-8.009214	0.0	442500	7604.869317293167
177	-48.06	-48.06	-45.7	-8.044943	13.5293665	13.203633	-73.925354	-8.044759	0.2	445000	7648.844091415405
178	-48.26	-48.26	-44.399998	-8.058595	13.550564	11.762961	-77.48094	-8.058631	0.1	447500	7691.608783245087
179	-46.6	-46.6	-40.899998	-8.027289	13.536372	15.552127	-75.831696	-8.027459	0.3	450000	7734.9763741493225
180	-47.44	-47.44	-41.0	-8.018023	13.526394	11.694774	-67.183945	-8.018312	0.3	452500	7778.951098442078
181	-47.88	-47.88	-45.899998	-8.049963	13.551432	11.220137	-67.83846	-8.050291	0.2	455000	7822.677133321762
182	-46.9	-46.9	-49.3	-7.956112	13.4650345	12.983006	-75.13534	-7.956147	0.1	457500	7865.663146018982
183	-47.18	-47.18	-37.399998	-8.020994	13.535114	14.926444	-69.87948	-8.021185	0.3	460000	7909.129893779755
184	-46.46	-46.46	-46.3	-7.9891124	13.501549	12.078622	-72.79412	-7.9890532	0.2	462500	7952.172007083893
185	-48.66	-48.66	-45.600002	-7.9777174	13.489994	12.154898	-77.57699	-7.9776464	0.2	465000	7992.3399822711945
186	-46.82	-46.82	-46.5	-7.953172	13.451399	14.656342	-70.10699	-7.9529138	0.2	467500	8036.111188650131
187	-48.2	-48.2	-43.899998	-7.972883	13.501177	9.00443	-69.8329	-7.9730206	0.1	470000	8078.970968008041
188	-46.84	-46.84	-42.399998	-7.938522	13.472632	6.174403	-91.136246	-7.9387493	0.3	472500	8122.776286840439
189	-48.04	-48.04	-41.0	-7.960211	13.469097	15.134094	-74.3672	-7.9599814	0.3	475000	8166.112908124924
190	-46.96	-46.96	-33.899998	-7.981097	13.494752	14.055819	-72.478584	-7.9810953	0.4	477500	8209.47903585434
191	-46.8	-46.8	-43.3	-7.952605	13.476807	11.353603	-69.36237	-7.952521	0.3	480000	8253.01345872879
192	-46.76	-46.76	-46.2	-7.967212	13.477985	9.121	-74.90261	-7.9670143	0.2	482500	8297.068298578262
193	-47.24	-47.24	-46.100002	-7.9186883	13.43757	10.026771	-77.070114	-7.9185166	0.2	485000	8340.161306619644
194	-47.18	-47.18	-46.3	-7.90549	13.427759	9.029445	-68.73857	-7.906028	0.2	487500	8383.437564134598
195	-45.54	-45.54	-47.2	-7.8942475	13.418684	10.26472	-74.35814	-7.8947816	0.1	490000	8426.362312555313
196	-47.8	-47.8	-44.2	-7.8749323	13.392113	12.905861	-61.636986	-7.8746533	0.2	492500	8468.873642206192
197	-44.9	-44.9	-36.399998	-7.868642	13.367166	12.3825	-62.825768	-7.8688006	0.4	495000	8511.851432323456
198	-48.44	-48.44	-48.1	-7.853223	13.361703	10.135579	-71.641556	-7.852811	0.1	497500	8554.818968772888
199	-47.44	-47.44	-44.600002	-7.8281264	13.335661	10.528356	-67.89325	-7.828149	0.2	500000	8592.847224712372
200	-47.84	-47.84	-47.5	-7.8481526	13.3622465	12.90454	-77.45522	-7.8482337	0.1	502500	8634.166255235672
201	-45.78	-45.78	-50.0	-7.8508325	13.3919325	7.5290904	-70.583435	-7.8508916	0.0	505000	8677.444984436035
202	-46.38	-46.38	-36.2	-7.840323	13.376228	8.759041	-75.59549	-7.840482	0.4	507500	8719.29076218605
203	-45.72	-45.72	-44.0	-7.820362	13.352084	8.570407	-73.407875	-7.819953	0.2	510000	8763.138509988785
204	-48.2	-48.2	-45.399998	-7.7917547	13.316534	9.46437	-70.38867	-7.7917953	0.2	512500	8806.656462430954
205	-48.76	-48.76	-43.7	-7.7543216	13.2932625	13.585149	-66.46428	-7.7545366	0.3	515000	8850.343381643295
206	-48.1	-48.1	-45.7	-7.7555246	13.280769	12.33182	-67.372894	-7.755429	0.1	517500	8893.832166433334
207	-45.08	-45.08	-46.8	-7.7554326	13.283576	12.905004	-68.16122	-7.755425	0.1	520000	8937.39490556717
208	-47.1	-47.1	-46.6	-7.761069	13.283192	26.697023	-73.02812	-7.7612615	0.2	522500	8982.207599878311
209	-45.86	-45.86	-36.3	-7.7204223	13.25755	8.171469	-75.99082	-7.7201037	0.4	525000	9026.301280260086
210	-47.22	-47.22	-36.600002	-7.6897087	13.221336	9.331487	-79.47522	-7.689512	0.3	527500	9069.812025308609
211	-48.7	-48.7	-49.5	-7.715557	13.202005	14.852693	-74.31819	-7.715599	0.0	530000	9113.733761787415
212	-45.88	-45.88	-48.6	-7.6540856	13.140138	11.788021	-70.37635	-7.6541424	0.1	532500	9157.408090114594
213	-46.42	-46.42	-43.100002	-7.699662	13.183493	15.8501215	-72.93936	-7.6998053	0.3	535000	9201.624413490295
214	-46.08	-46.08	-44.399998	-7.6635995	13.169614	16.667149	-67.85792	-7.6635885	0.2	537500	9245.55540060997
215	-48.64	-48.64	-45.899998	-7.649946	13.167541	8.436897	-68.72924	-7.649787	0.2	540000	9288.46446466446
216	-46.46	-46.46	-42.399998	-7.6592684	13.137907	8.851001	-90.229965	-7.6590486	0.3	542500	9330.802665948868
217	-46.74	-46.74	-35.0	-7.646512	13.134296	11.00229	-71.88185	-7.646173	0.4	545000	9372.7499833107
218	-47.84	-47.84	-38.600002	-7.6634974	13.163674	25.157745	-70.929985	-7.66322	0.4	547500	9416.151743650436
219	-46.44	-46.44	-49.5	-7.604902	13.086177	12.870986	-63.718914	-7.604932	0.0	550000	9458.547556877136
220	-46.5	-46.5	-40.899998	-7.6082344	13.079666	16.023136	-69.52858	-7.608214	0.2	552500	9500.704991102219
221	-46.84	-46.84	-40.5	-7.593538	13.098463	10.063134	-74.57407	-7.593797	0.2	555000	9543.119538545609
222	-48.96	-48.96	-34.2	-7.5848565	13.0703335	8.251192	-68.55039	-7.5848403	0.4	557500	9586.158143758774
223	-48.32	-48.32	-46.9	-7.559012	13.046008	11.359394	-67.624504	-7.5590243	0.0	560000	9628.496359586716
224	-47.7	-47.7	-48.2	-7.5370197	13.006706	6.128419	-65.17625	-7.537105	0.1	562500	9671.263396978378
225	-46.1	-46.1	-39.7	-7.511759	12.983372	4.9832463	-68.44079	-7.511737	0.2	565000	9712.638087511063
226	-45.92	-45.92	-37.0	-7.509788	12.995496	7.4470997	-76.413994	-7.5099063	0.4	567500	9756.28304362297
227	-46.62	-46.62	-44.899998	-7.53572	13.013424	15.379839	-79.2225	-7.5359864	0.1	570000	9799.806866645813
228	-47.64	-47.64	-43.2	-7.54	12.99875	13.075352	-63.94628	-7.5400662	0.2	572500	9842.13802266121
229	-44.34	-44.34	-48.1	-7.523494	12.997236	9.585772	-74.778534	-7.5236416	0.1	575000	9885.334667682648
230	-47.88	-47.88	-37.5	-7.480531	12.926798	7.309271	-71.84496	-7.480545	0.3	577500	9926.83687877655
231	-47.7	-47.7	-37.2	-7.478362	12.9391	7.034878	-69.10277	-7.4784117	0.4	580000	9969.143777132034
232	-48.26	-48.26	-43.899998	-7.4489074	12.91577	8.885903	-66.08153	-7.449268	0.2	582500	10012.609504699707
233	-46.96	-46.96	-39.899998	-7.4618864	12.920464	8.873952	-70.19197	-7.462057	0.2	585000	10055.813682794571
234	-48.7	-48.7	-43.8	-7.4296803	12.88901	12.3070755	-61.431667	-7.429617	0.1	587500	10098.63497543335
235	-47.28	-47.28	-46.399998	-7.459032	12.893252	9.328657	-73.730545	-7.459046	0.1	590000	10141.63208436966
236	-48.56	-48.56	-40.399998	-7.4607587	12.914265	7.0939302	-65.18908	-7.4606957	0.2	592500	10184.773060560226
237	-47.78	-47.78	-40.7	-7.4560213	12.899137	5.1230545	-63.571686	-7.4557056	0.4	595000	10227.565307617188
238	-48.64	-48.64	-43.7	-7.4603677	12.954994	11.7087555	-62.580196	-7.460241	0.2	597500	10270.853369474411
239	-47.64	-47.64	-34.8	-7.4653416	12.950086	7.5890303	-63.15972	-7.4653826	0.4	600000	10313.594596385956
240	-44.92	-44.92	-49.5	-7.4752727	12.961291	8.72548	-65.095535	-7.475348	0.0	602500	10356.33875322342
241	-46.82	-46.82	-39.899998	-7.457473	12.925711	8.027894	-68.15258	-7.457497	0.4	605000	10399.327381849289
242	-47.38	-47.38	-43.399998	-7.409759	12.871816	7.2537994	-67.4079	-7.4098854	0.2	607500	10442.313856124878
243	-47.84	-47.84	-45.8	-7.408064	12.867541	31.76457	-70.57443	-7.4081125	0.1	610000	10485.893640041351
244	-48.74	-48.74	-40.399998	-7.4311395	12.884721	16.012663	-69.50084	-7.4313207	0.2	612500	10529.40099310875
245	-47.98	-47.98	-43.8	-7.4375343	12.874181	21.947735	-75.68891	-7.437798	0.2	615000	10573.023332595825
246	-45.1	-45.1	-49.1	-7.431478	12.876926	16.558117	-71.80908	-7.431728	0.0	617500	10616.608239889145
247	-47.1	-47.1	-43.2	-7.3873696	12.831055	19.928358	-65.20089	-7.3874373	0.1	620000	10660.639539957047
248	-48.48	-48.48	-44.7	-7.3637385	12.797734	10.776282	-60.98013	-7.3639436	0.2	622500	10704.734416484833
249	-47.54	-47.54	-41.899998	-7.386924	12.801147	20.576353	-63.47617	-7.3869257	0.2	625000	10748.063557863235
250	-46.42	-46.42	-41.7	-7.380555	12.796013	14.696089	-63.506317	-7.3805795	0.4	627500	10791.312039613724
251	-45.86	-45.86	-42.8	-7.39087	12.788603	10.142948	-69.883934	-7.3907275	0.3	630000	10834.60520029068
252	-48.28	-48.28	-40.3	-7.35589	12.736546	11.6587305	-71.741005	-7.355935	0.3	632500	10877.603760242462
253	-47.9	-47.9	-41.2	-7.346012	12.73365	8.108821	-62.929737	-7.345923	0.4	635000	10920.838431358337
254	-45.58	-45.58	-40.8	-7.32744	12.712635	14.930391	-68.49349	-7.327849	0.3	637500	10964.050916433334
255	-48.3	-48.3	-40.0	-7.3423343	12.69909	19.89524	-75.08915	-7.3423777	0.3	640000	11007.345384836197
256	-47.34	-47.34	-39.3	-7.301446	12.670332	10.308451	-76.543915	-7.3013434	0.0	642500	11051.014372110367
257	-46.52	-46.52	-44.5	-7.308771	12.664898	18.801497	-75.09966	-7.309244	0.2	645000	11095.19881272316
258	-47.7	-47.7	-41.7	-7.3332543	12.699491	9.271843	-67.06674	-7.3336596	0.1	647500	11139.297251224518
259	-48.82	-48.82	-49.3	-7.3471055	12.706861	18.1619	-93.35556	-7.347147	0.0	650000	11183.328684329987
260	-44.28	-44.28	-45.399998	-7.3353024	12.696077	11.017857	-67.56984	-7.335552	0.1	652500	11226.886624097824
261	-47.54	-47.54	-50.0	-7.2878056	12.656758	12.90394	-84.36965	-7.2877717	0.0	655000	11269.893839120865
262	-48.6	-48.6	-38.2	-7.3436	12.712017	10.866626	-64.49257	-7.343561	0.4	657500	11312.443934679031
263	-47.26	-47.26	-45.899998	-7.3069725	12.673919	13.44632	-81.799	-7.3071284	0.1	660000	11353.254595518112
264	-48.6	-48.6	-44.899998	-7.3334055	12.685614	9.106506	-61.812393	-7.3337154	0.0	662500	11393.321123600006
265	-47.58	-47.58	-40.600002	-7.2818217	12.649276	12.6086035	-71.45495	-7.281979	0.2	665000	11436.413903474808
266	-47.82	-47.82	-42.899998	-7.3185186	12.683842	16.095581	-87.42994	-7.3185306	0.2	667500	11479.316143274307
267	-46.68	-46.68	-29.4	-7.330947	12.6871605	8.089073	-69.815895	-7.33115	0.5	670000	11521.533292770386
268	-48.74	-48.74	-44.3	-7.284895	12.646488	7.77713	-77.326256	-7.285008	0.2	672500	11564.67284655571
269	-47.06	-47.06	-42.100002	-7.3104815	12.647398	8.253366	-75.27401	-7.310929	0.3	675000	11608.561654806137
270	-48.6	-48.6	-41.7	-7.306824	12.647199	8.294593	-63.064087	-7.3068357	0.4	677500	11652.054094314575
271	-46.56	-46.56	-40.7	-7.2790956	12.608826	12.823807	-72.966606	-7.279358	0.1	680000	11695.023146867752
272	-45.86	-45.86	-42.100002	-7.3115954	12.639445	10.29996	-100.92058	-7.3114567	0.3	682500	11738.838893175125
273	-46.04	-46.04	-38.2	-7.2768164	12.591569	9.547516	-69.20657	-7.2767177	0.2	685000	11783.121808290482
274	-47.88	-47.88	-46.2	-7.279417	12.603062	10.08955	-80.831024	-7.2791624	0.1	687500	11826.272951126099
275	-47.3	-47.3	-43.0	-7.236141	12.552699	8.779201	-78.408	-7.236382	0.1	690000	11869.844937562943
276	-47.5	-47.5	-40.600002	-7.272371	12.576777	10.161664	-80.83229	-7.2725782	0.3	692500	11913.61298942566
277	-46.12	-46.12	-38.0	-7.2654457	12.580765	14.809713	-81.4826	-7.2655125	0.4	695000	11957.283155918121
278	-48.86	-48.86	-39.899998	-7.269172	12.559314	7.247734	-73.56239	-7.2691417	0.3	697500	12000.638097047806
279	-47.1	-47.1	-42.899998	-7.293471	12.60023	11.580133	-69.67013	-7.293564	0.3	700000	12044.591461896896
280	-46.38	-46.38	-46.3	-7.291504	12.589368	6.975271	-71.22176	-7.2918377	0.3	702500	12088.606505393982
281	-47.42	-47.42	-41.399998	-7.2701554	12.58494	8.805298	-75.08094	-7.27015	0.3	705000	12131.853841543198
282	-47.86	-47.86	-42.8	-7.3138638	12.6188135	7.160589	-67.587296	-7.314142	0.3	707500	12174.916988372803
283	-46.46	-46.46	-40.5	-7.3116856	12.630445	5.817294	-88.6787	-7.3117204	0.4	710000	12217.611059188843
284	-47.92	-47.92	-41.899998	-7.3146024	12.627476	4.79161	-79.73209	-7.31423	0.4	712500	12261.474129676819
285	-47.42	-47.42	-37.600002	-7.3294277	12.650961	10.176692	-66.81418	-7.330087	0.3	715000	12305.214473962784
286	-46.9	-46.9	-42.600002	-7.35585	12.68319	9.606235	-68.067604	-7.3560023	0.3	717500	12348.818938016891
287	-47.36	-47.36	-49.2	-7.3587027	12.67208	15.343941	-76.789856	-7.358545	0.0	720000	12392.200165510178
288	-47.2	-47.2	-42.899998	-7.3449597	12.680967	8.654514	-114.12262	-7.3451424	0.3	722500	12435.391411781311
289	-48.08	-48.08	-42.2	-7.4228735	12.739651	6.318	-82.71297	-7.422707	0.3	725000	12478.835510730743
290	-45.48	-45.48	-44.399998	-7.3914156	12.727856	8.21547	-76.64137	-7.391587	0.3	727500	12522.119059562683
291	-47.54	-47.54	-46.9	-7.411096	12.752724	7.79875	-71.55185	-7.410837	0.1	730000	12566.674791574478
292	-46.96	-46.96	-49.3	-7.4019337	12.745613	13.336795	-71.271286	-7.4018483	0.2	732500	12610.394473075867
293	-45.92	-45.92	-46.3	-7.4326944	12.782462	8.11359	-75.2998	-7.432789	0.0	735000	12653.873303413391
294	-47.44	-47.44	-43.100002	-7.460361	12.824914	6.2830276	-63.57109	-7.460362	0.2	737500	12697.307220458984
295	-48.32	-48.32	-43.8	-7.44756	12.809857	7.026073	-68.5105	-7.4477553	0.2	740000	12741.011261940002
296	-46.04	-46.04	-44.399998	-7.4194493	12.764312	7.5702195	-61.133064	-7.4197097	0.2	742500	12784.67619395256
297	-45.28	-45.28	-48.3	-7.4791036	12.824722	7.588126	-70.24334	-7.479366	0.1	745000	12827.988309383392
298	-46.38	-46.38	-47.4	-7.4761634	12.841231	12.726428	-72.302795	-7.4762983	0.0	747500	12871.404968738556
299	-47.82	-47.82	-47.5	-7.5067797	12.864941	9.723924	-68.88673	-7.506825	0.1	750000	12915.739379167557
300	-46.62	-46.62	-45.7	-7.498337	12.866644	9.278221	-67.74613	-7.4985795	0.2	752500	12959.04761147499
301	-45.5	-45.5	-45.7	-7.49128	12.879356	6.462772	-72.83655	-7.491471	0.2	755000	13002.273311853409
302	-46.44	-46.44	-47.2	-7.533735	12.914129	7.1112256	-65.885475	-7.533805	0.2	757500	13045.740641355515
303	-45.98	-45.98	-44.399998	-7.535211	12.900201	7.990087	-71.65215	-7.53525	0.2	760000	13089.327352523804
304	-47.04	-47.04	-46.8	-7.5285497	12.89784	8.092884	-88.76375	-7.5289936	0.2	762500	13132.595916986465
305	-47.36	-47.36	-45.5	-7.5190563	12.878169	8.136484	-74.273964	-7.5194187	0.2	765000	13174.900813817978
306	-45.9	-45.9	-34.0	-7.5016465	12.872801	7.5419607	-85.247925	-7.5015793	0.5	767500	13217.33364892006
307	-46.16	-46.16	-39.399998	-7.5177007	12.882029	16.853659	-72.46686	-7.517607	0.4	770000	13260.607709407806
308	-45.5	-45.5	-43.2	-7.511527	12.8588085	9.038239	-75.97413	-7.5118785	0.2	772500	13303.032799959183
309	-47.7	-47.7	-40.600002	-7.556636	12.905811	13.007503	-74.026	-7.556435	0.2	775000	13345.606947183609
310	-46.22	-46.22	-37.8	-7.5309477	12.871229	10.701801	-72.67866	-7.5309772	0.4	777500	13388.915855646133
311	-48.04	-48.04	-48.6	-7.5541544	12.897956	8.650121	-80.931015	-7.554228	0.1	780000	13432.396924972534
312	-46.12	-46.12	-47.1	-7.5176754	12.859114	7.0862017	-67.35871	-7.5176363	0.1	782500	13476.071536540985
313	-48.5	-48.5	-43.5	-7.55448	12.881086	6.4476757	-66.13167	-7.5544786	0.2	785000	13518.09154701233
314	-47.12	-47.12	-41.5	-7.529896	12.856549	12.650719	-69.72693	-7.5297585	0.3	787500	13560.417378425598
315	-46.48	-46.48	-34.0	-7.49068	12.813826	11.497862	-70.0373	-7.490779	0.4	790000	13604.292813062668
316	-47.14	-47.14	-44.3	-7.5532546	12.852182	6.611002	-63.26992	-7.5535483	0.4	792500	13648.120316505432
317	-48.16	-48.16	-44.3	-7.5007844	12.813652	10.007875	-66.48665	-7.500991	0.1	795000	13691.468662261963
318	-48.26	-48.26	-42.100002	-7.5307984	12.831009	15.293289	-59.690342	-7.530881	0.2	797500	13734.93226647377
319	-47.84	-47.84	-34.0	-7.510609	12.8097725	7.2200284	-80.73291	-7.5107956	0.7	800000	13778.33300447464
320	-45.32	-45.32	-41.5	-7.5073304	12.800689	12.254073	-74.23904	-7.5073624	0.2	802500	13819.5610101223
321	-46.9	-46.9	-45.3	-7.5140023	12.800232	8.486101	-66.96552	-7.5138307	0.2	805000	13862.587222576141
322	-48.9	-48.9	-42.0	-7.4822607	12.798205	11.060703	-72.19937	-7.482447	0.3	807500	13906.187278270721
323	-47.86	-47.86	-46.9	-7.528974	12.833647	9.291785	-75.29005	-7.529134	0.0	810000	13949.561033010483
324	-45.78	-45.78	-38.2	-7.541159	12.829264	11.737299	-66.063484	-7.541347	0.4	812500	13993.273833990097
325	-47.08	-47.08	-45.100002	-7.519731	12.844162	11.482348	-68.09437	-7.5197535	0.1	815000	14036.910147428513
326	-47.7	-47.7	-45.7	-7.513442	12.831453	6.4099693	-76.82344	-7.513717	0.1	817500	14080.69518494606
327	-45.16	-45.16	-46.9	-7.5018606	12.82287	11.028478	-111.8676	-7.501824	0.1	820000	14121.28443980217
328	-47.14	-47.14	-42.7	-7.480772	12.789686	6.990778	-68.25833	-7.4809055	0.3	822500	14164.48417520523
329	-46.54	-46.54	-45.100002	-7.5278635	12.82811	7.5955644	-72.30654	-7.52806	0.1	825000	14208.114197015762
330	-46.92	-46.92	-46.7	-7.4715405	12.776027	7.1483784	-77.78125	-7.4716377	0.3	827500	14251.502474546432
331	-49.02	-49.02	-41.2	-7.4766393	12.7780075	14.566754	-86.79372	-7.4767613	0.3	830000	14294.384340524673
332	-47.56	-47.56	-38.3	-7.493948	12.788698	13.525946	-67.08707	-7.4940643	0.4	832500	14338.0527074337
333	-46.34	-46.34	-50.0	-7.456473	12.747861	14.904749	-68.88684	-7.4564557	0.0	835000	14380.44843506813
334	-48.2	-48.2	-41.899998	-7.499439	12.785322	8.51675	-62.343666	-7.4995584	0.2	837500	14421.486896038055
335	-47.32	-47.32	-45.2	-7.490565	12.765157	18.62679	-75.293274	-7.4908195	0.1	840000	14464.243468999863
336	-47.9	-47.9	-47.6	-7.4722176	12.763176	11.181334	-66.02768	-7.47241	0.1	842500	14507.639526128769
337	-47.88	-47.88	-42.2	-7.5350933	12.813514	7.287754	-69.09974	-7.535122	0.2	845000	14550.605939149857
338	-47.28	-47.28	-42.3	-7.503882	12.809867	16.242544	-75.44786	-7.503942	0.3	847500	14593.814931869507
339	-47.62	-47.62	-40.899998	-7.507306	12.806729	8.336633	-86.46598	-7.5072527	0.3	850000	14637.141178369522
340	-47.68	-47.68	-41.600002	-7.535866	12.813792	11.728753	-74.76245	-7.5360527	0.4	852500	14680.218960523605
341	-47.84	-47.84	-40.399998	-7.503435	12.817148	9.34138	-60.93125	-7.5035186	0.3	855000	14723.179477930069
342	-45.02	-45.02	-46.2	-7.5199814	12.841091	11.676008	-68.96655	-7.5202293	0.1	857500	14766.63208079338
343	-45.5	-45.5	-37.5	-7.5372634	12.83296	10.136833	-74.49045	-7.5376654	0.3	860000	14810.767597913742
344	-46.32	-46.32	-44.0	-7.5333037	12.812088	9.732213	-73.08744	-7.533558	0.3	862500	14854.678544044495
345	-48.1	-48.1	-37.600002	-7.5625296	12.848722	8.936895	-74.0264	-7.562398	0.3	865000	14898.219036340714
346	-48.56	-48.56	-39.899998	-7.551752	12.837968	10.091906	-66.232376	-7.551991	0.3	867500	14941.576857328415
347	-47.54	-47.54	-44.399998	-7.5809636	12.881364	12.273078	-69.66271	-7.5809903	0.1	870000	14984.083295106888
348	-46.52	-46.52	-38.3	-7.5505652	12.844831	13.417162	-77.81416	-7.5502744	0.5	872500	15026.384096860886
349	-45.0	-45.0	-47.5	-7.572935	12.852342	5.4228907	-67.37865	-7.5727854	0.0	875000	15068.784888982773
350	-46.58	-46.58	-46.9	-7.5122023	12.817434	12.893546	-73.83645	-7.511777	0.2	877500	15111.153410196304
351	-46.0	-46.0	-39.0	-7.530224	12.82448	9.983992	-66.379364	-7.5301204	0.4	880000	15153.725656986237
352	-46.42	-46.42	-46.100002	-7.5510316	12.842401	8.606187	-75.6858	-7.5506606	0.0	882500	15195.754029750824
353	-46.88	-46.88	-41.100002	-7.519541	12.83829	7.9752574	-76.464264	-7.5196786	0.3	885000	15238.377801895142
354	-45.72	-45.72	-49.8	-7.518172	12.824022	12.1908245	-67.19648	-7.518323	0.0	887500	15280.679007768631
355	-46.48	-46.48	-46.8	-7.534477	12.833585	10.148443	-62.95919	-7.5344787	0.2	890000	15322.522046804428
356	-47.72	-47.72	-32.3	-7.5289693	12.822749	10.635084	-72.305115	-7.5287094	0.6	892500	15364.745595693588
357	-48.28	-48.28	-44.399998	-7.4985876	12.789622	14.688812	-96.57334	-7.498451	0.2	895000	15407.64653468132
358	-46.3	-46.3	-45.5	-7.527145	12.827118	12.945414	-64.73068	-7.5274405	0.3	897500	15450.266269922256
359	-48.82	-48.82	-39.7	-7.5570536	12.8348875	9.459376	-70.24306	-7.5568824	0.3	900000	15492.715599536896
360	-45.84	-45.84	-37.2	-7.550489	12.826634	7.7363358	-60.463135	-7.5500746	0.3	902500	15534.314970731735
361	-46.3	-46.3	-45.399998	-7.5302773	12.818262	9.326049	-86.11398	-7.5304255	0.1	905000	15577.0060172081
362	-48.14	-48.14	-37.3	-7.5370545	12.811059	8.892274	-70.3267	-7.537055	0.5	907500	15619.014573812485
363	-46.5	-46.5	-39.100002	-7.484588	12.771343	6.868868	-71.77227	-7.4846025	0.5	910000	15661.596705436707
364	-47.1	-47.1	-46.9	-7.493555	12.78818	8.618396	-72.40346	-7.493507	0.1	912500	15704.10813832283
365	-45.6	-45.6	-32.7	-7.4497175	12.742264	15.561799	-74.8017	-7.4497237	0.4	915000	15746.119615077972
366	-47.08	-47.08	-38.5	-7.4939027	12.754313	6.421865	-69.20833	-7.493917	0.4	917500	15787.889382123947
367	-48.08	-48.08	-34.5	-7.503721	12.780666	11.885337	-77.36046	-7.503543	0.5	920000	15829.905281066895
368	-48.78	-48.78	-41.0	-7.504565	12.779992	8.610947	-67.96171	-7.504145	0.2	922500	15872.015947341919
369	-47.84	-47.84	-37.2	-7.495186	12.768444	8.698378	-75.02043	-7.4950485	0.6	925000	15914.457182884216
370	-47.42	-47.42	-44.899998	-7.481357	12.724451	7.677847	-68.09674	-7.481445	0.2	927500	15957.071022033691
371	-47.94	-47.94	-42.5	-7.4409304	12.709606	10.840927	-69.027596	-7.440679	0.2	930000	15997.941428661346
372	-46.52	-46.52	-49.4	-7.4374785	12.724007	7.9993386	-77.297066	-7.437149	0.0	932500	16036.221826076508
373	-46.88	-46.88	-42.8	-7.4108114	12.684949	11.548219	-71.49259	-7.4106417	0.2	935000	16078.867130041122
374	-47.22	-47.22	-42.899998	-7.364785	12.629697	8.173156	-73.123116	-7.3647146	0.2	937500	16120.704664230347
375	-45.12	-45.12	-45.7	-7.390569	12.626058	12.483727	-79.162506	-7.39042	0.0	940000	16162.794705629349
376	-47.04	-47.04	-40.3	-7.379044	12.610663	9.002491	-68.90676	-7.3787794	0.2	942500	16204.747137069702
377	-46.84	-46.84	-43.600002	-7.4171147	12.635339	9.498323	-65.50936	-7.417094	0.3	945000	16246.680839538574
378	-46.54	-46.54	-45.399998	-7.37428	12.597574	6.3763094	-70.25316	-7.374154	0.2	947500	16288.28108048439
379	-47.78	-47.78	-47.0	-7.384108	12.628541	11.054509	-78.624435	-7.3842797	0.2	950000	16329.702177524567
380	-49.02	-49.02	-40.2	-7.4004874	12.636974	11.9127445	-69.08177	-7.4005218	0.2	952500	16371.11793422699
381	-46.78	-46.78	-43.3	-7.3362923	12.577084	9.789075	-74.803795	-7.3361516	0.2	955000	16412.855081558228
382	-47.54	-47.54	-42.8	-7.345948	12.57557	8.045625	-74.62654	-7.345622	0.1	957500	16454.335687160492
383	-47.0	-47.0	-40.8	-7.355442	12.583389	5.8958097	-64.48256	-7.3555	0.2	960000	16495.900820732117
384	-48.16	-48.16	-44.899998	-7.373711	12.581232	8.244875	-65.05416	-7.3731904	0.2	962500	16536.478368759155
385	-46.72	-46.72	-43.2	-7.367827	12.588135	7.1007714	-64.88922	-7.367517	0.3	965000	16577.94214630127
386	-47.34	-47.34	-39.3	-7.3976507	12.591404	12.909523	-61.946373	-7.397538	0.3	967500	16619.574989795685
387	-47.14	-47.14	-36.7	-7.4159064	12.6134	9.667757	-76.1384	-7.4161997	0.3	970000	16661.426706314087
388	-45.62	-45.62	-34.5	-7.3709445	12.54859	9.689388	-68.98643	-7.371263	0.5	972500	16703.452093601227
389	-47.48	-47.48	-43.2	-7.356742	12.519966	17.176739	-67.88126	-7.3571544	0.3	975000	16745.739666223526
390	-47.86	-47.86	-38.899998	-7.3589044	12.54164	9.866866	-76.16228	-7.3591037	0.3	977500	16788.185022830963
391	-44.38	-44.38	-38.899998	-7.3862505	12.563184	5.3499737	-71.13691	-7.3861876	0.4	980000	16830.01194047928
392	-47.84	-47.84	-40.2	-7.3755875	12.538408	6.4222813	-63.278282	-7.3757157	0.4	982500	16872.034165382385
393	-45.1	-45.1	-47.2	-7.35572	12.531029	8.38492	-66.45298	-7.3558226	0.0	985000	16914.398700475693
394	-47.2	-47.2	-46.6	-7.3552537	12.533896	8.566346	-68.66946	-7.355651	0.2	987500	16957.36403656006
395	-46.66	-46.66	-39.7	-7.3801703	12.547796	9.745625	-78.4566	-7.3797717	0.5	990000	17000.210481643677
396	-46.3	-46.3	-42.399998	-7.362868	12.549251	21.280933	-66.47453	-7.363089	0.3	992500	17042.885756015778
397	-43.22	-43.22	-42.8	-7.382392	12.568664	5.142944	-69.14462	-7.382296	0.4	995000	17085.186968564987
398	-45.08	-45.08	-43.0	-7.389228	12.552265	7.029706	-65.3761	-7.389082	0.2	997500	17127.703222751617
399	-47.86	-47.86	-44.2	-7.3696074	12.524296	16.785437	-74.89595	-7.3696923	0.1	1000000	17169.921227931976
400	-46.98	-46.98	-42.600002	-7.345305	12.491392	10.80838	-78.11749	-7.3455873	0.4	1002500	17212.224905729294
401	-46.82	-46.82	-33.5	-7.4049177	12.544148	11.969106	-64.6156	-7.404538	0.4	1005000	17254.854281187057
402	-45.74	-45.74	-38.899998	-7.4227386	12.553073	6.283276	-66.57334	-7.4227695	0.4	1007500	17297.918568372726
403	-47.6	-47.6	-38.5	-7.441737	12.560928	9.361884	-61.07694	-7.4418616	0.5	1010000	17340.593325138092
404	-47.58	-47.58	-40.899998	-7.421203	12.578373	8.403508	-72.50156	-7.421461	0.3	1012500	17383.218829393387
405	-47.34	-47.34	-43.600002	-7.4191437	12.579676	11.116176	-66.790405	-7.419203	0.0	1015000	17424.79744076729
406	-48.0	-48.0	-45.600002	-7.4074273	12.5816345	7.0756745	-72.40303	-7.407208	0.2	1017500	17467.170538425446
407	-46.78	-46.78	-41.399998	-7.422594	12.592379	14.569268	-63.820766	-7.4226794	0.3	1020000	17509.469854593277
408	-47.96	-47.96	-39.8	-7.433417	12.585891	12.101229	-65.33265	-7.433709	0.4	1022500	17551.85738801956
409	-47.36	-47.36	-43.5	-7.4089518	12.588221	9.972381	-66.7653	-7.4085383	0.2	1025000	17594.80459690094
410	-46.54	-46.54	-38.100002	-7.421583	12.610793	8.739476	-67.4829	-7.422022	0.5	1027500	17637.45711708069
411	-46.22	-46.22	-37.2	-7.4254847	12.609639	12.771057	-64.49094	-7.4253826	0.4	1030000	17679.006075143814
412	-48.62	-48.62	-42.399998	-7.4133577	12.604303	6.923021	-76.7488	-7.413121	0.3	1032500	17719.88772058487
413	-46.64	-46.64	-27.4	-7.431542	12.602514	12.7177305	-71.51838	-7.431602	0.8	1035000	17761.707392692566
414	-46.36	-46.36	-39.100002	-7.460832	12.650353	4.416559	-83.49768	-7.460746	0.4	1037500	17803.128778219223
415	-45.58	-45.58	-43.5	-7.3912654	12.578631	14.656908	-65.00479	-7.3910184	0.2	1040000	17845.309564113617
416	-46.86	-46.86	-40.0	-7.414926	12.612643	7.4711976	-73.61049	-7.4148293	0.3	1042500	17887.195991754532
417	-46.12	-46.12	-39.899998	-7.4154716	12.597297	7.1004553	-75.66743	-7.4157567	0.3	1045000	17928.995824098587
418	-47.18	-47.18	-47.6	-7.3910522	12.52619	9.4228115	-67.85894	-7.391173	0.1	1047500	17970.44765353203
419	-46.6	-46.6	-43.0	-7.365261	12.493212	10.940779	-62.672806	-7.3651867	0.2	1050000	18011.204485416412
420	-45.94	-45.94	-43.3	-7.380332	12.506605	10.102936	-69.33369	-7.3800507	0.3	1052500	18052.870937108994
421	-46.56	-46.56	-35.600002	-7.3572454	12.501071	6.565458	-70.77621	-7.357128	0.5	1055000	18093.635066747665
422	-46.2	-46.2	-46.100002	-7.4009924	12.539276	7.245615	-71.0543	-7.401309	0.2	1057500	18134.18718934059
423	-45.86	-45.86	-48.8	-7.3414454	12.488189	4.8952527	-61.863766	-7.341823	0.2	1060000	18175.027879714966
424	-46.1	-46.1	-44.899998	-7.3510547	12.476646	4.255626	-68.91175	-7.351228	0.2	1062500	18215.15436053276
425	-47.14	-47.14	-47.5	-7.3498855	12.476536	11.338814	-62.80541	-7.349858	0.0	1065000	18255.272430181503
426	-47.28	-47.28	-47.1	-7.3444242	12.475413	9.186972	-73.21963	-7.344484	0.2	1067500	18295.806674957275
427	-44.32	-44.32	-40.600002	-7.3328166	12.453247	10.645865	-67.82452	-7.333204	0.3	1070000	18336.354316711426
428	-45.38	-45.38	-43.399998	-7.300709	12.427709	18.850271	-79.54535	-7.3007774	0.2	1072500	18377.134892225266
429	-45.46	-45.46	-43.7	-7.2988334	12.414955	8.278998	-66.61288	-7.2987685	0.2	1075000	18417.620225191116
430	-47.2	-47.2	-40.5	-7.3091516	12.4123125	9.401632	-61.68811	-7.309273	0.5	1077500	18458.15425348282
431	-46.72	-46.72	-38.8	-7.279392	12.375601	17.634584	-76.11368	-7.279748	0.4	1080000	18498.443425655365
432	-47.38	-47.38	-44.0	-7.285988	12.382777	9.960547	-63.37126	-7.2860775	0.1	1082500	18538.876569986343
433	-45.96	-45.96	-36.399998	-7.2850657	12.357781	16.981758	-94.64736	-7.284764	0.6	1085000	18579.69708967209
434	-45.7	-45.7	-39.600002	-7.3131046	12.367703	6.2679305	-62.30551	-7.3133845	0.3	1087500	18620.20876288414
435	-47.36	-47.36	-44.3	-7.3038993	12.3698	8.9237995	-73.58394	-7.3038945	0.1	1090000	18661.05154132843
436	-45.58	-45.58	-42.399998	-7.285155	12.355756	24.449654	-74.723145	-7.28543	0.3	1092500	18703.050201177597
437	-46.64	-46.64	-47.8	-7.3012996	12.3553505	9.708744	-74.88438	-7.3015304	0.1	1095000	18743.870507001877
438	-47.78	-47.78	-43.5	-7.327275	12.3836155	21.730272	-77.23852	-7.3272147	0.2	1097500	18785.98589539528
439	-47.1	-47.1	-38.600002	-7.3376827	12.391554	20.307753	-72.717606	-7.3377595	0.3	1100000	18826.16601061821
440	-47.86	-47.86	-39.7	-7.292813	12.354419	9.67923	-65.02821	-7.293136	0.2	1102500	18867.692174434662
441	-44.92	-44.92	-47.5	-7.314256	12.347629	7.607552	-69.686844	-7.313998	0.1	1105000	18908.27773809433
442	-46.54	-46.54	-41.2	-7.2676954	12.289487	21.350695	-65.66907	-7.267765	0.4	1107500	18949.400294303894
443	-46.92	-46.92	-36.3	-7.2860312	12.297621	8.737282	-68.66998	-7.2857494	0.5	1110000	18990.362174510956
444	-47.22	-47.22	-42.8	-7.2855783	12.311357	16.299505	-68.4768	-7.2853613	0.2	1112500	19031.56249141693
445	-47.06	-47.06	-33.100002	-7.2872643	12.288558	11.555071	-61.62869	-7.2871103	0.4	1115000	19072.34053492546
446	-46.18	-46.18	-43.7	-7.296188	12.281811	12.527488	-65.66296	-7.29643	0.2	1117500	19113.043316602707
447	-47.94	-47.94	-42.8	-7.2813396	12.277808	12.499612	-62.075447	-7.281237	0.2	1120000	19153.9195394516
448	-45.96	-45.96	-38.600002	-7.3057327	12.304065	11.298787	-62.868366	-7.3059583	0.2	1122500	19194.9611184597
449	-47.82	-47.82	-42.5	-7.2765975	12.271556	17.101501	-63.226963	-7.2767186	0.2	1125000	19236.35234451294
450	-47.22	-47.22	-40.5	-7.280213	12.267348	13.575346	-65.95408	-7.280283	0.4	1127500	19277.68656229973
451	-47.34	-47.34	-42.100002	-7.2769475	12.281524	19.041086	-63.18932	-7.277225	0.2	1130000	19318.56718492508
452	-45.88	-45.88	-45.2	-7.2508845	12.255578	6.925478	-61.645393	-7.2509804	0.2	1132500	19359.723534345627
453	-46.38	-46.38	-34.8	-7.284342	12.276385	14.582213	-63.808254	-7.2842793	0.4	1135000	19400.88911151886
454	-46.22	-46.22	-44.3	-7.2872133	12.276189	6.531359	-60.822037	-7.287274	0.1	1137500	19440.791039705276
455	-45.98	-45.98	-39.2	-7.260774	12.236473	7.094267	-68.77345	-7.2608	0.3	1140000	19481.291514873505
456	-45.32	-45.32	-45.7	-7.230021	12.202643	8.343829	-64.549225	-7.229919	0.2	1142500	19521.892048835754
457	-46.0	-46.0	-42.0	-7.189913	12.139157	12.405199	-64.16527	-7.190072	0.4	1145000	19563.182417869568
458	-48.46	-48.46	-33.7	-7.188557	12.116169	19.462688	-64.01495	-7.1886826	0.4	1147500	19604.162170648575
459	-47.76	-47.76	-38.600002	-7.1875477	12.133632	13.018651	-75.45876	-7.1876125	0.4	1150000	19645.694449424744
460	-44.68	-44.68	-40.100002	-7.229092	12.156458	12.049287	-63.167618	-7.2292194	0.5	1152500	19686.8337123394
461	-46.86	-46.86	-35.899998	-7.172801	12.113552	12.302167	-76.60678	-7.1730103	0.5	1155000	19727.638064146042
462	-46.52	-46.52	-44.2	-7.1856227	12.098116	16.25496	-69.41905	-7.1857367	0.2	1157500	19768.607746601105
463	-47.3	-47.3	-44.100002	-7.188592	12.058248	8.808746	-75.56867	-7.1885037	0.3	1160000	19809.9576151371
464	-45.28	-45.28	-35.399998	-7.134714	12.002722	14.131984	-61.57104	-7.13478	0.4	1162500	19850.974952697754
465	-48.04	-48.04	-44.100002	-7.150742	12.023318	11.472838	-64.15535	-7.150792	0.3	1165000	19891.668993234634
466	-47.26	-47.26	-40.8	-7.1086097	12.000442	12.752728	-65.8188	-7.108675	0.3	1167500	19932.003973722458
467	-43.98	-43.98	-40.100002	-7.124074	12.000386	11.928182	-77.72466	-7.1239686	0.3	1170000	19972.948766946793
468	-47.96	-47.96	-41.0	-7.143157	12.044819	8.700977	-70.425934	-7.1433225	0.4	1172500	20013.89053750038
469	-46.82	-46.82	-39.600002	-7.147683	12.010428	9.76563	-61.93355	-7.147428	0.4	1175000	20054.266825675964
470	-44.32	-44.32	-33.899998	-7.1620927	12.047755	6.1503863	-68.773636	-7.1622376	0.5	1177500	20095.5356194973
471	-47.14	-47.14	-46.2	-7.190893	12.042135	8.51897	-69.88801	-7.190722	0.1	1180000	20136.50715494156
472	-46.82	-46.82	-40.8	-7.1578145	12.035547	10.068911	-59.99452	-7.158035	0.2	1182500	20177.43742442131
473	-46.74	-46.74	-35.600002	-7.13378	12.010075	5.9835854	-70.037926	-7.133809	0.5	1185000	20218.835557222366
474	-47.72	-47.72	-46.0	-7.148761	12.014344	9.389882	-67.95641	-7.1488714	0.2	1187500	20260.176077127457
475	-47.22	-47.22	-43.7	-7.122958	11.992273	6.037856	-61.719803	-7.122967	0.4	1190000	20301.217660188675
476	-48.04	-48.04	-40.0	-7.1189075	11.989098	5.97594	-64.13369	-7.1190844	0.5	1192500	20342.012134313583
477	-45.32	-45.32	-37.0	-7.0987287	11.955298	7.132773	-67.713196	-7.0985637	0.3	1195000	20382.817275047302
478	-46.16	-46.16	-50.0	-7.086072	11.932777	8.790489	-59.853878	-7.0860224	0.0	1197500	20424.697461128235
479	-46.48	-46.48	-47.3	-7.074737	11.9088955	13.472825	-65.19013	-7.0748334	0.2	1200000	20465.99134373665
480	-47.1	-47.1	-47.6	-7.107483	11.951881	5.369683	-61.875683	-7.107431	0.0	1202500	20507.606058120728
481	-47.68	-47.68	-43.399998	-7.117631	11.9518585	6.4271173	-61.700554	-7.117544	0.4	1205000	20548.514271497726
482	-46.16	-46.16	-38.0	-7.0884447	11.940644	9.378908	-83.908165	-7.088185	0.3	1207500	20590.02081346512
483	-46.46	-46.46	-42.100002	-7.0780873	11.940631	13.958833	-80.62439	-7.0782394	0.1	1210000	20631.00747013092
484	-45.14	-45.14	-39.2	-7.0695724	11.939671	10.963022	-63.54285	-7.069847	0.3	1212500	20672.142037391663
485	-46.38	-46.38	-35.5	-7.06324	11.95192	8.897064	-70.95265	-7.063317	0.5	1215000	20713.031270980835
486	-45.88	-45.88	-42.600002	-7.0150466	11.900809	13.117307	-62.135796	-7.014826	0.3	1217500	20754.044850111008
487	-46.3	-46.3	-40.0	-7.014113	11.892679	9.32498	-96.07396	-7.014004	0.4	1220000	20795.14058113098
488	-47.04	-47.04	-46.3	-7.004148	11.867177	7.3042946	-63.477066	-7.0045013	0.2	1222500	20835.55277991295
489	-47.38	-47.38	-41.0	-7.0360994	11.87436	11.231766	-59.54251	-7.0363855	0.2	1225000	20876.16922402382
490	-47.86	-47.86	-40.100002	-7.033381	11.875428	8.33503	-62.36675	-7.033261	0.3	1227500	20916.25245666504
491	-46.32	-46.32	-35.5	-6.999731	11.82938	7.881101	-63.380356	-6.9997487	0.5	1230000	20956.665085554123
492	-46.74	-46.74	-36.8	-7.001445	11.816062	6.813445	-59.083557	-7.0016418	0.4	1232500	20997.59110879898
493	-48.2	-48.2	-40.600002	-6.984668	11.790452	18.319103	-63.458042	-6.9847684	0.2	1235000	21038.38089132309
494	-47.16	-47.16	-41.600002	-7.0097513	11.798864	7.5497875	-65.38751	-7.0096054	0.3	1237500	21079.426695346832
495	-44.98	-44.98	-44.899998	-6.9492044	11.7447195	5.3120675	-60.494774	-6.9489717	0.2	1240000	21120.2748131752
496	-43.8	-43.8	-42.7	-6.960805	11.735001	7.140996	-60.83951	-6.960975	0.3	1242500	21161.0738093853
497	-48.08	-48.08	-43.399998	-7.01862	11.773001	4.963438	-66.78637	-7.018476	0.3	1245000	21201.719714164734
498	-45.2	-45.2	-43.0	-6.981447	11.736221	7.1068096	-67.14089	-6.9813676	0.2	1247500	21239.051290273666
499	-46.04	-46.04	-40.899998	-6.941221	11.726728	16.558878	-63.04714	-6.941508	0.2	1250000	21274.63165974617
