Epoch	EpRet	EpRealRet	TestEpRet	AverageQ1	StdQ1	MaxQ1	MinQ1	Q2	TestSuccess	TotalEnvInteracts	TotalTime
0	-49.0	-49.0	-50.0	-1.2322489	1.9128836	0.94838226	-16.433222	-1.2318077	0.0	2500	81.85981750488281
1	-48.0	-48.0	-45.0	-2.378837	4.5914326	1.5434403	-57.953148	-2.3790808	0.1	5000	163.14086723327637
2	-47.0	-47.0	-50.0	-3.4622903	6.9691854	0.8609259	-52.693493	-3.4626806	0.0	7500	240.06972312927246
3	-50.0	-50.0	-45.0	-4.417504	8.940047	1.0273618	-53.614475	-4.4170694	0.1	10000	316.20878171920776
4	-50.0	-50.0	-50.0	-5.3059316	10.696371	1.1275548	-56.203728	-5.3053207	0.0	12500	392.65630412101746
5	-49.0	-49.0	-50.0	-5.8817286	11.950804	1.6776638	-53.381523	-5.8804173	0.0	15000	466.2074763774872
6	-49.0	-49.0	-45.0	-6.4045777	13.062644	1.5208361	-64.2475	-6.4046774	0.1	17500	542.3808553218842
7	-50.0	-50.0	-45.0	-6.876472	13.979764	1.5918019	-54.33916	-6.875616	0.1	20000	616.9839131832123
8	-43.36	-43.36	-50.0	-7.1331863	14.629259	1.4006648	-57.35469	-7.133566	0.0	22500	690.6149089336395
9	-49.0	-49.0	-50.0	-7.3628917	15.248427	2.420483	-61.344296	-7.3630943	0.0	25000	765.9160475730896
10	-47.76	-47.76	-50.0	-7.775474	15.998124	2.3930275	-56.89291	-7.775577	0.0	27500	839.3514909744263
11	-49.0	-49.0	-45.0	-8.048446	16.556967	2.7508721	-58.13477	-8.04847	0.1	30000	913.9918751716614
12	-47.0	-47.0	-50.0	-8.251546	16.97652	2.436296	-60.87532	-8.251876	0.0	32500	985.6874914169312
13	-48.0	-48.0	-40.0	-8.425044	17.309797	2.1429915	-56.12127	-8.423799	0.2	35000	1059.6735036373138
14	-47.0	-47.0	-50.0	-8.473362	17.457687	2.1852047	-60.42728	-8.472181	0.0	37500	1132.5983321666718
15	-48.78	-48.78	-45.0	-8.639149	17.672071	2.838316	-57.6934	-8.638645	0.1	40000	1206.2963688373566
16	-47.0	-47.0	-50.0	-8.779829	17.872965	5.0175557	-75.16978	-8.779586	0.0	42500	1282.192752122879
17	-49.0	-49.0	-50.0	-8.883709	18.029093	3.4967628	-59.03323	-8.8839445	0.0	45000	1356.061360836029
18	-48.0	-48.0	-50.0	-8.935313	18.168415	3.4415593	-65.19935	-8.934829	0.0	47500	1430.818172454834
19	-48.18	-48.18	-50.0	-8.97893	18.26442	2.7070894	-62.55747	-8.979635	0.0	50000	1501.520226240158
20	-47.0	-47.0	-50.0	-9.115437	18.453518	2.5646079	-62.1783	-9.114876	0.0	52500	1574.9293115139008
21	-47.44	-47.44	-50.0	-9.235522	18.580885	4.18319	-69.810104	-9.234993	0.0	55000	1648.2969827651978
22	-49.46	-49.46	-40.0	-9.227929	18.592697	2.548561	-59.54191	-9.227272	0.2	57500	1719.9664540290833
23	-48.0	-48.0	-45.0	-9.169959	18.538351	3.9379504	-61.368313	-9.170006	0.1	60000	1792.2373688220978
24	-47.92	-47.92	-50.0	-9.178127	18.561094	3.8761067	-63.74838	-9.178453	0.0	62500	1864.1357324123383
25	-50.0	-50.0	-45.0	-9.235833	18.612198	5.2142425	-63.20723	-9.234434	0.1	65000	1936.0044250488281
26	-49.88	-49.88	-45.0	-9.292696	18.680624	4.6422706	-63.25202	-9.292853	0.1	67500	2009.58429479599
27	-46.62	-46.62	-50.0	-9.265028	18.666393	5.4635234	-61.647076	-9.264856	0.0	70000	2081.0353422164917
28	-49.68	-49.68	-50.0	-9.205442	18.586023	4.425272	-63.25362	-9.205277	0.0	72500	2156.7766695022583
29	-47.22	-47.22	-50.0	-9.198238	18.562403	4.814625	-61.72381	-9.19771	0.0	75000	2229.5472786426544
30	-49.0	-49.0	-50.0	-9.156219	18.530754	4.5383263	-61.293438	-9.15619	0.0	77500	2304.2940793037415
31	-50.0	-50.0	-45.0	-9.298898	18.657942	4.2549148	-60.263546	-9.2990055	0.1	80000	2376.3928368091583
32	-50.0	-50.0	-45.0	-9.266777	18.662275	9.307044	-63.673805	-9.266591	0.1	82500	2447.8078825473785
33	-46.12	-46.12	-50.0	-9.31841	18.70054	4.469347	-58.78022	-9.318681	0.0	85000	2522.1982827186584
34	-47.2	-47.2	-50.0	-9.254144	18.63446	3.684415	-60.63702	-9.254591	0.0	87500	2593.981171131134
35	-50.0	-50.0	-45.0	-9.374926	18.710806	5.5279717	-64.62989	-9.374599	0.1	90000	2667.2419505119324
36	-47.56	-47.56	-50.0	-9.272665	18.606531	4.519771	-60.703045	-9.272601	0.0	92500	2739.5451724529266
37	-48.98	-48.98	-38.899998	-9.264458	18.578413	8.155475	-70.758354	-9.264215	0.2	95000	2811.735148191452
38	-45.76	-45.76	-50.0	-9.238506	18.499523	3.5922298	-64.71291	-9.235509	0.0	97500	2884.152256965637
39	-49.12	-49.12	-40.0	-9.195203	18.38789	6.2830696	-61.877388	-9.195247	0.2	100000	2955.0969326496124
40	-48.96	-48.96	-47.8	-9.144372	18.28512	7.287545	-65.75416	-9.144447	0.2	102500	3029.4770226478577
41	-47.04	-47.04	-50.0	-9.109485	18.189884	6.1122313	-60.426647	-9.109747	0.0	105000	3100.593089580536
42	-46.44	-46.44	-50.0	-9.134884	18.248507	4.0726275	-64.23809	-9.134848	0.0	107500	3174.260057926178
43	-47.3	-47.3	-50.0	-9.2121725	18.329868	7.130547	-66.17736	-9.21291	0.0	110000	3246.014094352722
44	-48.96	-48.96	-50.0	-9.197107	18.308325	4.407259	-61.969547	-9.196057	0.0	112500	3317.2940373420715
45	-45.64	-45.64	-46.0	-9.190877	18.257826	5.8688917	-69.8621	-9.189146	0.1	115000	3389.616956949234
46	-47.1	-47.1	-50.0	-9.1114025	18.159506	5.00906	-59.237526	-9.112727	0.0	117500	3461.386996269226
47	-47.98	-47.98	-45.0	-9.24684	18.284338	5.7835307	-64.44718	-9.245764	0.1	120000	3535.238425731659
48	-49.96	-49.96	-45.0	-9.181491	18.232151	3.4916916	-58.36556	-9.183555	0.1	122500	3606.2845747470856
49	-48.02	-48.02	-40.5	-9.278443	18.314283	3.9901052	-63.80931	-9.278692	0.1	125000	3679.9181723594666
50	-46.36	-46.36	-50.0	-9.262956	18.289618	4.5625362	-60.45315	-9.262476	0.0	127500	3750.5320012569427
51	-46.54	-46.54	-45.0	-9.145079	18.163046	5.266205	-62.279724	-9.146333	0.1	130000	3822.6820862293243
52	-45.8	-45.8	-45.0	-9.124949	18.107798	4.5486045	-59.25298	-9.124873	0.1	132500	3894.1974885463715
53	-49.0	-49.0	-50.0	-9.115287	18.073494	3.2436824	-60.982132	-9.115442	0.0	135000	3966.837609767914
54	-49.54	-49.54	-45.0	-9.069737	18.003185	6.288796	-61.735203	-9.069532	0.1	137500	4040.100033521652
55	-46.64	-46.64	-48.0	-9.132988	18.056269	4.7096443	-59.791924	-9.133168	0.1	140000	4111.695419549942
56	-44.0	-44.0	-50.0	-9.078785	17.988607	6.973145	-61.08965	-9.078705	0.0	142500	4184.25746846199
57	-49.04	-49.04	-50.0	-9.184705	18.088306	3.8081102	-66.18391	-9.186033	0.0	145000	4256.198579072952
58	-48.34	-48.34	-50.0	-9.178384	18.07049	4.7531815	-67.47812	-9.177645	0.0	147500	4326.253191232681
59	-45.26	-45.26	-50.0	-9.159779	18.043642	5.3599787	-62.242435	-9.159036	0.0	150000	4398.90983581543
60	-46.98	-46.98	-45.899998	-9.114995	17.975788	2.9777765	-61.662857	-9.115096	0.1	152500	4470.830389022827
61	-47.86	-47.86	-50.0	-9.063961	17.869066	8.4295635	-59.287594	-9.065178	0.0	155000	4543.054462432861
62	-45.42	-45.42	-48.6	-9.017377	17.731983	3.661687	-59.741074	-9.017949	0.0	157500	4614.055705070496
63	-49.18	-49.18	-50.0	-8.941713	17.633947	4.1363387	-61.12952	-8.941651	0.0	160000	4685.030876874924
64	-46.7	-46.7	-45.0	-8.94861	17.606243	10.122184	-57.14912	-8.948972	0.1	162500	4757.832032203674
65	-46.92	-46.92	-45.0	-8.98872	17.63402	3.601916	-64.31669	-8.988514	0.1	165000	4827.6551995277405
66	-49.66	-49.66	-50.0	-9.033712	17.678408	5.3186035	-60.73397	-9.033341	0.0	167500	4898.519606590271
67	-48.16	-48.16	-50.0	-8.976576	17.616959	3.9944065	-63.969707	-8.9754	0.0	170000	4967.179139614105
68	-48.66	-48.66	-45.5	-8.926394	17.580019	3.7898586	-62.462315	-8.925686	0.1	172500	5038.017042636871
69	-48.94	-48.94	-45.0	-8.985511	17.633192	4.7655196	-65.633514	-8.985629	0.1	175000	5105.207400083542
70	-48.8	-48.8	-50.0	-9.040783	17.70378	7.4082723	-62.567005	-9.041793	0.0	177500	5173.974560260773
71	-45.22	-45.22	-49.9	-8.977973	17.600418	6.715287	-63.055122	-8.97884	0.0	180000	5244.638709068298
72	-45.84	-45.84	-46.2	-8.821347	17.40101	3.099937	-64.409546	-8.822575	0.1	182500	5313.820832014084
73	-47.96	-47.96	-45.0	-8.86394	17.42996	5.0935135	-61.288307	-8.863547	0.1	185000	5383.269130706787
74	-47.04	-47.04	-50.0	-8.932902	17.503473	3.4299817	-59.540657	-8.933023	0.0	187500	5452.182683944702
75	-47.66	-47.66	-40.600002	-8.885908	17.45222	4.111914	-62.113438	-8.887043	0.2	190000	5522.611584186554
76	-47.38	-47.38	-47.1	-8.771856	17.322662	6.0337934	-59.960083	-8.772417	0.1	192500	5591.775138378143
77	-45.58	-45.58	-46.3	-8.809949	17.283375	2.756296	-60.302124	-8.810088	0.1	195000	5659.386879205704
78	-48.18	-48.18	-46.8	-8.73324	17.22843	3.8022122	-58.556053	-8.73274	0.1	197500	5729.447847366333
79	-47.94	-47.94	-37.3	-8.70291	17.182627	5.461891	-65.55456	-8.702238	0.3	200000	5797.9916472435
80	-46.12	-46.12	-47.3	-8.720762	17.144056	5.5065913	-65.44686	-8.721281	0.1	202500	5867.284995555878
81	-49.96	-49.96	-46.6	-8.685435	17.06733	6.564211	-62.92916	-8.686673	0.1	205000	5934.659632921219
82	-47.56	-47.56	-44.399998	-8.700737	17.086332	2.2610786	-61.675957	-8.699417	0.1	207500	6006.007592201233
83	-46.92	-46.92	-50.0	-8.723217	17.102108	3.6279554	-62.086685	-8.725243	0.0	210000	6073.212331771851
84	-46.68	-46.68	-40.2	-8.708374	17.092693	2.9309573	-66.080185	-8.708048	0.3	212500	6140.30934214592
85	-47.0	-47.0	-44.8	-8.68428	17.07756	2.6059184	-62.14834	-8.685061	0.1	215000	6211.039728403091
86	-48.64	-48.64	-38.3	-8.744704	17.11041	2.0727615	-61.463745	-8.743833	0.3	217500	6279.78213262558
87	-47.26	-47.26	-50.0	-8.691963	17.027365	5.038122	-65.4816	-8.691811	0.0	220000	6349.788299798965
88	-47.62	-47.62	-46.399998	-8.693695	16.98679	11.51667	-62.916187	-8.692516	0.1	222500	6417.353348493576
89	-45.36	-45.36	-41.399998	-8.675694	16.929573	2.5138893	-61.355522	-8.675592	0.3	225000	6486.247025489807
90	-46.54	-46.54	-45.0	-8.690512	16.926468	2.2977772	-63.275547	-8.688591	0.1	227500	6552.703585624695
91	-47.12	-47.12	-45.2	-8.535724	16.707737	4.763485	-60.468666	-8.5352745	0.1	230000	6620.878391027451
92	-48.18	-48.18	-41.7	-8.568675	16.66142	4.4141006	-61.98467	-8.569514	0.2	232500	6689.451731443405
93	-43.6	-43.6	-50.0	-8.477065	16.510735	4.4826417	-61.238575	-8.47621	0.0	235000	6755.41813826561
94	-46.42	-46.42	-44.100002	-8.475101	16.453062	4.142414	-60.695774	-8.4759655	0.2	237500	6822.867953538895
95	-44.28	-44.28	-40.899998	-8.489434	16.448118	3.4044442	-65.95902	-8.489301	0.2	240000	6891.243027210236
96	-47.02	-47.02	-50.0	-8.469026	16.40999	2.2417247	-60.545975	-8.468942	0.0	242500	6961.193560123444
97	-48.5	-48.5	-41.899998	-8.498756	16.448889	3.5926454	-61.35382	-8.499342	0.2	245000	7029.958034992218
98	-46.66	-46.66	-49.8	-8.448775	16.373777	4.6867957	-68.12741	-8.448528	0.0	247500	7099.275366783142
99	-48.14	-48.14	-37.899998	-8.418047	16.344296	4.19598	-69.25858	-8.419021	0.3	250000	7167.700816869736
100	-46.72	-46.72	-50.0	-8.439886	16.304249	1.8909783	-62.16955	-8.44	0.0	252500	7238.038857221603
101	-46.34	-46.34	-43.600002	-8.366571	16.203176	4.684018	-65.718796	-8.366509	0.3	255000	7308.874884843826
102	-46.24	-46.24	-50.0	-8.351917	16.15205	3.2468019	-62.202766	-8.35234	0.0	257500	7377.454195976257
103	-45.46	-45.46	-50.0	-8.423427	16.177404	3.6098003	-59.5022	-8.424066	0.0	260000	7446.958246231079
104	-47.5	-47.5	-45.0	-8.396447	16.160599	2.7757316	-72.97725	-8.395891	0.1	262500	7516.51572561264
105	-43.06	-43.06	-49.8	-8.360507	16.0847	3.3198333	-62.22904	-8.359125	0.0	265000	7587.536328315735
106	-45.46	-45.46	-40.600002	-8.326077	16.010412	3.6239095	-65.73341	-8.324761	0.3	267500	7653.624831914902
107	-48.28	-48.28	-40.8	-8.27092	15.927445	2.2373245	-62.892296	-8.270622	0.2	270000	7722.613103628159
108	-48.1	-48.1	-41.899998	-8.208805	15.829761	2.4614553	-62.617107	-8.210732	0.3	272500	7792.947064638138
109	-44.44	-44.44	-42.8	-8.203269	15.813609	5.572984	-61.516815	-8.201885	0.3	275000	7860.334050655365
110	-43.74	-43.74	-39.399998	-8.239715	15.806724	2.2458034	-59.223167	-8.23871	0.3	277500	7932.101747512817
111	-45.52	-45.52	-43.0	-8.134672	15.683605	9.088855	-65.074165	-8.135536	0.2	280000	8000.15273976326
112	-40.04	-40.04	-35.100002	-8.148616	15.654339	2.0904093	-61.15681	-8.14942	0.4	282500	8070.407355070114
113	-43.16	-43.16	-40.7	-8.136421	15.610864	3.962646	-60.37606	-8.135893	0.3	285000	8139.334633111954
114	-44.42	-44.42	-45.600002	-8.177326	15.629653	4.16726	-59.75689	-8.177151	0.1	287500	8207.247406482697
115	-44.1	-44.1	-45.899998	-8.097741	15.533468	5.625387	-62.766735	-8.09909	0.1	290000	8275.687643289566
116	-44.52	-44.52	-46.7	-8.14758	15.560088	2.1546307	-63.943657	-8.147808	0.1	292500	8345.660206317902
117	-44.62	-44.62	-39.2	-8.118896	15.506301	5.3174043	-62.61407	-8.119523	0.2	295000	8416.288627147675
118	-47.8	-47.8	-45.5	-8.143757	15.495236	2.600721	-61.38131	-8.143921	0.1	297500	8486.577498435974
119	-40.88	-40.88	-33.0	-8.130992	15.477357	3.5750933	-68.40495	-8.1301365	0.4	300000	8555.272624015808
120	-45.82	-45.82	-33.399998	-8.107299	15.439491	4.049486	-65.224945	-8.107641	0.5	302500	8624.378450155258
121	-41.76	-41.76	-40.0	-8.107317	15.415231	2.389507	-61.138702	-8.106795	0.2	305000	8693.641541957855
122	-43.26	-43.26	-49.0	-8.107338	15.382209	4.4568386	-57.75602	-8.1082535	0.1	307500	8762.163560390472
123	-42.14	-42.14	-32.100002	-8.073849	15.331619	3.9758978	-76.54801	-8.072843	0.4	310000	8829.591230869293
124	-42.26	-42.26	-48.2	-8.072342	15.336552	3.1488047	-61.931404	-8.0730095	0.1	312500	8898.443543672562
125	-45.88	-45.88	-36.0	-8.144129	15.386639	1.8288405	-61.088394	-8.142727	0.3	315000	8966.304720163345
126	-43.52	-43.52	-47.8	-8.078935	15.297585	4.6990795	-61.773743	-8.078175	0.1	317500	9036.653664827347
127	-43.76	-43.76	-39.899998	-8.094439	15.325756	2.6749787	-63.97112	-8.094868	0.3	320000	9107.069085359573
128	-43.06	-43.06	-45.600002	-8.017015	15.193218	2.3425035	-64.893814	-8.018056	0.1	322500	9175.374503135681
129	-43.52	-43.52	-33.8	-8.034154	15.1919775	3.6657903	-61.927505	-8.034344	0.3	325000	9244.322734355927
130	-43.52	-43.52	-40.0	-8.07335	15.18096	7.1579366	-69.109825	-8.075046	0.2	327500	9313.842373609543
131	-43.78	-43.78	-36.8	-8.087938	15.171566	4.3049397	-62.204308	-8.0879135	0.4	330000	9382.864106416702
132	-44.56	-44.56	-38.5	-8.082618	15.182796	1.875715	-59.29391	-8.081925	0.3	332500	9452.843293905258
133	-43.82	-43.82	-45.399998	-8.026663	15.093349	3.634527	-68.14141	-8.027157	0.2	335000	9523.432307481766
134	-44.34	-44.34	-35.8	-7.99458	15.027977	2.7108927	-63.282127	-7.994404	0.3	337500	9594.813280582428
135	-42.52	-42.52	-32.7	-8.056242	15.050081	2.097024	-66.686005	-8.056461	0.6	340000	9663.609070777893
136	-43.02	-43.02	-37.899998	-7.9499173	14.902271	4.2473497	-60.16725	-7.950172	0.4	342500	9733.48426103592
137	-40.62	-40.62	-33.8	-8.015004	14.922456	3.6459453	-65.11831	-8.012971	0.4	345000	9802.620384454727
138	-44.66	-44.66	-35.399998	-7.9964375	14.815814	3.350252	-60.372246	-7.9957013	0.3	347500	9872.672222137451
139	-40.06	-40.06	-32.0	-7.944663	14.7297535	5.767318	-63.631443	-7.9466057	0.5	350000	9940.650297164917
140	-43.32	-43.32	-44.5	-7.8922844	14.576546	4.6513596	-62.50977	-7.8922205	0.2	352500	10010.941257953644
141	-43.58	-43.58	-37.7	-7.8308396	14.516976	7.28332	-60.07146	-7.831502	0.3	355000	10081.52816605568
142	-44.12	-44.12	-42.600002	-7.9304705	14.593687	4.4931173	-62.259	-7.9278274	0.2	357500	10147.954469442368
143	-45.52	-45.52	-44.100002	-7.90669	14.531346	5.5583515	-58.749622	-7.906756	0.2	360000	10218.470843791962
144	-43.58	-43.58	-36.899998	-7.8842735	14.536441	4.580224	-63.917244	-7.8847895	0.3	362500	10285.865475654602
145	-42.96	-42.96	-36.3	-7.9326086	14.571114	3.85204	-62.60129	-7.931873	0.4	365000	10357.587559223175
146	-44.44	-44.44	-37.0	-7.9022574	14.490672	3.4836335	-63.042107	-7.8992505	0.5	367500	10427.050818681717
147	-42.26	-42.26	-48.5	-7.870907	14.404522	2.3570929	-59.627182	-7.8700137	0.0	370000	10496.299173116684
148	-41.64	-41.64	-28.9	-7.8701625	14.354502	6.227638	-66.20162	-7.8711176	0.5	372500	10566.959543943405
149	-43.04	-43.04	-41.600002	-7.7877445	14.133183	7.8775043	-57.80796	-7.785427	0.2	375000	10636.931133508682
150	-43.8	-43.8	-41.2	-7.7503486	14.017507	2.712211	-60.65484	-7.748319	0.3	377500	10708.428312540054
151	-39.94	-39.94	-32.7	-7.7772207	13.980231	3.413999	-61.81107	-7.779037	0.5	380000	10776.259900808334
152	-44.0	-44.0	-32.600002	-7.770698	13.942705	3.5730538	-62.656555	-7.770368	0.5	382500	10844.939785718918
153	-41.28	-41.28	-37.2	-7.702309	13.70868	5.394111	-61.977345	-7.7029366	0.3	385000	10913.13072180748
154	-40.82	-40.82	-32.5	-7.600514	13.553601	3.406672	-61.093853	-7.5989776	0.4	387500	10980.857558012009
155	-37.68	-37.68	-34.899998	-7.6799107	13.698392	4.124086	-63.614723	-7.676778	0.4	390000	11050.14034152031
156	-43.16	-43.16	-33.7	-7.689025	13.699907	3.0611134	-62.54514	-7.6882033	0.4	392500	11118.19282913208
157	-41.66	-41.66	-32.100002	-7.753879	13.848551	3.8583226	-63.841755	-7.7514915	0.5	395000	11187.727025032043
158	-43.26	-43.26	-49.8	-7.8307667	13.93985	3.4757986	-63.729637	-7.831567	0.0	397500	11255.337019205093
159	-39.98	-39.98	-32.2	-7.7823477	13.940863	4.5992618	-72.49817	-7.7823567	0.5	400000	11324.687343597412
160	-39.72	-39.72	-28.2	-7.7666316	13.83503	2.9128556	-79.00501	-7.7674303	0.6	402500	11394.160163164139
161	-43.88	-43.88	-35.8	-7.775071	13.806373	4.7576075	-66.96152	-7.7753563	0.5	405000	11462.30510020256
162	-38.86	-38.86	-31.7	-7.7749543	13.812505	2.9738169	-59.533024	-7.773547	0.5	407500	11531.03176522255
163	-36.36	-36.36	-19.5	-7.7817655	13.839417	6.3797393	-72.0947	-7.783641	0.7	410000	11599.876240968704
164	-38.04	-38.04	-30.3	-7.8133407	13.882507	3.8727784	-61.644142	-7.8162656	0.5	412500	11669.7183573246
165	-38.46	-38.46	-26.2	-7.8776197	13.899122	2.9669266	-75.547165	-7.8795457	0.5	415000	11737.069977283478
166	-36.96	-36.96	-32.0	-7.8820233	13.976999	3.3405442	-62.51668	-7.8843813	0.4	417500	11808.840051174164
167	-37.54	-37.54	-37.0	-7.8449063	13.873843	4.2124577	-63.282913	-7.843762	0.4	420000	11877.661994934082
168	-38.14	-38.14	-35.0	-7.883123	13.909126	4.471286	-62.70359	-7.8843255	0.4	422500	11948.737603664398
169	-40.38	-40.38	-31.2	-7.7784066	13.766386	4.1952343	-62.527966	-7.778826	0.5	425000	12018.536553382874
170	-38.48	-38.48	-40.600002	-7.7992234	13.812189	6.1960874	-62.778687	-7.800318	0.3	427500	12088.052879333496
171	-39.52	-39.52	-31.7	-7.7774053	13.770386	4.9688234	-68.826935	-7.778724	0.5	430000	12158.979323625565
172	-37.06	-37.06	-37.8	-7.812313	13.794892	5.386592	-61.141144	-7.812581	0.3	432500	12227.552329778671
173	-39.34	-39.34	-28.6	-7.80472	13.712358	6.144203	-65.36313	-7.8040843	0.5	435000	12299.2188642025
174	-33.74	-33.74	-33.3	-7.775184	13.668665	3.999908	-56.93238	-7.774918	0.5	437500	12367.498081445694
175	-38.76	-38.76	-27.0	-7.7676253	13.686642	6.280252	-59.18196	-7.76741	0.6	440000	12436.306742668152
176	-39.92	-39.92	-27.8	-7.761148	13.693103	4.435164	-62.92366	-7.7610106	0.6	442500	12506.183560848236
177	-37.18	-37.18	-31.3	-7.7723994	13.723019	7.8274884	-60.69637	-7.772585	0.5	445000	12574.60348033905
178	-38.6	-38.6	-31.4	-7.8125267	13.739307	4.154936	-69.75673	-7.8123984	0.5	447500	12644.49946641922
179	-36.66	-36.66	-35.600002	-7.7755933	13.665028	4.17263	-66.865005	-7.7743397	0.4	450000	12712.920405626297
180	-42.18	-42.18	-34.0	-7.772529	13.6366005	5.042195	-59.590706	-7.7743163	0.4	452500	12781.798100948334
181	-34.2	-34.2	-41.8	-7.767352	13.625932	4.9919066	-67.20701	-7.7675333	0.2	455000	12851.569028377533
182	-38.26	-38.26	-32.5	-7.735146	13.565981	9.620065	-61.827423	-7.733281	0.4	457500	12920.34821009636
183	-36.62	-36.62	-29.1	-7.7017665	13.464345	4.934179	-64.159966	-7.699634	0.6	460000	12989.615522384644
184	-40.34	-40.34	-28.1	-7.6578503	13.418334	5.693554	-63.04432	-7.658172	0.5	462500	13059.21804189682
185	-38.34	-38.34	-36.0	-7.7019286	13.452895	8.952127	-63.467823	-7.699939	0.4	465000	13128.59772348404
186	-34.92	-34.92	-38.399998	-7.6292777	13.339984	5.343225	-60.325962	-7.6306686	0.3	467500	13195.603005886078
187	-38.92	-38.92	-21.199999	-7.6979284	13.426408	4.3743606	-78.368774	-7.696976	0.7	470000	13264.554374217987
188	-34.12	-34.12	-28.1	-7.634816	13.315876	8.15788	-65.910385	-7.6351275	0.4	472500	13334.480492591858
189	-36.94	-36.94	-30.9	-7.598517	13.253692	4.388822	-64.20803	-7.597862	0.5	475000	13402.403911352158
190	-36.54	-36.54	-17.800001	-7.5787797	13.18306	6.653432	-62.518246	-7.5787153	0.8	477500	13472.4535882473
191	-37.42	-37.42	-14.6	-7.512302	13.115146	5.125474	-63.86512	-7.5111995	0.9	480000	13542.331159114838
192	-35.9	-35.9	-21.5	-7.440948	12.9954815	3.8519278	-59.247177	-7.438087	0.7	482500	13611.773821353912
193	-33.62	-33.62	-18.5	-7.390107	12.910704	4.9077106	-60.596424	-7.3925357	0.8	485000	13680.79432606697
194	-36.54	-36.54	-27.4	-7.339421	12.801411	3.6870022	-62.273605	-7.3382554	0.5	487500	13749.100449800491
195	-33.7	-33.7	-19.6	-7.3671765	12.831611	4.5399313	-68.80749	-7.3673835	0.8	490000	13820.502536058426
196	-34.14	-34.14	-21.9	-7.3350916	12.765115	4.3651695	-70.68052	-7.335052	0.6	492500	13891.17580318451
197	-33.22	-33.22	-13.7	-7.306043	12.672055	4.3216295	-61.00569	-7.306176	0.9	495000	13961.022683858871
198	-34.86	-34.86	-27.4	-7.229993	12.581382	5.682845	-63.761406	-7.227364	0.6	497500	14030.59727716446
199	-38.82	-38.82	-15.0	-7.254379	12.614967	5.4244976	-61.24826	-7.2552257	0.9	500000	14099.961787939072
200	-35.24	-35.24	-12.7	-7.2135024	12.586611	5.704404	-74.84243	-7.2130327	0.9	502500	14169.126111984253
201	-35.4	-35.4	-25.8	-7.2351604	12.622369	3.7872834	-62.090126	-7.235222	0.7	505000	14238.051219940186
202	-36.38	-36.38	-26.6	-7.0873785	12.4099	5.211175	-59.19314	-7.085532	0.6	507500	14308.261888027191
203	-38.96	-38.96	-23.199999	-7.060952	12.367814	4.468912	-62.448658	-7.0608673	0.7	510000	14377.209505796432
204	-36.46	-36.46	-11.5	-7.043137	12.345859	4.5296235	-62.139244	-7.0413427	1.0	512500	14448.331025600433
205	-37.34	-37.34	-19.5	-7.0112596	12.329412	6.060421	-63.379772	-7.0115795	0.9	515000	14517.905626535416
206	-35.92	-35.92	-28.9	-6.9999437	12.292456	6.147452	-62.918175	-6.998434	0.6	517500	14589.320060491562
207	-32.36	-32.36	-17.4	-6.9994597	12.269901	4.89673	-60.97887	-6.9999485	0.8	520000	14659.37720823288
208	-32.24	-32.24	-20.0	-6.913084	12.174169	3.459622	-62.84826	-6.9094057	0.7	522500	14729.70182967186
209	-32.48	-32.48	-24.6	-6.8918815	12.168081	3.5033336	-68.0752	-6.8899217	0.7	525000	14800.880437850952
210	-31.5	-31.5	-27.4	-6.8839183	12.157322	4.1636143	-62.21032	-6.884428	0.6	527500	14868.794513940811
211	-31.46	-31.46	-30.6	-6.8565044	12.141795	6.2677546	-60.62181	-6.857336	0.5	530000	14939.668823957443
212	-34.24	-34.24	-24.4	-6.775184	12.047238	4.85318	-64.2291	-6.7755017	0.6	532500	15008.666718959808
213	-38.02	-38.02	-21.9	-6.715781	11.91873	4.6403484	-66.70408	-6.714553	0.7	535000	15078.232823848724
214	-29.76	-29.76	-14.3	-6.718573	11.900706	5.5578566	-61.418644	-6.716569	0.9	537500	15148.233198404312
215	-31.9	-31.9	-22.199999	-6.6528635	11.820231	6.3792295	-59.939816	-6.655059	0.7	540000	15218.584283828735
216	-33.44	-33.44	-25.0	-6.6187167	11.760942	4.591131	-63.68939	-6.616973	0.7	542500	15289.800925254822
217	-32.64	-32.64	-19.300001	-6.529449	11.527006	3.9667268	-61.805473	-6.527698	0.8	545000	15360.238538265228
218	-36.52	-36.52	-17.5	-6.4097753	11.368467	14.048252	-63.76682	-6.4102526	0.7	547500	15429.742291927338
219	-32.24	-32.24	-9.599999	-6.3659153	11.215888	5.852416	-60.697334	-6.364493	1.0	550000	15499.0188164711
220	-32.24	-32.24	-22.4	-6.2949953	11.025541	4.490729	-70.70538	-6.2972317	0.7	552500	15568.957221984863
221	-32.42	-32.42	-15.7	-6.17233	10.8371525	6.673895	-61.84282	-6.1716332	0.8	555000	15639.879474163055
222	-35.28	-35.28	-20.0	-6.1224713	10.7578745	4.8054986	-62.238804	-6.122806	0.7	557500	15709.328174829483
223	-36.72	-36.72	-15.2	-6.058613	10.587852	4.8131495	-64.563965	-6.058391	0.9	560000	15779.778108596802
224	-32.8	-32.8	-11.8	-6.051023	10.532245	4.3756895	-63.50568	-6.0504413	0.9	562500	15850.167830705643
225	-35.04	-35.04	-17.800001	-5.875749	10.249169	10.418739	-61.60118	-5.8752866	0.8	565000	15920.022699594498
226	-37.98	-37.98	-14.4	-5.8275986	10.019338	3.4740925	-68.210625	-5.823394	0.8	567500	15988.925519943237
227	-30.92	-30.92	-17.300001	-5.7264457	9.713735	4.6177187	-62.762016	-5.728217	0.8	570000	16058.651527166367
228	-34.44	-34.44	-15.1	-5.6468463	9.465376	5.3373337	-62.71684	-5.6459355	0.8	572500	16130.029528617859
229	-31.18	-31.18	-16.4	-5.5468507	9.203612	3.1311908	-63.221134	-5.5472255	0.8	575000	16199.758723258972
230	-34.22	-34.22	-17.300001	-5.464941	8.950736	3.513678	-96.3492	-5.4632177	0.8	577500	16270.301995754242
231	-32.62	-32.62	-25.8	-5.4059978	8.763518	4.6337924	-63.559654	-5.4050846	0.6	580000	16341.513329744339
232	-32.78	-32.78	-19.199999	-5.296475	8.568541	4.9384665	-71.02699	-5.2961416	0.9	582500	16411.91826915741
233	-30.3	-30.3	-20.5	-5.307936	8.575017	3.4516468	-64.22308	-5.3074846	0.7	585000	16482.441561222076
234	-32.76	-32.76	-13.6	-5.237806	8.44695	3.4776268	-61.79008	-5.2367992	0.9	587500	16551.37915968895
235	-30.76	-30.76	-25.9	-5.1628394	8.266197	3.876626	-68.49132	-5.1622972	0.6	590000	16623.102841615677
236	-31.68	-31.68	-12.8	-5.146704	8.26651	4.2366824	-66.826126	-5.1457615	0.9	592500	16693.53597688675
237	-33.94	-33.94	-15.0	-5.132975	8.192732	6.367747	-57.922752	-5.1337137	0.8	595000	16765.250627994537
238	-30.36	-30.36	-13.5	-5.037119	7.964249	3.3739219	-71.85875	-5.035622	0.9	597500	16834.416908979416
239	-27.8	-27.8	-23.8	-4.9734826	7.8218083	3.984511	-61.24131	-4.975185	0.6	600000	16904.8807387352
240	-29.7	-29.7	-24.2	-4.951463	7.765924	4.675717	-62.194317	-4.9521976	0.6	602500	16974.363942861557
241	-29.72	-29.72	-20.6	-4.899369	7.6805186	3.2459989	-69.73164	-4.8985248	0.8	605000	17045.005169391632
242	-28.94	-28.94	-18.300001	-4.8254714	7.5491	4.288877	-83.89633	-4.8243375	0.8	607500	17117.187308073044
243	-31.66	-31.66	-17.9	-4.779881	7.465798	3.9193444	-62.691383	-4.777785	0.8	610000	17186.99382328987
244	-29.66	-29.66	-19.6	-4.752582	7.419685	4.240465	-63.28876	-4.7526073	0.7	612500	17256.99829173088
245	-30.16	-30.16	-18.800001	-4.6857204	7.324564	4.2309003	-61.236713	-4.68387	0.7	615000	17328.782689332962
246	-26.8	-26.8	-14.5	-4.693115	7.309914	5.387395	-68.70075	-4.692677	0.9	617500	17399.117727041245
247	-33.18	-33.18	-19.800001	-4.646366	7.23699	3.328825	-68.2952	-4.6454473	0.7	620000	17469.75549721718
248	-34.58	-34.58	-13.7	-4.6865954	7.247214	5.028917	-63.230232	-4.684994	0.8	622500	17538.917582035065
249	-33.7	-33.7	-14.8	-4.671222	7.253691	4.636644	-63.82742	-4.6715293	0.9	625000	17609.172055721283
250	-32.16	-32.16	-12.4	-4.6500597	7.1753907	3.3301458	-63.94348	-4.6493115	0.9	627500	17679.38860154152
251	-33.04	-33.04	-17.300001	-4.637464	7.124059	4.947936	-64.05024	-4.638217	0.8	630000	17746.09905409813
252	-33.8	-33.8	-16.800001	-4.6016703	7.078623	4.7467766	-61.075123	-4.599923	0.8	632500	17817.03280878067
253	-31.38	-31.38	-15.3	-4.577468	7.0402355	3.6136994	-60.873154	-4.5764666	0.9	635000	17886.54911017418
254	-35.58	-35.58	-18.199999	-4.5945144	7.025174	8.644162	-65.45486	-4.59449	0.8	637500	17956.144070625305
255	-26.7	-26.7	-11.7	-4.5904737	7.0134773	2.5622697	-66.80298	-4.5891685	0.9	640000	18027.86497235298
256	-32.22	-32.22	-20.1	-4.554486	6.956312	3.9345393	-63.101093	-4.554691	0.7	642500	18098.80246400833
257	-29.64	-29.64	-14.1	-4.5524235	6.901302	3.088974	-64.697525	-4.5512047	0.9	645000	18171.409443616867
258	-32.3	-32.3	-20.9	-4.5256114	6.877012	2.8474107	-64.33212	-4.5244393	0.7	647500	18242.495496749878
259	-29.42	-29.42	-15.7	-4.519693	6.869913	2.7405567	-65.54677	-4.519804	0.9	650000	18314.215060710907
260	-28.32	-28.32	-15.7	-4.485609	6.761679	4.515851	-61.405834	-4.4856744	0.9	652500	18385.159891605377
261	-31.9	-31.9	-10.599999	-4.4339547	6.70499	3.2306843	-66.35871	-4.433248	1.0	655000	18457.60157585144
262	-35.68	-35.68	-10.0	-4.4067225	6.6429677	3.960279	-62.803192	-4.407001	1.0	657500	18527.93999004364
263	-31.16	-31.16	-13.0	-4.370032	6.556512	3.9321861	-60.982216	-4.3693843	0.9	660000	18597.62140607834
264	-30.86	-30.86	-9.2	-4.380819	6.5906067	3.7534518	-86.07851	-4.38412	1.0	662500	18667.43903207779
265	-32.98	-32.98	-7.2	-4.355701	6.5149937	3.4657226	-68.99743	-4.355295	1.0	665000	18736.87953209877
266	-36.22	-36.22	-11.8	-4.344305	6.4715824	2.3334122	-67.05995	-4.34361	1.0	667500	18807.884558677673
267	-32.8	-32.8	-10.400001	-4.318008	6.4304075	5.1660743	-69.48137	-4.3189225	1.0	670000	18877.62716960907
268	-31.56	-31.56	-10.8	-4.3326154	6.423261	3.7570338	-61.139614	-4.3315964	1.0	672500	18946.593336582184
269	-33.28	-33.28	-8.2	-4.290625	6.324211	4.4099946	-66.5503	-4.288827	1.0	675000	19018.64877653122
270	-32.32	-32.32	-12.3	-4.290538	6.321265	4.634135	-60.4126	-4.2914853	1.0	677500	19089.01421046257
271	-31.02	-31.02	-15.8	-4.3212633	6.3376775	4.7320137	-62.89248	-4.3204823	0.9	680000	19160.928380966187
272	-30.84	-30.84	-12.4	-4.3214703	6.3805737	3.3950272	-66.29873	-4.3191175	1.0	682500	19231.438097953796
273	-32.08	-32.08	-12.3	-4.302569	6.3368344	3.5749135	-63.547283	-4.3043942	0.9	685000	19302.769498348236
274	-30.2	-30.2	-11.2	-4.279837	6.3202195	4.8948817	-67.57048	-4.27938	0.9	687500	19373.208557367325
275	-29.32	-29.32	-9.099999	-4.250938	6.2665477	3.3728514	-65.2973	-4.250366	1.0	690000	19443.432995080948
276	-31.16	-31.16	-14.9	-4.2807426	6.3089147	3.4665437	-65.07932	-4.2810316	0.9	692500	19513.415078878403
277	-29.76	-29.76	-9.400001	-4.272706	6.258214	4.5974927	-62.681484	-4.271059	1.0	695000	19583.0068962574
278	-29.82	-29.82	-13.7	-4.254499	6.2042785	3.7283926	-72.25582	-4.25365	0.9	697500	19653.053855895996
279	-26.8	-26.8	-11.3	-4.2544765	6.203651	2.5054278	-82.50931	-4.2528253	1.0	700000	19722.656153440475
280	-30.06	-30.06	-9.0	-4.2520695	6.1938314	2.7292657	-65.541084	-4.253177	1.0	702500	19792.115952014923
281	-29.3	-29.3	-9.900001	-4.207437	6.118817	3.0989857	-66.96632	-4.207181	1.0	705000	19863.385328531265
282	-29.52	-29.52	-8.7	-4.1925454	6.0847554	3.4998164	-70.13452	-4.191685	1.0	707500	19932.71643257141
283	-27.16	-27.16	-10.5	-4.209523	6.082878	3.403555	-66.16643	-4.211155	1.0	710000	20003.11298441887
284	-31.56	-31.56	-10.900001	-4.2001605	6.067108	3.9713445	-63.731884	-4.2005353	1.0	712500	20072.97864985466
285	-33.68	-33.68	-9.8	-4.2030325	6.063314	3.0341506	-70.16217	-4.203397	1.0	715000	20142.98926258087
286	-28.24	-28.24	-8.900001	-4.2080297	6.05043	2.722733	-63.6425	-4.209906	0.9	717500	20212.69947886467
287	-28.86	-28.86	-11.5	-4.188125	5.993346	4.5615177	-68.88562	-4.1885104	1.0	720000	20283.416430473328
288	-27.94	-27.94	-9.2	-4.1491113	5.908316	5.923641	-61.73617	-4.1500998	1.0	722500	20353.6007540226
289	-30.68	-30.68	-9.900001	-4.157611	5.9130297	9.054494	-69.49364	-4.158907	1.0	725000	20420.92853450775
290	-26.72	-26.72	-7.6	-4.142318	5.8828444	2.9418058	-68.76943	-4.1418	1.0	727500	20491.38041305542
291	-25.84	-25.84	-10.900001	-4.0920916	5.813405	4.6818743	-67.63759	-4.0912843	1.0	730000	20561.733335971832
292	-31.98	-31.98	-11.2	-4.125792	5.8920555	3.942484	-72.38977	-4.1243715	1.0	732500	20632.21388721466
293	-31.96	-31.96	-10.900001	-4.1342463	5.8761535	3.6389976	-72.547264	-4.1347594	1.0	735000	20701.406443357468
294	-29.28	-29.28	-10.3	-4.1263685	5.8284035	4.238724	-81.031555	-4.126106	1.0	737500	20770.574576616287
295	-31.22	-31.22	-9.7	-4.1293364	5.8199425	3.6825156	-63.964676	-4.128361	1.0	740000	20841.51482963562
296	-29.84	-29.84	-12.1	-4.118814	5.837591	3.9323978	-64.36822	-4.1211452	1.0	742500	20911.648557186127
297	-28.18	-28.18	-10.099999	-4.120805	5.829275	4.272426	-83.75804	-4.120015	1.0	745000	20983.48747110367
298	-31.7	-31.7	-10.0	-4.1451063	5.8730717	4.060033	-66.26379	-4.1440644	0.9	747500	21054.812927007675
299	-28.8	-28.8	-10.400001	-4.1598496	5.839237	4.479662	-61.784733	-4.1602397	1.0	750000	21125.144072532654
300	-29.68	-29.68	-10.0	-4.168688	5.8095007	2.623941	-67.76	-4.1670322	1.0	752500	21196.800173521042
301	-25.44	-25.44	-11.0	-4.1631365	5.7578664	4.7996664	-67.685875	-4.165118	1.0	755000	21266.686489105225
302	-31.94	-31.94	-9.8	-4.163473	5.7609	3.0841117	-75.11152	-4.164553	1.0	757500	21337.399673223495
303	-24.78	-24.78	-11.0	-4.179255	5.7745724	2.8519607	-68.49397	-4.179842	1.0	760000	21405.938871383667
304	-25.78	-25.78	-9.3	-4.1712728	5.7305107	4.5147243	-63.07006	-4.1714606	1.0	762500	21475.456983804703
305	-29.02	-29.02	-11.0	-4.1800833	5.7491198	2.874971	-64.65818	-4.178756	1.0	765000	21545.80570101738
306	-29.52	-29.52	-11.8	-4.112015	5.634162	3.7969232	-65.57658	-4.1120768	1.0	767500	21614.17432999611
307	-29.22	-29.22	-10.599999	-4.101609	5.70491	4.508584	-61.46998	-4.100065	1.0	770000	21684.606313943863
308	-34.0	-34.0	-12.3	-4.089057	5.6994414	3.2936554	-62.36839	-4.0904408	1.0	772500	21753.28519821167
309	-27.34	-27.34	-7.6	-4.113953	5.757021	2.781138	-63.921764	-4.1136174	1.0	775000	21822.97922873497
310	-30.26	-30.26	-8.3	-4.0639606	5.681689	3.2711415	-70.04344	-4.0648365	1.0	777500	21891.99904203415
311	-29.12	-29.12	-10.400001	-4.0766964	5.644287	6.055211	-60.773846	-4.0759706	1.0	780000	21962.77766776085
312	-31.76	-31.76	-10.900001	-4.1187925	5.6676145	3.499772	-64.853294	-4.119182	1.0	782500	22032.532997608185
313	-26.5	-26.5	-11.599999	-4.1153893	5.6951632	5.3522267	-62.5016	-4.1167264	1.0	785000	22101.789193868637
314	-26.82	-26.82	-9.8	-4.128422	5.718207	3.8203483	-65.10595	-4.127194	1.0	787500	22173.408242702484
315	-28.5	-28.5	-7.6	-4.1188183	5.680516	7.086788	-62.4131	-4.120295	1.0	790000	22242.87981390953
316	-31.4	-31.4	-10.900001	-4.172175	5.7474318	5.418665	-67.69209	-4.1737623	1.0	792500	22314.676152706146
317	-26.7	-26.7	-7.9	-4.1842446	5.7028685	7.9587145	-70.51137	-4.1835694	1.0	795000	22382.00970172882
318	-30.8	-30.8	-9.3	-4.1604886	5.7242923	3.6831384	-87.618004	-4.1595426	1.0	797500	22452.59381866455
319	-28.28	-28.28	-8.7	-4.1304755	5.6298304	6.1200714	-65.32549	-4.130487	1.0	800000	22520.451199769974
320	-30.9	-30.9	-11.2	-4.1455755	5.7105937	3.4235592	-60.247	-4.145392	1.0	802500	22591.002030849457
321	-27.88	-27.88	-11.2	-4.1371236	5.724389	4.455565	-66.02898	-4.137687	1.0	805000	22662.18984723091
322	-30.46	-30.46	-6.8	-4.15222	5.7438273	4.6231284	-61.267	-4.151932	1.0	807500	22730.4123108387
323	-28.84	-28.84	-12.0	-4.127282	5.6988397	4.4408917	-64.59445	-4.1272254	1.0	810000	22800.969140291214
324	-27.26	-27.26	-10.0	-4.1245065	5.665331	5.176161	-62.476997	-4.1236978	1.0	812500	22870.92815542221
325	-31.62	-31.62	-11.599999	-4.105382	5.6566534	4.2056036	-63.796074	-4.104766	1.0	815000	22938.75589966774
326	-31.16	-31.16	-7.2	-4.1415844	5.6520615	3.5664883	-66.403625	-4.140826	1.0	817500	23010.00814151764
327	-29.64	-29.64	-13.2	-4.1390705	5.671628	5.0314655	-72.96782	-4.137324	1.0	820000	23079.143639087677
328	-29.66	-29.66	-11.0	-4.1668763	5.6618633	4.194709	-74.20098	-4.16538	1.0	822500	23148.630516767502
329	-27.58	-27.58	-8.3	-4.1439576	5.652113	3.1709576	-63.876854	-4.143317	1.0	825000	23218.64574956894
330	-28.88	-28.88	-9.5	-4.099774	5.5719595	5.6742854	-62.006405	-4.0988884	1.0	827500	23290.54046535492
331	-30.64	-30.64	-9.0	-4.0878205	5.573189	3.9875245	-73.11908	-4.0877266	1.0	830000	23358.067245721817
332	-31.52	-31.52	-9.3	-4.101299	5.5712705	4.9615097	-64.46186	-4.100691	1.0	832500	23427.497695684433
333	-32.44	-32.44	-12.5	-4.146467	5.617608	4.782075	-63.87647	-4.146375	1.0	835000	23497.718227624893
334	-31.94	-31.94	-10.8	-4.116186	5.572011	2.84026	-64.98695	-4.1149087	1.0	837500	23566.306789398193
335	-28.76	-28.76	-9.3	-4.1518574	5.625587	3.8705854	-64.08645	-4.152173	1.0	840000	23636.471625089645
336	-28.0	-28.0	-8.2	-4.192175	5.666933	4.947038	-69.49218	-4.1935554	1.0	842500	23705.591926813126
337	-29.62	-29.62	-11.2	-4.197957	5.6784534	3.710908	-62.585987	-4.196165	1.0	845000	23776.347530841827
338	-31.4	-31.4	-8.8	-4.2118173	5.707762	3.5828528	-65.97926	-4.21135	1.0	847500	23845.5598859787
339	-32.38	-32.38	-13.6	-4.1899343	5.6689215	3.498547	-67.717026	-4.1871457	0.9	850000	23914.862659931183
340	-30.34	-30.34	-11.599999	-4.1608267	5.6467185	4.360394	-64.38378	-4.162371	1.0	852500	23986.374892950058
341	-30.18	-30.18	-7.6	-4.182342	5.6627007	5.9163923	-64.01034	-4.1847796	1.0	855000	24056.738076210022
342	-28.86	-28.86	-15.7	-4.1705136	5.6601005	3.2430968	-60.791115	-4.1711125	0.9	857500	24128.905990362167
343	-29.08	-29.08	-9.2	-4.127888	5.561234	2.471488	-59.094685	-4.127938	1.0	860000	24199.843867778778
344	-32.56	-32.56	-11.3	-4.1541753	5.6252775	3.6272783	-66.12912	-4.1534667	1.0	862500	24270.193184137344
345	-29.32	-29.32	-9.2	-4.1515384	5.598023	3.779646	-65.05248	-4.1532283	1.0	865000	24340.78033566475
346	-30.32	-30.32	-9.7	-4.194194	5.650307	4.1652555	-59.260952	-4.1956196	1.0	867500	24410.566876649857
347	-32.88	-32.88	-11.0	-4.23735	5.730048	4.0168037	-74.88057	-4.23709	1.0	870000	24480.942553281784
348	-33.56	-33.56	-10.900001	-4.1948123	5.7305865	2.876999	-64.873146	-4.1942825	1.0	872500	24550.123673915863
349	-29.42	-29.42	-12.9	-4.260957	5.834276	3.1524372	-60.750473	-4.2601495	1.0	875000	24621.07492828369
350	-29.36	-29.36	-14.3	-4.2446656	5.8188987	3.372902	-61.791176	-4.2429867	0.9	877500	24689.745871305466
351	-31.96	-31.96	-11.5	-4.2346687	5.778641	1.9097424	-64.4259	-4.2352133	1.0	880000	24758.945833444595
352	-32.24	-32.24	-9.7	-4.3027644	5.8682656	4.265527	-67.004425	-4.3016453	1.0	882500	24829.903129816055
353	-30.64	-30.64	-12.1	-4.2498355	5.8104496	3.1567545	-69.09762	-4.2490826	1.0	885000	24898.932378053665
354	-33.58	-33.58	-11.3	-4.229382	5.752419	3.3967848	-59.988552	-4.2291646	1.0	887500	24969.02099299431
355	-30.98	-30.98	-14.8	-4.2789483	5.832212	6.6477375	-65.434814	-4.280798	0.9	890000	25039.908393621445
356	-28.06	-28.06	-8.7	-4.253223	5.8367553	2.8781595	-64.64128	-4.2533	1.0	892500	25109.631897211075
357	-28.56	-28.56	-13.0	-4.2216053	5.782748	3.2161407	-65.710304	-4.22119	0.9	895000	25178.11324071884
358	-28.94	-28.94	-9.400001	-4.195377	5.7578464	6.5113726	-65.05864	-4.195192	1.0	897500	25247.69074678421
359	-33.46	-33.46	-10.2	-4.201138	5.796734	5.9906006	-58.804066	-4.1991587	1.0	900000	25319.005886793137
360	-29.18	-29.18	-9.5	-4.2134557	5.8410916	5.474592	-66.75972	-4.214185	1.0	902500	25388.47193288803
361	-31.54	-31.54	-11.9	-4.252613	5.8980694	3.0722256	-67.726814	-4.2524133	1.0	905000	25458.72707247734
362	-30.18	-30.18	-9.2	-4.2529745	5.9141865	3.6581154	-70.21414	-4.25344	1.0	907500	25528.31125807762
363	-34.52	-34.52	-11.099999	-4.3152223	5.946568	4.6947184	-70.5741	-4.315331	1.0	910000	25598.819010972977
364	-29.3	-29.3	-8.900001	-4.3211007	6.026761	3.701867	-66.677086	-4.321663	1.0	912500	25669.273463249207
365	-34.5	-34.5	-7.9	-4.3130455	5.938917	3.1326733	-75.538445	-4.3128805	1.0	915000	25738.91205716133
366	-33.88	-33.88	-10.8	-4.320763	5.9353666	3.9771118	-77.880104	-4.3211246	1.0	917500	25808.955724954605
367	-29.6	-29.6	-12.5	-4.2892	5.9264245	3.22608	-66.58014	-4.2908854	1.0	920000	25877.776229143143
368	-32.84	-32.84	-18.6	-4.2614317	5.8942184	5.528967	-65.02145	-4.2613277	0.8	922500	25948.26270198822
369	-31.66	-31.66	-11.2	-4.2685003	5.8821015	4.7540846	-63.10753	-4.2667217	1.0	925000	26019.021769046783
370	-31.8	-31.8	-9.099999	-4.2826705	5.9565744	5.89635	-69.25198	-4.2819834	1.0	927500	26088.91839504242
371	-31.3	-31.3	-9.099999	-4.2867208	5.9165416	3.139782	-65.8862	-4.288197	1.0	930000	26161.980291366577
372	-30.34	-30.34	-12.4	-4.3196445	5.946951	5.1944723	-61.879917	-4.3201947	0.9	932500	26231.662868738174
373	-28.38	-28.38	-10.8	-4.373853	6.051138	3.7945547	-72.32987	-4.3721695	1.0	935000	26302.60039663315
374	-34.6	-34.6	-9.5	-4.389582	6.0295315	4.343029	-75.90774	-4.388188	0.9	937500	26372.453756809235
375	-34.56	-34.56	-7.7	-4.3907948	6.061314	4.5799665	-70.45233	-4.3899546	1.0	940000	26443.93443417549
376	-26.62	-26.62	-10.2	-4.3835096	6.0419955	4.183609	-62.461548	-4.383368	1.0	942500	26515.020936489105
377	-30.86	-30.86	-13.6	-4.4315805	6.1371727	7.167527	-68.423134	-4.433948	1.0	945000	26585.610515356064
378	-31.48	-31.48	-10.900001	-4.397823	6.0709543	4.5516367	-64.03134	-4.3982043	1.0	947500	26657.33196234703
379	-32.16	-32.16	-11.2	-4.3952427	6.035407	4.5844355	-68.9914	-4.3962765	1.0	950000	26726.088200330734
380	-28.72	-28.72	-11.099999	-4.3649216	6.0879993	5.736866	-63.33529	-4.365043	1.0	952500	26797.38535284996
381	-31.02	-31.02	-10.7	-4.2936506	5.947451	4.783242	-64.35756	-4.2912507	1.0	955000	26867.591656923294
382	-30.9	-30.9	-14.1	-4.350724	5.958975	7.0979214	-65.728325	-4.3506937	0.9	957500	26939.546944141388
383	-31.18	-31.18	-10.2	-4.4214253	6.1010084	4.0248003	-62.617603	-4.423326	1.0	960000	27010.740454673767
384	-30.76	-30.76	-9.5	-4.431299	6.104036	3.3249435	-78.34645	-4.430608	1.0	962500	27081.107964992523
385	-31.8	-31.8	-12.7	-4.398328	6.0624914	4.7510643	-65.181366	-4.3973455	1.0	965000	27154.299785375595
386	-32.54	-32.54	-9.7	-4.380048	6.0751944	3.5021667	-61.37454	-4.3812137	1.0	967500	27224.93808865547
387	-32.68	-32.68	-11.7	-4.392767	6.1296644	3.8475647	-69.04198	-4.3932643	1.0	970000	27294.86529970169
388	-31.06	-31.06	-7.1	-4.449867	6.1472654	4.8763742	-71.637535	-4.4486976	1.0	972500	27366.140530109406
389	-33.06	-33.06	-12.8	-4.457634	6.1856985	5.248624	-62.516598	-4.458332	0.9	975000	27437.115412712097
390	-30.76	-30.76	-9.3	-4.4073043	6.114995	5.2864685	-74.173676	-4.4067845	1.0	977500	27509.545043945312
391	-31.98	-31.98	-8.3	-4.413514	6.1018343	6.259598	-76.63239	-4.414209	1.0	980000	27582.77031493187
392	-32.78	-32.78	-11.2	-4.40534	6.0636606	4.8450146	-62.33901	-4.405903	1.0	982500	27654.13565802574
393	-29.92	-29.92	-11.2	-4.3883443	6.061585	4.6410484	-65.610504	-4.3864307	1.0	985000	27726.635783195496
394	-30.1	-30.1	-8.3	-4.3879437	6.0844307	3.7049599	-66.861496	-4.3891225	1.0	987500	27796.24747776985
395	-33.04	-33.04	-5.6	-4.443883	6.112996	5.3356724	-61.880085	-4.444974	1.0	990000	27866.8563952446
396	-33.02	-33.02	-11.099999	-4.473688	6.16181	5.873728	-69.37527	-4.474106	0.9	992500	27936.826028347015
397	-31.92	-31.92	-9.099999	-4.4785547	6.1842947	5.749404	-67.20076	-4.477586	1.0	995000	28005.520901679993
398	-31.4	-31.4	-9.400001	-4.44189	6.1156063	6.253437	-67.18304	-4.4426074	0.9	997500	28078.065717697144
399	-33.96	-33.96	-10.400001	-4.439931	6.1166215	4.8465757	-73.75093	-4.4401197	1.0	1000000	28148.69863343239
400	-32.36	-32.36	-8.400001	-4.457435	6.088011	6.1145267	-93.83641	-4.458881	1.0	1002500	28220.580706357956
401	-27.06	-27.06	-9.900001	-4.4151545	6.1246204	6.614292	-78.896545	-4.4164414	1.0	1005000	28291.828305721283
402	-30.62	-30.62	-14.2	-4.3987823	6.0125833	6.4519243	-65.54141	-4.4004045	0.9	1007500	28363.48928976059
403	-28.78	-28.78	-8.2	-4.4102716	6.0256395	5.747117	-68.98801	-4.41103	1.0	1010000	28436.127232313156
404	-29.56	-29.56	-10.900001	-4.4144692	6.071157	4.232711	-69.67545	-4.4144664	0.9	1012500	28507.80791258812
405	-27.62	-27.62	-8.0	-4.3528056	5.986057	5.9377127	-63.511936	-4.354488	1.0	1015000	28579.86351275444
406	-29.16	-29.16	-8.7	-4.3694296	5.9917917	5.9269667	-59.33466	-4.3679347	1.0	1017500	28651.30078625679
407	-30.96	-30.96	-9.099999	-4.448207	6.1199284	3.8721666	-70.36867	-4.4449387	1.0	1020000	28722.982561588287
408	-29.72	-29.72	-8.7	-4.4569917	6.146242	5.578621	-59.51301	-4.457351	1.0	1022500	28795.236712694168
409	-31.62	-31.62	-9.5	-4.446512	6.104332	4.230054	-64.13432	-4.4464316	1.0	1025000	28866.26014137268
410	-31.42	-31.42	-9.599999	-4.4245605	6.091158	4.246787	-67.45541	-4.4237137	1.0	1027500	28939.32821083069
411	-27.68	-27.68	-10.0	-4.481318	6.0934324	5.068815	-62.492348	-4.4810696	1.0	1030000	29010.27424287796
412	-30.22	-30.22	-10.5	-4.532347	6.1984525	4.3994436	-71.769005	-4.534026	1.0	1032500	29082.680470466614
413	-31.84	-31.84	-13.4	-4.548927	6.252443	3.9086237	-60.231976	-4.546857	0.9	1035000	29155.89183497429
414	-34.32	-34.32	-10.7	-4.549117	6.251585	4.872283	-69.30862	-4.547909	1.0	1037500	29227.336451292038
415	-33.9	-33.9	-11.0	-4.580135	6.3255754	4.423463	-71.85281	-4.5790033	1.0	1040000	29301.91052532196
416	-27.64	-27.64	-9.400001	-4.489321	6.239894	5.1263676	-61.799656	-4.4894166	1.0	1042500	29374.579652309418
417	-31.32	-31.32	-12.5	-4.4567904	6.1975083	6.7138395	-71.1778	-4.4576707	0.9	1045000	29444.673704385757
418	-30.76	-30.76	-12.4	-4.438393	6.1947813	4.508566	-68.3462	-4.4365144	0.9	1047500	29514.337861776352
419	-26.94	-26.94	-10.2	-4.472665	6.2681603	6.035551	-74.46181	-4.4751782	1.0	1050000	29584.158652067184
420	-29.74	-29.74	-10.2	-4.4706473	6.1866226	5.479803	-61.845917	-4.4714227	1.0	1052500	29652.86562538147
421	-32.48	-32.48	-9.2	-4.481312	6.1817317	8.443742	-72.93799	-4.4795384	1.0	1055000	29720.63160419464
422	-31.3	-31.3	-8.400001	-4.520751	6.1801667	5.025529	-73.69309	-4.520426	1.0	1057500	29789.58105826378
423	-27.4	-27.4	-8.3	-4.521806	6.2247477	6.0863495	-63.654858	-4.5220766	1.0	1060000	29858.39715576172
424	-29.84	-29.84	-9.400001	-4.522856	6.2754354	8.271818	-69.68866	-4.520312	1.0	1062500	29926.283928632736
425	-29.16	-29.16	-8.7	-4.498757	6.22241	6.3314867	-65.83799	-4.499275	1.0	1065000	29997.6101231575
426	-31.32	-31.32	-11.099999	-4.460079	6.1273246	6.5954504	-62.19431	-4.4594007	1.0	1067500	30068.532286405563
427	-31.84	-31.84	-9.8	-4.501802	6.1810174	6.552183	-59.43284	-4.502154	1.0	1070000	30139.832247018814
428	-27.28	-27.28	-10.3	-4.545224	6.294396	4.7840853	-74.82078	-4.5452666	1.0	1072500	30211.49901342392
429	-31.54	-31.54	-10.3	-4.5001082	6.2241297	4.8778906	-68.531624	-4.5015507	1.0	1075000	30281.12540745735
430	-32.66	-32.66	-11.9	-4.5215783	6.266518	8.058531	-66.55491	-4.52187	1.0	1077500	30352.47519183159
431	-27.24	-27.24	-15.1	-4.4923296	6.198533	6.37605	-72.95822	-4.4896626	0.9	1080000	30422.416952371597
432	-31.54	-31.54	-7.2	-4.5160604	6.275221	5.444314	-63.067795	-4.515549	1.0	1082500	30491.587743997574
433	-28.5	-28.5	-10.2	-4.4792743	6.1579866	3.7682972	-67.030655	-4.4782457	1.0	1085000	30561.19237136841
434	-31.22	-31.22	-9.5	-4.421366	6.1592107	4.710677	-96.079575	-4.421351	1.0	1087500	30630.41981935501
435	-31.84	-31.84	-11.3	-4.402215	6.038888	4.475999	-68.98938	-4.400309	0.9	1090000	30699.921655893326
436	-30.74	-30.74	-9.3	-4.412906	6.0405636	6.390402	-71.07512	-4.412815	1.0	1092500	30769.007421016693
437	-31.5	-31.5	-10.2	-4.461715	6.0945582	3.9296074	-64.24393	-4.4623394	1.0	1095000	30837.459139585495
438	-28.66	-28.66	-8.900001	-4.4458833	6.1237726	11.261959	-69.65342	-4.445095	1.0	1097500	30908.14013028145
439	-28.66	-28.66	-10.2	-4.3896027	6.0390525	5.976922	-88.42336	-4.3897095	1.0	1100000	30978.40051484108
440	-28.2	-28.2	-10.2	-4.403601	6.0113583	4.725005	-66.009155	-4.4028244	1.0	1102500	31047.486533403397
441	-30.7	-30.7	-9.599999	-4.4157796	6.081211	4.777857	-63.772987	-4.4155574	1.0	1105000	31115.821011543274
442	-32.92	-32.92	-9.900001	-4.443209	6.0575542	4.210658	-62.221947	-4.443613	1.0	1107500	31184.919645786285
443	-31.38	-31.38	-11.0	-4.4376926	6.0851083	5.5572214	-69.53808	-4.4372277	1.0	1110000	31254.307475805283
444	-27.92	-27.92	-8.599999	-4.400381	6.0720487	3.5197554	-61.72407	-4.399195	1.0	1112500	31322.35336446762
445	-31.18	-31.18	-8.5	-4.39668	6.0346346	7.169325	-64.00035	-4.3939004	1.0	1115000	31390.477049827576
446	-33.56	-33.56	-9.400001	-4.400147	6.0562916	5.891061	-67.44069	-4.4015117	1.0	1117500	31457.316997766495
447	-31.0	-31.0	-8.8	-4.378026	6.0318832	5.3853226	-64.87335	-4.3771143	0.9	1120000	31524.852417230606
448	-31.0	-31.0	-12.5	-4.401042	6.0738297	7.8047657	-72.25619	-4.4009504	1.0	1122500	31591.387815237045
449	-30.88	-30.88	-9.3	-4.4212613	6.091948	5.779623	-63.920876	-4.4206934	1.0	1125000	31653.11384820938
450	-27.04	-27.04	-11.400001	-4.3566785	6.01976	5.48219	-61.03384	-4.3574347	1.0	1127500	31713.29042863846
451	-31.58	-31.58	-10.400001	-4.2843227	5.923083	5.8200703	-67.715294	-4.2843566	1.0	1130000	31769.069591522217
452	-32.82	-32.82	-8.2	-4.2927165	5.9235864	5.305705	-71.69942	-4.2918377	1.0	1132500	31824.9177877903
453	-33.72	-33.72	-9.7	-4.2902937	5.928128	5.108115	-62.36921	-4.291704	1.0	1135000	31877.433099508286
454	-27.98	-27.98	-11.599999	-4.299412	5.9660788	4.49638	-61.96133	-4.2991114	1.0	1137500	31931.05864882469
455	-35.38	-35.38	-9.0	-4.342625	6.0249515	6.1292067	-68.458824	-4.3426547	1.0	1140000	31984.303698062897
456	-26.98	-26.98	-12.5	-4.3295903	6.078214	5.3715515	-63.400524	-4.332137	0.9	1142500	32037.128064870834
457	-30.42	-30.42	-12.6	-4.278804	5.935201	5.756156	-68.84716	-4.2800465	0.9	1145000	32089.95329141617
458	-29.78	-29.78	-11.5	-4.321754	6.0416255	5.6964493	-83.53088	-4.3206325	0.9	1147500	32142.167026519775
459	-32.5	-32.5	-10.5	-4.279312	5.9810104	6.157035	-66.462234	-4.2799826	0.9	1150000	32192.975413560867
460	-28.44	-28.44	-7.5	-4.3101554	5.9367256	5.3962755	-66.78864	-4.310511	1.0	1152500	32247.263591766357
461	-32.86	-32.86	-10.400001	-4.30813	5.987634	8.877084	-75.81129	-4.3097816	1.0	1155000	32300.66032886505
462	-30.32	-30.32	-11.8	-4.2367234	5.911559	5.2502584	-64.656845	-4.2368937	1.0	1157500	32351.41457772255
463	-30.66	-30.66	-11.599999	-4.2399855	5.877115	7.9034977	-69.08561	-4.238138	1.0	1160000	32403.53469824791
464	-32.02	-32.02	-10.599999	-4.2307334	5.8859453	10.621801	-76.54268	-4.229478	1.0	1162500	32456.258355140686
465	-31.04	-31.04	-12.6	-4.2117476	5.8557477	7.4598923	-62.06817	-4.210139	1.0	1165000	32508.67859840393
466	-28.84	-28.84	-11.0	-4.240609	5.8327003	3.9644623	-66.63243	-4.2405505	1.0	1167500	32559.55852985382
467	-29.2	-29.2	-8.599999	-4.2336617	5.867177	4.3013935	-60.392307	-4.2340302	1.0	1170000	32612.659769296646
468	-30.7	-30.7	-8.3	-4.2570367	5.883623	6.664109	-77.47522	-4.257362	1.0	1172500	32665.624655008316
469	-32.92	-32.92	-8.599999	-4.171985	5.7492104	6.979746	-65.25083	-4.171392	1.0	1175000	32718.270893096924
470	-30.74	-30.74	-10.099999	-4.239305	5.870425	5.8365097	-60.98535	-4.239942	1.0	1177500	32769.74908399582
471	-31.24	-31.24	-9.7	-4.24603	5.8325624	6.0089493	-64.90329	-4.2479696	1.0	1180000	32822.47742176056
472	-35.3	-35.3	-8.099999	-4.197126	5.869669	6.8359804	-63.07116	-4.1969347	1.0	1182500	32874.156009197235
473	-27.44	-27.44	-11.2	-4.198329	5.7834673	8.125263	-69.3036	-4.19808	1.0	1185000	32926.2169880867
474	-28.24	-28.24	-10.5	-4.1728177	5.710555	4.553583	-65.06935	-4.172674	1.0	1187500	32978.411596775055
475	-28.94	-28.94	-7.9	-4.1986957	5.790783	6.44606	-59.852276	-4.1995254	1.0	1190000	33031.85240483284
476	-33.08	-33.08	-9.0	-4.2031026	5.836202	7.0060387	-62.966774	-4.2020655	1.0	1192500	33084.53248667717
477	-31.08	-31.08	-12.3	-4.2144465	5.8867188	9.596003	-64.90787	-4.2142496	1.0	1195000	33139.359157800674
478	-28.52	-28.52	-9.5	-4.105589	5.7222605	5.0455856	-73.842606	-4.105776	1.0	1197500	33192.31456589699
479	-30.3	-30.3	-10.0	-4.165745	5.7508907	7.2658663	-66.43013	-4.1656995	1.0	1200000	33245.03352975845
480	-27.28	-27.28	-14.2	-4.1643023	5.730631	6.2824764	-69.724686	-4.165256	0.9	1202500	33298.60870265961
481	-32.92	-32.92	-8.8	-4.135679	5.7357154	5.304802	-61.629192	-4.136007	1.0	1205000	33349.49349403381
482	-28.38	-28.38	-9.8	-4.0887136	5.667768	5.662489	-67.23618	-4.0903893	1.0	1207500	33401.65958356857
483	-27.28	-27.28	-8.599999	-4.114277	5.7298117	15.560173	-82.692894	-4.1145253	1.0	1210000	33454.18835687637
484	-28.08	-28.08	-9.5	-4.0753164	5.659376	6.256835	-59.409843	-4.075172	1.0	1212500	33506.939869880676
485	-31.46	-31.46	-11.8	-4.0965214	5.691994	7.231351	-68.80273	-4.096361	0.9	1215000	33559.83239722252
486	-30.94	-30.94	-8.7	-4.1138196	5.672781	6.2740583	-65.13368	-4.114839	1.0	1217500	33612.31453514099
487	-30.04	-30.04	-8.5	-4.098264	5.5985475	5.5998926	-65.81341	-4.0965667	1.0	1220000	33665.600867033005
488	-31.02	-31.02	-11.7	-4.130772	5.727009	6.536166	-71.4684	-4.1308503	0.9	1222500	33717.765026807785
489	-29.4	-29.4	-11.8	-4.114347	5.70467	4.9871435	-67.48527	-4.113684	1.0	1225000	33769.58514881134
490	-31.74	-31.74	-11.8	-4.076878	5.6403713	7.5803423	-70.35915	-4.075972	1.0	1227500	33822.44281792641
491	-28.88	-28.88	-10.2	-4.112338	5.718565	6.9950256	-62.66162	-4.1111536	1.0	1230000	33873.27915239334
492	-31.26	-31.26	-9.2	-4.10977	5.7445354	6.0991917	-62.73383	-4.109637	1.0	1232500	33926.90053153038
493	-34.3	-34.3	-10.599999	-4.163754	5.800142	6.898184	-73.32385	-4.161723	1.0	1235000	33977.84439945221
494	-27.26	-27.26	-9.5	-4.200341	5.876817	5.8518763	-74.39253	-4.2008405	1.0	1237500	34030.18187427521
495	-29.78	-29.78	-12.1	-4.176156	5.814247	7.495818	-69.20727	-4.1766706	1.0	1240000	34080.118925094604
496	-27.96	-27.96	-9.5	-4.185129	5.809883	5.7249384	-63.954746	-4.1854424	1.0	1242500	34133.38612985611
497	-32.94	-32.94	-10.5	-4.2065015	5.871432	4.648468	-63.430336	-4.208021	1.0	1245000	34184.02901697159
498	-28.82	-28.82	-8.5	-4.2038274	5.8882957	5.6496305	-58.688774	-4.2031174	1.0	1247500	34236.233824014664
499	-31.12	-31.12	-9.599999	-4.1818905	5.803967	6.748356	-68.14804	-4.182402	1.0	1250000	34288.10108470917
