Epoch	EpRet	EpRealRet	TestEpRet	AverageQ1	StdQ1	MaxQ1	MinQ1	Q2	TestSuccess	TotalEnvInteracts	TotalTime
0	-48.0	-48.0	-50.0	-1.0709093	1.73269	3.7836363	-13.520682	-1.0709093	0.0	2500	26.243953704833984
1	-46.9	-46.9	-45.0	-2.0979183	3.9766166	1.4238131	-23.227972	-2.0979183	0.1	5000	55.33035159111023
2	-48.0	-48.0	-50.0	-2.9383898	6.0706415	1.0581374	-30.970848	-2.9383898	0.0	7500	85.08735704421997
3	-49.0	-49.0	-50.0	-3.666712	7.7340555	3.2471726	-56.927032	-3.666712	0.0	10000	114.40553069114685
4	-49.0	-49.0	-45.0	-4.335086	9.075269	1.3265783	-45.237988	-4.335086	0.1	12500	144.2663426399231
5	-50.0	-50.0	-45.0	-4.860437	10.137485	2.1380134	-63.11018	-4.860437	0.1	15000	174.13124418258667
6	-47.0	-47.0	-50.0	-5.2257195	10.899959	3.6365225	-51.494846	-5.2257195	0.0	17500	204.00667691230774
7	-48.54	-48.54	-45.0	-5.4870067	11.474099	3.253989	-52.27146	-5.4870067	0.1	20000	233.37037205696106
8	-48.88	-48.88	-50.0	-5.737506	11.967653	2.2699165	-53.585217	-5.737506	0.0	22500	262.94103598594666
9	-48.82	-48.82	-50.0	-5.982678	12.426121	3.501613	-56.09985	-5.982678	0.0	25000	293.3101010322571
10	-46.0	-46.0	-45.0	-6.142183	12.722953	2.722429	-55.729496	-6.142183	0.1	27500	322.68624353408813
11	-47.78	-47.78	-50.0	-6.2336726	12.93466	5.472164	-53.84509	-6.2336726	0.0	30000	352.66746282577515
12	-49.0	-49.0	-50.0	-6.3565702	13.135847	5.107259	-54.743683	-6.3565702	0.0	32500	382.17589259147644
13	-46.22	-46.22	-50.0	-6.378099	13.208283	2.0589933	-57.262367	-6.378099	0.0	35000	412.24522042274475
14	-48.14	-48.14	-50.0	-6.405081	13.257753	2.191874	-57.35525	-6.405081	0.0	37500	442.1882863044739
15	-48.84	-48.84	-50.0	-6.4613204	13.310745	5.364693	-56.650913	-6.4613204	0.0	40000	471.6239581108093
16	-47.22	-47.22	-50.0	-6.510078	13.383118	2.7633615	-53.580944	-6.510078	0.0	42500	501.0099596977234
17	-49.9	-49.9	-50.0	-6.52009	13.455614	2.5602756	-51.887257	-6.52009	0.0	45000	530.5067403316498
18	-48.72	-48.72	-50.0	-6.6006374	13.565386	2.764558	-52.068924	-6.6006374	0.0	47500	561.4216802120209
19	-47.0	-47.0	-49.9	-6.570573	13.533425	2.5470562	-52.16903	-6.570573	0.0	50000	591.1911273002625
20	-45.86	-45.86	-50.0	-6.612639	13.589762	4.5551267	-51.285507	-6.612639	0.0	52500	621.020144701004
21	-48.98	-48.98	-45.0	-6.5870256	13.54894	6.8033037	-52.513348	-6.5870256	0.1	55000	650.9633376598358
22	-47.0	-47.0	-40.0	-6.617589	13.617769	4.2749567	-53.603058	-6.617589	0.2	57500	680.1401345729828
23	-48.78	-48.78	-45.0	-6.5681305	13.570222	5.2228484	-53.68894	-6.5681305	0.1	60000	710.3079915046692
24	-49.1	-49.1	-50.0	-6.5741267	13.55043	3.593561	-53.652676	-6.5741267	0.0	62500	739.8962264060974
25	-49.12	-49.12	-45.0	-6.5670276	13.487693	4.3016424	-56.166405	-6.5670276	0.1	65000	770.021570444107
26	-49.74	-49.74	-50.0	-6.551722	13.419082	3.3474908	-58.2998	-6.551722	0.0	67500	799.3329699039459
27	-48.88	-48.88	-50.0	-6.502561	13.367172	6.2892466	-53.939423	-6.502561	0.0	70000	829.4592344760895
28	-48.96	-48.96	-50.0	-6.5424266	13.395115	3.389963	-53.32413	-6.5424266	0.0	72500	858.322776556015
29	-49.88	-49.88	-46.6	-6.5234528	13.360399	4.670305	-55.011356	-6.5234528	0.1	75000	887.8694386482239
30	-49.08	-49.08	-45.0	-6.491444	13.269396	4.28015	-55.227722	-6.491444	0.1	77500	917.3124752044678
31	-47.82	-47.82	-40.0	-6.4749207	13.19528	4.7334747	-54.503414	-6.4749207	0.2	80000	946.5540053844452
32	-45.78	-45.78	-49.5	-6.43316	13.112818	4.9111776	-55.79306	-6.43316	0.0	82500	976.966459274292
33	-48.6	-48.6	-41.100002	-6.3624983	12.980725	7.3247027	-53.974033	-6.3624983	0.2	85000	1006.5355076789856
34	-44.1	-44.1	-45.0	-6.364994	12.9499445	7.3209	-53.93633	-6.364994	0.1	87500	1035.6242671012878
35	-44.92	-44.92	-50.0	-6.343619	12.91343	4.404029	-53.099773	-6.343619	0.0	90000	1065.7608993053436
36	-48.22	-48.22	-49.8	-6.3421273	12.895203	8.309002	-53.772217	-6.3421273	0.0	92500	1095.6730213165283
37	-49.8	-49.8	-50.0	-6.3213167	12.868144	7.478304	-58.56216	-6.3213167	0.0	95000	1124.825091600418
38	-45.0	-45.0	-49.8	-6.408752	12.999371	4.474966	-56.109695	-6.408752	0.0	97500	1153.8511810302734
39	-48.72	-48.72	-45.0	-6.349462	12.960026	4.2549386	-56.510685	-6.349462	0.1	100000	1183.4910678863525
40	-48.56	-48.56	-45.0	-6.411822	13.061952	4.021795	-53.061893	-6.411822	0.1	102500	1213.4537115097046
41	-47.94	-47.94	-48.8	-6.4888024	13.157125	4.199986	-63.560123	-6.4888024	0.1	105000	1243.3425900936127
42	-47.38	-47.38	-50.0	-6.4857116	13.125653	4.793362	-58.65635	-6.4857116	0.0	107500	1273.5653114318848
43	-49.32	-49.32	-45.0	-6.459753	13.046028	3.70195	-57.078526	-6.459753	0.1	110000	1303.3780398368835
44	-48.42	-48.42	-45.0	-6.425516	12.976069	4.589011	-56.295593	-6.425516	0.1	112500	1332.7099714279175
45	-46.96	-46.96	-50.0	-6.3083363	12.788209	5.3085628	-58.28403	-6.3083363	0.0	115000	1362.9151537418365
46	-46.74	-46.74	-37.5	-6.2766786	12.654293	5.6797066	-56.904846	-6.2766786	0.3	117500	1393.1040713787079
47	-48.26	-48.26	-47.5	-6.181697	12.466944	5.143045	-61.149864	-6.181697	0.1	120000	1422.6212465763092
48	-46.76	-46.76	-48.5	-6.1273255	12.348835	4.9004846	-72.34112	-6.1273255	0.0	122500	1452.2063963413239
49	-46.3	-46.3	-45.600002	-6.0842957	12.232829	4.903071	-56.417336	-6.0842957	0.1	125000	1482.2669112682343
50	-47.84	-47.84	-45.8	-6.0723066	12.1710415	4.4113207	-58.198708	-6.0723066	0.1	127500	1511.6655519008636
51	-47.4	-47.4	-40.100002	-6.0425715	12.14105	6.252514	-54.954594	-6.0425715	0.2	130000	1542.3297052383423
52	-45.04	-45.04	-50.0	-6.0433917	12.155975	4.4165225	-55.558773	-6.0433917	0.0	132500	1572.4301137924194
53	-46.94	-46.94	-45.0	-6.0122204	12.141217	5.662158	-53.984486	-6.0122204	0.1	135000	1602.4872765541077
54	-47.46	-47.46	-49.7	-6.019906	12.153202	3.570161	-56.02328	-6.019906	0.0	137500	1632.2294006347656
55	-46.34	-46.34	-48.3	-6.019555	12.175861	4.082897	-55.6236	-6.019555	0.1	140000	1661.6317203044891
56	-47.34	-47.34	-49.2	-6.0167794	12.154685	6.492717	-54.446236	-6.0167794	0.0	142500	1690.980103969574
57	-47.64	-47.64	-49.7	-6.051546	12.174481	3.2588882	-55.91386	-6.051546	0.0	145000	1721.3011124134064
58	-45.72	-45.72	-47.5	-6.0568976	12.196893	3.9201784	-55.6224	-6.0568976	0.1	147500	1751.0451893806458
59	-45.02	-45.02	-43.5	-6.0280933	12.120533	7.281458	-56.100243	-6.0280933	0.1	150000	1781.2508599758148
60	-48.4	-48.4	-47.1	-5.947602	12.02197	6.213086	-53.900955	-5.947602	0.1	152500	1810.8351485729218
61	-46.66	-46.66	-46.100002	-5.968353	12.042154	4.467804	-54.91897	-5.968353	0.1	155000	1840.2372105121613
62	-47.34	-47.34	-42.0	-5.9724298	12.046575	3.9899678	-58.36117	-5.9724298	0.2	157500	1870.354032754898
63	-48.32	-48.32	-49.8	-6.0728254	12.150432	3.6103475	-55.943172	-6.0728254	0.0	160000	1899.8352491855621
64	-46.92	-46.92	-50.0	-5.9779706	12.046272	3.3090003	-57.412056	-5.9779706	0.0	162500	1928.9947295188904
65	-46.1	-46.1	-44.8	-5.974806	12.013746	5.1159554	-57.37609	-5.974806	0.1	165000	1958.348457813263
66	-43.02	-43.02	-42.3	-5.9573283	11.952283	4.13575	-55.60889	-5.9573283	0.2	167500	1987.209513425827
67	-45.56	-45.56	-49.3	-5.9650626	11.930902	3.2342348	-56.998566	-5.9650626	0.0	170000	2016.8755686283112
68	-44.5	-44.5	-49.1	-5.961532	11.89319	4.0550156	-56.12727	-5.961532	0.1	172500	2046.4477915763855
69	-46.88	-46.88	-48.9	-6.0015993	11.967117	5.0853076	-56.995308	-6.0015993	0.1	175000	2076.4436638355255
70	-48.16	-48.16	-45.5	-6.008164	11.986903	6.8013396	-58.407455	-6.008164	0.1	177500	2106.2500495910645
71	-45.82	-45.82	-45.8	-6.0421715	12.022728	4.8697634	-57.689674	-6.0421715	0.0	180000	2136.012351512909
72	-45.86	-45.86	-49.7	-6.0133977	11.983789	6.35083	-54.260742	-6.0133977	0.0	182500	2166.1237387657166
73	-44.06	-44.06	-49.9	-6.004057	11.931822	3.6097448	-59.26735	-6.004057	0.0	185000	2196.020881652832
74	-48.0	-48.0	-45.5	-6.0375743	11.92161	3.088923	-58.19051	-6.0375743	0.1	187500	2226.124489545822
75	-46.6	-46.6	-46.399998	-6.073264	11.941691	4.6911783	-57.48935	-6.073264	0.1	190000	2255.976996421814
76	-43.6	-43.6	-44.8	-6.0624223	11.971856	5.32829	-56.93257	-6.0624223	0.1	192500	2285.67271733284
77	-44.04	-44.04	-39.899998	-6.070698	11.966409	5.655737	-55.81337	-6.070698	0.2	195000	2315.6996290683746
78	-44.18	-44.18	-49.2	-6.1072235	11.97907	3.5040855	-55.708862	-6.1072235	0.0	197500	2345.1516602039337
79	-43.54	-43.54	-48.6	-6.088047	11.93021	3.6039	-64.845	-6.088047	0.1	200000	2375.292096853256
80	-44.84	-44.84	-50.0	-6.0794506	11.896096	4.933011	-61.58425	-6.0794506	0.0	202500	2405.015858888626
81	-41.56	-41.56	-45.600002	-6.1173434	11.939024	3.754413	-56.659977	-6.1173434	0.1	205000	2434.8267166614532
82	-47.0	-47.0	-39.2	-6.182867	11.99998	4.6127763	-59.512466	-6.182867	0.4	207500	2463.5296688079834
83	-40.8	-40.8	-44.5	-6.2174344	12.069848	4.799531	-55.554253	-6.2174344	0.2	210000	2492.535278558731
84	-46.44	-46.44	-28.2	-6.253126	12.110614	7.3419924	-56.318394	-6.253126	0.5	212500	2522.385950565338
85	-43.64	-43.64	-44.0	-6.2181797	12.06821	4.036126	-59.323284	-6.2181797	0.1	215000	2551.84889626503
86	-47.24	-47.24	-38.399998	-6.217966	12.050148	3.900126	-63.935894	-6.217966	0.3	217500	2582.1218960285187
87	-43.42	-43.42	-47.1	-6.2071834	12.046004	5.873105	-63.965984	-6.2071834	0.0	220000	2611.792419195175
88	-47.3	-47.3	-47.5	-6.2117796	12.016421	5.232441	-60.928658	-6.2117796	0.0	222500	2641.464290857315
89	-46.0	-46.0	-41.8	-6.2590647	12.064064	3.2993202	-56.269077	-6.2590647	0.2	225000	2671.5265979766846
90	-44.02	-44.02	-45.2	-6.263316	12.05916	4.009673	-56.38537	-6.263316	0.1	227500	2700.939844608307
91	-45.28	-45.28	-41.5	-6.2734723	12.070512	3.8114858	-57.59452	-6.2734723	0.1	230000	2730.341161251068
92	-42.72	-42.72	-48.3	-6.30092	12.09226	5.9539647	-60.99959	-6.30092	0.1	232500	2759.8888120651245
93	-44.68	-44.68	-39.8	-6.280059	12.032187	3.2393909	-57.62407	-6.280059	0.3	235000	2789.5538609027863
94	-39.2	-39.2	-47.0	-6.298569	11.970681	4.5827575	-62.187572	-6.298569	0.1	237500	2819.6542263031006
95	-43.88	-43.88	-43.399998	-6.284012	11.890682	3.303687	-57.037033	-6.284012	0.2	240000	2849.3371438980103
96	-43.96	-43.96	-39.8	-6.217422	11.776006	4.3233314	-59.46226	-6.217422	0.2	242500	2878.373377799988
97	-41.22	-41.22	-39.7	-6.1876397	11.666246	4.8618107	-60.6425	-6.1876397	0.4	245000	2908.5391838550568
98	-44.42	-44.42	-47.3	-6.149629	11.587246	5.5976624	-62.201073	-6.149629	0.2	247500	2938.37766456604
99	-42.9	-42.9	-40.100002	-6.1999235	11.652524	3.4726534	-58.349705	-6.1999235	0.2	250000	2968.0363743305206
100	-43.24	-43.24	-41.399998	-6.251582	11.732826	4.4554286	-62.1391	-6.251582	0.2	252500	2997.797256231308
101	-40.54	-40.54	-45.8	-6.247513	11.778324	4.942162	-62.88275	-6.247513	0.2	255000	3028.514658689499
102	-45.48	-45.48	-35.899998	-6.249682	11.775905	4.5513062	-57.058327	-6.249682	0.4	257500	3058.1073780059814
103	-42.6	-42.6	-42.3	-6.297776	11.785476	6.26566	-57.687767	-6.297776	0.2	260000	3088.5298080444336
104	-38.16	-38.16	-40.3	-6.2829127	11.69473	4.5622005	-59.465374	-6.2829127	0.2	262500	3118.2203409671783
105	-39.34	-39.34	-37.899998	-6.2533607	11.584078	6.4360523	-56.35497	-6.2533607	0.4	265000	3147.778094768524
106	-42.52	-42.52	-41.100002	-6.1837726	11.500247	5.1287365	-56.099754	-6.1837726	0.2	267500	3176.693601846695
107	-42.48	-42.48	-40.8	-6.204344	11.525576	3.910346	-56.499695	-6.204344	0.2	270000	3206.2294914722443
108	-42.28	-42.28	-34.899998	-6.2295184	11.567259	5.588999	-66.0772	-6.2295184	0.4	272500	3236.099997520447
109	-43.66	-43.66	-34.5	-6.271545	11.646031	7.721298	-67.90939	-6.271545	0.5	275000	3266.06867647171
110	-40.94	-40.94	-33.3	-6.2849593	11.696391	5.4798694	-59.54913	-6.2849593	0.4	277500	3295.4662470817566
111	-40.68	-40.68	-34.399998	-6.298247	11.700768	5.2556486	-58.685276	-6.298247	0.4	280000	3324.6987648010254
112	-43.56	-43.56	-38.2	-6.2923794	11.677957	4.5621014	-55.716362	-6.2923794	0.3	282500	3354.385838031769
113	-41.78	-41.78	-38.899998	-6.2642593	11.648554	4.6369257	-61.47246	-6.2642593	0.3	285000	3384.0531508922577
114	-39.78	-39.78	-42.7	-6.2798567	11.637836	5.7447414	-60.157776	-6.2798567	0.2	287500	3413.640391111374
115	-43.8	-43.8	-37.100002	-6.2665625	11.644632	5.261405	-55.98293	-6.2665625	0.4	290000	3442.336454629898
116	-43.22	-43.22	-46.2	-6.283223	11.675223	5.9011617	-65.15802	-6.283223	0.1	292500	3471.6241979599
117	-42.16	-42.16	-42.399998	-6.264402	11.625183	5.85701	-68.29968	-6.264402	0.2	295000	3500.9818959236145
118	-40.62	-40.62	-35.5	-6.255027	11.60748	4.895467	-60.168083	-6.255027	0.3	297500	3530.7393622398376
119	-41.96	-41.96	-37.2	-6.2643676	11.574723	4.925005	-59.236557	-6.2643676	0.4	300000	3560.1902360916138
120	-40.46	-40.46	-36.5	-6.231374	11.460535	5.1702642	-61.07207	-6.231374	0.4	302500	3589.9991245269775
121	-43.04	-43.04	-40.2	-6.2403646	11.381373	5.79482	-61.34172	-6.2403646	0.2	305000	3619.6115732192993
122	-40.58	-40.58	-27.9	-6.199984	11.287577	5.1003504	-60.188126	-6.199984	0.6	307500	3649.7801835536957
123	-41.98	-41.98	-34.399998	-6.241283	11.351325	6.687992	-56.952538	-6.241283	0.4	310000	3679.248048067093
124	-39.6	-39.6	-31.4	-6.2205005	11.346021	7.4086447	-59.65064	-6.2205005	0.5	312500	3708.3854897022247
125	-40.94	-40.94	-30.9	-6.2794256	11.452427	4.7527213	-56.21744	-6.2794256	0.6	315000	3738.8245146274567
126	-43.3	-43.3	-46.6	-6.335774	11.542776	5.026732	-60.20258	-6.335774	0.1	317500	3768.6458609104156
127	-39.94	-39.94	-35.600002	-6.3452644	11.6064205	5.55809	-60.819725	-6.3452644	0.4	320000	3798.157593727112
128	-43.1	-43.1	-46.2	-6.316352	11.605398	9.752259	-67.72867	-6.316352	0.0	322500	3828.0608150959015
129	-42.6	-42.6	-36.8	-6.3580894	11.663781	5.912197	-58.521175	-6.3580894	0.3	325000	3857.3998234272003
130	-38.08	-38.08	-47.2	-6.387758	11.698601	5.2060804	-58.570057	-6.387758	0.2	327500	3887.5504763126373
131	-41.42	-41.42	-45.100002	-6.4004035	11.729501	5.510648	-74.110634	-6.4004035	0.1	330000	3917.806667804718
132	-37.62	-37.62	-38.2	-6.4036484	11.73238	10.008191	-56.767887	-6.4036484	0.3	332500	3948.113161802292
133	-39.98	-39.98	-38.3	-6.417525	11.760475	5.701708	-66.790855	-6.417525	0.4	335000	3978.918137550354
134	-40.16	-40.16	-37.899998	-6.450507	11.788977	4.624056	-64.30998	-6.450507	0.3	337500	4008.877665758133
135	-44.16	-44.16	-34.2	-6.4640975	11.80437	4.2860827	-63.821785	-6.4640975	0.4	340000	4039.172904253006
136	-43.5	-43.5	-27.3	-6.456632	11.823599	4.593334	-57.272953	-6.456632	0.7	342500	4069.2744405269623
137	-41.44	-41.44	-26.7	-6.447701	11.771224	8.814922	-61.19457	-6.447701	0.6	345000	4099.455198287964
138	-41.74	-41.74	-39.399998	-6.392558	11.704205	17.79303	-62.14614	-6.392558	0.3	347500	4128.670027971268
139	-42.2	-42.2	-29.8	-6.394201	11.643307	12.711718	-63.497803	-6.394201	0.6	350000	4157.327524900436
140	-39.72	-39.72	-32.8	-6.4302273	11.629359	4.4081893	-62.357037	-6.4302273	0.5	352500	4186.7274713516235
141	-41.16	-41.16	-37.7	-6.387552	11.568078	7.7444944	-63.10253	-6.387552	0.4	355000	4216.949717760086
142	-44.36	-44.36	-27.5	-6.355794	11.515411	4.2542777	-64.49562	-6.355794	0.5	357500	4246.562783718109
143	-41.6	-41.6	-43.7	-6.3985143	11.515018	7.2773957	-61.624622	-6.3985143	0.2	360000	4276.350743532181
144	-41.42	-41.42	-36.899998	-6.3516283	11.366359	7.076453	-64.53363	-6.3516283	0.3	362500	4305.591079235077
145	-35.98	-35.98	-29.1	-6.293747	11.273299	8.413487	-60.712593	-6.293747	0.6	365000	4334.546569108963
146	-43.16	-43.16	-38.2	-6.236488	11.124163	5.934739	-61.632896	-6.236488	0.2	367500	4364.156232595444
147	-43.08	-43.08	-35.600002	-6.206291	11.038776	7.943542	-65.74727	-6.206291	0.3	370000	4394.510299444199
148	-42.48	-42.48	-31.5	-6.1719775	10.921326	4.86162	-59.263695	-6.1719775	0.5	372500	4424.640464067459
149	-37.84	-37.84	-40.399998	-6.110639	10.772888	4.8173	-61.641655	-6.110639	0.3	375000	4454.573623657227
150	-41.28	-41.28	-30.1	-6.052669	10.56803	4.861136	-58.85889	-6.052669	0.4	377500	4483.821669816971
151	-37.5	-37.5	-41.5	-5.9968777	10.43104	5.691255	-54.442493	-5.9968777	0.4	380000	4513.302955150604
152	-38.14	-38.14	-33.5	-5.966212	10.296453	7.401558	-65.38826	-5.966212	0.4	382500	4543.358507394791
153	-39.16	-39.16	-34.3	-5.965135	10.2490015	5.166765	-57.28758	-5.965135	0.4	385000	4572.8369154930115
154	-39.76	-39.76	-30.2	-5.868981	10.028035	4.4773273	-59.43461	-5.868981	0.4	387500	4602.579281330109
155	-40.94	-40.94	-27.8	-5.847824	9.972041	5.879982	-60.81289	-5.847824	0.5	390000	4631.854825496674
156	-37.96	-37.96	-38.2	-5.769284	9.817032	5.865842	-59.815372	-5.769284	0.4	392500	4662.359752416611
157	-38.02	-38.02	-34.5	-5.7704315	9.769812	6.598051	-61.929417	-5.7704315	0.4	395000	4692.654386997223
158	-35.66	-35.66	-34.2	-5.6924815	9.612285	6.7617083	-61.494587	-5.6924815	0.4	397500	4723.218229532242
159	-36.94	-36.94	-31.5	-5.7227707	9.60088	7.099617	-59.208313	-5.7227707	0.5	400000	4752.739895582199
160	-38.78	-38.78	-38.399998	-5.697078	9.560634	10.766935	-61.208923	-5.697078	0.2	402500	4783.067545413971
161	-37.38	-37.38	-41.0	-5.7109604	9.539851	6.050193	-66.07578	-5.7109604	0.4	405000	4812.843862533569
162	-39.14	-39.14	-23.5	-5.634798	9.406177	5.104845	-59.52305	-5.634798	0.7	407500	4842.883001327515
163	-40.8	-40.8	-25.0	-5.61637	9.341385	4.1324105	-59.732647	-5.61637	0.6	410000	4872.808918476105
164	-36.9	-36.9	-42.399998	-5.5461006	9.264445	6.197565	-59.76967	-5.5461006	0.2	412500	4902.289649248123
165	-38.74	-38.74	-28.3	-5.521089	9.172534	5.8032484	-58.175934	-5.521089	0.5	415000	4932.40686416626
166	-37.16	-37.16	-19.4	-5.4910374	9.122046	7.951832	-62.37396	-5.4910374	0.7	417500	4963.296951293945
167	-37.74	-37.74	-29.2	-5.4663806	9.043984	4.87875	-56.045773	-5.4663806	0.5	420000	4993.493967056274
168	-38.54	-38.54	-13.4	-5.4079704	8.903674	6.6631126	-60.150253	-5.4079704	0.9	422500	5023.882707834244
169	-37.48	-37.48	-33.7	-5.407954	8.860129	7.065504	-57.648132	-5.407954	0.3	425000	5054.25289273262
170	-39.74	-39.74	-18.0	-5.360556	8.730952	4.716255	-62.39085	-5.360556	0.7	427500	5084.089468240738
171	-39.38	-39.38	-26.2	-5.338521	8.708615	6.7481184	-80.71983	-5.338521	0.6	430000	5114.051337003708
172	-37.76	-37.76	-33.2	-5.3378453	8.71704	4.264792	-58.057583	-5.3378453	0.5	432500	5144.605520963669
173	-35.7	-35.7	-34.3	-5.3762183	8.786448	5.9857264	-68.67507	-5.3762183	0.5	435000	5175.4077043533325
174	-35.52	-35.52	-32.0	-5.3955836	8.839866	7.4571085	-68.04193	-5.3955836	0.3	437500	5205.57553935051
175	-41.18	-41.18	-23.1	-5.3415565	8.702659	5.062049	-58.87128	-5.3415565	0.4	440000	5235.088562965393
176	-39.04	-39.04	-22.9	-5.3360887	8.666168	4.910359	-61.426144	-5.3360887	0.6	442500	5265.425140619278
177	-35.84	-35.84	-20.1	-5.322812	8.6280155	5.086938	-58.115	-5.322812	0.7	445000	5295.375743865967
178	-40.42	-40.42	-35.100002	-5.330694	8.616333	4.9790425	-70.43855	-5.330694	0.5	447500	5325.355728149414
179	-38.68	-38.68	-15.9	-5.3272524	8.585931	6.918929	-64.747826	-5.3272524	0.8	450000	5354.770308494568
180	-36.84	-36.84	-37.0	-5.290549	8.496134	8.432045	-62.58596	-5.290549	0.2	452500	5384.755161046982
181	-39.9	-39.9	-31.4	-5.3032846	8.484669	6.514266	-62.47056	-5.3032846	0.4	455000	5414.692923307419
182	-37.88	-37.88	-28.5	-5.2611046	8.408539	7.2623053	-59.80079	-5.2611046	0.6	457500	5444.755431652069
183	-42.56	-42.56	-32.3	-5.233025	8.313938	6.423027	-64.01238	-5.233025	0.3	460000	5474.437550544739
184	-35.22	-35.22	-24.7	-5.1591573	8.127663	11.353122	-59.25114	-5.1591573	0.6	462500	5504.716106176376
185	-33.74	-33.74	-28.6	-5.117348	8.009068	5.4288173	-60.221664	-5.117348	0.4	465000	5534.448724985123
186	-41.18	-41.18	-28.8	-5.1021733	7.9425306	6.542587	-64.37166	-5.1021733	0.4	467500	5562.099251270294
187	-38.84	-38.84	-23.9	-5.0499673	7.8278146	10.180167	-62.625706	-5.0499673	0.5	470000	5591.575576782227
188	-38.62	-38.62	-26.2	-5.0455184	7.7520747	8.621443	-59.204414	-5.0455184	0.5	472500	5620.865587472916
189	-35.22	-35.22	-20.9	-4.968965	7.596723	5.4361095	-62.07024	-4.968965	0.6	475000	5650.487346172333
190	-32.76	-32.76	-18.0	-4.9461246	7.4754076	6.035926	-60.659454	-4.9461246	0.8	477500	5680.344602108002
191	-35.86	-35.86	-27.3	-4.946897	7.4516664	5.3321276	-58.880165	-4.946897	0.5	480000	5709.864734172821
192	-36.26	-36.26	-20.699999	-4.9305854	7.386815	11.807981	-57.22106	-4.9305854	0.6	482500	5739.732730150223
193	-33.14	-33.14	-36.399998	-4.850284	7.166333	6.2047586	-58.13254	-4.850284	0.4	485000	5769.149352073669
194	-36.26	-36.26	-20.5	-4.8291883	7.0935855	7.0300283	-59.86215	-4.8291883	0.7	487500	5799.741571426392
195	-34.56	-34.56	-36.8	-4.8116636	7.0535545	5.2751465	-57.87926	-4.8116636	0.3	490000	5829.25653553009
196	-37.34	-37.34	-21.1	-4.7999563	7.0261545	4.636291	-63.026978	-4.7999563	0.7	492500	5859.9453847408295
197	-38.22	-38.22	-24.2	-4.843494	7.09372	7.03526	-57.418472	-4.843494	0.5	495000	5889.667609930038
198	-35.62	-35.62	-19.4	-4.828484	7.1154447	16.24941	-64.595	-4.828484	0.8	497500	5920.018662214279
199	-34.04	-34.04	-23.0	-4.849989	7.2318406	5.4162645	-60.355034	-4.849989	0.5	500000	5950.379905939102
200	-34.12	-34.12	-20.0	-4.8597307	7.289443	6.0546103	-62.704475	-4.8597307	0.8	502500	5980.668113231659
201	-37.08	-37.08	-35.399998	-4.8435354	7.2488327	6.5094132	-62.6361	-4.8435354	0.3	505000	6011.716773748398
202	-37.84	-37.84	-21.699999	-4.889389	7.2892036	5.410759	-60.11196	-4.889389	0.8	507500	6041.531854152679
203	-32.8	-32.8	-23.7	-4.894047	7.337711	8.236403	-76.14503	-4.894047	0.6	510000	6072.614414215088
204	-37.44	-37.44	-28.6	-4.905265	7.3720236	11.346247	-62.20135	-4.905265	0.5	512500	6103.679560184479
205	-34.74	-34.74	-17.0	-4.9110336	7.397025	9.913557	-61.048706	-4.9110336	0.8	515000	6133.807421922684
206	-36.5	-36.5	-17.9	-4.889333	7.4188814	5.6143484	-59.49797	-4.889333	0.8	517500	6163.889441251755
207	-32.72	-32.72	-18.9	-4.8806477	7.3615036	5.9880295	-63.07758	-4.8806477	0.6	520000	6193.9235689640045
208	-35.76	-35.76	-27.0	-4.864609	7.3831406	9.331564	-67.77722	-4.864609	0.5	522500	6224.379525899887
209	-33.88	-33.88	-13.3	-4.824483	7.3423657	7.430379	-57.320698	-4.824483	0.9	525000	6254.373092889786
210	-37.42	-37.42	-28.2	-4.816521	7.3671827	7.0382447	-68.38904	-4.816521	0.3	527500	6285.408234357834
211	-35.22	-35.22	-18.0	-4.8559365	7.369645	7.0250936	-59.712997	-4.8559365	0.7	530000	6315.697355747223
212	-37.64	-37.64	-22.1	-4.858438	7.360646	11.607563	-61.26746	-4.858438	0.7	532500	6345.956241607666
213	-33.64	-33.64	-15.2	-4.851844	7.3524733	8.214001	-64.34988	-4.851844	0.8	535000	6376.143807172775
214	-34.48	-34.48	-18.199999	-4.8473744	7.322585	9.037512	-60.49212	-4.8473744	0.7	537500	6406.662972688675
215	-34.84	-34.84	-20.0	-4.852879	7.3018427	8.503712	-63.677227	-4.852879	0.7	540000	6437.42370057106
216	-36.76	-36.76	-20.4	-4.8181405	7.211802	13.896451	-60.87682	-4.8181405	0.7	542500	6467.243339061737
217	-31.46	-31.46	-16.6	-4.779427	7.103643	6.9812565	-62.892967	-4.779427	0.8	545000	6497.095780849457
218	-35.24	-35.24	-18.6	-4.725904	7.015323	9.13283	-63.90308	-4.725904	0.8	547500	6526.860722064972
219	-36.1	-36.1	-13.0	-4.7062726	6.959071	6.8450665	-63.685677	-4.7062726	0.9	550000	6556.814724683762
220	-32.38	-32.38	-17.5	-4.6896524	6.8836946	12.436821	-63.713303	-4.6896524	0.7	552500	6587.596264839172
221	-35.34	-35.34	-24.5	-4.6529837	6.760936	6.8379726	-60.859177	-4.6529837	0.7	555000	6617.615495443344
222	-35.5	-35.5	-16.9	-4.6016703	6.6298656	17.032911	-54.981228	-4.6016703	0.8	557500	6647.422981262207
223	-31.62	-31.62	-13.9	-4.6187277	6.592666	4.7147408	-57.91189	-4.6187277	0.8	560000	6677.717326402664
224	-34.92	-34.92	-17.0	-4.574628	6.489458	8.654302	-57.19607	-4.574628	0.6	562500	6707.827597856522
225	-38.26	-38.26	-16.0	-4.53319	6.393628	9.533003	-57.5987	-4.53319	0.8	565000	6737.651946783066
226	-33.0	-33.0	-16.5	-4.5043893	6.267506	17.973602	-57.405327	-4.5043893	0.8	567500	6767.375636339188
227	-32.34	-32.34	-23.6	-4.4734807	6.183149	5.8178816	-57.765152	-4.4734807	0.5	570000	6797.351892709732
228	-33.92	-33.92	-12.6	-4.462705	6.1551685	10.300031	-55.485893	-4.462705	0.9	572500	6826.926739454269
229	-38.16	-38.16	-13.2	-4.436469	6.1399674	13.264745	-56.403957	-4.436469	1.0	575000	6857.633604049683
230	-34.98	-34.98	-12.9	-4.4457254	6.156677	6.072061	-60.41673	-4.4457254	0.9	577500	6887.968995809555
231	-29.34	-29.34	-16.9	-4.4515443	6.1979833	9.276503	-55.773163	-4.4515443	0.9	580000	6918.292754888535
232	-30.78	-30.78	-17.199999	-4.417529	6.151411	7.1847734	-55.984734	-4.417529	0.8	582500	6948.502639532089
233	-27.62	-27.62	-10.900001	-4.3990664	6.102621	16.592113	-54.874016	-4.3990664	1.0	585000	6978.7450296878815
234	-31.84	-31.84	-18.800001	-4.3765035	6.0743613	10.28073	-53.575413	-4.3765035	0.9	587500	7008.702013492584
235	-31.56	-31.56	-19.699999	-4.3665595	6.067252	5.1411963	-59.083267	-4.3665595	0.9	590000	7038.825076580048
236	-28.9	-28.9	-19.300001	-4.3264	6.0074444	7.06623	-54.550526	-4.3264	0.8	592500	7068.764312028885
237	-30.86	-30.86	-13.0	-4.321175	6.0108085	3.9129863	-69.42173	-4.321175	0.9	595000	7098.917320966721
238	-30.82	-30.82	-12.6	-4.284758	6.0167174	4.6925735	-60.880436	-4.284758	0.9	597500	7129.644313097
239	-28.88	-28.88	-13.5	-4.259639	5.925322	7.9161153	-58.793503	-4.259639	1.0	600000	7159.356717586517
240	-32.5	-32.5	-16.300001	-4.2253556	5.8317523	4.3614564	-60.89446	-4.2253556	0.9	602500	7188.745759010315
241	-33.54	-33.54	-20.300001	-4.210947	5.724779	6.226287	-55.953247	-4.210947	0.7	605000	7218.82266163826
242	-32.16	-32.16	-17.0	-4.1319966	5.6069164	5.975065	-55.974995	-4.1319966	0.6	607500	7248.357116699219
243	-32.86	-32.86	-13.8	-4.1536922	5.63838	13.656317	-52.093853	-4.1536922	0.8	610000	7276.717924594879
244	-33.56	-33.56	-21.300001	-4.1473513	5.662297	6.057413	-57.01922	-4.1473513	0.7	612500	7306.928260803223
245	-31.36	-31.36	-19.0	-4.132123	5.7072678	9.118786	-74.22186	-4.132123	0.8	615000	7336.997221231461
246	-29.06	-29.06	-10.8	-4.154425	5.835273	3.8928812	-62.062984	-4.154425	0.9	617500	7366.554021835327
247	-32.68	-32.68	-19.800001	-4.157199	5.960183	5.2433577	-58.15826	-4.157199	0.8	620000	7396.486797094345
248	-35.68	-35.68	-13.1	-4.1698384	6.0916615	5.8154593	-59.960114	-4.1698384	1.0	622500	7426.124171733856
249	-28.0	-28.0	-13.7	-4.1745496	6.218264	6.322734	-63.10433	-4.1745496	0.8	625000	7456.621014118195
250	-29.14	-29.14	-13.7	-4.176041	6.2508874	4.3847456	-67.144	-4.176041	0.9	627500	7486.863965988159
251	-34.56	-34.56	-9.099999	-4.2070365	6.3872657	11.027584	-67.81994	-4.2070365	1.0	630000	7516.9566061496735
252	-31.38	-31.38	-11.9	-4.180877	6.3838487	4.559258	-57.93305	-4.180877	0.9	632500	7547.76913189888
253	-30.04	-30.04	-9.099999	-4.1356115	6.339735	5.354771	-62.3506	-4.1356115	1.0	635000	7577.954400062561
254	-32.54	-32.54	-19.5	-4.1391525	6.3724732	7.1679053	-66.99083	-4.1391525	0.8	637500	7608.144614934921
255	-34.68	-34.68	-13.4	-4.138883	6.4014425	3.926232	-63.210476	-4.138883	0.9	640000	7637.972996473312
256	-28.18	-28.18	-13.3	-4.0900793	6.2811956	5.4498034	-61.102512	-4.0900793	0.9	642500	7668.295928239822
257	-36.22	-36.22	-10.7	-4.0572553	6.2343287	6.090725	-59.18967	-4.0572553	1.0	645000	7698.606462478638
258	-30.6	-30.6	-9.900001	-4.042316	6.2080507	5.117019	-69.03067	-4.042316	1.0	647500	7729.263303041458
259	-27.7	-27.7	-13.7	-4.014369	6.129832	5.3559637	-62.48988	-4.014369	0.8	650000	7759.888909578323
260	-32.2	-32.2	-8.8	-3.9811678	6.0364556	10.673516	-65.46373	-3.9811678	1.0	652500	7789.730178117752
261	-30.88	-30.88	-11.7	-3.9603765	5.931556	7.7635126	-62.022816	-3.9603765	1.0	655000	7819.798512220383
262	-32.06	-32.06	-8.0	-3.9103909	5.798086	8.980358	-59.35855	-3.9103909	1.0	657500	7849.469989061356
263	-34.2	-34.2	-13.1	-3.8316288	5.589098	5.5612864	-75.66185	-3.8316288	0.9	660000	7879.38569688797
264	-28.66	-28.66	-11.5	-3.7875009	5.396547	5.360301	-60.67129	-3.7875009	0.8	662500	7909.454562664032
265	-29.94	-29.94	-10.5	-3.7266192	5.2211404	7.416581	-60.6976	-3.7266192	1.0	665000	7940.093097686768
266	-31.76	-31.76	-9.7	-3.664524	4.9699187	6.30103	-60.05963	-3.664524	1.0	667500	7970.564230918884
267	-30.76	-30.76	-8.400001	-3.606423	4.771049	5.094899	-56.735878	-3.606423	1.0	670000	8000.747129440308
268	-31.24	-31.24	-8.7	-3.557465	4.6022763	10.915147	-57.720486	-3.557465	1.0	672500	8031.309921503067
269	-28.78	-28.78	-10.900001	-3.502394	4.505333	5.79784	-56.72969	-3.502394	1.0	675000	8061.001367092133
270	-27.46	-27.46	-15.7	-3.466291	4.416021	8.101187	-53.611973	-3.466291	0.9	677500	8091.9684183597565
271	-25.72	-25.72	-8.7	-3.4459062	4.3747096	19.249008	-50.48697	-3.4459062	1.0	680000	8121.862210512161
272	-30.4	-30.4	-7.6	-3.445067	4.4069786	6.450011	-56.321667	-3.445067	1.0	682500	8153.0049085617065
273	-33.06	-33.06	-10.5	-3.4454725	4.4750853	6.211739	-54.327335	-3.4454725	1.0	685000	8183.284942150116
274	-28.3	-28.3	-14.2	-3.473	4.6049724	6.56138	-50.63383	-3.473	1.0	687500	8213.055500745773
275	-29.52	-29.52	-16.6	-3.4644718	4.6236076	5.658245	-44.26983	-3.4644718	0.9	690000	8242.50236082077
276	-30.62	-30.62	-11.3	-3.4665542	4.6570573	8.533069	-57.45133	-3.4665542	1.0	692500	8273.868587970734
277	-28.86	-28.86	-17.9	-3.495293	4.8061023	7.969717	-45.536686	-3.495293	0.8	695000	8304.963545322418
278	-29.12	-29.12	-15.3	-3.486041	4.8885474	3.861082	-51.66287	-3.486041	0.9	697500	8335.503159046173
279	-30.06	-30.06	-9.900001	-3.4887066	4.971552	4.8052855	-58.120644	-3.4887066	1.0	700000	8365.394984722137
280	-33.78	-33.78	-9.900001	-3.4925227	4.9874578	5.315589	-55.04717	-3.4925227	1.0	702500	8395.171388149261
281	-32.06	-32.06	-13.4	-3.471158	4.9889584	4.326543	-55.607464	-3.471158	0.9	705000	8425.360748767853
282	-33.98	-33.98	-6.3	-3.496233	5.1499887	6.11222	-57.18563	-3.496233	1.0	707500	8455.59019446373
283	-34.26	-34.26	-14.9	-3.5121546	5.2491736	7.002817	-56.681255	-3.5121546	0.9	710000	8485.991097688675
284	-29.46	-29.46	-9.2	-3.4694986	5.218268	7.1771946	-59.636894	-3.4694986	1.0	712500	8515.707552909851
285	-28.1	-28.1	-10.900001	-3.4679794	5.2250485	6.6178656	-57.16864	-3.4679794	1.0	715000	8546.353193044662
286	-26.34	-26.34	-9.3	-3.4585614	5.188902	7.232689	-60.495655	-3.4585614	1.0	717500	8576.851420164108
287	-26.84	-26.84	-8.8	-3.438591	5.1274066	5.4280953	-57.351875	-3.438591	1.0	720000	8606.92969250679
288	-25.82	-25.82	-11.8	-3.4074574	5.0189567	6.4342346	-60.674347	-3.4074574	0.9	722500	8636.827503204346
289	-30.6	-30.6	-9.3	-3.3708155	4.8775506	5.535329	-69.49999	-3.3708155	1.0	725000	8667.585738897324
290	-30.18	-30.18	-9.8	-3.3323228	4.678303	6.8295617	-58.503178	-3.3323228	1.0	727500	8697.995638608932
291	-31.84	-31.84	-9.2	-3.270796	4.4771667	10.5119	-56.057716	-3.270796	1.0	730000	8727.677980422974
292	-29.4	-29.4	-8.599999	-3.2176874	4.312385	12.593587	-47.865875	-3.2176874	1.0	732500	8757.883572816849
293	-37.52	-37.52	-10.3	-3.2121317	4.231476	4.1721907	-51.43136	-3.2121317	1.0	735000	8787.349951505661
294	-28.68	-28.68	-14.1	-3.2011003	4.2285852	4.989893	-47.082478	-3.2011003	0.9	737500	8817.520960569382
295	-29.64	-29.64	-9.900001	-3.1814415	4.196184	4.70426	-48.97941	-3.1814415	1.0	740000	8848.154866218567
296	-31.6	-31.6	-14.8	-3.185403	4.273722	3.6780815	-59.737923	-3.185403	0.9	742500	8878.699528694153
297	-32.28	-32.28	-9.0	-3.1731849	4.2910175	11.662716	-47.323517	-3.1731849	1.0	745000	8908.918008327484
298	-28.88	-28.88	-8.7	-3.16889	4.2881804	6.7640743	-42.93519	-3.16889	1.0	747500	8939.567956924438
299	-29.04	-29.04	-10.900001	-3.178822	4.3331494	4.2220335	-59.08908	-3.178822	1.0	750000	8969.894020318985
300	-29.48	-29.48	-11.8	-3.1398926	4.269026	2.9833064	-46.66902	-3.1398926	1.0	752500	8999.386361837387
301	-29.48	-29.48	-9.7	-3.1202075	4.2347317	6.0001388	-42.16794	-3.1202075	1.0	755000	9029.677442789078
302	-29.38	-29.38	-11.3	-3.0961242	4.168998	7.057294	-49.607647	-3.0961242	1.0	757500	9059.08310508728
303	-28.1	-28.1	-7.8	-3.0808284	4.132994	6.0091715	-54.80571	-3.0808284	1.0	760000	9088.979874372482
304	-30.24	-30.24	-7.6	-3.0836563	4.100345	3.988548	-51.046223	-3.0836563	1.0	762500	9118.751448631287
305	-29.22	-29.22	-13.2	-3.0688567	4.0957913	4.355892	-40.392563	-3.0688567	0.9	765000	9148.774714708328
306	-24.26	-24.26	-8.2	-3.0635152	4.1039057	4.768581	-57.104836	-3.0635152	1.0	767500	9179.539379835129
307	-31.22	-31.22	-10.2	-3.0637748	4.163593	6.353524	-61.012295	-3.0637748	1.0	770000	9210.019281625748
308	-31.14	-31.14	-10.400001	-3.0743825	4.288547	3.5806918	-46.990414	-3.0743825	0.9	772500	9239.429441452026
309	-29.3	-29.3	-13.1	-3.1028051	4.4571176	4.077937	-53.948307	-3.1028051	0.8	775000	9269.429348230362
310	-31.8	-31.8	-11.7	-3.1135054	4.546428	6.1926746	-66.47693	-3.1135054	1.0	777500	9299.965353012085
311	-29.52	-29.52	-8.0	-3.0887473	4.5102596	6.6777005	-73.71724	-3.0887473	1.0	780000	9330.187686681747
312	-28.04	-28.04	-10.0	-3.0811007	4.496768	8.597829	-56.421486	-3.0811007	1.0	782500	9361.142174959183
313	-25.36	-25.36	-13.0	-3.0804594	4.470034	6.6194243	-54.257244	-3.0804594	0.9	785000	9391.425006389618
314	-29.88	-29.88	-9.2	-3.070357	4.431263	5.694474	-54.63778	-3.070357	1.0	787500	9421.677158117294
315	-32.72	-32.72	-15.3	-3.0504818	4.3799133	5.3777905	-55.27655	-3.0504818	0.8	790000	9452.176486253738
316	-30.44	-30.44	-9.0	-3.0342724	4.286143	8.958877	-53.99787	-3.0342724	1.0	792500	9482.53194475174
317	-30.02	-30.02	-8.900001	-3.0117345	4.2216086	7.331781	-52.977722	-3.0117345	1.0	795000	9512.774541139603
318	-25.82	-25.82	-10.099999	-2.981164	4.136276	4.755916	-53.38579	-2.981164	1.0	797500	9543.288302659988
319	-24.56	-24.56	-8.5	-2.9842443	4.1331677	4.3652015	-53.807106	-2.9842443	1.0	800000	9573.940912008286
320	-29.02	-29.02	-10.900001	-2.9672315	4.086784	4.6805143	-59.00199	-2.9672315	0.8	802500	9604.660311698914
321	-30.6	-30.6	-7.8	-2.9775515	4.1162605	7.044413	-53.275314	-2.9775515	1.0	805000	9634.044627189636
322	-25.14	-25.14	-10.400001	-2.9737377	4.186243	5.5379944	-54.323685	-2.9737377	1.0	807500	9663.888016223907
323	-27.36	-27.36	-9.900001	-2.9896545	4.258467	3.2082396	-61.03614	-2.9896545	1.0	810000	9693.33935046196
324	-28.6	-28.6	-10.0	-3.0286202	4.43076	7.8717237	-55.96551	-3.0286202	1.0	812500	9723.8982360363
325	-26.72	-26.72	-11.7	-3.0197725	4.454336	4.61137	-59.541214	-3.0197725	1.0	815000	9754.232381820679
326	-28.5	-28.5	-10.8	-3.0235069	4.5449657	6.0379324	-57.583595	-3.0235069	1.0	817500	9784.436347723007
327	-30.94	-30.94	-7.3	-3.0300858	4.5868793	4.8726654	-56.657978	-3.0300858	1.0	820000	9814.399229764938
328	-31.48	-31.48	-10.7	-3.0179732	4.582778	9.907448	-56.457054	-3.0179732	1.0	822500	9843.290718793869
329	-29.12	-29.12	-9.099999	-3.0227642	4.645899	5.996297	-55.452126	-3.0227642	1.0	825000	9873.108478069305
330	-28.02	-28.02	-13.1	-3.0265543	4.673522	6.2073135	-58.605263	-3.0265543	0.9	827500	9902.749074935913
331	-26.76	-26.76	-12.8	-3.0331736	4.745772	4.0462713	-54.231922	-3.0331736	0.9	830000	9932.047033071518
332	-28.3	-28.3	-7.4	-3.021052	4.722805	5.297802	-63.345818	-3.021052	1.0	832500	9962.418358564377
333	-33.0	-33.0	-10.0	-3.0418649	4.7719173	4.912959	-69.36247	-3.0418649	1.0	835000	9992.04881119728
334	-30.86	-30.86	-11.3	-3.0520043	4.807994	5.3694487	-57.674694	-3.0520043	1.0	837500	10022.759453296661
335	-29.5	-29.5	-10.7	-3.046035	4.8194346	5.000437	-59.306168	-3.046035	1.0	840000	10052.625829458237
336	-32.58	-32.58	-14.0	-3.0233278	4.7774158	6.141637	-77.56286	-3.0233278	0.9	842500	10082.554579019547
337	-29.24	-29.24	-7.7	-3.0125499	4.754421	7.3683157	-53.641632	-3.0125499	1.0	845000	10113.483234167099
338	-29.64	-29.64	-9.2	-3.0263004	4.7695713	5.0415177	-59.417107	-3.0263004	1.0	847500	10143.615032672882
339	-26.18	-26.18	-9.099999	-3.0023267	4.7297606	6.9200234	-55.553417	-3.0023267	1.0	850000	10174.298516511917
340	-29.78	-29.78	-8.3	-3.0264182	4.7758856	4.1477556	-55.86746	-3.0264182	1.0	852500	10204.68317747116
341	-32.98	-32.98	-12.5	-3.0133755	4.7259307	6.9552684	-58.428417	-3.0133755	1.0	855000	10234.625644922256
342	-31.56	-31.56	-14.0	-3.0406797	4.7702093	8.854876	-57.75235	-3.0406797	0.9	857500	10264.900848150253
343	-29.72	-29.72	-10.599999	-3.020124	4.748081	11.738164	-61.118668	-3.020124	1.0	860000	10294.965002536774
344	-31.34	-31.34	-12.7	-3.0207283	4.73708	3.8376136	-63.990562	-3.0207283	0.8	862500	10325.478542804718
345	-33.66	-33.66	-9.3	-3.0222957	4.7722244	3.4018385	-54.836315	-3.0222957	1.0	865000	10355.677834749222
346	-33.38	-33.38	-11.099999	-3.038829	4.8172565	5.058757	-57.767326	-3.038829	1.0	867500	10386.121898174286
347	-28.62	-28.62	-9.7	-3.0348682	4.7795544	12.430613	-59.288532	-3.0348682	1.0	870000	10416.281502723694
348	-31.38	-31.38	-8.7	-3.0007823	4.6460824	5.359306	-55.93922	-3.0007823	1.0	872500	10446.689229011536
349	-31.1	-31.1	-9.0	-3.0201755	4.7199755	8.798075	-61.53134	-3.0201755	1.0	875000	10476.87796664238
350	-32.8	-32.8	-10.099999	-2.9955106	4.7094684	5.731947	-62.126953	-2.9955106	1.0	877500	10506.685670614243
351	-31.04	-31.04	-11.8	-3.0125718	4.747894	4.039046	-59.553223	-3.0125718	1.0	880000	10536.854549884796
352	-27.94	-27.94	-11.7	-3.0346124	4.778478	6.2291155	-56.17083	-3.0346124	1.0	882500	10566.052731752396
353	-25.62	-25.62	-9.8	-3.0521858	4.8604074	4.8979654	-57.012383	-3.0521858	1.0	885000	10596.255492925644
354	-31.46	-31.46	-9.400001	-3.0404527	4.9124	4.6387815	-63.60161	-3.0404527	1.0	887500	10626.556098222733
355	-33.3	-33.3	-8.099999	-3.0384994	4.871918	3.9927125	-58.978867	-3.0384994	1.0	890000	10656.784722566605
356	-29.94	-29.94	-9.599999	-3.0425935	4.8095765	4.822454	-60.528343	-3.0425935	1.0	892500	10686.79738330841
357	-28.34	-28.34	-8.0	-3.0226514	4.782294	8.718944	-63.253723	-3.0226514	1.0	895000	10717.72463297844
358	-31.12	-31.12	-15.7	-3.0297422	4.8216486	3.9154613	-67.94249	-3.0297422	0.9	897500	10747.792421340942
359	-32.74	-32.74	-7.6	-3.0662842	4.939768	7.3278275	-55.084766	-3.0662842	1.0	900000	10777.709700345993
360	-32.74	-32.74	-8.8	-3.0579762	4.937359	5.653969	-56.28766	-3.0579762	1.0	902500	10806.187671899796
361	-28.48	-28.48	-7.6	-3.0450938	4.9050455	7.2876782	-63.85648	-3.0450938	1.0	905000	10835.06368970871
362	-28.14	-28.14	-12.4	-3.040493	4.864491	4.293596	-57.470715	-3.040493	1.0	907500	10865.13096666336
363	-32.82	-32.82	-10.900001	-3.0483727	4.8754463	8.466984	-60.450962	-3.0483727	1.0	910000	10895.584209442139
364	-29.78	-29.78	-13.8	-3.0317116	4.858054	5.7359686	-56.769714	-3.0317116	0.9	912500	10925.282495498657
365	-26.12	-26.12	-10.0	-3.028299	4.878457	7.5037575	-64.89781	-3.028299	1.0	915000	10955.45448088646
366	-27.98	-27.98	-9.400001	-3.0327537	4.9114943	8.915624	-65.244446	-3.0327537	1.0	917500	10986.280723571777
367	-27.56	-27.56	-13.1	-3.023959	4.8496265	4.1297045	-66.491425	-3.023959	0.9	920000	11015.4031291008
368	-30.7	-30.7	-11.0	-3.0415595	4.890839	4.761262	-61.38039	-3.0415595	1.0	922500	11045.254367113113
369	-28.28	-28.28	-9.0	-3.0373428	4.8590617	7.7585287	-62.515682	-3.0373428	1.0	925000	11075.031195402145
370	-30.14	-30.14	-8.7	-3.0425713	4.8697557	5.0168805	-59.131897	-3.0425713	1.0	927500	11104.464950084686
371	-31.44	-31.44	-10.5	-3.056264	4.890622	4.9268665	-62.62225	-3.056264	1.0	930000	11133.622544527054
372	-30.06	-30.06	-9.099999	-3.0469909	4.9022865	5.1643977	-62.811356	-3.0469909	1.0	932500	11163.277107954025
373	-27.54	-27.54	-11.8	-3.060972	4.9615393	4.173666	-66.35014	-3.060972	0.9	935000	11192.89941573143
374	-29.4	-29.4	-10.7	-3.0674639	4.993879	3.838138	-67.457924	-3.0674639	1.0	937500	11222.69867682457
375	-29.16	-29.16	-18.0	-3.0616636	5.02538	5.374775	-59.66855	-3.0616636	0.8	940000	11253.503495454788
376	-29.44	-29.44	-21.1	-3.0736194	5.0738506	5.660443	-58.37335	-3.0736194	0.8	942500	11283.359234333038
377	-29.94	-29.94	-8.599999	-3.0750358	5.093798	6.4303226	-70.869514	-3.0750358	1.0	945000	11313.341941595078
378	-30.16	-30.16	-9.900001	-3.0773973	5.132369	7.057287	-63.599598	-3.0773973	1.0	947500	11342.901598215103
379	-32.28	-32.28	-9.7	-3.063354	5.0443664	7.026618	-64.499504	-3.063354	1.0	950000	11372.658701896667
380	-26.92	-26.92	-10.5	-3.0575163	4.949022	4.548813	-56.57683	-3.0575163	1.0	952500	11403.614176988602
381	-27.64	-27.64	-9.400001	-3.0290673	4.8555245	7.0028915	-54.530666	-3.0290673	1.0	955000	11433.243379831314
382	-33.2	-33.2	-12.4	-3.0442805	4.8031373	8.697028	-53.841335	-3.0442805	0.9	957500	11463.420188426971
383	-31.4	-31.4	-9.099999	-3.013274	4.6692977	6.56347	-59.61816	-3.013274	1.0	960000	11493.285778999329
384	-34.3	-34.3	-12.9	-3.0033734	4.564762	8.958069	-54.99573	-3.0033734	0.9	962500	11524.222318649292
385	-26.44	-26.44	-12.0	-2.9995468	4.5319734	4.2926016	-57.771503	-2.9995468	0.9	965000	11554.750110149384
386	-30.84	-30.84	-8.400001	-2.990063	4.449806	3.850186	-55.760273	-2.990063	1.0	967500	11584.66070508957
387	-28.32	-28.32	-10.900001	-2.991158	4.43813	3.8446705	-55.852943	-2.991158	1.0	970000	11614.863927602768
388	-26.78	-26.78	-13.3	-2.9887125	4.437221	6.1460624	-54.36423	-2.9887125	0.9	972500	11645.177146673203
389	-30.98	-30.98	-9.5	-2.986822	4.4374776	3.9048939	-57.066277	-2.986822	1.0	975000	11675.465494394302
390	-28.5	-28.5	-9.8	-2.9821818	4.4232335	5.098461	-53.516598	-2.9821818	1.0	977500	11705.231073141098
391	-29.92	-29.92	-13.9	-2.9780715	4.4317446	4.610238	-53.78274	-2.9780715	0.9	980000	11734.98874783516
392	-26.78	-26.78	-11.2	-2.952806	4.37028	6.2040873	-51.89579	-2.952806	1.0	982500	11764.615504741669
393	-28.54	-28.54	-10.099999	-2.9672482	4.389345	3.2426405	-52.721344	-2.9672482	1.0	985000	11794.17238998413
394	-31.7	-31.7	-9.7	-2.9877396	4.442289	5.4535656	-53.685074	-2.9877396	1.0	987500	11823.498574972153
395	-30.76	-30.76	-9.3	-3.0085301	4.540952	3.9868684	-55.741283	-3.0085301	1.0	990000	11853.349623680115
396	-30.68	-30.68	-8.5	-3.0227957	4.5816154	9.363848	-53.457386	-3.0227957	1.0	992500	11883.98328948021
397	-31.58	-31.58	-9.0	-3.0199628	4.652353	3.7088513	-54.580276	-3.0199628	1.0	995000	11914.490936279297
398	-30.7	-30.7	-7.9	-3.0639017	4.742609	8.826136	-59.76498	-3.0639017	1.0	997500	11945.261848449707
399	-28.04	-28.04	-9.2	-3.063725	4.7754226	5.6374955	-53.88824	-3.063725	1.0	1000000	11975.099981307983
400	-26.62	-26.62	-12.5	-3.037933	4.7435746	5.827672	-53.341328	-3.037933	0.9	1002500	12004.716621637344
401	-32.22	-32.22	-9.0	-3.0629296	4.7181854	4.859622	-53.178	-3.0629296	1.0	1005000	12034.469100236893
402	-25.0	-25.0	-12.2	-3.0714898	4.769723	4.066021	-52.950466	-3.0714898	1.0	1007500	12064.300519704819
403	-31.28	-31.28	-10.400001	-3.080217	4.830613	7.079883	-57.469746	-3.080217	0.9	1010000	12093.670130491257
404	-30.04	-30.04	-9.3	-3.0871236	4.888737	4.499327	-52.364666	-3.0871236	1.0	1012500	12123.384655714035
405	-29.52	-29.52	-11.3	-3.0842052	4.910831	4.556576	-55.673565	-3.0842052	1.0	1015000	12152.978363990784
406	-30.32	-30.32	-13.3	-3.1064272	4.9712715	3.8807292	-53.397415	-3.1064272	0.9	1017500	12183.561062335968
407	-26.2	-26.2	-8.599999	-3.1144817	4.981426	4.414473	-53.74764	-3.1144817	1.0	1020000	12214.109041929245
408	-29.56	-29.56	-11.599999	-3.1191647	4.9531426	5.2796793	-55.053223	-3.1191647	0.9	1022500	12244.585525751114
409	-27.92	-27.92	-8.400001	-3.0922332	4.856102	8.805243	-53.643833	-3.0922332	1.0	1025000	12274.24269580841
410	-29.82	-29.82	-8.2	-3.0652578	4.6938	5.127685	-51.89707	-3.0652578	1.0	1027500	12305.180042743683
411	-27.78	-27.78	-13.5	-3.0293472	4.542211	7.597879	-53.172237	-3.0293472	0.9	1030000	12335.28394818306
412	-28.24	-28.24	-9.7	-2.9991748	4.4299474	8.409323	-52.27278	-2.9991748	1.0	1032500	12365.110625743866
413	-30.64	-30.64	-9.0	-2.9829028	4.2636952	9.408789	-55.692997	-2.9829028	1.0	1035000	12395.759507656097
414	-26.9	-26.9	-9.8	-2.9627333	4.109263	12.291723	-50.134514	-2.9627333	0.9	1037500	12425.79039144516
415	-28.36	-28.36	-9.099999	-2.9178813	3.9865468	7.1682286	-52.716465	-2.9178813	0.9	1040000	12455.434887170792
416	-26.84	-26.84	-9.400001	-2.9063497	3.961057	4.864891	-46.126392	-2.9063497	1.0	1042500	12484.893197536469
417	-29.52	-29.52	-10.900001	-2.9206333	3.9964566	5.353685	-44.52234	-2.9206333	1.0	1045000	12513.967032432556
418	-28.78	-28.78	-10.099999	-2.9319053	4.075357	3.74717	-42.970177	-2.9319053	1.0	1047500	12543.869940519333
419	-27.88	-27.88	-16.4	-2.973808	4.2563834	3.5233583	-46.37568	-2.973808	0.8	1050000	12572.707738399506
420	-32.9	-32.9	-8.099999	-3.0171769	4.4704237	6.181831	-46.389256	-3.0171769	1.0	1052500	12602.779033660889
421	-24.1	-24.1	-8.900001	-3.0508614	4.669525	4.618024	-50.014343	-3.0508614	1.0	1055000	12632.688860654831
422	-27.94	-27.94	-8.2	-3.0633917	4.8062663	5.651615	-53.625465	-3.0633917	1.0	1057500	12663.566001415253
423	-30.3	-30.3	-13.5	-3.0673082	4.8267274	6.650619	-60.998943	-3.0673082	0.8	1060000	12693.36688375473
424	-28.7	-28.7	-12.2	-3.0588686	4.8372283	3.9069252	-55.499855	-3.0588686	1.0	1062500	12724.14452958107
425	-31.66	-31.66	-9.400001	-3.050436	4.8757696	5.6783733	-59.273247	-3.050436	1.0	1065000	12753.542667865753
426	-29.66	-29.66	-7.8	-3.0749552	4.9774384	7.8098	-70.112915	-3.0749552	1.0	1067500	12783.528395652771
427	-29.82	-29.82	-8.400001	-3.0705118	4.9745297	4.262678	-59.92521	-3.0705118	1.0	1070000	12813.165349960327
428	-27.26	-27.26	-11.599999	-3.0662987	5.030187	5.5628395	-55.364418	-3.0662987	0.9	1072500	12842.304790258408
429	-30.06	-30.06	-7.6	-3.0740395	5.0375223	5.3384447	-56.646896	-3.0740395	1.0	1075000	12871.438131332397
430	-30.36	-30.36	-9.8	-3.0702226	5.014744	4.5892053	-74.01291	-3.0702226	1.0	1077500	12901.07367515564
431	-28.02	-28.02	-9.599999	-3.0409691	4.9200077	4.394706	-55.230217	-3.0409691	1.0	1080000	12930.633891105652
432	-32.32	-32.32	-14.4	-3.039165	4.8301687	4.401253	-56.092377	-3.039165	0.9	1082500	12960.696492671967
433	-30.08	-30.08	-9.7	-2.9960947	4.644943	7.34555	-53.310787	-2.9960947	1.0	1085000	12991.23649430275
434	-26.58	-26.58	-9.900001	-2.9506826	4.4826303	7.4713454	-55.095734	-2.9506826	1.0	1087500	13021.908735275269
435	-29.86	-29.86	-9.900001	-2.927459	4.359635	4.2777486	-56.46874	-2.927459	1.0	1090000	13052.009187698364
436	-26.92	-26.92	-12.3	-2.913043	4.2343717	5.780942	-62.895287	-2.913043	0.9	1092500	13081.70654129982
437	-28.06	-28.06	-8.900001	-2.875206	4.1812396	11.402599	-53.461967	-2.875206	1.0	1095000	13111.746777057648
438	-32.16	-32.16	-8.3	-2.8543582	4.095001	3.9527063	-47.690033	-2.8543582	1.0	1097500	13141.754789590836
439	-28.58	-28.58	-10.900001	-2.8553767	4.083498	5.2188797	-54.204395	-2.8553767	1.0	1100000	13172.527106761932
440	-30.06	-30.06	-16.800001	-2.862642	4.0975695	4.3756447	-51.540962	-2.862642	0.8	1102500	13203.283244848251
441	-27.96	-27.96	-11.599999	-2.8659735	4.073477	3.8237286	-48.140934	-2.8659735	1.0	1105000	13233.640157461166
442	-26.54	-26.54	-18.6	-2.851254	4.049906	6.025635	-47.947613	-2.851254	0.8	1107500	13264.639280319214
443	-29.2	-29.2	-8.400001	-2.875379	4.067286	4.6971626	-47.40805	-2.875379	1.0	1110000	13295.077375173569
444	-25.36	-25.36	-14.6	-2.881491	4.106603	4.0083823	-47.23671	-2.881491	0.9	1112500	13325.967886924744
445	-26.54	-26.54	-10.099999	-2.8891184	4.146206	3.4136362	-50.634563	-2.8891184	1.0	1115000	13356.169328212738
446	-27.86	-27.86	-9.7	-2.8767157	4.148384	3.4771214	-49.794777	-2.8767157	1.0	1117500	13386.618747472763
447	-31.36	-31.36	-10.5	-2.8866844	4.183901	8.642589	-53.22755	-2.8866844	1.0	1120000	13417.041308403015
448	-31.64	-31.64	-9.099999	-2.9185417	4.246699	5.3101416	-53.743313	-2.9185417	1.0	1122500	13447.635399103165
449	-26.6	-26.6	-13.7	-2.9104536	4.277169	4.2016582	-52.26321	-2.9104536	0.9	1125000	13477.681281328201
450	-27.52	-27.52	-8.8	-2.9078581	4.295728	5.9463134	-58.18643	-2.9078581	1.0	1127500	13508.441749811172
451	-29.1	-29.1	-9.400001	-2.9167972	4.3153973	4.728685	-59.25798	-2.9167972	1.0	1130000	13537.975264787674
452	-26.68	-26.68	-8.5	-2.913818	4.278181	4.1426096	-47.21815	-2.913818	1.0	1132500	13568.225091934204
453	-29.34	-29.34	-10.7	-2.880826	4.182894	5.8433414	-50.645622	-2.880826	1.0	1135000	13597.34054350853
454	-31.4	-31.4	-8.2	-2.83778	4.0635247	4.7277837	-44.444283	-2.83778	1.0	1137500	13627.117178201675
455	-34.16	-34.16	-8.0	-2.812751	3.918796	5.991821	-43.790554	-2.812751	1.0	1140000	13657.534361362457
456	-28.3	-28.3	-13.9	-2.7776358	3.7880921	4.1094074	-45.670013	-2.7776358	0.9	1142500	13687.755827665329
457	-28.02	-28.02	-10.0	-2.7452085	3.7409875	2.9788733	-56.23153	-2.7452085	1.0	1145000	13717.75845170021
458	-27.86	-27.86	-9.7	-2.7442896	3.7298596	7.8249617	-48.58936	-2.7442896	1.0	1147500	13748.004234552383
459	-29.48	-29.48	-9.599999	-2.777105	3.7735953	4.5088134	-49.082703	-2.777105	1.0	1150000	13777.197021722794
460	-26.34	-26.34	-11.0	-2.7994344	3.8295827	3.5331998	-50.129875	-2.7994344	1.0	1152500	13807.067595243454
461	-28.12	-28.12	-9.099999	-2.8471227	3.9342644	3.2278972	-53.87473	-2.8471227	1.0	1155000	13836.851614236832
462	-27.82	-27.82	-5.5	-2.861846	4.021244	5.696737	-55.32362	-2.861846	1.0	1157500	13866.651140928268
463	-27.2	-27.2	-9.0	-2.8437164	4.00685	3.2134538	-52.43844	-2.8437164	1.0	1160000	13897.015766382217
464	-28.84	-28.84	-8.0	-2.8379085	4.061614	4.1107044	-47.940094	-2.8379085	1.0	1162500	13926.768522024155
465	-30.52	-30.52	-10.0	-2.849216	4.0941863	3.363885	-48.08669	-2.849216	1.0	1165000	13955.802926301956
466	-31.28	-31.28	-9.099999	-2.8235326	4.070394	3.8845901	-53.90076	-2.8235326	1.0	1167500	13984.868926525116
467	-27.26	-27.26	-11.599999	-2.851081	4.1445065	3.8983417	-56.847137	-2.851081	1.0	1170000	14014.50267958641
468	-27.78	-27.78	-13.5	-2.8445475	4.1622224	3.3414984	-51.45738	-2.8445475	0.9	1172500	14044.52098107338
469	-28.9	-28.9	-9.3	-2.8541863	4.247122	4.279452	-61.990257	-2.8541863	1.0	1175000	14074.133788347244
470	-31.18	-31.18	-8.900001	-2.875338	4.302429	4.3390546	-58.4897	-2.875338	1.0	1177500	14103.668278217316
471	-28.48	-28.48	-11.5	-2.8802361	4.3348923	5.3472924	-55.966923	-2.8802361	1.0	1180000	14132.990931034088
472	-31.28	-31.28	-13.7	-2.8796794	4.35699	4.542908	-55.635048	-2.8796794	0.9	1182500	14163.430220365524
473	-31.9	-31.9	-8.0	-2.8810856	4.341271	5.3412876	-52.655933	-2.8810856	1.0	1185000	14193.926045417786
474	-31.66	-31.66	-12.6	-2.873804	4.300563	4.4831667	-55.43026	-2.873804	0.9	1187500	14223.616938829422
475	-27.74	-27.74	-14.3	-2.8718343	4.2732553	11.388756	-53.588356	-2.8718343	0.9	1190000	14252.961154699326
476	-28.34	-28.34	-7.9	-2.8550668	4.2240415	5.6077237	-57.823883	-2.8550668	1.0	1192500	14282.615586042404
477	-26.64	-26.64	-11.9	-2.85208	4.1697774	10.023804	-56.17865	-2.85208	0.9	1195000	14311.985091209412
478	-30.38	-30.38	-9.400001	-2.8655028	4.1453056	3.6489806	-59.896267	-2.8655028	1.0	1197500	14342.05467581749
479	-26.4	-26.4	-9.400001	-2.8293474	4.0565467	4.180805	-48.162098	-2.8293474	1.0	1200000	14372.475581169128
480	-27.54	-27.54	-10.8	-2.7833214	3.9701867	6.383132	-55.413166	-2.7833214	1.0	1202500	14402.500235080719
481	-31.26	-31.26	-10.5	-2.7754154	3.9309232	3.5674133	-45.949272	-2.7754154	1.0	1205000	14432.375490427017
482	-25.34	-25.34	-8.3	-2.78852	3.9345696	3.999701	-47.677635	-2.78852	1.0	1207500	14462.465485334396
483	-26.1	-26.1	-6.5	-2.761133	3.8919368	3.72329	-46.103325	-2.761133	1.0	1210000	14492.734793186188
484	-32.98	-32.98	-9.599999	-2.7421238	3.850726	3.192874	-46.458153	-2.7421238	0.9	1212500	14522.608988285065
485	-26.0	-26.0	-8.2	-2.7418666	3.832787	2.764245	-48.173885	-2.7418666	1.0	1215000	14553.787647247314
486	-30.28	-30.28	-9.599999	-2.7225587	3.7871795	3.0872784	-52.998196	-2.7225587	1.0	1217500	14584.193334579468
487	-27.94	-27.94	-10.599999	-2.7146087	3.7393687	6.102291	-61.178352	-2.7146087	1.0	1220000	14613.401351690292
488	-31.24	-31.24	-9.099999	-2.7181518	3.7144732	6.0806065	-45.097004	-2.7181518	1.0	1222500	14641.795024394989
489	-27.52	-27.52	-9.2	-2.7199457	3.688018	5.3898396	-43.556488	-2.7199457	1.0	1225000	14670.517674922943
490	-32.52	-32.52	-9.7	-2.6887617	3.6004639	4.41022	-53.97754	-2.6887617	1.0	1227500	14699.379805326462
491	-26.78	-26.78	-11.099999	-2.6648185	3.5243537	4.307773	-38.914062	-2.6648185	1.0	1230000	14727.545859098434
492	-28.96	-28.96	-8.0	-2.6379073	3.474337	4.938751	-37.870796	-2.6379073	1.0	1232500	14756.1605219841
493	-28.4	-28.4	-8.2	-2.6474652	3.4717996	2.9154525	-35.24452	-2.6474652	1.0	1235000	14784.862623691559
494	-27.42	-27.42	-9.599999	-2.6561587	3.4802427	3.4565368	-36.655407	-2.6561587	1.0	1237500	14812.970798254013
495	-26.22	-26.22	-7.2	-2.6511867	3.4876997	2.7140574	-33.413666	-2.6511867	1.0	1240000	14840.902492046356
496	-24.34	-24.34	-11.099999	-2.6403995	3.4904788	3.385058	-36.518097	-2.6403995	1.0	1242500	14867.624819517136
497	-29.96	-29.96	-17.0	-2.660505	3.5207527	4.459443	-37.336185	-2.660505	0.8	1245000	14894.299508333206
498	-27.04	-27.04	-13.7	-2.661778	3.5146277	3.5995197	-40.163845	-2.661778	1.0	1247500	14918.722219228745
499	-28.86	-28.86	-12.2	-2.7465162	3.5917318	3.5333319	-39.82677	-2.7465162	0.9	1250000	14942.312354564667
