Epoch	EpRet	EpRealRet	TestEpRet	AverageQ1	StdQ1	MaxQ1	MinQ1	Q2	TestSuccess	TotalEnvInteracts	TotalTime
0	-48.0	-48.0	-50.0	4.261098	12.497425	535.3231	0.36354157	4.25912	0.0	2500	90.14505672454834
1	-46.02	-46.02	-45.0	8.909037	1.9735743	18.722176	3.9561348	8.933982	0.1	5000	172.98044610023499
2	-48.5	-48.5	-50.0	7.9161873	1.82933	18.373325	2.908236	7.9230103	0.0	7500	255.8037359714508
3	-49.0	-49.0	-50.0	5.2896543	1.3338398	10.647722	2.2416534	5.293331	0.0	10000	336.722375869751
4	-49.0	-49.0	-45.0	3.1246285	0.88451886	8.143898	1.3638895	3.1401641	0.1	12500	418.95403718948364
5	-50.0	-50.0	-45.0	1.842363	0.5077243	4.4265203	0.7024486	1.8391006	0.1	15000	500.5351836681366
6	-47.22	-47.22	-50.0	1.1922467	0.317107	3.1616898	0.45255813	1.1829256	0.0	17500	581.0650629997253
7	-48.0	-48.0	-45.0	0.8147849	0.25152206	3.7222092	0.35248333	0.8061226	0.1	20000	665.2026572227478
8	-48.98	-48.98	-50.0	0.6008306	0.2161095	2.4972718	0.2676305	0.59594613	0.0	22500	748.8735113143921
9	-49.0	-49.0	-50.0	0.4682176	0.23328024	2.6735406	0.21717335	0.46225315	0.0	25000	830.479898929596
10	-46.0	-46.0	-45.0	0.37809974	0.21005982	2.3367324	0.17286153	0.36827776	0.1	27500	909.8522338867188
11	-46.82	-46.82	-50.0	0.32557783	0.20590916	2.2938938	0.14132074	0.3123427	0.0	30000	986.6861481666565
12	-49.0	-49.0	-50.0	0.28103504	0.20201638	2.5723915	0.11309676	0.27160603	0.0	32500	1065.0831291675568
13	-47.0	-47.0	-50.0	0.2847466	0.2541402	3.2083914	0.09917924	0.28085595	0.0	35000	1141.4919891357422
14	-48.14	-48.14	-50.0	0.28938603	0.3010019	4.8022957	0.09059514	0.2793094	0.0	37500	1217.8823838233948
15	-48.96	-48.96	-50.0	0.32018667	0.36006665	3.6441514	0.086844444	0.31826952	0.0	40000	1296.937227010727
16	-47.06	-47.06	-50.0	0.32559368	0.39398143	5.282738	0.06990351	0.31043348	0.0	42500	1374.2215104103088
17	-49.36	-49.36	-50.0	0.3270903	0.38538903	6.0865107	0.073964626	0.3076042	0.0	45000	1451.8675599098206
18	-49.0	-49.0	-50.0	0.32692644	0.3271727	4.5633163	0.0691286	0.31332913	0.0	47500	1529.5078945159912
19	-45.66	-45.66	-49.9	0.32068872	0.3062865	6.305007	0.07064222	0.30951265	0.0	50000	1606.5614032745361
20	-45.0	-45.0	-49.7	0.31432113	0.25965595	3.393715	0.08395018	0.3056181	0.0	52500	1683.3167505264282
21	-48.94	-48.94	-40.5	0.32922968	0.33343205	6.610385	0.062073354	0.31440887	0.2	55000	1760.238917350769
22	-46.56	-46.56	-35.399998	0.40100533	0.588515	11.009229	0.07926937	0.3998491	0.3	57500	1837.0598735809326
23	-46.9	-46.9	-45.0	0.50721014	1.3264287	27.396404	0.0712651	0.50288886	0.1	60000	1914.229543209076
24	-48.98	-48.98	-50.0	0.6137884	1.9801877	51.010544	0.08111936	0.61278254	0.0	62500	1991.6381921768188
25	-48.72	-48.72	-45.0	0.75487775	2.5437016	42.96188	0.086636454	0.74634546	0.1	65000	2068.843248605728
26	-48.62	-48.62	-50.0	0.96877885	3.7506764	78.8634	0.1008344	0.9475358	0.0	67500	2144.517488718033
27	-48.38	-48.38	-50.0	1.3003279	4.8485155	95.25064	0.12105296	1.2796866	0.0	70000	2221.7143762111664
28	-49.0	-49.0	-50.0	2.1590137	10.096597	196.59947	0.13420495	2.1226542	0.0	72500	2297.36461687088
29	-49.0	-49.0	-50.0	2.530781	12.683673	271.9677	0.17702007	2.51779	0.0	75000	2372.644218444824
30	-48.44	-48.44	-45.0	3.8793113	18.906805	446.67355	0.19127755	3.7701821	0.1	77500	2448.232085466385
31	-46.86	-46.86	-40.0	5.556364	27.690796	503.34244	0.20769551	5.4743323	0.2	80000	2523.3873229026794
32	-46.98	-46.98	-45.0	11.926416	58.714104	1080.2346	0.309373	11.956995	0.1	82500	2597.03875541687
33	-49.66	-49.66	-40.600002	11.572523	53.481773	1216.8306	0.53936964	11.304795	0.2	85000	2670.556097984314
34	-43.84	-43.84	-45.0	15.31118	75.5772	1694.2488	0.60559475	15.323762	0.1	87500	2744.9406390190125
35	-45.96	-45.96	-50.0	23.290848	113.96373	2672.7883	0.6680933	23.40397	0.0	90000	2819.719870567322
36	-49.0	-49.0	-50.0	42.03292	215.24196	4981.863	1.0473025	42.28203	0.0	92500	2892.9103634357452
37	-49.0	-49.0	-50.0	83.95927	440.8129	8468.394	1.2889594	83.996574	0.0	95000	2966.672961473465
38	-45.54	-45.54	-50.0	115.55504	556.8116	11496.878	2.5580778	113.337555	0.0	97500	3040.565550804138
39	-50.0	-50.0	-45.0	183.4262	932.7331	18037.582	4.888772	181.65112	0.1	100000	3114.7413239479065
40	-50.0	-50.0	-45.0	297.9532	1251.1995	20876.861	5.885555	296.1538	0.1	102500	3188.653332710266
41	-48.74	-48.74	-50.0	413.52368	1561.371	27409.77	17.173786	411.68253	0.0	105000	3263.01464343071
42	-47.98	-47.98	-50.0	583.3335	1901.4158	30439.76	31.316055	571.9263	0.0	107500	3338.04540848732
43	-50.0	-50.0	-45.0	699.08966	2539.9338	52559.168	34.712658	696.3985	0.1	110000	3410.2158167362213
44	-50.0	-50.0	-45.0	1086.9963	3760.6855	58464.246	33.359707	1074.3029	0.1	112500	3484.053026676178
45	-48.0	-48.0	-50.0	1027.7499	3201.64	60272.1	51.213024	1006.24615	0.0	115000	3557.3059725761414
46	-46.94	-46.94	-45.0	1125.3778	3411.9365	60780.008	60.418526	1112.7905	0.1	117500	3631.1945464611053
47	-49.0	-49.0	-50.0	1535.3602	5875.96	115854.33	49.394115	1546.8748	0.0	120000	3705.6532912254333
48	-48.0	-48.0	-45.0	1634.9292	6079.2544	121826.484	50.71424	1615.455	0.1	122500	3778.9759624004364
49	-48.32	-48.32	-50.0	1846.8282	7374.8477	142665.19	55.344234	1811.1503	0.0	125000	3854.986864566803
50	-48.0	-48.0	-50.0	1896.2216	7053.9336	121537.63	73.05668	1878.5458	0.0	127500	3928.087242603302
51	-50.0	-50.0	-40.0	1797.8972	6954.2734	136429.52	76.913574	1767.334	0.2	130000	4000.297022819519
52	-47.84	-47.84	-50.0	2104.579	7546.6865	193051.84	86.0264	2080.626	0.0	132500	4074.080738067627
53	-47.0	-47.0	-45.0	2943.364	12896.305	222790.03	77.97564	2915.9915	0.1	135000	4147.475084543228
54	-50.0	-50.0	-50.0	3441.743	13397.753	356135.03	145.14578	3419.5144	0.0	137500	4220.819236278534
55	-48.54	-48.54	-50.0	3727.332	16201.144	312963.2	118.17589	3658.3574	0.0	140000	4295.668330669403
56	-49.0	-49.0	-50.0	4370.5386	19249.73	376394.66	77.74083	4253.1426	0.0	142500	4368.269423246384
57	-48.92	-48.92	-50.0	4754.7085	20844.072	354656.38	100.46637	4650.4414	0.0	145000	4439.789375782013
58	-48.3	-48.3	-50.0	5868.7	27888.896	558400.56	147.6622	5700.689	0.0	147500	4513.542806625366
59	-47.0	-47.0	-50.0	6204.8276	28384.508	585691.5	218.17871	6041.653	0.0	150000	4585.449855327606
60	-49.86	-49.86	-50.0	6129.386	31386.148	657751.75	103.98139	6015.3887	0.0	152500	4657.401747226715
61	-48.0	-48.0	-49.7	6836.323	34054.13	742175.2	106.059875	6697.0034	0.0	155000	4729.254427433014
62	-50.0	-50.0	-50.0	8219.925	41004.902	842079.2	159.6244	8116.794	0.0	157500	4803.196866512299
63	-49.88	-49.88	-50.0	10901.195	52801.957	1362012.5	208.01912	10670.85	0.0	160000	4876.377006530762
64	-48.8	-48.8	-50.0	12299.648	69916.445	1910926.4	262.87994	12046.19	0.0	162500	4948.111073732376
65	-46.0	-46.0	-50.0	15599.888	81920.99	2032013.6	380.05164	15254.381	0.0	165000	5020.735046625137
66	-46.74	-46.74	-50.0	18260.645	88111.055	1458224.5	238.13206	17784.941	0.0	167500	5093.731574296951
67	-48.2	-48.2	-50.0	17512.557	98826.625	2453603.2	415.57507	17315.47	0.0	170000	5168.280345439911
68	-47.0	-47.0	-50.0	20576.885	110035.21	2521394.0	343.64923	20415.297	0.0	172500	5241.484912633896
69	-49.0	-49.0	-50.0	19948.348	96264.21	2502211.2	438.5957	19627.031	0.0	175000	5313.254550933838
70	-48.0	-48.0	-50.0	22970.242	131785.97	3093048.5	481.4259	22605.043	0.0	177500	5386.982945203781
71	-47.32	-47.32	-50.0	23884.4	144448.75	2942163.8	450.23654	23680.674	0.0	180000	5459.460361242294
72	-48.0	-48.0	-50.0	27926.451	136665.88	3490281.8	495.90488	27835.236	0.0	182500	5533.622392416
73	-49.0	-49.0	-50.0	35695.62	193526.5	4043071.5	698.33435	35321.87	0.0	185000	5606.161309480667
74	-50.0	-50.0	-50.0	44913.008	242453.88	3960322.5	666.1391	44742.508	0.0	187500	5678.075788736343
75	-48.82	-48.82	-50.0	34575.258	137445.36	2649668.5	655.95166	34101.16	0.0	190000	5750.170106172562
76	-45.86	-45.86	-45.0	45731.855	224731.83	5049763.5	883.7099	45462.633	0.1	192500	5822.581089019775
77	-47.0	-47.0	-45.0	55977.305	359667.06	7587873.0	682.80347	55179.695	0.1	195000	5896.124646425247
78	-45.94	-45.94	-50.0	58819.008	308971.28	5897867.0	1463.783	58817.453	0.0	197500	5968.925382614136
79	-46.0	-46.0	-50.0	63523.727	294367.6	7893534.5	1765.4084	61908.336	0.0	200000	6042.66886305809
80	-50.0	-50.0	-50.0	75937.52	454721.56	9836015.0	1194.843	75608.54	0.0	202500	6115.717950582504
81	-47.8	-47.8	-50.0	70307.2	318611.53	7688888.0	1640.2678	69421.625	0.0	205000	6189.855512857437
82	-49.0	-49.0	-50.0	44387.473	92717.69	1709463.4	1915.8545	43817.258	0.0	207500	6262.839426279068
83	-47.64	-47.64	-45.0	52277.516	97425.25	1520869.5	1957.5759	50959.668	0.1	210000	6335.541515111923
84	-50.0	-50.0	-40.0	79351.03	162843.77	2641029.0	4084.4766	77641.914	0.2	212500	6408.804623603821
85	-47.0	-47.0	-45.0	97866.98	217499.72	6867253.0	3698.1208	96643.86	0.1	215000	6481.623448848724
86	-49.0	-49.0	-50.0	103954.984	271496.72	7290505.5	3733.474	102737.57	0.0	217500	6554.661415100098
87	-46.4	-46.4	-50.0	120513.8	368765.2	8008739.0	3505.115	118495.41	0.0	220000	6627.042039632797
88	-50.0	-50.0	-50.0	142488.48	375044.72	6793646.0	4364.1045	137785.3	0.0	222500	6699.230130672455
89	-49.0	-49.0	-50.0	145311.89	336355.7	5234713.0	5057.2476	140306.98	0.0	225000	6773.972667694092
90	-48.78	-48.78	-50.0	178275.08	419893.94	10355313.0	5864.076	170072.47	0.0	227500	6846.5898768901825
91	-49.56	-49.56	-50.0	205798.55	447401.8	6840461.0	7910.708	203595.03	0.0	230000	6918.055689573288
92	-48.0	-48.0	-50.0	208762.23	431730.6	7297787.0	6546.6797	200024.8	0.0	232500	6991.44459271431
93	-48.0	-48.0	-45.0	194768.78	412316.7	7599594.5	4345.5195	192757.45	0.1	235000	7062.366143941879
94	-47.44	-47.44	-45.0	262547.8	588171.75	10334681.0	5445.9453	252647.47	0.1	237500	7135.5328941345215
95	-47.36	-47.36	-45.0	317664.75	634977.1	9005704.0	12008.082	314245.88	0.1	240000	7208.253047466278
96	-50.0	-50.0	-45.0	351552.3	641337.06	8128343.5	8190.241	345702.38	0.1	242500	7279.456974506378
97	-48.0	-48.0	-50.0	377549.4	886425.3	20932502.0	7305.66	365368.84	0.0	245000	7352.356158733368
98	-48.0	-48.0	-50.0	380413.7	721755.06	14126364.0	10601.48	374374.3	0.0	247500	7427.8322558403015
99	-49.0	-49.0	-50.0	403720.7	863454.3	19360470.0	8434.941	386280.84	0.0	250000	7502.457836866379
100	-48.78	-48.78	-50.0	503782.56	1045758.8	18450328.0	11666.22	480044.8	0.0	252500	7577.200153589249
101	-48.98	-48.98	-50.0	573007.5	1189946.5	22291912.0	9615.795	569285.06	0.0	255000	7651.805707931519
102	-47.98	-47.98	-45.0	547933.5	1133519.5	15335750.0	13118.395	540386.0	0.1	257500	7726.401030302048
103	-49.48	-49.48	-45.0	488099.25	934623.56	20243374.0	9757.428	456578.5	0.1	260000	7799.72075009346
104	-48.0	-48.0	-50.0	484949.84	1109804.8	19223328.0	12174.424	470613.75	0.0	262500	7874.4100222587585
105	-48.0	-48.0	-50.0	418341.62	880295.94	13210501.0	10021.539	409329.1	0.0	265000	7948.013561487198
106	-48.62	-48.62	-50.0	351926.1	724989.4	10017419.0	11155.977	345060.53	0.0	267500	8020.429508686066
107	-50.0	-50.0	-50.0	290407.3	688098.25	16718624.0	5325.09	282402.56	0.0	270000	8094.537575244904
108	-49.74	-49.74	-45.0	253119.66	494104.06	6979357.0	6274.2295	255725.23	0.1	272500	8169.5698873996735
109	-49.0	-49.0	-50.0	239827.9	475516.9	8379112.5	5217.499	224210.66	0.0	275000	8243.098009109497
110	-45.84	-45.84	-50.0	175031.44	532038.2	18316686.0	3695.8833	173376.77	0.0	277500	8315.633579730988
111	-48.88	-48.88	-50.0	207222.56	607376.7	14654619.0	5172.3994	212177.94	0.0	280000	8387.58335518837
112	-50.0	-50.0	-50.0	164623.36	487718.75	9711244.0	2422.2285	162574.38	0.0	282500	8461.025266885757
113	-49.0	-49.0	-45.0	179027.64	422603.7	7440035.0	3156.4617	178961.36	0.1	285000	8533.688349485397
114	-49.0	-49.0	-50.0	152566.72	308824.88	4553626.0	2886.1616	162434.05	0.0	287500	8604.9428191185
115	-48.0	-48.0	-45.0	190449.28	479059.7	7112735.5	3328.319	201372.3	0.1	290000	8677.048040390015
116	-49.02	-49.02	-50.0	190106.08	493089.66	9546541.0	4069.039	189846.16	0.0	292500	8749.203476905823
117	-47.0	-47.0	-50.0	164273.12	433343.9	10685288.0	3539.7656	156474.66	0.0	295000	8820.746894598007
118	-47.0	-47.0	-50.0	162903.84	353304.53	6793587.5	4331.1606	166078.38	0.0	297500	8891.769626617432
119	-48.0	-48.0	-50.0	184566.58	604186.7	22141392.0	3431.7173	180414.9	0.0	300000	8963.779335975647
120	-47.0	-47.0	-50.0	425429.1	1305103.9	25427594.0	4132.627	407493.03	0.0	302500	9036.022569179535
121	-49.0	-49.0	-50.0	505853.88	1258222.1	15659237.0	4625.865	503616.78	0.0	305000	9108.14118218422
122	-45.72	-45.72	-40.0	605591.56	1578416.5	19536952.0	7083.5986	583162.44	0.2	307500	9180.583956956863
123	-48.0	-48.0	-50.0	394674.5	1078133.4	21489274.0	4537.6343	394321.6	0.0	310000	9252.151724338531
124	-49.0	-49.0	-45.0	401303.94	1081604.8	22432562.0	7143.897	382642.9	0.1	312500	9323.204719781876
125	-47.0	-47.0	-50.0	414480.34	974219.4	13175187.0	5901.0815	394637.9	0.0	315000	9394.922042131424
126	-46.0	-46.0	-50.0	342233.16	906088.94	18619240.0	7653.6084	343914.88	0.0	317500	9466.172895431519
127	-46.0	-46.0	-50.0	331707.9	741508.2	11438326.0	7747.8647	321816.34	0.0	320000	9537.846608877182
128	-48.0	-48.0	-50.0	434746.62	1232426.6	23753614.0	6557.588	420571.97	0.0	322500	9611.463918685913
129	-49.0	-49.0	-50.0	346768.97	1257281.0	27050710.0	9531.056	343087.2	0.0	325000	9684.56029868126
130	-47.06	-47.06	-50.0	326418.94	695556.6	10337319.0	5720.291	321731.22	0.0	327500	9757.836653232574
131	-49.0	-49.0	-50.0	341039.16	820853.4	18597076.0	11842.459	341195.9	0.0	330000	9829.987443685532
132	-48.8	-48.8	-50.0	332953.66	676290.7	13374116.0	12491.082	329344.84	0.0	332500	9903.050724506378
133	-47.0	-47.0	-50.0	333670.72	764548.1	17446016.0	13989.846	329670.9	0.0	335000	9978.048661470413
134	-48.0	-48.0	-50.0	336126.28	693362.75	10132442.0	11517.174	332682.2	0.0	337500	10052.5706448555
135	-49.0	-49.0	-40.0	321962.06	853464.0	21992724.0	8212.451	298366.84	0.2	340000	10124.673650979996
136	-50.0	-50.0	-50.0	636098.44	1013006.9	15427944.0	10795.145	618164.2	0.0	342500	10198.713426589966
137	-48.0	-48.0	-50.0	631028.9	1254556.4	19545512.0	28957.1	624408.4	0.0	345000	10272.003752708435
138	-50.0	-50.0	-45.0	425490.06	798748.8	14256330.0	10566.186	413135.62	0.1	347500	10344.217324495316
139	-50.0	-50.0	-45.100002	458021.12	1064381.0	20690748.0	15614.4	443532.6	0.0	350000	10415.117878198624
140	-48.68	-48.68	-45.0	398072.4	1136415.2	22469108.0	9561.207	385570.88	0.1	352500	10488.050343751907
141	-50.0	-50.0	-50.0	524606.44	1389956.4	21361878.0	11744.301	501279.7	0.0	355000	10561.71821975708
142	-50.0	-50.0	-45.0	548172.75	1438318.6	22043248.0	7804.963	533189.5	0.1	357500	10635.009193897247
143	-50.0	-50.0	-50.0	645998.5	1590190.8	26878084.0	9503.309	600834.75	0.0	360000	10709.830512523651
144	-47.0	-47.0	-50.0	714952.1	1737719.2	32028516.0	12227.367	695397.3	0.0	362500	10782.993902921677
145	-45.86	-45.86	-50.0	928753.94	2001988.5	33738572.0	19018.86	841850.6	0.0	365000	10856.387464761734
146	-49.0	-49.0	-50.0	1166395.1	2857236.0	55669748.0	34117.67	1115057.1	0.0	367500	10930.034333467484
147	-50.0	-50.0	-50.0	1347863.1	3679340.2	81872920.0	42114.734	1289607.6	0.0	370000	11004.590691328049
148	-47.0	-47.0	-50.0	1111786.2	3008850.8	47488790.0	20918.328	1039258.44	0.0	372500	11077.82166647911
149	-47.0	-47.0	-50.0	1189734.4	2464086.2	42760932.0	36523.062	1123841.8	0.0	375000	11152.732934713364
150	-48.0	-48.0	-50.0	1334937.1	3199726.8	57038090.0	35248.785	1266904.9	0.0	377500	11227.043287038803
151	-46.98	-46.98	-45.0	1252426.0	2676357.5	39005348.0	29595.035	1140267.2	0.1	380000	11302.398948431015
152	-47.0	-47.0	-50.0	1674394.9	3377823.5	75056970.0	83932.45	1535326.2	0.0	382500	11376.279051065445
153	-50.0	-50.0	-50.0	1752939.5	3354344.2	62658508.0	66859.55	1634890.5	0.0	385000	11449.70697593689
154	-47.74	-47.74	-45.0	1743815.1	2789041.2	49336480.0	97612.87	1627571.2	0.1	387500	11522.952866315842
155	-47.0	-47.0	-50.0	1839387.1	5831907.5	168592750.0	80364.984	1736615.1	0.0	390000	11596.9212641716
156	-48.0	-48.0	-50.0	2117620.2	5935156.5	153547490.0	65740.94	1972160.4	0.0	392500	11670.257998943329
157	-49.92	-49.92	-50.0	1947122.5	5909976.0	149226930.0	63491.22	1851390.0	0.0	395000	11744.893330097198
158	-48.0	-48.0	-50.0	1745462.2	5098209.0	94068456.0	44328.797	1626201.1	0.0	397500	11819.492972373962
159	-49.0	-49.0	-50.0	1615887.9	4744189.0	100613480.0	46877.664	1511858.9	0.0	400000	11893.178040266037
160	-45.74	-45.74	-50.0	1712479.5	4869652.0	90129140.0	38571.785	1641027.6	0.0	402500	11966.653968811035
161	-48.66	-48.66	-50.0	1452812.5	4049845.5	71382200.0	35908.836	1347140.9	0.0	405000	12041.391143083572
162	-49.0	-49.0	-50.0	1542491.8	3914394.5	95456660.0	38461.5	1479940.1	0.0	407500	12117.662941455841
163	-48.0	-48.0	-40.0	2001637.1	4632691.0	98351400.0	76055.03	1846685.5	0.2	410000	12191.830628871918
164	-49.0	-49.0	-50.0	2206535.2	5408466.0	85918776.0	62837.074	1991976.6	0.0	412500	12266.669935703278
165	-50.0	-50.0	-40.0	2543862.2	8742484.0	207944530.0	42528.86	2308646.8	0.2	415000	12343.335665225983
166	-47.78	-47.78	-45.0	3024091.8	8502751.0	161719520.0	84099.125	2716595.5	0.1	417500	12418.709656238556
167	-46.5	-46.5	-50.0	2494193.2	5085252.5	79768900.0	87995.97	2269685.2	0.0	420000	12495.951004981995
168	-48.0	-48.0	-45.0	2444682.2	5413448.5	100182110.0	101886.0	2296345.5	0.1	422500	12570.373030424118
169	-48.0	-48.0	-50.0	2434612.5	5383774.0	78634940.0	55141.5	2144927.0	0.0	425000	12644.702429771423
170	-47.0	-47.0	-49.1	1761610.8	4007936.0	66832376.0	51538.62	1553971.0	0.0	427500	12718.49594092369
171	-50.0	-50.0	-50.0	1833104.0	4006514.8	75459864.0	41651.89	1744815.2	0.0	430000	12794.309703111649
172	-48.12	-48.12	-50.0	1519150.8	4093072.5	100310750.0	44191.312	1386209.1	0.0	432500	12868.40283036232
173	-46.54	-46.54	-50.0	1071766.6	2043189.8	35712996.0	9138.403	1021161.75	0.0	435000	12941.706773757935
174	-46.0	-46.0	-50.0	1673015.8	4538453.0	70847020.0	26175.492	1517882.9	0.0	437500	13015.378082036972
175	-49.0	-49.0	-40.0	1784605.6	3880336.2	72138264.0	68934.33	1649864.5	0.2	440000	13088.986870288849
176	-49.0	-49.0	-50.0	1966897.9	4834332.5	88627120.0	62182.625	1800836.9	0.0	442500	13160.330535173416
177	-49.0	-49.0	-45.0	1487817.2	3808996.0	69764120.0	32438.453	1386150.1	0.1	445000	13232.889574289322
178	-48.0	-48.0	-49.3	1370780.6	4436235.5	88501120.0	21428.123	1268015.8	0.0	447500	13306.320136547089
179	-46.46	-46.46	-45.0	1387829.2	3574644.8	70108850.0	20004.55	1294260.4	0.1	450000	13380.759090423584
180	-49.0	-49.0	-50.0	1429053.8	3954290.5	80847650.0	21065.287	1321009.2	0.0	452500	13453.254986763
181	-50.0	-50.0	-45.0	1514276.9	4643932.0	114342730.0	23695.752	1427742.9	0.1	455000	13526.049382925034
182	-47.32	-47.32	-45.0	1427399.1	2654146.0	46249104.0	30618.781	1315885.6	0.1	457500	13599.90631723404
183	-49.0	-49.0	-45.0	1273052.1	3266635.0	89665620.0	24306.578	1186677.8	0.1	460000	13674.149217367172
184	-49.0	-49.0	-50.0	1343695.1	3383497.5	81551360.0	26564.27	1254725.4	0.0	462500	13746.889786720276
185	-48.86	-48.86	-50.0	1078998.2	3547595.0	86966870.0	7871.868	1041910.25	0.0	465000	13822.369135379791
186	-49.0	-49.0	-45.0	1145388.8	3630928.0	117864216.0	11201.484	1099882.8	0.1	467500	13896.246557712555
187	-49.0	-49.0	-50.0	1581579.2	4953604.0	110423340.0	9904.713	1475305.0	0.0	470000	13971.13436627388
188	-48.0	-48.0	-50.0	1561937.9	4508209.5	95320360.0	11944.886	1468369.5	0.0	472500	14044.30551981926
189	-46.0	-46.0	-35.0	1360892.0	4835334.5	144538800.0	13911.123	1262093.1	0.3	475000	14118.392399311066
190	-47.0	-47.0	-35.0	1740825.1	5989966.0	123930890.0	23253.658	1667162.4	0.3	477500	14194.501640558243
191	-49.0	-49.0	-50.0	1878177.5	5852199.0	141893500.0	15460.283	1784118.0	0.0	480000	14269.324284791946
192	-49.0	-49.0	-45.0	2028859.9	5128873.5	93621150.0	25102.191	1922509.9	0.1	482500	14344.909234523773
193	-46.0	-46.0	-50.0	2005297.1	5635205.5	131638510.0	21788.361	1893948.0	0.0	485000	14421.466322183609
194	-46.06	-46.06	-50.0	2274326.0	6545389.5	139769940.0	20191.582	2160740.8	0.0	487500	14496.733711957932
195	-47.0	-47.0	-50.0	2300592.2	6324641.0	151761010.0	24856.414	2138550.2	0.0	490000	14570.26285648346
196	-48.0	-48.0	-50.0	1823195.6	6593800.0	163228270.0	19276.307	1752982.8	0.0	492500	14644.273025035858
197	-49.0	-49.0	-50.0	1786027.2	4302544.5	79192360.0	14950.787	1590944.4	0.0	495000	14718.148174524307
198	-47.0	-47.0	-50.0	1959420.1	7745296.5	275933340.0	19386.58	1839219.5	0.0	497500	14792.813188552856
199	-47.0	-47.0	-50.0	1747070.0	7410647.5	229886600.0	16726.98	1646313.2	0.0	500000	14867.648233652115
200	-48.0	-48.0	-50.0	1451894.8	3940581.5	80020424.0	11907.364	1348238.8	0.0	502500	14942.898691415787
201	-48.0	-48.0	-50.0	1303671.8	4604746.5	97228900.0	11123.719	1208028.4	0.0	505000	15018.168309688568
202	-48.0	-48.0	-40.0	1070867.2	3266276.8	73467600.0	9295.319	1021805.3	0.2	507500	15092.304873228073
203	-49.0	-49.0	-50.0	910220.3	2546199.0	41067104.0	5277.0283	881378.4	0.0	510000	15167.21686410904
204	-49.0	-49.0	-45.0	863172.3	3305859.2	81216620.0	3460.0154	837665.9	0.1	512500	15241.11192560196
205	-47.0	-47.0	-45.0	971646.2	3218557.2	57919416.0	6948.43	926103.8	0.1	515000	15315.101060390472
206	-48.0	-48.0	-50.0	816465.0	2599942.5	55470644.0	3763.0698	781627.1	0.0	517500	15390.072056055069
207	-46.0	-46.0	-50.0	713047.2	1617474.9	22616068.0	4468.045	664452.2	0.0	520000	15463.838917016983
208	-47.0	-47.0	-50.0	637345.0	1994420.4	44956120.0	4164.4414	655822.2	0.0	522500	15537.856770038605
209	-49.0	-49.0	-45.0	595877.0	1958030.6	34682620.0	1860.1165	579496.06	0.1	525000	15611.649787187576
210	-48.0	-48.0	-50.0	604911.06	1663422.4	41824292.0	2759.3403	530925.0	0.0	527500	15686.260081291199
211	-46.9	-46.9	-45.0	630549.3	1408648.1	22034508.0	3858.9727	623967.06	0.1	530000	15761.058109045029
212	-50.0	-50.0	-50.0	708757.7	2565188.8	55547836.0	4437.6807	688112.8	0.0	532500	15836.002659797668
213	-50.0	-50.0	-50.0	582103.3	1305428.4	21412010.0	3183.1304	542708.7	0.0	535000	15910.123222589493
214	-49.0	-49.0	-50.0	918896.1	4150900.2	107959090.0	4061.857	929439.5	0.0	537500	15982.751986026764
215	-48.0	-48.0	-50.0	806452.4	2417586.8	67282490.0	4398.0513	777732.6	0.0	540000	16056.690077781677
216	-50.0	-50.0	-50.0	826452.2	2116500.5	49993330.0	4978.144	806892.7	0.0	542500	16132.214354038239
217	-48.0	-48.0	-50.0	675728.1	1573196.5	30262514.0	3287.7004	697288.8	0.0	545000	16205.96021103859
218	-48.0	-48.0	-45.0	714237.3	2263564.5	64865336.0	3879.5513	691738.9	0.1	547500	16280.201642990112
219	-50.0	-50.0	-45.0	574949.3	1421489.8	32420370.0	4502.0264	579432.56	0.1	550000	16353.95913863182
220	-50.0	-50.0	-50.0	668103.7	1749568.6	39775140.0	4442.4946	636842.4	0.0	552500	16429.244184732437
221	-47.0	-47.0	-50.0	733420.94	1571800.2	26568946.0	6009.426	699044.06	0.0	555000	16503.030334472656
222	-48.0	-48.0	-50.0	707020.94	1840749.0	27227180.0	4979.8574	669427.8	0.0	557500	16578.959037303925
223	-46.0	-46.0	-50.0	656101.6	1443284.1	20238852.0	4576.798	587452.06	0.0	560000	16654.068989276886
224	-49.0	-49.0	-50.0	924546.5	2430944.8	49262788.0	4384.9717	890629.8	0.0	562500	16732.004464387894
225	-48.0	-48.0	-50.0	741796.6	1938029.9	47364910.0	3643.3174	765032.56	0.0	565000	16807.78516769409
226	-50.0	-50.0	-45.0	1014063.56	2328581.8	36077636.0	7325.085	915067.25	0.1	567500	16882.077055215836
227	-47.86	-47.86	-45.0	871159.56	2283175.8	56211812.0	4618.7573	794519.44	0.1	570000	16958.266940116882
228	-48.0	-48.0	-50.0	1023497.0	3094624.0	72375040.0	6497.713	933185.44	0.0	572500	17033.486277341843
229	-50.0	-50.0	-50.0	662748.56	1503525.2	19161816.0	2763.102	596870.06	0.0	575000	17109.346448659897
230	-47.0	-47.0	-45.0	750256.4	2067973.8	35841924.0	2497.9473	714719.0	0.1	577500	17184.370175123215
231	-49.0	-49.0	-50.0	834430.4	2066768.5	39445316.0	5646.9185	770279.44	0.0	580000	17260.86065030098
232	-45.98	-45.98	-50.0	1834865.6	3064665.2	64061716.0	30765.535	1780280.6	0.0	582500	17335.75880932808
233	-47.82	-47.82	-50.0	1788897.0	3223703.5	79576010.0	49652.72	1777220.6	0.0	585000	17409.290183782578
234	-48.0	-48.0	-50.0	2711318.5	4223161.5	76453240.0	34749.938	2690803.8	0.0	587500	17483.223866701126
235	-48.0	-48.0	-45.0	3442249.8	4627684.5	62927096.0	154696.83	3397680.2	0.1	590000	17557.163273334503
236	-49.0	-49.0	-50.0	2854034.0	5598225.5	175087920.0	36338.344	2794506.8	0.0	592500	17630.774955034256
237	-49.0	-49.0	-45.0	3821158.0	5792722.5	147728020.0	122373.875	3825930.0	0.1	595000	17703.671988248825
238	-48.0	-48.0	-45.0	4844434.5	6821583.0	140172670.0	162227.61	4919102.0	0.1	597500	17777.783563375473
239	-48.0	-48.0	-45.0	5669143.0	8745232.0	250563970.0	358855.4	5593712.5	0.1	600000	17852.918533086777
240	-49.0	-49.0	-45.0	6759582.5	9923158.0	274812300.0	335392.06	6756333.5	0.1	602500	17926.70607161522
241	-50.0	-50.0	-50.0	8718909.0	17994948.0	434623330.0	589572.6	8451612.0	0.0	605000	18004.13395667076
242	-47.0	-47.0	-50.0	7908918.5	12408041.0	297650100.0	561207.75	7833027.5	0.0	607500	18079.251512765884
243	-48.0	-48.0	-45.0	8279007.0	17722638.0	389185180.0	570332.75	7877189.0	0.1	610000	18155.35282611847
244	-48.0	-48.0	-50.0	6593714.5	17487044.0	497248450.0	390760.8	6272812.5	0.0	612500	18231.654861927032
245	-48.0	-48.0	-50.0	5722915.0	17910232.0	504922700.0	402606.25	5350835.5	0.0	615000	18306.934963941574
246	-45.0	-45.0	-45.0	5175540.5	18152492.0	390746800.0	324184.66	4632097.5	0.1	617500	18383.251703739166
247	-49.0	-49.0	-50.0	4297742.0	11313886.0	209941620.0	187333.9	3858737.2	0.0	620000	18457.743170261383
248	-49.0	-49.0	-50.0	3207955.0	11717330.0	451433900.0	264433.25	3083408.5	0.0	622500	18531.321925878525
249	-48.0	-48.0	-50.0	2224772.5	8709618.0	340646800.0	114981.33	2093137.0	0.0	625000	18606.346143484116
250	-47.0	-47.0	-45.0	1919663.9	4929962.5	99498080.0	82379.8	1906578.8	0.1	627500	18681.992254018784
251	-48.0	-48.0	-45.0	1555867.4	3015644.2	55795548.0	88971.766	1338658.0	0.1	630000	18756.156751155853
252	-49.06	-49.06	-45.0	1345716.8	4947720.5	149422620.0	57284.68	1261438.1	0.1	632500	18829.52839398384
253	-50.0	-50.0	-45.0	1031646.06	3259608.8	69605650.0	53978.0	1078885.9	0.1	635000	18905.580688238144
254	-48.0	-48.0	-45.0	988645.1	3114428.0	63636236.0	34850.984	863801.56	0.1	637500	18980.50434947014
255	-50.0	-50.0	-45.0	863534.56	4079993.2	120978430.0	29784.18	849527.06	0.1	640000	19055.10018181801
256	-49.0	-49.0	-45.0	611394.9	2268696.0	57008650.0	15071.21	523663.5	0.1	642500	19127.541149377823
257	-47.0	-47.0	-50.0	937923.94	7038127.0	194517070.0	14772.123	943789.9	0.0	645000	19201.288592100143
258	-49.0	-49.0	-50.0	913881.06	7881763.5	284340200.0	14710.8	857365.44	0.0	647500	19275.543231248856
259	-49.0	-49.0	-45.0	974047.06	11149944.0	481086660.0	9118.243	893471.2	0.1	650000	19348.563171863556
260	-48.0	-48.0	-50.0	1154841.0	6294958.5	196887980.0	15966.203	965358.44	0.0	652500	19421.30633211136
261	-49.0	-49.0	-50.0	745677.1	2082146.5	39845532.0	14731.92	686906.5	0.0	655000	19496.688920021057
262	-48.0	-48.0	-40.0	1243154.1	10879153.0	458826850.0	12556.293	1233693.8	0.2	657500	19570.02095556259
263	-48.52	-48.52	-50.0	1416929.2	6981967.0	174406050.0	55437.727	1283743.0	0.0	660000	19644.60733151436
264	-48.0	-48.0	-50.0	1049585.1	2625516.8	62218490.0	56037.598	1007667.75	0.0	662500	19717.747269392014
265	-49.0	-49.0	-45.0	1464714.8	10241130.0	371837120.0	28659.441	1376105.0	0.1	665000	19792.183056116104
266	-48.0	-48.0	-40.0	1677395.0	4732793.5	87045010.0	31204.465	1584535.0	0.2	667500	19868.684824228287
267	-46.82	-46.82	-50.0	4911132.5	16203290.0	453709570.0	74257.69	4570607.0	0.0	670000	19948.013469219208
268	-49.0	-49.0	-50.0	11534346.0	22682466.0	363510980.0	695635.06	11607448.0	0.0	672500	20024.92666912079
269	-48.0	-48.0	-50.0	15718049.0	36205536.0	1074872600.0	1408433.5	15188286.0	0.0	675000	20098.72154188156
270	-44.0	-44.0	-50.0	15036076.0	26730072.0	359183900.0	1514678.0	14997920.0	0.0	677500	20174.396265745163
271	-46.0	-46.0	-50.0	17529018.0	38612816.0	638506700.0	1194678.6	16951778.0	0.0	680000	20249.542657613754
272	-48.9	-48.9	-50.0	18199798.0	35708110.0	880741600.0	1670438.0	17337988.0	0.0	682500	20323.981976509094
273	-49.0	-49.0	-45.0	21424758.0	53161476.0	1599067500.0	1727249.6	20076406.0	0.1	685000	20397.23123407364
274	-47.0	-47.0	-50.0	26119642.0	50720870.0	943468740.0	2098755.5	24737112.0	0.0	687500	20472.337047815323
275	-48.0	-48.0	-50.0	28115460.0	46583452.0	825369400.0	2419822.8	27029712.0	0.0	690000	20545.650516033173
276	-47.2	-47.2	-45.0	26089590.0	43195764.0	667380100.0	2507155.0	24648722.0	0.1	692500	20619.797181367874
277	-45.0	-45.0	-45.0	24028736.0	48080136.0	836928900.0	1598838.4	23143788.0	0.1	695000	20694.772973775864
278	-46.88	-46.88	-50.0	28163334.0	52395240.0	1073304200.0	2137477.8	26880770.0	0.0	697500	20767.900663375854
279	-48.0	-48.0	-45.0	31178802.0	63164196.0	995402400.0	1768887.5	30131432.0	0.1	700000	20843.757937192917
280	-49.0	-49.0	-50.0	32992360.0	82809250.0	1547911400.0	2077357.9	30930244.0	0.0	702500	20919.224192857742
281	-48.0	-48.0	-50.0	38249510.0	79947080.0	1761803900.0	1878173.6	36378010.0	0.0	705000	20993.552409172058
282	-50.0	-50.0	-35.0	41838484.0	77838100.0	1029419800.0	2405177.5	40328740.0	0.3	707500	21067.247284173965
283	-49.0	-49.0	-45.0	44511260.0	94235520.0	2062450000.0	1894030.2	43381876.0	0.1	710000	21141.38149189949
284	-49.0	-49.0	-50.0	46237492.0	79576520.0	1373957000.0	2512894.2	45510724.0	0.0	712500	21213.894334316254
285	-49.62	-49.62	-50.0	41352664.0	79410856.0	1705291000.0	2329429.0	39365604.0	0.0	715000	21287.96478509903
286	-48.0	-48.0	-50.0	35133260.0	87819780.0	2286794800.0	2015809.0	34510692.0	0.0	717500	21360.72220134735
287	-48.0	-48.0	-50.0	24620176.0	55176130.0	1162325000.0	1652741.0	23700140.0	0.0	720000	21434.568117141724
288	-47.68	-47.68	-50.0	33071850.0	103346940.0	2269224000.0	1199648.5	30927918.0	0.0	722500	21507.107331752777
289	-50.0	-50.0	-50.0	24910950.0	56538170.0	1116462600.0	1256534.8	23884484.0	0.0	725000	21582.337215423584
290	-50.0	-50.0	-50.0	23197478.0	101351496.0	3776165600.0	1271220.4	20889142.0	0.0	727500	21658.484006166458
291	-49.0	-49.0	-50.0	28444308.0	140096930.0	3794815500.0	913995.5	27799348.0	0.0	730000	21736.78664970398
292	-49.96	-49.96	-45.0	22922342.0	94674290.0	3040152300.0	957330.6	23003938.0	0.1	732500	21810.852188825607
293	-50.0	-50.0	-50.0	22054928.0	100239940.0	2355268600.0	716368.9	20367862.0	0.0	735000	21884.213340997696
294	-50.0	-50.0	-50.0	21604016.0	85956590.0	1680798800.0	406612.97	20338402.0	0.0	737500	21958.085208892822
295	-50.0	-50.0	-45.0	19964846.0	66603976.0	1087478300.0	636638.1	17781076.0	0.1	740000	22031.97032213211
296	-48.0	-48.0	-50.0	18481134.0	56384584.0	911181250.0	594311.25	16641993.0	0.0	742500	22107.056826353073
297	-47.0	-47.0	-45.0	17834610.0	61152910.0	1276096900.0	634033.1	16862522.0	0.1	745000	22179.531542301178
298	-48.0	-48.0	-50.0	20950242.0	71662550.0	1836191500.0	729864.6	20056756.0	0.0	747500	22255.053171157837
299	-48.0	-48.0	-50.0	21719498.0	69135550.0	1189831000.0	724509.6	20919872.0	0.0	750000	22329.71478843689
300	-48.56	-48.56	-50.0	34207364.0	323129470.0	11071870000.0	514385.16	34781236.0	0.0	752500	22403.70884656906
301	-48.0	-48.0	-50.0	30876282.0	195862030.0	5019142000.0	392171.88	31199092.0	0.0	755000	22479.20861172676
302	-47.56	-47.56	-49.6	39245530.0	285198460.0	7471639000.0	595593.4	40554970.0	0.0	757500	22552.51139163971
303	-48.0	-48.0	-45.0	50526420.0	362233820.0	10255554000.0	1080716.8	50922652.0	0.1	760000	22627.464728355408
304	-47.0	-47.0	-45.0	38680770.0	299063070.0	8418596000.0	670702.25	39143904.0	0.1	762500	22700.119082450867
305	-47.0	-47.0	-45.0	40775132.0	296234700.0	8856332000.0	812113.1	40151588.0	0.1	765000	22773.177843809128
306	-46.76	-46.76	-45.0	30549434.0	161676690.0	4719693300.0	786452.4	29009900.0	0.1	767500	22847.7568693161
307	-50.0	-50.0	-50.0	47657976.0	345758900.0	8002611700.0	948622.44	47682300.0	0.0	770000	22920.38714647293
308	-50.0	-50.0	-50.0	71982200.0	492877100.0	10467414000.0	845096.9	73212056.0	0.0	772500	22995.327424526215
309	-47.0	-47.0	-50.0	77674744.0	513162200.0	10934115000.0	988618.25	75571144.0	0.0	775000	23069.09184861183
310	-49.0	-49.0	-50.0	73255450.0	463299400.0	9565311000.0	953581.1	72772350.0	0.0	777500	23143.609171152115
311	-46.0	-46.0	-45.0	72180700.0	391916540.0	7419006000.0	1103759.1	69489740.0	0.1	780000	23217.62437057495
312	-48.0	-48.0	-45.0	91391000.0	425965020.0	15086568000.0	3812794.5	88082800.0	0.1	782500	23290.765853405
313	-47.0	-47.0	-50.0	122621260.0	656073700.0	15653090000.0	3733866.0	118934860.0	0.0	785000	23366.670154571533
314	-49.0	-49.0	-50.0	123001700.0	845938600.0	21558330000.0	1867702.5	120199400.0	0.0	787500	23440.491928339005
315	-48.9	-48.9	-50.0	141959900.0	800713900.0	15544332000.0	2087948.2	138837580.0	0.0	790000	23514.90899705887
316	-50.0	-50.0	-45.0	177708460.0	993493570.0	20958026000.0	3698658.5	178277120.0	0.1	792500	23589.7174847126
317	-48.86	-48.86	-50.0	162991730.0	799599940.0	15942135000.0	4079575.8	157955170.0	0.0	795000	23662.744586467743
318	-46.84	-46.84	-50.0	182087250.0	955570300.0	29094375000.0	5808273.5	169559680.0	0.0	797500	23736.647000074387
319	-45.32	-45.32	-50.0	137468140.0	886679100.0	28674484000.0	3680510.2	132428190.0	0.0	800000	23809.494633197784
320	-50.0	-50.0	-50.0	206589760.0	1083717400.0	21211013000.0	3727399.8	198523570.0	0.0	802500	23884.83721590042
321	-50.0	-50.0	-45.0	120673040.0	566203460.0	11331501000.0	3090372.2	114899020.0	0.1	805000	23959.50737595558
322	-46.0	-46.0	-50.0	174326820.0	1088395400.0	18539438000.0	2436589.8	172783150.0	0.0	807500	24033.88653063774
323	-45.88	-45.88	-50.0	234731570.0	1708207700.0	60536080000.0	2268651.2	225375580.0	0.0	810000	24109.621647834778
324	-47.0	-47.0	-50.0	295909220.0	2228722000.0	66146830000.0	5120286.5	279956130.0	0.0	812500	24183.410465478897
325	-48.0	-48.0	-50.0	296761380.0	1832818700.0	48503290000.0	4638210.5	282246200.0	0.0	815000	24256.366270780563
326	-49.0	-49.0	-50.0	262668420.0	1440947700.0	44823470000.0	8473927.0	251488210.0	0.0	817500	24331.23295402527
327	-49.0	-49.0	-45.0	319880700.0	1470509000.0	36087935000.0	15906762.0	308669920.0	0.1	820000	24404.62956929207
328	-49.0	-49.0	-50.0	417460580.0	1975961000.0	52233916000.0	9845374.0	397471840.0	0.0	822500	24479.650231599808
329	-49.0	-49.0	-45.0	374961730.0	1726347600.0	39526633000.0	8807629.0	365939520.0	0.1	825000	24551.329068899155
330	-48.0	-48.0	-50.0	449979940.0	2259573800.0	46392470000.0	6742507.5	434915400.0	0.0	827500	24626.209020137787
331	-49.0	-49.0	-50.0	411546020.0	1713380400.0	38079640000.0	10183790.0	407737900.0	0.0	830000	24699.59344816208
332	-46.94	-46.94	-45.0	523586750.0	2829664800.0	80660850000.0	13135849.0	510841900.0	0.1	832500	24773.02250981331
333	-49.0	-49.0	-50.0	485617860.0	2724467000.0	80702820000.0	14922324.0	466345820.0	0.0	835000	24848.37883734703
334	-49.0	-49.0	-50.0	592026900.0	2910336000.0	61127918000.0	13789550.0	563906900.0	0.0	837500	24922.41928601265
335	-47.96	-47.96	-45.0	516573630.0	2174724000.0	51803870000.0	14018822.0	489600320.0	0.1	840000	24996.287875652313
336	-46.0	-46.0	-50.0	668325250.0	3211165200.0	110033600000.0	23606360.0	643771500.0	0.0	842500	25068.57968211174
337	-47.96	-47.96	-50.0	662520600.0	2909411600.0	60313444000.0	18537876.0	645148000.0	0.0	845000	25141.994203090668
338	-48.0	-48.0	-50.0	766210500.0	3375012600.0	75947380000.0	20839622.0	743018600.0	0.0	847500	25213.482511281967
339	-46.0	-46.0	-45.0	820227700.0	3550221600.0	71755540000.0	21764180.0	795309500.0	0.1	850000	25285.937766313553
340	-50.0	-50.0	-50.0	826855100.0	3560290800.0	87026030000.0	19945624.0	790466100.0	0.0	852500	25360.117371320724
341	-48.0	-48.0	-50.0	863873000.0	3674282500.0	66446074000.0	23269480.0	834100740.0	0.0	855000	25432.760538578033
342	-49.0	-49.0	-50.0	783438850.0	3993643300.0	99849640000.0	36806230.0	768605300.0	0.0	857500	25504.452171564102
343	-48.0	-48.0	-50.0	948352200.0	3388894200.0	68408830000.0	38095200.0	903521660.0	0.0	860000	25576.921051502228
344	-49.0	-49.0	-45.0	921022200.0	3731061200.0	61649957000.0	39582304.0	884973900.0	0.1	862500	25652.039232730865
345	-48.0	-48.0	-50.0	944261440.0	3613691400.0	77213820000.0	31299318.0	893863500.0	0.0	865000	25725.920359134674
346	-48.0	-48.0	-50.0	1151424000.0	4403111400.0	64749440000.0	39360824.0	1097600900.0	0.0	867500	25801.35243821144
347	-49.0	-49.0	-50.0	1106728800.0	3718358500.0	53483647000.0	56502060.0	1051142500.0	0.0	870000	25874.69981431961
348	-49.0	-49.0	-50.0	1609929200.0	4703656000.0	58679600000.0	62433050.0	1554042400.0	0.0	872500	25947.779053926468
349	-49.0	-49.0	-50.0	2267597600.0	8386798600.0	183695210000.0	71103300.0	2194646800.0	0.0	875000	26020.47786951065
350	-49.0	-49.0	-50.0	2037673900.0	5630546000.0	85276890000.0	80888710.0	1957338200.0	0.0	877500	26094.92418217659
351	-50.0	-50.0	-50.0	1588593700.0	5124008400.0	76602294000.0	75672830.0	1515874300.0	0.0	880000	26169.069843053818
352	-49.0	-49.0	-50.0	1822402600.0	6373064000.0	176598370000.0	92157430.0	1772946200.0	0.0	882500	26241.20811533928
353	-45.78	-45.78	-50.0	2265068800.0	8825033000.0	177591190000.0	72418880.0	2196907500.0	0.0	885000	26315.0998108387
354	-48.0	-48.0	-45.0	1979135000.0	6233837600.0	69772526000.0	81698160.0	1915441700.0	0.1	887500	26387.94964671135
355	-49.0	-49.0	-45.0	2171238100.0	8011183600.0	139566170000.0	90478260.0	2171392300.0	0.1	890000	26459.885544776917
356	-47.52	-47.52	-50.0	2521956400.0	8071079400.0	107124744000.0	114940030.0	2416543500.0	0.0	892500	26532.688315868378
357	-50.0	-50.0	-35.0	2666555000.0	7271627300.0	126854390000.0	213155630.0	2565222000.0	0.3	895000	26605.444763183594
358	-47.0	-47.0	-50.0	3262123000.0	8059341300.0	128694575000.0	258857020.0	3149400300.0	0.0	897500	26680.926151275635
359	-49.0	-49.0	-50.0	3105602000.0	7642535400.0	123952770000.0	185121570.0	3017032000.0	0.0	900000	26753.39172720909
360	-49.0	-49.0	-50.0	3585343500.0	8234492000.0	90511960000.0	240915870.0	3511483000.0	0.0	902500	26826.585733175278
361	-47.0	-47.0	-45.0	3721938000.0	8380207000.0	112641960000.0	197762080.0	3589863400.0	0.1	905000	26900.932462453842
362	-50.0	-50.0	-50.0	4739768300.0	11853094000.0	120945190000.0	229600350.0	4515758600.0	0.0	907500	26975.43551492691
363	-50.0	-50.0	-45.0	5120605700.0	10710623000.0	125202910000.0	192487230.0	5080879000.0	0.1	910000	27048.547268152237
364	-49.0	-49.0	-50.0	5535889000.0	13668251000.0	158340070000.0	247351090.0	5231068700.0	0.0	912500	27122.968839645386
365	-48.86	-48.86	-40.0	5747547000.0	12616315000.0	163920400000.0	148426500.0	5582159400.0	0.2	915000	27197.43412232399
366	-49.0	-49.0	-50.0	5086731300.0	10244981000.0	171977200000.0	236621660.0	4986577400.0	0.0	917500	27270.322709798813
367	-47.0	-47.0	-50.0	5104816000.0	10645068000.0	122631750000.0	212319410.0	4928561000.0	0.0	920000	27344.146560192108
368	-49.0	-49.0	-50.0	6640072700.0	14003815000.0	234604900000.0	292578800.0	6282654000.0	0.0	922500	27416.30799126625
369	-48.0	-48.0	-50.0	7890472000.0	15367841000.0	216355080000.0	357001660.0	7667893000.0	0.0	925000	27488.28341603279
370	-49.0	-49.0	-45.0	7258700000.0	13476899000.0	196519130000.0	434456930.0	6941914000.0	0.1	927500	27562.526044607162
371	-48.0	-48.0	-50.0	8286950400.0	14740033000.0	204000130000.0	424766100.0	8005216000.0	0.0	930000	27634.85083603859
372	-49.0	-49.0	-45.0	8984694000.0	15128356000.0	195373470000.0	353491330.0	8706441000.0	0.1	932500	27709.626408815384
373	-49.0	-49.0	-50.0	8789075000.0	16779485000.0	201887170000.0	369967840.0	8402516500.0	0.0	935000	27782.60187268257
374	-49.0	-49.0	-45.0	7790549000.0	13443353000.0	139388320000.0	337990880.0	7442208300.0	0.1	937500	27854.69929790497
375	-49.76	-49.76	-50.0	8917968000.0	18512634000.0	331232670000.0	293794100.0	8580760600.0	0.0	940000	27928.311010599136
376	-48.2	-48.2	-50.0	8277598000.0	15418271000.0	284022370000.0	422602270.0	7868251000.0	0.0	942500	28003.804210424423
377	-49.0	-49.0	-45.0	9104013000.0	18492393000.0	245086220000.0	398276740.0	8653811000.0	0.1	945000	28078.882533311844
378	-46.0	-46.0	-50.0	10161754000.0	21393306000.0	336733860000.0	392704960.0	9669445000.0	0.0	947500	28150.14666080475
379	-48.8	-48.8	-50.0	10570033000.0	20343314000.0	224755990000.0	446743170.0	9920530000.0	0.0	950000	28223.805815458298
380	-49.0	-49.0	-50.0	9516019000.0	19128525000.0	224227600000.0	314368580.0	9026113000.0	0.0	952500	28296.597509145737
381	-49.0	-49.0	-50.0	10328860000.0	21430899000.0	300576600000.0	394246000.0	9793253000.0	0.0	955000	28370.851588249207
382	-49.0	-49.0	-45.0	11099333000.0	22558392000.0	300251840000.0	395169600.0	10343928000.0	0.1	957500	28443.761749505997
383	-48.0	-48.0	-40.0	10912549000.0	21377434000.0	246874570000.0	371451070.0	10313334000.0	0.2	960000	28517.283881425858
384	-50.0	-50.0	-50.0	10837539000.0	22579372000.0	213783040000.0	386797900.0	10406109000.0	0.0	962500	28591.686594486237
385	-48.0	-48.0	-49.8	11316368000.0	21638190000.0	264706500000.0	362645300.0	10651425000.0	0.0	965000	28665.414447784424
386	-47.7	-47.7	-45.0	10255293000.0	20067530000.0	232418130000.0	260599540.0	9634712000.0	0.1	967500	28738.4571185112
387	-47.0	-47.0	-50.0	11535441000.0	20286876000.0	188364400000.0	487132300.0	10877261000.0	0.0	970000	28813.34586930275
388	-49.0	-49.0	-50.0	13071771000.0	23027603000.0	287285900000.0	711457000.0	12406828000.0	0.0	972500	28887.28414583206
389	-47.94	-47.94	-50.0	14623049000.0	23866116000.0	459920870000.0	1123044500.0	13875770000.0	0.0	975000	28960.628744363785
390	-49.0	-49.0	-50.0	14838082000.0	25028565000.0	371968180000.0	918557400.0	14211860000.0	0.0	977500	29032.154987335205
391	-49.0	-49.0	-50.0	17365793000.0	25504250000.0	272906620000.0	1062959100.0	16213567000.0	0.0	980000	29104.04661011696
392	-47.0	-47.0	-50.0	16369943000.0	24023368000.0	297090200000.0	1045774500.0	15691124000.0	0.0	982500	29175.199149131775
393	-47.0	-47.0	-45.0	18061525000.0	25583452000.0	356158050000.0	1049128640.0	17174471000.0	0.1	985000	29246.86725282669
394	-49.74	-49.74	-50.0	20771037000.0	28532040000.0	388564400000.0	1664568000.0	19610665000.0	0.0	987500	29317.33383011818
395	-49.0	-49.0	-50.0	18076346000.0	21685697000.0	245746730000.0	1273066500.0	17122640000.0	0.0	990000	29388.347312927246
396	-49.2	-49.2	-45.0	17655894000.0	26702922000.0	353083700000.0	830107700.0	16934272000.0	0.1	992500	29459.786969423294
397	-48.0	-48.0	-45.0	16979212000.0	26561384000.0	310572650000.0	580759040.0	15941350000.0	0.1	995000	29531.281408309937
398	-49.0	-49.0	-45.0	17461109000.0	25855652000.0	288265270000.0	877961340.0	16223572000.0	0.1	997500	29602.2113199234
399	-46.62	-46.62	-50.0	18181964000.0	28517007000.0	293850800000.0	738594800.0	17035831000.0	0.0	1000000	29672.631572008133
400	-47.14	-47.14	-50.0	17313160000.0	25840458000.0	301794330000.0	790188000.0	16291147000.0	0.0	1002500	29743.13721013069
401	-49.88	-49.88	-50.0	20369697000.0	30799305000.0	375096540000.0	1092423700.0	19315595000.0	0.0	1005000	29813.9740588665
402	-47.56	-47.56	-50.0	20262250000.0	32070502000.0	383801300000.0	493905920.0	18979478000.0	0.0	1007500	29885.275712251663
403	-48.88	-48.88	-50.0	21623837000.0	46121153000.0	987018760000.0	666362750.0	20382409000.0	0.0	1010000	29955.239463567734
404	-49.0	-49.0	-50.0	19444615000.0	30687924000.0	339277640000.0	690212600.0	18195292000.0	0.0	1012500	30026.169879436493
405	-48.0	-48.0	-50.0	17466348000.0	30810595000.0	371921320000.0	482904960.0	16387382000.0	0.0	1015000	30095.65516090393
406	-49.0	-49.0	-50.0	17920688000.0	35432670000.0	927560800000.0	529137200.0	16922750000.0	0.0	1017500	30164.738255262375
407	-48.42	-48.42	-50.0	18241036000.0	41248010000.0	948286100000.0	487532770.0	17538402000.0	0.0	1020000	30234.048878908157
408	-49.0	-49.0	-45.0	18264180000.0	41126363000.0	824111400000.0	502134000.0	17067972000.0	0.1	1022500	30303.64252638817
409	-47.44	-47.44	-50.0	17745711000.0	42826350000.0	838125700000.0	492918530.0	16855077000.0	0.0	1025000	30370.629512310028
410	-48.0	-48.0	-45.0	17388591000.0	34468876000.0	716735800000.0	475985020.0	16597963000.0	0.1	1027500	30437.680431842804
411	-48.82	-48.82	-50.0	17163177000.0	32247597000.0	437881180000.0	488746460.0	16487838000.0	0.0	1030000	30507.194398403168
412	-48.0	-48.0	-45.0	20311400000.0	42849480000.0	796258400000.0	421980350.0	19183501000.0	0.1	1032500	30573.54595065117
413	-49.0	-49.0	-45.0	20051298000.0	37422270000.0	731123350000.0	393709400.0	18957515000.0	0.1	1035000	30640.022186279297
414	-47.86	-47.86	-50.0	22360672000.0	41159110000.0	752518500000.0	670519800.0	21347020000.0	0.0	1037500	30707.555992603302
415	-45.76	-45.76	-49.6	20427692000.0	43498890000.0	696155440000.0	517408060.0	19345183000.0	0.0	1040000	30775.16842699051
416	-46.0	-46.0	-50.0	21563804000.0	41280393000.0	871778600000.0	456270000.0	20371081000.0	0.0	1042500	30842.572469472885
417	-48.88	-48.88	-50.0	22143520000.0	35410380000.0	424554900000.0	530249600.0	21513824000.0	0.0	1045000	30911.825946569443
418	-48.0	-48.0	-50.0	22118175000.0	41759200000.0	784636800000.0	527522660.0	21167809000.0	0.0	1047500	30980.29777264595
419	-48.0	-48.0	-45.0	22224050000.0	41221018000.0	704184100000.0	604413760.0	21196462000.0	0.1	1050000	31050.350063562393
420	-49.0	-49.0	-50.0	22146890000.0	42599600000.0	677446160000.0	674704100.0	21484734000.0	0.0	1052500	31118.544401407242
421	-48.58	-48.58	-50.0	22176970000.0	42093840000.0	775909150000.0	549116300.0	21167931000.0	0.0	1055000	31185.481234788895
422	-48.0	-48.0	-45.0	21775378000.0	36521050000.0	435400800000.0	794407200.0	20939220000.0	0.1	1057500	31253.814316272736
423	-48.76	-48.76	-50.0	22963845000.0	45985268000.0	905311600000.0	515776060.0	22032871000.0	0.0	1060000	31317.98410129547
424	-48.0	-48.0	-49.8	25338362000.0	52104884000.0	847051800000.0	542034800.0	24277290000.0	0.0	1062500	31385.368376255035
425	-48.88	-48.88	-50.0	25931565000.0	45680566000.0	988629040000.0	915137000.0	24699620000.0	0.0	1065000	31455.66430568695
426	-49.0	-49.0	-45.0	25713734000.0	50346267000.0	896152200000.0	686342140.0	24734398000.0	0.1	1067500	31523.00897717476
427	-49.84	-49.84	-49.2	27425993000.0	52530917000.0	1016844300000.0	764423400.0	26327093000.0	0.0	1070000	31591.285180330276
428	-49.0	-49.0	-50.0	29128684000.0	47946520000.0	984100100000.0	1130665000.0	27475069000.0	0.0	1072500	31656.982536554337
429	-48.0	-48.0	-50.0	33120702000.0	55677768000.0	983112200000.0	1588980000.0	31672470000.0	0.0	1075000	31726.434022665024
430	-48.0	-48.0	-50.0	32037450000.0	59798626000.0	910011600000.0	1323129900.0	30884230000.0	0.0	1077500	31795.960121154785
431	-50.0	-50.0	-50.0	32206123000.0	63202880000.0	975858200000.0	1208011300.0	30963702000.0	0.0	1080000	31861.201389312744
432	-49.0	-49.0	-50.0	30779187000.0	59256340000.0	1005324100000.0	993600400.0	29841373000.0	0.0	1082500	31926.97891354561
433	-49.0	-49.0	-50.0	35029316000.0	74632510000.0	1161597800000.0	1019369100.0	33150165000.0	0.0	1085000	31991.147101402283
434	-48.82	-48.82	-50.0	33916250000.0	65830300000.0	1135980000000.0	1067531800.0	33012705000.0	0.0	1087500	32055.96917271614
435	-48.0	-48.0	-50.0	34684210000.0	64915984000.0	1138111500000.0	657060000.0	33165128000.0	0.0	1090000	32116.99941468239
436	-50.0	-50.0	-49.6	35679250000.0	67153437000.0	1175859100000.0	799195500.0	34210939000.0	0.0	1092500	32178.204305410385
437	-49.8	-49.8	-45.0	39791985000.0	81227416000.0	1451789300000.0	1321482200.0	38730330000.0	0.1	1095000	32242.93913412094
438	-48.62	-48.62	-48.5	37809370000.0	57081160000.0	539139470000.0	953252800.0	36508353000.0	0.0	1097500	32309.93889093399
439	-47.0	-47.0	-50.0	42190692000.0	81231900000.0	1534390600000.0	1182974100.0	40895816000.0	0.0	1100000	32376.5463514328
440	-47.9	-47.9	-45.0	45415277000.0	73005450000.0	1316902800000.0	1566348000.0	43975905000.0	0.1	1102500	32440.5305287838
441	-48.92	-48.92	-50.0	49960300000.0	80655230000.0	1309988000000.0	2629048000.0	48565750000.0	0.0	1105000	32501.660732984543
442	-48.66	-48.66	-50.0	59713080000.0	86022880000.0	893426100000.0	2396291600.0	58060250000.0	0.0	1107500	32567.144601345062
443	-48.0	-48.0	-40.0	55920150000.0	90843570000.0	1625957000000.0	2185951700.0	54790656000.0	0.2	1110000	32627.454706430435
444	-48.0	-48.0	-50.0	60425585000.0	103419085000.0	1659183300000.0	2291500000.0	58562320000.0	0.0	1112500	32686.98958849907
445	-46.0	-46.0	-50.0	58575490000.0	113649240000.0	1742106900000.0	1829219100.0	56625234000.0	0.0	1115000	32747.450597524643
446	-46.0	-46.0	-50.0	58376356000.0	97735320000.0	984334140000.0	2235877400.0	56640350000.0	0.0	1117500	32805.72476577759
447	-49.0	-49.0	-50.0	67557670000.0	128040985000.0	2157423800000.0	2338148900.0	65757835000.0	0.0	1120000	32861.487053632736
448	-49.86	-49.86	-50.0	62871876000.0	119749700000.0	1820764300000.0	2303389700.0	59594280000.0	0.0	1122500	32921.534140110016
449	-49.0	-49.0	-45.0	69851275000.0	130632560000.0	1702875100000.0	2914677800.0	67744930000.0	0.1	1125000	32981.08243227005
450	-48.0	-48.0	-45.0	62429286000.0	119957910000.0	2087461800000.0	2021898800.0	59630285000.0	0.1	1127500	33040.6977455616
451	-49.0	-49.0	-45.0	66146165000.0	121142000000.0	1321297800000.0	3290251300.0	63659532000.0	0.1	1130000	33097.23064303398
452	-48.0	-48.0	-45.0	66779890000.0	130466010000.0	2544655400000.0	3449238500.0	63743934000.0	0.1	1132500	33155.248282670975
453	-50.0	-50.0	-50.0	65817686000.0	137036410000.0	1982252700000.0	4627451000.0	63053070000.0	0.0	1135000	33216.624442100525
454	-50.0	-50.0	-50.0	71117545000.0	143381950000.0	1808292400000.0	4344600600.0	68109406000.0	0.0	1137500	33274.041274785995
455	-49.0	-49.0	-50.0	76890250000.0	155646400000.0	1862292000000.0	3616341000.0	75151250000.0	0.0	1140000	33330.05365347862
456	-50.0	-50.0	-50.0	70778910000.0	141582990000.0	1936858200000.0	3110727400.0	69005080000.0	0.0	1142500	33384.98570775986
457	-48.26	-48.26	-50.0	65350680000.0	136043225000.0	2384064700000.0	2018393100.0	62598840000.0	0.0	1145000	33441.55567264557
458	-49.0	-49.0	-45.0	69470460000.0	139540150000.0	1940354000000.0	2892603000.0	66653544000.0	0.1	1147500	33498.76943206787
459	-49.0	-49.0	-50.0	79135560000.0	157535550000.0	2587874300000.0	3680773600.0	76132580000.0	0.0	1150000	33557.37363958359
460	-45.88	-45.88	-50.0	84150620000.0	181647000000.0	2654563000000.0	3724527600.0	80728940000.0	0.0	1152500	33615.8525326252
461	-49.94	-49.94	-50.0	86309020000.0	151649080000.0	2398429000000.0	3982238000.0	82853310000.0	0.0	1155000	33673.637721538544
462	-48.0	-48.0	-49.7	84026800000.0	171821530000.0	3303083900000.0	2999121000.0	82020320000.0	0.0	1157500	33734.0865316391
463	-50.0	-50.0	-50.0	73726050000.0	144152230000.0	2814040900000.0	2333214000.0	71380280000.0	0.0	1160000	33792.61511063576
464	-50.0	-50.0	-45.0	83072836000.0	155668600000.0	2016107700000.0	3599362000.0	80079400000.0	0.1	1162500	33851.018380880356
465	-47.0	-47.0	-50.0	84575050000.0	163275500000.0	2642866600000.0	4314442000.0	82231900000.0	0.0	1165000	33907.61048126221
466	-49.2	-49.2	-50.0	91653505000.0	161343390000.0	1542035600000.0	2778658800.0	87275750000.0	0.0	1167500	33965.181382894516
467	-48.96	-48.96	-50.0	90202430000.0	190874030000.0	3250470800000.0	3464203300.0	86756475000.0	0.0	1170000	34022.97110033035
468	-50.0	-50.0	-50.0	100874960000.0	215008410000.0	3151937100000.0	3951824400.0	97163080000.0	0.0	1172500	34084.64598083496
469	-47.0	-47.0	-50.0	108071444000.0	178787860000.0	2140190400000.0	3983641000.0	104820466000.0	0.0	1175000	34144.00472569466
470	-49.0	-49.0	-50.0	102539660000.0	187836370000.0	2489575000000.0	3442486000.0	99472360000.0	0.0	1177500	34200.671010017395
471	-47.0	-47.0	-50.0	109592740000.0	215524920000.0	3609029000000.0	4044332500.0	104111330000.0	0.0	1180000	34258.58002662659
472	-50.0	-50.0	-50.0	111546170000.0	237960310000.0	3841547800000.0	2835888000.0	107926544000.0	0.0	1182500	34316.38062405586
473	-48.0	-48.0	-50.0	114250740000.0	242546070000.0	3417985500000.0	2714193000.0	110421290000.0	0.0	1185000	34375.96532559395
474	-50.0	-50.0	-50.0	110951055000.0	244745910000.0	3279940700000.0	3257276700.0	107779270000.0	0.0	1187500	34433.182221889496
475	-46.0	-46.0	-50.0	110545125000.0	212706770000.0	2303092000000.0	3540076300.0	106450880000.0	0.0	1190000	34491.95054316521
476	-49.98	-49.98	-45.0	143696480000.0	498879230000.0	9815161000000.0	4124666400.0	139706970000.0	0.1	1192500	34551.72230529785
477	-49.96	-49.96	-48.0	135561945000.0	333882400000.0	7413304000000.0	3509161500.0	132448510000.0	0.0	1195000	34611.295321941376
478	-48.0	-48.0	-49.6	117657510000.0	291662760000.0	8494511600000.0	4320811000.0	113415480000.0	0.0	1197500	34669.45135974884
479	-48.0	-48.0	-50.0	134233965000.0	416105040000.0	8630875000000.0	3116633000.0	132206860000.0	0.0	1200000	34726.21929216385
480	-49.0	-49.0	-50.0	129195950000.0	264994160000.0	4043165100000.0	3095284500.0	122433900000.0	0.0	1202500	34782.07304549217
481	-48.94	-48.94	-50.0	130816990000.0	291883750000.0	8370881300000.0	4520568000.0	127608365000.0	0.0	1205000	34836.7971675396
482	-47.0	-47.0	-50.0	132786110000.0	310340400000.0	7434684300000.0	3469404700.0	126187135000.0	0.0	1207500	34893.80461406708
483	-45.7	-45.7	-45.0	158221900000.0	409880000000.0	7872481000000.0	3292568000.0	151470870000.0	0.1	1210000	34952.10336828232
484	-50.0	-50.0	-45.0	152221830000.0	388114640000.0	8287906400000.0	3912757500.0	146270520000.0	0.1	1212500	35011.951181173325
485	-49.0	-49.0	-50.0	127232950000.0	288909520000.0	3928061000000.0	3242001200.0	120047070000.0	0.0	1215000	35071.38452029228
486	-48.38	-48.38	-50.0	143272900000.0	407626500000.0	9758164000000.0	3029330400.0	138275050000.0	0.0	1217500	35127.22875189781
487	-45.4	-45.4	-48.6	150624940000.0	458330900000.0	9450764000000.0	3447271700.0	143964850000.0	0.0	1220000	35182.1267914772
488	-49.0	-49.0	-45.0	176564170000.0	418187300000.0	7394448400000.0	3921293600.0	165314890000.0	0.1	1222500	35238.60820603371
489	-45.18	-45.18	-45.0	167523860000.0	378004870000.0	9289135000000.0	4467623400.0	159044140000.0	0.1	1225000	35296.91845989227
490	-46.0	-46.0	-45.0	196678930000.0	493140670000.0	9476074000000.0	5738571300.0	182511750000.0	0.1	1227500	35355.14222741127
491	-47.0	-47.0	-50.0	176538390000.0	395800050000.0	8286580500000.0	3824810500.0	168365650000.0	0.0	1230000	35410.9248380661
492	-49.0	-49.0	-40.0	165178560000.0	316337650000.0	3694365000000.0	4297586700.0	157725380000.0	0.2	1232500	35465.57859301567
493	-50.0	-50.0	-50.0	182879030000.0	479566700000.0	10006049000000.0	5201235000.0	176950510000.0	0.0	1235000	35523.03713345528
494	-46.0	-46.0	-50.0	199650260000.0	543542150000.0	9020571000000.0	5126522000.0	189719800000.0	0.0	1237500	35584.02190589905
495	-47.0	-47.0	-45.0	195696380000.0	448336000000.0	6879440300000.0	2624379400.0	190076300000.0	0.1	1240000	35643.85900306702
496	-42.84	-42.84	-50.0	181402650000.0	387827340000.0	5386416000000.0	4572493000.0	174743200000.0	0.0	1242500	35703.33952355385
497	-44.04	-44.04	-50.0	172842340000.0	386130400000.0	5716452600000.0	3415082800.0	163820010000.0	0.0	1245000	35754.945932388306
498	-49.0	-49.0	-50.0	179760700000.0	399164440000.0	5463437000000.0	3218621000.0	171978920000.0	0.0	1247500	35814.80092525482
499	-47.48	-47.48	-45.0	200929400000.0	521621440000.0	7238363600000.0	4603485000.0	190630720000.0	0.1	1250000	35876.80696558952
