Epoch	EpRet	EpRealRet	TestEpRet	AverageQ1	StdQ1	MaxQ1	MinQ1	Q2	TestSuccess	TotalEnvInteracts	TotalTime
0	-50.0	-50.0	-40.0	-1.7055993	3.6909518	16.191286	-31.406975	nan	0.2	2500	41.28303551673889
1	-49.0	-49.0	-50.0	-3.7277055	7.553615	4.1719766	-45.305397	nan	0.0	5000	95.06403636932373
2	-50.0	-50.0	-50.0	-4.9308515	9.955268	1.5213392	-45.682224	nan	0.0	7500	163.20927500724792
3	-50.0	-50.0	-47.3	-5.917284	11.883601	1.8224357	-61.868732	nan	0.1	10000	228.8055899143219
4	-50.0	-50.0	-50.0	-6.434277	12.8705845	1.4811628	-52.945515	nan	0.0	12500	293.56408190727234
5	-49.72	-49.72	-50.0	-6.6405845	13.33857	1.1705431	-54.35526	nan	0.0	15000	358.16887974739075
6	-49.96	-49.96	-49.8	-6.4293566	12.943759	2.587978	-78.04259	nan	0.0	17500	422.5629794597626
7	-49.92	-49.92	-50.0	-6.4573236	12.910434	2.0436087	-56.12331	nan	0.0	20000	486.5461468696594
8	-49.88	-49.88	-50.0	-6.131447	12.291488	1.4286146	-57.037815	nan	0.0	22500	548.8630840778351
9	-49.92	-49.92	-49.2	-5.6456685	11.258231	2.0851104	-56.97402	nan	0.0	25000	611.4218420982361
10	-49.7	-49.7	-50.0	-5.917354	11.465051	2.2055874	-55.321636	nan	0.0	27500	674.7523176670074
11	-49.92	-49.92	-46.399998	-6.3113728	12.161269	2.3169963	-56.751995	nan	0.1	30000	737.9021162986755
12	-49.96	-49.96	-49.7	-6.490006	12.503752	3.4037528	-56.39871	nan	0.0	32500	801.9338965415955
13	-49.54	-49.54	-50.0	-6.655733	12.795423	3.2456634	-58.2989	nan	0.0	35000	863.894629240036
14	-49.82	-49.82	-50.0	-6.686272	12.953284	6.622849	-55.357456	nan	0.0	37500	925.8267576694489
15	-50.0	-50.0	-50.0	-6.7911053	13.163149	2.6201057	-57.19726	nan	0.0	40000	988.2822592258453
16	-49.9	-49.9	-50.0	-6.8877163	13.2662525	2.678232	-59.11081	nan	0.0	42500	1051.4084496498108
17	-49.9	-49.9	-46.3	-7.003188	13.354028	4.0709004	-58.1452	nan	0.1	45000	1114.6266255378723
18	-49.72	-49.72	-50.0	-7.0087595	13.41851	4.688562	-56.596134	nan	0.0	47500	1178.823638677597
19	-49.92	-49.92	-49.7	-6.9936914	13.353283	6.559339	-58.585426	nan	0.0	50000	1242.994422197342
20	-49.1	-49.1	-50.0	-6.783908	12.738315	3.3671656	-54.8132	nan	0.0	52500	1306.5375428199768
21	-48.72	-48.72	-50.0	-6.6107626	12.374359	3.3705087	-58.95932	nan	0.0	55000	1369.5734584331512
22	-49.94	-49.94	-50.0	-6.742479	12.741421	3.4190168	-58.156662	nan	0.0	57500	1432.9748320579529
23	-49.66	-49.66	-45.0	-6.8315315	12.966942	3.1236725	-60.24519	nan	0.1	60000	1496.0091934204102
24	-49.82	-49.82	-48.8	-6.8530364	13.058853	2.8245718	-61.69819	nan	0.0	62500	1559.305801153183
25	-49.96	-49.96	-49.7	-6.9658036	13.226268	3.052207	-66.59097	nan	0.0	65000	1622.485582113266
26	-49.44	-49.44	-50.0	-7.0285954	13.258381	3.2389784	-57.5848	nan	0.0	67500	1684.3003857135773
27	-49.66	-49.66	-50.0	-6.918692	13.0739	2.7278051	-60.133083	nan	0.0	70000	1747.4529962539673
28	-49.44	-49.44	-49.5	-6.7793546	12.824892	3.6703143	-61.558163	nan	0.0	72500	1809.9321393966675
29	-49.62	-49.62	-49.2	-6.749945	12.7493305	8.227451	-60.237274	nan	0.0	75000	1872.976725578308
30	-48.98	-48.98	-48.0	-6.9101315	12.924427	3.5904357	-54.412094	nan	0.1	77500	1935.9404964447021
31	-49.84	-49.84	-50.0	-7.0159345	12.988645	4.380932	-56.226162	nan	0.0	80000	1999.9818315505981
32	-49.56	-49.56	-50.0	-6.9680653	12.820538	3.2592316	-57.779385	nan	0.0	82500	2063.056751012802
33	-49.2	-49.2	-45.600002	-6.9492803	12.843019	4.0167656	-57.675106	nan	0.1	85000	2126.03405046463
34	-48.58	-48.58	-47.9	-6.976236	12.902639	4.241892	-76.10527	nan	0.1	87500	2188.16286444664
35	-49.88	-49.88	-44.0	-7.013686	12.952432	3.4129968	-58.16655	nan	0.2	90000	2251.0825231075287
36	-49.44	-49.44	-50.0	-6.820807	12.532681	3.599111	-56.93882	nan	0.0	92500	2314.1160748004913
37	-49.68	-49.68	-49.2	-6.6899257	12.051082	4.9609013	-58.927544	nan	0.0	95000	2376.724101305008
38	-49.62	-49.62	-46.399998	-6.7948704	12.205808	3.2414033	-70.85392	nan	0.0	97500	2439.867438316345
39	-49.88	-49.88	-50.0	-7.0546646	12.606011	5.2204695	-79.84048	nan	0.0	100000	2502.2338564395905
40	-49.88	-49.88	-43.399998	-7.196383	12.761831	6.6142445	-71.99413	nan	0.2	102500	2564.3099954128265
41	-49.62	-49.62	-48.9	-7.2761726	12.89686	4.6709213	-58.641094	nan	0.0	105000	2626.884247303009
42	-48.28	-48.28	-50.0	-7.100673	12.67102	4.802893	-66.02491	nan	0.0	107500	2689.7936267852783
43	-49.86	-49.86	-49.1	-6.9985313	12.506376	7.619609	-70.81244	nan	0.1	110000	2752.117666244507
44	-49.94	-49.94	-47.5	-7.0745397	12.581297	5.0269003	-58.985733	nan	0.1	112500	2814.1791338920593
45	-48.88	-48.88	-50.0	-7.1950994	12.700524	5.510744	-73.14951	nan	0.0	115000	2876.2545459270477
46	-48.96	-48.96	-46.7	-7.275538	12.7894535	5.182577	-65.87099	nan	0.0	117500	2938.831680059433
47	-49.18	-49.18	-50.0	-7.4141717	12.913806	5.4423437	-61.351185	nan	0.0	120000	3000.564174413681
48	-49.32	-49.32	-49.1	-7.495376	13.02106	6.752655	-58.28453	nan	0.0	122500	3063.1865355968475
49	-48.92	-48.92	-49.7	-7.5153317	12.883938	8.610168	-60.9903	nan	0.0	125000	3124.9070978164673
50	-48.76	-48.76	-46.0	-7.5206447	12.862522	8.297406	-58.405437	nan	0.1	127500	3185.930103302002
51	-49.52	-49.52	-49.9	-7.4171352	12.679383	7.270076	-67.5011	nan	0.0	130000	3247.3818526268005
52	-49.28	-49.28	-46.3	-7.449183	12.633185	9.818472	-61.159126	nan	0.1	132500	3310.067932367325
53	-48.94	-48.94	-50.0	-7.5555744	12.837907	10.608448	-56.889713	nan	0.0	135000	3371.820733308792
54	-49.5	-49.5	-50.0	-7.5585365	12.797715	4.021385	-57.946957	nan	0.0	137500	3433.06542468071
55	-48.74	-48.74	-46.7	-7.482515	12.61006	3.7425995	-57.49882	nan	0.1	140000	3494.5335919857025
56	-48.54	-48.54	-50.0	-7.372274	12.486284	4.642853	-61.366943	nan	0.0	142500	3555.8996438980103
57	-49.88	-49.88	-49.4	-7.3391333	12.357291	3.8209038	-62.964413	nan	0.0	145000	3617.800688266754
58	-48.98	-48.98	-49.5	-7.385568	12.392827	4.516655	-67.041046	nan	0.0	147500	3680.379498243332
59	-49.16	-49.16	-49.6	-7.2688065	12.035135	4.418629	-58.780407	nan	0.0	150000	3741.795550584793
60	-48.84	-48.84	-49.3	-7.1156693	11.629019	4.556598	-62.25121	nan	0.0	152500	3804.56227350235
61	-48.66	-48.66	-50.0	-7.055849	11.421473	3.3352623	-66.184296	nan	0.0	155000	3866.9199481010437
62	-48.96	-48.96	-49.9	-7.1742344	11.62867	3.1530957	-61.942966	nan	0.0	157500	3928.5539739131927
63	-48.76	-48.76	-47.8	-7.3916497	12.017683	3.2362967	-61.56803	nan	0.1	160000	3989.4553949832916
64	-49.4	-49.4	-49.3	-7.550374	12.286405	3.8265991	-62.681107	nan	0.1	162500	4052.418519973755
65	-48.96	-48.96	-45.0	-7.505762	12.244294	5.2521553	-56.59315	nan	0.1	165000	4114.145691156387
66	-49.16	-49.16	-50.0	-7.664793	12.479412	6.850358	-59.12405	nan	0.0	167500	4176.3170754909515
67	-49.38	-49.38	-47.5	-7.6811266	12.458093	5.102517	-55.176067	nan	0.1	170000	4239.5296540260315
68	-47.3	-47.3	-48.3	-7.424118	12.026088	4.5103188	-60.211494	nan	0.1	172500	4301.474968671799
69	-48.62	-48.62	-48.3	-7.2438564	11.680179	4.5571127	-54.875935	nan	0.0	175000	4363.7077622413635
70	-48.58	-48.58	-48.8	-7.3533106	11.837119	4.380885	-69.994675	nan	0.0	177500	4426.156930446625
71	-48.92	-48.92	-48.2	-7.446503	12.007538	8.743426	-69.71113	nan	0.0	180000	4487.894823312759
72	-48.52	-48.52	-48.7	-7.4897003	12.036551	5.367461	-59.905807	nan	0.0	182500	4550.506501674652
73	-48.5	-48.5	-49.5	-7.593238	12.112735	10.31826	-58.520184	nan	0.0	185000	4614.095700263977
74	-48.78	-48.78	-49.7	-7.563589	12.017988	8.3482895	-56.151966	nan	0.0	187500	4675.457067966461
75	-48.46	-48.46	-50.0	-7.5655613	11.971781	5.8838873	-59.23187	nan	0.0	190000	4737.889847755432
76	-49.18	-49.18	-49.1	-7.4100704	11.650024	8.159931	-65.0415	nan	0.0	192500	4799.727938175201
77	-49.5	-49.5	-46.8	-7.3358493	11.469016	6.392256	-71.28613	nan	0.0	195000	4862.3060693740845
78	-48.98	-48.98	-50.0	-6.8260007	10.597501	6.495846	-70.62415	nan	0.0	197500	4924.946871757507
79	-49.26	-49.26	-49.7	-6.3290772	9.64719	9.075526	-71.439224	nan	0.0	200000	4987.355065345764
80	-49.28	-49.28	-49.7	-6.5178885	9.9334345	6.057976	-59.12625	nan	0.0	202500	5047.98060965538
81	-49.64	-49.64	-47.0	-6.941527	10.655991	7.2843256	-63.371902	nan	0.1	205000	5109.13175368309
82	-47.14	-47.14	-49.2	-7.1039577	10.93346	9.602162	-63.55277	nan	0.1	207500	5171.293650627136
83	-48.92	-48.92	-49.5	-6.998266	10.817176	8.996596	-69.40355	nan	0.0	210000	5234.497005701065
84	-49.58	-49.58	-50.0	-6.906089	10.598604	7.1030607	-61.501762	nan	0.0	212500	5296.73309636116
85	-48.68	-48.68	-50.0	-7.090954	10.788037	4.321348	-62.290535	nan	0.0	215000	5358.660165786743
86	-48.62	-48.62	-46.6	-7.2106957	11.00639	3.8213272	-71.43483	nan	0.0	217500	5420.834150791168
87	-47.66	-47.66	-46.399998	-7.2973404	11.138084	6.3805027	-58.655045	nan	0.1	220000	5483.053377866745
88	-49.06	-49.06	-46.6	-7.3558207	11.085985	7.301424	-62.45714	nan	0.1	222500	5544.478631258011
89	-48.64	-48.64	-46.2	-7.432797	11.100274	10.368608	-61.293613	nan	0.2	225000	5607.61304974556
90	-48.38	-48.38	-47.0	-7.3867164	11.009393	7.4530134	-57.093822	nan	0.1	227500	5669.027299642563
91	-46.66	-46.66	-46.100002	-7.4621344	11.068529	5.8639145	-73.25579	nan	0.1	230000	5731.3823120594025
92	-47.46	-47.46	-50.0	-7.647576	11.256549	16.147959	-58.74587	nan	0.0	232500	5792.849926710129
93	-48.54	-48.54	-48.2	-7.776645	11.45396	6.1181574	-62.675278	nan	0.1	235000	5854.624307632446
94	-48.72	-48.72	-50.0	-7.8081336	11.474051	5.4376526	-63.090958	nan	0.0	237500	5916.607123851776
95	-48.82	-48.82	-49.0	-7.733812	11.327705	5.970334	-58.172947	nan	0.1	240000	5976.6706635952
96	-48.06	-48.06	-49.7	-7.6232653	11.156586	8.226851	-71.1229	nan	0.1	242500	6038.607054233551
97	-48.08	-48.08	-43.2	-7.553653	11.046961	6.881853	-55.703285	nan	0.1	245000	6099.133680343628
98	-47.88	-47.88	-44.2	-7.5607805	10.953926	8.41887	-66.03252	nan	0.1	247500	6161.554660081863
99	-48.54	-48.54	-47.7	-7.641801	11.015781	10.278473	-56.85369	nan	0.1	250000	6223.049369096756
100	-48.86	-48.86	-48.7	-7.699174	11.062115	9.238153	-62.648823	nan	0.0	252500	6285.438077926636
101	-49.64	-49.64	-44.2	-7.688926	11.019947	9.512642	-61.055546	nan	0.2	255000	6347.373784542084
102	-47.52	-47.52	-48.3	-7.6986856	10.996457	9.451775	-61.92007	nan	0.0	257500	6410.024002313614
103	-49.12	-49.12	-50.0	-7.738448	11.005828	8.703961	-58.52254	nan	0.0	260000	6472.488097906113
104	-46.6	-46.6	-47.1	-7.6909757	10.866613	10.174804	-60.429245	nan	0.2	262500	6535.062157869339
105	-48.54	-48.54	-46.2	-7.710797	10.840512	8.586073	-65.884674	nan	0.1	265000	6598.062459468842
106	-47.64	-47.64	-47.1	-7.7686453	10.850507	7.9042206	-67.959816	nan	0.1	267500	6660.600509405136
107	-48.86	-48.86	-41.899998	-7.758662	10.854727	7.4901237	-60.635773	nan	0.1	270000	6722.896853685379
108	-48.34	-48.34	-50.0	-7.9208446	11.100123	9.950238	-73.387215	nan	0.0	272500	6785.522716283798
109	-49.06	-49.06	-49.0	-7.967788	11.183394	10.038742	-65.07419	nan	0.1	275000	6849.137532711029
110	-48.84	-48.84	-46.0	-8.094541	11.238191	9.987221	-63.231544	nan	0.1	277500	6910.951201200485
111	-48.26	-48.26	-48.2	-8.057975	11.200137	9.446424	-64.869514	nan	0.2	280000	6974.150799512863
112	-48.68	-48.68	-47.3	-8.115773	11.235837	8.598234	-62.811165	nan	0.1	282500	7036.586191892624
113	-47.02	-47.02	-47.9	-8.143782	11.2085495	12.803003	-67.92196	nan	0.0	285000	7099.583986759186
114	-48.86	-48.86	-49.5	-8.150978	11.158734	6.9228935	-63.439766	nan	0.0	287500	7163.307854175568
115	-48.12	-48.12	-47.2	-8.15221	11.183046	6.929617	-71.18648	nan	0.0	290000	7224.7631669044495
116	-47.32	-47.32	-47.1	-8.121274	11.117263	8.373518	-59.068756	nan	0.1	292500	7287.035641908646
117	-47.92	-47.92	-44.2	-8.136766	11.086407	8.970892	-63.47708	nan	0.1	295000	7350.162962913513
118	-49.34	-49.34	-45.5	-8.014859	10.811835	5.235918	-60.37156	nan	0.1	297500	7412.273289203644
119	-48.7	-48.7	-45.899998	-7.817724	10.504226	6.7893925	-63.710068	nan	0.0	300000	7474.858440876007
120	-47.18	-47.18	-49.3	-7.6724663	10.262511	8.705326	-60.731777	nan	0.0	302500	7536.9071435928345
121	-48.44	-48.44	-44.100002	-7.7659864	10.3772135	9.827766	-62.049675	nan	0.2	305000	7599.042940616608
122	-46.9	-46.9	-46.6	-7.875038	10.604189	7.8830757	-62.3789	nan	0.0	307500	7658.76780629158
123	-48.2	-48.2	-46.9	-7.9373384	10.68422	11.947359	-61.810036	nan	0.1	310000	7718.897727251053
124	-48.84	-48.84	-47.6	-8.042308	10.765706	9.295464	-66.22354	nan	0.2	312500	7781.17138838768
125	-47.44	-47.44	-45.7	-8.180413	10.974027	9.555458	-60.648598	nan	0.1	315000	7843.187820196152
126	-47.72	-47.72	-43.7	-8.154756	10.877209	6.2110786	-71.74747	nan	0.2	317500	7905.816021442413
127	-48.04	-48.04	-39.2	-8.200068	10.949203	5.5892315	-62.614403	nan	0.3	320000	7969.036705970764
128	-47.74	-47.74	-48.7	-8.175144	10.948823	12.943842	-57.96779	nan	0.0	322500	8031.390465021133
129	-47.62	-47.62	-42.600002	-8.071602	10.738389	7.1724186	-60.753616	nan	0.2	325000	8093.832735300064
130	-48.38	-48.38	-49.4	-7.4806223	9.802476	6.7231464	-56.918907	nan	0.0	327500	8158.220027446747
131	-48.84	-48.84	-46.8	-6.588991	8.317767	15.418812	-57.03271	nan	0.1	330000	8222.281720638275
132	-48.88	-48.88	-46.7	-6.7181735	8.235207	11.440609	-70.58978	nan	0.1	332500	8285.611080169678
133	-48.72	-48.72	-47.3	-7.177265	8.98655	8.328108	-64.76723	nan	0.1	335000	8348.20307302475
134	-46.82	-46.82	-43.399998	-7.5963273	9.771339	8.773592	-72.34736	nan	0.2	337500	8410.495697021484
135	-47.92	-47.92	-45.0	-8.001339	10.41626	14.0887985	-63.73453	nan	0.3	340000	8472.78028512001
136	-47.78	-47.78	-45.600002	-8.150379	10.778726	9.367655	-63.010063	nan	0.1	342500	8536.155833005905
137	-48.68	-48.68	-43.399998	-8.24694	11.022275	6.2070312	-60.83542	nan	0.3	345000	8598.162269592285
138	-47.5	-47.5	-46.100002	-8.346095	11.173767	5.653349	-62.864906	nan	0.1	347500	8661.238169908524
139	-48.12	-48.12	-47.8	-8.390305	11.224219	7.757536	-57.282684	nan	0.1	350000	8724.473464488983
140	-49.1	-49.1	-47.1	-8.420407	11.28821	7.150717	-56.93171	nan	0.1	352500	8788.813118696213
141	-47.84	-47.84	-46.399998	-8.291276	11.100013	8.407057	-59.961456	nan	0.2	355000	8851.055104494095
142	-48.06	-48.06	-39.899998	-8.325755	11.173761	8.077034	-58.858047	nan	0.3	357500	8914.181797027588
143	-46.84	-46.84	-47.8	-8.336358	11.236729	8.074924	-67.77741	nan	0.1	360000	8977.129742383957
144	-48.12	-48.12	-47.1	-8.412364	11.301679	11.209873	-71.86871	nan	0.2	362500	9038.142167329788
145	-48.28	-48.28	-43.7	-8.4734125	11.361193	13.138014	-61.056786	nan	0.0	365000	9098.952816724777
146	-46.88	-46.88	-44.3	-8.469017	11.355591	9.281271	-58.98392	nan	0.3	367500	9160.949344396591
147	-47.2	-47.2	-45.8	-8.480822	11.353593	7.758602	-59.641228	nan	0.2	370000	9222.580173492432
148	-48.76	-48.76	-50.0	-8.514605	11.346618	10.80662	-80.55511	nan	0.0	372500	9284.273873567581
149	-46.76	-46.76	-38.7	-8.249689	11.002719	7.1258087	-62.402954	nan	0.5	375000	9347.30927157402
150	-49.34	-49.34	-46.100002	-8.192844	10.966343	10.172779	-84.56235	nan	0.0	377500	9409.165252685547
151	-47.98	-47.98	-42.399998	-8.437066	11.25443	6.0939198	-61.461105	nan	0.2	380000	9470.191936969757
152	-47.1	-47.1	-48.0	-8.428723	11.26125	5.9159584	-66.473526	nan	0.1	382500	9531.95125746727
153	-48.3	-48.3	-43.7	-8.372865	11.171441	7.4566383	-58.717155	nan	0.2	385000	9593.590858697891
154	-46.96	-46.96	-45.399998	-8.254916	10.947973	9.918884	-53.48375	nan	0.1	387500	9655.783659934998
155	-48.52	-48.52	-45.8	-8.071242	10.594346	9.601112	-61.88231	nan	0.2	390000	9717.599181175232
156	-48.02	-48.02	-47.4	-8.052688	10.59027	18.985882	-58.15174	nan	0.1	392500	9779.228576421738
157	-48.16	-48.16	-46.8	-8.2448435	10.918598	8.5713215	-55.090466	nan	0.2	395000	9840.38596534729
158	-47.56	-47.56	-50.0	-8.258356	11.007892	13.974922	-55.137405	nan	0.0	397500	9900.537247896194
159	-48.62	-48.62	-43.5	-7.9770737	10.686635	7.9274673	-63.650845	nan	0.1	400000	9962.242433071136
160	-49.58	-49.58	-45.899998	-7.9184065	10.640395	10.558004	-57.87901	nan	0.0	402500	10023.793748617172
161	-47.8	-47.8	-47.8	-8.240126	11.062573	12.166824	-60.0736	nan	0.0	405000	10085.234613895416
162	-48.22	-48.22	-48.0	-8.429943	11.388317	7.645212	-74.57034	nan	0.1	407500	10146.086438655853
163	-47.94	-47.94	-44.8	-8.523337	11.629497	20.02338	-71.49978	nan	0.2	410000	10206.72559261322
164	-48.9	-48.9	-48.0	-8.608737	11.75952	7.5156364	-66.148224	nan	0.1	412500	10266.903598070145
165	-47.88	-47.88	-43.899998	-8.643404	11.73758	12.370861	-59.336456	nan	0.1	415000	10327.109528303146
166	-48.02	-48.02	-45.899998	-8.604924	11.664947	15.01074	-65.235596	nan	0.2	417500	10388.555271863937
167	-48.08	-48.08	-46.5	-8.594231	11.6219635	9.167532	-73.183914	nan	0.1	420000	10451.210589647293
168	-46.82	-46.82	-39.100002	-8.599316	11.610611	16.926216	-60.065033	nan	0.4	422500	10512.747927427292
169	-48.18	-48.18	-40.5	-8.613923	11.567224	9.177572	-68.42121	nan	0.3	425000	10574.100679397583
170	-46.66	-46.66	-42.899998	-8.582695	11.568925	7.2840557	-70.26532	nan	0.4	427500	10636.29902768135
171	-47.2	-47.2	-42.600002	-8.623914	11.585049	16.727737	-69.87619	nan	0.3	430000	10698.662336826324
172	-46.28	-46.28	-43.5	-8.596535	11.526193	15.623028	-61.239998	nan	0.2	432500	10761.165137290955
173	-46.62	-46.62	-47.2	-8.5917845	11.5714035	9.436075	-60.69522	nan	0.1	435000	10821.533895730972
174	-47.3	-47.3	-43.7	-8.647961	11.657015	10.154142	-64.85797	nan	0.2	437500	10883.787747383118
175	-47.42	-47.42	-43.7	-8.771577	11.857311	8.621525	-72.54338	nan	0.4	440000	10946.399764537811
176	-47.38	-47.38	-49.2	-8.857388	12.007594	9.402504	-62.09657	nan	0.1	442500	11009.240218639374
177	-47.44	-47.44	-46.8	-8.827931	12.022602	14.022381	-61.523933	nan	0.1	445000	11070.249424934387
178	-48.16	-48.16	-49.8	-8.857281	12.098186	9.7338085	-68.4344	nan	0.1	447500	11132.643340826035
179	-45.84	-45.84	-50.0	-8.861157	12.0802555	10.4942	-66.03891	nan	0.0	450000	11196.140120506287
180	-48.26	-48.26	-47.5	-8.82175	12.048468	11.615953	-67.821304	nan	0.1	452500	11257.202009439468
181	-47.84	-47.84	-43.5	-8.912988	12.17019	8.222654	-70.53771	nan	0.2	455000	11320.106955051422
182	-46.18	-46.18	-39.3	-8.978815	12.317862	13.928036	-66.566086	nan	0.1	457500	11383.053472995758
183	-47.28	-47.28	-44.7	-9.030396	12.394553	9.310665	-64.25643	nan	0.2	460000	11445.711765050888
184	-46.54	-46.54	-46.6	-9.043851	12.447727	8.850489	-77.17517	nan	0.2	462500	11508.797469854355
185	-47.04	-47.04	-46.399998	-9.0620165	12.478431	7.8203297	-83.06685	nan	0.1	465000	11570.407063245773
186	-46.6	-46.6	-50.0	-8.983799	12.357141	7.3971863	-78.999405	nan	0.0	467500	11632.344595909119
187	-46.5	-46.5	-43.8	-9.030891	12.36664	7.991232	-83.88141	nan	0.2	470000	11694.962374687195
188	-47.08	-47.08	-47.0	-8.983024	12.376862	6.7178917	-91.67433	nan	0.0	472500	11758.349313020706
189	-48.12	-48.12	-48.3	-8.876158	12.20141	8.765997	-79.86735	nan	0.1	475000	11821.9130153656
190	-47.8	-47.8	-49.1	-8.732534	12.044986	7.6050644	-66.19223	nan	0.1	477500	11885.37520813942
191	-48.14	-48.14	-41.7	-8.767023	12.111902	6.6095505	-73.25968	nan	0.2	480000	11949.55777144432
192	-47.74	-47.74	-44.899998	-8.878875	12.246528	10.702753	-62.4938	nan	0.2	482500	12011.555889368057
193	-48.08	-48.08	-41.600002	-8.972793	12.431482	8.659958	-66.67812	nan	0.3	485000	12075.938253641129
194	-47.7	-47.7	-39.899998	-9.05459	12.539317	8.119244	-70.49071	nan	0.3	487500	12138.659851789474
195	-47.8	-47.8	-48.0	-8.992098	12.525562	8.152763	-69.45345	nan	0.1	490000	12201.10690164566
196	-46.88	-46.88	-42.600002	-9.019594	12.564676	6.725321	-66.485756	nan	0.3	492500	12263.947241783142
197	-48.14	-48.14	-38.3	-9.0818	12.611654	7.8876133	-61.292877	nan	0.3	495000	12326.30735874176
198	-48.62	-48.62	-46.100002	-9.053083	12.638001	9.50736	-69.491234	nan	0.1	497500	12386.916740894318
199	-46.12	-46.12	-48.9	-8.960792	12.577444	9.092039	-62.325615	nan	0.1	500000	12448.546617984772
200	-47.96	-47.96	-50.0	-8.729379	12.185948	7.9170456	-77.40114	nan	0.0	502500	12510.645892620087
201	-48.4	-48.4	-42.5	-8.571012	11.848052	11.3869705	-66.144424	nan	0.2	505000	12573.106431722641
202	-46.62	-46.62	-47.9	-8.48057	11.5467205	9.240793	-64.657394	nan	0.1	507500	12635.0922665596
203	-47.66	-47.66	-43.899998	-8.394711	11.371607	7.6480293	-61.856747	nan	0.2	510000	12695.222824335098
204	-47.74	-47.74	-46.5	-8.614002	11.683085	7.877527	-70.52533	nan	0.1	512500	12757.449559211731
205	-47.1	-47.1	-49.3	-8.807795	12.056319	7.6303177	-74.3894	nan	0.0	515000	12819.760687589645
206	-48.08	-48.08	-47.8	-9.016975	12.436646	9.065334	-60.684914	nan	0.0	517500	12882.616784572601
207	-48.1	-48.1	-47.2	-9.147288	12.627892	7.687662	-75.76982	nan	0.1	520000	12945.112933397293
208	-45.62	-45.62	-43.0	-8.624363	11.800531	24.263632	-62.64831	nan	0.1	522500	13007.873507022858
209	-47.9	-47.9	-49.8	-7.44655	9.665483	12.805742	-58.66278	nan	0.0	525000	13071.764890909195
210	-48.5	-48.5	-48.4	-7.4020824	9.429075	8.866619	-70.90425	nan	0.1	527500	13135.106287956238
211	-48.78	-48.78	-43.100002	-7.611839	9.755676	16.405336	-60.557068	nan	0.2	530000	13199.030114889145
212	-48.02	-48.02	-46.0	-7.8886185	10.136433	9.158693	-62.17241	nan	0.0	532500	13262.824542045593
213	-47.56	-47.56	-45.3	-7.9272676	10.246139	9.634224	-66.64685	nan	0.1	535000	13326.130013465881
214	-49.04	-49.04	-48.1	-8.1288595	10.551671	10.698557	-64.47689	nan	0.0	537500	13388.567658662796
215	-46.1	-46.1	-46.8	-8.263969	10.778468	9.826868	-60.102165	nan	0.1	540000	13450.84502196312
216	-47.82	-47.82	-40.5	-8.285944	10.897593	8.278097	-64.150734	nan	0.3	542500	13514.759751558304
217	-48.2	-48.2	-49.6	-8.291935	10.848539	8.356382	-58.995556	nan	0.0	545000	13577.833428382874
218	-48.54	-48.54	-46.100002	-8.260753	10.8263855	7.9867935	-63.222176	nan	0.1	547500	13641.274705648422
219	-48.36	-48.36	-46.5	-8.389887	11.055077	8.202278	-61.90265	nan	0.1	550000	13704.214996814728
220	-47.08	-47.08	-45.5	-8.457515	11.309224	9.267149	-61.577675	nan	0.1	552500	13766.88194990158
221	-49.04	-49.04	-50.0	-7.9361277	11.069371	12.732525	-61.35588	nan	0.0	555000	13830.113284111023
222	-49.3	-49.3	-50.0	-7.4804826	10.933166	7.6929626	-61.252922	nan	0.0	557500	13891.897586584091
223	-49.78	-49.78	-50.0	-7.7514834	10.971656	13.189899	-66.56604	nan	0.0	560000	13954.99494600296
224	-49.58	-49.58	-50.0	-8.13597	11.179187	12.268042	-69.669136	nan	0.0	562500	14019.060233354568
225	-49.38	-49.38	-50.0	-8.506239	11.66257	10.0241375	-67.654144	nan	0.0	565000	14081.361201524734
226	-49.26	-49.26	-48.3	-8.715597	11.979211	8.367455	-62.638367	nan	0.1	567500	14144.57238316536
227	-48.0	-48.0	-48.7	-8.907079	12.263444	11.667086	-61.315144	nan	0.1	570000	14208.040628671646
228	-48.2	-48.2	-48.1	-8.834196	12.248427	9.266382	-59.71681	nan	0.1	572500	14270.795441865921
229	-46.28	-46.28	-47.2	-8.9096155	12.403502	10.544521	-68.05308	nan	0.2	575000	14332.74129319191
230	-49.14	-49.14	-47.6	-8.994516	12.587433	8.318907	-68.36618	nan	0.1	577500	14394.873082399368
231	-46.62	-46.62	-50.0	-9.104169	12.758506	7.8359547	-79.182045	nan	0.0	580000	14456.644305467606
232	-45.98	-45.98	-37.5	-9.082806	12.756114	10.24333	-76.32047	nan	0.4	582500	14518.542154550552
233	-48.36	-48.36	-47.5	-9.046889	12.699608	8.470417	-62.940895	nan	0.0	585000	14580.338657140732
234	-48.18	-48.18	-44.8	-8.983186	12.567825	21.594618	-66.57402	nan	0.2	587500	14642.186729192734
235	-47.86	-47.86	-49.5	-8.952258	12.53892	13.55801	-70.18894	nan	0.2	590000	14703.252880096436
236	-47.32	-47.32	-49.2	-8.944837	12.463544	8.242952	-65.825806	nan	0.1	592500	14764.432750225067
237	-46.2	-46.2	-45.3	-8.9758835	12.539825	10.450953	-64.878586	nan	0.2	595000	14826.112226724625
238	-47.32	-47.32	-48.6	-9.047142	12.679932	9.276108	-64.699615	nan	0.1	597500	14887.66711807251
239	-48.3	-48.3	-49.0	-8.978095	12.650406	7.441059	-65.05614	nan	0.1	600000	14951.042863368988
240	-48.48	-48.48	-46.100002	-8.931348	12.616787	16.375122	-71.135765	nan	0.1	602500	15013.55316400528
241	-47.46	-47.46	-40.399998	-8.913134	12.640562	7.9865646	-66.92184	nan	0.3	605000	15075.44046831131
242	-48.82	-48.82	-47.4	-8.874549	12.578173	8.089954	-60.83142	nan	0.1	607500	15137.42352437973
243	-46.86	-46.86	-49.8	-8.737401	12.563062	9.312534	-64.9572	nan	0.0	610000	15197.710928440094
244	-49.1	-49.1	-49.7	-8.811566	12.675495	10.360783	-70.14264	nan	0.1	612500	15259.333008527756
245	-49.32	-49.32	-46.399998	-8.887298	12.759925	7.4253826	-69.11561	nan	0.0	615000	15320.367663860321
246	-47.98	-47.98	-46.9	-9.045088	12.877311	8.09256	-60.485138	nan	0.1	617500	15381.686784029007
247	-48.96	-48.96	-45.100002	-9.212006	13.123118	11.287426	-70.09298	nan	0.1	620000	15443.216225862503
248	-48.9	-48.9	-43.899998	-9.171873	13.071529	15.354143	-64.838974	nan	0.3	622500	15506.378954172134
249	-48.14	-48.14	-48.1	-8.8157215	12.64248	10.851515	-72.918976	nan	0.0	625000	15567.98213338852
250	-49.3	-49.3	-45.3	-8.518956	12.295145	8.548063	-65.75742	nan	0.2	627500	15629.762622594833
251	-48.76	-48.76	-46.6	-7.99748	11.523834	12.907007	-62.70947	nan	0.0	630000	15691.871708631516
252	-49.38	-49.38	-46.8	-7.6635613	10.713224	11.021425	-63.833916	nan	0.1	632500	15751.585060834885
253	-49.94	-49.94	-50.0	-7.326202	10.111907	12.462654	-68.5494	nan	0.0	635000	15813.331057548523
254	-50.0	-50.0	-48.0	-7.201879	9.757391	11.997963	-60.611877	nan	0.0	637500	15874.583490371704
255	-48.78	-48.78	-46.7	-7.2176566	9.825881	10.85313	-58.4806	nan	0.1	640000	15935.0838804245
256	-47.58	-47.58	-47.0	-7.362397	10.271574	7.6294975	-64.26062	nan	0.1	642500	15995.289900302887
257	-48.2	-48.2	-46.9	-7.6407495	10.788785	9.362879	-62.802097	nan	0.1	645000	16055.962487220764
258	-47.48	-47.48	-50.0	-7.940387	11.352676	10.76882	-63.35685	nan	0.0	647500	16117.139453172684
259	-47.32	-47.32	-39.0	-8.256645	11.835495	7.8656445	-60.845436	nan	0.3	650000	16177.785069704056
260	-46.84	-46.84	-44.8	-8.460643	12.245217	12.266518	-64.8712	nan	0.2	652500	16240.311581850052
261	-47.52	-47.52	-50.0	-8.630443	12.592092	12.673708	-66.8667	nan	0.0	655000	16302.120938062668
262	-47.62	-47.62	-46.2	-8.788727	12.812498	11.500511	-71.17816	nan	0.1	657500	16363.491506814957
263	-48.06	-48.06	-45.100002	-8.932492	13.007081	12.213324	-60.342236	nan	0.0	660000	16425.402217388153
264	-48.5	-48.5	-48.7	-8.914048	12.998578	11.076458	-66.98138	nan	0.0	662500	16486.903987169266
265	-48.12	-48.12	-45.899998	-8.885006	12.889493	10.908415	-69.52002	nan	0.2	665000	16548.59193086624
266	-49.58	-49.58	-46.3	-8.725325	12.66775	7.0218964	-80.73013	nan	0.0	667500	16609.806884765625
267	-48.8	-48.8	-42.600002	-8.58817	12.39456	9.729267	-66.72289	nan	0.4	670000	16670.7098801136
268	-47.9	-47.9	-36.600002	-8.042266	11.661066	8.648895	-70.68739	nan	0.4	672500	16733.19002342224
269	-47.2	-47.2	-46.7	-7.8484955	11.30428	9.623938	-65.61364	nan	0.1	675000	16793.637273550034
270	-49.04	-49.04	-44.3	-8.066193	11.526129	11.1465435	-61.71721	nan	0.2	677500	16853.6871778965
271	-45.64	-45.64	-47.1	-8.181228	11.712584	8.25712	-61.451416	nan	0.2	680000	16916.34392476082
272	-47.4	-47.4	-35.2	-8.377031	12.052371	12.006113	-65.66292	nan	0.4	682500	16977.7821059227
273	-49.08	-49.08	-44.8	-8.587122	12.367206	10.426807	-63.77372	nan	0.3	685000	17039.748774528503
274	-48.68	-48.68	-46.5	-8.675582	12.507839	14.366222	-60.865173	nan	0.1	687500	17101.41361284256
275	-46.16	-46.16	-43.399998	-8.798796	12.691536	8.240265	-55.371788	nan	0.3	690000	17163.181408166885
276	-48.44	-48.44	-46.3	-8.834266	12.783336	12.385418	-64.727585	nan	0.1	692500	17224.641874313354
277	-47.02	-47.02	-36.600002	-8.889738	12.889048	12.954115	-61.320538	nan	0.5	695000	17285.91671037674
278	-48.64	-48.64	-43.0	-8.870116	12.885473	8.744604	-68.110725	nan	0.3	697500	17346.302616357803
279	-48.32	-48.32	-50.0	-8.8312845	12.775283	11.60457	-61.560555	nan	0.0	700000	17408.71553015709
280	-47.14	-47.14	-49.1	-8.790915	12.72211	9.255299	-59.170532	nan	0.1	702500	17470.746061563492
281	-46.66	-46.66	-45.0	-8.837149	12.765512	25.245955	-63.131866	nan	0.2	705000	17533.39433336258
282	-47.74	-47.74	-41.8	-8.952855	12.970073	22.121273	-73.02141	nan	0.1	707500	17595.535774707794
283	-48.14	-48.14	-46.0	-9.0076275	13.0244255	9.950027	-59.6941	nan	0.2	710000	17657.74844479561
284	-47.3	-47.3	-45.5	-8.965124	13.017493	16.933302	-66.23089	nan	0.2	712500	17720.02632331848
285	-47.06	-47.06	-38.399998	-8.993952	13.09454	12.935549	-60.242287	nan	0.3	715000	17782.149742364883
286	-47.62	-47.62	-42.3	-9.048839	13.1908045	9.156008	-59.82681	nan	0.4	717500	17844.32626771927
287	-47.72	-47.72	-44.399998	-9.045008	13.192361	12.2857685	-60.990353	nan	0.2	720000	17906.878812789917
288	-46.64	-46.64	-49.0	-9.051699	13.147325	19.635942	-62.89318	nan	0.1	722500	17969.694483280182
289	-46.34	-46.34	-43.399998	-8.962215	13.060796	8.801701	-61.89189	nan	0.2	725000	18031.98049402237
290	-47.66	-47.66	-50.0	-8.9603195	13.030424	7.1359844	-65.4347	nan	0.0	727500	18095.914531469345
291	-47.36	-47.36	-47.3	-8.981351	13.068837	15.55352	-64.69493	nan	0.1	730000	18159.020493984222
292	-48.5	-48.5	-49.1	-8.895021	12.983104	10.228064	-64.57741	nan	0.1	732500	18221.23335289955
293	-48.68	-48.68	-47.8	-9.066899	13.1323805	10.434668	-58.139275	nan	0.1	735000	18283.90094447136
294	-47.6	-47.6	-48.3	-8.979695	13.105377	10.752531	-69.57821	nan	0.0	737500	18347.06383752823
295	-47.94	-47.94	-50.0	-8.936358	13.015977	15.482901	-66.59999	nan	0.0	740000	18410.183007240295
296	-45.98	-45.98	-49.7	-8.940291	12.985969	10.743389	-61.854416	nan	0.1	742500	18473.73322200775
297	-46.92	-46.92	-49.2	-8.925268	12.957779	13.423012	-61.301903	nan	0.1	745000	18537.249563217163
298	-45.58	-45.58	-46.0	-8.908699	12.961608	7.613693	-64.11266	nan	0.1	747500	18600.128868818283
299	-49.22	-49.22	-45.7	-8.941792	13.04342	12.411167	-61.201584	nan	0.2	750000	18663.227113485336
300	-47.4	-47.4	-40.100002	-8.95405	13.036659	12.970089	-64.34732	nan	0.5	752500	18725.94370484352
301	-47.8	-47.8	-47.9	-8.942075	12.995406	16.97266	-63.549324	nan	0.0	755000	18788.22511434555
302	-46.24	-46.24	-41.899998	-8.948355	13.051685	15.099236	-68.752884	nan	0.1	757500	18851.473066806793
303	-43.54	-43.54	-44.5	-8.974662	12.998255	9.163902	-59.758408	nan	0.1	760000	18913.166244506836
304	-46.64	-46.64	-49.1	-9.02564	13.025136	13.419529	-65.61643	nan	0.1	762500	18975.360293149948
305	-47.86	-47.86	-45.0	-9.090422	13.048762	7.016981	-65.28374	nan	0.2	765000	19036.572093963623
306	-46.78	-46.78	-43.600002	-9.05728	13.003118	15.539946	-65.81646	nan	0.2	767500	19098.546227693558
307	-46.38	-46.38	-50.0	-9.071433	12.953334	9.22979	-71.15195	nan	0.0	770000	19160.70930981636
308	-48.14	-48.14	-47.9	-8.991446	12.852195	9.613276	-59.486492	nan	0.1	772500	19221.747154951096
309	-48.66	-48.66	-50.0	-8.986398	12.774936	8.498671	-58.434105	nan	0.0	775000	19283.555507421494
310	-48.32	-48.32	-46.9	-8.822859	12.458646	8.570047	-71.594574	nan	0.2	777500	19346.43247270584
311	-45.38	-45.38	-47.8	-8.656389	12.010015	12.599571	-72.69898	nan	0.1	780000	19407.97515320778
312	-48.86	-48.86	-47.7	-8.608917	11.904125	12.442966	-61.602074	nan	0.1	782500	19469.628336906433
313	-48.26	-48.26	-45.3	-8.642272	11.977787	15.603395	-61.93603	nan	0.1	785000	19532.653928995132
314	-48.18	-48.18	-49.1	-8.778756	12.275441	10.266678	-63.552425	nan	0.1	787500	19595.167456388474
315	-48.12	-48.12	-49.5	-8.958186	12.6057205	12.542883	-64.726776	nan	0.1	790000	19658.009432554245
316	-48.5	-48.5	-48.5	-9.0270405	12.713522	10.820829	-70.17395	nan	0.1	792500	19719.15731739998
317	-47.58	-47.58	-46.8	-9.120601	12.82374	14.429455	-61.957043	nan	0.1	795000	19780.737375736237
318	-48.12	-48.12	-49.3	-9.113313	12.839304	9.415541	-66.04085	nan	0.1	797500	19843.367359161377
319	-46.72	-46.72	-47.4	-9.064529	12.751125	9.424265	-64.626465	nan	0.2	800000	19905.681685447693
320	-48.54	-48.54	-50.0	-8.967751	12.663576	7.1976814	-67.72157	nan	0.0	802500	19968.10510611534
321	-47.76	-47.76	-46.5	-8.655736	12.2692585	9.414242	-67.206474	nan	0.1	805000	20029.766080141068
322	-49.06	-49.06	-50.0	-8.375466	11.878648	17.111408	-61.717194	nan	0.0	807500	20093.21342754364
323	-48.64	-48.64	-46.3	-8.181728	11.5360565	7.801548	-69.926056	nan	0.1	810000	20156.805335521698
324	-47.8	-47.8	-50.0	-8.076585	11.363825	13.34499	-60.369904	nan	0.0	812500	20219.630950450897
325	-47.54	-47.54	-50.0	-8.259027	11.508251	15.028591	-77.07975	nan	0.0	815000	20282.921944618225
326	-47.52	-47.52	-41.0	-8.481723	11.75446	13.624187	-61.69651	nan	0.4	817500	20347.13067126274
327	-48.86	-48.86	-36.7	-8.512796	11.86161	11.083864	-65.5897	nan	0.5	820000	20410.50988149643
328	-46.8	-46.8	-50.0	-8.389416	11.741271	11.938215	-73.765976	nan	0.0	822500	20472.677345991135
329	-46.9	-46.9	-43.899998	-8.312046	11.653946	20.320751	-61.672237	nan	0.4	825000	20535.743286132812
330	-48.86	-48.86	-42.7	-8.162742	11.388455	11.999283	-72.33628	nan	0.4	827500	20597.85176563263
331	-48.84	-48.84	-46.2	-8.038018	11.227812	12.461515	-64.04268	nan	0.1	830000	20661.696365833282
332	-48.94	-48.94	-45.399998	-8.038518	11.181036	12.783213	-65.52945	nan	0.1	832500	20724.57659649849
333	-47.92	-47.92	-46.100002	-8.1449	11.231966	15.722021	-65.206505	nan	0.2	835000	20787.906648397446
334	-48.72	-48.72	-47.3	-8.258837	11.362854	18.602875	-63.725372	nan	0.0	837500	20850.711797237396
335	-47.58	-47.58	-45.100002	-8.313748	11.3996105	27.97631	-61.368393	nan	0.1	840000	20913.43648004532
336	-46.96	-46.96	-47.2	-8.213366	11.257946	12.081692	-59.304443	nan	0.2	842500	20976.0824072361
337	-47.3	-47.3	-45.5	-8.110398	11.054954	17.084444	-67.49092	nan	0.2	845000	21038.632353067398
338	-45.72	-45.72	-48.8	-8.207708	11.143534	11.898476	-66.90224	nan	0.1	847500	21101.552779197693
339	-48.2	-48.2	-42.8	-8.254593	11.227135	16.029184	-68.249725	nan	0.2	850000	21163.54061293602
340	-47.74	-47.74	-48.0	-7.969927	11.104722	8.857651	-60.752747	nan	0.1	852500	21225.44410610199
341	-49.3	-49.3	-50.0	-7.7232857	11.03829	7.454275	-63.915314	nan	0.0	855000	21288.2733066082
342	-50.0	-50.0	-43.399998	-7.7212076	11.1177845	15.987482	-67.02023	nan	0.2	857500	21352.19903111458
343	-48.78	-48.78	-46.2	-7.966934	11.366281	8.729647	-78.28868	nan	0.1	860000	21415.98624110222
344	-49.02	-49.02	-45.399998	-8.19036	11.61311	15.825697	-69.933075	nan	0.2	862500	21478.478077173233
345	-48.04	-48.04	-50.0	-8.234028	11.690766	19.78622	-63.460472	nan	0.0	865000	21541.540564775467
346	-45.84	-45.84	-46.5	-8.234253	11.60825	10.194403	-62.40488	nan	0.2	867500	21604.715477466583
347	-48.06	-48.06	-50.0	-8.246584	11.602722	10.333267	-76.299515	nan	0.0	870000	21666.342225074768
348	-47.04	-47.04	-49.0	-8.351853	11.660201	14.229828	-77.38223	nan	0.1	872500	21728.561064004898
349	-44.68	-44.68	-39.100002	-8.577364	11.985442	17.72531	-73.77045	nan	0.1	875000	21789.65189552307
350	-47.84	-47.84	-44.600002	-8.695128	12.222047	15.948656	-72.03281	nan	0.3	877500	21851.739968776703
351	-45.96	-45.96	-50.0	-8.657887	12.2142	7.349453	-71.37644	nan	0.0	880000	21912.363037586212
352	-48.48	-48.48	-43.0	-8.516769	11.950106	14.006315	-69.66387	nan	0.3	882500	21973.447016954422
353	-48.78	-48.78	-40.2	-8.257967	11.704823	13.9757805	-71.604935	nan	0.5	885000	22034.413675546646
354	-47.66	-47.66	-46.100002	-8.254873	11.501577	12.020226	-62.038857	nan	0.1	887500	22096.169425964355
355	-46.1	-46.1	-36.7	-8.287664	11.436229	13.131723	-62.24099	nan	0.5	890000	22157.920532226562
356	-46.22	-46.22	-47.3	-8.302654	11.421249	11.321056	-57.75157	nan	0.1	892500	22219.555552244186
357	-47.26	-47.26	-41.899998	-8.3997755	11.507217	9.820822	-64.58171	nan	0.4	895000	22281.16914010048
358	-46.18	-46.18	-49.3	-8.415725	11.489532	11.00194	-62.561462	nan	0.1	897500	22342.728502988815
359	-47.2	-47.2	-46.8	-8.503018	11.631304	11.608355	-59.59883	nan	0.1	900000	22405.042810201645
360	-46.48	-46.48	-48.9	-8.663254	11.919707	17.519428	-62.39337	nan	0.1	902500	22465.924310684204
361	-47.48	-47.48	-43.899998	-8.794241	12.228796	9.997242	-68.940094	nan	0.2	905000	22527.29568839073
362	-47.1	-47.1	-48.7	-8.901087	12.502838	14.536839	-66.263794	nan	0.0	907500	22588.161489725113
363	-46.8	-46.8	-41.899998	-8.895597	12.558301	8.134018	-67.512024	nan	0.4	910000	22650.193526744843
364	-47.46	-47.46	-40.899998	-8.948701	12.655859	13.442959	-65.6275	nan	0.2	912500	22711.673852920532
365	-45.36	-45.36	-40.2	-8.9657345	12.732198	11.050747	-68.78786	nan	0.4	915000	22771.731689691544
366	-47.4	-47.4	-46.6	-9.085124	12.895366	14.844141	-76.89267	nan	0.1	917500	22832.20638537407
367	-48.82	-48.82	-42.0	-8.549881	12.338417	12.379084	-63.09494	nan	0.2	920000	22894.744092464447
368	-46.92	-46.92	-49.5	-8.104774	11.905245	10.572464	-63.848137	nan	0.0	922500	22956.583383321762
369	-47.04	-47.04	-45.7	-8.086208	11.797364	8.516525	-67.910576	nan	0.1	925000	23017.73482489586
370	-47.42	-47.42	-42.5	-8.212559	11.8621435	13.998539	-61.50425	nan	0.3	927500	23079.45578622818
371	-48.14	-48.14	-45.600002	-8.285936	11.979771	8.636938	-62.42298	nan	0.1	930000	23140.62329363823
372	-47.28	-47.28	-45.899998	-8.376403	12.143522	6.9810715	-62.524986	nan	0.0	932500	23201.417549610138
373	-44.36	-44.36	-49.4	-8.164309	11.888945	11.1821995	-63.676994	nan	0.1	935000	23261.759520292282
374	-47.08	-47.08	-42.3	-8.017252	11.585166	8.182026	-63.462105	nan	0.2	937500	23323.389367341995
375	-47.66	-47.66	-47.1	-7.7407975	11.191655	9.92577	-96.08344	nan	0.1	940000	23383.71358680725
376	-46.46	-46.46	-37.5	-7.5868297	10.949687	9.360619	-61.022186	nan	0.2	942500	23445.029765605927
377	-48.98	-48.98	-39.600002	-7.594698	10.8972025	15.366804	-60.814835	nan	0.4	945000	23507.261058330536
378	-48.2	-48.2	-45.899998	-7.532608	10.76554	7.3498306	-58.59313	nan	0.1	947500	23569.420452594757
379	-46.72	-46.72	-42.7	-7.549012	10.681974	8.586102	-58.531487	nan	0.1	950000	23630.987499952316
380	-46.8	-46.8	-42.0	-7.6852455	10.83089	11.184435	-63.24658	nan	0.2	952500	23692.563965320587
381	-47.0	-47.0	-47.4	-7.822392	11.03328	12.505474	-60.22033	nan	0.1	955000	23753.58762025833
382	-47.36	-47.36	-45.100002	-7.988355	11.280766	13.12059	-61.612366	nan	0.3	957500	23814.52746486664
383	-48.22	-48.22	-36.8	-8.092232	11.455553	8.789936	-59.5384	nan	0.2	960000	23876.06890797615
384	-47.9	-47.9	-43.0	-8.065294	11.380932	11.353613	-69.08106	nan	0.2	962500	23937.64433979988
385	-46.98	-46.98	-48.8	-8.067043	11.4049225	5.9707146	-72.779366	nan	0.0	965000	23999.184536218643
386	-45.28	-45.28	-41.0	-8.103439	11.441715	14.690155	-63.28171	nan	0.3	967500	24060.28421473503
387	-44.42	-44.42	-45.0	-8.151851	11.53637	16.0714	-63.71794	nan	0.2	970000	24120.259583473206
388	-46.54	-46.54	-43.8	-7.9901395	11.325242	7.6958103	-62.66565	nan	0.2	972500	24182.21290254593
389	-48.48	-48.48	-48.9	-7.8629	11.044102	8.615095	-66.52466	nan	0.0	975000	24243.38536119461
390	-47.96	-47.96	-46.3	-7.9133215	11.087022	14.303886	-61.19867	nan	0.0	977500	24305.213393211365
391	-45.12	-45.12	-45.0	-8.035608	11.30976	12.488165	-71.23297	nan	0.3	980000	24366.928317785263
392	-45.82	-45.82	-48.5	-7.752709	10.920534	9.216013	-61.710327	nan	0.0	982500	24428.572612047195
393	-47.6	-47.6	-45.600002	-7.151156	10.102676	9.943842	-65.96481	nan	0.2	985000	24488.534818649292
394	-47.32	-47.32	-45.899998	-7.1249747	9.925159	16.729227	-63.566193	nan	0.3	987500	24549.900333881378
395	-47.66	-47.66	-47.3	-6.9834027	9.821514	9.7645855	-67.98399	nan	0.1	990000	24610.99618577957
396	-48.82	-48.82	-40.100002	-7.1123295	9.927856	11.562685	-72.49388	nan	0.4	992500	24672.71341443062
397	-46.08	-46.08	-44.899998	-7.43925	10.354674	11.177637	-71.52716	nan	0.2	995000	24733.561051607132
398	-46.76	-46.76	-44.3	-7.6669345	10.79929	18.802275	-60.70852	nan	0.2	997500	24794.809419870377
399	-46.94	-46.94	-48.4	-7.7636647	10.939718	9.983543	-58.75956	nan	0.1	1000000	24855.00984454155
400	-47.68	-47.68	-46.7	-7.7854733	10.982413	14.643774	-63.678513	nan	0.1	1002500	24915.989815711975
401	-47.82	-47.82	-35.899998	-7.7844024	10.979013	12.922203	-57.678596	nan	0.3	1005000	24977.52692914009
402	-48.12	-48.12	-46.7	-7.7727256	10.947649	10.292387	-60.11987	nan	0.1	1007500	25039.216778755188
403	-47.64	-47.64	-48.8	-7.736625	10.852549	7.7995377	-59.5572	nan	0.0	1010000	25101.3112783432
404	-47.26	-47.26	-49.8	-7.7979627	10.849084	7.6908016	-59.82917	nan	0.1	1012500	25162.803270101547
405	-48.32	-48.32	-38.2	-7.6791444	10.645951	16.980854	-56.07524	nan	0.4	1015000	25224.991342306137
406	-46.24	-46.24	-48.8	-7.6778674	10.594464	15.563145	-58.95716	nan	0.1	1017500	25286.979778766632
407	-44.04	-44.04	-44.100002	-7.653784	10.505706	13.514011	-61.57467	nan	0.1	1020000	25349.01602935791
408	-47.36	-47.36	-43.7	-7.628932	10.480342	8.743906	-57.449944	nan	0.2	1022500	25411.548218011856
409	-46.16	-46.16	-47.8	-7.6262283	10.428383	15.272022	-56.823757	nan	0.1	1025000	25474.187638044357
410	-46.04	-46.04	-47.4	-7.5816884	10.326197	14.543894	-56.635605	nan	0.1	1027500	25536.843727350235
411	-45.4	-45.4	-48.2	-7.5049725	10.138204	11.225433	-52.61055	nan	0.1	1030000	25599.039900302887
412	-47.28	-47.28	-43.7	-7.522243	10.099679	13.328503	-59.180927	nan	0.2	1032500	25662.54222726822
413	-47.82	-47.82	-44.5	-7.49754	10.073599	13.406427	-67.808624	nan	0.3	1035000	25725.300953388214
414	-48.88	-48.88	-46.3	-7.470009	10.018689	10.048862	-58.314568	nan	0.2	1037500	25787.884255886078
415	-46.36	-46.36	-44.7	-7.3427944	9.936618	13.613808	-59.92357	nan	0.3	1040000	25850.22170138359
416	-47.74	-47.74	-47.3	-7.430779	10.043159	7.9801445	-58.31373	nan	0.1	1042500	25912.501888751984
417	-46.44	-46.44	-47.1	-7.667448	10.414056	7.342451	-60.550903	nan	0.2	1045000	25975.308875322342
418	-46.54	-46.54	-48.0	-7.8940587	10.779539	12.257343	-55.779877	nan	0.1	1047500	26037.0908741951
419	-47.16	-47.16	-44.0	-7.9637966	10.939668	9.656174	-57.25578	nan	0.3	1050000	26099.696032762527
420	-47.8	-47.8	-44.3	-8.094017	11.114865	13.508873	-57.34811	nan	0.2	1052500	26161.80451154709
421	-45.98	-45.98	-44.600002	-8.085991	11.139214	8.343586	-54.637993	nan	0.1	1055000	26224.08665752411
422	-48.14	-48.14	-49.2	-7.9261394	10.940476	11.033379	-57.38813	nan	0.0	1057500	26287.384358882904
423	-46.88	-46.88	-44.399998	-7.9663897	10.928502	7.944336	-57.833588	nan	0.2	1060000	26351.012898683548
424	-46.46	-46.46	-45.7	-8.115375	11.145846	8.472607	-56.604927	nan	0.1	1062500	26412.88763976097
425	-46.12	-46.12	-49.5	-8.302467	11.419577	10.696869	-55.94512	nan	0.1	1065000	26475.267435073853
426	-46.2	-46.2	-48.9	-8.370465	11.548795	9.081467	-60.384277	nan	0.1	1067500	26538.359171628952
427	-44.9	-44.9	-47.3	-8.277585	11.3338	17.731236	-64.469765	nan	0.1	1070000	26598.883296728134
428	-47.12	-47.12	-43.2	-8.022485	10.863596	12.175964	-64.02139	nan	0.3	1072500	26658.83322286606
429	-45.26	-45.26	-47.7	-7.810594	10.515358	21.437088	-61.38312	nan	0.1	1075000	26720.185257434845
430	-46.92	-46.92	-44.600002	-7.8398666	10.481954	17.716171	-55.900116	nan	0.1	1077500	26781.5252699852
431	-45.76	-45.76	-50.0	-7.9074645	10.576568	10.399544	-60.436195	nan	0.0	1080000	26841.796897649765
432	-47.08	-47.08	-49.9	-7.9387894	10.541634	13.177158	-64.36414	nan	0.1	1082500	26901.8891518116
433	-45.24	-45.24	-45.600002	-8.018882	10.65165	18.92007	-56.806793	nan	0.1	1085000	26962.46803832054
434	-46.16	-46.16	-42.3	-8.066358	10.730569	10.861027	-55.60334	nan	0.2	1087500	27023.044674396515
435	-46.12	-46.12	-47.1	-8.020312	10.689048	12.282547	-55.71978	nan	0.1	1090000	27083.126593351364
436	-46.7	-46.7	-50.0	-7.9344378	10.577682	8.723778	-56.473167	nan	0.0	1092500	27143.029514551163
437	-47.0	-47.0	-43.0	-7.9601417	10.507962	10.057182	-55.112465	nan	0.4	1095000	27203.05065011978
438	-47.02	-47.02	-44.8	-8.144602	10.769006	10.443752	-58.777306	nan	0.2	1097500	27263.57866716385
439	-47.24	-47.24	-38.3	-8.2841	11.046574	16.262844	-55.333286	nan	0.5	1100000	27322.559249401093
440	-47.44	-47.44	-43.5	-8.403303	11.210313	12.9567375	-57.017868	nan	0.3	1102500	27380.21667766571
441	-47.02	-47.02	-49.0	-8.334854	11.110158	14.672073	-61.84718	nan	0.1	1105000	27437.17578792572
442	-48.02	-48.02	-43.899998	-8.109068	10.7287445	14.387318	-67.99326	nan	0.2	1107500	27491.547912597656
443	-47.64	-47.64	-41.8	-7.727312	10.182319	11.8335495	-55.162735	nan	0.4	1110000	27543.323655366898
444	-46.98	-46.98	-47.0	-7.6837773	10.076935	23.144001	-56.663025	nan	0.0	1112500	27597.23049378395
445	-46.5	-46.5	-45.7	-7.9097695	10.331247	15.075844	-55.85927	nan	0.2	1115000	27648.814751148224
446	-44.64	-44.64	-44.399998	-8.119751	10.674434	13.459785	-57.626717	nan	0.3	1117500	27698.291067123413
447	-47.14	-47.14	-48.7	-8.095218	10.64857	14.373436	-53.072388	nan	0.0	1120000	27746.805518388748
448	-46.16	-46.16	-46.6	-7.9801855	10.458888	26.050125	-55.288063	nan	0.1	1122500	27793.192982673645
449	-45.28	-45.28	-47.1	-8.0947275	10.597438	23.501083	-54.877983	nan	0.1	1125000	27838.67696428299
450	-47.12	-47.12	-43.3	-8.21807	10.768131	10.868282	-60.073555	nan	0.2	1127500	27884.333421707153
451	-45.18	-45.18	-48.8	-8.009475	10.443392	11.392765	-55.490654	nan	0.1	1130000	27928.651105880737
452	-48.26	-48.26	-42.3	-7.693887	9.951739	13.525444	-57.639652	nan	0.3	1132500	27974.158321380615
453	-47.6	-47.6	-47.5	-7.2646837	9.444885	12.592934	-53.43495	nan	0.2	1135000	28018.65278196335
454	-45.78	-45.78	-48.8	-7.192157	9.383173	17.461643	-64.04518	nan	0.0	1137500	28064.025064706802
455	-44.06	-44.06	-47.9	-7.6358547	9.900129	14.509087	-62.165844	nan	0.0	1140000	28108.333631515503
456	-47.88	-47.88	-48.4	-8.128889	10.628656	15.387611	-63.672157	nan	0.1	1142500	28151.78078866005
457	-45.9	-45.9	-39.600002	-8.498044	11.1785145	12.751373	-58.035973	nan	0.2	1145000	28195.73017168045
458	-46.12	-46.12	-44.7	-8.618853	11.384892	18.002357	-58.574852	nan	0.3	1147500	28239.23445034027
459	-46.62	-46.62	-49.3	-8.699892	11.510972	10.938938	-57.84661	nan	0.1	1150000	28283.828145742416
460	-47.46	-47.46	-50.0	-8.596337	11.365004	15.168667	-67.479225	nan	0.0	1152500	28327.111874818802
461	-47.7	-47.7	-41.3	-8.292741	10.894438	16.18544	-57.276947	nan	0.4	1155000	28369.492152690887
462	-45.96	-45.96	-48.0	-8.033605	10.47239	19.003616	-59.750782	nan	0.1	1157500	28412.321221113205
463	-48.56	-48.56	-50.0	-8.009521	10.479958	27.708729	-69.06696	nan	0.0	1160000	28456.75120949745
464	-47.54	-47.54	-39.7	-8.1229	10.648763	21.000332	-57.216835	nan	0.3	1162500	28502.118275403976
465	-49.52	-49.52	-40.8	-8.313867	10.943198	16.475685	-58.112442	nan	0.3	1165000	28545.27940440178
466	-46.7	-46.7	-44.0	-8.43062	11.169264	12.480785	-59.6345	nan	0.4	1167500	28588.60706138611
467	-47.26	-47.26	-45.600002	-8.480346	11.282749	14.881447	-55.652138	nan	0.1	1170000	28632.5319712162
468	-46.12	-46.12	-46.5	-8.405033	11.270849	17.85513	-57.693428	nan	0.3	1172500	28675.064953804016
469	-47.68	-47.68	-48.1	-8.109745	10.841159	16.34422	-56.022984	nan	0.1	1175000	28719.70553278923
470	-45.84	-45.84	-48.8	-7.93628	10.560125	19.508148	-70.41802	nan	0.1	1177500	28763.377301454544
471	-47.82	-47.82	-40.399998	-8.203888	11.032623	20.4972	-57.345257	nan	0.3	1180000	28806.90813112259
472	-46.4	-46.4	-48.9	-8.496075	11.5568	20.436398	-58.199303	nan	0.1	1182500	28850.908547639847
473	-47.54	-47.54	-46.2	-8.653077	11.864313	16.747284	-56.66384	nan	0.2	1185000	28894.294972658157
474	-46.82	-46.82	-48.7	-8.813861	12.045912	16.13993	-55.54429	nan	0.1	1187500	28938.40875506401
475	-47.5	-47.5	-43.100002	-8.822645	12.118118	11.4883995	-62.95495	nan	0.3	1190000	28981.38937163353
476	-45.82	-45.82	-39.399998	-8.895059	12.201572	20.345772	-66.7188	nan	0.6	1192500	29023.207718610764
477	-48.5	-48.5	-40.8	-8.93038	12.250761	19.619007	-62.527023	nan	0.2	1195000	29066.06116938591
478	-47.74	-47.74	-42.0	-8.984449	12.366516	12.937901	-59.63353	nan	0.4	1197500	29109.64510512352
479	-46.0	-46.0	-48.9	-8.974567	12.347043	20.788685	-66.90687	nan	0.1	1200000	29153.777980089188
480	-45.34	-45.34	-46.7	-8.940768	12.291195	13.52026	-66.24717	nan	0.2	1202500	29197.279299259186
481	-46.98	-46.98	-43.0	-8.679205	11.841178	14.111958	-58.578163	nan	0.2	1205000	29240.576419353485
482	-46.42	-46.42	-50.0	-8.164915	11.187045	27.86111	-56.396706	nan	0.0	1207500	29283.72446513176
483	-48.74	-48.74	-50.0	-8.101365	11.074207	19.089462	-64.00601	nan	0.0	1210000	29327.558146715164
484	-46.1	-46.1	-45.0	-8.364422	11.399624	19.901352	-64.27127	nan	0.3	1212500	29372.053273439407
485	-46.76	-46.76	-43.899998	-8.633648	11.771109	13.35421	-59.810562	nan	0.2	1215000	29414.740169525146
486	-45.72	-45.72	-48.2	-8.790891	12.082867	13.749451	-58.650604	nan	0.1	1217500	29454.257141828537
487	-47.34	-47.34	-38.7	-8.831626	12.227109	14.08543	-60.970573	nan	0.4	1220000	29493.90124106407
488	-46.18	-46.18	-49.0	-8.936265	12.343488	18.963463	-62.813824	nan	0.1	1222500	29534.39973282814
489	-45.94	-45.94	-49.3	-8.916143	12.350171	11.499371	-98.77871	nan	0.0	1225000	29574.84255194664
490	-48.3	-48.3	-38.8	-8.943826	12.362541	14.774612	-65.81694	nan	0.3	1227500	29612.68816924095
491	-47.2	-47.2	-45.7	-8.971142	12.391705	12.54287	-66.12899	nan	0.3	1230000	29649.476768016815
492	-47.98	-47.98	-50.0	-8.908933	12.376404	20.377079	-63.098885	nan	0.0	1232500	29686.24618935585
493	-45.7	-45.7	-45.5	-8.901181	12.4244375	11.683605	-58.411354	nan	0.2	1235000	29724.203712940216
494	-47.46	-47.46	-48.0	-8.906651	12.416504	22.39059	-60.4163	nan	0.3	1237500	29763.816122055054
495	-48.04	-48.04	-47.4	-8.639031	12.100047	14.333672	-60.075684	nan	0.1	1240000	29803.785526037216
496	-45.78	-45.78	-46.8	-8.158295	11.6618185	18.254463	-74.47151	nan	0.1	1242500	29843.919872045517
497	-47.44	-47.44	-48.7	-8.08475	11.53982	12.300022	-59.148247	nan	0.2	1245000	29884.059586763382
498	-47.42	-47.42	-50.0	-8.140901	11.459237	21.354408	-58.706173	nan	0.0	1247500	29924.60278058052
499	-48.6	-48.6	-41.8	-8.13557	11.401092	9.273106	-58.37811	nan	0.3	1250000	29964.529000997543
