Epoch	EpRet	EpRealRet	TestEpRet	AverageQ1	StdQ1	MaxQ1	MinQ1	Q2	TestSuccess	TotalEnvInteracts	TotalTime
0	-49.0	-49.0	-50.0	-0.43047288	1.0164952	0.45953172	-7.089618	-0.43042442	0.0	2500	43.28028893470764
1	-48.0	-48.0	-45.0	-1.1148415	2.363783	0.56734884	-19.576838	-1.1146318	0.1	5000	87.26701807975769
2	-47.0	-47.0	-50.0	-1.7864583	3.7105162	0.40155432	-24.24402	-1.786211	0.0	7500	130.74281287193298
3	-49.94	-49.94	-45.0	-2.3472264	4.7955704	0.5871593	-27.297848	-2.3471148	0.1	10000	173.81057238578796
4	-50.0	-50.0	-50.0	-2.8043478	5.6803694	0.8403102	-25.421093	-2.8047073	0.0	12500	218.3494143486023
5	-49.44	-49.44	-50.0	-3.1685522	6.3897395	2.9570577	-44.58231	-3.1683881	0.0	15000	262.0701336860657
6	-49.0	-49.0	-45.0	-3.482566	7.019024	1.0222981	-40.69506	-3.482613	0.1	17500	305.2055244445801
7	-49.62	-49.62	-45.0	-3.7909853	7.585502	1.6239396	-41.047024	-3.7907872	0.1	20000	349.39105582237244
8	-44.24	-44.24	-50.0	-4.0160184	8.024831	2.5661051	-40.373238	-4.0158277	0.0	22500	392.68694400787354
9	-49.9	-49.9	-50.0	-4.2280793	8.439451	1.848936	-49.40157	-4.2279916	0.0	25000	436.7987642288208
10	-46.62	-46.62	-50.0	-4.4451127	8.852458	1.8120583	-45.37093	-4.4452186	0.0	27500	480.56135058403015
11	-49.0	-49.0	-45.0	-4.610935	9.208989	2.062333	-46.998585	-4.610782	0.1	30000	524.6833679676056
12	-47.4	-47.4	-50.0	-4.734152	9.482179	2.283264	-45.623425	-4.73418	0.0	32500	568.1531550884247
13	-47.22	-47.22	-40.0	-4.8648963	9.746883	1.993473	-49.519386	-4.8648167	0.2	35000	611.3891291618347
14	-46.54	-46.54	-50.0	-4.95151	9.952775	2.7419267	-51.151997	-4.9516106	0.0	37500	654.5836229324341
15	-48.0	-48.0	-45.0	-5.1016445	10.199355	4.054753	-59.492783	-5.1016054	0.1	40000	698.5808539390564
16	-47.84	-47.84	-50.0	-5.171618	10.373106	2.3700902	-58.837498	-5.1717668	0.0	42500	742.1770837306976
17	-48.78	-48.78	-50.0	-5.309177	10.579572	3.7179062	-49.917274	-5.3091207	0.0	45000	786.5987191200256
18	-47.92	-47.92	-50.0	-5.3373647	10.682739	2.309458	-51.665997	-5.33694	0.0	47500	830.7427816390991
19	-48.14	-48.14	-50.0	-5.393366	10.8061285	3.784981	-47.332253	-5.3928423	0.0	50000	874.6113533973694
20	-48.6	-48.6	-50.0	-5.4777913	10.939883	3.243489	-48.703575	-5.477901	0.0	52500	918.1038172245026
21	-48.24	-48.24	-46.0	-5.569505	11.068126	3.1168787	-47.82552	-5.569566	0.1	55000	962.3843128681183
22	-49.98	-49.98	-36.899998	-5.5688467	11.131879	4.165771	-56.511738	-5.5688667	0.3	57500	1006.7487971782684
23	-48.34	-48.34	-41.7	-5.612915	11.198433	4.2245154	-48.613464	-5.613021	0.2	60000	1050.8117890357971
24	-47.2	-47.2	-50.0	-5.662865	11.271093	5.144092	-62.828724	-5.6626434	0.0	62500	1095.3383719921112
25	-49.28	-49.28	-45.0	-5.7202415	11.352452	4.008003	-57.59536	-5.720491	0.1	65000	1139.260330915451
26	-49.8	-49.8	-49.1	-5.8073087	11.456425	4.0457954	-52.582455	-5.8074427	0.0	67500	1182.4314968585968
27	-44.76	-44.76	-50.0	-5.771808	11.443548	4.113048	-55.38876	-5.77203	0.0	70000	1226.6813855171204
28	-48.9	-48.9	-50.0	-5.7982826	11.480434	4.1677566	-57.51035	-5.798296	0.0	72500	1269.5594518184662
29	-46.72	-46.72	-50.0	-5.802026	11.495319	4.9661446	-53.40964	-5.802118	0.0	75000	1312.9937252998352
30	-49.66	-49.66	-46.9	-5.836923	11.543444	3.1887994	-56.231018	-5.837086	0.1	77500	1356.4838528633118
31	-49.56	-49.56	-45.0	-5.9167523	11.639268	2.532296	-58.842266	-5.916612	0.1	80000	1400.204612493515
32	-49.7	-49.7	-45.0	-5.9576015	11.6781225	3.3462062	-55.443745	-5.9576635	0.1	82500	1443.7887041568756
33	-46.26	-46.26	-47.0	-5.987295	11.71196	2.889287	-56.24557	-5.987303	0.1	85000	1487.7857003211975
34	-48.18	-48.18	-50.0	-5.997568	11.725306	3.2521224	-56.51474	-5.9973955	0.0	87500	1532.340415239334
35	-49.22	-49.22	-45.0	-6.038912	11.766938	3.1624947	-56.100307	-6.0388856	0.1	90000	1576.1904940605164
36	-47.8	-47.8	-50.0	-6.0258846	11.753082	5.012269	-54.128437	-6.0259833	0.0	92500	1620.100433588028
37	-46.84	-46.84	-28.1	-6.0733066	11.804961	3.2481196	-56.705475	-6.073119	0.5	95000	1663.528997182846
38	-45.08	-45.08	-42.8	-6.0900397	11.826747	3.2278104	-60.285683	-6.090224	0.2	97500	1707.3600413799286
39	-49.02	-49.02	-40.0	-6.1221848	11.857096	4.1627426	-55.362755	-6.1222334	0.2	100000	1751.307371377945
40	-47.06	-47.06	-49.8	-6.1774836	11.919043	4.2827415	-59.347103	-6.1770344	0.0	102500	1796.2004871368408
41	-44.94	-44.94	-49.9	-6.184965	11.949972	6.32315	-55.953243	-6.185053	0.0	105000	1840.2057960033417
42	-45.7	-45.7	-45.7	-6.1871552	11.968042	4.8204894	-59.313618	-6.186912	0.1	107500	1884.0109102725983
43	-44.66	-44.66	-35.100002	-6.2363973	12.010711	5.13098	-58.132565	-6.2362776	0.4	110000	1927.795479297638
44	-48.06	-48.06	-50.0	-6.2474446	12.016764	5.8043947	-58.64078	-6.247123	0.0	112500	1971.1398265361786
45	-44.24	-44.24	-50.0	-6.254369	12.056389	9.668471	-58.779465	-6.253776	0.0	115000	2015.3024706840515
46	-47.38	-47.38	-46.6	-6.2351375	12.058513	3.8534658	-72.519585	-6.235328	0.1	117500	2059.321284532547
47	-48.58	-48.58	-40.399998	-6.3155975	12.137154	5.3189597	-62.06478	-6.315301	0.2	120000	2102.5164399147034
48	-48.06	-48.06	-37.100002	-6.3376	12.168516	4.5689707	-60.54529	-6.3372006	0.4	122500	2147.2532789707184
49	-46.72	-46.72	-31.4	-6.3950047	12.216365	5.1346416	-61.235733	-6.3948793	0.4	125000	2190.969940662384
50	-45.6	-45.6	-37.600002	-6.4014225	12.207788	5.2552934	-62.01818	-6.40089	0.3	127500	2234.760663509369
51	-45.54	-45.54	-37.899998	-6.3425574	12.141883	6.0860934	-58.83826	-6.342005	0.4	130000	2278.590349674225
52	-46.42	-46.42	-41.100002	-6.3566294	12.132549	7.60346	-60.926437	-6.3564405	0.2	132500	2322.091097831726
53	-45.12	-45.12	-46.3	-6.391896	12.164963	4.839795	-63.090446	-6.3920074	0.2	135000	2365.9338929653168
54	-46.32	-46.32	-37.399998	-6.395626	12.157701	4.5007195	-61.846096	-6.3956776	0.3	137500	2409.7047641277313
55	-45.3	-45.3	-42.100002	-6.424832	12.18696	4.672193	-67.491196	-6.425071	0.2	140000	2453.466568470001
56	-44.2	-44.2	-41.0	-6.3860292	12.17358	5.507369	-57.47212	-6.385696	0.2	142500	2497.4039895534515
57	-47.14	-47.14	-43.100002	-6.4069304	12.193637	5.515624	-60.800346	-6.4066257	0.3	145000	2541.7665655612946
58	-46.96	-46.96	-45.5	-6.4425287	12.206264	6.3419266	-62.532593	-6.442675	0.1	147500	2585.8049886226654
59	-45.32	-45.32	-41.8	-6.501513	12.250956	4.305675	-57.985195	-6.5009828	0.2	150000	2628.6362137794495
60	-45.78	-45.78	-34.600002	-6.512786	12.284989	6.274412	-58.84298	-6.512889	0.4	152500	2672.1459612846375
61	-45.28	-45.28	-44.399998	-6.497612	12.258307	5.1161737	-64.14214	-6.497558	0.2	155000	2716.216025829315
62	-41.84	-41.84	-42.399998	-6.4661202	12.226595	6.0939813	-60.52386	-6.466185	0.2	157500	2760.134523153305
63	-47.36	-47.36	-41.600002	-6.483569	12.244631	7.8162174	-60.68794	-6.4831996	0.3	160000	2803.525879383087
64	-45.2	-45.2	-40.100002	-6.5169053	12.259226	5.1871552	-57.63242	-6.517134	0.3	162500	2847.231225967407
65	-47.08	-47.08	-35.899998	-6.5037694	12.252898	11.472852	-62.32276	-6.503781	0.3	165000	2890.6561362743378
66	-46.32	-46.32	-42.2	-6.5147247	12.247547	6.974462	-64.8556	-6.5148673	0.2	167500	2934.694790124893
67	-47.12	-47.12	-44.3	-6.543179	12.24911	5.4579954	-58.86904	-6.5430665	0.2	170000	2978.284636259079
68	-44.26	-44.26	-49.2	-6.508992	12.21751	7.0207872	-64.054016	-6.5083933	0.0	172500	3023.2627255916595
69	-47.32	-47.32	-41.2	-6.5083156	12.207081	4.455857	-60.543304	-6.5080657	0.2	175000	3066.7117166519165
70	-47.1	-47.1	-45.8	-6.517792	12.226874	8.005519	-60.54048	-6.5175405	0.1	177500	3110.03741979599
71	-42.8	-42.8	-41.600002	-6.520061	12.186341	6.5053973	-58.82121	-6.519655	0.2	180000	3153.999234199524
72	-43.44	-43.44	-42.0	-6.4664254	12.12861	9.324591	-62.122517	-6.466174	0.3	182500	3198.0510036945343
73	-47.24	-47.24	-38.0	-6.4662175	12.1263075	9.386246	-63.63367	-6.466552	0.3	185000	3242.227968931198
74	-47.1	-47.1	-42.3	-6.5065	12.167563	7.3717957	-59.81231	-6.5060277	0.3	187500	3286.576870918274
75	-45.56	-45.56	-37.7	-6.4865646	12.136117	9.014662	-65.79314	-6.4869204	0.4	190000	3330.198450088501
76	-44.96	-44.96	-44.8	-6.45913	12.104269	4.816169	-64.702286	-6.4586563	0.1	192500	3373.528406381607
77	-44.12	-44.12	-37.8	-6.5114865	12.10837	6.291919	-63.28996	-6.5111275	0.3	195000	3416.049374103546
78	-45.1	-45.1	-44.899998	-6.46566	12.084086	5.9943194	-60.499332	-6.465707	0.1	197500	3459.171757221222
79	-46.42	-46.42	-32.100002	-6.485177	12.074069	8.693838	-61.23389	-6.485158	0.4	200000	3503.681487560272
80	-44.24	-44.24	-42.3	-6.458747	12.0638485	6.4393554	-59.363514	-6.4586225	0.3	202500	3547.4227912425995
81	-46.52	-46.52	-42.0	-6.470292	12.040502	8.149778	-59.952816	-6.470035	0.2	205000	3591.8707358837128
82	-46.42	-46.42	-38.600002	-6.512189	12.058756	5.303781	-62.378723	-6.512137	0.4	207500	3636.194287776947
83	-46.06	-46.06	-40.399998	-6.5070505	12.055362	11.625984	-59.037575	-6.5070434	0.2	210000	3680.2510373592377
84	-46.32	-46.32	-36.0	-6.503329	12.028553	6.2660136	-58.250782	-6.5030193	0.4	212500	3723.901780128479
85	-45.66	-45.66	-42.5	-6.5127845	12.009635	6.6786814	-60.67828	-6.5122404	0.2	215000	3768.1873183250427
86	-46.42	-46.42	-46.0	-6.5320706	12.012036	9.659329	-67.86426	-6.532588	0.1	217500	3812.7787940502167
87	-44.42	-44.42	-35.5	-6.4546785	11.912857	6.0152645	-60.920506	-6.4543495	0.4	220000	3856.555762529373
88	-46.54	-46.54	-37.7	-6.5046444	11.938284	6.471774	-61.376217	-6.504068	0.3	222500	3899.4582874774933
89	-45.66	-45.66	-41.600002	-6.4890265	11.893539	5.8902946	-65.27082	-6.4890976	0.2	225000	3942.596727848053
90	-46.9	-46.9	-41.3	-6.4754486	11.85926	6.764389	-57.752426	-6.475032	0.2	227500	3986.3413078784943
91	-45.62	-45.62	-41.100002	-6.4588356	11.808469	6.949997	-69.29253	-6.458956	0.2	230000	4030.119370698929
92	-45.78	-45.78	-38.5	-6.461836	11.777999	5.909756	-63.148212	-6.4613414	0.3	232500	4073.7626979351044
93	-41.46	-41.46	-40.5	-6.50284	11.782671	7.039637	-58.782314	-6.5027514	0.3	235000	4117.888227701187
94	-43.72	-43.72	-44.399998	-6.500737	11.750904	6.367186	-62.381424	-6.5011907	0.1	237500	4160.569074630737
95	-43.64	-43.64	-32.100002	-6.464225	11.702275	6.696972	-64.17619	-6.463594	0.5	240000	4203.784856557846
96	-45.0	-45.0	-38.100002	-6.4177523	11.646606	6.147491	-62.388775	-6.417486	0.3	242500	4247.231424808502
97	-45.2	-45.2	-37.8	-6.4492955	11.634977	10.174708	-60.644733	-6.449113	0.4	245000	4290.858733654022
98	-41.52	-41.52	-40.399998	-6.424184	11.599408	6.463249	-64.421936	-6.423806	0.3	247500	4333.765230894089
99	-46.3	-46.3	-37.399998	-6.4337306	11.598477	5.462433	-59.106792	-6.4342265	0.4	250000	4377.167939424515
100	-44.52	-44.52	-32.899998	-6.439305	11.55412	9.975063	-56.648067	-6.439474	0.5	252500	4420.867870092392
101	-44.9	-44.9	-46.399998	-6.441927	11.496774	7.510809	-59.167164	-6.4417367	0.1	255000	4463.459222793579
102	-44.46	-44.46	-44.399998	-6.3980227	11.444753	8.534504	-63.33762	-6.397721	0.2	257500	4506.045275449753
103	-43.38	-43.38	-35.5	-6.429721	11.436762	7.0457115	-65.53628	-6.42939	0.5	260000	4549.933862686157
104	-43.56	-43.56	-36.399998	-6.4367523	11.436867	6.9711013	-58.915737	-6.4369793	0.3	262500	4594.0914487838745
105	-41.94	-41.94	-41.2	-6.4126234	11.407647	8.23791	-61.137684	-6.4125223	0.3	265000	4638.115606784821
106	-44.78	-44.78	-42.399998	-6.4054193	11.364651	5.99913	-61.784595	-6.4048557	0.3	267500	4681.912147760391
107	-46.34	-46.34	-24.3	-6.383137	11.316594	8.258253	-59.256496	-6.383114	0.6	270000	4725.678790807724
108	-46.44	-46.44	-37.600002	-6.4051113	11.3311205	7.119216	-68.19543	-6.404812	0.3	272500	4769.09183716774
109	-45.22	-45.22	-32.899998	-6.4000583	11.3368	8.785	-62.334187	-6.39938	0.5	275000	4812.511592626572
110	-40.12	-40.12	-35.8	-6.4649	11.375335	4.9199257	-66.39814	-6.4645343	0.4	277500	4855.934352397919
111	-43.74	-43.74	-37.8	-6.406526	11.3283825	6.8209853	-64.43741	-6.4061728	0.4	280000	4899.931719779968
112	-41.7	-41.7	-37.100002	-6.403683	11.299985	9.996353	-60.193832	-6.4039626	0.3	282500	4943.470902681351
113	-40.04	-40.04	-32.0	-6.421115	11.297938	8.170829	-59.5047	-6.42081	0.5	285000	4986.753614425659
114	-42.52	-42.52	-35.8	-6.4028416	11.25798	7.440017	-67.05772	-6.402336	0.4	287500	5030.75332403183
115	-44.4	-44.4	-34.399998	-6.3570714	11.197581	6.510715	-64.08739	-6.357013	0.4	290000	5075.05298781395
116	-46.08	-46.08	-40.600002	-6.391424	11.202645	7.4253654	-66.52126	-6.391296	0.3	292500	5121.456954717636
117	-45.06	-45.06	-36.7	-6.3835893	11.17532	10.911752	-58.10046	-6.3834906	0.4	295000	5165.23103928566
118	-44.8	-44.8	-35.0	-6.368602	11.144261	8.074273	-70.42416	-6.3683977	0.3	297500	5209.122358798981
119	-41.82	-41.82	-30.8	-6.356973	11.14179	7.532881	-57.120827	-6.3575315	0.4	300000	5253.324618339539
120	-44.04	-44.04	-28.8	-6.366008	11.134163	7.543169	-62.761135	-6.3653183	0.5	302500	5297.440700054169
121	-42.28	-42.28	-33.8	-6.3846593	11.148922	7.857932	-62.459724	-6.3844695	0.5	305000	5341.27493596077
122	-42.64	-42.64	-40.5	-6.354284	11.108436	9.99805	-61.650467	-6.353601	0.3	307500	5385.017874240875
123	-41.76	-41.76	-26.4	-6.342618	11.061891	9.551638	-62.705128	-6.3422775	0.6	310000	5428.90643787384
124	-42.78	-42.78	-41.100002	-6.3624716	11.06372	6.4525566	-58.473244	-6.362073	0.2	312500	5472.2963235378265
125	-43.8	-43.8	-24.5	-6.367877	11.095647	4.747973	-63.29778	-6.3675337	0.6	315000	5516.254808425903
126	-43.32	-43.32	-40.399998	-6.3318586	11.054816	8.724455	-59.172157	-6.332173	0.3	317500	5561.2861869335175
127	-43.82	-43.82	-38.2	-6.3556056	11.061105	7.3550606	-58.205902	-6.355585	0.3	320000	5604.618422269821
128	-42.68	-42.68	-37.600002	-6.3072195	10.985812	6.0655594	-59.989693	-6.306678	0.4	322500	5648.705208063126
129	-42.04	-42.04	-37.5	-6.3287916	10.9804325	9.92267	-59.389908	-6.3285975	0.4	325000	5692.801027297974
130	-43.9	-43.9	-28.6	-6.3365574	10.980233	14.959306	-63.826965	-6.336365	0.6	327500	5736.9769814014435
131	-41.68	-41.68	-26.0	-6.30669	10.945618	6.9607744	-76.12374	-6.3064394	0.6	330000	5780.56275510788
132	-44.22	-44.22	-38.7	-6.3648925	10.998811	10.51637	-71.70008	-6.364787	0.2	332500	5824.638337850571
133	-43.28	-43.28	-43.0	-6.3395767	10.968792	6.9324203	-69.52467	-6.3391166	0.2	335000	5868.6027574539185
134	-44.3	-44.3	-28.7	-6.2693887	10.887345	7.7606683	-63.884132	-6.269389	0.6	337500	5912.402634143829
135	-43.32	-43.32	-23.7	-6.3075643	10.9083605	7.6286197	-61.127533	-6.3076563	0.7	340000	5956.394489765167
136	-43.2	-43.2	-37.600002	-6.25094	10.846862	8.477572	-59.126793	-6.251139	0.3	342500	5999.732101678848
137	-39.26	-39.26	-29.5	-6.256899	10.82411	7.1194463	-58.049004	-6.2569866	0.5	345000	6043.336370706558
138	-42.4	-42.4	-28.8	-6.245501	10.766236	6.555832	-60.241245	-6.244973	0.5	347500	6087.050482034683
139	-40.08	-40.08	-28.6	-6.220202	10.740594	9.997088	-60.652615	-6.2200136	0.6	350000	6130.5902597904205
140	-43.92	-43.92	-37.5	-6.2201166	10.71439	5.949451	-58.026657	-6.2202053	0.3	352500	6173.609643697739
141	-41.48	-41.48	-29.5	-6.1797466	10.667566	10.714738	-65.85139	-6.179263	0.5	355000	6217.574725627899
142	-42.1	-42.1	-38.7	-6.212248	10.7012005	7.4025016	-64.54539	-6.2123065	0.4	357500	6261.42428612709
143	-44.44	-44.44	-39.3	-6.158107	10.640677	13.7582	-89.233025	-6.1580553	0.3	360000	6304.645581007004
144	-43.44	-43.44	-35.399998	-6.166484	10.620809	5.9314427	-65.35104	-6.1661263	0.3	362500	6348.788421869278
145	-43.52	-43.52	-27.8	-6.153962	10.627892	13.096699	-59.145485	-6.153564	0.5	365000	6392.3362691402435
146	-43.9	-43.9	-31.6	-6.144249	10.606015	7.3234115	-58.932667	-6.1442757	0.5	367500	6436.327064275742
147	-42.08	-42.08	-45.2	-6.1151414	10.569701	8.758003	-76.72963	-6.115125	0.2	370000	6480.324829339981
148	-41.6	-41.6	-25.0	-6.151535	10.592456	7.623047	-59.807472	-6.151507	0.7	372500	6525.01625585556
149	-44.64	-44.64	-38.0	-6.1184053	10.558612	10.259058	-57.573135	-6.117775	0.3	375000	6568.709201335907
150	-44.98	-44.98	-34.2	-6.140397	10.568437	8.27497	-62.628216	-6.139502	0.4	377500	6612.042809247971
151	-41.78	-41.78	-31.1	-6.1937475	10.628127	7.233516	-63.15088	-6.1940427	0.5	380000	6655.093734025955
152	-43.26	-43.26	-22.800001	-6.139913	10.582258	7.9463243	-61.580612	-6.139452	0.8	382500	6698.8078520298
153	-41.16	-41.16	-34.899998	-6.1662564	10.585844	6.8856583	-57.591007	-6.1663017	0.4	385000	6742.5209085941315
154	-41.92	-41.92	-30.1	-6.1340065	10.55169	6.1801906	-66.87718	-6.1337795	0.5	387500	6787.745318889618
155	-41.5	-41.5	-34.8	-6.163991	10.567119	8.581041	-58.69596	-6.163762	0.4	390000	6830.618447780609
156	-46.48	-46.48	-35.5	-6.130926	10.527446	6.1876655	-66.0296	-6.13137	0.3	392500	6874.042729616165
157	-41.1	-41.1	-34.2	-6.136588	10.532863	6.4644637	-62.281235	-6.1362967	0.4	395000	6918.043529987335
158	-43.98	-43.98	-41.2	-6.128445	10.507938	6.827641	-66.903854	-6.128725	0.3	397500	6961.77051115036
159	-41.3	-41.3	-33.3	-6.128818	10.530251	9.105762	-58.757683	-6.128925	0.5	400000	7005.745912075043
160	-41.12	-41.12	-33.600002	-6.0983	10.45759	6.6688695	-69.931335	-6.098235	0.4	402500	7049.5948574543
161	-40.1	-40.1	-34.600002	-6.087039	10.441975	5.272704	-60.450844	-6.086748	0.4	405000	7092.700730085373
162	-44.06	-44.06	-29.9	-6.0735116	10.414844	6.0515985	-58.6725	-6.0731177	0.6	407500	7132.090097904205
163	-39.88	-39.88	-22.6	-6.0576134	10.4079075	8.290865	-57.32257	-6.057596	0.6	410000	7175.011639118195
164	-40.46	-40.46	-28.5	-6.026499	10.3583355	6.5677176	-60.17824	-6.025946	0.5	412500	7218.324965953827
165	-41.82	-41.82	-24.4	-6.028496	10.343144	7.409622	-74.84922	-6.028302	0.6	415000	7262.403767824173
166	-42.98	-42.98	-20.800001	-6.0177393	10.324684	10.053689	-63.099247	-6.0171146	0.7	417500	7305.432280302048
167	-38.96	-38.96	-27.5	-6.007528	10.320638	10.304091	-63.548527	-6.0073614	0.6	420000	7348.881798028946
168	-41.46	-41.46	-31.7	-5.97782	10.278752	5.908379	-59.884506	-5.977699	0.5	422500	7392.363733530045
169	-39.2	-39.2	-35.100002	-6.0009475	10.2713	9.316565	-61.11427	-6.0009313	0.4	425000	7436.217314243317
170	-40.98	-40.98	-39.3	-5.980791	10.271317	6.506896	-58.41168	-5.98079	0.3	427500	7480.017031908035
171	-42.96	-42.96	-26.1	-5.958487	10.253922	8.323462	-58.52355	-5.9587507	0.7	430000	7524.028585910797
172	-38.96	-38.96	-37.600002	-5.978349	10.285232	5.825973	-61.159096	-5.9779415	0.3	432500	7567.482851743698
173	-42.32	-42.32	-31.2	-5.951183	10.262422	7.2539206	-59.65198	-5.951505	0.4	435000	7611.442462682724
174	-41.62	-41.62	-33.3	-5.9530764	10.246308	10.952687	-57.79427	-5.952668	0.3	437500	7655.449789524078
175	-40.94	-40.94	-21.1	-5.9401407	10.212361	8.740974	-70.220184	-5.9403467	0.7	440000	7698.678060054779
176	-42.16	-42.16	-30.6	-5.934629	10.200054	6.283773	-60.317642	-5.934936	0.5	442500	7742.115237236023
177	-41.4	-41.4	-33.899998	-5.9226656	10.19152	5.634717	-60.816597	-5.922966	0.4	445000	7785.004881858826
178	-43.02	-43.02	-30.9	-5.9008417	10.171561	7.480279	-60.671726	-5.9012322	0.5	447500	7828.222408294678
179	-41.1	-41.1	-34.0	-5.8981433	10.147369	8.940241	-59.94648	-5.8983855	0.4	450000	7871.543812036514
180	-44.3	-44.3	-38.100002	-5.886701	10.1103525	5.937943	-58.70232	-5.886557	0.3	452500	7915.308782815933
181	-36.62	-36.62	-41.7	-5.883295	10.1089325	8.968439	-57.39444	-5.8831344	0.2	455000	7959.308781385422
182	-43.0	-43.0	-28.3	-5.8563843	10.09188	8.394715	-60.69771	-5.8565044	0.5	457500	8003.244126558304
183	-37.84	-37.84	-37.100002	-5.832274	10.073529	5.136832	-62.03967	-5.832249	0.3	460000	8046.907198429108
184	-41.32	-41.32	-30.3	-5.8086133	10.034021	5.6965885	-57.951546	-5.8083544	0.5	462500	8088.671321153641
185	-44.16	-44.16	-37.0	-5.8477783	10.09959	7.2517047	-59.622932	-5.8482366	0.3	465000	8132.810623407364
186	-38.16	-38.16	-40.399998	-5.8193183	10.060641	8.593713	-58.59691	-5.8191476	0.3	467500	8176.22420501709
187	-40.62	-40.62	-21.6	-5.828906	10.095349	5.842738	-65.07024	-5.828861	0.7	470000	8219.624955892563
188	-37.88	-37.88	-28.0	-5.784346	10.046546	7.725267	-57.399418	-5.784664	0.5	472500	8262.879610300064
189	-40.1	-40.1	-31.0	-5.752763	10.001118	16.312765	-66.08927	-5.752583	0.5	475000	8306.282079458237
190	-38.54	-38.54	-21.699999	-5.7476187	9.9728	7.783411	-61.94293	-5.748075	0.7	477500	8350.198524236679
191	-43.34	-43.34	-19.300001	-5.7445197	9.964375	6.1828914	-59.050293	-5.7444735	0.8	480000	8393.9323387146
192	-40.2	-40.2	-22.800001	-5.717197	9.9198265	13.0704565	-62.11265	-5.716826	0.7	482500	8437.664766550064
193	-40.08	-40.08	-21.9	-5.728453	9.930684	5.366676	-58.153954	-5.729029	0.7	485000	8481.682654619217
194	-42.46	-42.46	-34.2	-5.7291627	9.917062	7.321038	-59.095184	-5.729246	0.4	487500	8525.998881816864
195	-41.4	-41.4	-27.5	-5.7456822	9.935869	8.493752	-65.23098	-5.7454953	0.6	490000	8570.779803276062
196	-40.92	-40.92	-27.8	-5.750392	9.936248	7.8593845	-61.078987	-5.7497888	0.5	492500	8615.997931480408
197	-41.46	-41.46	-17.5	-5.7252164	9.88511	13.095824	-61.600002	-5.726083	0.9	495000	8660.317865133286
198	-40.08	-40.08	-32.8	-5.701724	9.861591	9.714342	-70.51527	-5.701238	0.4	497500	8703.231802463531
199	-42.84	-42.84	-22.5	-5.732902	9.894976	4.8618903	-63.15719	-5.7323594	0.8	500000	8743.105833768845
200	-40.86	-40.86	-15.3	-5.7373405	9.891886	11.480858	-67.46833	-5.7372255	0.9	502500	8787.022486686707
201	-40.86	-40.86	-31.0	-5.743497	9.902515	10.943893	-59.28944	-5.7435565	0.6	505000	8830.226771116257
202	-43.34	-43.34	-31.9	-5.723995	9.8672695	7.6085434	-58.265903	-5.723758	0.4	507500	8874.302700519562
203	-43.02	-43.02	-28.9	-5.6977663	9.820629	8.63443	-57.893345	-5.697722	0.6	510000	8918.359393119812
204	-40.16	-40.16	-19.199999	-5.7086205	9.820254	6.363554	-66.266396	-5.708767	0.8	512500	8961.600280761719
205	-42.54	-42.54	-23.6	-5.6603537	9.776872	5.266475	-62.12545	-5.6603427	0.7	515000	9004.499222278595
206	-39.26	-39.26	-29.3	-5.636986	9.727444	11.933259	-63.748592	-5.63664	0.5	517500	9047.221589565277
207	-38.7	-38.7	-21.800001	-5.6440444	9.722455	9.908926	-67.178894	-5.6438785	0.7	520000	9090.857421875
208	-38.7	-38.7	-21.6	-5.594938	9.654881	12.357961	-62.750336	-5.59466	0.7	522500	9134.107546567917
209	-37.66	-37.66	-23.5	-5.605084	9.650313	5.9578657	-60.580368	-5.6053133	0.7	525000	9177.766828775406
210	-40.68	-40.68	-34.8	-5.5900173	9.641371	6.2422814	-60.95661	-5.5896688	0.3	527500	9221.032174110413
211	-37.38	-37.38	-33.2	-5.5747576	9.60278	15.035868	-61.111748	-5.5752096	0.4	530000	9265.364347934723
212	-41.92	-41.92	-29.4	-5.5631647	9.576726	5.5750475	-64.55808	-5.5630355	0.5	532500	9309.288168907166
213	-41.94	-41.94	-25.9	-5.558913	9.560906	6.3811836	-59.593246	-5.558785	0.6	535000	9352.896666765213
214	-38.24	-38.24	-15.4	-5.551356	9.560871	5.3809795	-61.831165	-5.5513425	0.9	537500	9396.643584728241
215	-37.34	-37.34	-30.5	-5.5471907	9.540291	6.037653	-61.608013	-5.547098	0.5	540000	9440.414180278778
216	-36.4	-36.4	-22.0	-5.539917	9.544052	11.457373	-59.77086	-5.540429	0.7	542500	9485.064577817917
217	-39.82	-39.82	-29.9	-5.4955273	9.477929	9.540165	-63.693794	-5.4954305	0.5	545000	9529.553714990616
218	-40.5	-40.5	-21.800001	-5.4740844	9.451984	6.3768334	-61.492958	-5.473848	0.7	547500	9574.781043291092
219	-36.18	-36.18	-14.0	-5.4626017	9.438609	9.960462	-57.514072	-5.4626784	1.0	550000	9619.617736816406
220	-38.6	-38.6	-27.2	-5.4586234	9.426694	6.2187104	-77.45227	-5.458434	0.6	552500	9664.233842611313
221	-38.98	-38.98	-26.2	-5.4564204	9.418695	5.4576454	-64.944176	-5.456152	0.5	555000	9708.376383066177
222	-38.66	-38.66	-24.3	-5.441639	9.393461	5.9467072	-73.567856	-5.44191	0.6	557500	9751.935465812683
223	-40.12	-40.12	-19.5	-5.412325	9.364588	9.033599	-63.059242	-5.4120927	0.8	560000	9795.876684188843
224	-38.08	-38.08	-17.300001	-5.426225	9.375519	7.1505494	-60.037025	-5.4261117	0.8	562500	9839.148631334305
225	-36.52	-36.52	-24.8	-5.3984456	9.34161	6.3393784	-62.004494	-5.3985767	0.7	565000	9882.868359565735
226	-40.96	-40.96	-15.7	-5.390196	9.321745	8.029472	-63.163322	-5.3903093	0.9	567500	9926.924437761307
227	-37.74	-37.74	-18.1	-5.409941	9.324165	5.514522	-63.93869	-5.4098034	0.9	570000	9971.09472322464
228	-38.86	-38.86	-17.699999	-5.355232	9.264778	12.33136	-60.83392	-5.354951	0.8	572500	10014.800030708313
229	-40.12	-40.12	-17.5	-5.357663	9.23208	9.765176	-63.89377	-5.357714	0.8	575000	10059.001089572906
230	-38.84	-38.84	-22.0	-5.3702617	9.241725	8.490991	-62.717026	-5.37022	0.7	577500	10103.20612192154
231	-40.58	-40.58	-29.8	-5.3661556	9.239795	7.715445	-77.59275	-5.365891	0.5	580000	10147.814952135086
232	-39.32	-39.32	-27.5	-5.3664646	9.232212	8.805755	-65.4679	-5.3667884	0.6	582500	10192.77103972435
233	-40.5	-40.5	-22.4	-5.3667903	9.197482	4.4263844	-62.71644	-5.366576	0.7	585000	10236.307658433914
234	-38.38	-38.38	-15.9	-5.3128343	9.135034	10.218962	-66.20587	-5.3126097	0.9	587500	10280.427708625793
235	-37.9	-37.9	-25.2	-5.271966	9.0828085	8.126471	-59.806347	-5.2718444	0.6	590000	10324.169124603271
236	-38.5	-38.5	-16.300001	-5.303797	9.136146	6.334517	-62.2114	-5.3034444	0.8	592500	10368.812361717224
237	-39.24	-39.24	-21.699999	-5.259122	9.089178	8.729685	-75.62	-5.2590065	0.7	595000	10411.856944799423
238	-36.58	-36.58	-17.4	-5.270631	9.086922	6.671261	-70.177086	-5.271437	0.8	597500	10455.590303659439
239	-35.84	-35.84	-28.2	-5.2411222	9.052804	5.8261437	-61.114132	-5.2412086	0.6	600000	10499.366200685501
240	-37.28	-37.28	-29.5	-5.2144	9.028581	4.5619354	-79.48688	-5.2141986	0.5	602500	10542.977427482605
241	-37.4	-37.4	-18.1	-5.2034283	8.987943	5.2086987	-65.13009	-5.2030206	0.8	605000	10586.173914670944
242	-37.64	-37.64	-22.800001	-5.2131276	8.995137	14.470694	-60.50101	-5.213091	0.6	607500	10631.005936145782
243	-37.5	-37.5	-23.0	-5.2260504	8.995555	5.926003	-63.653786	-5.226104	0.7	610000	10674.857782125473
244	-38.44	-38.44	-21.0	-5.2180853	8.981821	10.626056	-64.61154	-5.217736	0.7	612500	10718.23388671875
245	-37.54	-37.54	-22.4	-5.2208996	8.965198	5.325256	-62.982124	-5.220927	0.7	615000	10761.115464448929
246	-34.1	-34.1	-21.4	-5.218147	8.970078	4.9704657	-61.496742	-5.2177672	0.7	617500	10803.003576278687
247	-39.54	-39.54	-21.5	-5.215235	8.977208	8.135518	-62.864902	-5.2155113	0.7	620000	10846.16489481926
248	-43.22	-43.22	-18.1	-5.1883993	8.933938	4.379937	-63.728703	-5.187494	0.7	622500	10889.812326908112
249	-42.04	-42.04	-14.9	-5.190464	8.940327	15.226892	-61.017933	-5.1908846	0.9	625000	10932.187811613083
250	-37.16	-37.16	-13.6	-5.2021203	8.936287	7.0793777	-63.01442	-5.202296	0.9	627500	10976.068694114685
251	-39.52	-39.52	-29.3	-5.1801043	8.920578	6.29787	-65.39946	-5.1797066	0.5	630000	11019.628757953644
252	-36.32	-36.32	-21.699999	-5.1815176	8.911204	10.607606	-65.299835	-5.1813564	0.7	632500	11063.544497728348
253	-39.04	-39.04	-20.800001	-5.1404257	8.844433	7.8658767	-65.380066	-5.1402774	0.7	635000	11107.89983677864
254	-39.78	-39.78	-33.600002	-5.1664224	8.8536415	4.819973	-60.751205	-5.166406	0.3	637500	11151.208372116089
255	-33.08	-33.08	-13.6	-5.13372	8.824052	6.6264124	-63.316395	-5.133643	0.9	640000	11195.372523546219
256	-35.66	-35.66	-21.800001	-5.0879207	8.771956	4.774737	-74.15392	-5.0879555	0.7	642500	11239.172144412994
257	-36.32	-36.32	-20.199999	-5.093824	8.784833	8.126147	-60.46367	-5.0937796	0.7	645000	11283.25068306923
258	-39.2	-39.2	-27.0	-5.0966907	8.768256	6.1712403	-75.168236	-5.0967846	0.5	647500	11327.055845975876
259	-36.12	-36.12	-25.7	-5.072745	8.762599	7.459657	-67.57449	-5.072347	0.6	650000	11371.585228443146
260	-34.12	-34.12	-27.1	-5.053783	8.7006855	8.7755995	-60.12606	-5.0538573	0.6	652500	11415.153663635254
261	-38.2	-38.2	-18.199999	-5.0192842	8.663675	8.354056	-60.75078	-5.0195975	0.8	655000	11457.367519140244
262	-41.1	-41.1	-17.300001	-5.0232315	8.646114	8.705414	-67.2641	-5.0228157	0.8	657500	11500.97169137001
263	-39.28	-39.28	-18.300001	-5.011014	8.600484	4.9308305	-61.964615	-5.011077	0.8	660000	11545.010092258453
264	-40.04	-40.04	-13.0	-4.9961724	8.563645	8.296279	-63.386543	-4.996609	0.9	662500	11589.592245340347
265	-38.38	-38.38	-11.9	-4.992797	8.5525	7.8520007	-61.01066	-4.9925237	0.9	665000	11633.495504617691
266	-40.54	-40.54	-23.6	-4.9863725	8.534895	8.682456	-61.270203	-4.9864335	0.6	667500	11678.031282901764
267	-38.74	-38.74	-18.6	-4.983724	8.517315	7.9843388	-64.098465	-4.983628	0.8	670000	11721.518540382385
268	-36.28	-36.28	-15.7	-4.980518	8.501732	7.0308156	-66.40214	-4.980551	0.9	672500	11765.074098110199
269	-39.46	-39.46	-13.6	-4.9576592	8.478192	10.492281	-60.893307	-4.9579754	0.8	675000	11807.985449790955
270	-39.24	-39.24	-15.5	-4.998199	8.499699	6.9084644	-64.48699	-4.9983335	0.9	677500	11850.231998443604
271	-37.16	-37.16	-25.9	-5.0241194	8.499338	5.223494	-70.01932	-5.0238605	0.6	680000	11894.473521709442
272	-37.2	-37.2	-18.199999	-4.980653	8.435594	8.7481	-61.578403	-4.9812512	0.7	682500	11937.794415950775
273	-37.44	-37.44	-24.6	-4.947289	8.412928	12.215192	-60.406387	-4.947535	0.6	685000	11981.505759000778
274	-37.64	-37.64	-13.6	-4.974328	8.406711	8.741868	-57.239277	-4.974738	0.9	687500	12025.145993947983
275	-37.28	-37.28	-15.3	-4.933419	8.349975	8.990057	-61.824493	-4.933552	0.8	690000	12070.202656030655
276	-38.1	-38.1	-21.5	-4.9465003	8.3455515	7.734069	-59.729397	-4.9465785	0.7	692500	12114.173727750778
277	-37.54	-37.54	-13.6	-4.968667	8.375375	7.523427	-60.69805	-4.9682093	0.9	695000	12157.785238265991
278	-34.92	-34.92	-25.8	-4.9395986	8.334646	9.985562	-59.959785	-4.9393215	0.6	697500	12201.676640510559
279	-36.88	-36.88	-25.8	-4.9269776	8.337278	3.9372284	-67.120674	-4.927148	0.6	700000	12245.75139427185
280	-38.0	-38.0	-22.1	-4.9255514	8.302748	15.226021	-58.224236	-4.9256763	0.6	702500	12289.63724064827
281	-37.5	-37.5	-14.3	-4.8901076	8.284339	10.502803	-65.3302	-4.890267	0.9	705000	12333.162448883057
282	-37.42	-37.42	-11.5	-4.883872	8.247414	5.563894	-61.225452	-4.884237	0.9	707500	12377.002498626709
283	-33.7	-33.7	-20.5	-4.8716846	8.206119	10.682681	-65.37479	-4.872061	0.7	710000	12420.809296369553
284	-39.8	-39.8	-20.5	-4.8518276	8.162968	8.937318	-66.73704	-4.851885	0.7	712500	12464.166350603104
285	-37.88	-37.88	-21.199999	-4.8487496	8.151613	6.044223	-66.750916	-4.8488054	0.7	715000	12507.302169322968
286	-34.3	-34.3	-13.4	-4.8577294	8.121227	7.14742	-62.973362	-4.8578835	1.0	717500	12550.687269210815
287	-37.24	-37.24	-25.7	-4.8348055	8.076723	13.845641	-62.693615	-4.834993	0.6	720000	12594.89899468422
288	-35.46	-35.46	-10.2	-4.8038	8.050757	8.907455	-68.637405	-4.8042636	1.0	722500	12638.540129184723
289	-38.48	-38.48	-19.800001	-4.773652	7.993996	11.29361	-57.890068	-4.773864	0.7	725000	12681.896419763565
290	-36.44	-36.44	-10.900001	-4.7630763	7.9827013	7.8444014	-68.22701	-4.7633495	0.9	727500	12725.21116065979
291	-33.76	-33.76	-18.699999	-4.7624693	7.936936	9.915743	-62.546387	-4.7624545	0.8	730000	12767.602913618088
292	-39.4	-39.4	-23.8	-4.7533207	7.9046745	8.239224	-62.402515	-4.753353	0.6	732500	12810.195781230927
293	-40.52	-40.52	-22.4	-4.799723	7.942884	7.771594	-65.030655	-4.7997565	0.7	735000	12853.211148500443
294	-37.42	-37.42	-17.800001	-4.767749	7.886008	6.4135056	-63.691677	-4.767339	0.8	737500	12896.759391069412
295	-37.48	-37.48	-17.800001	-4.760744	7.882125	9.328339	-61.18064	-4.7604656	0.8	740000	12940.758218050003
296	-36.5	-36.5	-23.199999	-4.7614713	7.8990955	8.27481	-62.308067	-4.762011	0.7	742500	12983.898743391037
297	-34.68	-34.68	-20.699999	-4.747611	7.8688703	8.022723	-60.712704	-4.7474017	0.7	745000	13028.466816186905
298	-36.62	-36.62	-13.8	-4.724455	7.841292	9.172091	-64.19004	-4.725011	0.9	747500	13072.135136842728
299	-37.16	-37.16	-15.7	-4.747057	7.8444633	8.270625	-61.472107	-4.7468657	0.9	750000	13116.216827869415
300	-35.52	-35.52	-12.1	-4.7104154	7.7800756	7.9362016	-66.25823	-4.710445	1.0	752500	13159.543141841888
301	-33.62	-33.62	-21.800001	-4.7196517	7.797632	8.288267	-63.46409	-4.719829	0.8	755000	13203.217466831207
302	-40.64	-40.64	-13.9	-4.744224	7.7957554	7.9996614	-67.87069	-4.743806	0.9	757500	13247.733918905258
303	-34.96	-34.96	-21.300001	-4.7481	7.801853	5.9482083	-65.824486	-4.748675	0.7	760000	13291.542237997055
304	-33.34	-33.34	-16.4	-4.7197576	7.7563634	7.6479335	-79.65562	-4.7198973	0.8	762500	13335.687416315079
305	-35.16	-35.16	-18.4	-4.7074633	7.7376475	4.5907326	-61.910316	-4.7075543	0.8	765000	13379.875610351562
306	-37.1	-37.1	-21.199999	-4.6841135	7.691381	8.41094	-65.54507	-4.684169	0.7	767500	13423.56465601921
307	-34.98	-34.98	-15.4	-4.7128534	7.681392	21.165344	-64.93844	-4.712428	0.9	770000	13467.775128602982
308	-38.9	-38.9	-22.9	-4.6668324	7.60924	7.214112	-60.268124	-4.666857	0.7	772500	13512.130551338196
309	-35.6	-35.6	-8.5	-4.6803584	7.6222043	7.325097	-65.44601	-4.6798253	1.0	775000	13556.035949707031
310	-38.66	-38.66	-12.3	-4.667477	7.6001616	4.077927	-64.275986	-4.667745	0.9	777500	13599.266236305237
311	-35.82	-35.82	-17.699999	-4.6988664	7.6175385	7.2494273	-64.99863	-4.6988606	0.8	780000	13642.250986099243
312	-38.8	-38.8	-19.4	-4.6785846	7.557637	10.309748	-62.29692	-4.678445	0.7	782500	13686.142545700073
313	-33.94	-33.94	-19.4	-4.660392	7.518119	7.3206706	-65.63663	-4.6600595	0.8	785000	13729.805318117142
314	-32.74	-32.74	-10.599999	-4.6273203	7.4864874	7.718944	-77.8023	-4.627792	1.0	787500	13773.46975016594
315	-37.04	-37.04	-11.8	-4.614462	7.4567866	12.405042	-71.967094	-4.613958	0.9	790000	13816.881735086441
316	-32.7	-32.7	-13.4	-4.6333613	7.468698	13.86042	-61.00058	-4.6332874	1.0	792500	13860.697202920914
317	-33.76	-33.76	-8.599999	-4.6371317	7.4600453	7.2865496	-66.85297	-4.6370835	1.0	795000	13903.518100976944
318	-39.08	-39.08	-14.3	-4.6401153	7.453121	9.045598	-66.79086	-4.6397614	0.9	797500	13949.253319740295
319	-34.04	-34.04	-13.6	-4.6458607	7.4461365	7.174238	-62.939426	-4.646074	0.9	800000	13993.238476514816
320	-38.56	-38.56	-11.0	-4.646441	7.442016	7.0275893	-65.18598	-4.645712	1.0	802500	14036.69609117508
321	-34.22	-34.22	-13.6	-4.6005893	7.367756	11.121398	-62.606804	-4.6007695	1.0	805000	14081.164657115936
322	-38.64	-38.64	-13.5	-4.6388254	7.370308	12.945354	-70.73021	-4.638984	0.8	807500	14125.840033769608
323	-39.6	-39.6	-22.1	-4.621292	7.358157	15.139671	-62.82082	-4.6208963	0.7	810000	14170.86422586441
324	-37.4	-37.4	-11.599999	-4.6469154	7.3382072	10.749055	-70.09681	-4.646842	1.0	812500	14214.828513383865
325	-37.64	-37.64	-18.0	-4.6479983	7.3186703	12.044165	-72.32877	-4.647703	0.8	815000	14258.90245127678
326	-38.42	-38.42	-11.3	-4.6055346	7.268307	9.433493	-66.46525	-4.6046715	0.9	817500	14302.871735811234
327	-36.74	-36.74	-20.4	-4.624323	7.2669945	7.4290977	-62.90009	-4.6246448	0.9	820000	14347.916232585907
328	-37.62	-37.62	-17.9	-4.633009	7.265535	9.044081	-63.141434	-4.6328897	0.8	822500	14391.768615961075
329	-34.72	-34.72	-10.099999	-4.6482687	7.251846	6.1611285	-67.41636	-4.648175	1.0	825000	14435.980326890945
330	-37.04	-37.04	-13.7	-4.6442776	7.197016	9.128063	-65.942245	-4.6437206	0.9	827500	14480.952957868576
331	-39.78	-39.78	-10.599999	-4.6533737	7.1901126	8.421325	-59.143616	-4.653254	1.0	830000	14525.329253673553
332	-37.3	-37.3	-18.5	-4.6607356	7.16689	6.9610915	-61.12522	-4.6604004	0.7	832500	14569.413721561432
333	-37.7	-37.7	-18.800001	-4.653765	7.146659	6.0233	-59.892914	-4.6537724	0.8	835000	14614.179781675339
334	-36.56	-36.56	-19.1	-4.637934	7.102853	9.528884	-63.376072	-4.638597	0.8	837500	14658.1855032444
335	-35.76	-35.76	-12.8	-4.5990057	7.004673	7.2933745	-61.181667	-4.5984864	0.9	840000	14702.060762405396
336	-33.9	-33.9	-11.2	-4.5779753	6.9795647	6.2518497	-64.15581	-4.5783367	1.0	842500	14745.711486816406
337	-39.2	-39.2	-16.199999	-4.599866	6.9416676	8.605684	-64.95762	-4.5998816	0.9	845000	14789.777655601501
338	-37.7	-37.7	-9.5	-4.6343765	6.957187	12.841385	-62.18374	-4.633898	1.0	847500	14833.479135751724
339	-35.52	-35.52	-19.4	-4.6168623	6.9409018	11.288658	-61.75138	-4.61665	0.7	850000	14876.54920554161
340	-34.54	-34.54	-14.6	-4.618038	6.922187	8.355438	-66.807175	-4.618196	0.9	852500	14919.56320476532
341	-38.12	-38.12	-11.599999	-4.660734	6.947253	14.344568	-69.92106	-4.6612077	0.9	855000	14963.01061463356
342	-35.38	-35.38	-18.699999	-4.6396513	6.9203196	9.4803295	-64.34143	-4.6397157	0.8	857500	15006.295275449753
343	-36.38	-36.38	-10.5	-4.611108	6.862612	6.3802347	-61.72906	-4.6107097	1.0	860000	15049.089311122894
344	-34.86	-34.86	-16.199999	-4.6151333	6.840802	6.7377906	-60.53739	-4.6152596	0.9	862500	15092.321358919144
345	-33.94	-33.94	-10.5	-4.579106	6.7504354	5.558083	-63.271282	-4.579037	1.0	865000	15135.770243167877
346	-34.38	-34.38	-12.6	-4.5893674	6.7541323	6.2001314	-59.75605	-4.5891957	0.9	867500	15178.577944993973
347	-37.32	-37.32	-12.6	-4.60949	6.746154	11.302559	-69.266	-4.6098056	1.0	870000	15221.694496154785
348	-37.24	-37.24	-12.1	-4.5896363	6.7132983	5.137364	-63.397976	-4.5891867	1.0	872500	15265.067637443542
349	-35.1	-35.1	-20.1	-4.551315	6.649493	6.1475596	-63.469784	-4.5511928	0.8	875000	15307.312448740005
350	-37.72	-37.72	-14.9	-4.5584216	6.6306314	7.8114514	-62.88842	-4.5582843	0.9	877500	15349.171832084656
351	-34.36	-34.36	-13.5	-4.5564914	6.622622	11.990792	-72.697754	-4.5566044	1.0	880000	15390.00188946724
352	-37.44	-37.44	-13.7	-4.5348506	6.595102	7.698223	-65.3421	-4.5347567	0.9	882500	15431.814732551575
353	-37.32	-37.32	-15.3	-4.5377865	6.6056247	9.566867	-64.32537	-4.538134	0.9	885000	15473.93415760994
354	-39.28	-39.28	-13.0	-4.5257506	6.5498676	5.2198863	-60.657215	-4.5261455	1.0	887500	15516.078755617142
355	-34.68	-34.68	-11.7	-4.5274916	6.5678005	8.514601	-61.204773	-4.5273447	1.0	890000	15557.950674533844
356	-33.76	-33.76	-14.0	-4.522663	6.541726	16.583433	-62.336624	-4.5227985	0.9	892500	15599.614075183868
357	-34.68	-34.68	-10.0	-4.5301857	6.551021	8.517885	-63.332794	-4.5299854	1.0	895000	15642.108431816101
358	-37.42	-37.42	-10.900001	-4.5222673	6.512909	8.80715	-61.764946	-4.5221195	1.0	897500	15684.847963809967
359	-39.2	-39.2	-11.2	-4.536651	6.5266	14.615286	-68.193855	-4.5367374	1.0	900000	15727.501001358032
360	-35.48	-35.48	-10.7	-4.537163	6.4883947	14.521481	-65.85695	-4.5372777	1.0	902500	15771.756096363068
361	-40.08	-40.08	-17.199999	-4.525336	6.4713073	8.852552	-66.821846	-4.525466	0.8	905000	15815.545179367065
362	-32.32	-32.32	-9.8	-4.5163713	6.4197383	6.9128003	-65.36356	-4.516645	1.0	907500	15858.498131752014
363	-35.38	-35.38	-15.5	-4.479613	6.3784823	8.984088	-65.413666	-4.4801917	0.9	910000	15900.39207315445
364	-34.74	-34.74	-10.5	-4.4938607	6.353112	6.718537	-66.872856	-4.4941564	1.0	912500	15942.535282611847
365	-38.46	-38.46	-9.2	-4.513434	6.345662	11.602801	-69.34562	-4.5130267	1.0	915000	15985.96083855629
366	-34.7	-34.7	-14.7	-4.530204	6.363726	5.9487457	-63.190845	-4.530144	0.9	917500	16026.199522733688
367	-37.28	-37.28	-12.6	-4.5199504	6.3284407	7.6137424	-64.75813	-4.5201883	1.0	920000	16068.270596027374
368	-35.12	-35.12	-19.699999	-4.5032945	6.3317766	8.114594	-66.52979	-4.5029697	0.8	922500	16110.458152770996
369	-32.38	-32.38	-16.300001	-4.491414	6.2622952	5.851375	-84.06444	-4.490883	0.9	925000	16154.485790967941
370	-36.96	-36.96	-9.900001	-4.4980693	6.3047895	9.483597	-64.6618	-4.498553	1.0	927500	16197.725982427597
371	-38.04	-38.04	-10.900001	-4.489572	6.28051	6.053799	-70.76488	-4.489874	1.0	930000	16241.100372314453
372	-35.72	-35.72	-13.9	-4.4830365	6.244465	6.9653826	-63.861477	-4.4829254	0.9	932500	16284.488296985626
373	-33.34	-33.34	-12.2	-4.4935455	6.2538953	5.790077	-64.240036	-4.4936886	1.0	935000	16327.721279382706
374	-37.96	-37.96	-9.8	-4.5250125	6.261659	6.301559	-64.50626	-4.524523	1.0	937500	16372.085765600204
375	-39.22	-39.22	-8.8	-4.5160007	6.255667	7.2825084	-71.60598	-4.5158424	1.0	940000	16415.761123657227
376	-32.76	-32.76	-12.7	-4.493208	6.2172923	9.073989	-64.529106	-4.4940968	1.0	942500	16458.885752677917
377	-34.34	-34.34	-13.2	-4.4962254	6.2170186	7.9558024	-66.44776	-4.495549	1.0	945000	16501.948002815247
378	-36.26	-36.26	-12.1	-4.480179	6.177705	13.3671875	-71.71835	-4.4803524	1.0	947500	16545.47595191002
379	-38.74	-38.74	-12.8	-4.487564	6.152117	20.700851	-59.430138	-4.4872437	1.0	950000	16588.628485441208
380	-32.58	-32.58	-14.5	-4.475826	6.1067553	12.401734	-60.94623	-4.475923	0.9	952500	16632.480942487717
381	-34.16	-34.16	-11.9	-4.497899	6.140962	12.701324	-74.24773	-4.4975104	1.0	955000	16677.132962465286
382	-37.32	-37.32	-14.9	-4.488784	6.125438	10.965507	-71.027794	-4.488332	0.9	957500	16720.503565311432
383	-37.24	-37.24	-11.5	-4.4903126	6.0872016	5.765156	-64.549385	-4.4903636	1.0	960000	16764.308029413223
384	-35.64	-35.64	-10.3	-4.488611	6.0524035	9.216726	-67.9581	-4.488255	1.0	962500	16807.512868642807
385	-34.26	-34.26	-14.6	-4.4532895	6.0390825	9.238376	-62.96539	-4.453282	1.0	965000	16850.758281707764
386	-35.7	-35.7	-10.3	-4.475273	6.0511947	8.288195	-63.791946	-4.475414	1.0	967500	16893.67116856575
387	-38.14	-38.14	-12.6	-4.4901595	6.0655203	5.9228005	-77.704666	-4.490148	1.0	970000	16936.048806905746
388	-36.68	-36.68	-7.8	-4.49225	6.0400643	7.4493203	-68.971115	-4.4920464	1.0	972500	16980.21470761299
389	-38.5	-38.5	-12.1	-4.50124	6.0405097	8.089368	-68.5949	-4.5011287	1.0	975000	17022.592853069305
390	-33.46	-33.46	-10.3	-4.5241885	6.049361	7.340572	-61.439735	-4.5240235	1.0	977500	17065.090383529663
391	-35.88	-35.88	-9.7	-4.5020523	6.047157	6.579392	-62.18376	-4.5018945	1.0	980000	17107.494331121445
392	-38.42	-38.42	-12.5	-4.4795985	5.9917445	7.4366508	-62.22027	-4.4795914	1.0	982500	17149.817464590073
393	-34.64	-34.64	-12.9	-4.49282	6.0132403	8.956369	-66.41846	-4.4924197	1.0	985000	17191.826847314835
394	-37.18	-37.18	-9.2	-4.5049753	6.0264516	10.865488	-71.495964	-4.5051756	1.0	987500	17235.444937944412
395	-35.92	-35.92	-6.2	-4.484842	6.000316	12.542019	-63.538963	-4.484799	1.0	990000	17278.179213523865
396	-36.08	-36.08	-9.0	-4.491365	5.9926176	9.615061	-67.19781	-4.4914694	1.0	992500	17320.920687675476
397	-37.28	-37.28	-10.2	-4.508541	5.9862	9.341005	-63.436543	-4.50823	1.0	995000	17363.604858636856
398	-36.62	-36.62	-11.2	-4.513285	6.0044904	14.704682	-61.479187	-4.5141025	1.0	997500	17407.00501036644
399	-37.38	-37.38	-12.3	-4.502944	5.9642134	5.7120576	-64.70993	-4.5023117	1.0	1000000	17449.793817043304
400	-37.66	-37.66	-9.099999	-4.5144067	5.985472	5.416812	-68.76114	-4.5141363	1.0	1002500	17492.259288072586
401	-30.64	-30.64	-11.099999	-4.4892974	5.9666305	11.539882	-63.396397	-4.4893436	1.0	1005000	17536.000269412994
402	-34.8	-34.8	-13.2	-4.5083184	5.9501357	9.108928	-85.2397	-4.5082088	1.0	1007500	17578.06063747406
403	-33.44	-33.44	-8.7	-4.499526	5.948862	6.812685	-68.49116	-4.4996524	1.0	1010000	17620.279799222946
404	-36.06	-36.06	-10.099999	-4.4830117	5.9311247	6.3637533	-70.43861	-4.483033	1.0	1012500	17663.715708971024
405	-33.8	-33.8	-10.099999	-4.4677906	5.8955917	4.475253	-69.84401	-4.468482	1.0	1015000	17706.298637866974
406	-33.1	-33.1	-9.2	-4.446261	5.9112916	6.157295	-68.79399	-4.44575	1.0	1017500	17749.56663942337
407	-35.44	-35.44	-10.2	-4.451195	5.927158	7.4233284	-70.85931	-4.451319	1.0	1020000	17791.93883395195
408	-33.04	-33.04	-10.0	-4.415693	5.845529	10.2912035	-65.99173	-4.4152865	1.0	1022500	17833.329523801804
409	-34.64	-34.64	-10.3	-4.442298	5.866592	8.083615	-68.22873	-4.4422927	1.0	1025000	17874.281665563583
410	-35.32	-35.32	-10.8	-4.413505	5.831379	9.067822	-65.14554	-4.4136004	1.0	1027500	17916.08379292488
411	-32.66	-32.66	-11.099999	-4.432384	5.8386683	9.174401	-63.79292	-4.4322267	1.0	1030000	17958.099282503128
412	-36.64	-36.64	-10.8	-4.414605	5.8549633	5.2267256	-64.755646	-4.41436	1.0	1032500	18000.07363343239
413	-35.54	-35.54	-12.7	-4.4305067	5.871465	8.393177	-64.87533	-4.430649	0.9	1035000	18041.353710651398
414	-37.56	-37.56	-9.900001	-4.416584	5.846463	6.7068996	-68.06079	-4.4168363	1.0	1037500	18083.277483701706
415	-37.5	-37.5	-11.2	-4.418952	5.8688207	6.975307	-76.28898	-4.4192014	1.0	1040000	18124.603174448013
416	-34.02	-34.02	-10.7	-4.4106736	5.848406	8.486189	-64.15573	-4.410674	1.0	1042500	18166.44728899002
417	-35.56	-35.56	-12.9	-4.425835	5.8620434	9.306085	-64.50579	-4.425377	0.9	1045000	18207.882472753525
418	-33.5	-33.5	-12.7	-4.4289417	5.8739567	8.387928	-81.15558	-4.4288836	0.9	1047500	18249.867609024048
419	-33.74	-33.74	-11.5	-4.4032755	5.8460994	4.8352904	-69.22686	-4.403653	1.0	1050000	18291.709576129913
420	-36.42	-36.42	-10.8	-4.3953605	5.7778325	7.0038404	-64.22368	-4.395421	1.0	1052500	18332.915356636047
421	-37.98	-37.98	-10.400001	-4.3938975	5.814803	8.8757105	-71.961205	-4.3940177	1.0	1055000	18373.678015947342
422	-36.74	-36.74	-9.400001	-4.416901	5.86046	13.839607	-66.3202	-4.416482	1.0	1057500	18414.96391415596
423	-31.14	-31.14	-9.099999	-4.4034004	5.8313465	6.187667	-73.46382	-4.403574	1.0	1060000	18457.19811940193
424	-33.28	-33.28	-11.3	-4.396308	5.8178434	9.083664	-96.896645	-4.3959436	1.0	1062500	18498.144477128983
425	-34.38	-34.38	-9.099999	-4.382289	5.809108	11.776906	-86.10043	-4.3824425	1.0	1065000	18540.24351644516
426	-36.26	-36.26	-11.3	-4.3679175	5.8199224	6.785211	-68.33364	-4.36806	1.0	1067500	18581.222632169724
427	-37.0	-37.0	-10.8	-4.394254	5.80018	9.734262	-69.985634	-4.394382	1.0	1070000	18621.951220035553
428	-34.12	-34.12	-10.3	-4.4226217	5.8193636	6.4139576	-90.31314	-4.4220104	1.0	1072500	18663.071453809738
429	-37.54	-37.54	-11.599999	-4.4032907	5.82376	6.5959077	-92.12579	-4.4033394	1.0	1075000	18703.403424739838
430	-37.9	-37.9	-12.6	-4.401505	5.799585	7.149199	-75.162834	-4.4013133	1.0	1077500	18744.792839050293
431	-31.9	-31.9	-15.2	-4.4004936	5.798904	4.774582	-71.112076	-4.4005146	0.9	1080000	18786.18569135666
432	-39.02	-39.02	-8.2	-4.415425	5.8433123	9.575917	-63.441998	-4.414924	1.0	1082500	18826.851206302643
433	-33.04	-33.04	-11.400001	-4.4075923	5.8159256	7.429129	-69.88316	-4.4076834	1.0	1085000	18867.294120788574
434	-38.0	-38.0	-10.2	-4.389101	5.818279	19.579428	-67.099686	-4.3889856	1.0	1087500	18909.15365076065
435	-37.34	-37.34	-11.599999	-4.404375	5.844792	6.3549232	-62.446636	-4.4043336	1.0	1090000	18950.088554143906
436	-35.22	-35.22	-9.599999	-4.3714814	5.8082976	5.9625883	-72.222115	-4.3712096	1.0	1092500	18990.909784793854
437	-34.38	-34.38	-11.099999	-4.357174	5.7684817	6.278059	-71.68228	-4.357284	1.0	1095000	19032.05682992935
438	-34.28	-34.28	-9.900001	-4.3693457	5.804558	17.367235	-74.407425	-4.3697243	1.0	1097500	19073.08135819435
439	-32.14	-32.14	-10.7	-4.3961477	5.8190145	9.722711	-69.955605	-4.39558	1.0	1100000	19115.472496271133
440	-34.46	-34.46	-10.400001	-4.3828845	5.8156266	14.743887	-86.761635	-4.382916	1.0	1102500	19157.132014989853
441	-35.58	-35.58	-11.2	-4.368519	5.848697	6.0307155	-67.182785	-4.3679566	1.0	1105000	19199.785246133804
442	-35.8	-35.8	-11.2	-4.355455	5.8153176	10.295954	-64.16986	-4.355698	1.0	1107500	19240.918650865555
443	-33.58	-33.58	-14.3	-4.3643684	5.841407	13.415614	-73.87699	-4.3640537	0.9	1110000	19281.916368961334
444	-31.96	-31.96	-9.2	-4.3833385	5.8664646	7.5572004	-63.891815	-4.3830895	1.0	1112500	19322.749732255936
445	-36.36	-36.36	-8.599999	-4.376138	5.864988	7.9786563	-65.561066	-4.375964	1.0	1115000	19363.723472595215
446	-37.84	-37.84	-10.2	-4.378303	5.8493443	8.308348	-63.247723	-4.3781657	1.0	1117500	19408.1534614563
447	-36.24	-36.24	-7.9	-4.3904676	5.866966	9.121587	-76.25546	-4.3896356	1.0	1120000	19450.34506058693
448	-35.36	-35.36	-17.800001	-4.40871	5.8908286	14.632845	-66.565475	-4.409048	0.8	1122500	19491.911776542664
449	-32.62	-32.62	-10.099999	-4.3940024	5.862641	8.734281	-68.94856	-4.3938665	1.0	1125000	19528.819232463837
450	-31.96	-31.96	-12.4	-4.378613	5.8900294	6.495487	-65.50184	-4.3786592	1.0	1127500	19569.610000371933
451	-36.54	-36.54	-14.2	-4.368549	5.858733	7.608847	-67.05819	-4.3683157	0.9	1130000	19611.295525074005
452	-36.7	-36.7	-9.2	-4.3782353	5.8513107	6.718105	-69.61252	-4.377975	1.0	1132500	19651.556630373
453	-37.44	-37.44	-11.099999	-4.35858	5.8336515	3.1433833	-66.0032	-4.358481	1.0	1135000	19692.973348617554
454	-36.2	-36.2	-12.6	-4.371265	5.8439717	7.4020634	-69.12183	-4.3707447	1.0	1137500	19734.736751794815
455	-38.94	-38.94	-10.8	-4.3667274	5.828671	8.461328	-63.283363	-4.367154	1.0	1140000	19775.923827648163
456	-35.0	-35.0	-14.4	-4.3382716	5.7946286	9.741431	-66.1374	-4.338157	0.8	1142500	19816.99244451523
457	-36.34	-36.34	-13.9	-4.3557568	5.7896194	8.346149	-65.678566	-4.354947	0.9	1145000	19857.683441400528
458	-37.22	-37.22	-14.8	-4.37034	5.8120656	9.43379	-70.79431	-4.3702717	0.9	1147500	19898.54468035698
459	-36.72	-36.72	-10.8	-4.375569	5.822354	4.6783957	-64.243935	-4.3755207	1.0	1150000	19940.351842403412
460	-34.28	-34.28	-8.5	-4.378662	5.7982187	6.895381	-66.75681	-4.3781986	1.0	1152500	19981.034514427185
461	-36.72	-36.72	-10.900001	-4.3655734	5.7952337	5.7668757	-70.48357	-4.3653984	1.0	1155000	20021.92151904106
462	-35.26	-35.26	-11.7	-4.385534	5.817418	7.9085636	-70.176865	-4.3853617	1.0	1157500	20065.98931312561
463	-35.76	-35.76	-15.4	-4.370806	5.8132186	10.62188	-65.838844	-4.3709435	0.9	1160000	20107.850601434708
464	-36.6	-36.6	-15.9	-4.393602	5.8262253	9.090384	-75.80032	-4.3928604	0.8	1162500	20149.40661907196
465	-34.52	-34.52	-14.0	-4.3694496	5.8050823	13.677951	-69.11518	-4.3698645	1.0	1165000	20187.667420864105
466	-32.48	-32.48	-10.3	-4.350247	5.7750773	10.898445	-80.73879	-4.3499994	1.0	1167500	20228.620442152023
467	-36.08	-36.08	-9.099999	-4.3500233	5.771735	4.825293	-68.60656	-4.3502855	1.0	1170000	20269.720510721207
468	-37.66	-37.66	-9.2	-4.351389	5.7641144	7.2376475	-72.24371	-4.3513765	1.0	1172500	20310.759356737137
469	-36.52	-36.52	-10.2	-4.33027	5.7402406	7.004591	-68.407555	-4.330022	1.0	1175000	20353.55100631714
470	-35.56	-35.56	-11.3	-4.337947	5.743702	4.7386928	-65.460434	-4.338366	1.0	1177500	20395.57346892357
471	-36.66	-36.66	-11.099999	-4.3557615	5.7574434	9.560622	-65.89729	-4.355808	1.0	1180000	20437.22063946724
472	-39.62	-39.62	-8.400001	-4.3472223	5.773196	7.2293496	-70.95355	-4.347488	1.0	1182500	20478.357169151306
473	-35.76	-35.76	-12.3	-4.364935	5.7594075	5.8818073	-63.617203	-4.3647523	1.0	1185000	20519.955466508865
474	-31.38	-31.38	-11.8	-4.3534684	5.7576947	9.543319	-66.97008	-4.353702	1.0	1187500	20561.201983213425
475	-33.38	-33.38	-8.400001	-4.356436	5.7746453	12.491905	-59.99813	-4.3563375	1.0	1190000	20602.370142936707
476	-38.44	-38.44	-10.3	-4.3411145	5.7514257	5.186258	-66.17327	-4.340857	1.0	1192500	20643.401985883713
477	-34.48	-34.48	-14.1	-4.3516536	5.7849035	4.037083	-64.3602	-4.3514113	1.0	1195000	20686.163407087326
478	-37.58	-37.58	-10.5	-4.3212314	5.7604175	5.033817	-66.40328	-4.321044	1.0	1197500	20727.46976876259
479	-37.7	-37.7	-10.7	-4.3551917	5.7901373	4.4044294	-71.804695	-4.3553004	1.0	1200000	20769.773095607758
480	-33.78	-33.78	-15.9	-4.365177	5.8063707	8.2725525	-74.482925	-4.365657	0.9	1202500	20811.59287238121
481	-38.28	-38.28	-9.8	-4.337821	5.7806926	11.58742	-68.45537	-4.337721	1.0	1205000	20853.354353904724
482	-33.84	-33.84	-10.3	-4.375748	5.8360534	8.570714	-62.71534	-4.375864	1.0	1207500	20894.82385969162
483	-30.96	-30.96	-9.5	-4.362392	5.8015924	10.208572	-66.81474	-4.3624096	1.0	1210000	20936.617144584656
484	-31.8	-31.8	-10.599999	-4.348441	5.77239	6.9588923	-61.73732	-4.3484626	1.0	1212500	20979.20395064354
485	-36.02	-36.02	-11.9	-4.340932	5.7672086	7.4632683	-62.686802	-4.3405905	0.9	1215000	21021.550370931625
486	-35.28	-35.28	-9.599999	-4.342998	5.7767377	6.2508583	-71.747246	-4.343214	1.0	1217500	21063.245801448822
487	-34.8	-34.8	-9.7	-4.3524394	5.7826066	5.69435	-66.20652	-4.3523054	1.0	1220000	21103.90835404396
488	-34.36	-34.36	-12.7	-4.361545	5.7887506	6.6658792	-60.898563	-4.3609557	0.9	1222500	21144.958805322647
489	-33.78	-33.78	-17.800001	-4.3524137	5.7597356	17.790396	-62.456142	-4.3524756	0.8	1225000	21185.002822875977
490	-34.0	-34.0	-15.4	-4.338179	5.734896	12.872311	-89.67252	-4.3382835	0.9	1227500	21221.917531490326
491	-35.44	-35.44	-11.3	-4.3478713	5.7529235	9.567095	-68.81453	-4.3478146	1.0	1230000	21255.292484521866
492	-33.62	-33.62	-10.2	-4.357168	5.7818866	9.439818	-66.77407	-4.356712	1.0	1232500	21286.563753843307
493	-38.44	-38.44	-10.099999	-4.3373194	5.7827845	8.894986	-83.22932	-4.337187	1.0	1235000	21318.393770456314
494	-30.82	-30.82	-9.7	-4.3555756	5.7215376	6.3340306	-65.25789	-4.3557925	1.0	1237500	21350.232646226883
495	-33.18	-33.18	-13.8	-4.3629527	5.733245	8.895223	-68.07927	-4.3630886	1.0	1240000	21378.287364006042
496	-33.26	-33.26	-10.599999	-4.356875	5.771084	3.8501744	-63.773693	-4.3570337	1.0	1242500	21406.339385032654
497	-36.54	-36.54	-11.0	-4.3569956	5.7634993	5.6384315	-63.749126	-4.356838	1.0	1245000	21434.011023044586
498	-32.2	-32.2	-9.599999	-4.3471265	5.791345	5.1272845	-63.47102	-4.347107	1.0	1247500	21460.266084194183
499	-34.28	-34.28	-9.900001	-4.3635254	5.8464775	6.4791703	-71.240005	-4.3631372	1.0	1250000	21486.638732910156
