Epoch	EpRet	EpRealRet	TestEpRet	AverageQ1	StdQ1	MaxQ1	MinQ1	Q2	TestSuccess	TotalEnvInteracts	TotalTime
0	-48.5	-48.5	-46.666668	-1.0717274	1.8388405	1.2399892	-22.161554	-1.0717812	0.06666667	2500	65.02514815330505
1	-48.666668	-48.666668	-48.333332	-2.2968159	4.4660773	3.9447803	-40.030872	-2.29682	0.033333335	5000	121.90991735458374
2	-48.0	-48.0	-50.0	-3.3874629	6.7845864	1.6754419	-54.47333	-3.3874795	0.0	7500	183.33135867118835
3	-48.833332	-48.833332	-50.0	-4.3291473	8.7293005	5.698271	-58.881714	-4.3291626	0.0	10000	255.8635606765747
4	-48.053333	-48.053333	-46.666668	-5.114902	10.379187	2.9385755	-65.353195	-5.1149426	0.06666667	12500	330.3516192436218
5	-48.49	-48.49	-49.166668	-5.7681656	11.734108	5.075137	-61.66502	-5.7681646	0.016666668	15000	403.1269133090973
6	-48.253334	-48.253334	-50.0	-6.329394	12.903671	2.8080578	-68.225555	-6.3294153	0.0	17500	476.1040244102478
7	-47.7	-47.7	-49.933334	-6.823164	13.906188	5.61303	-71.86998	-6.823142	0.0	20000	548.6025350093842
8	-48.77	-48.77	-49.166668	-7.1915298	14.691625	3.6280398	-60.51474	-7.1914897	0.016666668	22500	620.056075334549
9	-47.833332	-47.833332	-49.166668	-7.566994	15.408697	4.5687566	-65.939995	-7.566889	0.016666668	25000	693.8723073005676
10	-48.493332	-48.493332	-47.566666	-7.8603606	15.979668	17.480951	-75.23831	-7.860314	0.05	27500	766.7418911457062
11	-48.633335	-48.633335	-49.166668	-8.142699	16.482983	5.9228983	-79.209946	-8.142655	0.016666668	30000	841.3513638973236
12	-46.916668	-46.916668	-49.933334	-8.34999	16.862732	4.6984553	-72.585686	-8.350049	0.0	32500	914.1134912967682
13	-49.146667	-49.146667	-47.5	-8.5087185	17.166153	4.3878007	-70.989265	-8.508654	0.05	35000	986.8767287731171
14	-48.766666	-48.766666	-48.333332	-8.653605	17.422773	13.48611	-81.122604	-8.653734	0.033333335	37500	1059.2644817829132
15	-47.83	-47.83	-47.483334	-8.754479	17.60061	13.92726	-74.23723	-8.754615	0.05	40000	1132.010816335678
16	-48.263332	-48.263332	-48.366665	-8.791427	17.694033	4.81197	-65.82871	-8.791543	0.033333335	42500	1206.4067196846008
17	-48.97	-48.97	-49.166668	-8.864829	17.79229	5.8836536	-64.57366	-8.864827	0.016666668	45000	1278.725796699524
18	-47.866665	-47.866665	-49.166668	-8.918433	17.878738	4.8962445	-79.37127	-8.918496	0.016666668	47500	1351.9306011199951
19	-48.59	-48.59	-48.266666	-8.963411	17.939018	6.227143	-71.1032	-8.96344	0.033333335	50000	1424.503170967102
20	-48.376667	-48.376667	-46.666668	-9.021055	17.994055	6.060691	-79.739784	-9.021102	0.06666667	52500	1497.7603917121887
21	-47.143333	-47.143333	-48.833332	-9.043081	18.011086	21.978739	-62.38943	-9.04323	0.033333335	55000	1571.6325209140778
22	-47.966667	-47.966667	-49.866665	-9.040587	18.009176	5.8265104	-67.27507	-9.040682	0.0	57500	1643.4374704360962
23	-48.043335	-48.043335	-47.466667	-9.066324	18.03258	5.717939	-69.1915	-9.06604	0.05	60000	1717.6207387447357
24	-47.99	-47.99	-46.5	-9.116212	18.088623	6.086242	-63.14257	-9.11621	0.06666667	62500	1788.985612154007
25	-48.3	-48.3	-48.566666	-9.154268	18.127344	7.271899	-67.377945	-9.154126	0.033333335	65000	1862.6337525844574
26	-48.09	-48.09	-46.616665	-9.175556	18.147854	9.842144	-70.12405	-9.175483	0.06666667	67500	1935.557580947876
27	-48.413334	-48.413334	-47.5	-9.220771	18.18213	12.649966	-69.74477	-9.220665	0.05	70000	2008.0796627998352
28	-47.52	-47.52	-49.166668	-9.210876	18.155117	5.288756	-64.262535	-9.210824	0.016666668	72500	2081.1623318195343
29	-49.263332	-49.263332	-49.149998	-9.214828	18.144268	9.712975	-79.249115	-9.214841	0.016666668	75000	2153.122668981552
30	-47.85	-47.85	-49.95	-9.242395	18.146048	10.375245	-63.61933	-9.242348	0.0	77500	2225.2067580223083
31	-47.61	-47.61	-49.149998	-9.236723	18.13751	7.926948	-62.376114	-9.236688	0.016666668	80000	2297.2521979808807
32	-47.92	-47.92	-48.333332	-9.252124	18.154537	5.758767	-63.917492	-9.251993	0.033333335	82500	2369.897986650467
33	-47.82	-47.82	-48.066666	-9.283167	18.177698	11.231469	-71.8258	-9.283274	0.05	85000	2442.8006591796875
34	-47.94	-47.94	-46.600002	-9.247933	18.136738	9.34466	-65.2335	-9.247974	0.06666667	87500	2515.593965291977
35	-48.116665	-48.116665	-46.733334	-9.303057	18.177488	6.9288783	-62.728138	-9.303291	0.06666667	90000	2588.9480702877045
36	-48.34667	-48.34667	-49.883335	-9.304792	18.162025	7.4122553	-61.734577	-9.304894	0.0	92500	2661.874629497528
37	-47.823334	-47.823334	-47.683334	-9.311063	18.148912	6.307633	-71.211	-9.310999	0.05	95000	2735.1776156425476
38	-48.31	-48.31	-44.95	-9.32406	18.148457	9.656045	-63.06041	-9.323906	0.1	97500	2807.2328078746796
39	-47.793335	-47.793335	-48.466667	-9.3259115	18.139627	8.93964	-64.2786	-9.326043	0.033333335	100000	2879.440546274185
40	-48.486668	-48.486668	-48.2	-9.33911	18.139053	5.8118486	-70.121765	-9.339288	0.05	102500	2952.1897621154785
41	-48.37	-48.37	-49.149998	-9.32439	18.111761	9.897084	-73.89129	-9.324505	0.016666668	105000	3022.7925622463226
42	-47.73	-47.73	-49.149998	-9.317663	18.089056	7.992151	-65.6199	-9.317529	0.016666668	107500	3095.670475959778
43	-47.66	-47.66	-47.350002	-9.310687	18.055801	8.13698	-61.876385	-9.310451	0.05	110000	3166.3230135440826
44	-47.53	-47.53	-48.2	-9.329205	18.04599	8.27326	-65.853676	-9.329314	0.033333335	112500	3238.82133436203
45	-48.076668	-48.076668	-49.083332	-9.319086	18.020546	9.800232	-62.191105	-9.319103	0.033333335	115000	3309.9158279895782
46	-47.91	-47.91	-47.516666	-9.32104	17.989391	6.40225	-62.087475	-9.321273	0.05	117500	3380.8282210826874
47	-48.463333	-48.463333	-47.100002	-9.285907	17.935198	6.4628644	-63.173183	-9.286022	0.06666667	120000	3452.726008415222
48	-47.73	-47.73	-48.43333	-9.308389	17.92322	11.5198145	-62.83287	-9.308361	0.033333335	122500	3523.1492166519165
49	-47.96	-47.96	-46.316666	-9.308462	17.888214	6.903527	-66.29698	-9.308474	0.083333336	125000	3595.4479689598083
50	-47.93667	-47.93667	-47.483337	-9.3126955	17.874035	13.554364	-64.8556	-9.312661	0.033333335	127500	3666.4213445186615
51	-48.59	-48.59	-47.366665	-9.324932	17.865301	8.37842	-68.385895	-9.324854	0.05	130000	3738.5209255218506
52	-48.683334	-48.683334	-46.783337	-9.2990055	17.81632	20.44403	-71.13526	-9.299058	0.083333336	132500	3810.7732739448547
53	-47.716667	-47.716667	-47.033337	-9.305308	17.803534	8.1131	-63.31342	-9.305246	0.06666667	135000	3881.055449962616
54	-48.053333	-48.053333	-49.06667	-9.293963	17.776606	6.330084	-62.74927	-9.293919	0.016666668	137500	3952.6662600040436
55	-46.756668	-46.756668	-48.416668	-9.294154	17.759377	11.4748535	-62.102005	-9.294255	0.033333335	140000	4023.1420361995697
56	-46.893333	-46.893333	-47.866665	-9.301982	17.749226	9.917378	-65.014565	-9.301802	0.05	142500	4095.384971141815
57	-47.36	-47.36	-47.61667	-9.295214	17.719894	11.132784	-62.33722	-9.295	0.05	145000	4166.402693986893
58	-48.006668	-48.006668	-48.216667	-9.292868	17.686642	17.967184	-63.37158	-9.292902	0.033333335	147500	4237.263896226883
59	-46.61	-46.61	-46.05	-9.268809	17.636826	15.697339	-63.29759	-9.268828	0.083333336	150000	4307.274028778076
60	-47.056667	-47.056667	-48.233334	-9.282321	17.621565	9.318315	-74.59213	-9.282255	0.033333335	152500	4377.890376806259
61	-46.913334	-46.913334	-47.233334	-9.255491	17.569511	7.5638347	-70.20793	-9.255322	0.06666667	155000	4450.057002067566
62	-47.40333	-47.40333	-45.799995	-9.26535	17.545244	16.251726	-62.09511	-9.265182	0.1	157500	4520.291692972183
63	-46.946667	-46.946667	-46.933334	-9.225341	17.482222	7.4960403	-67.22006	-9.225389	0.06666667	160000	4591.84037899971
64	-47.963333	-47.963333	-46.3	-9.210166	17.435278	8.283551	-67.67824	-9.209937	0.083333336	162500	4662.058838844299
65	-46.796665	-46.796665	-44.350002	-9.19987	17.39138	14.504434	-71.80937	-9.199819	0.11666667	165000	4733.537348031998
66	-46.88	-46.88	-46.133335	-9.190869	17.366713	6.910495	-68.41478	-9.190917	0.083333336	167500	4803.569742679596
67	-46.82	-46.82	-42.399998	-9.184927	17.331064	10.006013	-63.52219	-9.184887	0.16666667	170000	4873.879488229752
68	-46.47	-46.47	-47.766666	-9.173575	17.294165	22.113695	-64.303246	-9.1732235	0.05	172500	4945.160397529602
69	-46.363335	-46.363335	-43.916668	-9.183809	17.284498	8.285198	-68.09335	-9.183716	0.16666667	175000	5015.453136920929
70	-47.40333	-47.40333	-44.399998	-9.167591	17.235504	10.911824	-65.52571	-9.167523	0.11666667	177500	5085.5705025196075
71	-46.68	-46.68	-45.216667	-9.180379	17.211744	9.785909	-63.338234	-9.180371	0.1	180000	5155.0541133880615
72	-46.506668	-46.506668	-42.45	-9.162993	17.171024	7.986631	-64.6666	-9.162796	0.16666667	182500	5224.903763771057
73	-46.263332	-46.263332	-44.116665	-9.134901	17.108835	7.4841332	-63.86745	-9.134838	0.13333334	185000	5293.846714019775
74	-46.36	-46.36	-47.466667	-9.141935	17.075634	13.300044	-62.848896	-9.1420145	0.083333336	187500	5362.567166090012
75	-46.72333	-46.72333	-48.033337	-9.15039	17.047781	12.874686	-66.15501	-9.150319	0.06666667	190000	5432.831279993057
76	-46.68667	-46.68667	-45.283333	-9.127647	16.994999	12.295786	-64.406395	-9.127668	0.11666667	192500	5501.843308925629
77	-46.166668	-46.166668	-46.149998	-9.12867	16.971054	14.996535	-67.20497	-9.128711	0.083333336	195000	5572.181749343872
78	-46.146667	-46.146667	-45.899998	-9.101173	16.922525	9.755031	-67.3817	-9.101328	0.083333336	197500	5640.854824781418
79	-46.8	-46.8	-47.083332	-9.108293	16.905962	15.980558	-67.934975	-9.108266	0.05	200000	5711.229148387909
80	-45.423332	-45.423332	-45.799995	-9.067159	16.853151	10.355999	-63.023487	-9.067083	0.083333336	202500	5781.306052446365
81	-46.156666	-46.156666	-44.466667	-9.060817	16.819492	7.7499843	-66.38087	-9.060603	0.11666667	205000	5849.806603908539
82	-45.233334	-45.233334	-41.149998	-9.031061	16.768923	9.263143	-65.648094	-9.030969	0.2	207500	5920.330703735352
83	-44.63	-44.63	-45.0	-9.055886	16.74625	17.539318	-67.534035	-9.055796	0.1	210000	5990.411853313446
84	-46.576668	-46.576668	-40.416668	-9.05166	16.71258	7.7172337	-68.54981	-9.051318	0.25	212500	6060.022926330566
85	-46.233334	-46.233334	-42.65	-9.074924	16.707148	6.9773884	-68.30359	-9.075076	0.2	215000	6129.591797113419
86	-43.926666	-43.926666	-45.233334	-9.078485	16.678518	9.909814	-69.853485	-9.078347	0.11666667	217500	6199.8576917648315
87	-46.893333	-46.893333	-46.149998	-9.072634	16.647373	10.824126	-66.238266	-9.072391	0.11666667	220000	6269.408720970154
88	-44.09	-44.09	-41.683334	-9.090198	16.631826	9.939438	-64.47277	-9.090171	0.2	222500	6338.437437295914
89	-46.373333	-46.373333	-44.9	-9.101916	16.614405	11.511622	-66.165985	-9.101777	0.11666667	225000	6408.573542833328
90	-46.65333	-46.65333	-45.15	-9.105268	16.574144	13.664305	-72.70419	-9.10517	0.1	227500	6477.697261810303
91	-45.02667	-45.02667	-40.450005	-9.114736	16.542152	8.18532	-70.25956	-9.114431	0.2	230000	6548.2003262043
92	-44.766666	-44.766666	-46.216667	-9.083168	16.48729	11.966404	-65.739944	-9.083019	0.06666667	232500	6618.027383804321
93	-45.15333	-45.15333	-42.649998	-9.092453	16.45256	9.839474	-66.11391	-9.092402	0.18333334	235000	6685.967617511749
94	-45.42	-45.42	-45.133335	-9.119056	16.432198	10.540225	-67.448296	-9.118952	0.13333334	237500	6756.506349563599
95	-45.836666	-45.836666	-42.033337	-9.11422	16.391266	10.165355	-64.12082	-9.114446	0.16666667	240000	6826.259883880615
96	-45.423332	-45.423332	-42.0	-9.150233	16.38922	10.279871	-65.42974	-9.149874	0.2	242500	6896.817989587784
97	-45.21	-45.21	-43.899998	-9.169249	16.377111	10.055022	-68.28042	-9.169552	0.16666667	245000	6966.863543748856
98	-45.583332	-45.583332	-45.05	-9.145469	16.32564	11.325573	-73.55196	-9.145357	0.13333334	247500	7037.379297733307
99	-44.97333	-44.97333	-43.416668	-9.151058	16.300444	9.308757	-69.747154	-9.151228	0.18333334	250000	7106.483040094376
100	-43.94	-43.94	-43.549995	-9.13042	16.247698	11.1239	-67.07426	-9.130099	0.13333334	252500	7175.473941326141
101	-44.88	-44.88	-45.100002	-9.135784	16.222939	11.345213	-63.70958	-9.135601	0.1	255000	7246.0696086883545
102	-44.576668	-44.576668	-44.86667	-9.15309	16.208652	15.960651	-64.93476	-9.153121	0.13333334	257500	7313.931654691696
103	-44.18	-44.18	-43.2	-9.145599	16.17473	15.992232	-74.02522	-9.145521	0.2	260000	7384.355500459671
104	-44.93667	-44.93667	-43.716663	-9.165198	16.16006	10.893593	-66.88545	-9.165335	0.13333334	262500	7453.825181245804
105	-44.356667	-44.356667	-43.93333	-9.138366	16.104548	9.531858	-75.7023	-9.138251	0.16666667	265000	7524.21904873848
106	-43.233334	-43.233334	-42.883335	-9.149964	16.065903	11.140641	-68.858025	-9.149654	0.16666667	267500	7592.399485349655
107	-42.176666	-42.176666	-43.466667	-9.147862	16.016083	10.870044	-70.09865	-9.148149	0.16666667	270000	7661.80181312561
108	-45.03	-45.03	-44.016666	-9.168595	16.002544	12.002254	-65.689064	-9.168724	0.16666667	272500	7732.581838607788
109	-43.786667	-43.786667	-41.183334	-9.1763935	15.986777	10.468175	-67.00216	-9.176326	0.18333334	275000	7801.703845500946
110	-44.883335	-44.883335	-44.083332	-9.173546	15.954401	18.16952	-71.61474	-9.173829	0.13333334	277500	7870.261480331421
111	-44.28	-44.28	-42.583332	-9.175404	15.906427	15.5721445	-73.44702	-9.175296	0.2	280000	7938.707098484039
112	-43.27667	-43.27667	-41.766666	-9.1690035	15.862198	16.406078	-65.54108	-9.169233	0.21666667	282500	8008.931230306625
113	-44.496666	-44.496666	-44.033337	-9.174205	15.82863	13.76458	-70.48963	-9.17401	0.15	285000	8078.123674631119
114	-42.943333	-42.943333	-45.233334	-9.157006	15.776949	10.999965	-66.0465	-9.156914	0.13333334	287500	8147.6631326675415
115	-43.086666	-43.086666	-43.416668	-9.159283	15.746493	12.149793	-66.499245	-9.159249	0.2	290000	8218.074440717697
116	-43.873333	-43.873333	-40.466667	-9.160202	15.699949	11.567691	-66.52939	-9.160307	0.23333333	292500	8287.08396935463
117	-44.72	-44.72	-41.783333	-9.167459	15.676583	16.459816	-88.364174	-9.167496	0.2	295000	8356.816577911377
118	-45.413334	-45.413334	-41.716663	-9.170389	15.650649	13.769642	-66.27072	-9.170257	0.21666667	297500	8425.299623250961
119	-43.06333	-43.06333	-41.316666	-9.1791525	15.627616	18.39472	-72.307076	-9.178833	0.2	300000	8495.21703672409
120	-43.49	-43.49	-40.233334	-9.171606	15.583313	14.264819	-66.8262	-9.171661	0.2	302500	8565.864121675491
121	-43.733334	-43.733334	-41.233334	-9.182969	15.546923	11.191809	-87.39618	-9.182875	0.2	305000	8634.49238562584
122	-43.996666	-43.996666	-43.88333	-9.169996	15.50679	13.217905	-69.42987	-9.170163	0.13333334	307500	8704.352854967117
123	-42.446667	-42.446667	-40.366665	-9.145101	15.45732	13.523271	-66.71571	-9.144914	0.26666668	310000	8773.755015850067
124	-43.513332	-43.513332	-43.866665	-9.164921	15.446351	12.336391	-74.01071	-9.16499	0.13333334	312500	8842.801288366318
125	-43.496666	-43.496666	-42.416668	-9.174846	15.433215	15.267303	-67.06821	-9.174533	0.16666667	315000	8912.34989285469
126	-41.383335	-41.383335	-43.166668	-9.177906	15.412744	16.723307	-65.50367	-9.177613	0.16666667	317500	8980.284653186798
127	-42.52667	-42.52667	-40.100002	-9.1761055	15.382929	12.14025	-71.81768	-9.176124	0.26666668	320000	9050.13114786148
128	-43.213333	-43.213333	-41.316666	-9.189083	15.364411	16.603447	-67.89412	-9.1888075	0.28333333	322500	9119.536209583282
129	-42.636665	-42.636665	-43.8	-9.186825	15.334262	14.903883	-71.38502	-9.186888	0.18333334	325000	9189.866322755814
130	-43.90333	-43.90333	-39.0	-9.196732	15.307544	15.180109	-67.578224	-9.196435	0.26666668	327500	9258.932875871658
131	-42.56	-42.56	-41.733334	-9.166464	15.267694	11.029766	-68.22498	-9.166602	0.25	330000	9328.530574083328
132	-41.476665	-41.476665	-38.2	-9.1789665	15.259145	13.224382	-63.239258	-9.17872	0.26666668	332500	9396.947103977203
133	-43.056667	-43.056667	-39.483334	-9.169691	15.222255	16.008307	-72.09679	-9.169677	0.28333333	335000	9465.66273021698
134	-41.536667	-41.536667	-40.61667	-9.167055	15.170417	17.165787	-65.829956	-9.16697	0.26666668	337500	9535.836804151535
135	-41.793335	-41.793335	-38.683334	-9.156885	15.131148	10.809214	-68.82202	-9.15679	0.28333333	340000	9604.726490974426
136	-41.386665	-41.386665	-42.666668	-9.161136	15.119939	12.247259	-68.34779	-9.161005	0.21666667	342500	9675.636909246445
137	-43.363335	-43.363335	-39.983334	-9.1601	15.080585	12.643792	-69.18122	-9.159936	0.28333333	345000	9745.324089765549
138	-42.333332	-42.333332	-41.483334	-9.187221	15.075757	9.608265	-73.12827	-9.187585	0.21666667	347500	9814.702461004257
139	-42.756668	-42.756668	-36.833332	-9.185023	15.029286	16.968142	-73.44833	-9.184941	0.38333333	350000	9883.50500035286
140	-41.34667	-41.34667	-39.166668	-9.174065	15.000663	12.247829	-69.0382	-9.174108	0.31666666	352500	9952.53037929535
141	-41.546665	-41.546665	-38.45	-9.17064	14.96897	14.541228	-76.16858	-9.170294	0.3	355000	10022.210464954376
142	-43.15333	-43.15333	-38.916668	-9.1710415	14.957568	20.378696	-71.51221	-9.171224	0.31666666	357500	10092.11733865738
143	-41.593334	-41.593334	-41.299995	-9.175253	14.929856	13.97154	-72.0952	-9.175291	0.21666667	360000	10161.35759806633
144	-41.34667	-41.34667	-37.45	-9.18242	14.916589	13.781918	-76.9537	-9.182526	0.35	362500	10230.312986373901
145	-41.28	-41.28	-38.766666	-9.173113	14.883391	13.063555	-73.50293	-9.17331	0.28333333	365000	10300.213413715363
146	-41.443333	-41.443333	-39.216667	-9.18985	14.867567	11.544183	-67.200554	-9.189653	0.31666666	367500	10368.95255112648
147	-39.496666	-39.496666	-37.149998	-9.163727	14.823182	10.469665	-78.6992	-9.163908	0.33333334	370000	10438.600578546524
148	-40.78	-40.78	-39.216667	-9.156132	14.790625	15.137063	-70.74298	-9.156112	0.26666668	372500	10507.923179864883
149	-42.483334	-42.483334	-37.516666	-9.152686	14.765582	14.581285	-79.51055	-9.152739	0.36666667	375000	10576.66206407547
150	-41.36	-41.36	-36.68333	-9.165379	14.751633	8.709534	-69.74153	-9.165383	0.35	377500	10647.409860372543
151	-40.696667	-40.696667	-40.316666	-9.160626	14.729607	9.671688	-73.732895	-9.160431	0.21666667	380000	10716.569344520569
152	-41.123333	-41.123333	-39.38333	-9.130683	14.680149	11.146615	-69.45101	-9.130739	0.3	382500	10786.018918991089
153	-42.206665	-42.206665	-39.100002	-9.114497	14.666325	10.951674	-66.6106	-9.114531	0.31666666	385000	10855.3575527668
154	-39.503334	-39.503334	-40.616665	-9.126512	14.6617775	11.075521	-66.70718	-9.1265135	0.28333333	387500	10924.61746931076
155	-41.306667	-41.306667	-38.149998	-9.094787	14.616704	14.3524065	-69.07953	-9.0944605	0.31666666	390000	10994.50856256485
156	-41.84	-41.84	-34.5	-9.087311	14.573267	18.639536	-76.000626	-9.087434	0.38333333	392500	11062.975154161453
157	-41.29	-41.29	-37.0	-9.084613	14.545151	11.755768	-77.999245	-9.08434	0.31666666	395000	11133.10035943985
158	-42.046665	-42.046665	-35.43333	-9.090589	14.52694	11.374433	-73.94195	-9.090452	0.3	397500	11201.910948514938
159	-39.486668	-39.486668	-36.033333	-9.090776	14.509522	11.397868	-67.875946	-9.090518	0.28333333	400000	11271.771019220352
160	-40.58	-40.58	-42.983334	-9.078448	14.4866495	15.127183	-72.19785	-9.078409	0.16666667	402500	11341.652294874191
161	-40.773335	-40.773335	-35.316666	-9.090174	14.470708	10.7729645	-71.86094	-9.090093	0.33333334	405000	11411.320558786392
162	-40.856667	-40.856667	-39.200005	-9.105874	14.446797	10.958173	-68.17518	-9.106001	0.28333333	407500	11481.592197656631
163	-41.35	-41.35	-37.016666	-9.091062	14.425982	16.377098	-65.40562	-9.090998	0.38333333	410000	11551.36583185196
164	-40.356667	-40.356667	-37.600002	-9.090135	14.389949	12.807377	-74.45416	-9.090051	0.33333334	412500	11620.64717578888
165	-39.98	-39.98	-37.7	-9.089019	14.382182	16.54449	-67.74659	-9.089113	0.3	415000	11690.541657209396
166	-39.23	-39.23	-31.633331	-9.082341	14.349137	12.203204	-65.21958	-9.082585	0.45	417500	11759.939999103546
167	-40.066666	-40.066666	-37.05	-9.073188	14.307857	12.709217	-68.46258	-9.073221	0.31666666	420000	11830.466103315353
168	-41.34	-41.34	-33.899998	-9.085488	14.298862	15.016031	-67.99818	-9.085403	0.38333333	422500	11899.612976312637
169	-39.2	-39.2	-36.583332	-9.065903	14.2581005	17.262434	-72.628136	-9.065729	0.38333333	425000	11970.332703590393
170	-40.72333	-40.72333	-36.733334	-9.070162	14.222109	11.11019	-70.14996	-9.07014	0.3	427500	12039.41998243332
171	-38.71	-38.71	-36.166668	-9.056353	14.186583	10.079625	-70.32102	-9.056251	0.38333333	430000	12110.67039847374
172	-38.176666	-38.176666	-33.033333	-9.023549	14.140737	20.610407	-70.2888	-9.023517	0.5	432500	12179.552508592606
173	-39.53	-39.53	-36.450005	-8.982683	14.086433	15.290712	-78.261116	-8.982765	0.38333333	435000	12249.203568696976
174	-39.94	-39.94	-34.366665	-8.966769	14.066736	12.465517	-66.321434	-8.966644	0.41666666	437500	12318.94496178627
175	-39.666668	-39.666668	-32.149998	-8.968024	14.029773	14.252195	-75.38093	-8.967924	0.43333334	440000	12387.532658338547
176	-38.816666	-38.816666	-34.416668	-8.971233	13.999424	16.591393	-75.39516	-8.971201	0.38333333	442500	12457.704845905304
177	-38.493332	-38.493332	-31.516668	-8.93956	13.966516	20.671093	-72.95327	-8.939452	0.45	445000	12527.65285897255
178	-39.703335	-39.703335	-33.033337	-8.924937	13.930478	15.972063	-68.95994	-8.924957	0.41666666	447500	12597.752332687378
179	-39.87	-39.87	-32.283333	-8.917733	13.88166	14.269972	-73.12044	-8.9178295	0.4	450000	12667.180359840393
180	-37.78	-37.78	-32.666668	-8.908885	13.860461	22.209398	-79.56306	-8.908946	0.46666667	452500	12735.875896453857
181	-40.406666	-40.406666	-33.916668	-8.884228	13.812527	14.810152	-71.13147	-8.884166	0.38333333	455000	12806.30937743187
182	-38.47	-38.47	-31.616667	-8.868947	13.767134	20.101118	-77.65963	-8.869275	0.46666667	457500	12876.309459924698
183	-39.746666	-39.746666	-32.483334	-8.855543	13.728449	13.579304	-74.90233	-8.855577	0.45	460000	12946.506266832352
184	-39.646667	-39.646667	-33.0	-8.838829	13.6856575	20.991568	-81.58534	-8.838946	0.41666666	462500	13015.546761751175
185	-38.796665	-38.796665	-33.5	-8.827028	13.6472845	17.174377	-76.86525	-8.826682	0.38333333	465000	13085.390153884888
186	-39.426666	-39.426666	-25.050001	-8.814119	13.61154	21.650135	-72.18522	-8.8143015	0.6166667	467500	13156.183573246002
187	-38.226665	-38.226665	-30.983332	-8.791068	13.568929	16.1232	-77.42104	-8.791479	0.53333336	470000	13225.328722953796
188	-39.333332	-39.333332	-32.05	-8.757692	13.485954	17.28681	-72.42834	-8.757625	0.51666665	472500	13294.917352676392
189	-39.243332	-39.243332	-28.949999	-8.741985	13.452252	17.492788	-71.97344	-8.742076	0.4	475000	13363.603995323181
190	-37.72333	-37.72333	-26.933332	-8.7288475	13.406469	12.928991	-73.338646	-8.729184	0.53333336	477500	13433.552804470062
191	-37.863335	-37.863335	-29.55	-8.711315	13.363176	15.077831	-68.466385	-8.711698	0.5	480000	13501.28584265709
192	-37.19	-37.19	-30.133333	-8.704015	13.329218	13.042937	-66.645996	-8.704063	0.4	482500	13569.466630220413
193	-39.05	-39.05	-31.866667	-8.662248	13.2680435	12.886622	-71.34173	-8.662152	0.41666666	485000	13639.925112724304
194	-38.47	-38.47	-32.100002	-8.672163	13.246591	14.03079	-69.691284	-8.672626	0.43333334	487500	13710.325045347214
195	-38.176666	-38.176666	-27.016666	-8.618487	13.185166	10.229946	-77.39305	-8.618879	0.55	490000	13780.847299814224
196	-34.976665	-34.976665	-28.216667	-8.608495	13.138855	15.64746	-73.02959	-8.6087475	0.5	492500	13849.946752548218
197	-37.176666	-37.176666	-29.649998	-8.560484	13.046106	21.36293	-70.049355	-8.56046	0.5	495000	13920.675904512405
198	-38.443333	-38.443333	-27.95	-8.528525	12.966894	15.248684	-75.078224	-8.528566	0.56666666	497500	13989.906799316406
199	-37.486668	-37.486668	-25.466667	-8.50269	12.907679	18.45144	-72.41594	-8.502582	0.56666666	500000	14059.176203012466
200	-36.173332	-36.173332	-24.083334	-8.458465	12.826669	21.474842	-70.199356	-8.458488	0.65	502500	14130.200223207474
201	-36.56	-36.56	-25.949999	-8.400024	12.723795	11.889088	-86.419495	-8.399977	0.6	505000	14199.71624827385
202	-38.35	-38.35	-30.133333	-8.359342	12.629735	15.9037695	-69.318825	-8.359121	0.48333332	507500	14268.57601594925
203	-36.52	-36.52	-25.666666	-8.347455	12.569612	14.037918	-81.7444	-8.347331	0.55	510000	14337.84138584137
204	-37.08	-37.08	-25.516668	-8.319229	12.506774	12.172863	-71.41393	-8.319454	0.6166667	512500	14408.913668632507
205	-36.83	-36.83	-27.45	-8.272268	12.417501	13.75862	-73.42392	-8.27222	0.51666665	515000	14478.646216869354
206	-35.566666	-35.566666	-25.083334	-8.227021	12.347084	15.515465	-80.528206	-8.227382	0.6	517500	14547.84532904625
207	-35.86	-35.86	-26.083334	-8.163649	12.255944	17.049017	-70.34718	-8.16371	0.5833333	520000	14618.777113676071
208	-36.39	-36.39	-21.083334	-8.119283	12.164772	19.067507	-70.04502	-8.119138	0.68333334	522500	14689.636585474014
209	-36.286667	-36.286667	-23.833334	-8.071675	12.078123	34.8593	-74.66433	-8.072055	0.55	525000	14759.747498512268
210	-36.13	-36.13	-25.716667	-8.014389	11.978902	18.642353	-74.363205	-8.014487	0.53333336	527500	14829.91313290596
211	-34.9	-34.9	-24.300001	-7.9749193	11.915554	16.50284	-71.52969	-7.9750247	0.5833333	530000	14899.262619256973
212	-35.98	-35.98	-25.683334	-7.9372945	11.838786	19.531773	-70.7919	-7.9373717	0.55	532500	14971.111191749573
213	-35.33	-35.33	-22.633331	-7.89085	11.766642	18.080942	-72.48214	-7.891086	0.6	535000	15041.218738079071
214	-34.88	-34.88	-21.0	-7.8388314	11.690967	16.813854	-68.71428	-7.838995	0.6166667	537500	15111.237098693848
215	-35.4	-35.4	-20.966665	-7.7982173	11.643747	19.006971	-70.338425	-7.798016	0.71666664	540000	15181.104426145554
216	-35.773335	-35.773335	-22.916666	-7.7632976	11.573032	13.558434	-67.01312	-7.7630796	0.6166667	542500	15252.179576158524
217	-35.713333	-35.713333	-21.300001	-7.70363	11.485871	18.392721	-74.48288	-7.703891	0.68333334	545000	15321.245768785477
218	-34.47333	-34.47333	-21.116667	-7.6696005	11.3939295	12.3086405	-75.19082	-7.669619	0.7	547500	15391.851061582565
219	-34.65333	-34.65333	-20.766665	-7.605642	11.298924	24.880617	-74.688446	-7.605583	0.73333335	550000	15461.667466640472
220	-34.57	-34.57	-19.050001	-7.553525	11.20351	15.5113	-75.47987	-7.5534825	0.73333335	552500	15532.2795586586
221	-33.716667	-33.716667	-19.550001	-7.5081687	11.137047	17.193565	-81.62138	-7.5082564	0.73333335	555000	15604.288957834244
222	-34.22	-34.22	-21.516668	-7.458599	11.051481	19.174877	-76.93754	-7.458943	0.6666667	557500	15674.135303735733
223	-34.483334	-34.483334	-18.25	-7.424304	10.967988	15.886586	-77.96668	-7.424341	0.81666666	560000	15743.924931526184
224	-34.443333	-34.443333	-18.533333	-7.361143	10.885038	26.65678	-67.88071	-7.3610125	0.78333336	562500	15814.718757390976
225	-33.82	-33.82	-22.933332	-7.288384	10.777091	15.410762	-77.23567	-7.288499	0.5833333	565000	15885.220878362656
226	-35.073334	-35.073334	-18.566668	-7.248216	10.706298	15.240759	-94.26695	-7.248467	0.78333336	567500	15956.311370134354
227	-34.31333	-34.31333	-17.333334	-7.1879673	10.615891	18.859295	-74.021355	-7.188108	0.81666666	570000	16025.440039873123
228	-33.606667	-33.606667	-20.066668	-7.1450467	10.546173	13.666121	-103.302605	-7.1449556	0.75	572500	16096.793766736984
229	-34.42	-34.42	-17.166666	-7.078314	10.439307	14.683055	-72.536095	-7.078332	0.81666666	575000	16166.276433944702
230	-32.406666	-32.406666	-15.349999	-7.0437617	10.388033	26.263466	-71.04459	-7.0437775	0.8333333	577500	16236.057565689087
231	-34.053333	-34.053333	-19.033335	-7.004075	10.323017	15.534855	-75.678764	-7.004232	0.73333335	580000	16307.26963019371
232	-32.75	-32.75	-18.5	-6.9354434	10.2249155	9.644928	-69.6658	-6.9354057	0.76666665	582500	16378.017726421356
233	-31.1	-31.1	-18.25	-6.889177	10.162463	30.971722	-71.95335	-6.889094	0.81666666	585000	16449.68182826042
234	-32.406666	-32.406666	-16.483332	-6.8415184	10.058992	16.087044	-72.92209	-6.8414607	0.81666666	587500	16520.797412633896
235	-32.27	-32.27	-13.599999	-6.769054	9.953293	13.374866	-70.89334	-6.7693996	0.78333336	590000	16591.98516702652
236	-32.323334	-32.323334	-14.466667	-6.714769	9.8941145	16.313532	-67.8641	-6.714905	0.8666667	592500	16662.137474775314
237	-32.173332	-32.173332	-15.366667	-6.6548567	9.801442	17.282185	-74.40414	-6.654744	0.8833333	595000	16731.198761224747
238	-31.263334	-31.263334	-18.383333	-6.575951	9.67944	18.305183	-72.84008	-6.575915	0.78333336	597500	16801.54777097702
239	-32.636665	-32.636665	-14.266666	-6.5436296	9.636567	14.910374	-81.95099	-6.543763	0.8833333	600000	16872.578460931778
240	-31.943333	-31.943333	-16.800001	-6.4776225	9.531764	13.725727	-69.282295	-6.477772	0.81666666	602500	16944.03422665596
241	-29.723333	-29.723333	-15.733332	-6.4251027	9.445125	16.0819	-70.774506	-6.4252	0.85	605000	17013.761947155
242	-31.293333	-31.293333	-14.583333	-6.3681483	9.353721	23.956001	-79.72409	-6.3681955	0.95	607500	17083.028146505356
243	-29.73	-29.73	-15.683333	-6.308542	9.252429	14.106752	-78.71221	-6.3086343	0.85	610000	17153.542531728745
244	-32.396667	-32.396667	-12.733334	-6.2469687	9.140181	16.981853	-68.67501	-6.24703	0.9166667	612500	17223.266927719116
245	-30.706667	-30.706667	-13.933334	-6.192789	9.047073	13.496312	-109.349884	-6.192909	0.9	615000	17294.68755364418
246	-32.46	-32.46	-12.633333	-6.162291	9.01171	16.210371	-73.62886	-6.162282	0.9	617500	17364.202531576157
247	-30.79	-30.79	-13.916667	-6.0933876	8.920193	22.003712	-77.21261	-6.093564	0.9	620000	17434.39337205887
248	-30.676666	-30.676666	-12.816667	-6.039037	8.83214	16.602007	-71.11982	-6.0389934	0.93333334	622500	17504.916972637177
249	-31.656666	-31.656666	-11.150001	-5.9841967	8.778457	12.205711	-70.827126	-5.9842396	0.96666664	625000	17575.374695539474
250	-30.986666	-30.986666	-13.000001	-5.947449	8.71449	12.791941	-72.49781	-5.947534	0.9	627500	17645.689875364304
251	-30.556667	-30.556667	-13.150001	-5.9015093	8.662473	18.335974	-68.91903	-5.9015403	0.9166667	630000	17715.12046146393
252	-31.556667	-31.556667	-12.333333	-5.8496313	8.587596	20.408163	-72.88152	-5.849857	0.95	632500	17786.465090036392
253	-30.61	-30.61	-13.966666	-5.7965245	8.4953375	18.588184	-78.45556	-5.7967825	0.9	635000	17856.502029418945
254	-30.653334	-30.653334	-13.650001	-5.7711563	8.453044	13.483363	-80.20031	-5.771	0.9	637500	17925.946298599243
255	-28.466667	-28.466667	-13.733334	-5.727134	8.393917	22.952143	-75.83527	-5.727084	0.9166667	640000	17996.48001909256
256	-28.96	-28.96	-11.416667	-5.670907	8.334313	17.623093	-82.15902	-5.671233	0.95	642500	18067.674680948257
257	-30.056667	-30.056667	-10.650001	-5.606272	8.257884	17.564394	-78.75798	-5.6061563	0.96666664	645000	18139.076032161713
258	-30.036667	-30.036667	-12.533333	-5.57843	8.21634	22.132412	-75.06124	-5.5784464	0.93333334	647500	18209.178333044052
259	-30.713333	-30.713333	-13.45	-5.517418	8.123141	15.517095	-75.14643	-5.517302	0.9166667	650000	18279.343693971634
260	-27.973333	-27.973333	-11.483334	-5.4785614	8.08297	18.792772	-88.75133	-5.478603	0.9	652500	18350.865827083588
261	-30.423334	-30.423334	-11.416667	-5.419682	8.011439	23.94437	-72.42362	-5.419784	0.93333334	655000	18421.648612976074
262	-29.78	-29.78	-12.966666	-5.378096	7.938757	11.827427	-75.83614	-5.3781414	0.93333334	657500	18491.952106952667
263	-29.096666	-29.096666	-11.266667	-5.3277617	7.876747	14.8915615	-75.756065	-5.3274155	0.96666664	660000	18561.913114786148
264	-29.503334	-29.503334	-11.5	-5.2837114	7.82701	14.954217	-68.13594	-5.2838616	0.96666664	662500	18632.636207342148
265	-30.076666	-30.076666	-11.466666	-5.237102	7.7588162	12.938423	-72.101906	-5.2371635	0.93333334	665000	18702.784970760345
266	-30.056667	-30.056667	-12.066666	-5.194069	7.6995463	11.715185	-87.397285	-5.1940765	0.93333334	667500	18772.18111538887
267	-28.396667	-28.396667	-9.599999	-5.15588	7.6503882	8.506864	-68.84955	-5.1559167	0.96666664	670000	18843.132708072662
268	-28.843334	-28.843334	-9.650001	-5.097347	7.5855517	20.865938	-83.4388	-5.0974154	0.98333335	672500	18914.093719482422
269	-29.143333	-29.143333	-11.716666	-5.06069	7.548336	12.692586	-71.29468	-5.0606017	0.95	675000	18984.90355038643
270	-29.326666	-29.326666	-11.666667	-5.013889	7.5037637	18.53479	-73.483536	-5.013819	0.93333334	677500	19054.70106101036
271	-28.866667	-28.866667	-13.566667	-4.9848413	7.4317474	10.424196	-82.469246	-4.9844947	0.93333334	680000	19125.41782784462
272	-28.35	-28.35	-11.233334	-4.954318	7.390101	9.410074	-71.80102	-4.954347	0.96666664	682500	19196.166574954987
273	-30.006666	-30.006666	-10.833333	-4.9081554	7.320619	32.571785	-79.503845	-4.9081845	0.96666664	685000	19266.430955171585
274	-29.753334	-29.753334	-9.516666	-4.8562765	7.2661357	24.846153	-73.88224	-4.8562493	0.98333335	687500	19337.562467336655
275	-28.826666	-28.826666	-12.099999	-4.8011885	7.1836815	18.471996	-73.82772	-4.8007994	0.9166667	690000	19408.096215724945
276	-28.983334	-28.983334	-12.95	-4.7496257	7.119259	11.007771	-70.0869	-4.7495728	0.9	692500	19479.829160690308
277	-29.043333	-29.043333	-11.083333	-4.7147193	7.085727	26.332317	-86.83354	-4.714552	0.98333335	695000	19549.40438604355
278	-29.066668	-29.066668	-10.266666	-4.679365	7.0201263	13.603543	-75.92575	-4.6794662	1.0	697500	19619.464625597
279	-30.55	-30.55	-10.816667	-4.6520844	6.9936986	13.089284	-72.56336	-4.6520767	0.98333335	700000	19689.26617360115
280	-28.646667	-28.646667	-10.366666	-4.613709	6.938096	13.50845	-75.45633	-4.6136656	0.96666664	702500	19760.68995642662
281	-27.896667	-27.896667	-8.949999	-4.583333	6.8918085	10.705197	-77.207275	-4.5833344	0.98333335	705000	19831.318571329117
282	-29.076666	-29.076666	-9.75	-4.5458694	6.8310957	8.265333	-77.83988	-4.5454497	0.98333335	707500	19901.012603998184
283	-28.46	-28.46	-11.266666	-4.506161	6.786569	14.703904	-71.97775	-4.506262	0.95	710000	19971.173580408096
284	-29.283333	-29.283333	-9.716666	-4.4599304	6.7099147	15.7172985	-73.73508	-4.4598866	0.98333335	712500	20043.03504395485
285	-29.79	-29.79	-9.866667	-4.415918	6.641599	9.338541	-70.81503	-4.415823	0.95	715000	20113.1058242321
286	-27.1	-27.1	-9.116667	-4.3770776	6.6041613	11.580913	-69.5475	-4.3771105	0.96666664	717500	20184.295516252518
287	-28.603333	-28.603333	-11.216667	-4.3325105	6.5468183	10.058658	-77.75184	-4.332393	0.96666664	720000	20255.405806064606
288	-29.666666	-29.666666	-9.966667	-4.3120675	6.5153394	18.98236	-78.13848	-4.311984	0.95	722500	20326.10783958435
289	-28.726667	-28.726667	-11.083333	-4.2815685	6.473096	9.322845	-80.90396	-4.281484	0.98333335	725000	20395.688110113144
290	-29.48	-29.48	-9.5	-4.246789	6.4280453	15.810463	-79.36591	-4.2469926	1.0	727500	20465.906059980392
291	-30.596666	-30.596666	-10.133334	-4.2152414	6.3747773	17.098324	-76.41931	-4.215282	0.96666664	730000	20536.92279934883
292	-27.52	-27.52	-10.216667	-4.1769586	6.3153934	13.151689	-83.14089	-4.1770153	0.98333335	732500	20607.93150949478
293	-29.826666	-29.826666	-10.75	-4.1585946	6.271205	26.650309	-90.42498	-4.1585975	0.98333335	735000	20678.293974161148
294	-29.01	-29.01	-10.483334	-4.128757	6.232354	9.3210335	-91.61741	-4.1288943	0.96666664	737500	20748.959691524506
295	-28.683332	-28.683332	-9.783334	-4.085888	6.1640244	12.537401	-75.15781	-4.086011	0.95	740000	20819.55715417862
296	-30.236666	-30.236666	-10.833333	-4.0557446	6.125011	9.760951	-72.64678	-4.055663	0.95	742500	20889.951117277145
297	-27.83	-27.83	-9.05	-4.0428543	6.100935	10.292389	-77.861565	-4.0428257	1.0	745000	20960.113629102707
298	-28.256666	-28.256666	-11.533335	-4.014791	6.0632644	12.221338	-88.428246	-4.0147443	0.95	747500	21031.936851978302
299	-28.773333	-28.773333	-10.383333	-3.984733	6.0397363	11.8441925	-86.49253	-3.9850996	1.0	750000	21102.304806947708
300	-28.713333	-28.713333	-10.866667	-3.9527142	5.9666758	15.813988	-77.16961	-3.952932	0.96666664	752500	21173.160543441772
301	-28.103333	-28.103333	-10.666667	-3.9331465	5.9506245	14.966966	-92.51672	-3.933369	0.96666664	755000	21243.772765874863
302	-28.543333	-28.543333	-10.0	-3.9054897	5.908792	16.454695	-89.94378	-3.9055665	1.0	757500	21313.625739097595
303	-28.87	-28.87	-10.166667	-3.8794537	5.8805203	14.438388	-73.00866	-3.8795307	0.98333335	760000	21384.743739128113
304	-27.146667	-27.146667	-9.816667	-3.8538482	5.8405857	17.718185	-71.81424	-3.8538914	1.0	762500	21454.753804922104
305	-27.83	-27.83	-9.233334	-3.823161	5.8151484	9.912154	-71.835205	-3.8233197	1.0	765000	21524.61380648613
306	-27.81	-27.81	-10.849999	-3.792056	5.764947	18.42226	-88.213394	-3.79202	0.95	767500	21593.57847261429
307	-28.833334	-28.833334	-9.433333	-3.7795136	5.7261567	14.949611	-75.558685	-3.7795458	1.0	770000	21664.212835788727
308	-27.893333	-27.893333	-10.016666	-3.751205	5.6885576	13.432713	-85.066925	-3.751326	0.96666664	772500	21735.010823965073
309	-26.546667	-26.546667	-9.800001	-3.7279603	5.655523	22.578907	-74.417366	-3.7277768	1.0	775000	21805.846549272537
310	-28.76	-28.76	-10.349999	-3.7098582	5.625509	14.020422	-79.85824	-3.7099466	0.96666664	777500	21876.851544380188
311	-28.606667	-28.606667	-9.533333	-3.7028818	5.62858	11.84106	-76.307915	-3.702837	0.96666664	780000	21946.88113808632
312	-28.596666	-28.596666	-10.283334	-3.6875992	5.6094847	10.17036	-77.78633	-3.6877131	0.98333335	782500	22017.34956383705
313	-29.92	-29.92	-9.349999	-3.665132	5.5614634	15.207365	-79.3913	-3.6653056	0.98333335	785000	22087.579337835312
314	-28.523333	-28.523333	-10.5	-3.6518536	5.568769	9.039602	-75.88909	-3.651903	0.98333335	787500	22157.45959830284
315	-29.093334	-29.093334	-9.150001	-3.6380367	5.5460587	12.098618	-81.84096	-3.6379688	1.0	790000	22228.03111052513
316	-27.523333	-27.523333	-9.566667	-3.6278238	5.5456133	8.803251	-99.45853	-3.627932	0.98333335	792500	22297.37224841118
317	-28.563334	-28.563334	-9.55	-3.6113002	5.508585	14.746822	-80.902435	-3.6112785	0.98333335	795000	22369.277576446533
318	-27.56	-27.56	-10.133333	-3.5981264	5.4988227	17.855616	-74.82817	-3.598248	0.95	797500	22439.509532928467
319	-28.64	-28.64	-9.816667	-3.578845	5.4761353	13.606006	-73.8244	-3.5787494	1.0	800000	22511.33292531967
320	-26.016666	-26.016666	-9.983334	-3.5632565	5.4632015	11.808566	-80.91165	-3.563243	1.0	802500	22581.334012508392
321	-28.02	-28.02	-9.466666	-3.5533516	5.4465675	16.696201	-76.42157	-3.5533254	0.98333335	805000	22651.232457876205
322	-29.926666	-29.926666	-10.233333	-3.5443988	5.4104595	13.322066	-82.3948	-3.5445182	1.0	807500	22722.222712039948
323	-25.5	-25.5	-11.733334	-3.5372665	5.4144096	17.539999	-76.91082	-3.5370755	0.96666664	810000	22792.945169210434
324	-27.576666	-27.576666	-10.116667	-3.518701	5.395503	12.346059	-76.531494	-3.5186706	0.98333335	812500	22863.369074106216
325	-27.49	-27.49	-8.833333	-3.5118668	5.392265	11.909905	-75.31104	-3.5118215	1.0	815000	22933.31854081154
326	-28.036667	-28.036667	-9.783334	-3.5042012	5.389873	8.599174	-78.36518	-3.5041869	0.98333335	817500	23003.77340364456
327	-27.996666	-27.996666	-9.150001	-3.5020092	5.3920074	12.989471	-78.892525	-3.5019257	0.98333335	820000	23074.41779589653
328	-27.71	-27.71	-9.883334	-3.495443	5.382563	11.379808	-73.75844	-3.4954238	1.0	822500	23143.192891597748
329	-29.306667	-29.306667	-9.716666	-3.4901497	5.389307	8.891291	-72.38718	-3.4901588	0.98333335	825000	23214.104498386383
330	-27.94	-27.94	-9.550001	-3.4824986	5.38631	14.75732	-86.01535	-3.4825888	0.96666664	827500	23284.36931991577
331	-29.62	-29.62	-9.75	-3.464972	5.3556237	11.908682	-75.15666	-3.4649405	0.98333335	830000	23354.54509615898
332	-27.48	-27.48	-9.183333	-3.453473	5.355764	12.042304	-75.2629	-3.453664	1.0	832500	23424.56862258911
333	-28.593334	-28.593334	-10.333333	-3.4569955	5.351228	9.6378765	-69.50278	-3.4571683	0.98333335	835000	23494.687380075455
334	-28.76	-28.76	-10.216666	-3.4573977	5.3637514	8.806485	-77.88957	-3.4573371	0.96666664	837500	23566.198556661606
335	-28.363333	-28.363333	-8.816667	-3.45346	5.3625174	9.973482	-77.91474	-3.4535224	1.0	840000	23635.371337413788
336	-29.076666	-29.076666	-8.683333	-3.4599545	5.377255	19.84493	-73.260994	-3.4600418	1.0	842500	23704.80466723442
337	-27.233334	-27.233334	-11.216666	-3.4619877	5.3677197	11.8747	-74.25109	-3.4620047	0.96666664	845000	23773.40825033188
338	-28.343334	-28.343334	-9.349999	-3.4665873	5.414585	14.593731	-75.17257	-3.466543	1.0	847500	23842.13826417923
339	-26.746666	-26.746666	-9.599999	-3.4680452	5.410926	12.903278	-86.64322	-3.4681425	1.0	850000	23910.95093536377
340	-26.356667	-26.356667	-9.599999	-3.4638033	5.405901	9.655094	-87.9723	-3.4637284	1.0	852500	23980.43132185936
341	-25.803333	-25.803333	-9.233334	-3.4586794	5.4182715	10.084454	-73.53056	-3.4587696	1.0	855000	24050.484156847
342	-27.76	-27.76	-9.966667	-3.4536064	5.39728	10.868015	-72.36985	-3.4536908	0.98333335	857500	24120.628767728806
343	-28.466667	-28.466667	-9.349999	-3.4434893	5.4006367	9.848171	-75.32339	-3.4434352	1.0	860000	24190.646786928177
344	-28.21	-28.21	-8.566667	-3.4458237	5.4137545	6.278774	-71.24246	-3.445856	1.0	862500	24260.07879590988
345	-25.8	-25.8	-9.283334	-3.4447334	5.4133134	12.25135	-77.195465	-3.4446855	0.98333335	865000	24330.412383556366
346	-26.99	-26.99	-8.816667	-3.436306	5.4019504	6.9073434	-79.71151	-3.436443	1.0	867500	24400.51856970787
347	-27.836666	-27.836666	-10.150001	-3.429048	5.390395	7.6260543	-72.35281	-3.4291074	1.0	870000	24469.472648382187
348	-29.08	-29.08	-9.266666	-3.4265778	5.3852167	8.561894	-88.77299	-3.4266133	1.0	872500	24540.227313756943
349	-28.226667	-28.226667	-8.783334	-3.4217758	5.3798394	8.250547	-77.62998	-3.4217029	1.0	875000	24610.13007426262
350	-27.816668	-27.816668	-9.566666	-3.4172325	5.369862	12.855357	-78.76579	-3.4169395	1.0	877500	24681.562068223953
351	-27.65	-27.65	-9.349999	-3.4178684	5.3706913	17.774372	-72.9811	-3.4179213	0.96666664	880000	24750.61571907997
352	-29.353333	-29.353333	-10.983334	-3.4130273	5.371849	9.747071	-77.61097	-3.413167	0.95	882500	24819.833901405334
353	-28.093334	-28.093334	-9.516666	-3.4133248	5.3848085	8.311807	-75.2066	-3.4131813	1.0	885000	24890.15957045555
354	-28.806667	-28.806667	-10.366666	-3.4255497	5.4043784	9.7823105	-79.50034	-3.4254246	0.95	887500	24959.59714603424
355	-29.423334	-29.423334	-10.366666	-3.4200878	5.403457	13.445734	-71.13066	-3.4200182	0.98333335	890000	25030.873734235764
356	-28.173334	-28.173334	-9.516666	-3.403898	5.3587813	15.432765	-72.91394	-3.4039161	0.96666664	892500	25100.50929760933
357	-26.883333	-26.883333	-8.766666	-3.4041412	5.352201	19.441269	-77.8135	-3.4041784	1.0	895000	25171.078817367554
358	-28.67	-28.67	-9.933333	-3.4083815	5.3574524	9.930812	-89.665146	-3.4085417	1.0	897500	25240.571385622025
359	-27.3	-27.3	-10.833333	-3.4229662	5.3780003	12.581245	-77.932724	-3.4227417	1.0	900000	25309.871724128723
360	-27.17	-27.17	-7.883334	-3.4261205	5.3978586	15.050011	-84.77725	-3.4259195	1.0	902500	25380.38679742813
361	-28.473333	-28.473333	-9.150001	-3.4151692	5.390881	13.068687	-71.95793	-3.4150915	1.0	905000	25450.53989648819
362	-27.836666	-27.836666	-9.816667	-3.4081185	5.3784933	15.241724	-97.02248	-3.408191	1.0	907500	25520.962295770645
363	-26.61	-26.61	-10.616667	-3.4131026	5.403739	16.72761	-91.16967	-3.413121	0.96666664	910000	25590.76132106781
364	-27.423334	-27.423334	-9.933333	-3.4113653	5.3964114	11.328703	-74.75653	-3.4112608	0.98333335	912500	25660.702901363373
365	-28.643333	-28.643333	-9.183333	-3.429054	5.434866	13.817628	-77.67305	-3.428996	0.98333335	915000	25731.762579917908
366	-28.706667	-28.706667	-8.866667	-3.4272738	5.4122605	15.490313	-137.33733	-3.4272544	1.0	917500	25801.815982341766
367	-28.556667	-28.556667	-9.883333	-3.4246576	5.406393	9.440171	-72.814	-3.4246132	0.98333335	920000	25872.51275587082
368	-27.186666	-27.186666	-9.3	-3.4240937	5.423439	12.726389	-72.53163	-3.4240396	0.98333335	922500	25942.518988609314
369	-26.86	-26.86	-9.216666	-3.415088	5.410855	12.99432	-70.14322	-3.4149551	1.0	925000	26013.46373105049
370	-26.466667	-26.466667	-9.45	-3.4120603	5.3934374	16.046167	-70.7642	-3.4120345	1.0	927500	26081.937181711197
371	-28.183332	-28.183332	-9.816666	-3.4187214	5.4127994	12.658378	-66.93252	-3.4186394	1.0	930000	26152.491502285004
372	-27.69	-27.69	-9.166667	-3.414232	5.4201136	12.955655	-87.103615	-3.4142137	1.0	932500	26223.142384052277
373	-27.736666	-27.736666	-8.933334	-3.4140177	5.4265223	12.755513	-86.14256	-3.4138026	1.0	935000	26292.765267133713
374	-27.833334	-27.833334	-9.183333	-3.4279056	5.4425473	24.760675	-89.41807	-3.427789	1.0	937500	26363.64308667183
375	-27.033333	-27.033333	-9.400001	-3.4161425	5.4225745	10.421406	-71.86739	-3.416054	1.0	940000	26433.42564034462
376	-28.06	-28.06	-10.116667	-3.4158626	5.424069	10.78931	-76.32057	-3.415884	1.0	942500	26503.840936422348
377	-27.946667	-27.946667	-8.783334	-3.4071224	5.427321	15.17753	-84.10303	-3.4071698	1.0	945000	26572.867682933807
378	-28.906666	-28.906666	-9.599999	-3.4010365	5.4072475	9.855187	-78.97292	-3.4009564	1.0	947500	26643.31867337227
379	-26.956667	-26.956667	-9.016666	-3.4036686	5.416498	11.026837	-77.77601	-3.4037666	1.0	950000	26712.920129776
380	-27.373333	-27.373333	-9.650001	-3.389759	5.4016256	15.454512	-72.80423	-3.389825	1.0	952500	26780.826780319214
381	-25.833334	-25.833334	-9.099999	-3.3909695	5.4092665	10.544506	-77.09794	-3.3909042	1.0	955000	26851.258479118347
382	-26.723333	-26.723333	-9.550001	-3.3784213	5.400437	11.912995	-81.66294	-3.3783164	1.0	957500	26920.335768461227
383	-27.543333	-27.543333	-9.7	-3.3805795	5.406671	8.387325	-71.267746	-3.3806055	1.0	960000	26989.99732041359
384	-26.086666	-26.086666	-11.2	-3.3924043	5.430848	16.838495	-91.12869	-3.3925586	0.96666664	962500	27059.785199165344
385	-27.923334	-27.923334	-9.066667	-3.3719127	5.4039273	18.684643	-91.581085	-3.3719325	1.0	965000	27130.51699757576
386	-27.096666	-27.096666	-9.583333	-3.385685	5.416351	12.420745	-78.5221	-3.3856096	1.0	967500	27201.09088587761
387	-27.073334	-27.073334	-10.483333	-3.3854792	5.4094906	13.22713	-77.40581	-3.3853786	1.0	970000	27269.817217111588
388	-27.94	-27.94	-8.633334	-3.402757	5.4382358	12.933466	-81.31001	-3.4028008	1.0	972500	27340.273858308792
389	-28.306667	-28.306667	-9.699999	-3.4108627	5.436932	17.252945	-70.883125	-3.4107914	0.98333335	975000	27410.41942381859
390	-26.87	-26.87	-9.266666	-3.4239244	5.4544415	10.776802	-75.81604	-3.4241452	0.98333335	977500	27480.564058303833
391	-26.883333	-26.883333	-9.233334	-3.4269729	5.441297	11.353798	-82.35125	-3.42689	1.0	980000	27551.032693624496
392	-26.57	-26.57	-10.566667	-3.4025261	5.411802	20.816559	-81.51677	-3.402539	0.96666664	982500	27620.921521663666
393	-27.79	-27.79	-9.7	-3.391685	5.4093714	8.483033	-70.85828	-3.3916113	1.0	985000	27691.86243033409
394	-28.073334	-28.073334	-9.3	-3.3804832	5.395244	13.739363	-76.14644	-3.3803122	1.0	987500	27763.206853866577
395	-28.723333	-28.723333	-8.866667	-3.375996	5.391414	10.840037	-83.21862	-3.375931	1.0	990000	27833.839661836624
396	-27.63	-27.63	-9.3	-3.3929749	5.407623	15.962869	-79.92272	-3.3928978	0.98333335	992500	27904.46777200699
397	-28.856667	-28.856667	-9.583333	-3.3964815	5.412225	24.8115	-100.38294	-3.396471	1.0	995000	27974.357903003693
398	-28.103333	-28.103333	-9.366667	-3.387026	5.3989263	16.644787	-100.78669	-3.3868303	0.98333335	997500	28045.64785552025
399	-27.556667	-27.556667	-9.316666	-3.4173002	5.4400826	25.97688	-76.67971	-3.41738	1.0	1000000	28114.146450281143
400	-27.146667	-27.146667	-8.416667	-3.4112515	5.438051	11.00976	-83.07274	-3.4111874	1.0	1002500	28184.022326231003
401	-25.37	-25.37	-9.099999	-3.3992593	5.4252667	22.010878	-94.95302	-3.399307	1.0	1005000	28255.33047747612
402	-27.1	-27.1	-10.183333	-3.3992546	5.423144	13.592159	-77.66371	-3.3991287	0.96666664	1007500	28325.76438307762
403	-28.456667	-28.456667	-9.966667	-3.3916142	5.423183	10.156679	-71.46514	-3.3916745	1.0	1010000	28397.289802074432
404	-27.196667	-27.196667	-9.666667	-3.3975365	5.423522	15.519637	-74.2345	-3.3974566	0.98333335	1012500	28468.60399699211
405	-28.12	-28.12	-8.266666	-3.3884695	5.405034	14.060864	-102.814705	-3.3884604	1.0	1015000	28541.13114786148
406	-26.85	-26.85	-9.416667	-3.397018	5.4227643	16.154001	-82.744736	-3.3971572	0.98333335	1017500	28612.883082151413
407	-27.45	-27.45	-9.05	-3.3868766	5.39526	13.364502	-70.56407	-3.3870137	1.0	1020000	28682.904905557632
408	-26.99	-26.99	-8.766666	-3.395872	5.40766	12.395505	-80.56421	-3.3959115	1.0	1022500	28755.097382068634
409	-27.44	-27.44	-8.916667	-3.4007084	5.422052	18.509285	-80.52781	-3.4008288	1.0	1025000	28825.953020334244
410	-29.086666	-29.086666	-10.533333	-3.3959818	5.4128165	8.501593	-74.799644	-3.3962395	0.98333335	1027500	28896.588753938675
411	-28.413334	-28.413334	-9.8	-3.4130325	5.422426	11.784715	-74.28934	-3.4132466	1.0	1030000	28968.5403380394
412	-27.153334	-27.153334	-9.283334	-3.41608	5.4469743	22.835943	-86.25584	-3.416251	0.98333335	1032500	29040.182497024536
413	-28.656666	-28.656666	-8.75	-3.384582	5.400017	11.8450165	-72.71383	-3.3843925	0.98333335	1035000	29112.280306100845
414	-28.643333	-28.643333	-9.483334	-3.3848681	5.396452	22.10524	-78.01798	-3.3851316	0.98333335	1037500	29183.502745628357
415	-27.976667	-27.976667	-9.45	-3.3734133	5.384493	10.369074	-79.22281	-3.3734264	1.0	1040000	29254.533501148224
416	-27.86	-27.86	-9.616667	-3.371755	5.3671136	26.514372	-79.256775	-3.3717084	0.98333335	1042500	29325.55687379837
417	-27.336666	-27.336666	-9.266666	-3.3675191	5.3601704	16.177492	-78.3479	-3.3675663	1.0	1045000	29396.285707235336
418	-27.633333	-27.633333	-9.300001	-3.3497262	5.342265	12.240416	-84.828026	-3.3496275	0.98333335	1047500	29468.483238458633
419	-27.09	-27.09	-9.849999	-3.3509922	5.3382597	16.285303	-82.52209	-3.3508222	0.98333335	1050000	29540.94988822937
420	-27.153334	-27.153334	-10.116667	-3.368848	5.3722043	24.120298	-74.22566	-3.368858	1.0	1052500	29610.44707775116
421	-28.41	-28.41	-8.8	-3.3718758	5.3786416	14.109134	-78.51467	-3.3718104	1.0	1055000	29680.352626800537
422	-26.9	-26.9	-9.333333	-3.3825727	5.382132	17.114721	-85.95535	-3.3827448	1.0	1057500	29749.857301712036
423	-26.91	-26.91	-11.583333	-3.3754225	5.3661337	22.833616	-76.70775	-3.375362	0.9166667	1060000	29819.964242458344
424	-28.323334	-28.323334	-10.150001	-3.3929532	5.389671	16.660717	-76.0509	-3.3927753	0.98333335	1062500	29888.26974248886
425	-29.263334	-29.263334	-8.633334	-3.3820064	5.369066	18.463058	-73.7305	-3.3819413	1.0	1065000	29958.071026325226
426	-27.19	-27.19	-9.866667	-3.3826718	5.371866	18.887712	-74.268394	-3.382783	1.0	1067500	30028.571563005447
427	-28.34	-28.34	-8.966666	-3.3759055	5.357805	17.29595	-69.70536	-3.3760092	0.98333335	1070000	30097.52093911171
428	-28.63	-28.63	-9.533333	-3.3823695	5.3716865	12.050784	-82.517456	-3.3823533	1.0	1072500	30169.565003156662
429	-27.42	-27.42	-8.449999	-3.3905263	5.386315	12.437988	-75.82169	-3.3903797	1.0	1075000	30240.435945034027
430	-27.653334	-27.653334	-8.599999	-3.3892992	5.385282	17.955872	-77.0406	-3.389473	1.0	1077500	30311.243475914
431	-28.806667	-28.806667	-10.133333	-3.4068108	5.4193287	13.165115	-81.762344	-3.4069004	0.98333335	1080000	30382.88579106331
432	-28.36	-28.36	-11.65	-3.3916426	5.3938413	19.67438	-81.30795	-3.3918216	0.96666664	1082500	30452.1335978508
433	-25.413334	-25.413334	-9.7	-3.385623	5.3887367	13.391049	-85.8061	-3.3856246	1.0	1085000	30522.21761417389
434	-27.066668	-27.066668	-9.366667	-3.3776965	5.3800206	19.250349	-78.8205	-3.3777375	1.0	1087500	30593.282799482346
435	-27.223333	-27.223333	-9.349999	-3.3785436	5.3703666	12.388348	-82.81326	-3.3785737	1.0	1090000	30661.59060573578
436	-26.163334	-26.163334	-9.316667	-3.3761218	5.35875	15.438601	-75.111084	-3.3760877	1.0	1092500	30731.428313970566
437	-26.533333	-26.533333	-9.099999	-3.3725579	5.356823	14.56228	-74.86105	-3.37252	1.0	1095000	30800.78648662567
438	-27.79	-27.79	-9.599999	-3.453414	5.478528	22.23478	-86.66458	-3.453345	1.0	1097500	30871.32296895981
439	-27.196667	-27.196667	-9.533334	-3.4290886	5.476552	15.973148	-72.003685	-3.4291153	1.0	1100000	30941.488442897797
440	-27.993334	-27.993334	-9.3	-3.4107113	5.4193683	8.036874	-94.321175	-3.4105659	1.0	1102500	31011.63799595833
441	-28.12	-28.12	-9.416667	-3.3807714	5.3838325	27.423758	-79.73346	-3.3806705	1.0	1105000	31082.11505842209
442	-28.7	-28.7	-10.366666	-3.387052	5.3638506	22.389673	-74.64653	-3.386894	0.96666664	1107500	31150.453858613968
443	-27.19	-27.19	-9.566667	-3.392481	5.380054	12.772033	-80.73728	-3.392448	1.0	1110000	31220.54802584648
444	-26.943333	-26.943333	-9.116667	-3.3622868	5.3343296	13.369646	-92.12918	-3.3622477	1.0	1112500	31289.806571483612
445	-27.93	-27.93	-9.7	-3.3767154	5.3740206	16.686707	-76.717476	-3.3767653	1.0	1115000	31358.323170900345
446	-28.09	-28.09	-9.966667	-3.3793464	5.3816266	22.41946	-81.18232	-3.3795133	0.98333335	1117500	31428.930477142334
447	-27.046667	-27.046667	-8.033333	-3.3714454	5.3659897	13.794157	-88.52254	-3.371459	1.0	1120000	31498.882412672043
448	-27.43	-27.43	-8.483334	-3.399474	5.364891	18.268661	-80.36969	-3.3994431	1.0	1122500	31568.228185892105
449	-27.566668	-27.566668	-9.966667	-3.3855402	5.373452	15.104183	-75.29553	-3.3855815	0.98333335	1125000	31636.174881219864
450	-27.423334	-27.423334	-9.05	-3.3485408	5.307571	15.981574	-77.34509	-3.3484697	1.0	1127500	31704.549046993256
451	-27.996666	-27.996666	-9.516666	-3.3403223	5.2855396	27.158415	-77.18506	-3.3403008	1.0	1130000	31774.077222824097
452	-26.333334	-26.333334	-9.55	-3.349073	5.32063	18.65347	-84.70074	-3.34909	0.98333335	1132500	31842.662305355072
453	-28.136667	-28.136667	-8.699999	-3.3573375	5.3218846	12.655482	-82.225464	-3.3572996	1.0	1135000	31911.258380413055
454	-28.51	-28.51	-8.983333	-3.3608165	5.324576	13.018351	-77.73761	-3.3606954	0.98333335	1137500	31978.54813361168
455	-27.443333	-27.443333	-9.866667	-3.3651068	5.3341656	12.837026	-79.76235	-3.3650792	0.98333335	1140000	32045.212272644043
456	-27.483334	-27.483334	-9.133333	-3.3694005	5.3263946	12.990726	-91.55285	-3.3694522	1.0	1142500	32112.53885269165
457	-26.88	-26.88	-10.45	-3.372017	5.3453317	11.171338	-83.155075	-3.3718014	0.98333335	1145000	32179.094795703888
458	-28.66	-28.66	-8.983334	-3.3832974	5.3811936	12.717157	-85.54176	-3.3834577	0.98333335	1147500	32247.212906837463
459	-27.313334	-27.313334	-9.716666	-3.3865047	5.369761	13.345069	-77.050026	-3.3866374	0.98333335	1150000	32314.20631623268
460	-28.163334	-28.163334	-9.400001	-3.3817644	5.3451686	17.93979	-80.988045	-3.3817165	1.0	1152500	32379.994786977768
461	-28.22	-28.22	-9.150001	-3.3786213	5.346705	14.149147	-72.79244	-3.378748	1.0	1155000	32448.339168787003
462	-27.253334	-27.253334	-11.5	-3.40505	5.388884	16.41351	-78.7694	-3.405054	0.98333335	1157500	32514.726393699646
463	-28.416666	-28.416666	-11.983334	-3.4703932	5.4920416	19.149298	-79.317635	-3.4706712	0.95	1160000	32581.932329416275
464	-27.973333	-27.973333	-11.116667	-3.5291328	5.606489	10.648923	-86.65485	-3.529196	0.96666664	1162500	32649.134615898132
465	-27.363333	-27.363333	-10.4	-3.5303423	5.620904	11.907136	-78.64608	-3.5304453	0.95	1165000	32714.4605383873
466	-27.72	-27.72	-9.333333	-3.5311842	5.5901885	13.966179	-80.73235	-3.5311162	0.98333335	1167500	32782.09141588211
467	-27.34	-27.34	-9.55	-3.5127757	5.5627084	14.382159	-82.183235	-3.5127246	1.0	1170000	32848.12890291214
468	-29.833334	-29.833334	-9.566667	-3.500858	5.529883	25.396227	-69.693886	-3.5009844	0.98333335	1172500	32916.46383047104
469	-27.006666	-27.006666	-11.383333	-3.5335124	5.563833	20.416565	-76.08147	-3.533679	0.93333334	1175000	32983.37216758728
470	-27.723333	-27.723333	-10.666667	-3.5141158	5.544105	37.001595	-85.660355	-3.5139148	0.98333335	1177500	33050.72705793381
471	-28.386667	-28.386667	-10.333333	-3.4764853	5.4907823	11.016657	-74.833824	-3.4765391	1.0	1180000	33118.05686545372
472	-27.036667	-27.036667	-9.566667	-3.4412832	5.446676	12.545866	-75.72612	-3.4411726	1.0	1182500	33183.492596149445
473	-28.066668	-28.066668	-8.883333	-3.4173007	5.405633	16.204123	-80.83718	-3.4174154	1.0	1185000	33251.309186935425
474	-28.726667	-28.726667	-8.75	-3.3982425	5.363819	9.376976	-70.416504	-3.3983166	0.98333335	1187500	33318.19141936302
475	-28.833334	-28.833334	-9.75	-3.3867683	5.355202	25.08488	-70.449554	-3.3869328	0.98333335	1190000	33384.55572962761
476	-28.19	-28.19	-9.45	-3.384304	5.3480086	11.830403	-73.20714	-3.3843646	1.0	1192500	33451.66185307503
477	-26.443333	-26.443333	-9.2	-3.3930619	5.358876	12.74612	-69.07512	-3.393243	1.0	1195000	33517.63442969322
478	-27.656666	-27.656666	-9.183333	-3.4319143	5.4024005	13.035569	-74.39961	-3.431939	1.0	1197500	33585.02484369278
479	-26.806667	-26.806667	-9.816667	-3.4261785	5.3889384	16.59348	-83.82771	-3.4264653	0.96666664	1200000	33651.49060320854
480	-28.61	-28.61	-9.566667	-3.395844	5.3665013	13.01796	-73.584335	-3.3957477	1.0	1202500	33718.39319181442
481	-28.62	-28.62	-8.166667	-3.3726614	5.3277383	15.720479	-75.12671	-3.3728027	1.0	1205000	33785.328194618225
482	-27.553333	-27.553333	-9.216667	-3.363618	5.318484	13.780773	-76.18939	-3.3636765	1.0	1207500	33852.690705776215
483	-26.683332	-26.683332	-8.966666	-3.3763492	5.3388085	9.750278	-77.59994	-3.3764756	1.0	1210000	33920.14514422417
484	-27.273333	-27.273333	-10.85	-3.3659642	5.325286	12.964609	-73.954926	-3.3657475	0.93333334	1212500	33986.07649612427
485	-27.136667	-27.136667	-9.583333	-3.375204	5.341097	16.832865	-95.457115	-3.375196	1.0	1215000	34050.09394311905
486	-27.096666	-27.096666	-9.016666	-3.3757496	5.3541975	13.570171	-74.40889	-3.3755941	1.0	1217500	34115.41248869896
487	-29.423334	-29.423334	-11.083333	-3.3848994	5.4012856	18.908241	-78.160515	-3.3849268	0.98333335	1220000	34178.79915976524
488	-26.48	-26.48	-9.983334	-3.377553	5.3709702	7.397579	-74.809746	-3.3776436	1.0	1222500	34242.54251265526
489	-28.126667	-28.126667	-10.533334	-3.3797617	5.354869	23.196007	-75.35159	-3.37975	1.0	1225000	34307.79822421074
490	-28.886667	-28.886667	-10.616667	-3.398886	5.367242	11.35368	-71.73888	-3.3988423	1.0	1227500	34372.50760769844
491	-27.783333	-27.783333	-10.283334	-3.4461021	5.39841	13.512891	-89.099945	-3.446233	1.0	1230000	34437.45655989647
492	-26.036667	-26.036667	-9.0	-3.4873235	5.4693074	15.310825	-71.99487	-3.4873064	1.0	1232500	34502.66478514671
493	-27.76	-27.76	-9.766666	-3.4658666	5.4582725	14.215461	-82.69887	-3.4659698	1.0	1235000	34567.57716369629
494	-29.496666	-29.496666	-9.716667	-3.4826918	5.4760766	9.102943	-76.79218	-3.4827168	0.98333335	1237500	34630.38736367226
495	-27.013334	-27.013334	-8.800001	-3.52125	5.5399327	14.87146	-88.17592	-3.5214472	0.98333335	1240000	34689.36726284027
496	-28.2	-28.2	-8.816667	-3.501364	5.5715904	19.507158	-77.722626	-3.5016322	0.98333335	1242500	34747.89821481705
497	-27.456667	-27.456667	-9.6	-3.4503145	5.490265	10.7936735	-72.1935	-3.45031	1.0	1245000	34806.174264431
498	-28.596666	-28.596666	-9.633333	-3.4287663	5.4538283	10.450787	-92.38953	-3.428676	1.0	1247500	34864.426281929016
499	-28.513334	-28.513334	-11.033334	-3.4102995	5.391508	10.259171	-76.02409	-3.4102206	0.96666664	1250000	34923.964632987976
