Epoch	EpRet	EpRealRet	TestEpRet	AverageQ1	StdQ1	MaxQ1	MinQ1	Q2	TestSuccess	TotalEnvInteracts	TotalTime
0	-48.0	-48.0	-50.0	4.552374	8.315672	343.60205	0.48193967	4.574995	0.0	2500	88.41466116905212
1	-49.64	-49.64	-45.0	9.595394	2.1938927	17.473213	3.967553	9.553101	0.1	5000	170.3839967250824
2	-48.0	-48.0	-50.0	8.658097	2.0585623	16.505478	3.8737218	8.603012	0.0	7500	253.36212635040283
3	-48.0	-48.0	-50.0	5.0278354	1.282349	9.874668	1.8337457	5.0050216	0.0	10000	332.6393938064575
4	-46.0	-46.0	-45.0	2.8291519	0.716049	6.7750483	1.0760646	2.8056412	0.1	12500	412.7746353149414
5	-50.0	-50.0	-45.0	1.7492993	0.4229576	4.4295244	0.700601	1.7262436	0.1	15000	493.48427414894104
6	-49.0	-49.0	-50.0	1.120189	0.24436757	2.085306	0.3593846	1.1032594	0.0	17500	571.7894282341003
7	-49.0	-49.0	-50.0	0.75983095	0.1555974	1.3617022	0.31230295	0.7485082	0.0	20000	651.9002900123596
8	-48.0	-48.0	-50.0	0.54638565	0.10798029	1.0386527	0.279458	0.54024863	0.0	22500	734.2060980796814
9	-50.0	-50.0	-48.0	0.43801108	0.10529095	1.244647	0.20151773	0.43241176	0.0	25000	815.3672595024109
10	-47.0	-47.0	-50.0	0.36096227	0.13114227	1.4703374	0.13858075	0.35256988	0.0	27500	896.6347925662994
11	-44.98	-44.98	-50.0	0.29266393	0.14990346	1.8923632	0.116131976	0.28532207	0.0	30000	972.4832673072815
12	-47.0	-47.0	-50.0	0.25798523	0.15761939	1.8907107	0.107407406	0.25209308	0.0	32500	1047.3388261795044
13	-48.0	-48.0	-50.0	0.24823734	0.17120539	2.218129	0.099615715	0.23806995	0.0	35000	1122.1903400421143
14	-49.0	-49.0	-45.0	0.23553942	0.16247825	1.6990583	0.08713722	0.23057923	0.1	37500	1197.2855882644653
15	-47.06	-47.06	-50.0	0.24893683	0.19386616	2.9453912	0.07982606	0.23490289	0.0	40000	1275.1114683151245
16	-48.0	-48.0	-45.0	0.26736727	0.26871154	4.9577684	0.06787604	0.24966274	0.1	42500	1351.4082658290863
17	-48.84	-48.84	-40.0	0.2535279	0.25376666	4.6411796	0.06749649	0.24854016	0.2	45000	1427.4479093551636
18	-49.0	-49.0	-50.0	0.2289038	0.19470243	2.7692645	0.059772745	0.22539762	0.0	47500	1505.2142000198364
19	-47.92	-47.92	-49.5	0.24064067	0.21985553	3.8273604	0.06490249	0.24519321	0.0	50000	1581.130686044693
20	-48.16	-48.16	-50.0	0.26480773	0.24422574	5.5623755	0.05641654	0.24942753	0.0	52500	1657.8368327617645
21	-49.92	-49.92	-50.0	0.37786913	0.6597447	11.883825	0.08137025	0.36601198	0.0	55000	1735.6285405158997
22	-48.7	-48.7	-43.2	0.37636417	0.7119857	12.92492	0.07689509	0.35223347	0.1	57500	1811.0233533382416
23	-47.0	-47.0	-50.0	0.4624044	1.0486696	19.076103	0.078651726	0.44057965	0.0	60000	1888.13259100914
24	-50.0	-50.0	-50.0	0.51627696	0.9989694	25.951542	0.08817873	0.48126614	0.0	62500	1965.0667657852173
25	-49.94	-49.94	-48.7	0.8090571	2.5617964	62.079838	0.10217174	0.7849028	0.1	65000	2040.2421205043793
26	-48.24	-48.24	-45.0	1.4787635	4.0892224	83.21865	0.13495688	1.441986	0.1	67500	2116.985092639923
27	-48.0	-48.0	-40.0	2.497146	9.122473	191.36108	0.22020732	2.4135416	0.2	70000	2192.3397386074066
28	-48.72	-48.72	-45.0	3.2713296	15.116665	366.8732	0.19539148	3.264523	0.1	72500	2265.9445049762726
29	-49.0	-49.0	-50.0	2.962735	11.686532	191.86572	0.19067425	2.8714657	0.0	75000	2342.0731766223907
30	-49.88	-49.88	-50.0	5.0359316	21.145893	396.13068	0.27935094	4.9316235	0.0	77500	2417.3289766311646
31	-49.0	-49.0	-50.0	6.7120795	30.29461	524.7207	0.29064885	6.7471232	0.0	80000	2493.248251914978
32	-46.88	-46.88	-49.2	8.308662	39.264725	717.984	0.316395	8.278117	0.0	82500	2567.207780599594
33	-48.0	-48.0	-50.0	9.8722315	46.81941	1021.17566	0.32872787	9.800533	0.0	85000	2640.9752464294434
34	-48.0	-48.0	-45.0	13.012609	70.79453	1509.9036	0.46355084	12.918623	0.1	87500	2713.768777370453
35	-48.0	-48.0	-49.2	13.276425	58.183537	1277.4203	0.56003493	13.341632	0.0	90000	2788.166709423065
36	-50.0	-50.0	-50.0	20.035583	106.588394	2311.262	0.49432907	20.113941	0.0	92500	2861.074176311493
37	-43.0	-43.0	-45.0	24.018555	116.005684	2067.9355	0.9406725	23.862461	0.1	95000	2933.6800005435944
38	-44.0	-44.0	-50.0	31.303768	176.32732	3626.884	0.96423817	30.545042	0.0	97500	3005.7197909355164
39	-47.98	-47.98	-45.0	47.638046	251.78862	4732.024	1.5923835	47.26395	0.1	100000	3078.6870975494385
40	-47.0	-47.0	-50.0	51.916924	288.56595	5854.8535	1.5570018	50.78991	0.0	102500	3151.838487148285
41	-49.0	-49.0	-46.5	73.95494	400.98044	6723.242	1.274967	74.39323	0.1	105000	3225.668078184128
42	-48.0	-48.0	-50.0	66.530685	339.7898	5923.1196	1.2542402	66.74601	0.0	107500	3297.8991243839264
43	-46.8	-46.8	-49.5	74.41692	330.50604	4873.756	1.4847728	77.092155	0.0	110000	3370.637211084366
44	-48.0	-48.0	-45.0	101.0538	529.45685	11124.072	1.9975408	103.916466	0.1	112500	3444.0778980255127
45	-49.0	-49.0	-45.0	192.95972	1027.4749	23444.057	1.907146	193.07466	0.1	115000	3516.7038819789886
46	-49.0	-49.0	-50.0	319.0037	1604.6276	27333.285	5.767147	321.95612	0.0	117500	3590.9114503860474
47	-48.0	-48.0	-50.0	515.63776	2425.3901	37890.832	4.662816	531.5238	0.0	120000	3665.9884853363037
48	-47.0	-47.0	-45.0	1048.3085	4866.739	92151.84	20.124792	1040.3032	0.1	122500	3740.268894672394
49	-48.0	-48.0	-50.0	1376.3998	6210.4375	142104.27	33.074516	1401.6805	0.0	125000	3813.373414039612
50	-49.0	-49.0	-50.0	1566.114	6314.3315	125825.945	39.938484	1595.6073	0.0	127500	3888.274164199829
51	-50.0	-50.0	-45.0	2755.683	12619.86	263111.2	59.11803	2724.923	0.1	130000	3961.750172138214
52	-49.0	-49.0	-50.0	4970.114	16537.621	349188.4	75.67288	4993.744	0.0	132500	4034.1759855747223
53	-46.0	-46.0	-45.0	10054.89	34066.13	661839.9	229.37958	9879.21	0.1	135000	4109.849505662918
54	-47.0	-47.0	-50.0	10534.538	41683.562	908274.56	251.76881	10739.205	0.0	137500	4183.58603811264
55	-49.0	-49.0	-45.0	14657.45	61860.984	1507890.1	614.7714	14715.91	0.1	140000	4256.772311925888
56	-49.0	-49.0	-40.0	21473.023	90566.91	1441195.8	839.79596	21988.275	0.2	142500	4330.330655813217
57	-45.0	-45.0	-45.0	26022.969	100184.43	1797974.8	1014.86145	26218.203	0.1	145000	4402.879802703857
58	-48.0	-48.0	-50.0	31690.176	128967.54	2621204.8	1328.007	32156.389	0.0	147500	4475.545917034149
59	-49.98	-49.98	-50.0	46513.15	154830.4	2851248.2	2367.1968	47416.902	0.0	150000	4549.501276016235
60	-47.0	-47.0	-50.0	78649.18	271160.75	5513952.0	3260.406	80171.52	0.0	152500	4621.964694261551
61	-49.0	-49.0	-45.0	88432.32	288020.0	5706000.0	4340.2075	89504.195	0.1	155000	4694.427937030792
62	-48.0	-48.0	-49.0	130777.95	380972.53	7971865.0	7512.55	131945.95	0.0	157500	4769.827003240585
63	-49.0	-49.0	-50.0	196496.78	548292.2	8965372.0	10725.005	199647.3	0.0	160000	4842.795143127441
64	-49.0	-49.0	-50.0	190328.11	526038.56	11740067.0	16319.65	193136.45	0.0	162500	4915.819612979889
65	-46.0	-46.0	-45.0	256705.81	770330.0	13312418.0	21066.002	259435.33	0.1	165000	4988.651991605759
66	-49.0	-49.0	-50.0	194864.12	547506.6	10973186.0	14547.812	201810.9	0.0	167500	5060.921765804291
67	-47.98	-47.98	-45.0	181832.4	686144.5	12598441.0	13226.064	184249.48	0.1	170000	5132.78172826767
68	-49.0	-49.0	-50.0	147494.03	461228.38	9257721.0	11250.58	154876.14	0.0	172500	5204.876318693161
69	-49.0	-49.0	-50.0	165446.78	523519.25	9426176.0	7202.5835	172673.19	0.0	175000	5275.30887055397
70	-50.0	-50.0	-50.0	169458.5	515107.84	8526786.0	13005.494	172862.48	0.0	177500	5345.78404545784
71	-48.94	-48.94	-45.0	190749.31	608577.3	11969222.0	11575.283	199544.98	0.1	180000	5417.19478559494
72	-47.3	-47.3	-50.0	177550.66	625880.06	13574269.0	9525.957	184252.86	0.0	182500	5490.442789077759
73	-49.0	-49.0	-50.0	236387.27	836578.9	16273768.0	12378.848	245804.12	0.0	185000	5564.579964160919
74	-48.46	-48.46	-50.0	281232.44	851167.0	16727785.0	16519.541	291548.28	0.0	187500	5636.4260840415955
75	-46.9	-46.9	-45.0	391887.1	1349195.1	23056698.0	16012.727	398151.94	0.1	190000	5709.424835920334
76	-50.0	-50.0	-49.6	338571.6	1169042.2	29890952.0	10288.809	348072.47	0.0	192500	5781.601123332977
77	-48.08	-48.08	-50.0	373898.7	1257572.0	36361652.0	18629.498	382333.2	0.0	195000	5851.82944726944
78	-48.0	-48.0	-45.0	316453.72	1134913.0	25396542.0	15056.73	327093.25	0.1	197500	5922.920502662659
79	-48.0	-48.0	-50.0	379588.44	1234054.2	23157332.0	14600.352	388712.62	0.0	200000	5997.337278842926
80	-49.0	-49.0	-50.0	377460.34	1801533.5	39020684.0	13405.289	388335.62	0.0	202500	6070.051377534866
81	-48.0	-48.0	-50.0	315006.06	1124906.0	29155344.0	11158.996	325987.84	0.0	205000	6143.374783039093
82	-50.0	-50.0	-50.0	247710.16	685211.2	11427831.0	11805.071	258546.47	0.0	207500	6216.089742898941
83	-48.0	-48.0	-45.0	201053.5	702724.7	15508453.0	7580.173	213828.83	0.1	210000	6288.687442779541
84	-47.94	-47.94	-49.9	169893.16	561467.3	13013164.0	7940.568	173126.06	0.0	212500	6361.293916940689
85	-46.62	-46.62	-45.0	164331.25	482670.12	6621849.5	6084.176	169292.8	0.1	215000	6433.523558855057
86	-48.0	-48.0	-45.0	240413.7	765182.3	14129294.0	7636.636	246843.61	0.1	217500	6506.164129257202
87	-48.0	-48.0	-50.0	225152.28	749964.3	14320421.0	10872.697	233842.9	0.0	220000	6578.077600240707
88	-47.0	-47.0	-50.0	172378.11	594254.5	9332272.0	7511.0386	181775.86	0.0	222500	6651.03292298317
89	-48.7	-48.7	-45.0	136081.86	435455.3	7432913.5	7188.8516	139556.98	0.1	225000	6723.012644767761
90	-48.0	-48.0	-50.0	156977.19	552898.9	11390657.0	5014.21	165576.19	0.0	227500	6797.435823202133
91	-47.0	-47.0	-45.0	205948.48	530076.9	8528881.0	9368.9375	207857.97	0.1	230000	6870.836768388748
92	-48.46	-48.46	-50.0	313706.2	647890.06	11389901.0	17055.133	319466.38	0.0	232500	6942.604041337967
93	-48.86	-48.86	-50.0	346549.56	690639.7	13225652.0	15419.912	352541.5	0.0	235000	7014.991984605789
94	-49.0	-49.0	-50.0	307666.47	571514.7	9338721.0	15897.3125	315438.1	0.0	237500	7086.471688747406
95	-47.0	-47.0	-40.0	311345.28	722449.75	16437623.0	13552.958	320286.78	0.2	240000	7157.77011179924
96	-48.6	-48.6	-45.0	331576.97	780149.25	15381096.0	14783.58	344757.72	0.1	242500	7228.327819824219
97	-48.64	-48.64	-50.0	418969.4	1006372.44	20124068.0	18988.152	418561.16	0.0	245000	7298.4758512973785
98	-49.0	-49.0	-49.2	464358.1	1110092.6	15637324.0	14282.967	459253.56	0.0	247500	7370.229268789291
99	-49.0	-49.0	-45.0	371364.75	859751.56	11649654.0	12712.78	389190.03	0.1	250000	7442.689851522446
100	-48.0	-48.0	-50.0	482841.0	1113359.9	16606361.0	10918.083	482325.62	0.0	252500	7515.779279947281
101	-47.0	-47.0	-50.0	489691.72	995520.8	13323386.0	18204.62	504220.53	0.0	255000	7588.579157114029
102	-47.0	-47.0	-45.0	654241.56	1275411.8	18064726.0	22988.645	652662.75	0.1	257500	7662.957264661789
103	-48.0	-48.0	-50.0	750362.6	1386472.0	22369828.0	22898.66	768585.9	0.0	260000	7736.37279176712
104	-48.0	-48.0	-45.0	613619.56	1307752.9	17722816.0	22814.371	628321.94	0.1	262500	7808.255365610123
105	-48.0	-48.0	-50.0	626755.06	1257037.2	19280284.0	25325.717	640239.9	0.0	265000	7882.014854431152
106	-49.0	-49.0	-50.0	890313.9	1792685.6	24365850.0	25555.328	890196.6	0.0	267500	7956.606476306915
107	-48.0	-48.0	-50.0	854833.7	1620957.1	23570458.0	33252.58	874801.25	0.0	270000	8028.48881649971
108	-50.0	-50.0	-45.0	1153497.1	2121410.0	24599816.0	43178.117	1179860.5	0.1	272500	8099.896154880524
109	-48.0	-48.0	-50.0	1340323.0	2331866.2	32699260.0	53182.6	1403963.2	0.0	275000	8174.311959028244
110	-49.0	-49.0	-50.0	1278627.8	2227014.0	37285930.0	50750.36	1324556.0	0.0	277500	8247.002574920654
111	-48.6	-48.6	-50.0	1292663.6	2841265.0	56611370.0	45574.664	1316603.9	0.0	280000	8320.026821374893
112	-48.82	-48.82	-50.0	1466408.6	2706672.5	37803188.0	44783.22	1519811.6	0.0	282500	8390.986921310425
113	-45.94	-45.94	-50.0	1964907.0	3742627.0	63342944.0	59307.953	1969849.4	0.0	285000	8462.452561378479
114	-50.0	-50.0	-45.0	2184963.0	4214798.5	44504950.0	75195.805	2186037.5	0.1	287500	8533.892862558365
115	-49.0	-49.0	-50.0	2213094.8	4269995.0	43989950.0	95720.414	2218725.5	0.0	290000	8606.633202314377
116	-46.0	-46.0	-45.0	2635831.2	5075770.5	72267350.0	88270.78	2640836.2	0.1	292500	8679.036644220352
117	-50.0	-50.0	-50.0	3407473.8	6373594.0	76843870.0	79412.195	3490630.2	0.0	295000	8752.086608409882
118	-50.0	-50.0	-50.0	4177682.8	7476217.5	72599490.0	165791.19	4196706.5	0.0	297500	8825.31101346016
119	-46.0	-46.0	-50.0	4044466.8	6672179.0	65422580.0	174600.9	4093574.8	0.0	300000	8897.251150369644
120	-48.0	-48.0	-45.0	5355038.5	10192740.0	143801170.0	144631.31	5408539.5	0.1	302500	8969.047070026398
121	-50.0	-50.0	-45.0	5873907.5	10684697.0	106984500.0	228237.03	5900303.5	0.1	305000	9040.635727643967
122	-47.44	-47.44	-40.0	6648190.5	12332553.0	126793070.0	291548.12	6825546.0	0.2	307500	9112.699948310852
123	-49.0	-49.0	-50.0	7624004.0	14685223.0	246186000.0	259458.88	7692704.5	0.0	310000	9184.668202877045
124	-48.0	-48.0	-50.0	8564231.0	16841248.0	250414400.0	258398.81	8665973.0	0.0	312500	9255.387273311615
125	-49.0	-49.0	-50.0	9815213.0	16200032.0	196125330.0	351164.53	9869580.0	0.0	315000	9326.314265966415
126	-48.0	-48.0	-50.0	13911760.0	22419218.0	236699230.0	743881.6	13785924.0	0.0	317500	9396.953131437302
127	-47.98	-47.98	-50.0	16984204.0	26605108.0	249698620.0	913254.2	16987662.0	0.0	320000	9468.828253507614
128	-48.0	-48.0	-50.0	15395312.0	28049148.0	313344540.0	552916.3	15350057.0	0.0	322500	9539.77872800827
129	-48.0	-48.0	-45.0	18094714.0	33588732.0	355833150.0	459224.44	18189800.0	0.1	325000	9612.939385652542
130	-50.0	-50.0	-45.0	15463869.0	28858624.0	351112960.0	649174.1	15759085.0	0.1	327500	9684.718537330627
131	-50.0	-50.0	-50.0	14863890.0	25675802.0	271926560.0	580538.94	15000740.0	0.0	330000	9755.611855506897
132	-48.0	-48.0	-50.0	15168143.0	25823158.0	269399330.0	442484.75	15477551.0	0.0	332500	9827.499710798264
133	-49.0	-49.0	-50.0	19172852.0	33885410.0	372450200.0	655690.8	19371324.0	0.0	335000	9901.554736375809
134	-49.0	-49.0	-50.0	23249126.0	33976270.0	474235840.0	1038113.0	23380626.0	0.0	337500	9974.825327396393
135	-49.0	-49.0	-50.0	24493654.0	35601744.0	405086500.0	1063171.8	24649850.0	0.0	340000	10047.6645424366
136	-49.0	-49.0	-45.0	20663710.0	35724610.0	471773540.0	681700.56	20770244.0	0.1	342500	10118.84990119934
137	-48.0	-48.0	-50.0	22004802.0	39227900.0	497114270.0	896798.06	22112234.0	0.0	345000	10191.539858341217
138	-50.0	-50.0	-35.0	25883214.0	53703524.0	681789500.0	638917.5	25943974.0	0.3	347500	10264.350210905075
139	-48.0	-48.0	-50.0	22783390.0	39510750.0	478501000.0	887422.5	22816756.0	0.0	350000	10336.397415399551
140	-50.0	-50.0	-50.0	26165978.0	54635440.0	1109215700.0	742748.06	26192032.0	0.0	352500	10409.613859653473
141	-49.0	-49.0	-50.0	27880430.0	60533110.0	704270900.0	703036.5	27814994.0	0.0	355000	10482.626545667648
142	-48.0	-48.0	-40.0	25062780.0	52303560.0	697058940.0	443242.94	25124230.0	0.2	357500	10555.701628923416
143	-49.0	-49.0	-45.0	28575204.0	61557628.0	792926900.0	720448.9	28954814.0	0.1	360000	10628.86113524437
144	-47.82	-47.82	-50.0	29778146.0	56828180.0	644240800.0	1106920.8	30097662.0	0.0	362500	10703.527215957642
145	-47.58	-47.58	-50.0	34660900.0	71075700.0	830948800.0	1023044.2	34952356.0	0.0	365000	10779.718157291412
146	-48.0	-48.0	-50.0	32860382.0	76975350.0	1864241400.0	978922.4	32774596.0	0.0	367500	10852.60170841217
147	-49.0	-49.0	-50.0	37312580.0	83825320.0	1097915500.0	958079.56	38239988.0	0.0	370000	10925.6912317276
148	-47.8	-47.8	-50.0	36409340.0	72460960.0	1012171700.0	887616.0	37712604.0	0.0	372500	11000.41790509224
149	-47.0	-47.0	-50.0	39161604.0	87280970.0	1148165100.0	882764.9	39916388.0	0.0	375000	11073.851565122604
150	-46.98	-46.98	-45.0	39824240.0	80436010.0	1022354300.0	891384.0	40559350.0	0.1	377500	11147.027742862701
151	-47.0	-47.0	-50.0	42130628.0	85569540.0	1408153700.0	1036118.4	42241932.0	0.0	380000	11221.832927465439
152	-50.0	-50.0	-50.0	52873036.0	99799630.0	1006426700.0	1387427.0	53328170.0	0.0	382500	11295.829707860947
153	-50.0	-50.0	-45.0	50581130.0	102966824.0	1390518000.0	1065417.5	51538240.0	0.1	385000	11369.534204006195
154	-50.0	-50.0	-50.0	43066524.0	85591630.0	1296485500.0	897414.1	43337320.0	0.0	387500	11445.650714635849
155	-49.68	-49.68	-45.0	45573812.0	90269660.0	1149062700.0	756188.5	45799004.0	0.1	390000	11519.951729297638
156	-49.0	-49.0	-50.0	42900388.0	98023580.0	1938068100.0	665438.5	43298508.0	0.0	392500	11593.990668296814
157	-47.0	-47.0	-50.0	46291424.0	109900020.0	2137042700.0	882986.4	45895096.0	0.0	395000	11668.084445238113
158	-48.84	-48.84	-50.0	35637330.0	74782490.0	1310738200.0	821709.06	35921470.0	0.0	397500	11742.335120677948
159	-49.0	-49.0	-50.0	33149612.0	68865930.0	959596540.0	761037.9	33145426.0	0.0	400000	11815.570822000504
160	-48.8	-48.8	-50.0	34255668.0	71452940.0	866620800.0	648621.6	34756364.0	0.0	402500	11889.303101301193
161	-48.0	-48.0	-45.0	32753480.0	71331610.0	1146981500.0	755081.3	32961036.0	0.1	405000	11963.300922632217
162	-50.0	-50.0	-50.0	31058486.0	70836984.0	818599200.0	730548.1	31601114.0	0.0	407500	12038.069700479507
163	-48.0	-48.0	-50.0	25486764.0	57861036.0	936818300.0	664516.75	25766930.0	0.0	410000	12113.682763814926
164	-48.64	-48.64	-45.0	27349588.0	64412868.0	1077651500.0	467653.62	27310072.0	0.1	412500	12188.3019490242
165	-48.0	-48.0	-50.0	22396590.0	54532136.0	1060307000.0	432625.06	22745646.0	0.0	415000	12262.582312822342
166	-47.12	-47.12	-50.0	22821662.0	58318268.0	836486700.0	344362.2	22754962.0	0.0	417500	12338.747029304504
167	-47.0	-47.0	-50.0	23534666.0	58947812.0	1323687300.0	283140.2	23597998.0	0.0	420000	12412.739197969437
168	-48.56	-48.56	-50.0	26155646.0	70374220.0	1433383000.0	394866.2	25875722.0	0.0	422500	12486.439639806747
169	-50.0	-50.0	-50.0	28256770.0	63575310.0	1044365300.0	376484.97	28307534.0	0.0	425000	12561.805723667145
170	-50.0	-50.0	-50.0	25042456.0	50119924.0	775935300.0	368493.78	24815406.0	0.0	427500	12635.27083325386
171	-47.0	-47.0	-40.0	29873250.0	80843256.0	2169944300.0	322657.0	30390770.0	0.2	430000	12708.520300865173
172	-48.0	-48.0	-45.0	32114294.0	88634270.0	1821000800.0	425704.06	32644002.0	0.1	432500	12783.403329849243
173	-45.72	-45.72	-45.0	29709500.0	87363620.0	1473998800.0	311779.75	29901222.0	0.1	435000	12856.495965957642
174	-48.0	-48.0	-49.2	25173250.0	60958176.0	942380350.0	322997.0	25267200.0	0.0	437500	12930.22457242012
175	-47.28	-47.28	-50.0	24653094.0	73815970.0	2033545000.0	335826.88	24633528.0	0.0	440000	13001.55288386345
176	-46.86	-46.86	-50.0	22919690.0	71784130.0	1522329000.0	306228.78	22622660.0	0.0	442500	13073.632159948349
177	-49.78	-49.78	-45.0	23151616.0	57166696.0	1040804030.0	278855.47	22989134.0	0.1	445000	13145.558747768402
178	-49.0	-49.0	-40.0	20276838.0	60856496.0	1919208100.0	307598.06	20274302.0	0.2	447500	13217.311423778534
179	-49.0	-49.0	-50.0	24322564.0	74088930.0	1718377300.0	290878.7	24291072.0	0.0	450000	13289.715636491776
180	-48.0	-48.0	-50.0	18890114.0	53344824.0	1021377100.0	276730.5	19271194.0	0.0	452500	13363.602139234543
181	-47.0	-47.0	-50.0	17783488.0	43213772.0	691062500.0	230997.88	18131458.0	0.0	455000	13437.71325469017
182	-47.0	-47.0	-40.0	19748536.0	58187730.0	1353015700.0	249653.97	20025694.0	0.2	457500	13510.254051685333
183	-49.0	-49.0	-50.0	18194456.0	49043892.0	1217247900.0	313817.5	18558960.0	0.0	460000	13583.96646976471
184	-46.0	-46.0	-45.0	17729202.0	38959024.0	877298500.0	227034.42	17174712.0	0.1	462500	13657.312762498856
185	-49.0	-49.0	-50.0	20494630.0	61115980.0	957199740.0	217326.81	20589466.0	0.0	465000	13730.121189117432
186	-48.0	-48.0	-50.0	18860318.0	49683612.0	966212860.0	194403.77	19054828.0	0.0	467500	13804.135365962982
187	-49.86	-49.86	-50.0	21092032.0	56104164.0	954768800.0	174859.88	20959284.0	0.0	470000	13875.980687141418
188	-47.98	-47.98	-50.0	19411698.0	57315090.0	1073568640.0	140549.89	19626632.0	0.0	472500	13948.353298425674
189	-48.0	-48.0	-50.0	17936126.0	55567028.0	1113428000.0	143092.52	17677932.0	0.0	475000	14021.22704410553
190	-49.14	-49.14	-50.0	17293828.0	51163388.0	1062954240.0	119918.6	17419550.0	0.0	477500	14094.4017496109
191	-49.0	-49.0	-45.0	15702237.0	46058416.0	1012279900.0	162933.6	15433682.0	0.1	480000	14167.421282291412
192	-47.84	-47.84	-50.0	14397821.0	41339144.0	787850000.0	137415.5	13953278.0	0.0	482500	14240.45627617836
193	-49.0	-49.0	-45.0	17016462.0	45719780.0	730391800.0	155721.72	17744356.0	0.1	485000	14315.646632671356
194	-49.14	-49.14	-50.0	12081072.0	31875142.0	687764160.0	108559.984	12282852.0	0.0	487500	14390.45659661293
195	-46.48	-46.48	-49.4	10507781.0	23784152.0	398957200.0	83253.11	10444777.0	0.0	490000	14465.20828795433
196	-50.0	-50.0	-50.0	13641166.0	31970474.0	437311460.0	107703.37	13910684.0	0.0	492500	14540.215933561325
197	-46.56	-46.56	-50.0	13185063.0	26901642.0	366439500.0	118039.875	13175621.0	0.0	495000	14615.908746957779
198	-47.0	-47.0	-50.0	14506276.0	36534636.0	684360000.0	115054.375	14440004.0	0.0	497500	14689.661851882935
199	-50.0	-50.0	-50.0	13038731.0	27979174.0	516586700.0	187909.64	13078886.0	0.0	500000	14762.82765865326
200	-47.5	-47.5	-50.0	12735184.0	28824564.0	512311360.0	109301.57	12839695.0	0.0	502500	14835.313695907593
201	-49.0	-49.0	-50.0	10934442.0	22649990.0	308705500.0	121427.47	11133010.0	0.0	505000	14907.838764190674
202	-47.0	-47.0	-50.0	11434082.0	27070566.0	502164640.0	157130.1	11429591.0	0.0	507500	14981.180466890335
203	-49.0	-49.0	-50.0	11722019.0	26682742.0	384743230.0	137276.38	11902147.0	0.0	510000	15053.82759475708
204	-47.46	-47.46	-50.0	11451183.0	29730348.0	844373200.0	157171.47	11379984.0	0.0	512500	15126.527757406235
205	-47.0	-47.0	-50.0	14919436.0	32176892.0	416397470.0	243212.77	15240870.0	0.0	515000	15198.890807628632
206	-48.0	-48.0	-50.0	15371086.0	31161174.0	434194200.0	280109.5	15502121.0	0.0	517500	15272.207645177841
207	-49.0	-49.0	-50.0	16878840.0	34491350.0	428019140.0	549657.1	17120442.0	0.0	520000	15344.491755247116
208	-49.0	-49.0	-50.0	17048728.0	34082584.0	446582340.0	671860.2	17036148.0	0.0	522500	15416.50290942192
209	-46.08	-46.08	-50.0	14751685.0	26829400.0	314167500.0	566375.6	14796122.0	0.0	525000	15490.212004423141
210	-46.0	-46.0	-50.0	15816727.0	31584016.0	467917820.0	593982.0	16309006.0	0.0	527500	15563.133560419083
211	-48.0	-48.0	-50.0	16934922.0	43879796.0	829805500.0	419060.53	16648782.0	0.0	530000	15636.528138875961
212	-48.0	-48.0	-50.0	19040250.0	45788680.0	734394430.0	564881.94	18475942.0	0.0	532500	15708.498614311218
213	-50.0	-50.0	-50.0	14498710.0	38777412.0	597623230.0	469712.25	13951240.0	0.0	535000	15779.137259483337
214	-46.06	-46.06	-50.0	14971124.0	35512840.0	677679740.0	343066.7	14759150.0	0.0	537500	15852.28766489029
215	-48.0	-48.0	-45.0	19423500.0	47340740.0	793973100.0	405186.62	18912370.0	0.1	540000	15923.457698106766
216	-50.0	-50.0	-50.0	20673606.0	48662044.0	600781440.0	421861.06	20244148.0	0.0	542500	15995.684457302094
217	-47.0	-47.0	-50.0	16882728.0	40281348.0	912848700.0	452439.62	16688957.0	0.0	545000	16067.343374490738
218	-50.0	-50.0	-50.0	17621360.0	49262376.0	1188590100.0	262655.78	17304280.0	0.0	547500	16140.301523923874
219	-47.82	-47.82	-50.0	20035306.0	47764788.0	894152450.0	333813.5	19626188.0	0.0	550000	16212.58898472786
220	-47.86	-47.86	-50.0	21429720.0	48152180.0	668825100.0	313643.0	21292920.0	0.0	552500	16286.557575702667
221	-48.0	-48.0	-50.0	23971270.0	57125984.0	985149630.0	417850.66	22193524.0	0.0	555000	16358.918412685394
222	-50.0	-50.0	-50.0	20266684.0	43808700.0	653817660.0	365575.2	19686408.0	0.0	557500	16433.44345974922
223	-45.0	-45.0	-50.0	20662222.0	42875516.0	515667500.0	484783.56	20191784.0	0.0	560000	16506.5918674469
224	-48.0	-48.0	-50.0	19982128.0	37737740.0	400459200.0	326924.53	19969236.0	0.0	562500	16581.092523813248
225	-48.0	-48.0	-50.0	20830526.0	57015276.0	1281112700.0	503308.78	20605716.0	0.0	565000	16655.63427400589
226	-48.0	-48.0	-50.0	19702674.0	51780596.0	1492506000.0	378104.97	18901008.0	0.0	567500	16731.271674633026
227	-47.24	-47.24	-50.0	18649994.0	50261016.0	1193980400.0	480919.22	18247540.0	0.0	570000	16804.67254924774
228	-49.0	-49.0	-50.0	17568908.0	44627816.0	1082361700.0	420107.9	17079750.0	0.0	572500	16878.14992403984
229	-47.66	-47.66	-50.0	21622242.0	49816490.0	992364540.0	630050.0	21763816.0	0.0	575000	16950.630793571472
230	-49.0	-49.0	-50.0	32512090.0	79102840.0	1284848600.0	742279.44	31264206.0	0.0	577500	17024.357369184494
231	-48.0	-48.0	-50.0	31141938.0	67397176.0	1037349200.0	553155.75	30841708.0	0.0	580000	17098.07639312744
232	-48.2	-48.2	-50.0	31428632.0	79578910.0	2151683000.0	569230.75	29368056.0	0.0	582500	17171.695973157883
233	-49.0	-49.0	-50.0	47812508.0	128107500.0	2237517300.0	607708.1	44504196.0	0.0	585000	17247.225554704666
234	-47.0	-47.0	-50.0	70252550.0	140614980.0	3046897200.0	1734700.0	67052816.0	0.0	587500	17321.55385017395
235	-50.0	-50.0	-50.0	106817720.0	188814780.0	3653683500.0	2991341.0	102284580.0	0.0	590000	17393.653609514236
236	-48.0	-48.0	-45.0	130221590.0	176333020.0	3187895800.0	7281985.5	127204000.0	0.1	592500	17466.27038383484
237	-46.38	-46.38	-45.0	149942130.0	193396940.0	3290614000.0	9042084.0	149413950.0	0.1	595000	17539.41962003708
238	-49.0	-49.0	-50.0	161527440.0	194860370.0	3292021000.0	11097044.0	159701400.0	0.0	597500	17612.008997678757
239	-50.0	-50.0	-45.0	122584824.0	162902560.0	2207915000.0	7518560.0	121128930.0	0.1	600000	17683.50914812088
240	-49.0	-49.0	-50.0	80112300.0	100644750.0	1288402400.0	4739083.0	77604850.0	0.0	602500	17756.787118673325
241	-48.06	-48.06	-50.0	73858984.0	135755310.0	2212223200.0	4364187.0	72862830.0	0.0	605000	17829.688455343246
242	-47.48	-47.48	-50.0	74797020.0	135016740.0	2070924200.0	3599839.5	72705170.0	0.0	607500	17902.179394245148
243	-47.24	-47.24	-50.0	60232916.0	125756960.0	1776473200.0	2666603.0	59040316.0	0.0	610000	17974.31911253929
244	-49.0	-49.0	-50.0	43534736.0	102994424.0	2576489500.0	1713199.6	44317564.0	0.0	612500	18049.086168289185
245	-49.0	-49.0	-47.4	37060490.0	84399100.0	1405625900.0	1305651.2	37184748.0	0.0	615000	18123.142827272415
246	-49.0	-49.0	-45.0	32665182.0	88240696.0	2307043000.0	781870.5	32707260.0	0.1	617500	18196.003569841385
247	-49.0	-49.0	-45.0	28207494.0	63771068.0	1159060900.0	673844.0	28368234.0	0.1	620000	18269.803842782974
248	-48.04	-48.04	-50.0	29827774.0	72570640.0	1232986200.0	785799.44	29324994.0	0.0	622500	18342.57161283493
249	-47.0	-47.0	-45.0	38705004.0	115388400.0	3942067200.0	931133.25	37047156.0	0.1	625000	18415.314910888672
250	-46.0	-46.0	-50.0	39155744.0	97695020.0	2446811600.0	1582877.6	38154852.0	0.0	627500	18486.78917002678
251	-48.0	-48.0	-50.0	44877836.0	87592800.0	1816043500.0	1170403.5	42580108.0	0.0	630000	18558.786200284958
252	-47.0	-47.0	-50.0	44712780.0	90883384.0	1467699000.0	1222278.0	43826370.0	0.0	632500	18630.293851852417
253	-49.66	-49.66	-50.0	34683736.0	82963520.0	1325672000.0	706980.4	33207010.0	0.0	635000	18704.965535402298
254	-46.0	-46.0	-45.0	41074900.0	93467890.0	1398918500.0	572802.9	38198190.0	0.1	637500	18778.793821573257
255	-48.46	-48.46	-45.0	28868952.0	63479170.0	1014638140.0	679961.3	28833976.0	0.1	640000	18851.824320793152
256	-48.0	-48.0	-45.0	28589876.0	68141900.0	968153600.0	731676.0	27252842.0	0.1	642500	18924.892751455307
257	-48.88	-48.88	-50.0	26229436.0	64869990.0	1194983000.0	496333.7	25505572.0	0.0	645000	18998.278824806213
258	-48.0	-48.0	-50.0	32001748.0	159093170.0	6205044000.0	424028.34	31979356.0	0.0	647500	19070.66060590744
259	-49.92	-49.92	-50.0	31759278.0	139624900.0	4846788600.0	656885.25	29869532.0	0.0	650000	19143.50873374939
260	-49.0	-49.0	-45.0	25980538.0	80427790.0	2001256800.0	372982.12	25627054.0	0.1	652500	19216.141780376434
261	-48.0	-48.0	-50.0	21732602.0	60391932.0	1093280600.0	444268.28	21617124.0	0.0	655000	19287.98366689682
262	-46.0	-46.0	-50.0	23007068.0	68126050.0	1500172900.0	322232.78	22729680.0	0.0	657500	19360.03444337845
263	-48.84	-48.84	-50.0	23822684.0	69113900.0	961033150.0	430107.44	22637814.0	0.0	660000	19431.796132326126
264	-50.0	-50.0	-50.0	24640552.0	60528540.0	962882500.0	459617.38	24075280.0	0.0	662500	19505.512804985046
265	-49.0	-49.0	-50.0	26253164.0	62334530.0	1000831040.0	637615.4	25953528.0	0.0	665000	19578.21221971512
266	-46.0	-46.0	-50.0	24684662.0	76588760.0	1716576800.0	525029.56	24488972.0	0.0	667500	19651.11972308159
267	-48.0	-48.0	-50.0	16068428.0	39145590.0	718629100.0	477234.44	16045714.0	0.0	670000	19723.420959711075
268	-47.0	-47.0	-45.0	26738922.0	74615990.0	1559511800.0	367147.56	26667208.0	0.1	672500	19797.744675397873
269	-47.0	-47.0	-50.0	48015336.0	114277590.0	2776435500.0	639297.25	49151836.0	0.0	675000	19872.35877943039
270	-48.0	-48.0	-50.0	52627332.0	90669110.0	1091224800.0	2061195.5	53605236.0	0.0	677500	19947.548998832703
271	-49.86	-49.86	-50.0	58956956.0	89514150.0	1270604500.0	2712297.0	58453636.0	0.0	680000	20022.43921494484
272	-46.72	-46.72	-45.0	59111350.0	110399336.0	1973133400.0	1951421.0	59026696.0	0.1	682500	20097.679101228714
273	-50.0	-50.0	-45.0	44695610.0	76522460.0	901095300.0	1928299.4	44132670.0	0.1	685000	20172.899063825607
274	-48.76	-48.76	-50.0	41789604.0	67362824.0	813036350.0	2124111.0	42006040.0	0.0	687500	20249.18669128418
275	-48.0	-48.0	-50.0	42566040.0	70105080.0	1401103700.0	1950414.5	43321630.0	0.0	690000	20322.576327085495
276	-50.0	-50.0	-50.0	43497628.0	86683970.0	1265967600.0	1976445.0	43190380.0	0.0	692500	20396.606010198593
277	-47.36	-47.36	-45.399998	43348660.0	97741016.0	1998676000.0	1892685.2	43540896.0	0.1	695000	20471.749337673187
278	-49.0	-49.0	-50.0	49423572.0	104142200.0	1491568100.0	1513810.9	52465176.0	0.0	697500	20545.651203632355
279	-48.0	-48.0	-49.4	61768400.0	139394220.0	2702372600.0	1933663.0	62816276.0	0.0	700000	20619.73374581337
280	-50.0	-50.0	-45.0	78543610.0	163587900.0	3292562000.0	1193965.6	75945530.0	0.1	702500	20693.402054309845
281	-49.24	-49.24	-50.0	120407790.0	299886460.0	5577795600.0	3434964.8	121353896.0	0.0	705000	20767.58207321167
282	-48.8	-48.8	-40.0	97917750.0	403360800.0	15681977000.0	1587962.9	97164136.0	0.2	707500	20843.263419389725
283	-50.0	-50.0	-50.0	95468700.0	322431550.0	6472830500.0	1812433.2	91955390.0	0.0	710000	20916.70198059082
284	-49.84	-49.84	-45.0	106118264.0	522064540.0	13986489000.0	2485100.5	103410510.0	0.1	712500	20991.085406303406
285	-44.98	-44.98	-50.0	94310820.0	341391780.0	7570019000.0	1772897.9	92370260.0	0.0	715000	21064.013864040375
286	-45.0	-45.0	-50.0	106394910.0	312901400.0	7158667000.0	1476490.5	101719340.0	0.0	717500	21139.88377761841
287	-47.3	-47.3	-45.0	142828110.0	611980600.0	14883130000.0	3033235.8	138266100.0	0.1	720000	21213.022426366806
288	-50.0	-50.0	-45.0	122780760.0	402957200.0	10587484000.0	3154164.5	118684230.0	0.1	722500	21284.947866678238
289	-47.0	-47.0	-50.0	152728140.0	587497400.0	12322464000.0	3499328.5	151173600.0	0.0	725000	21357.72967529297
290	-48.0	-48.0	-50.0	137492240.0	428549730.0	9288401000.0	4020075.0	136644720.0	0.0	727500	21430.44301390648
291	-43.8	-43.8	-45.0	115052670.0	296101470.0	5074556400.0	3542381.5	118757260.0	0.1	730000	21503.80711913109
292	-49.7	-49.7	-50.0	129301550.0	425104670.0	12442953000.0	2091581.2	126258350.0	0.0	732500	21576.957723855972
293	-50.0	-50.0	-50.0	118506420.0	325464500.0	6603173000.0	3217531.2	118186620.0	0.0	735000	21648.459079027176
294	-49.0	-49.0	-50.0	143343840.0	448827650.0	10268211000.0	3307196.2	142494990.0	0.0	737500	21722.711946725845
295	-48.0	-48.0	-50.0	149819920.0	373522940.0	5782545000.0	5400398.0	147977540.0	0.0	740000	21795.212502479553
296	-48.0	-48.0	-50.0	141677860.0	348776260.0	5370417700.0	5866544.0	140095800.0	0.0	742500	21868.343101263046
297	-49.0	-49.0	-50.0	183672080.0	411226850.0	5204716000.0	10580888.0	179366690.0	0.0	745000	21942.25492668152
298	-45.0	-45.0	-45.0	187965570.0	339121180.0	4440684000.0	16119408.0	182327710.0	0.1	747500	22015.30598950386
299	-46.0	-46.0	-50.0	204287540.0	392136300.0	6374491000.0	17908372.0	199391380.0	0.0	750000	22086.999660015106
300	-49.0	-49.0	-50.0	197968130.0	345751170.0	5024569300.0	23877394.0	193222200.0	0.0	752500	22160.462788820267
301	-48.0	-48.0	-50.0	181125740.0	372502180.0	6800684500.0	9935222.0	174962420.0	0.0	755000	22232.053377389908
302	-47.0	-47.0	-50.0	163759730.0	429403100.0	10335222000.0	12255733.0	157368060.0	0.0	757500	22306.001794099808
303	-49.64	-49.64	-50.0	143110180.0	478372030.0	14268586000.0	7311184.0	144801700.0	0.0	760000	22378.499950647354
304	-50.0	-50.0	-50.0	178091170.0	750240960.0	16123162000.0	5995154.5	178552620.0	0.0	762500	22450.5392305851
305	-48.84	-48.84	-50.0	166843170.0	552684540.0	12443496000.0	5170945.0	168170740.0	0.0	765000	22523.79097390175
306	-47.0	-47.0	-50.0	192296210.0	808800600.0	21578900000.0	5528014.5	195675340.0	0.0	767500	22598.089472532272
307	-49.0	-49.0	-45.0	208689950.0	871963500.0	20472138000.0	5108928.0	212028350.0	0.1	770000	22671.979652881622
308	-49.0	-49.0	-50.0	176991470.0	441171500.0	11304674000.0	9137482.0	183377360.0	0.0	772500	22745.746059417725
309	-48.0	-48.0	-50.0	237749310.0	647243000.0	13549325000.0	14400860.0	242954480.0	0.0	775000	22820.56269621849
310	-48.0	-48.0	-50.0	235446340.0	589666300.0	10798887000.0	15605899.0	248649660.0	0.0	777500	22892.51491332054
311	-46.0	-46.0	-45.0	239350420.0	660825000.0	16478603000.0	14305385.0	250214610.0	0.1	780000	22966.00540471077
312	-49.0	-49.0	-50.0	289991600.0	957865800.0	19077374000.0	12044500.0	300152600.0	0.0	782500	23039.38760662079
313	-47.0	-47.0	-50.0	224046880.0	651855500.0	15041226000.0	10033476.0	240907680.0	0.0	785000	23111.84086585045
314	-49.0	-49.0	-50.0	239798580.0	648683100.0	10803299000.0	13609270.0	251345440.0	0.0	787500	23185.92803311348
315	-50.0	-50.0	-50.0	291529540.0	808302340.0	21119916000.0	10325310.0	287967970.0	0.0	790000	23258.807343244553
316	-47.0	-47.0	-50.0	380765340.0	714606500.0	9408112000.0	27756664.0	382843360.0	0.0	792500	23332.657839536667
317	-47.0	-47.0	-45.0	523977400.0	1031720500.0	21616675000.0	38735950.0	527979330.0	0.1	795000	23405.541358947754
318	-49.0	-49.0	-50.0	503777700.0	938601200.0	19952781000.0	38563652.0	503273950.0	0.0	797500	23479.945547103882
319	-47.0	-47.0	-50.0	341327330.0	777116400.0	18692616000.0	22459872.0	339770270.0	0.0	800000	23554.42299079895
320	-48.0	-48.0	-45.0	266404580.0	624642940.0	11052299000.0	14141413.0	272427550.0	0.1	802500	23628.049204587936
321	-47.6	-47.6	-50.0	252407630.0	681481540.0	10766624000.0	11437058.0	246898240.0	0.0	805000	23702.028819561005
322	-48.48	-48.48	-45.0	280654720.0	1106732400.0	30784340000.0	6511988.5	276779040.0	0.1	807500	23775.57093191147
323	-49.0	-49.0	-50.0	308378200.0	918715140.0	23089580000.0	13559036.0	313538050.0	0.0	810000	23850.016328573227
324	-50.0	-50.0	-50.0	350884600.0	1041246800.0	24408850000.0	12346654.0	362924800.0	0.0	812500	23924.2681953907
325	-48.82	-48.82	-40.0	337340600.0	955218000.0	21769750000.0	15803794.0	340454940.0	0.2	815000	23999.34409880638
326	-47.0	-47.0	-50.0	286456130.0	765162000.0	14834515000.0	9196658.0	283849440.0	0.0	817500	24073.22013783455
327	-49.0	-49.0	-50.0	280563620.0	793444600.0	20923374000.0	10550152.0	285039260.0	0.0	820000	24148.618622779846
328	-48.2	-48.2	-50.0	296798900.0	931502100.0	27356402000.0	12606668.0	317835100.0	0.0	822500	24223.20610165596
329	-47.36	-47.36	-50.0	244454500.0	822900540.0	19733914000.0	9916392.0	261204620.0	0.0	825000	24297.42675971985
330	-47.76	-47.76	-50.0	275789150.0	866705660.0	20527208000.0	13261376.0	272509570.0	0.0	827500	24371.84336423874
331	-47.0	-47.0	-50.0	363056130.0	887817660.0	18579606000.0	20454506.0	363219740.0	0.0	830000	24446.921919345856
332	-46.86	-46.86	-50.0	562818560.0	671465400.0	7758389000.0	38756840.0	568194000.0	0.0	832500	24520.74761891365
333	-48.66	-48.66	-50.0	699567940.0	908540800.0	16039108000.0	53493800.0	700689340.0	0.0	835000	24594.63584446907
334	-46.0	-46.0	-50.0	561190140.0	966914400.0	25903518000.0	29718706.0	572744800.0	0.0	837500	24669.390580654144
335	-48.0	-48.0	-45.0	369160030.0	840833900.0	23549524000.0	21368564.0	378365540.0	0.1	840000	24742.95009970665
336	-50.0	-50.0	-50.0	227620880.0	467850700.0	6261778000.0	12405260.0	231511920.0	0.0	842500	24817.572763442993
337	-47.68	-47.68	-50.0	248017680.0	816454100.0	29591024000.0	11243390.0	255076580.0	0.0	845000	24891.223165035248
338	-47.74	-47.74	-45.0	338063550.0	1137631100.0	45989100000.0	20425218.0	330364860.0	0.1	847500	24965.384573459625
339	-49.0	-49.0	-50.0	276475300.0	472966270.0	12419984000.0	17774648.0	279779260.0	0.0	850000	25039.13625884056
340	-48.92	-48.92	-50.0	221225060.0	605387100.0	16916445000.0	11596988.0	228493700.0	0.0	852500	25114.380050182343
341	-50.0	-50.0	-35.0	195973920.0	681980800.0	16159967000.0	8209449.0	197830200.0	0.3	855000	25188.556025981903
342	-48.0	-48.0	-50.0	164693220.0	507049730.0	14422650000.0	6398327.0	158428210.0	0.0	857500	25262.211119174957
343	-49.0	-49.0	-45.0	256851020.0	1202086900.0	39371284000.0	6300670.0	268854200.0	0.1	860000	25335.883213043213
344	-49.0	-49.0	-45.0	288920260.0	1077094900.0	24473151000.0	12997243.0	319165700.0	0.1	862500	25411.157145261765
345	-49.0	-49.0	-40.0	264248850.0	1009417200.0	33512577000.0	13983122.0	275430720.0	0.2	865000	25485.76581263542
346	-48.0	-48.0	-45.0	340987550.0	996711000.0	31011420000.0	14060022.0	359078340.0	0.1	867500	25560.367629289627
347	-50.0	-50.0	-50.0	378461380.0	1019857660.0	23884890000.0	21468228.0	400082560.0	0.0	870000	25634.71766424179
348	-49.0	-49.0	-50.0	396553100.0	900284540.0	24018063000.0	24063240.0	410157300.0	0.0	872500	25706.8260781765
349	-47.92	-47.92	-50.0	428110140.0	1104798000.0	21901859000.0	28464850.0	460687700.0	0.0	875000	25780.057069540024
350	-48.0	-48.0	-50.0	572693000.0	1610587000.0	33295942000.0	25310810.0	593078900.0	0.0	877500	25854.664435625076
351	-50.0	-50.0	-50.0	485936400.0	1149200300.0	18082824000.0	26664626.0	499063520.0	0.0	880000	25927.510879278183
352	-50.0	-50.0	-50.0	362873570.0	1155632900.0	26582086000.0	18626138.0	382196700.0	0.0	882500	26000.869267702103
353	-49.0	-49.0	-50.0	316508350.0	849436900.0	15671467000.0	10692987.0	345031700.0	0.0	885000	26076.21513915062
354	-47.16	-47.16	-45.0	311171300.0	970957100.0	19616820000.0	11266716.0	321909700.0	0.1	887500	26150.70387363434
355	-47.64	-47.64	-45.0	369696450.0	1031909000.0	18043970000.0	14483762.0	385219520.0	0.1	890000	26222.305866241455
356	-50.0	-50.0	-45.0	311465400.0	784520060.0	17088141000.0	14620478.0	327599600.0	0.1	892500	26298.094024419785
357	-49.86	-49.86	-50.0	335130460.0	793709250.0	14525918000.0	11797971.0	353398430.0	0.0	895000	26371.67968416214
358	-49.0	-49.0	-50.0	330480540.0	832844100.0	16292604000.0	15765118.0	334801100.0	0.0	897500	26446.192553281784
359	-46.0	-46.0	-50.0	260768830.0	522711520.0	7794028000.0	16423684.0	266757700.0	0.0	900000	26518.84767317772
360	-45.0	-45.0	-45.0	337303650.0	745015100.0	13956542000.0	16164322.0	371618850.0	0.1	902500	26591.811807870865
361	-45.56	-45.56	-35.0	406315800.0	920817000.0	14842720000.0	25148144.0	409795420.0	0.3	905000	26665.041915416718
362	-47.0	-47.0	-50.0	388172930.0	715227260.0	9759294000.0	17952106.0	404817400.0	0.0	907500	26737.726439476013
363	-47.0	-47.0	-48.6	386912540.0	968596500.0	14651113000.0	15084516.0	398259330.0	0.0	910000	26811.424700021744
364	-49.0	-49.0	-45.0	425311400.0	1037868740.0	14973586000.0	21520864.0	426179680.0	0.1	912500	26885.245786190033
365	-45.24	-45.24	-50.0	430547550.0	1093844100.0	20627626000.0	24490468.0	441372200.0	0.0	915000	26958.778978824615
366	-50.0	-50.0	-45.0	384447840.0	833093440.0	12045105000.0	27234832.0	392758820.0	0.1	917500	27034.474798202515
367	-48.16	-48.16	-50.0	484193470.0	1650366800.0	38073872000.0	18057982.0	496007900.0	0.0	920000	27109.067725419998
368	-48.0	-48.0	-50.0	415748670.0	1322116900.0	32891015000.0	16814696.0	402496420.0	0.0	922500	27185.520177841187
369	-49.0	-49.0	-50.0	319920000.0	817079700.0	12908863000.0	13986674.0	328435100.0	0.0	925000	27261.693290233612
370	-49.0	-49.0	-50.0	348421630.0	906643840.0	14724128000.0	12220998.0	360715700.0	0.0	927500	27336.524019002914
371	-49.0	-49.0	-50.0	372089900.0	1219532500.0	19662488000.0	13639566.0	371135330.0	0.0	930000	27412.321195840836
372	-45.0	-45.0	-50.0	418589200.0	1211517600.0	15064674000.0	15105367.0	416502600.0	0.0	932500	27489.614225625992
373	-49.0	-49.0	-50.0	341556320.0	900740030.0	14385529000.0	16088664.0	337787300.0	0.0	935000	27563.467435121536
374	-47.0	-47.0	-50.0	397758180.0	1374364400.0	34974495000.0	13426920.0	389155740.0	0.0	937500	27637.523621320724
375	-48.0	-48.0	-45.0	416011840.0	1393730800.0	25834983000.0	16675418.0	430629470.0	0.1	940000	27713.173481941223
376	-48.0	-48.0	-40.0	430185800.0	1382128100.0	20438346000.0	16862826.0	441710000.0	0.2	942500	27788.59037089348
377	-49.56	-49.56	-45.0	468877120.0	2466540000.0	79212320000.0	16930784.0	465491460.0	0.1	945000	27863.19205737114
378	-49.0	-49.0	-45.0	415527000.0	1890982700.0	46097460000.0	12601967.0	412254500.0	0.1	947500	27936.74399662018
379	-48.22	-48.22	-50.0	421078560.0	1785961100.0	40444862000.0	15077168.0	424232860.0	0.0	950000	28014.48256278038
380	-46.78	-46.78	-44.7	468783800.0	1999016000.0	40769147000.0	11315557.0	468218980.0	0.1	952500	28090.001635313034
381	-49.0	-49.0	-50.0	490807000.0	1747057500.0	43468968000.0	6314372.0	483954340.0	0.0	955000	28164.28877735138
382	-49.78	-49.78	-45.0	557536100.0	1800882600.0	24289677000.0	11715416.0	539442400.0	0.1	957500	28238.531002521515
383	-47.0	-47.0	-50.0	498462200.0	1839639700.0	33763873000.0	13776193.0	492943650.0	0.0	960000	28312.88211464882
384	-47.0	-47.0	-50.0	531735400.0	2406925600.0	70658100000.0	13771866.0	514709760.0	0.0	962500	28386.60371685028
385	-48.92	-48.92	-45.0	627485600.0	3199919600.0	62190846000.0	13372066.0	585265600.0	0.1	965000	28460.976541519165
386	-50.0	-50.0	-40.0	378506900.0	1283570200.0	20897327000.0	10597336.0	368644320.0	0.2	967500	28535.764192342758
387	-47.0	-47.0	-50.0	463763870.0	2414458400.0	64204083000.0	8029378.0	421966980.0	0.0	970000	28608.733197450638
388	-47.16	-47.16	-35.0	362798460.0	1584951700.0	35282678000.0	7272284.5	347788130.0	0.3	972500	28684.13643860817
389	-49.0	-49.0	-50.0	433879260.0	2271566600.0	60377743000.0	4927774.0	418275550.0	0.0	975000	28757.892682790756
390	-48.0	-48.0	-50.0	427286200.0	1904204200.0	36967674000.0	6667215.5	398103840.0	0.0	977500	28833.73433995247
391	-50.0	-50.0	-50.0	415113920.0	2053592800.0	41350246000.0	8713634.0	408752420.0	0.0	980000	28908.276179790497
392	-49.0	-49.0	-50.0	355182430.0	1381288700.0	20987976000.0	7367436.0	350637280.0	0.0	982500	28980.396087408066
393	-47.0	-47.0	-45.0	388386500.0	1328361300.0	21637340000.0	5414633.5	388671940.0	0.1	985000	29051.47591662407
394	-49.0	-49.0	-48.1	416692450.0	1980560500.0	53394506000.0	8036039.5	419165300.0	0.0	987500	29124.54762649536
395	-49.0	-49.0	-45.0	379261060.0	1617243600.0	46884213000.0	6077216.0	367397570.0	0.1	990000	29198.12008857727
396	-46.0	-46.0	-45.0	402502530.0	1926955000.0	40507048000.0	6985797.5	403160100.0	0.1	992500	29268.695956230164
397	-49.0	-49.0	-42.600002	418357900.0	1937542800.0	39805740000.0	7041301.5	415175300.0	0.1	995000	29340.301540136337
398	-47.0	-47.0	-50.0	473207070.0	2908167400.0	100296910000.0	9012966.0	459496450.0	0.0	997500	29411.258828639984
399	-49.0	-49.0	-40.0	419619800.0	1679123000.0	36635110000.0	6476766.5	408449860.0	0.2	1000000	29484.187514781952
400	-49.0	-49.0	-50.0	399109760.0	1624973600.0	34667106000.0	8871834.0	376786100.0	0.0	1002500	29557.212490320206
401	-50.0	-50.0	-50.0	391533020.0	1553365100.0	45116980000.0	7367412.0	375602600.0	0.0	1005000	29628.012859344482
402	-49.0	-49.0	-50.0	435122720.0	1744025500.0	43307393000.0	7513434.0	429603870.0	0.0	1007500	29696.56191110611
403	-49.0	-49.0	-45.0	474944030.0	3136791000.0	93720460000.0	8601730.0	463962400.0	0.1	1010000	29767.0058529377
404	-48.0	-48.0	-50.0	552120960.0	2994113800.0	83799440000.0	6919062.0	543751000.0	0.0	1012500	29835.66990685463
405	-48.0	-48.0	-47.4	545701000.0	3132723000.0	88667600000.0	9357926.0	542817540.0	0.0	1015000	29905.648716688156
406	-49.0	-49.0	-50.0	473302980.0	1838213100.0	33326942000.0	16169030.0	464581150.0	0.0	1017500	29974.053035974503
407	-47.0	-47.0	-50.0	653664830.0	3911977000.0	104718890000.0	17737498.0	641768500.0	0.0	1020000	30044.56232023239
408	-49.68	-49.68	-50.0	774242240.0	3543050500.0	80790270000.0	20124254.0	745218800.0	0.0	1022500	30113.310531139374
409	-47.9	-47.9	-45.0	1249732200.0	9506474000.0	302836060000.0	23359716.0	1236979700.0	0.1	1025000	30182.833948373795
410	-47.96	-47.96	-50.0	1527361300.0	4966705000.0	131186926000.0	26458206.0	1506560100.0	0.0	1027500	30252.229913949966
411	-48.0	-48.0	-45.0	1863318900.0	11050642000.0	311411640000.0	40316104.0	1887027700.0	0.1	1030000	30321.397834539413
412	-47.84	-47.84	-50.0	1657191300.0	5246642000.0	146660790000.0	78905300.0	1705232800.0	0.0	1032500	30391.738075256348
413	-48.0	-48.0	-45.0	2066841200.0	7963668000.0	258566880000.0	86055096.0	2052497900.0	0.1	1035000	30458.428823947906
414	-48.9	-48.9	-50.0	2147287200.0	7410372000.0	188832430000.0	59173084.0	2191935700.0	0.0	1037500	30524.24476623535
415	-48.9	-48.9	-50.0	2887613400.0	10918744000.0	209020570000.0	94304744.0	2895644700.0	0.0	1040000	30591.981882095337
416	-47.64	-47.64	-45.0	3177945000.0	9077821000.0	143927150000.0	96053850.0	3189429000.0	0.1	1042500	30658.028866529465
417	-48.0	-48.0	-48.0	4751121000.0	27447849000.0	648417600000.0	94379660.0	4901428000.0	0.0	1045000	30727.687315940857
418	-49.22	-49.22	-45.0	4224218600.0	15286500000.0	518146500000.0	142321380.0	4359636500.0	0.1	1047500	30794.22730064392
419	-48.78	-48.78	-45.0	4746518500.0	17668413000.0	372314960000.0	99723610.0	4777943600.0	0.1	1050000	30862.757551431656
420	-49.62	-49.62	-50.0	4597667000.0	14382521000.0	237559730000.0	132000030.0	4614036500.0	0.0	1052500	30930.483003377914
421	-46.3	-46.3	-50.0	4121278200.0	9836318000.0	140359020000.0	123753750.0	4169795600.0	0.0	1055000	30997.145617723465
422	-48.16	-48.16	-50.0	5264176600.0	14591646000.0	280452100000.0	177269490.0	5257272000.0	0.0	1057500	31065.461491823196
423	-50.0	-50.0	-50.0	5377451500.0	10808789000.0	161877750000.0	257213090.0	5502643000.0	0.0	1060000	31136.75391983986
424	-47.84	-47.84	-49.5	7120547300.0	13173610000.0	192672960000.0	283825540.0	7203581000.0	0.0	1062500	31204.956854104996
425	-49.0	-49.0	-50.0	9331314000.0	14726840000.0	298471950000.0	437715800.0	9526046000.0	0.0	1065000	31272.014516830444
426	-46.92	-46.92	-50.0	10509831000.0	16183146000.0	338023120000.0	490141800.0	10606824000.0	0.0	1067500	31335.712988376617
427	-50.0	-50.0	-50.0	8920481000.0	11816009000.0	145447000000.0	442402800.0	9047628000.0	0.0	1070000	31404.944852113724
428	-47.64	-47.64	-49.6	8444556000.0	14772831000.0	242089360000.0	439461950.0	8636008000.0	0.0	1072500	31474.488221406937
429	-49.0	-49.0	-50.0	7688533500.0	13521835000.0	238153730000.0	243519500.0	7830587400.0	0.0	1075000	31541.59785246849
430	-48.58	-48.58	-45.0	8206584300.0	16889679000.0	305728520000.0	248819840.0	8414487600.0	0.1	1077500	31608.817083120346
431	-50.0	-50.0	-50.0	9805366000.0	17986806000.0	220225290000.0	207787020.0	10053140000.0	0.0	1080000	31676.476763486862
432	-47.78	-47.78	-50.0	10519788000.0	16214911000.0	257626690000.0	355805900.0	10700654000.0	0.0	1082500	31744.232972621918
433	-48.26	-48.26	-50.0	10724035000.0	15826185000.0	218425740000.0	563436160.0	10875548000.0	0.0	1085000	31811.95020055771
434	-50.0	-50.0	-50.0	10930975000.0	15813411000.0	182554280000.0	475239230.0	11146383000.0	0.0	1087500	31874.922122240067
435	-48.78	-48.78	-50.0	10501955000.0	12822959000.0	151822090000.0	468361400.0	10759379000.0	0.0	1090000	31939.58465886116
436	-45.4	-45.4	-45.0	10560519000.0	15966271000.0	216695750000.0	572091400.0	10854372000.0	0.1	1092500	32001.902461528778
437	-48.0	-48.0	-49.3	9024558000.0	13149098000.0	164118380000.0	407843840.0	9267417000.0	0.0	1095000	32062.09329175949
438	-48.0	-48.0	-50.0	7866477000.0	12110408000.0	145442870000.0	354981280.0	8043934000.0	0.0	1097500	32123.860070705414
439	-50.0	-50.0	-50.0	7171411500.0	13331297000.0	202241380000.0	279346300.0	7511566300.0	0.0	1100000	32183.82485628128
440	-48.0	-48.0	-50.0	6805888500.0	11275045000.0	157316450000.0	268098110.0	6860044000.0	0.0	1102500	32248.309706926346
441	-47.0	-47.0	-50.0	7249604000.0	10852226000.0	151469360000.0	256682900.0	7408259600.0	0.0	1105000	32315.07038974762
442	-48.68	-48.68	-45.0	6953989600.0	11445296000.0	279002480000.0	291850180.0	7180446000.0	0.1	1107500	32380.17791390419
443	-47.94	-47.94	-50.0	8319820000.0	15213534000.0	250490500000.0	252920770.0	8251199500.0	0.0	1110000	32446.08949947357
444	-50.0	-50.0	-50.0	7403721000.0	11651004000.0	158439930000.0	298214370.0	7439807000.0	0.0	1112500	32507.52236390114
445	-48.14	-48.14	-49.0	6697259000.0	9589214000.0	130839760000.0	285806720.0	6909475300.0	0.0	1115000	32571.823155879974
446	-46.02	-46.02	-50.0	7412927500.0	14971709000.0	333260900000.0	242775700.0	7436547600.0	0.0	1117500	32634.576320648193
447	-50.0	-50.0	-50.0	7317888500.0	14527913000.0	280132700000.0	214385180.0	7329699000.0	0.0	1120000	32693.646152973175
448	-46.0	-46.0	-50.0	6951827000.0	11611003000.0	193862650000.0	283333950.0	6792645000.0	0.0	1122500	32753.45649456978
449	-48.0	-48.0	-45.0	6833005600.0	11132123000.0	136937680000.0	205904030.0	6806768000.0	0.1	1125000	32813.28428196907
450	-49.8	-49.8	-50.0	6374458400.0	11680653000.0	169303880000.0	241186220.0	6360964600.0	0.0	1127500	32868.557991981506
451	-50.0	-50.0	-49.1	6344688600.0	9852256000.0	160593360000.0	163241090.0	6444509000.0	0.0	1130000	32926.96581864357
452	-46.0	-46.0	-50.0	6736540700.0	11724559000.0	178900550000.0	230798690.0	6785440300.0	0.0	1132500	32984.95691943169
453	-45.28	-45.28	-50.0	6163567600.0	8933210000.0	108455780000.0	162309380.0	6091980300.0	0.0	1135000	33044.03604745865
454	-49.0	-49.0	-40.0	5691527700.0	10032138000.0	136233200000.0	150618180.0	5526082600.0	0.2	1137500	33103.26673960686
455	-46.7	-46.7	-45.0	5527798300.0	10277852000.0	177403940000.0	182054190.0	5464745000.0	0.1	1140000	33162.10531544685
456	-47.0	-47.0	-45.0	5532798000.0	9528929000.0	161896510000.0	90603200.0	5433623600.0	0.1	1142500	33222.471306324005
457	-48.3	-48.3	-50.0	5482866700.0	9144450000.0	121418990000.0	155000500.0	5416680000.0	0.0	1145000	33279.051730155945
458	-48.0	-48.0	-45.0	5711485400.0	10473457000.0	132813410000.0	133765310.0	5598418000.0	0.1	1147500	33335.39598417282
459	-50.0	-50.0	-45.0	5394893300.0	9316190000.0	129209170000.0	209624160.0	5225429500.0	0.1	1150000	33391.19816446304
460	-48.92	-48.92	-50.0	5935299600.0	9910977000.0	117368470000.0	136654370.0	5830984000.0	0.0	1152500	33449.583055734634
461	-49.0	-49.0	-50.0	6004427300.0	10305400000.0	178664670000.0	204191420.0	5904406000.0	0.0	1155000	33507.88109755516
462	-47.0	-47.0	-40.0	5790780000.0	10035592000.0	118506330000.0	204258340.0	5667584500.0	0.2	1157500	33566.36717581749
463	-47.0	-47.0	-50.0	5739718000.0	9286715000.0	147313230000.0	212216910.0	5645814300.0	0.0	1160000	33623.77768731117
464	-48.0	-48.0	-50.0	5794631000.0	9516469000.0	138920480000.0	155783680.0	5717334500.0	0.0	1162500	33683.23949933052
465	-48.0	-48.0	-50.0	5928307000.0	9729041000.0	130331705000.0	173158620.0	5845424000.0	0.0	1165000	33742.935069322586
466	-49.0	-49.0	-50.0	5878712300.0	9768825000.0	116078480000.0	139505060.0	5842464000.0	0.0	1167500	33798.471843242645
467	-46.0	-46.0	-45.0	6255885300.0	10903448000.0	164771820000.0	104968290.0	6191558700.0	0.1	1170000	33855.70383024216
468	-46.0	-46.0	-50.0	5790481000.0	10408655000.0	147865780000.0	146715400.0	5708167000.0	0.0	1172500	33911.707725286484
469	-47.0	-47.0	-40.0	6027652000.0	10169779000.0	124702590000.0	152448580.0	5926489600.0	0.2	1175000	33969.268298625946
470	-49.78	-49.78	-50.0	6135874600.0	10873739000.0	224348290000.0	140788540.0	6012299000.0	0.0	1177500	34026.3120868206
471	-48.0	-48.0	-50.0	6859685400.0	12907618000.0	183655870000.0	183173150.0	6876400600.0	0.0	1180000	34084.643882513046
472	-48.0	-48.0	-45.0	5967592000.0	9564585000.0	102410500000.0	97675200.0	5874161700.0	0.1	1182500	34142.96135354042
473	-47.0	-47.0	-45.0	6914505000.0	10692997000.0	131760900000.0	141809920.0	6746896000.0	0.1	1185000	34199.48472356796
474	-47.0	-47.0	-50.0	7211034000.0	12388343000.0	192279510000.0	184317520.0	7147965400.0	0.0	1187500	34257.27901172638
475	-47.0	-47.0	-50.0	7212293600.0	11893733000.0	205027900000.0	202068600.0	7056591400.0	0.0	1190000	34315.27691721916
476	-50.0	-50.0	-50.0	7027778000.0	11076105000.0	108683040000.0	135247840.0	7045266000.0	0.0	1192500	34373.849794864655
477	-48.0	-48.0	-50.0	7683625000.0	13314222000.0	187872000000.0	177061600.0	7518233600.0	0.0	1195000	34431.15124511719
478	-50.0	-50.0	-45.0	7063039500.0	10164724000.0	108029500000.0	146078190.0	6973791700.0	0.1	1197500	34488.5742316246
479	-50.0	-50.0	-50.0	8183506400.0	13850098000.0	186773030000.0	170328690.0	7987627500.0	0.0	1200000	34545.71840071678
480	-49.0	-49.0	-45.0	7072594000.0	11617493000.0	141731450000.0	169231900.0	6959618600.0	0.1	1202500	34604.16486167908
481	-47.0	-47.0	-50.0	8116736500.0	13076018000.0	151482900000.0	154569250.0	7902612500.0	0.0	1205000	34662.214212179184
482	-47.0	-47.0	-50.0	9352915000.0	13199962000.0	154024330000.0	188916160.0	9068347000.0	0.0	1207500	34718.28007674217
483	-49.82	-49.82	-40.0	9472374000.0	15414129000.0	205607980000.0	333035840.0	9269342000.0	0.2	1210000	34775.91910099983
484	-50.0	-50.0	-45.0	10019672000.0	15281451000.0	171837420000.0	253167070.0	9867202000.0	0.1	1212500	34833.68614196777
485	-48.3	-48.3	-50.0	9961070000.0	16055207000.0	200509050000.0	229932640.0	9605160000.0	0.0	1215000	34889.8238863945
486	-48.0	-48.0	-50.0	10295736000.0	15187004000.0	172593300000.0	217615070.0	9972891000.0	0.0	1217500	34948.27146792412
487	-49.0	-49.0	-45.0	11946615000.0	17038799000.0	209241100000.0	357641920.0	11543943000.0	0.1	1220000	35008.24574828148
488	-49.0	-49.0	-50.0	11303813000.0	15535139000.0	199928900000.0	299564030.0	11130540000.0	0.0	1222500	35068.197390794754
489	-48.0	-48.0	-50.0	11466785000.0	18262390000.0	211688300000.0	284811400.0	11091439000.0	0.0	1225000	35125.53024148941
490	-48.0	-48.0	-50.0	11053563000.0	17947826000.0	263150700000.0	342281400.0	10613382000.0	0.0	1227500	35182.236726760864
491	-49.0	-49.0	-45.0	10667809000.0	18868437000.0	226663480000.0	309549700.0	10409604000.0	0.1	1230000	35240.29881834984
492	-47.0	-47.0	-50.0	10626145000.0	18631412000.0	229065400000.0	338175330.0	10242906000.0	0.0	1232500	35299.17392706871
493	-47.0	-47.0	-50.0	11858187000.0	19201399000.0	240313570000.0	377950080.0	11642037000.0	0.0	1235000	35357.24504852295
494	-47.0	-47.0	-50.0	11014945000.0	15516126000.0	242954800000.0	400742600.0	10779185000.0	0.0	1237500	35414.307257175446
495	-47.0	-47.0	-50.0	10562266000.0	16881568000.0	198766530000.0	216551330.0	10234280000.0	0.0	1240000	35469.4883620739
496	-48.8	-48.8	-50.0	8510013000.0	13493240000.0	174932230000.0	300301900.0	8183553000.0	0.0	1242500	35526.011298418045
497	-48.0	-48.0	-50.0	8463556000.0	13459674000.0	161638600000.0	149635490.0	8093711000.0	0.0	1245000	35586.64441514015
498	-49.0	-49.0	-50.0	8525626400.0	14165126000.0	211114000000.0	201634140.0	8231234600.0	0.0	1247500	35646.63939356804
499	-47.0	-47.0	-50.0	8410197000.0	13392424000.0	150154510000.0	277455940.0	8067041300.0	0.0	1250000	35707.68247818947
