Epoch	EpRet	EpRealRet	TestEpRet	AverageQ1	StdQ1	MaxQ1	MinQ1	Q2	TestSuccess	TotalEnvInteracts	TotalTime
0	-48.0	-48.0	-50.0	-1.1594443	1.7951351	0.49054882	-13.6943865	-1.1594124	0.0	2500	25.84857988357544
1	-46.0	-46.0	-45.0	-2.3371866	4.3578444	0.672176	-26.23358	-2.3371706	0.1	5000	55.69286561012268
2	-48.0	-48.0	-50.0	-3.4498477	6.888283	0.7992005	-32.51017	-3.4497042	0.0	7500	89.0090856552124
3	-49.0	-49.0	-50.0	-4.251156	8.822979	1.0376842	-36.907173	-4.251183	0.0	10000	122.77103447914124
4	-49.0	-49.0	-45.0	-5.0373516	10.449688	11.072543	-51.300602	-5.037422	0.1	12500	157.83407330513
5	-50.0	-50.0	-45.0	-5.7707195	11.866048	1.4794134	-51.67564	-5.770794	0.1	15000	191.60759782791138
6	-47.76	-47.76	-50.0	-6.4313536	13.173771	1.7565992	-70.58396	-6.431678	0.0	17500	225.09277057647705
7	-48.0	-48.0	-45.0	-6.974594	14.24964	2.1389847	-57.411602	-6.9748793	0.1	20000	258.84759640693665
8	-48.12	-48.12	-50.0	-7.397743	15.130871	2.032105	-85.89419	-7.3978534	0.0	22500	292.7668282985687
9	-49.0	-49.0	-50.0	-7.7936473	15.878677	2.3302567	-65.31005	-7.794109	0.0	25000	327.80020236968994
10	-46.86	-46.86	-45.0	-8.05387	16.360561	2.825745	-77.55989	-8.054011	0.1	27500	364.27168679237366
11	-46.0	-46.0	-50.0	-8.185473	16.702496	3.8736184	-59.718784	-8.185169	0.0	30000	401.4814701080322
12	-49.0	-49.0	-50.0	-8.399908	17.079048	6.816507	-59.861652	-8.399888	0.0	32500	438.88147377967834
13	-46.98	-46.98	-50.0	-8.540841	17.34435	4.0156994	-61.578423	-8.541138	0.0	35000	475.4592833518982
14	-47.94	-47.94	-50.0	-8.624524	17.509083	3.4792862	-64.64965	-8.624667	0.0	37500	511.97453808784485
15	-48.5	-48.5	-50.0	-8.704575	17.582869	11.992037	-63.130825	-8.70442	0.0	40000	548.4616162776947
16	-47.04	-47.04	-50.0	-8.769107	17.661205	5.2683992	-59.22374	-8.769123	0.0	42500	585.6186509132385
17	-49.76	-49.76	-50.0	-8.691675	17.534178	4.1305175	-61.258224	-8.691904	0.0	45000	622.3843102455139
18	-48.22	-48.22	-50.0	-8.696019	17.480219	4.461814	-58.36518	-8.696329	0.0	47500	659.8519027233124
19	-46.96	-46.96	-50.0	-8.671316	17.473701	4.089805	-60.78815	-8.671985	0.0	50000	696.4588387012482
20	-45.0	-45.0	-50.0	-8.726447	17.559814	5.696178	-73.048775	-8.727	0.0	52500	733.6901543140411
21	-48.28	-48.28	-45.0	-8.733558	17.569818	5.2387714	-71.323395	-8.734042	0.1	55000	771.4468040466309
22	-46.82	-46.82	-40.0	-8.804367	17.649214	6.400577	-60.924393	-8.804602	0.2	57500	808.7081427574158
23	-48.0	-48.0	-45.0	-8.769421	17.65649	8.455896	-75.49737	-8.770195	0.1	60000	846.1462202072144
24	-49.0	-49.0	-50.0	-8.872808	17.763918	4.5496545	-60.853508	-8.873236	0.0	62500	882.1031804084778
25	-49.0	-49.0	-45.0	-8.95843	17.886126	8.991029	-64.756004	-8.959035	0.1	65000	918.3065612316132
26	-48.12	-48.12	-49.5	-8.994066	17.930716	7.0881786	-64.26477	-8.994772	0.0	67500	954.9405813217163
27	-48.0	-48.0	-50.0	-9.015892	17.949638	3.8945193	-62.210773	-9.01666	0.0	70000	991.6107089519501
28	-49.0	-49.0	-49.3	-9.084508	18.013952	4.765539	-59.79136	-9.084926	0.0	72500	1029.5507924556732
29	-49.34	-49.34	-50.0	-9.089915	18.004938	8.436879	-58.920345	-9.0904455	0.0	75000	1066.574767589569
30	-48.96	-48.96	-49.7	-9.099242	18.02223	5.861333	-58.335754	-9.099712	0.0	77500	1103.5116345882416
31	-46.9	-46.9	-39.8	-9.086798	17.998238	7.6567326	-59.864075	-9.087494	0.2	80000	1140.7476434707642
32	-47.6	-47.6	-45.399998	-9.04677	17.916939	6.879655	-63.345192	-9.047184	0.1	82500	1177.4024424552917
33	-48.28	-48.28	-44.7	-8.984114	17.81441	7.048847	-61.211273	-8.984702	0.1	85000	1214.9662990570068
34	-43.82	-43.82	-45.0	-9.042708	17.83902	9.005169	-58.211597	-9.043127	0.1	87500	1251.776444196701
35	-43.46	-43.46	-50.0	-8.989574	17.770483	6.75866	-59.960793	-8.990176	0.0	90000	1287.9334723949432
36	-49.86	-49.86	-50.0	-8.986903	17.760159	4.757638	-58.90082	-8.987686	0.0	92500	1324.0549218654633
37	-48.3	-48.3	-50.0	-8.969373	17.704084	5.525089	-64.59446	-8.970015	0.0	95000	1360.5421223640442
38	-47.76	-47.76	-45.899998	-9.009764	17.707317	4.7681894	-65.60989	-9.010102	0.1	97500	1398.07235622406
39	-49.9	-49.9	-45.0	-8.921521	17.60172	5.1481967	-59.404934	-8.921783	0.1	100000	1435.1401019096375
40	-49.98	-49.98	-45.0	-8.885266	17.54273	4.708836	-57.70518	-8.8861475	0.1	102500	1472.2901787757874
41	-48.0	-48.0	-45.600002	-8.94333	17.526106	6.4561214	-61.43327	-8.943704	0.1	105000	1509.4728481769562
42	-45.7	-45.7	-50.0	-8.968795	17.504389	4.7711296	-61.356396	-8.969805	0.0	107500	1545.9416182041168
43	-48.46	-48.46	-45.0	-9.010974	17.486834	6.293271	-61.640488	-9.011476	0.1	110000	1582.976057767868
44	-49.98	-49.98	-45.0	-9.027703	17.447414	4.669394	-62.8267	-9.027752	0.1	112500	1620.332837343216
45	-46.14	-46.14	-50.0	-8.9492445	17.302757	3.6302514	-64.51997	-8.950033	0.0	115000	1656.572645664215
46	-46.18	-46.18	-45.0	-8.958019	17.247515	5.9571943	-59.540947	-8.959449	0.1	117500	1694.2131621837616
47	-48.02	-48.02	-49.9	-8.932715	17.172474	4.2019105	-62.210606	-8.933863	0.0	120000	1731.3331003189087
48	-47.26	-47.26	-40.5	-8.911501	17.085314	4.2920465	-61.947372	-8.912646	0.2	122500	1768.4402883052826
49	-47.16	-47.16	-44.899998	-8.895512	17.036385	4.5740194	-61.107784	-8.8962965	0.1	125000	1804.593055486679
50	-48.08	-48.08	-44.3	-8.894426	17.009594	6.1550183	-60.90437	-8.894967	0.1	127500	1841.3244774341583
51	-48.78	-48.78	-35.7	-8.898252	16.975088	8.106933	-60.575447	-8.899075	0.3	130000	1879.2339103221893
52	-46.46	-46.46	-50.0	-8.918296	16.992268	4.708659	-62.10562	-8.9190645	0.0	132500	1916.4628190994263
53	-46.82	-46.82	-44.7	-8.868167	16.912231	4.304413	-62.678734	-8.869028	0.1	135000	1953.7511298656464
54	-48.34	-48.34	-49.2	-8.890799	16.909477	7.1828876	-61.592228	-8.891214	0.0	137500	1990.4988963603973
55	-48.6	-48.6	-46.2	-8.940761	16.910885	4.1628323	-66.31877	-8.941688	0.1	140000	2027.2103443145752
56	-48.06	-48.06	-49.7	-8.96219	16.89894	4.5686116	-64.69889	-8.963564	0.0	142500	2064.0702917575836
57	-48.04	-48.04	-47.4	-8.964124	16.85647	5.6236153	-62.726894	-8.964588	0.1	145000	2101.1626658439636
58	-46.82	-46.82	-46.2	-8.966581	16.835726	3.9928036	-59.674213	-8.967548	0.1	147500	2138.287086725235
59	-46.4	-46.4	-49.3	-9.011797	16.842497	4.538994	-64.496635	-9.012006	0.0	150000	2175.520166873932
60	-47.18	-47.18	-49.8	-8.96531	16.833372	5.899006	-63.205257	-8.965859	0.0	152500	2211.5191884040833
61	-47.06	-47.06	-49.8	-9.001616	16.845875	5.6530795	-62.39415	-9.001248	0.0	155000	2248.653103351593
62	-48.48	-48.48	-50.0	-8.97529	16.802395	7.350752	-60.60904	-8.975283	0.0	157500	2285.904464006424
63	-47.92	-47.92	-49.9	-9.062774	16.881649	4.8317013	-66.11362	-9.063726	0.0	160000	2322.3291018009186
64	-46.68	-46.68	-49.8	-9.00035	16.81237	5.152875	-63.883995	-9.000985	0.0	162500	2358.756411552429
65	-47.54	-47.54	-32.899998	-9.030153	16.824821	4.8540297	-63.87355	-9.030713	0.4	165000	2395.9871983528137
66	-44.72	-44.72	-41.600002	-9.037269	16.787577	6.4193363	-60.872574	-9.037957	0.2	167500	2432.5842158794403
67	-45.64	-45.64	-50.0	-9.089378	16.80652	3.8822055	-64.05094	-9.089581	0.0	170000	2470.097182750702
68	-45.28	-45.28	-50.0	-9.058583	16.758255	6.3537445	-61.02467	-9.059273	0.0	172500	2507.321708202362
69	-48.2	-48.2	-49.4	-9.04414	16.69973	5.0324793	-61.392864	-9.045263	0.0	175000	2544.980588197708
70	-44.24	-44.24	-42.3	-9.012591	16.669413	12.875779	-64.54342	-9.013219	0.2	177500	2581.4171793460846
71	-46.56	-46.56	-49.7	-9.009156	16.642534	7.3894353	-61.37597	-9.009602	0.0	180000	2618.992691516876
72	-47.26	-47.26	-48.4	-8.998606	16.594671	7.0386305	-61.594334	-8.998744	0.0	182500	2655.4598546028137
73	-46.22	-46.22	-49.9	-9.0186205	16.574951	7.2313337	-62.31599	-9.019302	0.0	185000	2691.9840276241302
74	-46.74	-46.74	-44.899998	-9.089651	16.61611	6.0862217	-61.420986	-9.090444	0.1	187500	2728.29461479187
75	-46.8	-46.8	-47.3	-9.079449	16.612291	6.5215178	-63.412018	-9.080029	0.1	190000	2765.3072106838226
76	-43.08	-43.08	-44.600002	-9.035905	16.569748	6.14098	-62.142925	-9.036684	0.1	192500	2802.9930262565613
77	-44.18	-44.18	-44.5	-9.022483	16.56963	5.5975237	-62.886467	-9.02218	0.1	195000	2839.5641601085663
78	-43.88	-43.88	-50.0	-9.059244	16.549047	7.849205	-67.32538	-9.060386	0.0	197500	2876.540844678879
79	-44.16	-44.16	-46.6	-9.031207	16.474821	6.1474295	-65.57853	-9.032237	0.1	200000	2913.131443500519
80	-47.08	-47.08	-48.5	-9.009631	16.435799	10.594078	-63.56579	-9.010067	0.0	202500	2949.108528137207
81	-43.18	-43.18	-43.100002	-9.017833	16.448095	7.9829793	-62.844856	-9.01775	0.2	205000	2984.890776872635
82	-45.48	-45.48	-47.2	-9.033646	16.44677	5.9056573	-62.78102	-9.034087	0.2	207500	3022.67413854599
83	-40.8	-40.8	-40.3	-9.057083	16.43439	9.522089	-64.325264	-9.057747	0.2	210000	3059.016675233841
84	-48.26	-48.26	-31.1	-9.067033	16.401749	5.381755	-61.838097	-9.068318	0.4	212500	3095.4101202487946
85	-43.14	-43.14	-44.8	-9.069893	16.360903	14.422	-66.285	-9.070594	0.1	215000	3131.8643369674683
86	-47.7	-47.7	-46.7	-9.061478	16.323597	9.619813	-60.263233	-9.06226	0.1	217500	3168.8909482955933
87	-41.34	-41.34	-42.399998	-9.073652	16.32133	11.384939	-62.94975	-9.074508	0.2	220000	3205.935154914856
88	-47.68	-47.68	-47.0	-9.097114	16.326576	10.884703	-60.760918	-9.09744	0.1	222500	3242.951454639435
89	-45.58	-45.58	-42.5	-9.143207	16.341661	11.860399	-59.337578	-9.1437645	0.2	225000	3279.6443135738373
90	-45.46	-45.46	-49.5	-9.116299	16.280523	8.975229	-61.93646	-9.117313	0.0	227500	3316.2312602996826
91	-45.12	-45.12	-42.0	-9.091773	16.23557	10.5544815	-60.381718	-9.091643	0.2	230000	3352.945291996002
92	-44.84	-44.84	-45.3	-9.094851	16.180689	17.851694	-60.32205	-9.095091	0.1	232500	3389.6889176368713
93	-45.74	-45.74	-37.2	-9.040473	16.071913	9.344837	-62.959007	-9.040522	0.3	235000	3426.6844596862793
94	-43.14	-43.14	-48.8	-9.083936	16.079094	6.6699038	-61.82172	-9.084858	0.0	237500	3463.5668663978577
95	-43.42	-43.42	-37.600002	-9.140789	16.107395	6.583309	-61.81828	-9.141241	0.3	240000	3499.8519220352173
96	-44.76	-44.76	-40.3	-9.140402	16.085281	9.65252	-62.860207	-9.140658	0.2	242500	3536.937022447586
97	-42.92	-42.92	-45.399998	-9.19192	16.106043	6.8326406	-60.97901	-9.192594	0.1	245000	3572.063350200653
98	-42.92	-42.92	-49.8	-9.145281	16.047726	8.515887	-62.78817	-9.145873	0.0	247500	3608.558613538742
99	-45.24	-45.24	-49.2	-9.17602	16.064165	10.482143	-68.20591	-9.177365	0.0	250000	3645.298861026764
100	-41.6	-41.6	-36.7	-9.193333	16.039394	9.743725	-67.36964	-9.194383	0.3	252500	3682.5235435962677
101	-42.5	-42.5	-43.7	-9.184709	16.011345	6.710536	-65.7675	-9.184618	0.2	255000	3718.7649896144867
102	-44.96	-44.96	-44.2	-9.169522	15.952173	7.622609	-62.775307	-9.1696005	0.2	257500	3754.8863356113434
103	-45.62	-45.62	-40.8	-9.245913	15.999287	7.4782557	-73.34992	-9.246125	0.2	260000	3791.1531970500946
104	-44.66	-44.66	-43.0	-9.259235	16.013239	6.974833	-62.114666	-9.259148	0.3	262500	3827.789890050888
105	-44.08	-44.08	-44.2	-9.293677	15.986943	12.26049	-66.06082	-9.294531	0.1	265000	3864.947786808014
106	-43.98	-43.98	-42.399998	-9.260503	15.951808	7.3922057	-63.250404	-9.259945	0.2	267500	3902.0302493572235
107	-46.78	-46.78	-41.0	-9.274931	15.942764	7.8693933	-62.173206	-9.2756195	0.2	270000	3939.062444448471
108	-43.56	-43.56	-39.7	-9.276594	15.888351	6.271993	-63.780468	-9.276316	0.2	272500	3975.9053859710693
109	-44.9	-44.9	-39.8	-9.292728	15.839639	8.594464	-77.43862	-9.293886	0.3	275000	4012.498016834259
110	-42.74	-42.74	-45.100002	-9.34437	15.842128	10.043279	-61.628788	-9.343782	0.1	277500	4049.9305703639984
111	-45.14	-45.14	-37.3	-9.275751	15.773505	10.281656	-60.697426	-9.276312	0.4	280000	4086.5565223693848
112	-44.56	-44.56	-49.0	-9.283141	15.759582	7.8487644	-63.755802	-9.284252	0.0	282500	4123.90643119812
113	-43.84	-43.84	-40.7	-9.262806	15.706656	11.876262	-60.903454	-9.262338	0.2	285000	4161.175683498383
114	-45.0	-45.0	-44.399998	-9.307735	15.709741	10.463672	-61.586662	-9.307606	0.2	287500	4198.598991394043
115	-46.44	-46.44	-44.0	-9.308104	15.682722	10.871958	-67.074455	-9.308367	0.1	290000	4235.564639091492
116	-44.74	-44.74	-46.2	-9.2866535	15.667948	7.3774767	-64.39272	-9.287138	0.1	292500	4271.6692678928375
117	-46.22	-46.22	-46.5	-9.343427	15.681473	10.100384	-67.716255	-9.342759	0.1	295000	4308.586106777191
118	-42.3	-42.3	-43.0	-9.360301	15.701346	11.919737	-65.79557	-9.360268	0.2	297500	4345.399294137955
119	-42.96	-42.96	-37.3	-9.398142	15.686155	7.669802	-60.07433	-9.397586	0.3	300000	4382.5001673698425
120	-41.0	-41.0	-42.5	-9.395171	15.663251	14.044078	-64.983734	-9.394712	0.2	302500	4419.138642072678
121	-46.2	-46.2	-40.3	-9.409321	15.637884	10.020447	-71.8006	-9.409724	0.2	305000	4455.7433540821075
122	-38.28	-38.28	-36.2	-9.387076	15.558156	12.477572	-64.22298	-9.386279	0.2	307500	4492.901938915253
123	-42.16	-42.16	-43.0	-9.423705	15.590977	10.254987	-62.413883	-9.423628	0.2	310000	4529.649189710617
124	-40.86	-40.86	-34.0	-9.332903	15.467962	7.014224	-63.318554	-9.332208	0.3	312500	4567.518746376038
125	-42.12	-42.12	-36.0	-9.32853	15.47035	7.426611	-61.65146	-9.328181	0.3	315000	4605.077238082886
126	-43.6	-43.6	-42.3	-9.389406	15.474654	7.2317657	-65.97992	-9.388521	0.2	317500	4641.9973022937775
127	-43.34	-43.34	-45.899998	-9.40524	15.468669	12.302441	-63.426674	-9.405535	0.3	320000	4678.8621282577515
128	-43.58	-43.58	-46.399998	-9.409498	15.418241	10.063842	-64.731094	-9.408825	0.1	322500	4716.246168375015
129	-44.22	-44.22	-42.100002	-9.3766	15.372885	7.4089904	-59.62609	-9.375901	0.3	325000	4753.392293930054
130	-43.86	-43.86	-43.8	-9.375186	15.335085	9.877292	-69.76195	-9.374794	0.1	327500	4791.183662414551
131	-43.58	-43.58	-39.5	-9.329838	15.270198	10.818346	-66.86062	-9.329446	0.4	330000	4827.749988794327
132	-43.98	-43.98	-45.8	-9.3256235	15.213578	8.999523	-64.261665	-9.324876	0.2	332500	4865.78000998497
133	-41.14	-41.14	-49.5	-9.368141	15.188075	12.2593155	-65.61847	-9.367607	0.0	335000	4902.6538808345795
134	-42.58	-42.58	-40.899998	-9.404483	15.202782	10.778388	-64.11032	-9.404124	0.2	337500	4939.158560752869
135	-42.3	-42.3	-31.5	-9.343804	15.127054	17.990234	-61.726463	-9.343303	0.5	340000	4976.2688682079315
136	-44.94	-44.94	-31.7	-9.368255	15.121017	8.459123	-66.24937	-9.367191	0.4	342500	5012.867588758469
137	-43.88	-43.88	-37.7	-9.339907	15.072517	11.193292	-64.891685	-9.339265	0.3	345000	5049.558424949646
138	-43.38	-43.38	-39.600002	-9.323617	15.016314	8.550149	-62.042316	-9.323247	0.4	347500	5086.600576877594
139	-43.44	-43.44	-38.600002	-9.325758	14.988985	9.304333	-61.54807	-9.325218	0.3	350000	5124.11040019989
140	-40.0	-40.0	-41.3	-9.328323	14.985619	9.27858	-67.22526	-9.328024	0.2	352500	5159.656947374344
141	-43.68	-43.68	-39.600002	-9.279975	14.924282	6.810156	-63.397892	-9.280132	0.2	355000	5193.158462524414
142	-43.04	-43.04	-33.7	-9.224727	14.860008	11.274198	-71.56966	-9.224343	0.4	357500	5229.464908361435
143	-43.02	-43.02	-36.899998	-9.295291	14.910301	15.317068	-62.627342	-9.294814	0.3	360000	5266.1974568367
144	-41.72	-41.72	-42.3	-9.277269	14.885249	10.187063	-59.18022	-9.277152	0.1	362500	5302.369118213654
145	-40.74	-40.74	-43.100002	-9.285201	14.833403	9.963246	-62.21808	-9.284433	0.2	365000	5338.6612384319305
146	-40.94	-40.94	-43.0	-9.279576	14.803247	9.989642	-62.186127	-9.279717	0.1	367500	5376.199899435043
147	-42.98	-42.98	-35.899998	-9.256154	14.810666	15.994852	-60.95448	-9.256046	0.5	370000	5413.706222295761
148	-40.38	-40.38	-28.3	-9.238654	14.781599	12.561135	-63.590157	-9.238364	0.6	372500	5450.562776565552
149	-41.14	-41.14	-40.600002	-9.254911	14.7587595	13.781348	-66.51925	-9.254765	0.3	375000	5487.282396554947
150	-40.0	-40.0	-37.7	-9.194198	14.701507	12.528077	-61.97745	-9.194272	0.4	377500	5523.887491464615
151	-40.3	-40.3	-24.2	-9.212696	14.71405	12.329824	-61.362183	-9.2125635	0.5	380000	5560.411841392517
152	-40.2	-40.2	-40.3	-9.198318	14.685403	9.982472	-62.41132	-9.198403	0.4	382500	5596.932131290436
153	-38.1	-38.1	-39.5	-9.248939	14.721597	7.0021143	-61.46659	-9.248039	0.4	385000	5633.473485469818
154	-38.86	-38.86	-34.5	-9.181747	14.641393	10.646374	-62.47061	-9.18157	0.4	387500	5670.724972248077
155	-40.78	-40.78	-38.899998	-9.200172	14.639883	15.450517	-63.97579	-9.19953	0.3	390000	5707.521209716797
156	-38.46	-38.46	-42.399998	-9.171886	14.6215315	15.518309	-66.34638	-9.170866	0.2	392500	5745.3054847717285
157	-40.32	-40.32	-42.0	-9.171412	14.585212	10.87892	-61.67619	-9.1717825	0.3	395000	5782.044908761978
158	-42.34	-42.34	-35.5	-9.14552	14.544149	9.366251	-62.952866	-9.146529	0.4	397500	5819.614804029465
159	-39.5	-39.5	-29.9	-9.165014	14.535332	9.203717	-61.893166	-9.164587	0.5	400000	5857.091752052307
160	-37.9	-37.9	-34.100002	-9.12314	14.504944	8.83724	-60.40275	-9.122321	0.3	402500	5893.163031101227
161	-38.04	-38.04	-38.899998	-9.181989	14.533534	11.040873	-65.05615	-9.181377	0.3	405000	5930.5498423576355
162	-40.1	-40.1	-34.100002	-9.140927	14.468153	10.570525	-69.269485	-9.140535	0.3	407500	5967.149737596512
163	-40.82	-40.82	-34.399998	-9.168703	14.476178	10.038393	-62.28768	-9.168205	0.2	410000	6004.444377422333
164	-40.2	-40.2	-39.399998	-9.159897	14.471994	9.242907	-65.243004	-9.159703	0.3	412500	6040.400588750839
165	-42.08	-42.08	-29.6	-9.159021	14.454293	12.4098835	-61.720104	-9.158839	0.5	415000	6077.248650550842
166	-37.1	-37.1	-33.2	-9.086864	14.350083	9.703003	-59.56571	-9.086514	0.5	417500	6113.754070520401
167	-39.5	-39.5	-43.100002	-9.127056	14.3752575	13.99451	-63.805237	-9.126957	0.2	420000	6150.535809278488
168	-41.2	-41.2	-20.6	-9.092169	14.277052	10.7994375	-67.29268	-9.0919285	0.7	422500	6188.945664405823
169	-38.82	-38.82	-33.100002	-9.122703	14.246972	9.455207	-66.94849	-9.122341	0.4	425000	6227.111567735672
170	-34.7	-34.7	-26.8	-9.095698	14.174712	10.99163	-62.849747	-9.095339	0.7	427500	6264.1522336006165
171	-42.98	-42.98	-27.5	-9.060308	14.098168	10.682068	-62.402496	-9.060246	0.5	430000	6301.822777748108
172	-36.38	-36.38	-27.6	-9.037306	14.071133	9.9599695	-69.2663	-9.035811	0.6	432500	6338.741004943848
173	-34.0	-34.0	-22.199999	-9.035739	14.027005	11.631421	-68.81266	-9.03521	0.7	435000	6376.024510860443
174	-36.76	-36.76	-29.5	-8.985474	13.939262	12.510905	-82.67744	-8.984516	0.5	437500	6413.7009127140045
175	-39.28	-39.28	-22.5	-8.938423	13.836371	9.881802	-63.75421	-8.938128	0.7	440000	6450.565690279007
176	-39.22	-39.22	-21.199999	-8.937234	13.811833	13.218102	-60.73865	-8.936881	0.7	442500	6487.95086812973
177	-34.42	-34.42	-27.6	-8.895921	13.722623	14.956901	-65.495926	-8.895767	0.7	445000	6525.064707517624
178	-39.66	-39.66	-26.0	-8.929131	13.696923	13.86942	-67.95714	-8.927896	0.5	447500	6561.856565713882
179	-35.18	-35.18	-17.300001	-8.94676	13.711527	12.222557	-65.402725	-8.946164	0.8	450000	6598.853260755539
180	-36.32	-36.32	-42.7	-8.892261	13.64617	12.065248	-75.1592	-8.892349	0.1	452500	6635.280751943588
181	-35.46	-35.46	-24.6	-8.913868	13.5439205	12.979141	-64.11282	-8.913339	0.7	455000	6672.550167798996
182	-35.24	-35.24	-32.7	-8.854112	13.466043	10.782858	-67.530525	-8.852665	0.5	457500	6708.222594738007
183	-40.02	-40.02	-28.3	-8.827523	13.416175	14.698376	-68.41332	-8.827305	0.6	460000	6744.846808433533
184	-37.06	-37.06	-23.199999	-8.740412	13.297805	12.577514	-68.86461	-8.739676	0.6	462500	6782.592247962952
185	-37.16	-37.16	-32.899998	-8.698659	13.181045	18.71112	-62.163353	-8.698455	0.4	465000	6819.700902462006
186	-37.72	-37.72	-36.899998	-8.67013	13.126144	11.497319	-62.099426	-8.669805	0.3	467500	6856.162215232849
187	-37.48	-37.48	-24.0	-8.671593	13.128146	15.396074	-72.68489	-8.671896	0.5	470000	6893.097369194031
188	-38.32	-38.32	-27.2	-8.725454	13.152747	9.574762	-67.00244	-8.724593	0.5	472500	6929.949839830399
189	-34.9	-34.9	-26.3	-8.723445	13.1676035	12.875364	-65.0635	-8.722992	0.6	475000	6966.994628429413
190	-34.5	-34.5	-19.9	-8.7296915	13.131176	20.478903	-70.96609	-8.728352	0.8	477500	7004.225822925568
191	-35.8	-35.8	-24.4	-8.657625	13.048017	9.398051	-65.29268	-8.656642	0.8	480000	7041.001497268677
192	-35.72	-35.72	-25.4	-8.6602335	12.993649	13.543508	-62.969685	-8.659994	0.7	482500	7078.735404729843
193	-32.38	-32.38	-21.699999	-8.631249	12.895348	10.07999	-80.59209	-8.6305	0.7	485000	7116.3835463523865
194	-34.3	-34.3	-20.6	-8.533349	12.826241	14.275866	-71.98995	-8.533404	0.9	487500	7154.320152044296
195	-35.94	-35.94	-39.600002	-8.485506	12.756595	13.766771	-62.337494	-8.483941	0.2	490000	7191.754992008209
196	-36.32	-36.32	-19.0	-8.46112	12.68379	21.517126	-72.890465	-8.4601	0.7	492500	7229.086876630783
197	-38.84	-38.84	-25.0	-8.454982	12.629843	16.759184	-61.86433	-8.454223	0.6	495000	7267.1070194244385
198	-36.46	-36.46	-25.4	-8.437089	12.536746	12.346212	-64.190506	-8.436371	0.6	497500	7304.658738613129
199	-33.66	-33.66	-31.2	-8.356402	12.471114	15.021305	-68.485405	-8.356481	0.5	500000	7341.734229803085
200	-33.94	-33.94	-21.5	-8.334912	12.470635	9.019248	-64.61776	-8.334571	0.8	502500	7378.493252038956
201	-33.98	-33.98	-25.6	-8.247881	12.324338	12.050235	-64.69005	-8.247713	0.6	505000	7415.0418491363525
202	-37.34	-37.34	-21.300001	-8.221498	12.248634	9.623783	-64.64745	-8.221302	0.6	507500	7451.829014539719
203	-34.8	-34.8	-19.699999	-8.231092	12.29479	14.670114	-64.52192	-8.231161	0.7	510000	7488.84495472908
204	-36.44	-36.44	-31.6	-8.216972	12.25631	12.06855	-74.36059	-8.216545	0.4	512500	7525.680132865906
205	-32.92	-32.92	-13.5	-8.149147	12.153531	33.950478	-66.06561	-8.148771	0.9	515000	7562.573657274246
206	-36.58	-36.58	-25.1	-8.144173	12.105343	12.228899	-70.89665	-8.143497	0.5	517500	7599.612202882767
207	-33.84	-33.84	-17.9	-8.064925	11.9748335	15.853377	-68.86484	-8.064282	0.6	520000	7636.542387962341
208	-35.76	-35.76	-24.9	-7.9898777	11.885386	11.373739	-63.62015	-7.989982	0.4	522500	7673.02223944664
209	-34.12	-34.12	-16.9	-7.9130816	11.748837	13.064623	-66.64673	-7.9126616	0.6	525000	7711.003320932388
210	-36.14	-36.14	-29.2	-7.8534927	11.6740055	8.691049	-62.137463	-7.8529277	0.3	527500	7748.57319521904
211	-31.34	-31.34	-9.099999	-7.8153305	11.547162	11.601063	-63.871746	-7.815169	1.0	530000	7786.076605319977
212	-39.64	-39.64	-25.7	-7.738244	11.416961	28.088053	-62.907444	-7.737853	0.6	532500	7823.392530441284
213	-33.3	-33.3	-10.099999	-7.6521244	11.275742	9.78918	-63.674953	-7.6517735	0.9	535000	7860.21999168396
214	-32.72	-32.72	-15.7	-7.5504494	11.170602	8.52028	-60.10106	-7.550457	1.0	537500	7897.862224340439
215	-32.74	-32.74	-16.199999	-7.4542375	11.065983	10.191904	-63.240665	-7.4548893	0.8	540000	7936.197283029556
216	-33.44	-33.44	-18.199999	-7.4020686	10.968865	22.493935	-65.79646	-7.402103	0.7	542500	7974.3105590343475
217	-31.38	-31.38	-14.9	-7.3586745	10.858561	13.746823	-65.268486	-7.357999	0.9	545000	8011.634389162064
218	-34.12	-34.12	-24.9	-7.327514	10.777833	11.581967	-65.14575	-7.3270617	0.6	547500	8048.512856960297
219	-34.28	-34.28	-11.9	-7.201306	10.570991	12.271048	-63.87265	-7.200771	0.9	550000	8084.908932209015
220	-30.4	-30.4	-20.199999	-7.0729947	10.454797	10.702547	-63.7912	-7.0725584	0.6	552500	8123.2871725559235
221	-35.58	-35.58	-13.9	-6.9959836	10.335739	7.727163	-63.933105	-6.995393	0.9	555000	8162.36137509346
222	-36.32	-36.32	-12.3	-6.920883	10.269077	11.799358	-67.80719	-6.920462	0.9	557500	8199.822252750397
223	-29.38	-29.38	-14.1	-6.877927	10.159862	14.586277	-68.090706	-6.878038	1.0	560000	8237.3634724617
224	-34.24	-34.24	-14.2	-6.802613	10.049334	21.914743	-63.431553	-6.802295	0.9	562500	8275.474145174026
225	-36.36	-36.36	-18.5	-6.7322927	9.923357	8.13414	-68.94589	-6.7321925	0.9	565000	8313.266643762589
226	-32.0	-32.0	-24.4	-6.644692	9.804477	12.628423	-61.800434	-6.644904	0.6	567500	8350.27661037445
227	-31.82	-31.82	-17.1	-6.6206365	9.73685	17.588932	-64.94519	-6.620894	0.8	570000	8387.940401554108
228	-34.28	-34.28	-17.699999	-6.5763574	9.699824	12.688686	-66.87407	-6.5756617	1.0	572500	8425.559081315994
229	-35.94	-35.94	-15.9	-6.512994	9.642646	11.294549	-66.44031	-6.5126486	1.0	575000	8462.381421327591
230	-34.06	-34.06	-15.8	-6.482217	9.583965	15.337462	-75.113655	-6.482465	0.9	577500	8499.927959918976
231	-25.96	-25.96	-17.199999	-6.437533	9.554903	13.708467	-65.0878	-6.437433	0.7	580000	8537.158669948578
232	-27.78	-27.78	-17.199999	-6.3437696	9.423134	10.745957	-66.19981	-6.3437667	1.0	582500	8574.002184867859
233	-27.72	-27.72	-11.400001	-6.2880363	9.350669	11.112929	-62.227375	-6.28813	1.0	585000	8611.724889755249
234	-32.22	-32.22	-11.599999	-6.235075	9.259412	11.071257	-66.517365	-6.234637	1.0	587500	8648.395596504211
235	-29.82	-29.82	-24.1	-6.208072	9.248653	12.987126	-68.92713	-6.2074714	0.6	590000	8686.090925216675
236	-31.66	-31.66	-17.300001	-6.1318927	9.144121	19.271435	-66.21703	-6.132184	0.9	592500	8723.53255200386
237	-29.92	-29.92	-10.5	-6.0929346	9.078448	9.914607	-69.20237	-6.09223	1.0	595000	8761.465419530869
238	-28.28	-28.28	-12.5	-6.038588	9.029773	9.635122	-64.78402	-6.038014	1.0	597500	8799.041226625443
239	-28.46	-28.46	-12.3	-6.0096765	8.984278	12.6166935	-63.120823	-6.0093646	1.0	600000	8837.440996170044
240	-31.48	-31.48	-15.5	-5.9570456	8.922891	8.343277	-71.69811	-5.957514	0.9	602500	8875.292669057846
241	-31.12	-31.12	-13.9	-5.8863297	8.790058	9.690603	-65.93648	-5.8859253	1.0	605000	8912.833435297012
242	-30.6	-30.6	-9.7	-5.8329287	8.7397785	16.866959	-77.414085	-5.832538	1.0	607500	8951.316971540451
243	-33.12	-33.12	-17.0	-5.7837005	8.63117	8.338334	-60.583347	-5.7835164	0.9	610000	8988.69649362564
244	-32.0	-32.0	-12.6	-5.7494116	8.591956	10.728214	-73.538925	-5.7491593	1.0	612500	9027.413422107697
245	-29.72	-29.72	-15.3	-5.679064	8.483996	9.906687	-65.11604	-5.679058	0.9	615000	9065.299100637436
246	-27.56	-27.56	-13.3	-5.6413007	8.460398	11.236278	-63.59034	-5.641186	0.9	617500	9102.326277256012
247	-29.7	-29.7	-14.0	-5.5767336	8.364445	9.976612	-65.47517	-5.576308	0.9	620000	9140.876039028168
248	-32.8	-32.8	-14.4	-5.5643525	8.305321	10.267673	-69.89534	-5.5644464	0.9	622500	9178.919346094131
249	-26.24	-26.24	-9.3	-5.491333	8.275141	8.654362	-68.612755	-5.4912815	1.0	625000	9216.556028842926
250	-27.1	-27.1	-12.2	-5.4178653	8.204163	13.32545	-67.102005	-5.41799	1.0	627500	9254.065007209778
251	-32.9	-32.9	-8.599999	-5.403145	8.200445	11.990839	-66.01281	-5.402701	1.0	630000	9292.15623664856
252	-30.9	-30.9	-14.0	-5.344382	8.0891485	12.406695	-64.844185	-5.3442273	0.9	632500	9329.456021547318
253	-26.84	-26.84	-13.0	-5.282376	8.031774	8.782591	-85.33477	-5.2827954	0.9	635000	9366.705603599548
254	-30.36	-30.36	-13.4	-5.2684717	7.949114	9.215087	-63.406075	-5.2684207	1.0	637500	9403.490853786469
255	-33.02	-33.02	-7.4	-5.2119193	7.903053	7.1782055	-71.06888	-5.211473	1.0	640000	9440.64646410942
256	-30.66	-30.66	-11.599999	-5.1498127	7.7660594	10.599342	-67.64876	-5.1497946	0.9	642500	9477.759478092194
257	-33.84	-33.84	-10.400001	-5.144336	7.7469463	10.1242895	-64.48381	-5.1445274	1.0	645000	9513.987192630768
258	-29.58	-29.58	-13.0	-5.1058793	7.6841807	13.307004	-63.629086	-5.106271	1.0	647500	9550.576331853867
259	-27.18	-27.18	-10.0	-5.0231514	7.613666	14.287477	-67.18788	-5.0233183	1.0	650000	9588.350296497345
260	-30.46	-30.46	-9.5	-4.9684296	7.49641	10.601445	-68.278656	-4.9683475	1.0	652500	9624.992929935455
261	-28.36	-28.36	-10.3	-4.9443307	7.456701	10.03241	-64.934204	-4.9441247	1.0	655000	9662.556948423386
262	-29.08	-29.08	-7.3	-4.905875	7.3932023	13.777672	-72.23351	-4.90563	1.0	657500	9700.781514167786
263	-30.38	-30.38	-8.599999	-4.8557653	7.3366327	8.23739	-65.46269	-4.8558984	1.0	660000	9737.503881454468
264	-27.0	-27.0	-6.8	-4.8387203	7.289668	17.420467	-63.10278	-4.838169	1.0	662500	9775.770610570908
265	-26.24	-26.24	-9.7	-4.8082113	7.2660623	11.0636635	-71.0251	-4.807583	1.0	665000	9813.80100274086
266	-28.22	-28.22	-8.8	-4.7554097	7.1409707	7.057621	-63.806202	-4.7554164	1.0	667500	9851.828768968582
267	-29.64	-29.64	-8.7	-4.725928	7.1170583	14.883914	-63.76796	-4.7260633	1.0	670000	9889.460944890976
268	-28.88	-28.88	-9.3	-4.6475554	7.0016108	19.150751	-61.095863	-4.646977	1.0	672500	9926.48347043991
269	-28.28	-28.28	-10.7	-4.588939	6.915707	19.649714	-62.00892	-4.5892725	1.0	675000	9964.089290618896
270	-25.96	-25.96	-12.6	-4.5659456	6.861132	11.420832	-66.548935	-4.5659637	1.0	677500	10002.142890930176
271	-24.76	-24.76	-8.400001	-4.514964	6.7845383	8.116128	-80.95526	-4.514657	1.0	680000	10040.668587684631
272	-29.02	-29.02	-7.8	-4.486265	6.7817783	8.500289	-77.026955	-4.4863477	1.0	682500	10077.531872272491
273	-30.0	-30.0	-10.599999	-4.4440355	6.7133536	8.2044	-65.22086	-4.444194	1.0	685000	10114.586828231812
274	-27.24	-27.24	-12.3	-4.396938	6.6867146	11.047407	-65.503296	-4.397581	1.0	687500	10152.174188137054
275	-29.2	-29.2	-9.599999	-4.3307095	6.5609674	8.787842	-65.43653	-4.3307314	1.0	690000	10189.50748538971
276	-28.66	-28.66	-12.9	-4.3573036	6.5714946	9.138941	-73.326866	-4.3570623	0.9	692500	10227.035175085068
277	-29.12	-29.12	-10.5	-4.3231306	6.5587463	14.214729	-90.41685	-4.322836	1.0	695000	10265.069479942322
278	-29.14	-29.14	-15.2	-4.3042006	6.545434	11.101727	-76.29223	-4.304505	0.9	697500	10302.871168375015
279	-28.78	-28.78	-12.6	-4.2727523	6.4854336	9.396328	-73.7936	-4.2718744	0.7	700000	10340.027464866638
280	-32.0	-32.0	-11.099999	-4.2962255	6.441876	11.89776	-70.97119	-4.296085	0.9	702500	10377.717328548431
281	-30.86	-30.86	-12.3	-4.309554	6.4273677	8.440948	-73.12559	-4.3093286	0.8	705000	10414.788831949234
282	-33.66	-33.66	-7.1	-4.410378	6.537067	9.50125	-70.36391	-4.410001	0.9	707500	10452.041729927063
283	-36.66	-36.66	-12.6	-4.5057645	6.6291027	9.460602	-113.63414	-4.5063224	0.7	710000	10489.713116407394
284	-28.86	-28.86	-8.900001	-4.5547285	6.678542	9.760675	-66.80855	-4.5553327	0.9	712500	10526.648406982422
285	-28.56	-28.56	-11.2	-4.6478257	6.812735	12.084202	-72.684555	-4.648055	0.9	715000	10563.923456907272
286	-26.16	-26.16	-12.0	-4.5473046	6.734084	10.782433	-66.73496	-4.54728	0.8	717500	10601.47580742836
287	-28.08	-28.08	-11.400001	-4.5525913	6.6400495	8.173186	-86.09567	-4.553001	0.9	720000	10638.700456857681
288	-28.28	-28.28	-10.8	-4.613478	6.7349195	10.160005	-69.673004	-4.6136584	0.8	722500	10675.87979054451
289	-32.16	-32.16	-9.0	-4.5808334	6.7208385	14.590778	-76.70241	-4.580731	0.9	725000	10713.419727802277
290	-28.08	-28.08	-12.7	-4.5226874	6.6129103	8.0179	-80.34625	-4.522903	0.9	727500	10750.650065660477
291	-28.92	-28.92	-9.099999	-4.3903465	6.421345	8.327228	-62.704117	-4.390498	1.0	730000	10787.337270736694
292	-30.42	-30.42	-8.0	-4.241576	6.2018814	9.629354	-71.70454	-4.24232	1.0	732500	10824.564286470413
293	-36.28	-36.28	-9.7	-4.2987676	6.193858	8.061553	-61.31332	-4.2994614	1.0	735000	10861.424862623215
294	-27.44	-27.44	-9.5	-4.2992806	6.23303	7.1947317	-64.17071	-4.2997127	1.0	737500	10899.096381187439
295	-28.08	-28.08	-9.599999	-4.240952	6.1541824	13.6108885	-63.521866	-4.2414055	1.0	740000	10936.150104761124
296	-29.04	-29.04	-9.400001	-4.2088284	6.1070004	7.2021675	-72.60369	-4.2089276	1.0	742500	10972.956876039505
297	-31.3	-31.3	-7.0	-4.124019	6.004379	7.702422	-71.05927	-4.123592	1.0	745000	11009.429332256317
298	-27.4	-27.4	-8.8	-4.0702677	5.910734	13.188385	-68.60936	-4.0704794	1.0	747500	11046.395519018173
299	-26.72	-26.72	-10.0	-4.054218	5.8698277	7.44946	-69.55975	-4.054401	1.0	750000	11084.20290184021
300	-28.82	-28.82	-11.599999	-4.0119796	5.8056874	8.681362	-65.120674	-4.0123773	1.0	752500	11120.603699207306
301	-28.06	-28.06	-9.099999	-4.011592	5.8104525	11.560816	-67.91816	-4.011162	1.0	755000	11157.453675031662
302	-28.42	-28.42	-10.400001	-4.004973	5.757493	11.393536	-90.2631	-4.0051537	1.0	757500	11194.893476247787
303	-25.8	-25.8	-7.9	-3.96713	5.7250566	15.49918	-68.89549	-3.966951	1.0	760000	11233.133527994156
304	-26.58	-26.58	-7.5	-3.946059	5.7110505	8.640972	-67.590225	-3.9464242	1.0	762500	11269.997366428375
305	-27.6	-27.6	-9.099999	-3.9150455	5.6800194	8.682991	-64.77025	-3.9150379	1.0	765000	11306.969770431519
306	-23.86	-23.86	-8.7	-3.8765304	5.6639085	9.73385	-67.601204	-3.8761876	1.0	767500	11344.710589170456
307	-31.56	-31.56	-9.8	-3.8444173	5.5764284	9.687257	-74.01672	-3.8448775	1.0	770000	11380.904806613922
308	-31.02	-31.02	-8.7	-3.8472676	5.5765543	10.5449095	-66.91862	-3.8468769	1.0	772500	11417.323298454285
309	-29.1	-29.1	-15.0	-3.8553255	5.573925	12.236562	-66.391785	-3.8549914	0.9	775000	11454.33710193634
310	-28.96	-28.96	-12.7	-3.8594723	5.6220655	10.373746	-66.89733	-3.859358	1.0	777500	11491.997674942017
311	-26.98	-26.98	-8.0	-3.8273768	5.5761795	8.625107	-71.730316	-3.827403	1.0	780000	11528.641063690186
312	-26.52	-26.52	-8.8	-3.8113487	5.5554485	9.038169	-71.41945	-3.811125	1.0	782500	11566.434718132019
313	-24.84	-24.84	-9.400001	-3.8101509	5.5586786	8.783844	-65.198685	-3.8101542	1.0	785000	11603.926805496216
314	-26.7	-26.7	-9.099999	-3.8054411	5.555315	7.6931744	-72.80497	-3.8055122	1.0	787500	11640.904096126556
315	-29.1	-29.1	-12.3	-3.8187456	5.606247	9.688605	-71.12648	-3.8184543	0.9	790000	11678.783072471619
316	-28.46	-28.46	-8.2	-3.8109314	5.5520997	8.204066	-84.14609	-3.8113818	1.0	792500	11716.852031946182
317	-29.3	-29.3	-9.3	-3.7928097	5.531907	7.771939	-70.3274	-3.7929676	1.0	795000	11754.09543967247
318	-25.0	-25.0	-9.599999	-3.7765307	5.5394115	20.555403	-70.56601	-3.776741	1.0	797500	11791.544877529144
319	-23.36	-23.36	-8.2	-3.7748883	5.5388327	15.24766	-75.50691	-3.774976	1.0	800000	11829.073308229446
320	-30.92	-30.92	-9.3	-3.7484787	5.503523	14.697012	-62.737663	-3.748414	1.0	802500	11866.029424667358
321	-29.7	-29.7	-7.3	-3.812558	5.537743	10.4751425	-65.776085	-3.812228	1.0	805000	11903.015091180801
322	-25.72	-25.72	-9.900001	-3.848141	5.627136	9.518001	-69.21457	-3.8481643	1.0	807500	11940.015487194061
323	-25.18	-25.18	-12.7	-3.7878392	5.6250563	8.160291	-82.91761	-3.78732	0.9	810000	11977.42411184311
324	-29.08	-29.08	-9.7	-3.74682	5.5941787	7.2369194	-64.96628	-3.7470274	1.0	812500	12013.95072054863
325	-25.32	-25.32	-10.3	-3.7153618	5.5231814	12.761642	-70.7279	-3.7152972	1.0	815000	12051.360597610474
326	-28.56	-28.56	-10.400001	-3.7164495	5.523072	8.624335	-73.99072	-3.716313	1.0	817500	12088.257944822311
327	-29.96	-29.96	-8.0	-3.7193322	5.4956627	12.132017	-63.436626	-3.7193303	1.0	820000	12125.806866884232
328	-30.88	-30.88	-9.900001	-3.7693672	5.535806	8.13165	-74.089516	-3.7693093	1.0	822500	12163.288464784622
329	-29.74	-29.74	-9.2	-3.8146374	5.6241255	10.521333	-71.49964	-3.814658	1.0	825000	12199.471138477325
330	-24.12	-24.12	-8.400001	-3.7693565	5.550418	8.582107	-65.73536	-3.7691135	1.0	827500	12236.200801610947
331	-27.0	-27.0	-8.3	-3.7853823	5.544225	9.243409	-64.17871	-3.7848983	1.0	830000	12272.921617031097
332	-26.36	-26.36	-6.8	-3.8242197	5.6861796	10.642372	-66.30287	-3.823879	1.0	832500	12309.881096839905
333	-32.08	-32.08	-13.2	-3.83072	5.6677256	5.181503	-72.815704	-3.830609	0.9	835000	12347.604042768478
334	-29.94	-29.94	-10.5	-3.92731	5.835722	9.762967	-66.61142	-3.9276214	1.0	837500	12384.300940275192
335	-28.02	-28.02	-10.400001	-3.7929325	5.766469	9.323969	-68.67884	-3.7922525	1.0	840000	12420.903828382492
336	-30.98	-30.98	-9.0	-3.8189204	5.723071	8.704338	-62.117737	-3.8191972	1.0	842500	12458.687503099442
337	-27.32	-27.32	-11.599999	-3.87874	5.8167977	12.408471	-66.45367	-3.8784218	0.9	845000	12495.872660636902
338	-26.5	-26.5	-10.8	-3.9220066	5.883983	9.515096	-87.656204	-3.9219537	0.8	847500	12533.741619825363
339	-25.94	-25.94	-8.400001	-3.8618507	5.7873406	8.785433	-65.53371	-3.8615003	0.8	850000	12571.348458528519
340	-32.28	-32.28	-7.9	-3.9777648	5.938443	10.67015	-67.18968	-3.9777644	0.9	852500	12609.0055103302
341	-33.12	-33.12	-12.9	-3.9326096	5.930374	13.465474	-74.28469	-3.9324522	0.9	855000	12646.86900472641
342	-31.82	-31.82	-13.6	-3.8991036	5.817913	7.3034062	-66.983154	-3.899233	0.9	857500	12684.160105466843
343	-27.2	-27.2	-10.8	-3.913695	5.898386	9.375783	-67.81401	-3.9133623	1.0	860000	12720.984453439713
344	-30.92	-30.92	-8.3	-3.874349	5.845114	8.73192	-69.82226	-3.8741891	1.0	862500	12757.426347970963
345	-32.88	-32.88	-9.2	-3.9251597	5.878497	10.778009	-65.004906	-3.924908	0.9	865000	12793.717794418335
346	-33.76	-33.76	-10.900001	-3.9539003	5.953035	9.703448	-71.403694	-3.9537776	1.0	867500	12830.413041830063
347	-29.16	-29.16	-9.5	-3.8581986	5.8137784	8.744244	-66.70365	-3.858011	1.0	870000	12868.25103521347
348	-30.36	-30.36	-9.099999	-3.883345	5.8086514	10.135347	-77.68769	-3.883416	1.0	872500	12904.704289197922
349	-29.4	-29.4	-8.3	-3.9496965	5.9969807	17.079453	-90.444626	-3.949533	1.0	875000	12941.425956010818
350	-29.42	-29.42	-8.900001	-3.8770382	5.890288	11.844627	-69.00969	-3.8769562	1.0	877500	12978.421560525894
351	-28.54	-28.54	-11.3	-3.8980482	5.8810005	9.077266	-63.391014	-3.8979876	1.0	880000	13014.895115375519
352	-29.58	-29.58	-10.0	-3.930084	5.9020724	16.808464	-77.92755	-3.9298074	1.0	882500	13052.020948648453
353	-28.44	-28.44	-13.8	-3.9070704	5.902885	8.378402	-69.76891	-3.906682	0.9	885000	13089.43716597557
354	-27.22	-27.22	-7.3	-3.8776836	5.8842816	19.280695	-70.325485	-3.8777275	1.0	887500	13126.059250593185
355	-33.78	-33.78	-7.6	-3.8998036	5.91512	11.423873	-73.2007	-3.8996377	1.0	890000	13163.113456010818
356	-28.66	-28.66	-10.099999	-3.8903868	5.9161067	9.025364	-65.89676	-3.8900309	1.0	892500	13200.307687044144
357	-26.0	-26.0	-6.6	-3.8454106	5.8393617	14.846025	-66.50471	-3.845374	1.0	895000	13236.338884830475
358	-27.54	-27.54	-14.2	-3.8279095	5.819467	7.819863	-67.899445	-3.8281395	0.9	897500	13273.701476097107
359	-31.6	-31.6	-7.4	-3.8438072	5.8484755	10.461499	-68.73909	-3.8432703	1.0	900000	13311.234313964844
360	-29.48	-29.48	-8.7	-3.834844	5.800116	9.68606	-86.72769	-3.8345776	1.0	902500	13347.859375
361	-25.96	-25.96	-8.3	-3.8604474	5.8324323	8.309341	-71.658676	-3.8603003	1.0	905000	13384.421683311462
362	-26.38	-26.38	-13.6	-3.8531199	5.8358192	10.648128	-73.748024	-3.8529859	0.9	907500	13421.06609416008
363	-31.42	-31.42	-14.7	-3.824921	5.8797774	8.517703	-69.99312	-3.8247383	0.9	910000	13458.296690702438
364	-29.62	-29.62	-13.2	-3.7552037	5.787902	13.958902	-79.840195	-3.755299	0.9	912500	13495.623483419418
365	-25.16	-25.16	-9.0	-3.7403274	5.75914	11.756304	-63.512867	-3.7398849	1.0	915000	13533.371018409729
366	-28.68	-28.68	-9.5	-3.7691035	5.8010674	10.525046	-65.57498	-3.7689922	1.0	917500	13570.918561220169
367	-27.2	-27.2	-8.8	-3.7293284	5.732875	24.79611	-63.125183	-3.729311	1.0	920000	13608.379892110825
368	-28.94	-28.94	-8.099999	-3.7282045	5.7284594	6.84776	-61.437447	-3.728149	1.0	922500	13646.14201760292
369	-27.54	-27.54	-8.7	-3.7646112	5.7921534	9.438949	-62.441433	-3.7642684	1.0	925000	13683.475544452667
370	-27.54	-27.54	-8.5	-3.8279476	5.8629947	11.48907	-62.233944	-3.8274758	1.0	927500	13721.089673519135
371	-27.84	-27.84	-10.900001	-3.77617	5.804029	10.826698	-73.04788	-3.7760067	1.0	930000	13758.640585422516
372	-28.68	-28.68	-9.0	-3.6945798	5.7150836	7.6712728	-70.63727	-3.6946166	1.0	932500	13794.762092113495
373	-26.5	-26.5	-10.900001	-3.6856694	5.700969	11.817047	-69.49193	-3.6854408	1.0	935000	13831.823105096817
374	-29.54	-29.54	-10.2	-3.691807	5.6682577	10.440161	-64.041176	-3.6911874	1.0	937500	13869.630824804306
375	-27.2	-27.2	-7.8	-3.692155	5.709844	19.173214	-63.55907	-3.692491	1.0	940000	13906.788439750671
376	-26.26	-26.26	-14.0	-3.6845691	5.6779413	12.013783	-63.446636	-3.6846247	0.9	942500	13942.614158630371
377	-27.78	-27.78	-7.4	-3.7112486	5.6771255	10.008595	-71.370895	-3.710824	1.0	945000	13979.343514919281
378	-26.26	-26.26	-8.8	-3.7106116	5.699264	18.89977	-67.50334	-3.7103338	1.0	947500	14016.504446029663
379	-28.4	-28.4	-9.7	-3.7210107	5.691796	7.361106	-65.51068	-3.7210598	1.0	950000	14053.290790557861
380	-25.08	-25.08	-8.900001	-3.7323458	5.7298684	8.090312	-71.69853	-3.7322516	1.0	952500	14089.865792274475
381	-28.26	-28.26	-9.3	-3.729424	5.757699	16.361454	-67.07252	-3.7296493	1.0	955000	14127.246203422546
382	-31.34	-31.34	-7.9	-3.6979163	5.757516	11.528777	-68.05646	-3.6975107	1.0	957500	14163.83751487732
383	-29.92	-29.92	-9.2	-3.692829	5.734096	6.8159857	-65.43423	-3.692569	1.0	960000	14200.243483543396
384	-30.9	-30.9	-10.599999	-3.6723337	5.725864	6.8516555	-66.54082	-3.6715002	1.0	962500	14236.84030342102
385	-26.0	-26.0	-8.400001	-3.6786299	5.6954546	10.908867	-75.26383	-3.6791701	1.0	965000	14273.588216543198
386	-27.5	-27.5	-8.099999	-3.6793482	5.6592784	21.519144	-68.46873	-3.6788933	1.0	967500	14310.19103360176
387	-28.44	-28.44	-10.0	-3.6604943	5.6457224	11.739192	-68.01879	-3.660508	1.0	970000	14345.78117609024
388	-28.12	-28.12	-9.2	-3.6774416	5.6585617	28.161766	-65.36834	-3.6767068	1.0	972500	14381.594131469727
389	-30.08	-30.08	-9.900001	-3.6904488	5.675241	8.660126	-72.947464	-3.6898725	1.0	975000	14419.263968467712
390	-27.18	-27.18	-8.900001	-3.6534433	5.6551642	8.349172	-73.25193	-3.6529868	1.0	977500	14456.378380537033
391	-29.94	-29.94	-9.900001	-3.6936831	5.734927	17.145882	-67.43997	-3.6937425	1.0	980000	14493.942550420761
392	-25.26	-25.26	-10.3	-3.659283	5.6468453	20.691092	-63.419353	-3.6590815	1.0	982500	14531.801241874695
393	-25.12	-25.12	-8.3	-3.6766844	5.6638155	9.979555	-73.66579	-3.6764376	1.0	985000	14568.765495538712
394	-29.88	-29.88	-9.5	-3.695648	5.6950474	7.6262164	-69.016174	-3.6952562	1.0	987500	14605.557215690613
395	-28.58	-28.58	-8.599999	-3.7185843	5.695839	9.376815	-63.43881	-3.7178311	1.0	990000	14643.057767391205
396	-30.06	-30.06	-13.1	-3.7312388	5.6920786	6.6650224	-64.306244	-3.7311711	0.9	992500	14680.202974796295
397	-29.86	-29.86	-8.599999	-3.7161248	5.726814	11.015019	-71.041595	-3.7160616	1.0	995000	14717.167536258698
398	-28.6	-28.6	-7.9	-3.7466235	5.734245	8.883609	-67.11458	-3.746061	1.0	997500	14754.150584459305
399	-27.38	-27.38	-8.5	-3.7617493	5.7107463	12.638789	-69.875175	-3.761969	1.0	1000000	14791.399397850037
400	-26.04	-26.04	-9.7	-3.7734482	5.7339244	6.908594	-70.89972	-3.7729692	1.0	1002500	14829.165387153625
401	-30.58	-30.58	-8.7	-3.771348	5.7298584	10.685738	-62.612614	-3.7710764	1.0	1005000	14867.073336839676
402	-26.0	-26.0	-12.2	-3.752359	5.7188606	10.820703	-66.02417	-3.752237	1.0	1007500	14904.314530849457
403	-31.52	-31.52	-8.3	-3.7325459	5.700555	7.4508276	-63.180214	-3.7322686	1.0	1010000	14941.98048877716
404	-27.22	-27.22	-9.400001	-3.749472	5.693015	7.8249693	-68.6564	-3.7493021	1.0	1012500	14979.34434890747
405	-27.68	-27.68	-15.4	-3.760448	5.706705	12.508756	-65.96307	-3.7597246	0.9	1015000	15016.447591543198
406	-31.94	-31.94	-10.2	-3.8076646	5.7331667	6.74815	-91.34807	-3.8076718	1.0	1017500	15054.361523866653
407	-26.76	-26.76	-8.5	-3.810453	5.7555103	8.533609	-67.19144	-3.8097737	1.0	1020000	15091.471037626266
408	-27.94	-27.94	-7.2	-3.8085432	5.716237	9.919398	-63.510452	-3.80854	1.0	1022500	15127.93456530571
409	-26.12	-26.12	-8.400001	-3.7917702	5.71428	7.711473	-79.07627	-3.7913897	1.0	1025000	15164.95177936554
410	-30.22	-30.22	-8.2	-3.8128984	5.7272596	6.3545246	-88.84406	-3.812284	1.0	1027500	15201.422429323196
411	-27.26	-27.26	-9.099999	-3.8120222	5.7337027	7.49264	-79.45989	-3.811866	1.0	1030000	15238.278694868088
412	-27.02	-27.02	-9.400001	-3.7769833	5.6805735	6.3443747	-66.903114	-3.7769408	1.0	1032500	15276.856228351593
413	-29.14	-29.14	-8.2	-3.759321	5.689456	8.182226	-67.22413	-3.7595344	1.0	1035000	15313.369716644287
414	-25.3	-25.3	-9.3	-3.78466	5.688511	9.177473	-70.38427	-3.7842236	1.0	1037500	15350.993937969208
415	-27.22	-27.22	-8.3	-3.7548616	5.7011876	9.175556	-65.07372	-3.7551672	1.0	1040000	15387.707602739334
416	-24.86	-24.86	-9.0	-3.7874079	5.676065	10.801285	-68.05635	-3.7873666	1.0	1042500	15424.348091363907
417	-28.18	-28.18	-12.0	-3.7672398	5.675498	8.247432	-70.16944	-3.767069	0.9	1045000	15461.401018619537
418	-27.74	-27.74	-9.2	-3.7283223	5.6124296	7.0737	-73.56965	-3.7282674	1.0	1047500	15497.904300451279
419	-28.26	-28.26	-8.0	-3.742489	5.6461334	8.226163	-72.26912	-3.7426925	1.0	1050000	15535.025784492493
420	-31.78	-31.78	-8.599999	-3.7980006	5.653982	6.781299	-70.96969	-3.7982209	1.0	1052500	15571.33795785904
421	-23.12	-23.12	-8.900001	-3.7909408	5.6859303	9.450137	-69.71045	-3.7909946	1.0	1055000	15608.396818876266
422	-25.9	-25.9	-8.400001	-3.7725637	5.6948647	6.878063	-64.86163	-3.772067	1.0	1057500	15644.843998908997
423	-30.08	-30.08	-9.5	-3.7744331	5.604649	7.333754	-66.279366	-3.7745252	1.0	1060000	15681.462614536285
424	-28.06	-28.06	-14.3	-3.8414495	5.712456	13.050101	-66.052444	-3.8413022	0.8	1062500	15717.316153526306
425	-31.44	-31.44	-9.400001	-3.818774	5.7205462	13.355281	-68.71035	-3.8182454	1.0	1065000	15754.575878858566
426	-28.1	-28.1	-8.8	-3.8176308	5.682594	7.6964693	-64.483185	-3.8174295	0.9	1067500	15790.202799081802
427	-27.3	-27.3	-8.2	-3.76215	5.646522	6.8739095	-70.91395	-3.7616358	1.0	1070000	15826.22605729103
428	-26.22	-26.22	-11.8	-3.7573302	5.6121306	9.079574	-82.905785	-3.7574623	0.9	1072500	15861.348251104355
429	-31.14	-31.14	-8.2	-3.744659	5.563617	10.301179	-66.897804	-3.744588	1.0	1075000	15896.842668056488
430	-30.32	-30.32	-10.0	-3.7626016	5.6034193	5.722705	-68.55248	-3.7624407	1.0	1077500	15932.37686085701
431	-28.4	-28.4	-10.099999	-3.72468	5.554323	10.233332	-95.522766	-3.7243283	1.0	1080000	15967.761090278625
432	-29.04	-29.04	-8.099999	-3.717939	5.5314775	6.39941	-79.70637	-3.7179797	1.0	1082500	16003.887575626373
433	-30.0	-30.0	-9.400001	-3.673181	5.5091248	7.502354	-74.3204	-3.6730475	1.0	1085000	16040.002331256866
434	-27.28	-27.28	-12.7	-3.6774688	5.5091295	8.336974	-68.1656	-3.6775968	0.9	1087500	16076.52373123169
435	-28.26	-28.26	-9.0	-3.7100894	5.5377417	9.952046	-67.12392	-3.710422	1.0	1090000	16112.385020017624
436	-25.78	-25.78	-8.099999	-3.714754	5.5405297	9.750866	-67.69385	-3.7145383	1.0	1092500	16148.428656578064
437	-26.78	-26.78	-8.400001	-3.709495	5.5346947	7.2697783	-68.243195	-3.7096987	1.0	1095000	16184.223269701004
438	-32.26	-32.26	-9.0	-3.7154107	5.5692635	7.104864	-73.77685	-3.715677	1.0	1097500	16219.805883407593
439	-27.76	-27.76	-9.099999	-3.678366	5.530778	11.225757	-65.27575	-3.6781716	1.0	1100000	16255.270540952682
440	-28.6	-28.6	-8.3	-3.6652439	5.4988847	15.085823	-71.236404	-3.6650987	1.0	1102500	16291.206886768341
441	-29.18	-29.18	-8.599999	-3.689603	5.5576997	7.960527	-72.280464	-3.6894877	1.0	1105000	16326.952823400497
442	-25.98	-25.98	-9.900001	-3.6540072	5.5161133	10.84502	-71.199394	-3.6545303	1.0	1107500	16362.655081510544
443	-30.98	-30.98	-7.8	-3.713298	5.5486364	6.8695693	-64.95688	-3.7133584	1.0	1110000	16398.26713347435
444	-25.12	-25.12	-9.400001	-3.6959124	5.521727	10.559532	-70.28839	-3.696018	1.0	1112500	16433.717735290527
445	-23.84	-23.84	-10.3	-3.6683204	5.5325727	10.391668	-70.74116	-3.6682696	1.0	1115000	16469.914051771164
446	-28.24	-28.24	-10.099999	-3.6498294	5.522059	9.822921	-78.783516	-3.6498616	1.0	1117500	16505.404769659042
447	-31.38	-31.38	-9.599999	-3.6940486	5.5298076	17.891191	-69.31904	-3.6939178	1.0	1120000	16541.13923215866
448	-29.4	-29.4	-9.400001	-3.6801677	5.5042953	10.983963	-68.818794	-3.6801043	1.0	1122500	16577.65323328972
449	-28.26	-28.26	-8.7	-3.661634	5.4936237	11.442979	-70.8326	-3.662001	1.0	1125000	16614.788522720337
450	-28.72	-28.72	-9.0	-3.6751614	5.4921947	5.5372944	-76.28146	-3.6751397	1.0	1127500	16651.43454027176
451	-28.56	-28.56	-9.400001	-3.647467	5.5171537	9.039611	-66.560455	-3.6472833	1.0	1130000	16687.05077290535
452	-28.3	-28.3	-8.599999	-3.6135886	5.440244	6.5679536	-72.45501	-3.6133163	1.0	1132500	16724.632647037506
453	-27.24	-27.24	-9.900001	-3.6442394	5.4232078	6.770312	-70.1193	-3.6444044	1.0	1135000	16762.288274765015
454	-30.44	-30.44	-7.5	-3.6757667	5.456913	5.1681304	-63.602837	-3.6755083	1.0	1137500	16798.53098797798
455	-31.12	-31.12	-7.2	-3.6858654	5.5122676	10.776122	-68.76522	-3.6858158	1.0	1140000	16834.56486058235
456	-30.36	-30.36	-9.599999	-3.6892693	5.513806	9.171739	-70.431656	-3.6891317	1.0	1142500	16870.798919200897
457	-29.38	-29.38	-11.9	-3.672682	5.5479064	21.526484	-72.30564	-3.6725295	1.0	1145000	16907.371906280518
458	-30.18	-30.18	-8.400001	-3.6688945	5.5290976	7.415437	-69.249176	-3.6687126	1.0	1147500	16944.83948135376
459	-27.88	-27.88	-8.900001	-3.7076335	5.5334754	14.643467	-70.25423	-3.7075636	1.0	1150000	16982.043435811996
460	-23.32	-23.32	-15.5	-3.721134	5.5876985	6.92396	-71.82546	-3.720998	0.9	1152500	17018.53138065338
461	-26.64	-26.64	-8.900001	-3.6714125	5.5461535	7.512336	-69.910675	-3.6714263	1.0	1155000	17055.144902944565
462	-28.1	-28.1	-5.9	-3.6519544	5.556586	27.857803	-67.19787	-3.6518521	1.0	1157500	17091.54703760147
463	-28.54	-28.54	-9.2	-3.6665933	5.520758	16.106491	-63.949203	-3.6665223	1.0	1160000	17127.637988328934
464	-24.98	-24.98	-8.3	-3.692649	5.594727	22.163074	-79.135025	-3.6924992	1.0	1162500	17165.348984241486
465	-31.22	-31.22	-10.0	-3.6502023	5.53115	14.351124	-74.681595	-3.650912	1.0	1165000	17201.376710891724
466	-30.48	-30.48	-8.900001	-3.6609204	5.521916	9.132233	-67.54672	-3.660778	1.0	1167500	17237.329988241196
467	-25.56	-25.56	-11.2	-3.66981	5.615537	8.145229	-70.77036	-3.6698847	1.0	1170000	17273.22851872444
468	-27.86	-27.86	-9.8	-3.5990736	5.597987	16.715641	-90.91707	-3.599375	1.0	1172500	17309.39335989952
469	-24.42	-24.42	-9.0	-3.586059	5.525098	6.0818243	-62.999477	-3.586466	1.0	1175000	17344.48302412033
470	-29.34	-29.34	-9.0	-3.6181533	5.5617833	8.506397	-65.31243	-3.6181364	1.0	1177500	17379.90860939026
471	-28.02	-28.02	-11.099999	-3.6167724	5.5242376	13.131267	-65.906105	-3.6172774	1.0	1180000	17414.762758016586
472	-29.38	-29.38	-9.400001	-3.595593	5.4961057	10.289308	-64.73894	-3.5954616	1.0	1182500	17449.9649374485
473	-27.74	-27.74	-7.9	-3.6008618	5.562797	8.420054	-69.46707	-3.6009333	1.0	1185000	17484.239226579666
474	-29.92	-29.92	-9.099999	-3.5902328	5.5361223	14.435792	-73.77567	-3.5906606	1.0	1187500	17519.849538087845
475	-29.24	-29.24	-9.2	-3.570617	5.529068	7.3122196	-68.329926	-3.570597	1.0	1190000	17556.261357545853
476	-26.64	-26.64	-8.3	-3.5797768	5.535355	8.678387	-66.54634	-3.5794384	1.0	1192500	17592.19232416153
477	-25.3	-25.3	-11.7	-3.6085846	5.467248	20.870186	-69.65827	-3.6083434	0.9	1195000	17628.364604711533
478	-29.96	-29.96	-9.900001	-3.6069803	5.503525	8.412642	-63.37542	-3.60684	1.0	1197500	17664.150591135025
479	-26.02	-26.02	-9.3	-3.610049	5.488246	23.45913	-72.08495	-3.6101112	1.0	1200000	17699.804166793823
480	-25.86	-25.86	-10.5	-3.5759192	5.5151114	17.946768	-74.107315	-3.57595	1.0	1202500	17734.838156461716
481	-32.96	-32.96	-10.2	-3.5850196	5.506009	6.1497803	-67.507675	-3.5853562	1.0	1205000	17770.92230772972
482	-26.26	-26.26	-8.900001	-3.5842874	5.5087056	7.540795	-69.30056	-3.5843022	1.0	1207500	17806.9841632843
483	-24.14	-24.14	-6.6	-3.522216	5.4383335	10.295722	-76.397095	-3.5222766	1.0	1210000	17842.629781246185
484	-32.5	-32.5	-6.5	-3.5322528	5.44999	8.546223	-67.87886	-3.5321155	1.0	1212500	17878.768922805786
485	-27.42	-27.42	-7.7	-3.574899	5.4475584	8.781718	-72.45648	-3.5748737	1.0	1215000	17914.823940992355
486	-30.28	-30.28	-9.400001	-3.5867383	5.4509645	14.852418	-62.52898	-3.5861943	1.0	1217500	17950.372564077377
487	-28.76	-28.76	-10.5	-3.5702372	5.443331	8.705848	-69.83512	-3.570314	1.0	1220000	17985.16605734825
488	-32.64	-32.64	-8.400001	-3.6135628	5.4866138	9.089352	-70.60035	-3.613668	1.0	1222500	18018.594299077988
489	-25.62	-25.62	-8.099999	-3.6311636	5.5340033	18.153894	-74.21541	-3.6309643	1.0	1225000	18051.45689058304
490	-31.82	-31.82	-9.099999	-3.6294441	5.569082	8.6819515	-67.96517	-3.6291945	1.0	1227500	18084.865669965744
491	-28.52	-28.52	-11.3	-3.660774	5.5972967	10.417769	-72.780045	-3.6609776	1.0	1230000	18116.607728004456
492	-28.9	-28.9	-8.7	-3.635378	5.5786147	12.655701	-74.34991	-3.6353981	1.0	1232500	18146.59023475647
493	-26.54	-26.54	-8.5	-3.6069727	5.519225	11.471381	-84.65165	-3.6071022	1.0	1235000	18175.6872651577
494	-25.3	-25.3	-10.599999	-3.5929527	5.5266676	13.724966	-63.753838	-3.5928001	0.9	1237500	18204.848608493805
495	-26.04	-26.04	-8.5	-3.593134	5.5031786	15.596737	-64.23378	-3.5927644	1.0	1240000	18231.480664730072
496	-24.48	-24.48	-10.8	-3.6215034	5.5769887	11.161116	-65.424416	-3.6216817	1.0	1242500	18257.330734729767
497	-27.1	-27.1	-15.3	-3.6600173	5.6034336	15.75428	-82.61328	-3.6600354	0.8	1245000	18282.92916584015
498	-26.36	-26.36	-8.5	-3.6447623	5.597599	16.509932	-76.608116	-3.6446624	1.0	1247500	18308.87651348114
499	-27.78	-27.78	-8.0	-3.6349118	5.5736146	16.517708	-64.09927	-3.6347759	1.0	1250000	18333.962980747223
