Epoch	EpRet	EpRealRet	TestEpRet	AverageQ1	StdQ1	MaxQ1	MinQ1	Q2	TestSuccess	TotalEnvInteracts	TotalTime
0	-50.0	-50.0	-50.0	-2.013481	3.4477634	2.0933661	-20.753412	nan	0.0	2500	45.21577501296997
1	-47.0	-47.0	-40.0	-3.4490862	6.6812797	1.50347	-29.574717	nan	0.2	5000	106.52945947647095
2	-47.0	-47.0	-45.0	-4.2084527	8.558753	1.529998	-38.212166	nan	0.1	7500	171.35554385185242
3	-46.0	-46.0	-45.0	-4.71728	9.725798	1.6547481	-54.140106	nan	0.1	10000	234.60905361175537
4	-48.9	-48.9	-50.0	-5.4094825	11.201097	4.1906414	-77.857056	nan	0.0	12500	297.43325209617615
5	-46.0	-46.0	-45.0	-5.4946036	11.533313	1.6078175	-50.85295	nan	0.1	15000	361.4777727127075
6	-45.0	-45.0	-45.0	-5.7768598	12.122648	1.5975736	-66.744026	nan	0.1	17500	424.0526382923126
7	-47.0	-47.0	-45.0	-5.7678857	12.229506	2.041267	-51.19705	nan	0.1	20000	486.4248011112213
8	-47.0	-47.0	-40.0	-5.329961	11.332778	3.708426	-54.384865	nan	0.2	22500	546.3855628967285
9	-49.0	-49.0	-50.0	-5.6671457	11.862532	1.5675262	-55.485157	nan	0.0	25000	607.4309678077698
10	-47.0	-47.0	-45.0	-6.0007524	12.469179	7.5559316	-51.54688	nan	0.1	27500	669.9574511051178
11	-47.0	-47.0	-45.0	-6.1758423	12.96623	4.092557	-59.05146	nan	0.1	30000	732.1408748626709
12	-49.0	-49.0	-45.0	-6.4730754	13.587021	3.31817	-51.747383	nan	0.1	32500	793.2800872325897
13	-44.04	-44.04	-50.0	-6.5399756	13.823898	1.7722322	-59.126614	nan	0.0	35000	855.8429207801819
14	-46.0	-46.0	-45.0	-6.5284886	13.9566555	2.4678638	-53.86373	nan	0.1	37500	917.4604806900024
15	-46.7	-46.7	-50.0	-6.6200686	14.109078	3.6050394	-57.302425	nan	0.0	40000	978.9282371997833
16	-48.0	-48.0	-45.0	-6.5654826	13.921972	3.4787924	-58.043934	nan	0.1	42500	1041.1554605960846
17	-43.8	-43.8	-50.0	-6.344802	13.403376	2.2724378	-56.31157	nan	0.0	45000	1102.151537656784
18	-48.0	-48.0	-45.0	-6.3691144	13.4071665	4.5663304	-55.551655	nan	0.1	47500	1164.2764790058136
19	-48.0	-48.0	-50.0	-6.491158	13.695335	4.2896914	-55.60483	nan	0.0	50000	1225.9859297275543
20	-47.0	-47.0	-45.0	-6.66311	13.948243	3.2077928	-54.532883	nan	0.1	52500	1287.6297628879547
21	-50.0	-50.0	-50.0	-6.7472067	14.134781	2.5086107	-54.40616	nan	0.0	55000	1349.5694568157196
22	-48.08	-48.08	-50.0	-6.9147477	14.446988	6.0879574	-53.586945	nan	0.0	57500	1412.0547602176666
23	-47.0	-47.0	-50.0	-6.9541407	14.622492	4.473913	-55.838184	nan	0.0	60000	1473.477703332901
24	-47.06	-47.06	-49.6	-6.8471956	14.527684	4.445911	-58.39256	nan	0.0	62500	1534.6607010364532
25	-48.0	-48.0	-45.0	-6.740603	14.36606	4.7770247	-59.819374	nan	0.1	65000	1596.9010798931122
26	-44.92	-44.92	-50.0	-6.659094	14.15219	3.687028	-55.758575	nan	0.0	67500	1658.2423481941223
27	-46.94	-46.94	-45.0	-6.484037	13.823928	5.5916057	-56.810547	nan	0.1	70000	1719.0351512432098
28	-46.0	-46.0	-45.0	-6.43552	13.588605	2.9388638	-58.203503	nan	0.1	72500	1779.9165003299713
29	-48.0	-48.0	-45.0	-6.2214785	13.207481	8.602004	-56.859287	nan	0.1	75000	1842.5643270015717
30	-48.58	-48.58	-45.0	-5.5611935	12.072639	6.517134	-67.50398	nan	0.1	77500	1904.0889959335327
31	-47.0	-47.0	-45.0	-5.8532953	12.49872	3.91183	-57.445538	nan	0.1	80000	1965.4089455604553
32	-44.0	-44.0	-50.0	-6.2542505	13.165585	3.065577	-56.770725	nan	0.0	82500	2028.386653661728
33	-44.42	-44.42	-50.0	-6.5518026	13.737892	2.461293	-62.91637	nan	0.0	85000	2090.648623228073
34	-47.0	-47.0	-45.600002	-6.858732	14.271936	2.8685722	-59.00797	nan	0.1	87500	2150.798599243164
35	-45.0	-45.0	-40.0	-6.9800963	14.585147	3.833001	-55.676846	nan	0.2	90000	2212.449342727661
36	-48.54	-48.54	-45.0	-6.9595075	14.578832	5.264947	-57.153194	nan	0.1	92500	2274.8288583755493
37	-48.0	-48.0	-40.0	-7.0532403	14.772741	3.9819872	-59.83755	nan	0.2	95000	2336.7327637672424
38	-46.0	-46.0	-45.0	-7.157006	14.921823	4.3145895	-62.040478	nan	0.1	97500	2398.3981080055237
39	-47.0	-47.0	-45.0	-6.887051	14.558051	2.1217074	-56.583485	nan	0.1	100000	2460.925781726837
40	-47.0	-47.0	-40.0	-6.593778	14.000563	3.7050166	-55.68252	nan	0.2	102500	2521.9982318878174
41	-47.36	-47.36	-40.0	-6.3244095	13.441434	3.5224895	-54.966667	nan	0.2	105000	2583.8431856632233
42	-46.22	-46.22	-35.0	-6.383593	13.487346	5.0586853	-56.484173	nan	0.3	107500	2645.7408742904663
43	-46.0	-46.0	-40.0	-6.6110916	13.852246	4.453204	-58.368557	nan	0.2	110000	2707.1837491989136
44	-46.08	-46.08	-50.0	-6.7019186	14.026094	11.049212	-59.535976	nan	0.0	112500	2769.107451438904
45	-49.0	-49.0	-45.0	-6.584629	13.859848	6.601363	-56.167244	nan	0.1	115000	2830.8975393772125
46	-47.32	-47.32	-50.0	-6.5223956	13.65675	4.622067	-56.90306	nan	0.0	117500	2892.6763446331024
47	-46.44	-46.44	-45.0	-6.545754	13.6416855	7.230386	-60.08402	nan	0.1	120000	2954.721412420273
48	-48.0	-48.0	-50.0	-6.5630956	13.685708	4.7899504	-55.539467	nan	0.0	122500	3015.37512755394
49	-44.66	-44.66	-40.0	-6.594388	13.82103	10.849859	-56.296227	nan	0.2	125000	3076.4608013629913
50	-48.08	-48.08	-45.0	-6.72519	14.098864	4.6256537	-57.978218	nan	0.1	127500	3137.4719789028168
51	-44.0	-44.0	-45.0	-6.876449	14.34925	3.2145715	-63.207245	nan	0.1	130000	3197.130589723587
52	-47.1	-47.1	-45.0	-6.977923	14.553909	5.0943613	-61.69377	nan	0.1	132500	3258.07612323761
53	-44.6	-44.6	-45.0	-6.96577	14.586992	5.18113	-63.664406	nan	0.1	135000	3318.834537267685
54	-46.0	-46.0	-50.0	-7.022072	14.690266	5.0968866	-58.8955	nan	0.0	137500	3378.793808698654
55	-46.6	-46.6	-49.1	-7.0318136	14.726686	9.488758	-58.40405	nan	0.0	140000	3439.992136001587
56	-47.16	-47.16	-50.0	-6.948825	14.58279	4.769313	-62.360508	nan	0.0	142500	3499.845948457718
57	-47.66	-47.66	-50.0	-7.0665407	14.750477	5.344675	-74.221725	nan	0.0	145000	3561.3781881332397
58	-47.86	-47.86	-45.0	-7.04548	14.728146	2.8933518	-54.301933	nan	0.1	147500	3623.0999217033386
59	-48.0	-48.0	-50.0	-7.0035586	14.651055	7.131261	-56.662174	nan	0.0	150000	3686.4159038066864
60	-48.0	-48.0	-50.0	-6.886468	14.507693	3.8111756	-58.040142	nan	0.0	152500	3748.411721467972
61	-49.38	-49.38	-35.0	-6.4918294	13.832235	5.981763	-58.715775	nan	0.3	155000	3808.785490512848
62	-46.0	-46.0	-50.0	-6.16785	13.34223	5.5375433	-59.32839	nan	0.0	157500	3869.264620065689
63	-46.98	-46.98	-40.0	-6.383438	13.54207	2.7450569	-62.65129	nan	0.2	160000	3930.3372843265533
64	-48.04	-48.04	-50.0	-6.5450106	13.722655	4.157922	-60.248684	nan	0.0	162500	3990.510306119919
65	-47.0	-47.0	-50.0	-6.7095094	13.934496	4.195547	-59.286972	nan	0.0	165000	4052.311315059662
66	-44.5	-44.5	-45.399998	-6.8672285	14.25027	7.2707634	-58.548424	nan	0.1	167500	4114.314513206482
67	-48.0	-48.0	-45.2	-6.97226	14.484546	4.818304	-60.01168	nan	0.1	170000	4176.012038469315
68	-47.72	-47.72	-40.0	-6.8195696	14.272108	6.138792	-65.550865	nan	0.2	172500	4237.285164117813
69	-46.32	-46.32	-50.0	-6.611691	13.90955	3.857514	-54.990288	nan	0.0	175000	4298.140721321106
70	-48.0	-48.0	-39.7	-6.5448804	13.790273	6.696505	-56.151447	nan	0.2	177500	4359.592154741287
71	-43.54	-43.54	-45.0	-6.584889	13.818916	3.5196314	-57.953552	nan	0.1	180000	4420.222167015076
72	-46.7	-46.7	-45.0	-6.6629043	13.975145	4.3721795	-57.986122	nan	0.1	182500	4482.165689229965
73	-47.16	-47.16	-50.0	-6.8204365	14.257947	4.3979278	-57.36502	nan	0.0	185000	4543.322994232178
74	-44.7	-44.7	-50.0	-6.9604564	14.519725	4.7190595	-58.592667	nan	0.0	187500	4604.28762793541
75	-50.0	-50.0	-50.0	-6.9126053	14.477459	4.34668	-55.670654	nan	0.0	190000	4666.381844997406
76	-46.84	-46.84	-50.0	-6.709857	14.153914	3.594151	-58.061398	nan	0.0	192500	4728.485543251038
77	-48.04	-48.04	-50.0	-6.6020555	13.967038	4.8372636	-59.134922	nan	0.0	195000	4789.135823011398
78	-49.1	-49.1	-45.0	-6.741644	14.123127	6.024839	-59.416843	nan	0.1	197500	4849.793263196945
79	-44.24	-44.24	-50.0	-6.8564906	14.305464	2.5556593	-58.13474	nan	0.0	200000	4911.826970100403
80	-46.0	-46.0	-44.600002	-7.0728827	14.725954	3.253337	-56.69821	nan	0.1	202500	4973.533332586288
81	-45.68	-45.68	-45.0	-7.2020965	14.9895315	3.1919403	-63.519398	nan	0.1	205000	5033.944633722305
82	-47.44	-47.44	-49.5	-7.0907903	14.809982	4.3546076	-59.416977	nan	0.0	207500	5093.855964422226
83	-49.9	-49.9	-45.0	-6.5893836	13.983042	9.11001	-62.38137	nan	0.1	210000	5155.207483530045
84	-47.62	-47.62	-50.0	-6.262481	13.26072	5.399695	-56.32226	nan	0.0	212500	5217.060193538666
85	-47.0	-47.0	-40.0	-6.2838855	13.249818	8.236866	-58.40609	nan	0.2	215000	5278.7056205272675
86	-42.2	-42.2	-45.0	-6.554964	13.746922	5.091102	-55.548912	nan	0.1	217500	5338.766462087631
87	-46.6	-46.6	-50.0	-6.7038136	14.052578	9.722441	-66.01276	nan	0.0	220000	5398.183151006699
88	-43.0	-43.0	-50.0	-6.8535714	14.366489	12.603581	-56.967846	nan	0.0	222500	5457.6613755226135
89	-47.0	-47.0	-50.0	-6.902229	14.516581	4.5353737	-66.23951	nan	0.0	225000	5518.010797739029
90	-47.46	-47.46	-40.0	-6.8321037	14.416211	4.798001	-56.836796	nan	0.2	227500	5579.526982307434
91	-48.0	-48.0	-47.2	-6.753646	14.302691	6.5325656	-59.882248	nan	0.1	230000	5639.467124223709
92	-48.3	-48.3	-46.2	-6.5785336	13.968193	4.690122	-62.97698	nan	0.1	232500	5699.922130584717
93	-46.86	-46.86	-50.0	-6.0462866	12.9946165	2.3889518	-55.72169	nan	0.0	235000	5760.814745903015
94	-47.86	-47.86	-45.0	-5.506776	11.721598	5.8072386	-61.067272	nan	0.1	237500	5820.724342823029
95	-46.82	-46.82	-44.899998	-5.4084105	11.439031	4.3835087	-59.765377	nan	0.2	240000	5881.258702278137
96	-49.0	-49.0	-50.0	-5.5463095	11.709509	5.086437	-59.37925	nan	0.0	242500	5941.648561239243
97	-41.94	-41.94	-50.0	-5.2265983	11.080524	4.4478493	-61.382698	nan	0.0	245000	6002.32014298439
98	-44.38	-44.38	-45.0	-4.4748416	9.735449	10.2480755	-59.455738	nan	0.1	247500	6063.659516572952
99	-45.12	-45.12	-45.0	-4.7011857	10.155581	4.3589344	-64.83948	nan	0.1	250000	6123.488387584686
100	-47.06	-47.06	-41.7	-5.316589	11.155155	3.4628906	-68.933784	nan	0.2	252500	6183.734222650528
101	-46.0	-46.0	-50.0	-5.8011894	12.051233	7.675975	-65.50779	nan	0.0	255000	6243.56240272522
102	-47.12	-47.12	-50.0	-6.075125	12.658597	6.5748234	-64.556274	nan	0.0	257500	6305.24750828743
103	-46.68	-46.68	-45.0	-6.284374	13.083616	3.5392904	-56.186424	nan	0.1	260000	6366.192320585251
104	-46.88	-46.88	-40.0	-6.2909393	13.113109	2.6682854	-63.31831	nan	0.2	262500	6427.080721855164
105	-46.66	-46.66	-45.0	-6.2399216	13.058375	3.6704998	-57.747417	nan	0.1	265000	6488.67051243782
106	-44.42	-44.42	-45.0	-6.3157396	13.211555	2.7697086	-57.93169	nan	0.1	267500	6550.656027793884
107	-45.62	-45.62	-48.4	-6.115476	12.819839	4.756547	-55.104538	nan	0.1	270000	6612.380546808243
108	-43.56	-43.56	-45.0	-5.9460726	12.506918	4.30597	-58.219555	nan	0.1	272500	6673.868793964386
109	-45.06	-45.06	-50.0	-5.989014	12.54456	4.593915	-59.450897	nan	0.0	275000	6733.972386598587
110	-46.0	-46.0	-45.0	-6.0585504	12.663801	2.6379976	-55.09768	nan	0.1	277500	6796.035129785538
111	-46.0	-46.0	-45.0	-6.1158037	12.773165	4.1934605	-54.96867	nan	0.1	280000	6858.287635803223
112	-47.6	-47.6	-50.0	-6.121154	12.760702	5.32987	-64.039444	nan	0.0	282500	6919.917103290558
113	-46.22	-46.22	-45.0	-6.113505	12.763425	3.920824	-56.0914	nan	0.1	285000	6980.966134548187
114	-45.0	-45.0	-45.0	-6.227658	13.022378	3.937642	-56.68299	nan	0.1	287500	7042.367254257202
115	-44.38	-44.38	-50.0	-6.3426514	13.271504	4.9881325	-57.225586	nan	0.0	290000	7104.185790777206
116	-42.98	-42.98	-45.2	-6.2974825	13.209145	5.9583855	-56.201286	nan	0.1	292500	7166.470309972763
117	-46.82	-46.82	-45.0	-6.028387	12.71582	3.5569906	-60.34281	nan	0.1	295000	7227.659379482269
118	-49.88	-49.88	-45.0	-5.724964	12.216387	5.639538	-56.248768	nan	0.1	297500	7288.577365398407
119	-45.0	-45.0	-50.0	-5.5393286	11.840681	5.2392178	-57.504536	nan	0.0	300000	7348.974839925766
120	-43.72	-43.72	-45.0	-5.2010846	11.030324	5.7781124	-55.48529	nan	0.1	302500	7409.860808134079
121	-44.22	-44.22	-50.0	-5.3335056	11.199546	3.5223265	-56.651314	nan	0.0	305000	7470.4964344501495
122	-47.22	-47.22	-40.0	-5.509709	11.529902	4.307782	-53.87989	nan	0.2	307500	7531.342751979828
123	-47.04	-47.04	-45.399998	-5.734322	11.942224	4.8710585	-54.67399	nan	0.1	310000	7591.790169715881
124	-46.54	-46.54	-49.8	-5.700035	11.942156	6.6693087	-58.969868	nan	0.0	312500	7652.333459854126
125	-46.34	-46.34	-50.0	-5.734009	12.024168	3.3775692	-54.01869	nan	0.0	315000	7711.935019254684
126	-46.14	-46.14	-45.0	-5.5828137	11.680825	4.4961843	-54.808987	nan	0.1	317500	7772.885722875595
127	-45.14	-45.14	-45.0	-5.5631795	11.600434	4.4643345	-58.070812	nan	0.1	320000	7833.641152143478
128	-43.88	-43.88	-40.0	-5.284154	11.095499	5.258586	-55.127945	nan	0.2	322500	7894.480073690414
129	-45.4	-45.4	-50.0	-5.3253946	11.161877	5.697978	-77.02274	nan	0.0	325000	7956.133778810501
130	-44.38	-44.38	-41.0	-5.325747	11.131677	5.77026	-53.97009	nan	0.2	327500	8017.789477109909
131	-45.28	-45.28	-37.5	-5.1437144	10.90248	5.2063055	-55.18102	nan	0.3	330000	8078.4793176651
132	-44.24	-44.24	-41.600002	-5.0434546	10.689781	3.5845613	-55.458702	nan	0.2	332500	8140.055559158325
133	-44.58	-44.58	-43.2	-4.9969716	10.4971895	2.5996742	-53.751728	nan	0.2	335000	8202.29707455635
134	-42.64	-42.64	-45.0	-4.967755	10.352989	3.518402	-52.73059	nan	0.1	337500	8264.450469017029
135	-47.56	-47.56	-37.2	-4.74574	9.868637	3.5208588	-53.964584	nan	0.3	340000	8325.683417320251
136	-46.12	-46.12	-40.2	-4.625168	9.588392	2.4924526	-53.89884	nan	0.2	342500	8387.075875759125
137	-41.56	-41.56	-41.399998	-4.7157593	9.724301	8.269749	-60.360497	nan	0.2	345000	8447.77602648735
138	-41.54	-41.54	-42.399998	-4.7681003	9.873704	6.3547955	-57.134266	nan	0.2	347500	8510.38052535057
139	-44.72	-44.72	-44.7	-4.5772204	9.4902	3.2129173	-55.425755	nan	0.1	350000	8571.15388417244
140	-45.58	-45.58	-48.9	-4.4121795	9.107889	4.601156	-53.387905	nan	0.0	352500	8632.572863578796
141	-43.58	-43.58	-34.8	-4.408892	9.142597	4.0425625	-53.714424	nan	0.5	355000	8694.931829214096
142	-41.16	-41.16	-41.0	-4.2460184	8.855469	2.312893	-53.589745	nan	0.2	357500	8757.552624702454
143	-39.8	-39.8	-36.100002	-4.1515307	8.628132	2.4802303	-54.48433	nan	0.4	360000	8819.160533428192
144	-42.84	-42.84	-48.6	-4.0583515	8.391787	4.571497	-52.789238	nan	0.1	362500	8881.301895141602
145	-46.04	-46.04	-50.0	-4.0605054	8.307715	6.8576813	-53.43716	nan	0.0	365000	8943.85672044754
146	-40.62	-40.62	-46.100002	-4.0197034	8.207576	4.05159	-52.15532	nan	0.1	367500	9004.644235372543
147	-44.1	-44.1	-38.8	-3.9138644	7.985942	4.614456	-54.890892	nan	0.3	370000	9066.751313209534
148	-46.14	-46.14	-37.899998	-3.7771425	7.677439	5.180231	-55.934704	nan	0.4	372500	9127.52927184105
149	-41.76	-41.76	-40.0	-3.6920094	7.440346	3.0076122	-51.88659	nan	0.4	375000	9188.879148483276
150	-42.36	-42.36	-43.8	-3.6790736	7.3994637	3.347393	-53.62673	nan	0.2	377500	9248.596369504929
151	-37.68	-37.68	-43.899998	-3.706615	7.4418087	5.7215424	-54.40164	nan	0.2	380000	9307.886843681335
152	-39.24	-39.24	-35.7	-3.6978762	7.4325047	3.8775501	-58.376236	nan	0.3	382500	9368.577075481415
153	-44.32	-44.32	-35.2	-3.7298362	7.46597	4.335512	-56.360016	nan	0.4	385000	9428.766324281693
154	-40.62	-40.62	-38.0	-3.7425508	7.5267286	3.027689	-56.980263	nan	0.3	387500	9488.444392681122
155	-39.6	-39.6	-22.300001	-3.659035	7.3274484	2.946125	-55.528587	nan	0.8	390000	9548.582824468613
156	-39.5	-39.5	-37.899998	-3.6245387	7.298691	3.26923	-55.942017	nan	0.3	392500	9609.310909748077
157	-39.08	-39.08	-36.3	-3.6225724	7.205411	4.2219753	-52.94393	nan	0.4	395000	9668.773868560791
158	-39.78	-39.78	-37.8	-3.611895	7.1188273	2.9335861	-53.83213	nan	0.4	397500	9729.924685716629
159	-35.36	-35.36	-40.899998	-3.556848	6.9692864	4.54241	-58.03462	nan	0.3	400000	9790.316586017609
160	-37.94	-37.94	-45.3	-3.511151	6.869153	2.8476696	-60.92343	nan	0.1	402500	9849.564704418182
161	-33.82	-33.82	-20.4	-3.4351678	6.671949	3.0747585	-55.25608	nan	0.9	405000	9909.49467420578
162	-37.16	-37.16	-35.0	-3.3656323	6.5504913	5.1141815	-53.616035	nan	0.4	407500	9968.95505642891
163	-37.74	-37.74	-25.4	-3.38315	6.5308914	4.479788	-53.062363	nan	0.7	410000	10028.680788755417
164	-36.7	-36.7	-25.0	-3.4018843	6.5129666	2.358778	-65.14922	nan	0.7	412500	10089.739199638367
165	-30.06	-30.06	-39.7	-3.3581498	6.373997	3.6403866	-57.73999	nan	0.5	415000	10148.420844554901
166	-33.86	-33.86	-31.4	-3.3057659	6.256343	4.2142277	-53.035828	nan	0.5	417500	10208.097436666489
167	-36.2	-36.2	-26.1	-3.3243625	6.2375035	4.6346016	-54.602734	nan	0.7	420000	10267.219722270966
168	-35.6	-35.6	-13.5	-3.2615216	6.102848	3.148941	-61.469097	nan	1.0	422500	10327.702668428421
169	-37.92	-37.92	-24.4	-3.2099311	5.9855437	3.437336	-53.11848	nan	0.7	425000	10388.535489320755
170	-33.84	-33.84	-13.4	-3.2069645	5.907852	4.275999	-52.563206	nan	1.0	427500	10449.646796226501
171	-30.28	-30.28	-15.8	-3.210531	5.8739266	3.5736198	-62.02114	nan	1.0	430000	10510.379763126373
172	-32.8	-32.8	-30.5	-3.148917	5.715421	4.940254	-52.944275	nan	0.8	432500	10570.841984272003
173	-33.06	-33.06	-26.2	-3.1505501	5.6791015	2.369175	-53.76691	nan	0.5	435000	10630.996579170227
174	-31.58	-31.58	-23.9	-3.1179683	5.6168284	2.6085987	-51.32912	nan	0.7	437500	10691.306206941605
175	-32.08	-32.08	-16.6	-3.098643	5.5502453	4.264086	-53.38836	nan	1.0	440000	10752.301786184311
176	-31.02	-31.02	-32.8	-3.0372102	5.404904	3.8835506	-54.98423	nan	0.5	442500	10813.048410654068
177	-30.04	-30.04	-16.9	-3.0568326	5.379084	3.8427048	-55.236427	nan	1.0	445000	10874.243285655975
178	-28.76	-28.76	-16.5	-3.0892253	5.4134164	3.9269829	-52.417747	nan	0.9	447500	10935.625566482544
179	-32.6	-32.6	-20.5	-3.0515082	5.3391037	4.6313305	-56.19344	nan	0.8	450000	10997.057504415512
180	-31.24	-31.24	-21.9	-3.0582876	5.302503	2.5176773	-53.122414	nan	0.7	452500	11057.251385211945
181	-26.86	-26.86	-16.9	-3.0494947	5.26014	4.355711	-50.682243	nan	0.8	455000	11119.386835575104
182	-28.48	-28.48	-18.300001	-3.007516	5.1786375	6.310768	-57.714973	nan	0.8	457500	11182.403354883194
183	-28.92	-28.92	-14.7	-3.0090349	5.147231	4.639086	-54.733597	nan	1.0	460000	11243.455271959305
184	-30.62	-30.62	-25.4	-2.977982	5.056716	4.9065933	-54.6532	nan	0.7	462500	11304.551909446716
185	-28.14	-28.14	-8.3	-2.9740324	5.0186157	2.8938026	-51.60975	nan	0.9	465000	11365.529066801071
186	-31.32	-31.32	-26.5	-2.9599292	4.972436	2.581295	-51.808067	nan	0.6	467500	11426.038326978683
187	-28.74	-28.74	-24.0	-2.9148128	4.8734326	3.4556923	-49.528717	nan	0.6	470000	11488.09130358696
188	-30.06	-30.06	-19.199999	-2.9064548	4.811154	3.7792587	-45.18208	nan	0.8	472500	11548.482694149017
189	-22.88	-22.88	-30.2	-2.900063	4.7747736	3.501318	-56.35676	nan	0.6	475000	11609.909491539001
190	-28.2	-28.2	-21.4	-2.886657	4.7429256	3.7195683	-46.14379	nan	0.9	477500	11671.388019561768
191	-25.98	-25.98	-20.800001	-2.877042	4.6801853	2.7904015	-47.788143	nan	0.9	480000	11734.778267145157
192	-22.66	-22.66	-18.5	-2.8474503	4.6316648	2.9440517	-52.81261	nan	0.8	482500	11796.823206424713
193	-26.74	-26.74	-20.6	-2.847499	4.631766	3.8173733	-56.41171	nan	0.8	485000	11859.302181720734
194	-29.9	-29.9	-18.0	-2.8874087	4.6849613	3.7785263	-52.84188	nan	0.9	487500	11921.420933485031
195	-25.04	-25.04	-18.6	-2.8697913	4.634755	2.8905811	-50.147346	nan	0.9	490000	11983.473047494888
196	-26.4	-26.4	-23.3	-2.8353124	4.5564847	3.5913754	-50.86203	nan	0.6	492500	12046.224910259247
197	-25.42	-25.42	-25.2	-2.8559299	4.5761285	2.9491768	-50.05485	nan	0.6	495000	12108.010450839996
198	-28.7	-28.7	-22.6	-2.843735	4.5628843	3.0478134	-49.957985	nan	0.8	497500	12169.231387615204
199	-27.04	-27.04	-20.199999	-2.8435056	4.5329485	3.728571	-52.9162	nan	0.9	500000	12231.722978591919
200	-26.02	-26.02	-14.7	-2.8003278	4.4512987	2.688015	-53.448532	nan	0.9	502500	12293.10700058937
201	-27.82	-27.82	-21.5	-2.814244	4.4522967	3.3692188	-54.871284	nan	0.8	505000	12354.443029165268
202	-24.44	-24.44	-20.6	-2.7964885	4.4138184	3.307907	-53.196712	nan	0.8	507500	12414.07441163063
203	-25.78	-25.78	-9.7	-2.7703278	4.3415794	2.5381489	-52.085545	nan	1.0	510000	12474.635474443436
204	-24.6	-24.6	-18.9	-2.750373	4.262038	3.4717999	-47.69774	nan	0.9	512500	12536.824407815933
205	-24.02	-24.02	-9.599999	-2.7586865	4.272523	2.7066917	-54.99252	nan	1.0	515000	12597.076029062271
206	-26.96	-26.96	-20.199999	-2.7806299	4.3229985	3.4945526	-62.201897	nan	0.8	517500	12656.79493689537
207	-25.84	-25.84	-18.300001	-2.7648761	4.298694	2.7632332	-56.511154	nan	0.9	520000	12717.724109172821
208	-25.36	-25.36	-16.1	-2.7244189	4.2020836	2.0064144	-57.020874	nan	0.9	522500	12779.352667570114
209	-28.44	-28.44	-17.9	-2.7337203	4.1393204	3.0422192	-47.689453	nan	0.8	525000	12841.528821468353
210	-25.9	-25.9	-17.0	-2.716613	4.1171145	3.081499	-51.431595	nan	0.9	527500	12902.715256214142
211	-25.42	-25.42	-15.3	-2.748313	4.143956	2.3873825	-54.88851	nan	0.9	530000	12964.66650557518
212	-24.76	-24.76	-18.9	-2.7241387	4.1335273	2.883236	-58.1466	nan	0.8	532500	13026.514420032501
213	-26.88	-26.88	-24.4	-2.7548835	4.138326	3.489622	-52.68636	nan	0.7	535000	13089.189672708511
214	-28.58	-28.58	-14.1	-2.7253044	4.1368256	2.7640991	-56.62298	nan	1.0	537500	13151.631543397903
215	-27.48	-27.48	-16.9	-2.7521462	4.195393	2.103281	-58.674576	nan	0.9	540000	13213.403671741486
216	-20.7	-20.7	-20.5	-2.7511027	4.161383	3.318962	-56.618618	nan	0.8	542500	13274.4218044281
217	-24.8	-24.8	-16.300001	-2.732653	4.127921	3.4722786	-59.167652	nan	1.0	545000	13336.607806444168
218	-24.88	-24.88	-13.5	-2.7573283	4.1510696	2.1754494	-58.50161	nan	0.9	547500	13397.929956912994
219	-27.94	-27.94	-13.2	-2.7388134	4.111803	4.7775364	-57.55384	nan	1.0	550000	13461.228491067886
220	-23.94	-23.94	-13.6	-2.7515738	4.1594496	3.5933514	-57.884674	nan	1.0	552500	13523.015146255493
221	-23.1	-23.1	-11.099999	-2.7382607	4.1602354	3.201538	-67.789314	nan	1.0	555000	13583.901584386826
222	-23.0	-23.0	-16.300001	-2.734239	4.098112	3.3892956	-58.79598	nan	1.0	557500	13645.44003033638
223	-22.08	-22.08	-13.8	-2.7168221	4.005647	4.485079	-49.361427	nan	0.9	560000	13706.47779250145
224	-23.06	-23.06	-14.1	-2.6852458	3.992246	2.2525158	-56.090664	nan	1.0	562500	13767.942838907242
225	-23.26	-23.26	-21.1	-2.6846273	4.009245	3.2978687	-52.629898	nan	0.9	565000	13828.58236336708
226	-23.0	-23.0	-11.5	-2.6721854	4.021033	2.7038555	-57.96333	nan	1.0	567500	13889.177621603012
227	-25.58	-25.58	-19.699999	-2.6765332	4.035711	2.7179432	-54.95991	nan	0.9	570000	13951.330388307571
228	-23.14	-23.14	-19.9	-2.6745236	4.046522	3.1903248	-55.607594	nan	0.8	572500	14014.349203109741
229	-23.4	-23.4	-11.400001	-2.666417	4.008396	3.7641048	-59.26416	nan	1.0	575000	14075.269246816635
230	-26.06	-26.06	-29.8	-2.6434245	3.9568398	2.9302807	-58.21132	nan	0.5	577500	14136.927696704865
231	-23.88	-23.88	-20.300001	-2.6666145	3.985418	2.57621	-53.034737	nan	0.9	580000	14197.561359643936
232	-23.34	-23.34	-12.9	-2.6479206	3.9368236	3.4533367	-51.572174	nan	0.9	582500	14258.634928226471
233	-21.58	-21.58	-18.300001	-2.6483467	3.8979018	2.9342403	-57.020428	nan	0.9	585000	14319.30587053299
234	-21.74	-21.74	-8.599999	-2.636871	3.9257872	4.3105392	-51.57242	nan	1.0	587500	14380.117950201035
235	-23.18	-23.18	-9.3	-2.6432843	3.9282217	2.8144245	-55.939056	nan	1.0	590000	14440.359955787659
236	-24.3	-24.3	-11.5	-2.6286695	3.9599328	3.3734016	-57.084732	nan	1.0	592500	14501.0510263443
237	-27.34	-27.34	-21.9	-2.6363478	3.9803686	3.1852322	-60.2432	nan	0.8	595000	14562.173562526703
238	-20.98	-20.98	-10.7	-2.6248195	3.974269	3.096859	-57.424896	nan	1.0	597500	14623.121511220932
239	-21.44	-21.44	-13.9	-2.6280735	3.9773417	2.5273209	-57.21555	nan	1.0	600000	14683.559567689896
240	-23.82	-23.82	-10.5	-2.5906317	3.9346325	2.2552338	-58.620876	nan	1.0	602500	14743.644694328308
241	-24.44	-24.44	-12.6	-2.5858448	3.9431345	2.6849709	-55.21673	nan	0.9	605000	14803.758614063263
242	-22.08	-22.08	-15.3	-2.5785158	3.9033735	3.8129578	-55.782646	nan	1.0	607500	14864.795986413956
243	-22.44	-22.44	-17.6	-2.5764139	3.8468206	2.0847378	-54.312653	nan	0.8	610000	14926.22938299179
244	-22.54	-22.54	-9.400001	-2.5817587	3.8499503	1.8979568	-55.654526	nan	1.0	612500	14987.068482637405
245	-22.94	-22.94	-16.199999	-2.5724282	3.8131323	1.9605522	-53.17991	nan	0.9	615000	15047.797083377838
246	-19.84	-19.84	-20.800001	-2.5664523	3.8359854	2.9619102	-57.42609	nan	0.8	617500	15108.536635160446
247	-23.16	-23.16	-17.5	-2.5607617	3.8548782	2.258234	-59.97446	nan	0.8	620000	15168.054143428802
248	-23.52	-23.52	-15.1	-2.5600886	3.8322892	2.823759	-57.166443	nan	1.0	622500	15228.173184394836
249	-21.48	-21.48	-17.4	-2.5602143	3.767326	2.2747307	-55.90599	nan	0.8	625000	15288.429156541824
250	-22.46	-22.46	-12.0	-2.516577	3.6265335	2.9803066	-45.406246	nan	1.0	627500	15348.519795656204
251	-19.4	-19.4	-11.8	-2.5000918	3.607665	3.7378502	-44.643234	nan	1.0	630000	15409.353638648987
252	-27.4	-27.4	-7.7	-2.4917188	3.6330147	2.3541527	-47.91617	nan	1.0	632500	15469.709216117859
253	-24.8	-24.8	-12.7	-2.5059197	3.6686983	2.8658504	-47.900246	nan	1.0	635000	15530.971942424774
254	-23.8	-23.8	-13.1	-2.4912536	3.640192	2.140255	-48.56254	nan	0.9	637500	15591.610448360443
255	-23.08	-23.08	-17.199999	-2.4973667	3.6589196	2.5118923	-49.48674	nan	0.9	640000	15652.294910907745
256	-19.76	-19.76	-14.4	-2.4890704	3.6548986	1.6566181	-49.342613	nan	0.9	642500	15712.519263982773
257	-22.52	-22.52	-14.6	-2.471138	3.6404908	2.7881947	-50.74585	nan	0.9	645000	15772.203234672546
258	-20.14	-20.14	-9.5	-2.456677	3.6183372	2.4281979	-48.1808	nan	1.0	647500	15833.327194929123
259	-23.18	-23.18	-26.2	-2.4425538	3.6128066	2.6593285	-44.37822	nan	0.7	650000	15894.156194210052
260	-19.18	-19.18	-14.4	-2.4132354	3.579015	2.7202187	-46.969032	nan	0.9	652500	15954.673263788223
261	-26.94	-26.94	-17.199999	-2.4208329	3.5551913	2.2130241	-44.964607	nan	0.9	655000	16016.132175207138
262	-20.56	-20.56	-13.2	-2.427801	3.5813189	2.1524754	-46.559113	nan	1.0	657500	16076.129617452621
263	-21.82	-21.82	-16.5	-2.432192	3.6148093	2.6515808	-59.084442	nan	1.0	660000	16136.227582216263
264	-21.04	-21.04	-13.6	-2.4242034	3.622843	2.3015747	-45.097687	nan	0.9	662500	16197.960198402405
265	-22.08	-22.08	-16.5	-2.4092035	3.5905485	2.3550358	-45.911503	nan	1.0	665000	16257.296702861786
266	-20.24	-20.24	-13.5	-2.4019127	3.549328	2.1578083	-44.016857	nan	1.0	667500	16317.574324846268
267	-21.92	-21.92	-14.7	-2.385146	3.5265656	3.0152245	-39.911903	nan	1.0	670000	16377.833723306656
268	-24.78	-24.78	-20.199999	-2.3835075	3.5228024	2.7233868	-45.870747	nan	0.9	672500	16437.940402507782
269	-21.66	-21.66	-12.5	-2.3766553	3.532311	2.6444492	-42.178833	nan	1.0	675000	16497.879393577576
270	-21.82	-21.82	-15.4	-2.3732386	3.5847278	4.060335	-46.398453	nan	0.9	677500	16558.040945768356
271	-20.88	-20.88	-10.0	-2.3926022	3.6593041	2.8850288	-59.14044	nan	1.0	680000	16618.787952184677
272	-19.92	-19.92	-7.9	-2.3763034	3.6736047	2.1259727	-48.738205	nan	1.0	682500	16680.360649585724
273	-24.04	-24.04	-19.300001	-2.3956087	3.7369494	2.4277496	-52.288345	nan	0.8	685000	16741.634668827057
274	-24.1	-24.1	-13.1	-2.3842795	3.7407074	2.0461407	-62.701546	nan	1.0	687500	16801.823146104813
275	-20.88	-20.88	-9.099999	-2.3922575	3.7712762	4.1068115	-55.94616	nan	1.0	690000	16862.0518014431
276	-22.5	-22.5	-10.400001	-2.3896906	3.75395	3.4549847	-56.541817	nan	1.0	692500	16922.77506351471
277	-22.04	-22.04	-11.599999	-2.3806083	3.7852128	2.3719177	-58.404083	nan	1.0	695000	16984.348225831985
278	-19.56	-19.56	-10.599999	-2.3730328	3.7310731	2.939495	-55.372902	nan	1.0	697500	17044.8533308506
279	-22.12	-22.12	-7.6	-2.3723743	3.7405758	2.2562828	-54.020905	nan	1.0	700000	17105.151144504547
280	-22.26	-22.26	-16.5	-2.3632133	3.6479864	2.880003	-57.835552	nan	0.9	702500	17166.10214281082
281	-23.5	-23.5	-12.9	-2.3300242	3.5266209	3.234909	-56.44948	nan	1.0	705000	17225.35008406639
282	-20.72	-20.72	-11.400001	-2.330545	3.5355356	2.1862392	-52.637184	nan	1.0	707500	17284.91287136078
283	-25.18	-25.18	-10.400001	-2.297653	3.4939167	2.6442566	-55.923164	nan	1.0	710000	17344.852737903595
284	-19.42	-19.42	-10.7	-2.3067632	3.4821053	2.884657	-60.317146	nan	1.0	712500	17406.80789899826
285	-21.42	-21.42	-9.8	-2.304083	3.5067112	2.345501	-56.298687	nan	1.0	715000	17467.466723680496
286	-23.82	-23.82	-9.3	-2.339915	3.5705156	2.4651108	-63.965744	nan	1.0	717500	17529.118583917618
287	-21.26	-21.26	-14.7	-2.32552	3.562594	2.2967625	-50.681404	nan	0.9	720000	17590.36084675789
288	-19.98	-19.98	-13.7	-2.3271825	3.56242	2.8831139	-55.341118	nan	1.0	722500	17651.140351057053
289	-23.22	-23.22	-8.8	-2.3330636	3.5967336	3.0251942	-54.33664	nan	1.0	725000	17712.901507377625
290	-21.16	-21.16	-13.3	-2.3269477	3.566485	2.0934277	-52.85892	nan	1.0	727500	17774.058522701263
291	-19.08	-19.08	-11.8	-2.326833	3.5575068	1.8986187	-57.345356	nan	1.0	730000	17835.03479862213
292	-19.58	-19.58	-8.5	-2.3227344	3.5732248	3.2156696	-53.60422	nan	1.0	732500	17897.675984621048
293	-19.24	-19.24	-15.2	-2.3018582	3.5647156	2.0547657	-52.337303	nan	1.0	735000	17959.443988084793
294	-19.7	-19.7	-12.7	-2.3128123	3.6179254	3.6084766	-56.30636	nan	1.0	737500	18021.663357257843
295	-25.02	-25.02	-13.8	-2.307522	3.6219025	2.4947968	-53.332794	nan	0.9	740000	18085.175627231598
296	-24.9	-24.9	-19.800001	-2.3242562	3.631848	3.0321617	-55.38462	nan	0.8	742500	18147.035373687744
297	-21.28	-21.28	-9.2	-2.2909079	3.5536592	3.0990677	-55.61332	nan	1.0	745000	18209.185233592987
298	-21.3	-21.3	-9.3	-2.3017356	3.5921342	4.9510784	-51.558456	nan	1.0	747500	18269.982316732407
299	-21.22	-21.22	-9.2	-2.2938855	3.5831013	2.5473633	-49.999615	nan	1.0	750000	18331.503343343735
300	-19.6	-19.6	-14.8	-2.3009305	3.5980017	2.4772015	-49.85414	nan	1.0	752500	18393.330514907837
301	-17.66	-17.66	-11.3	-2.3066397	3.608289	2.2090054	-44.062748	nan	1.0	755000	18455.583829641342
302	-24.44	-24.44	-6.8	-2.2823946	3.5919218	2.638464	-45.429657	nan	1.0	757500	18516.907398223877
303	-20.6	-20.6	-13.2	-2.3067715	3.625682	2.3003502	-45.2836	nan	0.9	760000	18578.19276189804
304	-21.9	-21.9	-8.7	-2.3002863	3.6781876	2.5976295	-47.223938	nan	1.0	762500	18639.90663790703
305	-20.96	-20.96	-11.7	-2.3094027	3.7162476	2.4219952	-52.890854	nan	1.0	765000	18701.139543771744
306	-21.06	-21.06	-11.5	-2.3163671	3.7509143	2.244482	-56.538685	nan	1.0	767500	18762.759481191635
307	-21.62	-21.62	-15.8	-2.301018	3.7306674	3.2729492	-58.295113	nan	0.9	770000	18824.21492123604
308	-23.66	-23.66	-11.599999	-2.298631	3.664987	2.752102	-52.495304	nan	1.0	772500	18885.18853878975
309	-22.1	-22.1	-10.599999	-2.2809138	3.59886	2.0643654	-50.06488	nan	1.0	775000	18946.254493951797
310	-20.22	-20.22	-9.900001	-2.2839699	3.6295145	2.6523666	-45.933186	nan	1.0	777500	19006.524633169174
311	-23.3	-23.3	-15.3	-2.2689855	3.5596154	5.134371	-54.665424	nan	0.9	780000	19068.124174118042
312	-20.08	-20.08	-15.5	-2.2731805	3.5478785	1.9807396	-46.113308	nan	0.9	782500	19128.683891534805
313	-19.98	-19.98	-10.3	-2.2845452	3.6365657	2.1931515	-60.230515	nan	1.0	785000	19189.109556674957
314	-22.78	-22.78	-10.0	-2.285744	3.660699	2.1320572	-54.862038	nan	1.0	787500	19249.942683696747
315	-19.96	-19.96	-12.2	-2.281749	3.705975	2.4592304	-50.706203	nan	1.0	790000	19311.187076330185
316	-15.9	-15.9	-11.7	-2.2606444	3.6570997	2.3614998	-52.306095	nan	1.0	792500	19372.631095170975
317	-20.1	-20.1	-14.2	-2.2596335	3.675908	2.1561375	-60.369286	nan	0.9	795000	19433.998479127884
318	-23.32	-23.32	-15.3	-2.2339113	3.627709	2.7320976	-61.494602	nan	1.0	797500	19495.129506349564
319	-19.88	-19.88	-8.900001	-2.2531903	3.6504278	1.9044399	-53.68579	nan	1.0	800000	19556.60254430771
320	-22.76	-22.76	-10.599999	-2.2338312	3.5185137	1.8890438	-47.67986	nan	1.0	802500	19616.761029481888
321	-20.18	-20.18	-9.900001	-2.229454	3.4519026	2.5787544	-44.996666	nan	1.0	805000	19678.254880666733
322	-17.62	-17.62	-11.9	-2.2067826	3.4257631	2.5107994	-37.85447	nan	1.0	807500	19738.26471233368
323	-22.04	-22.04	-15.1	-2.2266614	3.442556	2.7392159	-41.396248	nan	1.0	810000	19799.06777238846
324	-21.82	-21.82	-9.8	-2.2170382	3.4516172	2.9160595	-39.3183	nan	1.0	812500	19861.068090438843
325	-19.04	-19.04	-11.3	-2.209886	3.4784856	2.878313	-44.69126	nan	1.0	815000	19923.14137029648
326	-19.8	-19.8	-11.8	-2.1887057	3.4871843	2.7077847	-45.239296	nan	1.0	817500	19984.936200380325
327	-21.98	-21.98	-11.400001	-2.194741	3.5236714	2.311676	-50.09591	nan	1.0	820000	20046.588664770126
328	-24.3	-24.3	-13.0	-2.22802	3.5585651	3.1704502	-51.17225	nan	1.0	822500	20109.78916311264
329	-22.66	-22.66	-9.400001	-2.2121894	3.5050092	1.9974976	-46.337326	nan	1.0	825000	20171.805248260498
330	-18.32	-18.32	-13.0	-2.187593	3.4191298	2.1536655	-42.196644	nan	1.0	827500	20232.911084890366
331	-20.62	-20.62	-12.6	-2.1844456	3.3960347	2.423046	-38.764732	nan	1.0	830000	20296.13790678978
332	-19.6	-19.6	-12.7	-2.1993644	3.43933	2.4839191	-38.61628	nan	1.0	832500	20358.833178520203
333	-21.34	-21.34	-10.7	-2.1674457	3.3811758	3.0644417	-40.4859	nan	1.0	835000	20420.764045238495
334	-23.62	-23.62	-12.5	-2.1675274	3.3761451	4.082615	-33.981846	nan	1.0	837500	20482.585945129395
335	-20.74	-20.74	-11.3	-2.1817663	3.4479258	2.0652924	-37.848465	nan	1.0	840000	20544.188006162643
336	-21.26	-21.26	-15.6	-2.1617773	3.4610598	2.8873787	-43.981697	nan	0.9	842500	20606.093353033066
337	-18.44	-18.44	-12.6	-2.1625438	3.43092	2.4342766	-42.93135	nan	1.0	845000	20668.29370045662
338	-20.86	-20.86	-9.0	-2.1627142	3.4045925	1.9773159	-40.80983	nan	1.0	847500	20731.219210863113
339	-21.06	-21.06	-11.099999	-2.151963	3.394039	2.5368748	-41.5477	nan	1.0	850000	20793.5458111763
340	-20.62	-20.62	-12.0	-2.1497715	3.446597	2.146883	-44.82326	nan	1.0	852500	20855.653018712997
341	-22.52	-22.52	-8.3	-2.146548	3.5106714	3.1082802	-50.751045	nan	1.0	855000	20917.50901055336
342	-21.2	-21.2	-15.3	-2.1839707	3.611829	2.4642277	-56.26758	nan	0.9	857500	20978.41273880005
343	-23.46	-23.46	-12.5	-2.1740766	3.6077495	2.453432	-53.34776	nan	1.0	860000	21039.38328742981
344	-19.8	-19.8	-14.2	-2.184863	3.6480274	2.515211	-52.077084	nan	0.9	862500	21099.86036157608
345	-23.16	-23.16	-15.6	-2.1764772	3.6540816	3.2181835	-54.785233	nan	0.9	865000	21159.493494033813
346	-20.3	-20.3	-18.300001	-2.1891134	3.5984335	3.2020416	-52.903778	nan	0.9	867500	21220.773599386215
347	-21.62	-21.62	-11.400001	-2.1515121	3.4540608	2.63764	-50.179752	nan	1.0	870000	21282.77683353424
348	-20.86	-20.86	-8.099999	-2.141873	3.3814924	2.7048912	-42.119705	nan	1.0	872500	21343.77597475052
349	-19.52	-19.52	-9.8	-2.1476734	3.4072454	2.101141	-43.861996	nan	1.0	875000	21405.8245139122
350	-23.6	-23.6	-10.8	-2.1418152	3.3988333	1.7062073	-46.84276	nan	1.0	877500	21467.17949461937
351	-23.36	-23.36	-11.5	-2.1281638	3.3723714	2.5373573	-42.100113	nan	1.0	880000	21527.694601774216
352	-20.48	-20.48	-8.8	-2.1248312	3.3577034	2.325388	-39.914337	nan	1.0	882500	21589.87961602211
353	-19.34	-19.34	-12.0	-2.140257	3.365905	2.9207516	-38.209404	nan	1.0	885000	21650.524851560593
354	-22.32	-22.32	-11.400001	-2.1332989	3.3581626	2.2100239	-43.32243	nan	1.0	887500	21711.72356081009
355	-23.68	-23.68	-12.6	-2.1423788	3.3799887	1.6665707	-37.105316	nan	1.0	890000	21771.592772483826
356	-19.54	-19.54	-11.099999	-2.142447	3.4071214	2.546772	-40.541283	nan	1.0	892500	21831.95893573761
357	-20.06	-20.06	-11.400001	-2.1320677	3.402357	2.0070362	-47.21707	nan	1.0	895000	21893.043267965317
358	-23.1	-23.1	-9.900001	-2.1485221	3.4299207	2.4131908	-50.480164	nan	1.0	897500	21953.483928442
359	-22.74	-22.74	-12.3	-2.1400993	3.3826365	1.7842731	-44.401447	nan	1.0	900000	22013.790179252625
360	-21.4	-21.4	-8.0	-2.1296444	3.362307	2.2659893	-40.45272	nan	1.0	902500	22074.694051265717
361	-21.08	-21.08	-15.4	-2.121681	3.375185	1.7188759	-47.55326	nan	0.9	905000	22136.02229976654
362	-20.16	-20.16	-13.1	-2.1213949	3.3392196	1.929636	-48.66593	nan	1.0	907500	22197.19965815544
363	-20.38	-20.38	-9.099999	-2.1256135	3.3339827	2.6206036	-48.008926	nan	1.0	910000	22257.093386411667
364	-20.38	-20.38	-13.2	-2.1231596	3.3513658	2.0412102	-53.954887	nan	1.0	912500	22318.37178015709
365	-19.58	-19.58	-7.9	-2.1243365	3.3510213	3.8613224	-46.308826	nan	1.0	915000	22379.059646129608
366	-20.3	-20.3	-15.8	-2.104835	3.3250465	3.0752068	-45.913876	nan	0.9	917500	22438.729444026947
367	-22.0	-22.0	-12.5	-2.1260183	3.3255467	3.0752106	-42.796654	nan	1.0	920000	22498.269513845444
368	-19.1	-19.1	-9.400001	-2.1140401	3.3174186	3.2613945	-51.91111	nan	1.0	922500	22558.35634946823
369	-20.4	-20.4	-11.9	-2.1068096	3.313818	2.1837406	-43.506836	nan	1.0	925000	22618.492672920227
370	-21.28	-21.28	-11.7	-2.1059685	3.3138826	3.0759392	-51.82689	nan	1.0	927500	22679.230900287628
371	-20.48	-20.48	-10.599999	-2.1198933	3.3194532	2.5325146	-46.938972	nan	1.0	930000	22739.04954957962
372	-21.46	-21.46	-9.0	-2.1047542	3.322541	2.5385494	-47.104263	nan	1.0	932500	22798.029227495193
373	-20.96	-20.96	-10.099999	-2.0957541	3.3102279	3.0366764	-43.45159	nan	1.0	935000	22858.332001924515
374	-18.92	-18.92	-12.9	-2.0767014	3.2731085	2.029684	-42.43522	nan	0.9	937500	22917.91206765175
375	-22.8	-22.8	-15.3	-2.1049426	3.3336363	2.6703682	-47.941376	nan	0.9	940000	22977.604501485825
376	-22.88	-22.88	-15.6	-2.1111827	3.3246827	2.9059963	-42.420437	nan	0.9	942500	23036.147047281265
377	-17.76	-17.76	-15.4	-2.106431	3.3153381	2.101797	-49.115807	nan	0.8	945000	23096.353298664093
378	-20.84	-20.84	-27.9	-2.0867004	3.3088708	1.9216442	-43.088318	nan	0.6	947500	23156.043213129044
379	-22.28	-22.28	-10.5	-2.10375	3.3712504	2.1765041	-48.323174	nan	1.0	950000	23216.581317424774
380	-22.96	-22.96	-13.7	-2.1126041	3.441277	2.1012173	-54.953827	nan	0.9	952500	23277.121209144592
381	-22.8	-22.8	-9.599999	-2.121449	3.4842591	1.9482975	-52.26231	nan	1.0	955000	23335.98711538315
382	-20.32	-20.32	-12.1	-2.1175427	3.4592042	3.1205273	-50.353424	nan	0.9	957500	23396.14704465866
383	-20.86	-20.86	-10.3	-2.123088	3.459952	2.2383747	-57.641235	nan	1.0	960000	23457.2160282135
384	-19.56	-19.56	-11.599999	-2.140561	3.541609	2.049221	-54.33554	nan	1.0	962500	23517.18754053116
385	-19.94	-19.94	-12.8	-2.1393936	3.532119	2.5931969	-55.819283	nan	1.0	965000	23577.474621534348
386	-24.8	-24.8	-15.7	-2.1275234	3.4984016	2.7286167	-55.945923	nan	0.9	967500	23637.624024152756
387	-21.56	-21.56	-10.0	-2.1394637	3.511152	3.5911236	-61.718506	nan	1.0	970000	23696.939174175262
388	-24.4	-24.4	-15.3	-2.1234446	3.449928	2.2565746	-51.37237	nan	0.9	972500	23757.861799955368
389	-21.6	-21.6	-8.2	-2.118195	3.3586977	2.8385353	-51.08876	nan	1.0	975000	23818.19292330742
390	-21.38	-21.38	-8.900001	-2.1182613	3.3514636	3.0057755	-39.862568	nan	1.0	977500	23877.958556175232
391	-19.42	-19.42	-14.6	-2.106718	3.3484097	2.71912	-38.273422	nan	1.0	980000	23937.885449409485
392	-19.38	-19.38	-11.9	-2.117999	3.4357686	2.53224	-49.17686	nan	1.0	982500	23997.41986656189
393	-21.92	-21.92	-15.4	-2.1304047	3.51744	3.3259716	-53.599854	nan	0.9	985000	24057.016247034073
394	-18.84	-18.84	-13.9	-2.1334443	3.552187	2.4288921	-58.00656	nan	1.0	987500	24117.049245357513
395	-20.14	-20.14	-12.6	-2.1405118	3.5402367	2.068142	-54.11484	nan	0.9	990000	24177.774791002274
396	-18.42	-18.42	-10.0	-2.1216655	3.4583313	2.7207947	-47.876785	nan	0.9	992500	24237.84554362297
397	-22.74	-22.74	-11.8	-2.1123328	3.4231622	5.295744	-54.3004	nan	1.0	995000	24299.378429174423
398	-22.26	-22.26	-13.2	-2.1232052	3.411269	2.2012901	-44.88565	nan	1.0	997500	24359.553284168243
399	-21.56	-21.56	-8.7	-2.1338189	3.4642231	2.169035	-49.5848	nan	1.0	1000000	24419.14766573906
400	-22.58	-22.58	-13.6	-2.1277342	3.5068917	1.9874744	-48.92312	nan	1.0	1002500	24478.53859591484
401	-19.38	-19.38	-12.5	-2.1297839	3.5411146	2.5641632	-59.335114	nan	1.0	1005000	24537.89477133751
402	-21.36	-21.36	-9.599999	-2.125554	3.492378	2.796955	-47.807922	nan	1.0	1007500	24597.409895181656
403	-20.9	-20.9	-7.1	-2.1259012	3.4872837	4.7306824	-55.26185	nan	1.0	1010000	24657.664756059647
404	-17.74	-17.74	-13.2	-2.1158438	3.4613333	1.5307007	-47.30423	nan	1.0	1012500	24717.588344097137
405	-21.0	-21.0	-19.300001	-2.0936313	3.372028	2.5935783	-40.872044	nan	0.8	1015000	24777.585138082504
406	-24.26	-24.26	-14.5	-2.0959268	3.345374	2.6119957	-33.540398	nan	1.0	1017500	24837.786121845245
407	-19.72	-19.72	-15.0	-2.1077182	3.3739388	3.653263	-38.606216	nan	0.9	1020000	24897.66516661644
408	-21.14	-21.14	-15.4	-2.1187677	3.4011872	2.3446293	-39.559315	nan	0.9	1022500	24957.56552505493
409	-18.76	-18.76	-9.599999	-2.089283	3.3195717	3.7542744	-36.02014	nan	1.0	1025000	25018.246818304062
410	-18.94	-18.94	-14.4	-2.0947058	3.300767	2.7737331	-31.576363	nan	1.0	1027500	25078.260523080826
411	-19.1	-19.1	-10.8	-2.0795288	3.3155253	2.4101505	-32.245075	nan	1.0	1030000	25137.607895612717
412	-21.2	-21.2	-8.599999	-2.073273	3.286313	3.785139	-35.861942	nan	1.0	1032500	25197.09284043312
413	-19.26	-19.26	-12.0	-2.08135	3.281699	2.7040157	-35.313133	nan	0.9	1035000	25258.13109230995
414	-19.98	-19.98	-17.199999	-2.0731924	3.2985327	2.2310562	-37.25596	nan	0.9	1037500	25319.30065011978
415	-21.14	-21.14	-12.5	-2.0778506	3.3028913	2.4904861	-32.863255	nan	1.0	1040000	25379.865344524384
416	-20.76	-20.76	-11.8	-2.0852964	3.3049848	2.7549114	-30.04943	nan	1.0	1042500	25441.21075105667
417	-18.32	-18.32	-10.5	-2.0651107	3.2806807	2.9670696	-31.575127	nan	1.0	1045000	25501.88730239868
418	-20.5	-20.5	-15.3	-2.0775585	3.2902832	3.010231	-32.906372	nan	1.0	1047500	25562.26380109787
419	-21.08	-21.08	-9.5	-2.073479	3.2935033	3.9671898	-30.45974	nan	1.0	1050000	25621.948751926422
420	-21.06	-21.06	-13.2	-2.0803983	3.2891662	2.0590687	-31.948586	nan	1.0	1052500	25684.08183145523
421	-22.42	-22.42	-10.3	-2.0920322	3.312213	3.210703	-31.776794	nan	1.0	1055000	25744.352358579636
422	-20.74	-20.74	-9.099999	-2.0695589	3.2819333	3.3796673	-37.297012	nan	1.0	1057500	25804.88396024704
423	-20.54	-20.54	-12.4	-2.087996	3.3035045	1.9732742	-41.209923	nan	1.0	1060000	25865.216693162918
424	-21.88	-21.88	-8.2	-2.0796103	3.2951767	1.9970646	-39.966263	nan	1.0	1062500	25926.80323600769
425	-20.92	-20.92	-15.4	-2.0908306	3.3297024	2.120573	-35.28736	nan	0.9	1065000	25988.036147356033
426	-19.74	-19.74	-12.8	-2.09033	3.3239343	2.5075836	-48.016693	nan	0.9	1067500	26049.785352230072
427	-22.4	-22.4	-8.7	-2.0931115	3.3261693	2.023384	-46.851524	nan	1.0	1070000	26111.94564151764
428	-18.52	-18.52	-10.7	-2.075236	3.2884078	2.4030666	-38.39228	nan	1.0	1072500	26171.961477279663
429	-21.94	-21.94	-10.599999	-2.0642831	3.28805	2.552229	-37.451004	nan	1.0	1075000	26233.875431537628
430	-22.42	-22.42	-9.900001	-2.0827184	3.2978768	2.418213	-45.17002	nan	1.0	1077500	26296.009457349777
431	-21.2	-21.2	-10.0	-2.0845656	3.2871609	2.1360989	-38.98005	nan	1.0	1080000	26357.669269561768
432	-22.32	-22.32	-8.3	-2.0858173	3.304949	3.2738056	-44.489185	nan	1.0	1082500	26419.21419429779
433	-20.64	-20.64	-12.9	-2.0851212	3.300441	2.267002	-52.68431	nan	0.9	1085000	26480.417468070984
434	-19.94	-19.94	-12.7	-2.0830832	3.310361	2.3012047	-50.953247	nan	1.0	1087500	26541.70865559578
435	-20.42	-20.42	-9.0	-2.0719013	3.278602	2.4579144	-40.75714	nan	1.0	1090000	26601.167036533356
436	-20.04	-20.04	-7.6	-2.0759366	3.290734	2.4940338	-43.125908	nan	1.0	1092500	26659.31489753723
437	-18.16	-18.16	-10.5	-2.0747128	3.2826574	2.5189457	-52.733444	nan	1.0	1095000	26719.20411300659
438	-18.38	-18.38	-7.0	-2.0839746	3.3027794	2.855503	-39.324806	nan	1.0	1097500	26776.84893298149
439	-21.36	-21.36	-7.1	-2.076056	3.2950149	2.5402622	-43.37274	nan	1.0	1100000	26835.788861989975
440	-20.22	-20.22	-10.900001	-2.057671	3.2733085	2.5847034	-60.580246	nan	1.0	1102500	26895.183171987534
441	-21.38	-21.38	-6.9	-2.074149	3.304904	2.3768768	-49.668777	nan	1.0	1105000	26953.683824777603
442	-21.22	-21.22	-16.1	-2.0632	3.2903025	3.3062668	-45.35247	nan	0.9	1107500	27013.238817691803
443	-19.8	-19.8	-11.0	-2.0748255	3.3265743	4.057625	-42.910072	nan	1.0	1110000	27071.523862600327
444	-21.16	-21.16	-14.7	-2.0681393	3.320309	1.9905987	-34.65149	nan	0.9	1112500	27131.233385562897
445	-21.98	-21.98	-12.3	-2.076563	3.3597214	2.3177547	-39.574173	nan	1.0	1115000	27190.23487019539
446	-19.96	-19.96	-12.7	-2.0767932	3.3713505	3.897215	-42.41516	nan	0.9	1117500	27249.13837480545
447	-21.62	-21.62	-7.7	-2.0718403	3.369165	4.235634	-43.0175	nan	1.0	1120000	27309.104271888733
448	-20.0	-20.0	-11.099999	-2.0718539	3.3332415	4.1407223	-44.390686	nan	1.0	1122500	27367.41721224785
449	-19.42	-19.42	-9.099999	-2.0585098	3.3055866	2.4826603	-37.252174	nan	1.0	1125000	27422.73026561737
450	-17.86	-17.86	-10.3	-2.0598512	3.3106315	3.4252472	-43.355812	nan	1.0	1127500	27476.134734153748
451	-20.74	-20.74	-10.8	-2.0668457	3.3659437	2.5736694	-38.819862	nan	1.0	1130000	27527.367649793625
452	-16.54	-16.54	-11.5	-2.0661314	3.4207208	2.4337902	-49.893272	nan	1.0	1132500	27578.817607164383
453	-23.42	-23.42	-11.2	-2.0802057	3.4031434	6.5414085	-45.598114	nan	1.0	1135000	27631.108774900436
454	-19.76	-19.76	-11.7	-2.0516658	3.3185048	2.8153057	-48.4629	nan	1.0	1137500	27680.187804937363
455	-22.54	-22.54	-9.2	-2.054869	3.340851	3.2235088	-56.105354	nan	1.0	1140000	27727.86138868332
456	-22.52	-22.52	-8.900001	-2.0751648	3.3893573	2.9814281	-48.86494	nan	1.0	1142500	27773.192091226578
457	-22.78	-22.78	-12.1	-2.0880277	3.4822524	3.556408	-54.2231	nan	0.9	1145000	27816.701061487198
458	-21.66	-21.66	-13.4	-2.0841203	3.5258393	3.221737	-57.648266	nan	0.9	1147500	27862.447823286057
459	-19.92	-19.92	-9.099999	-2.08912	3.5451558	2.6942348	-59.78617	nan	1.0	1150000	27906.064399957657
460	-19.7	-19.7	-10.099999	-2.102729	3.5600748	2.6168194	-54.73125	nan	1.0	1152500	27950.119246959686
461	-21.68	-21.68	-13.0	-2.096114	3.6101408	2.940525	-60.472008	nan	1.0	1155000	27994.628342151642
462	-20.42	-20.42	-13.7	-2.0815327	3.58345	2.213377	-55.214203	nan	1.0	1157500	28039.290840148926
463	-21.92	-21.92	-9.0	-2.0875952	3.4168656	2.7926445	-47.102097	nan	1.0	1160000	28083.71307039261
464	-20.68	-20.68	-9.599999	-2.0338852	3.26575	3.180952	-40.726482	nan	1.0	1162500	28126.57604765892
465	-21.68	-21.68	-10.7	-2.0449357	3.294002	1.7015095	-39.67832	nan	1.0	1165000	28169.0263941288
466	-20.82	-20.82	-18.5	-2.0406199	3.3441794	2.7246456	-56.376877	nan	0.8	1167500	28211.19895195961
467	-21.22	-21.22	-6.9	-2.0703275	3.4551291	4.461668	-54.515343	nan	1.0	1170000	28252.90307044983
468	-18.34	-18.34	-10.099999	-2.068767	3.4770882	3.2516785	-51.918457	nan	1.0	1172500	28294.840119838715
469	-18.6	-18.6	-13.3	-2.0566332	3.4902308	2.4346275	-54.54967	nan	0.9	1175000	28336.625752925873
470	-18.48	-18.48	-15.6	-2.0586534	3.5020907	3.0432148	-54.100193	nan	0.9	1177500	28378.263764858246
471	-18.78	-18.78	-12.3	-2.059246	3.5114315	2.37187	-52.489025	nan	1.0	1180000	28419.545865774155
472	-21.36	-21.36	-12.7	-2.0398393	3.4286897	2.9083824	-51.91197	nan	1.0	1182500	28462.370899438858
473	-16.52	-16.52	-10.599999	-2.0328732	3.388309	2.924755	-45.230247	nan	1.0	1185000	28504.523245811462
474	-22.64	-22.64	-11.9	-2.0396333	3.3743415	2.729536	-48.736603	nan	1.0	1187500	28546.09147667885
475	-22.78	-22.78	-10.400001	-2.0330043	3.3781188	1.7445793	-48.8272	nan	1.0	1190000	28587.175429344177
476	-19.56	-19.56	-9.5	-2.0336359	3.384767	2.122282	-48.695873	nan	1.0	1192500	28628.95291876793
477	-21.36	-21.36	-12.1	-2.049082	3.3612704	3.2260761	-48.954346	nan	0.9	1195000	28671.88865160942
478	-19.62	-19.62	-11.7	-2.019739	3.2684293	3.1720371	-50.860043	nan	1.0	1197500	28714.602957487106
479	-17.84	-17.84	-17.300001	-2.0268753	3.2798984	2.8312702	-61.66974	nan	0.8	1200000	28757.060084342957
480	-21.16	-21.16	-8.7	-2.018516	3.2889872	3.688572	-50.177017	nan	1.0	1202500	28798.733996391296
481	-22.56	-22.56	-10.099999	-2.0157814	3.2439816	3.1061954	-56.994232	nan	1.0	1205000	28841.66839838028
482	-23.1	-23.1	-13.9	-2.021998	3.2598794	1.8592434	-60.64447	nan	1.0	1207500	28883.96291399002
483	-20.46	-20.46	-10.2	-2.0197217	3.2818038	3.4458828	-59.833412	nan	1.0	1210000	28927.572096824646
484	-23.54	-23.54	-8.7	-2.0394487	3.3102167	2.0963993	-54.54315	nan	1.0	1212500	28970.462203264236
485	-19.38	-19.38	-5.7999997	-2.0354736	3.2738428	3.288477	-58.816345	nan	1.0	1215000	29011.251846790314
486	-21.88	-21.88	-9.2	-2.0240119	3.253977	2.3960915	-58.021667	nan	1.0	1217500	29052.963648557663
487	-21.02	-21.02	-10.2	-2.0334444	3.2603762	2.7044048	-59.80515	nan	1.0	1220000	29094.897876262665
488	-17.86	-17.86	-11.8	-2.0263174	3.2598782	3.0089054	-53.891262	nan	1.0	1222500	29137.488676071167
489	-18.08	-18.08	-18.300001	-2.0345135	3.2847004	2.438591	-53.716087	nan	0.9	1225000	29179.551475286484
490	-22.78	-22.78	-11.7	-2.0337987	3.2830095	2.695757	-51.964825	nan	0.9	1227500	29221.769827365875
491	-20.86	-20.86	-13.4	-2.0271432	3.2910469	1.8216019	-55.667366	nan	0.9	1230000	29264.458851099014
492	-22.0	-22.0	-11.8	-2.0524983	3.359733	2.1542282	-55.07682	nan	1.0	1232500	29306.624407291412
493	-21.1	-21.1	-11.3	-2.0432916	3.3378844	2.607998	-57.54778	nan	1.0	1235000	29348.67290210724
494	-18.84	-18.84	-11.400001	-2.0264738	3.2917879	2.429554	-53.232597	nan	1.0	1237500	29392.12870979309
495	-18.7	-18.7	-6.1	-2.0376956	3.2994578	3.6394691	-52.11093	nan	1.0	1240000	29430.9870865345
496	-18.22	-18.22	-12.1	-2.0285993	3.2772684	1.9643517	-53.685905	nan	1.0	1242500	29468.913183927536
497	-22.82	-22.82	-6.6	-2.0405962	3.3055694	2.412531	-55.999264	nan	1.0	1245000	29507.832454919815
498	-19.44	-19.44	-10.099999	-2.0452614	3.321481	3.2436867	-53.864395	nan	1.0	1247500	29546.95945739746
499	-21.08	-21.08	-8.7	-2.0317423	3.3261125	1.6916847	-50.60059	nan	1.0	1250000	29583.82668042183
