Epoch	EpRet	EpRealRet	TestEpRet	AverageQ1	StdQ1	MaxQ1	MinQ1	Q2	TestSuccess	TotalEnvInteracts	TotalTime
0	-44.0	-44.0	-50.0	-0.8780574	1.653575	1.2061776	-12.327685	-0.8780574	0.0	2500	20.903690814971924
1	-46.0	-46.0	-45.0	-1.6984165	3.6369896	0.4919389	-19.856672	-1.6984165	0.1	5000	47.3679883480072
2	-46.9	-46.9	-45.0	-2.5169518	5.668598	3.1860917	-164.95001	-2.5169518	0.1	7500	77.51839470863342
3	-46.0	-46.0	-50.0	-3.1610992	6.850628	1.0414062	-40.089645	-3.1610992	0.0	10000	108.5629894733429
4	-49.78	-49.78	-44.8	-3.9473248	8.446378	3.4229906	-65.38318	-3.9473248	0.1	12500	140.1675624847412
5	-49.56	-49.56	-50.0	-4.484057	9.513725	1.7857467	-51.45343	-4.484057	0.0	15000	171.17873358726501
6	-48.0	-48.0	-50.0	-4.9250407	10.462821	2.5829175	-52.484936	-4.9250407	0.0	17500	202.69329190254211
7	-49.0	-49.0	-50.0	-5.2666745	11.184803	6.8981543	-58.054	-5.2666745	0.0	20000	234.0493700504303
8	-48.0	-48.0	-45.0	-5.6128793	11.8581	4.513359	-51.11608	-5.6128793	0.1	22500	265.82881808280945
9	-48.0	-48.0	-45.0	-5.846883	12.422846	2.1015787	-54.289906	-5.846883	0.1	25000	296.9968283176422
10	-48.0	-48.0	-50.0	-6.071276	12.895969	2.7732713	-53.973	-6.071276	0.0	27500	328.1407263278961
11	-45.0	-45.0	-45.0	-6.2412143	13.238502	2.3527787	-49.12666	-6.2412143	0.1	30000	359.65736508369446
12	-49.0	-49.0	-50.0	-6.371904	13.528251	4.3404646	-51.831993	-6.371904	0.0	32500	390.36897373199463
13	-47.88	-47.88	-44.600002	-6.537432	13.838396	2.9127593	-52.81626	-6.537432	0.1	35000	421.5545241832733
14	-48.0	-48.0	-45.0	-6.666741	14.121968	5.994454	-56.4555	-6.666741	0.1	37500	453.2117464542389
15	-45.8	-45.8	-50.0	-6.8520823	14.406495	4.124368	-57.98964	-6.8520823	0.0	40000	484.05235147476196
16	-45.0	-45.0	-50.0	-6.8967705	14.546011	2.3697996	-56.083862	-6.8967705	0.0	42500	515.1791622638702
17	-47.0	-47.0	-45.0	-7.008464	14.718733	3.8904326	-62.60505	-7.008464	0.1	45000	545.6103827953339
18	-45.9	-45.9	-50.0	-6.9652767	14.7432785	2.3617396	-55.550888	-6.9652767	0.0	47500	575.1446225643158
19	-49.0	-49.0	-50.0	-7.050755	14.864514	2.949519	-54.899433	-7.050755	0.0	50000	605.099170923233
20	-48.0	-48.0	-50.0	-7.1145234	14.962903	2.9757135	-55.512154	-7.1145234	0.0	52500	635.0865788459778
21	-46.0	-46.0	-50.0	-7.2095137	15.065093	2.9254463	-54.182354	-7.2095137	0.0	55000	665.2262127399445
22	-49.0	-49.0	-30.0	-7.187884	15.070173	2.76693	-53.15382	-7.187884	0.4	57500	695.5081467628479
23	-46.96	-46.96	-50.0	-7.2578545	15.166657	2.665362	-54.924976	-7.2578545	0.0	60000	726.5412828922272
24	-42.54	-42.54	-45.0	-7.287164	15.24062	6.157473	-54.766537	-7.287164	0.1	62500	756.9334733486176
25	-48.92	-48.92	-50.0	-7.2994723	15.26077	3.3772886	-54.93397	-7.2994723	0.0	65000	787.7009496688843
26	-48.86	-48.86	-50.0	-7.3582	15.3008585	2.362779	-59.165253	-7.3582	0.0	67500	818.419615983963
27	-47.86	-47.86	-45.0	-7.291452	15.237229	2.8032641	-55.66808	-7.291452	0.1	70000	849.2316725254059
28	-46.06	-46.06	-35.0	-7.2857594	15.229105	3.2773468	-57.057285	-7.2857594	0.3	72500	879.861615896225
29	-48.7	-48.7	-50.0	-7.22092	15.1293745	2.886454	-56.157875	-7.22092	0.0	75000	910.4051277637482
30	-48.9	-48.9	-45.0	-7.16221	15.039159	2.3583157	-54.28682	-7.16221	0.1	77500	940.3431222438812
31	-49.0	-49.0	-45.0	-7.1889496	15.016606	2.544046	-54.8331	-7.1889496	0.1	80000	970.4716398715973
32	-48.0	-48.0	-45.0	-7.1567163	14.940809	3.793139	-54.762653	-7.1567163	0.1	82500	1000.799652338028
33	-48.0	-48.0	-50.0	-7.156514	14.924443	3.0715766	-55.1357	-7.156514	0.0	85000	1031.0769379138947
34	-45.0	-45.0	-49.6	-7.1349897	14.889796	2.6814392	-54.705967	-7.1349897	0.0	87500	1062.5899064540863
35	-47.0	-47.0	-50.0	-7.1732707	14.907092	2.8548331	-54.90727	-7.1732707	0.0	90000	1092.7512974739075
36	-47.0	-47.0	-40.0	-7.1417646	14.891809	4.460481	-52.914185	-7.1417646	0.2	92500	1123.4867408275604
37	-47.0	-47.0	-50.0	-7.211846	15.003955	4.5420284	-55.888496	-7.211846	0.0	95000	1154.6690151691437
38	-46.92	-46.92	-50.0	-7.2830005	15.159475	5.033502	-53.612514	-7.2830005	0.0	97500	1185.2466785907745
39	-49.82	-49.82	-40.0	-7.319791	15.229593	5.039482	-58.296143	-7.319791	0.2	100000	1216.1128678321838
40	-47.0	-47.0	-50.0	-7.3704047	15.28866	3.9327397	-58.62613	-7.3704047	0.0	102500	1246.6731514930725
41	-47.76	-47.76	-45.0	-7.390796	15.317229	5.051487	-59.720734	-7.390796	0.1	105000	1277.4766991138458
42	-47.92	-47.92	-40.0	-7.365276	15.25096	4.8480206	-59.811665	-7.365276	0.2	107500	1308.168667793274
43	-48.0	-48.0	-50.0	-7.406095	15.297454	6.018467	-54.756527	-7.406095	0.0	110000	1339.2063384056091
44	-47.94	-47.94	-35.5	-7.440466	15.309519	4.073404	-57.2812	-7.440466	0.3	112500	1369.7927877902985
45	-47.0	-47.0	-45.0	-7.443917	15.309413	2.989286	-54.2797	-7.443917	0.1	115000	1400.5854721069336
46	-45.92	-45.92	-45.0	-7.388256	15.246699	3.981125	-55.13569	-7.388256	0.1	117500	1428.7552168369293
47	-48.08	-48.08	-45.0	-7.4617543	15.345009	4.5157046	-56.137936	-7.4617543	0.1	120000	1459.0811676979065
48	-45.68	-45.68	-50.0	-7.458174	15.339725	4.653855	-55.699833	-7.458174	0.0	122500	1488.936363697052
49	-48.8	-48.8	-50.0	-7.475895	15.300224	3.219831	-55.357727	-7.475895	0.0	125000	1519.3531317710876
50	-47.0	-47.0	-50.0	-7.436867	15.24188	3.6808228	-56.63011	-7.436867	0.0	127500	1550.3278970718384
51	-45.68	-45.68	-50.0	-7.3810706	15.166589	5.238504	-62.770313	-7.3810706	0.0	130000	1580.6664612293243
52	-48.0	-48.0	-43.5	-7.3746204	15.1570015	4.443801	-57.81463	-7.3746204	0.1	132500	1611.1078116893768
53	-46.68	-46.68	-48.2	-7.410759	15.192257	4.146918	-57.958424	-7.410759	0.0	135000	1641.5546002388
54	-47.12	-47.12	-44.899998	-7.4149313	15.20508	7.5280914	-60.782978	-7.4149313	0.2	137500	1672.5907073020935
55	-45.5	-45.5	-40.0	-7.4131217	15.156487	5.12585	-58.269485	-7.4131217	0.2	140000	1702.8641045093536
56	-44.16	-44.16	-50.0	-7.3086753	14.993956	4.1372013	-55.321423	-7.3086753	0.0	142500	1733.7322614192963
57	-42.18	-42.18	-50.0	-7.251092	14.851963	9.465626	-60.671677	-7.251092	0.0	145000	1764.387192249298
58	-46.0	-46.0	-50.0	-7.2024364	14.71845	3.492388	-55.06761	-7.2024364	0.0	147500	1795.1057538986206
59	-46.82	-46.82	-49.6	-7.1617227	14.61415	2.7769299	-58.11613	-7.1617227	0.0	150000	1825.7843146324158
60	-46.94	-46.94	-49.6	-7.15208	14.565563	10.47163	-59.738014	-7.15208	0.0	152500	1856.2087614536285
61	-46.26	-46.26	-40.0	-7.112266	14.493457	2.783546	-56.721046	-7.112266	0.2	155000	1887.1482191085815
62	-47.64	-47.64	-45.0	-7.0423	14.352541	4.9954143	-58.631626	-7.0423	0.1	157500	1917.5610129833221
63	-47.22	-47.22	-50.0	-6.9462748	14.157187	2.9125662	-56.461357	-6.9462748	0.0	160000	1946.941759109497
64	-45.94	-45.94	-48.9	-6.8753953	13.989399	4.6742983	-56.840965	-6.8753953	0.0	162500	1976.9200322628021
65	-49.98	-49.98	-45.0	-6.7528	13.762651	4.161175	-55.414062	-6.7528	0.1	165000	2007.6768636703491
66	-44.8	-44.8	-40.0	-6.687554	13.598991	4.2844877	-58.746155	-6.687554	0.2	167500	2037.3150420188904
67	-48.22	-48.22	-49.8	-6.5807877	13.353315	4.243832	-55.547787	-6.5807877	0.0	170000	2067.6730258464813
68	-42.32	-42.32	-49.8	-6.396773	13.022064	2.950889	-56.438774	-6.396773	0.0	172500	2097.9514815807343
69	-46.24	-46.24	-49.8	-6.3335304	12.843371	3.5398273	-55.884926	-6.3335304	0.0	175000	2128.143166542053
70	-44.7	-44.7	-44.3	-6.2875037	12.719991	2.939216	-55.18	-6.2875037	0.1	177500	2158.438971757889
71	-46.54	-46.54	-45.0	-6.241388	12.568995	4.251987	-56.10318	-6.241388	0.1	180000	2189.725069999695
72	-48.16	-48.16	-48.6	-6.0959697	12.32219	4.14222	-56.359776	-6.0959697	0.0	182500	2220.363265991211
73	-47.6	-47.6	-36.0	-6.002843	12.122227	3.6246443	-55.228607	-6.002843	0.3	185000	2250.640481710434
74	-45.92	-45.92	-49.8	-5.9289155	11.94542	4.0764523	-58.89435	-5.9289155	0.0	187500	2281.037168741226
75	-45.88	-45.88	-49.0	-5.806337	11.687801	3.5675483	-57.757523	-5.806337	0.0	190000	2311.448856115341
76	-45.18	-45.18	-49.7	-5.6626973	11.408492	2.417813	-57.23396	-5.6626973	0.0	192500	2341.834568977356
77	-44.98	-44.98	-42.2	-5.628167	11.291507	3.1597865	-58.04177	-5.628167	0.1	195000	2372.371473312378
78	-43.08	-43.08	-42.600002	-5.567005	11.157505	3.465715	-56.255154	-5.567005	0.2	197500	2402.013200521469
79	-46.96	-46.96	-49.2	-5.5536857	11.103991	4.2578387	-56.91648	-5.5536857	0.0	200000	2432.310158729553
80	-44.1	-44.1	-41.3	-5.5381117	11.068207	4.3923416	-56.93885	-5.5381117	0.2	202500	2461.7347180843353
81	-46.5	-46.5	-43.399998	-5.52739	11.005325	4.0345697	-56.59912	-5.52739	0.2	205000	2491.4437601566315
82	-44.22	-44.22	-45.0	-5.461462	10.863958	4.457426	-55.047897	-5.461462	0.1	207500	2521.3594002723694
83	-43.24	-43.24	-49.2	-5.4186673	10.779534	3.289927	-54.55612	-5.4186673	0.0	210000	2551.258130311966
84	-45.12	-45.12	-44.3	-5.413946	10.729608	3.5485773	-56.85828	-5.413946	0.2	212500	2581.0895540714264
85	-46.1	-46.1	-41.3	-5.3755646	10.624339	4.0515428	-60.831486	-5.3755646	0.3	215000	2610.9890592098236
86	-45.48	-45.48	-48.8	-5.354443	10.509623	4.4195137	-55.26739	-5.354443	0.1	217500	2640.9644351005554
87	-47.1	-47.1	-45.0	-5.2807765	10.353143	7.8567724	-58.61815	-5.2807765	0.1	220000	2671.274409532547
88	-44.08	-44.08	-35.2	-5.2880244	10.300558	3.916144	-56.222267	-5.2880244	0.3	222500	2701.0927064418793
89	-38.08	-38.08	-40.7	-5.2492876	10.199163	3.3312242	-56.444763	-5.2492876	0.3	225000	2730.704930305481
90	-42.36	-42.36	-41.0	-5.186295	10.07176	3.2322817	-57.761524	-5.186295	0.2	227500	2760.178585767746
91	-40.02	-40.02	-45.8	-5.104338	9.91614	2.8615608	-58.676105	-5.104338	0.2	230000	2790.8953506946564
92	-41.62	-41.62	-40.8	-5.0173273	9.75392	3.6486535	-56.9796	-5.0173273	0.3	232500	2821.154803752899
93	-38.26	-38.26	-44.5	-5.004138	9.692837	2.7344599	-57.840794	-5.004138	0.1	235000	2851.1398229599
94	-44.78	-44.78	-43.899998	-4.9825454	9.595377	2.5499077	-55.462067	-4.9825454	0.1	237500	2881.667363882065
95	-43.88	-43.88	-47.3	-4.936731	9.461997	4.919531	-56.169453	-4.936731	0.1	240000	2911.5875368118286
96	-40.0	-40.0	-44.8	-4.8816113	9.312972	2.0824184	-60.414368	-4.8816113	0.2	242500	2941.8451919555664
97	-39.88	-39.88	-40.600002	-4.857829	9.203388	3.4402704	-56.272816	-4.857829	0.2	245000	2971.3183157444
98	-38.34	-38.34	-36.600002	-4.820297	9.09748	3.2314427	-56.938587	-4.820297	0.3	247500	3000.299721479416
99	-39.8	-39.8	-42.7	-4.788012	8.976296	2.6278596	-62.25287	-4.788012	0.2	250000	3030.0071518421173
100	-39.74	-39.74	-45.5	-4.7379837	8.80165	2.119005	-55.834354	-4.7379837	0.2	252500	3060.3231966495514
101	-41.82	-41.82	-50.0	-4.6682925	8.640218	6.6505313	-57.049675	-4.6682925	0.0	255000	3090.2605726718903
102	-42.1	-42.1	-40.600002	-4.6341867	8.554866	2.3098333	-58.74689	-4.6341867	0.2	257500	3120.7041215896606
103	-41.6	-41.6	-30.7	-4.600864	8.456702	2.4340332	-59.45919	-4.600864	0.5	260000	3150.3315041065216
104	-40.66	-40.66	-32.5	-4.623429	8.435934	2.1931376	-56.830685	-4.623429	0.4	262500	3180.5126988887787
105	-40.46	-40.46	-35.8	-4.6377625	8.382649	2.3751955	-70.05689	-4.6377625	0.3	265000	3210.4824092388153
106	-37.14	-37.14	-36.5	-4.6009774	8.275108	3.0464375	-61.641224	-4.6009774	0.3	267500	3240.1120553016663
107	-38.68	-38.68	-41.5	-4.5640445	8.188391	2.3368793	-58.77075	-4.5640445	0.3	270000	3269.6710770130157
108	-39.1	-39.1	-45.899998	-4.5459056	8.12204	2.6504965	-60.67518	-4.5459056	0.1	272500	3299.4309136867523
109	-40.44	-40.44	-41.600002	-4.498641	8.037643	3.096108	-62.840908	-4.498641	0.2	275000	3329.218526363373
110	-39.06	-39.06	-33.5	-4.5446453	8.010876	2.0206861	-57.49287	-4.5446453	0.4	277500	3359.480957508087
111	-41.94	-41.94	-36.8	-4.534897	8.020086	2.339427	-58.601185	-4.534897	0.3	280000	3388.706057071686
112	-39.48	-39.48	-39.7	-4.5473437	8.020368	2.1152968	-57.205555	-4.5473437	0.3	282500	3418.714739084244
113	-42.8	-42.8	-46.399998	-4.539034	7.945466	1.7271827	-59.576508	-4.539034	0.0	285000	3448.877730846405
114	-41.84	-41.84	-26.5	-4.5859375	7.986387	2.4063413	-58.31804	-4.5859375	0.5	287500	3478.372766494751
115	-39.64	-39.64	-33.7	-4.5671225	7.926627	2.604062	-63.34132	-4.5671225	0.6	290000	3508.745375394821
116	-34.84	-34.84	-36.600002	-4.548931	7.870822	2.968528	-57.42154	-4.548931	0.3	292500	3538.633849143982
117	-35.7	-35.7	-22.5	-4.5212283	7.796386	2.6582248	-56.252224	-4.5212283	0.7	295000	3568.2444291114807
118	-39.84	-39.84	-40.8	-4.502733	7.7393656	2.0100162	-60.251457	-4.502733	0.2	297500	3597.9776396751404
119	-39.74	-39.74	-33.2	-4.490915	7.660231	2.3751214	-59.95179	-4.490915	0.5	300000	3628.1658928394318
120	-35.42	-35.42	-42.5	-4.442066	7.535689	2.0594063	-62.087395	-4.442066	0.3	302500	3658.806709766388
121	-37.44	-37.44	-32.7	-4.421943	7.4534745	2.162483	-63.916397	-4.421943	0.4	305000	3688.0854048728943
122	-39.2	-39.2	-34.7	-4.3981667	7.360791	2.1215506	-61.789486	-4.3981667	0.5	307500	3718.6632194519043
123	-37.4	-37.4	-25.1	-4.3834524	7.2555637	1.6011318	-59.530792	-4.3834524	0.7	310000	3748.9412853717804
124	-36.42	-36.42	-32.600002	-4.3758554	7.164998	2.439377	-63.219864	-4.3758554	0.5	312500	3779.737172603607
125	-34.7	-34.7	-39.5	-4.343194	7.0760727	1.7987578	-65.33058	-4.343194	0.4	315000	3809.9247155189514
126	-37.82	-37.82	-23.9	-4.3124022	6.9691772	1.7786949	-56.752987	-4.3124022	0.8	317500	3840.254476070404
127	-39.04	-39.04	-23.199999	-4.265188	6.8664145	1.9724568	-58.95033	-4.265188	0.8	320000	3870.4137535095215
128	-35.46	-35.46	-23.5	-4.249334	6.784321	2.3193974	-56.85453	-4.249334	0.7	322500	3899.8931469917297
129	-41.08	-41.08	-33.600002	-4.2581143	6.733728	1.7257531	-61.209023	-4.2581143	0.6	325000	3929.7225184440613
130	-36.64	-36.64	-25.4	-4.2220874	6.615727	1.3760486	-58.587368	-4.2220874	0.5	327500	3959.5439867973328
131	-37.88	-37.88	-37.100002	-4.1899796	6.517107	2.1576233	-56.82089	-4.1899796	0.3	330000	3989.546594142914
132	-34.84	-34.84	-24.9	-4.200888	6.4664135	2.0197673	-58.439735	-4.200888	0.7	332500	4018.8643550872803
133	-37.96	-37.96	-35.3	-4.1866817	6.422042	1.4887948	-62.986866	-4.1866817	0.4	335000	4048.8950686454773
134	-34.42	-34.42	-35.600002	-4.176637	6.3963966	1.5212427	-59.528664	-4.176637	0.4	337500	4080.0415720939636
135	-37.6	-37.6	-35.899998	-4.220651	6.3930655	1.5880365	-62.156555	-4.220651	0.4	340000	4110.033871173859
136	-33.88	-33.88	-21.300001	-4.230555	6.4107122	1.8940327	-64.75793	-4.230555	1.0	342500	4140.237234592438
137	-36.02	-36.02	-34.5	-4.254567	6.4157696	1.7199208	-67.04633	-4.254567	0.5	345000	4171.161869764328
138	-33.74	-33.74	-33.7	-4.255846	6.428678	2.3046021	-64.91616	-4.255846	0.4	347500	4201.215490579605
139	-34.62	-34.62	-31.2	-4.266547	6.4168234	1.8640732	-72.9044	-4.266547	0.4	350000	4230.8621299266815
140	-37.38	-37.38	-18.800001	-4.2474794	6.3619437	2.2048693	-62.830307	-4.2474794	0.9	352500	4260.625196933746
141	-35.48	-35.48	-24.9	-4.2499285	6.308389	1.7372439	-61.22813	-4.2499285	0.7	355000	4291.012511730194
142	-31.1	-31.1	-35.399998	-4.2834005	6.3081374	1.9940835	-61.303543	-4.2834005	0.3	357500	4322.2841165065765
143	-35.98	-35.98	-33.600002	-4.2666717	6.2955594	2.0168118	-56.96749	-4.2666717	0.6	360000	4352.41424870491
144	-35.02	-35.02	-26.1	-4.2534986	6.236627	1.9967325	-67.92596	-4.2534986	0.6	362500	4382.835265636444
145	-32.16	-32.16	-28.9	-4.241873	6.1627064	1.7762371	-60.171677	-4.241873	0.7	365000	4412.983034849167
146	-35.84	-35.84	-30.7	-4.2408977	6.1432962	1.7389514	-55.35757	-4.2408977	0.5	367500	4442.830758333206
147	-36.16	-36.16	-26.5	-4.227255	6.0908837	2.0774474	-67.91256	-4.227255	0.7	370000	4473.38080573082
148	-31.86	-31.86	-31.2	-4.26069	6.0940957	1.5739864	-67.544655	-4.26069	0.6	372500	4503.854443311691
149	-33.26	-33.26	-28.0	-4.2357135	6.064647	1.5830395	-61.316757	-4.2357135	0.6	375000	4533.526291847229
150	-31.8	-31.8	-27.0	-4.211886	5.976924	1.5399086	-62.400963	-4.211886	0.6	377500	4564.305423974991
151	-33.04	-33.04	-26.1	-4.2922893	6.0775127	1.552506	-64.11508	-4.2922893	0.7	380000	4593.78774356842
152	-29.32	-29.32	-25.7	-4.2760115	6.089997	1.6358565	-62.619087	-4.2760115	0.7	382500	4623.063187360764
153	-34.6	-34.6	-21.699999	-4.298111	6.1081038	1.8180803	-59.367634	-4.298111	0.8	385000	4653.2377846241
154	-30.68	-30.68	-21.5	-4.308898	6.1359663	2.1931496	-67.02239	-4.308898	0.9	387500	4683.2198803424835
155	-28.3	-28.3	-26.2	-4.2954617	6.120206	1.9706372	-64.73629	-4.2954617	0.8	390000	4713.841692686081
156	-33.42	-33.42	-32.899998	-4.241824	6.074249	4.7552214	-58.814228	-4.241824	0.5	392500	4744.425055503845
157	-30.26	-30.26	-29.8	-4.214938	6.0187163	2.1705115	-60.19667	-4.214938	0.7	395000	4774.754690408707
158	-32.54	-32.54	-19.5	-4.2386284	5.9932446	2.6670341	-58.948883	-4.2386284	0.8	397500	4804.015392541885
159	-30.44	-30.44	-25.2	-4.2568836	6.009473	1.9485542	-57.880337	-4.2568836	0.8	400000	4834.117395877838
160	-33.34	-33.34	-29.9	-4.2171836	5.936157	2.7246275	-58.873394	-4.2171836	0.5	402500	4864.549247503281
161	-29.2	-29.2	-29.5	-4.253976	5.952563	3.0015655	-67.243774	-4.253976	0.6	405000	4894.572066307068
162	-30.34	-30.34	-23.199999	-4.2525363	5.920427	2.5780525	-56.168293	-4.2525363	0.8	407500	4923.983506679535
163	-34.86	-34.86	-15.9	-4.2314243	5.8906426	2.6706324	-65.77733	-4.2314243	0.9	410000	4954.241961717606
164	-28.52	-28.52	-19.9	-4.211294	5.887656	5.8422937	-64.78087	-4.211294	0.9	412500	4984.054630756378
165	-26.78	-26.78	-25.0	-4.1746387	5.860547	3.1905694	-64.015015	-4.1746387	0.7	415000	5014.137636899948
166	-33.32	-33.32	-34.899998	-4.163212	5.8131986	4.321212	-61.352634	-4.163212	0.5	417500	5043.789575099945
167	-29.76	-29.76	-21.4	-4.1362896	5.711683	2.3792167	-61.776436	-4.1362896	0.9	420000	5073.420570373535
168	-32.0	-32.0	-28.2	-4.109551	5.5622234	2.3105078	-56.080208	-4.109551	0.6	422500	5103.192101955414
169	-29.42	-29.42	-18.5	-4.082292	5.415729	2.225266	-56.755135	-4.082292	1.0	425000	5133.433708190918
170	-29.24	-29.24	-24.9	-4.0396667	5.2697225	3.0171442	-55.256317	-4.0396667	0.7	427500	5163.501102209091
171	-32.38	-32.38	-20.800001	-3.9889762	5.1354647	2.3773313	-53.313477	-3.9889762	0.8	430000	5193.539528369904
172	-25.7	-25.7	-32.600002	-3.9926422	5.0656624	2.55596	-56.966766	-3.9926422	0.8	432500	5224.033998012543
173	-27.48	-27.48	-16.5	-3.9683678	5.028369	5.1769834	-54.822533	-3.9683678	0.9	435000	5254.492152452469
174	-24.02	-24.02	-22.199999	-3.9629571	5.019046	1.9479226	-51.24317	-3.9629571	0.9	437500	5285.336770296097
175	-30.34	-30.34	-29.5	-3.9594686	5.0078464	2.7652621	-58.414253	-3.9594686	0.7	440000	5316.0460460186005
176	-29.32	-29.32	-31.4	-3.9655323	5.015661	2.464691	-53.592274	-3.9655323	0.5	442500	5345.954994678497
177	-31.1	-31.1	-19.0	-3.9430628	4.99718	2.6323	-50.82586	-3.9430628	0.8	445000	5376.775440454483
178	-26.8	-26.8	-23.1	-3.9523356	5.0108495	2.12494	-55.683144	-3.9523356	0.8	447500	5406.871706008911
179	-30.1	-30.1	-24.6	-3.9417534	5.0062366	2.376031	-54.985157	-3.9417534	0.9	450000	5436.407645225525
180	-28.18	-28.18	-26.5	-3.9390645	4.991319	2.6199493	-51.17505	-3.9390645	0.7	452500	5466.361441850662
181	-29.52	-29.52	-34.600002	-3.958546	5.010773	2.4998794	-56.74582	-3.958546	0.6	455000	5496.84468793869
182	-30.22	-30.22	-17.6	-3.9364016	4.967697	2.5026255	-56.557716	-3.9364016	0.8	457500	5526.4265122413635
183	-26.74	-26.74	-31.6	-3.936133	4.9513965	2.7249315	-57.58385	-3.936133	0.5	460000	5556.339290857315
184	-26.74	-26.74	-16.6	-3.9172075	4.9040523	2.0172248	-58.221172	-3.9172075	0.9	462500	5586.7190721035
185	-30.38	-30.38	-22.0	-3.9088526	4.899793	3.5416548	-56.10161	-3.9088526	0.8	465000	5615.4295129776
186	-32.7	-32.7	-20.699999	-3.8870428	4.880094	2.0360684	-55.282745	-3.8870428	0.9	467500	5645.30263376236
187	-26.24	-26.24	-21.1	-3.878303	4.855498	2.2301335	-59.648598	-3.878303	0.8	470000	5674.144874572754
188	-28.74	-28.74	-20.0	-3.8658395	4.840359	2.5993288	-58.08466	-3.8658395	0.8	472500	5704.003126621246
189	-27.56	-27.56	-14.0	-3.8316116	4.7735696	2.986101	-54.568592	-3.8316116	1.0	475000	5735.5400557518005
190	-27.28	-27.28	-25.6	-3.8353407	4.784185	3.4195404	-51.42558	-3.8353407	0.6	477500	5765.763015985489
191	-30.02	-30.02	-27.5	-3.8257945	4.788756	2.9531918	-57.804443	-3.8257945	0.6	480000	5795.986606359482
192	-29.78	-29.78	-17.9	-3.8250115	4.77254	2.426027	-54.98241	-3.8250115	0.7	482500	5826.045153617859
193	-24.26	-24.26	-24.5	-3.8358274	4.8133974	2.889948	-64.591225	-3.8358274	0.7	485000	5856.249862670898
194	-30.44	-30.44	-22.4	-3.833428	4.805499	4.066247	-54.50742	-3.833428	0.8	487500	5886.591251134872
195	-25.92	-25.92	-18.199999	-3.8510292	4.86005	2.603987	-58.879814	-3.8510292	1.0	490000	5916.75430226326
196	-30.3	-30.3	-20.800001	-3.8237405	4.8588605	2.628305	-57.26429	-3.8237405	0.7	492500	5947.180527925491
197	-28.3	-28.3	-15.7	-3.8468382	4.961404	3.833001	-56.85969	-3.8468382	1.0	495000	5977.323171138763
198	-30.36	-30.36	-26.0	-3.8922315	5.14534	3.5485504	-57.699894	-3.8922315	0.7	497500	6007.624402046204
199	-30.32	-30.32	-24.3	-3.956717	5.344351	4.826109	-62.9533	-3.956717	0.6	500000	6038.203960418701
200	-23.36	-23.36	-17.0	-3.9448197	5.4023685	3.0601485	-70.97658	-3.9448197	0.9	502500	6067.772148132324
201	-26.06	-26.06	-22.4	-3.9561188	5.4788876	2.558415	-62.607635	-3.9561188	0.7	505000	6098.360670566559
202	-30.06	-30.06	-27.7	-3.9428918	5.5148563	4.3836513	-67.37558	-3.9428918	0.7	507500	6128.546595335007
203	-24.78	-24.78	-21.4	-3.9159312	5.4939094	3.3960593	-61.878796	-3.9159312	0.8	510000	6158.87205696106
204	-26.46	-26.46	-21.699999	-3.904431	5.52218	2.7278085	-62.763515	-3.904431	0.8	512500	6188.629015207291
205	-27.92	-27.92	-17.4	-3.8875444	5.514973	3.1447668	-66.731895	-3.8875444	0.9	515000	6218.812096834183
206	-28.48	-28.48	-20.9	-3.880866	5.53674	2.904312	-64.77066	-3.880866	0.9	517500	6249.028935909271
207	-24.62	-24.62	-17.0	-3.8766716	5.5303264	3.4786596	-65.478676	-3.8766716	0.8	520000	6279.303076267242
208	-25.5	-25.5	-19.0	-3.865035	5.525603	3.023113	-60.732197	-3.865035	0.9	522500	6309.328028202057
209	-22.32	-22.32	-20.0	-3.886006	5.5965085	3.0054145	-63.069286	-3.886006	0.9	525000	6339.362737417221
210	-23.32	-23.32	-18.5	-3.8511615	5.540343	4.580205	-63.86609	-3.8511615	1.0	527500	6369.333300113678
211	-28.12	-28.12	-18.300001	-3.8188791	5.501011	3.0148845	-63.266903	-3.8188791	0.9	530000	6399.753460407257
212	-24.68	-24.68	-20.300001	-3.8003566	5.465462	3.057935	-67.2242	-3.8003566	0.9	532500	6429.901124000549
213	-26.88	-26.88	-18.699999	-3.7931905	5.437761	3.2419336	-61.088364	-3.7931905	1.0	535000	6459.236061096191
214	-25.7	-25.7	-16.699999	-3.7585921	5.415388	2.9625385	-59.375202	-3.7585921	1.0	537500	6489.255558729172
215	-23.7	-23.7	-18.6	-3.7622566	5.424863	4.5668917	-73.54456	-3.7622566	0.9	540000	6519.466737508774
216	-27.28	-27.28	-24.8	-3.747372	5.398487	3.725582	-64.254364	-3.747372	0.7	542500	6549.108875751495
217	-24.82	-24.82	-24.4	-3.7053134	5.3442836	4.3546076	-57.368954	-3.7053134	0.6	545000	6579.463582992554
218	-27.28	-27.28	-17.9	-3.6771975	5.331575	3.2164984	-66.32949	-3.6771975	0.9	547500	6609.48343706131
219	-24.8	-24.8	-11.9	-3.6602263	5.314237	4.0416517	-56.732536	-3.6602263	1.0	550000	6639.011032581329
220	-24.48	-24.48	-23.199999	-3.654488	5.289109	2.8133974	-63.96697	-3.654488	0.9	552500	6668.305785417557
221	-26.16	-26.16	-23.6	-3.6210296	5.266591	4.169428	-68.436066	-3.6210296	0.8	555000	6696.938984870911
222	-25.58	-25.58	-19.6	-3.5840292	5.2410693	2.6419818	-59.979706	-3.5840292	1.0	557500	6726.334044456482
223	-23.3	-23.3	-18.4	-3.577139	5.257	3.4799538	-62.195354	-3.577139	0.9	560000	6756.316179275513
224	-26.4	-26.4	-17.4	-3.5623183	5.2450714	3.9883735	-65.62951	-3.5623183	0.8	562500	6786.504107952118
225	-32.84	-32.84	-18.800001	-3.5403903	5.187637	3.0687284	-59.31608	-3.5403903	0.8	565000	6816.1529150009155
226	-23.2	-23.2	-22.1	-3.5496988	5.196821	2.5360615	-62.73462	-3.5496988	1.0	567500	6846.113558292389
227	-24.08	-24.08	-23.4	-3.5396743	5.192519	2.3957036	-64.70037	-3.5396743	0.7	570000	6876.467012882233
228	-28.36	-28.36	-19.9	-3.5316033	5.1828656	4.1265316	-61.392464	-3.5316033	0.9	572500	6907.136659622192
229	-25.02	-25.02	-15.7	-3.5102186	5.112845	2.8953614	-68.82556	-3.5102186	0.9	575000	6936.993325710297
230	-24.7	-24.7	-22.5	-3.4980311	5.1060343	2.7436357	-62.431324	-3.4980311	0.8	577500	6966.259842157364
231	-28.28	-28.28	-13.8	-3.4833257	5.065885	3.722401	-71.39499	-3.4833257	1.0	580000	6996.533042669296
232	-26.84	-26.84	-19.699999	-3.4673052	5.0029078	3.2445433	-56.717495	-3.4673052	1.0	582500	7026.637927055359
233	-26.86	-26.86	-22.6	-3.4562583	5.014615	4.7878323	-60.681328	-3.4562583	0.7	585000	7056.856080055237
234	-26.6	-26.6	-16.300001	-3.4792275	5.0238028	3.3565087	-73.080215	-3.4792275	1.0	587500	7086.568514347076
235	-26.22	-26.22	-23.0	-3.4442184	5.010257	5.321846	-67.4665	-3.4442184	0.7	590000	7117.036846876144
236	-25.76	-25.76	-13.4	-3.4385633	4.998042	2.9093606	-54.864864	-3.4385633	0.9	592500	7147.438193798065
237	-27.96	-27.96	-22.1	-3.4231982	4.9815974	3.7655504	-66.17894	-3.4231982	0.7	595000	7178.07363152504
238	-21.84	-21.84	-28.7	-3.4196844	5.005073	3.4172752	-56.296967	-3.4196844	0.6	597500	7207.765735864639
239	-24.94	-24.94	-11.8	-3.3715553	4.9520483	2.6673627	-68.12967	-3.3715553	1.0	600000	7237.751396656036
240	-21.5	-21.5	-15.7	-3.3379908	4.906294	4.6079483	-64.20955	-3.3379908	0.9	602500	7267.302034854889
241	-26.16	-26.16	-21.199999	-3.3383834	4.9231396	3.8659787	-69.00344	-3.3383834	0.9	605000	7297.2587168216705
242	-21.46	-21.46	-20.5	-3.339094	4.95042	4.9253354	-64.27138	-3.339094	0.8	607500	7327.201128005981
243	-27.04	-27.04	-17.4	-3.3137634	4.9417777	3.594856	-63.21504	-3.3137634	0.9	610000	7357.4757697582245
244	-27.62	-27.62	-25.3	-3.32063	4.9572434	3.5243614	-64.778366	-3.32063	0.8	612500	7388.045314073563
245	-24.06	-24.06	-20.9	-3.3144019	4.9612246	2.8017912	-55.865273	-3.3144019	0.8	615000	7417.982164144516
246	-23.66	-23.66	-19.300001	-3.2935538	4.9290895	2.6617274	-71.064514	-3.2935538	0.9	617500	7448.071772813797
247	-24.22	-24.22	-13.5	-3.2936246	4.9659414	3.2537687	-64.76136	-3.2936246	0.9	620000	7477.982664823532
248	-21.8	-21.8	-13.0	-3.2965686	4.9955616	2.170297	-65.694244	-3.2965686	0.9	622500	7507.73007941246
249	-22.22	-22.22	-15.0	-3.2818868	5.006593	3.0064697	-75.15866	-3.2818868	0.9	625000	7537.579697847366
250	-23.22	-23.22	-11.3	-3.2583544	4.9606433	4.0022073	-60.620438	-3.2583544	1.0	627500	7568.127144575119
251	-23.76	-23.76	-17.800001	-3.2329504	4.8953137	3.2674475	-63.19854	-3.2329504	0.8	630000	7598.394388914108
252	-24.2	-24.2	-15.7	-3.2193944	4.8901815	2.755437	-58.37999	-3.2193944	0.9	632500	7628.435590267181
253	-24.54	-24.54	-20.5	-3.2120528	4.8377256	3.1927788	-70.753944	-3.2120528	1.0	635000	7658.600196123123
254	-24.46	-24.46	-16.300001	-3.2062392	4.8112745	4.1886644	-54.023293	-3.2062392	1.0	637500	7688.690208911896
255	-20.44	-20.44	-24.0	-3.1682227	4.720968	2.9564133	-68.05029	-3.1682227	0.7	640000	7719.315092802048
256	-21.16	-21.16	-19.699999	-3.1297002	4.6492977	3.703684	-59.043266	-3.1297002	0.9	642500	7750.1929478645325
257	-23.28	-23.28	-15.1	-3.1286294	4.621103	2.7507646	-58.429638	-3.1286294	0.9	645000	7780.6911079883575
258	-27.72	-27.72	-14.9	-3.1106715	4.5950317	3.0816467	-57.825825	-3.1106715	0.9	647500	7810.852923154831
259	-23.58	-23.58	-16.6	-3.1132677	4.631354	3.9020145	-65.29839	-3.1132677	0.9	650000	7840.853888034821
260	-26.78	-26.78	-20.199999	-3.1142845	4.6235785	2.714274	-54.41902	-3.1142845	0.9	652500	7870.835184574127
261	-19.28	-19.28	-8.599999	-3.0788496	4.6025214	2.871005	-61.697586	-3.0788496	1.0	655000	7900.545853614807
262	-25.48	-25.48	-20.5	-3.0813537	4.6212974	2.871497	-54.293972	-3.0813537	0.9	657500	7930.395467758179
263	-23.32	-23.32	-18.4	-3.0746427	4.630914	3.1983495	-58.26496	-3.0746427	1.0	660000	7960.903991699219
264	-20.5	-20.5	-14.9	-3.031477	4.593921	2.0065322	-53.55529	-3.031477	0.9	662500	7990.232313156128
265	-25.72	-25.72	-14.1	-3.043174	4.6164203	4.2873197	-56.223045	-3.043174	0.9	665000	8019.424049377441
266	-22.66	-22.66	-13.3	-3.0389986	4.6056933	3.6965542	-57.49519	-3.0389986	1.0	667500	8049.193729400635
267	-24.62	-24.62	-18.699999	-3.009378	4.5883083	3.052502	-58.004353	-3.009378	0.8	670000	8079.120388746262
268	-23.78	-23.78	-15.2	-3.0046616	4.609132	3.504088	-58.03404	-3.0046616	0.9	672500	8108.4599668979645
269	-28.2	-28.2	-15.4	-3.00934	4.6553645	3.133698	-58.892258	-3.00934	0.9	675000	8138.327763557434
270	-24.36	-24.36	-12.4	-3.0112941	4.656458	2.834911	-59.99479	-3.0112941	1.0	677500	8168.54985833168
271	-19.66	-19.66	-16.1	-2.9987948	4.6424417	3.2659917	-57.244217	-2.9987948	1.0	680000	8198.949238538742
272	-21.38	-21.38	-16.9	-2.9886713	4.6722913	4.237363	-65.10956	-2.9886713	0.9	682500	8229.507812261581
273	-25.1	-25.1	-12.6	-2.9759681	4.663368	3.0192497	-55.75715	-2.9759681	1.0	685000	8259.490661859512
274	-26.78	-26.78	-18.9	-2.988181	4.657839	3.7501347	-59.088215	-2.988181	0.9	687500	8289.173490285873
275	-21.5	-21.5	-15.2	-2.9743347	4.6494026	4.1776667	-60.084774	-2.9743347	0.9	690000	8319.55148434639
276	-20.64	-20.64	-15.2	-2.9684536	4.620383	3.4687264	-61.206345	-2.9684536	1.0	692500	8349.307707071304
277	-23.08	-23.08	-17.199999	-2.9411583	4.5579467	2.9163294	-59.85801	-2.9411583	0.9	695000	8379.381913423538
278	-23.8	-23.8	-16.0	-2.9073195	4.498573	10.5761795	-61.09568	-2.9073195	1.0	697500	8409.323692798615
279	-23.72	-23.72	-17.0	-2.8859975	4.4715323	3.4114997	-64.7108	-2.8859975	0.9	700000	8439.195099592209
280	-23.34	-23.34	-15.3	-2.8998203	4.4983315	2.8620973	-55.538185	-2.8998203	0.9	702500	8469.118814229965
281	-23.34	-23.34	-7.8	-2.855491	4.44044	3.674274	-57.803165	-2.855491	1.0	705000	8500.040089130402
282	-21.44	-21.44	-15.8	-2.8700898	4.441372	2.784964	-58.15097	-2.8700898	1.0	707500	8530.968626976013
283	-19.02	-19.02	-17.1	-2.8855314	4.4447103	4.018012	-59.118004	-2.8855314	0.9	710000	8561.473069190979
284	-22.66	-22.66	-10.599999	-2.860551	4.436957	4.354329	-61.70928	-2.860551	1.0	712500	8591.829705238342
285	-22.3	-22.3	-11.400001	-2.854874	4.459818	3.8255563	-57.731606	-2.854874	1.0	715000	8622.250172615051
286	-22.78	-22.78	-20.6	-2.8550358	4.4756656	3.7132192	-62.881016	-2.8550358	0.8	717500	8652.372425794601
287	-22.6	-22.6	-17.1	-2.8687174	4.4965878	2.9493318	-61.11135	-2.8687174	0.9	720000	8682.65435910225
288	-19.98	-19.98	-13.0	-2.8635967	4.501546	3.4467802	-58.514145	-2.8635967	1.0	722500	8713.083131313324
289	-24.2	-24.2	-17.4	-2.8483348	4.496032	5.0170584	-66.11531	-2.8483348	0.9	725000	8743.003617286682
290	-22.26	-22.26	-16.0	-2.8216784	4.475902	2.9503095	-56.274452	-2.8216784	0.9	727500	8773.256034135818
291	-24.06	-24.06	-14.3	-2.8303921	4.489762	2.9888463	-58.44317	-2.8303921	0.9	730000	8803.495739221573
292	-24.16	-24.16	-10.7	-2.8425157	4.5495834	3.950141	-61.544464	-2.8425157	1.0	732500	8832.719783306122
293	-21.62	-21.62	-11.9	-2.8408911	4.5427113	3.2864068	-56.112427	-2.8408911	1.0	735000	8862.516680002213
294	-22.96	-22.96	-11.599999	-2.8290658	4.553749	5.334591	-59.213963	-2.8290658	1.0	737500	8892.576882362366
295	-21.26	-21.26	-13.7	-2.821655	4.5528617	5.375461	-56.52013	-2.821655	1.0	740000	8923.370331287384
296	-22.76	-22.76	-13.9	-2.8204992	4.552552	3.7354026	-58.05398	-2.8204992	0.9	742500	8953.105500936508
297	-23.4	-23.4	-9.5	-2.803577	4.5325117	4.0850143	-64.169304	-2.803577	1.0	745000	8982.915349006653
298	-21.52	-21.52	-22.0	-2.8068054	4.5576205	2.9988527	-56.91398	-2.8068054	0.8	747500	9012.226387262344
299	-23.84	-23.84	-11.3	-2.80457	4.593466	3.9877565	-61.361553	-2.80457	1.0	750000	9043.347055196762
300	-23.6	-23.6	-12.0	-2.8086207	4.615326	4.7997246	-64.111	-2.8086207	1.0	752500	9073.32522058487
301	-22.42	-22.42	-14.6	-2.7922864	4.5293727	2.811736	-55.68106	-2.7922864	0.9	755000	9102.875044345856
302	-21.64	-21.64	-14.1	-2.7881663	4.520003	4.888253	-60.801674	-2.7881663	1.0	757500	9132.748824596405
303	-23.66	-23.66	-10.5	-2.778252	4.502591	3.5901437	-64.96032	-2.778252	1.0	760000	9163.194812297821
304	-21.88	-21.88	-15.0	-2.758519	4.4388256	3.827959	-57.43137	-2.758519	0.9	762500	9192.747490167618
305	-19.98	-19.98	-11.0	-2.7720115	4.467712	3.1012454	-56.16617	-2.7720115	1.0	765000	9222.178105831146
306	-22.06	-22.06	-12.4	-2.729431	4.4078875	5.895379	-64.56196	-2.729431	1.0	767500	9252.206737041473
307	-24.0	-24.0	-13.8	-2.7367058	4.384732	4.4644103	-56.153328	-2.7367058	1.0	770000	9281.803851127625
308	-23.54	-23.54	-13.6	-2.730127	4.3808136	5.03792	-69.81937	-2.730127	1.0	772500	9311.65969491005
309	-23.56	-23.56	-8.900001	-2.699675	4.3273125	2.452595	-69.77748	-2.699675	1.0	775000	9342.187874555588
310	-24.34	-24.34	-16.800001	-2.7153857	4.3512387	6.076122	-65.01114	-2.7153857	0.9	777500	9371.75651550293
311	-21.46	-21.46	-14.0	-2.7121193	4.3198442	2.6093266	-60.95916	-2.7121193	0.9	780000	9402.464829444885
312	-22.82	-22.82	-14.9	-2.7053611	4.2899094	8.323884	-57.8988	-2.7053611	1.0	782500	9432.269010543823
313	-27.08	-27.08	-11.400001	-2.6959336	4.292819	4.597115	-55.96722	-2.6959336	1.0	785000	9462.273285627365
314	-22.86	-22.86	-8.900001	-2.6899147	4.2567863	3.0863857	-53.73543	-2.6899147	1.0	787500	9492.6847448349
315	-22.82	-22.82	-20.699999	-2.6681938	4.239602	3.479762	-53.734066	-2.6681938	0.9	790000	9522.982113838196
316	-23.44	-23.44	-11.0	-2.6781583	4.236564	4.428051	-66.782936	-2.6781583	1.0	792500	9552.586176156998
317	-21.92	-21.92	-12.8	-2.6774526	4.2358637	3.727836	-54.269093	-2.6774526	0.9	795000	9583.092777729034
318	-21.76	-21.76	-14.0	-2.6634007	4.2613745	4.2636395	-54.411156	-2.6634007	1.0	797500	9613.129085063934
319	-18.2	-18.2	-12.5	-2.6658285	4.3096733	3.6107252	-54.6886	-2.6658285	1.0	800000	9641.897521972656
320	-19.12	-19.12	-13.3	-2.6566086	4.3115726	6.0166235	-122.8683	-2.6566086	0.9	802500	9671.444454431534
321	-20.72	-20.72	-14.1	-2.6443288	4.319746	3.6491857	-69.98732	-2.6443288	0.9	805000	9701.898173809052
322	-22.26	-22.26	-14.8	-2.6391714	4.290603	2.7358556	-56.09389	-2.6391714	1.0	807500	9732.245932102203
323	-20.28	-20.28	-13.4	-2.626377	4.2898216	2.2497773	-54.8417	-2.626377	1.0	810000	9762.261687040329
324	-19.92	-19.92	-11.9	-2.6327214	4.27263	4.67301	-58.470505	-2.6327214	1.0	812500	9792.625189781189
325	-22.04	-22.04	-10.400001	-2.626435	4.267646	2.5266678	-55.27627	-2.626435	1.0	815000	9822.273606538773
326	-22.72	-22.72	-9.2	-2.6084979	4.2457542	3.0566072	-62.942284	-2.6084979	1.0	817500	9852.314057826996
327	-22.84	-22.84	-13.7	-2.6137197	4.2535343	1.8263488	-70.23041	-2.6137197	1.0	820000	9881.55145740509
328	-22.12	-22.12	-7.1	-2.6263416	4.2611957	2.3973548	-64.49086	-2.6263416	1.0	822500	9911.493125915527
329	-21.76	-21.76	-17.699999	-2.6136851	4.28044	2.6339047	-56.94641	-2.6136851	0.9	825000	9940.373634338379
330	-20.0	-20.0	-13.1	-2.6189392	4.2706256	6.034294	-57.783985	-2.6189392	1.0	827500	9970.417124032974
331	-21.08	-21.08	-11.7	-2.6033626	4.262538	2.0227413	-60.124504	-2.6033626	1.0	830000	9999.89004778862
332	-21.38	-21.38	-10.8	-2.600445	4.278305	3.068101	-63.88781	-2.600445	1.0	832500	10029.860888719559
333	-21.14	-21.14	-16.6	-2.5993357	4.326477	3.5088995	-60.205063	-2.5993357	1.0	835000	10059.039340019226
334	-22.32	-22.32	-9.7	-2.616258	4.344283	2.332147	-57.72576	-2.616258	1.0	837500	10088.447452306747
335	-23.9	-23.9	-10.900001	-2.6119778	4.360787	4.404715	-63.80975	-2.6119778	1.0	840000	10118.947481155396
336	-18.78	-18.78	-15.1	-2.5854833	4.324727	2.9986596	-54.873238	-2.5854833	1.0	842500	10149.073794841766
337	-20.72	-20.72	-10.099999	-2.598166	4.3756022	3.56328	-57.55895	-2.598166	1.0	845000	10179.420058488846
338	-24.62	-24.62	-17.800001	-2.60435	4.4082003	2.8357358	-75.80994	-2.60435	0.9	847500	10209.708882570267
339	-25.08	-25.08	-14.4	-2.6080532	4.443077	2.4754865	-59.417824	-2.6080532	1.0	850000	10239.329727649689
340	-23.08	-23.08	-10.099999	-2.5854943	4.342059	3.286745	-53.783104	-2.5854943	1.0	852500	10269.6192882061
341	-20.26	-20.26	-11.0	-2.5858862	4.3438783	2.2489076	-54.642426	-2.5858862	1.0	855000	10299.737509727478
342	-19.06	-19.06	-10.599999	-2.581496	4.3781614	3.5127819	-56.769943	-2.581496	1.0	857500	10329.999684095383
343	-20.82	-20.82	-14.7	-2.5756164	4.3571453	2.5330749	-56.714634	-2.5756164	1.0	860000	10359.198540687561
344	-22.12	-22.12	-10.5	-2.5802984	4.406088	2.3099833	-58.420383	-2.5802984	1.0	862500	10389.761031866074
345	-17.86	-17.86	-14.2	-2.553733	4.3748097	2.670005	-67.10369	-2.553733	1.0	865000	10419.829890489578
346	-16.9	-16.9	-10.099999	-2.5575604	4.354878	3.0124006	-58.017746	-2.5575604	1.0	867500	10450.428852558136
347	-19.1	-19.1	-10.2	-2.5701728	4.3714914	2.5740516	-57.148365	-2.5701728	1.0	870000	10480.392998933792
348	-20.9	-20.9	-9.599999	-2.5590253	4.383822	3.07602	-64.04562	-2.5590253	1.0	872500	10509.689500570297
349	-19.56	-19.56	-14.4	-2.5434964	4.396009	2.3645961	-58.98481	-2.5434964	0.9	875000	10539.328841209412
350	-21.86	-21.86	-11.099999	-2.5330138	4.3286767	2.130106	-54.29784	-2.5330138	1.0	877500	10569.809214830399
351	-20.04	-20.04	-9.8	-2.5305042	4.339391	2.487468	-59.79839	-2.5305042	1.0	880000	10600.07498717308
352	-20.62	-20.62	-9.3	-2.5145962	4.2815423	3.5545425	-77.48492	-2.5145962	1.0	882500	10630.400733709335
353	-19.46	-19.46	-10.5	-2.51271	4.287585	1.8905907	-58.66188	-2.51271	1.0	885000	10660.858278036118
354	-20.68	-20.68	-9.0	-2.5242972	4.3125486	2.3612182	-57.264137	-2.5242972	1.0	887500	10690.57424044609
355	-21.02	-21.02	-9.900001	-2.5112395	4.263837	4.581878	-54.16179	-2.5112395	1.0	890000	10720.931024551392
356	-20.82	-20.82	-13.6	-2.476443	4.221034	4.098543	-60.909977	-2.476443	1.0	892500	10751.33441734314
357	-21.24	-21.24	-14.4	-2.4853776	4.254386	3.097813	-59.8169	-2.4853776	1.0	895000	10780.675421476364
358	-20.46	-20.46	-16.9	-2.4911163	4.2514834	2.200243	-59.129456	-2.4911163	0.8	897500	10810.693841218948
359	-17.76	-17.76	-12.9	-2.486011	4.2629957	2.184115	-56.78162	-2.486011	1.0	900000	10840.453198194504
360	-24.84	-24.84	-18.199999	-2.4942565	4.259567	2.636199	-54.908527	-2.4942565	0.9	902500	10870.327443361282
361	-21.9	-21.9	-15.3	-2.4871805	4.260309	2.354387	-70.741264	-2.4871805	0.9	905000	10900.58434009552
362	-17.98	-17.98	-12.2	-2.4707134	4.2431645	5.1623025	-57.50807	-2.4707134	1.0	907500	10929.861492395401
363	-20.32	-20.32	-9.400001	-2.4549325	4.2109556	3.4259658	-57.771435	-2.4549325	1.0	910000	10960.29572892189
364	-17.56	-17.56	-18.199999	-2.4431343	4.1773014	2.8114336	-69.178024	-2.4431343	0.9	912500	10989.88079738617
365	-21.38	-21.38	-15.7	-2.4552271	4.220889	2.7637527	-58.796738	-2.4552271	0.9	915000	11019.463762044907
366	-18.82	-18.82	-11.9	-2.433339	4.1844277	5.0357356	-61.078136	-2.433339	1.0	917500	11049.003562688828
367	-21.06	-21.06	-11.099999	-2.457951	4.223744	2.8894322	-61.833767	-2.457951	1.0	920000	11078.819544315338
368	-18.88	-18.88	-14.6	-2.4368308	4.1836104	4.872967	-57.654293	-2.4368308	1.0	922500	11108.629834413528
369	-20.22	-20.22	-9.900001	-2.4465778	4.2167983	6.4394894	-78.910645	-2.4465778	1.0	925000	11137.54589343071
370	-18.94	-18.94	-11.8	-2.4487052	4.2069507	3.701734	-55.220406	-2.4487052	1.0	927500	11166.9820022583
371	-21.78	-21.78	-10.900001	-2.4237251	4.189702	3.9862812	-56.198654	-2.4237251	1.0	930000	11196.553023815155
372	-19.14	-19.14	-10.0	-2.419359	4.188033	2.0588279	-58.924732	-2.419359	1.0	932500	11226.38755106926
373	-22.76	-22.76	-14.1	-2.4109635	4.1559486	2.744332	-59.264957	-2.4109635	0.9	935000	11256.630372285843
374	-20.3	-20.3	-13.9	-2.4249518	4.2165	3.3214047	-55.987537	-2.4249518	0.9	937500	11286.027945041656
375	-20.72	-20.72	-12.9	-2.425096	4.2140126	4.215446	-57.021446	-2.425096	1.0	940000	11316.87680196762
376	-21.2	-21.2	-12.4	-2.4230094	4.204822	2.9273071	-59.98396	-2.4230094	1.0	942500	11346.643038749695
377	-17.52	-17.52	-16.199999	-2.414735	4.2080693	3.056452	-68.12894	-2.414735	0.8	945000	11376.894837141037
378	-17.9	-17.9	-15.0	-2.415822	4.1821995	2.2800279	-57.82427	-2.415822	1.0	947500	11407.668019771576
379	-21.54	-21.54	-13.9	-2.3970873	4.17767	2.749761	-57.17076	-2.3970873	1.0	950000	11437.381053686142
380	-22.32	-22.32	-14.1	-2.3798943	4.1267977	2.0942454	-61.3255	-2.3798943	1.0	952500	11467.67826128006
381	-19.8	-19.8	-9.900001	-2.3782134	4.148728	2.4367738	-58.525856	-2.3782134	1.0	955000	11497.81958246231
382	-18.54	-18.54	-11.9	-2.3881316	4.172745	1.8795102	-69.14776	-2.3881316	1.0	957500	11528.20402097702
383	-17.74	-17.74	-16.199999	-2.3836951	4.177259	3.0144851	-58.679554	-2.3836951	0.9	960000	11557.55669260025
384	-19.3	-19.3	-8.2	-2.3791635	4.1660385	3.001017	-56.11586	-2.3791635	1.0	962500	11587.935694694519
385	-18.3	-18.3	-8.3	-2.3487563	4.077983	2.5829835	-56.520794	-2.3487563	1.0	965000	11617.827451705933
386	-22.2	-22.2	-12.4	-2.3611748	4.0944924	2.8565254	-60.46525	-2.3611748	1.0	967500	11647.942186117172
387	-20.48	-20.48	-13.5	-2.343238	4.0388236	1.9769077	-69.336044	-2.343238	1.0	970000	11678.362654447556
388	-18.48	-18.48	-7.9	-2.3387198	4.035092	4.653529	-55.05761	-2.3387198	1.0	972500	11708.859806060791
389	-20.36	-20.36	-13.6	-2.3359032	4.01472	2.781228	-54.562202	-2.3359032	1.0	975000	11739.913335084915
390	-19.82	-19.82	-9.400001	-2.319082	3.9539707	2.6479926	-80.16976	-2.319082	1.0	977500	11770.809631824493
391	-19.26	-19.26	-11.8	-2.2902868	3.9070888	3.257593	-57.779335	-2.2902868	1.0	980000	11800.815912723541
392	-20.16	-20.16	-11.400001	-2.301835	3.8782609	3.3501165	-50.738323	-2.301835	1.0	982500	11830.776995658875
393	-20.06	-20.06	-10.599999	-2.280603	3.7814116	3.1991792	-48.998295	-2.280603	1.0	985000	11859.983350753784
394	-21.5	-21.5	-14.7	-2.2889633	3.7978082	2.1910014	-46.751	-2.2889633	1.0	987500	11890.498586416245
395	-16.66	-16.66	-7.6	-2.2673016	3.748256	2.365035	-53.804592	-2.2673016	1.0	990000	11920.353124856949
396	-20.92	-20.92	-13.0	-2.2514527	3.7343748	2.7990377	-52.39352	-2.2514527	0.9	992500	11950.775120735168
397	-18.76	-18.76	-14.0	-2.25267	3.7319822	2.7846227	-57.391735	-2.25267	0.9	995000	11980.604016780853
398	-19.24	-19.24	-8.400001	-2.2553227	3.7590632	3.3671043	-47.929176	-2.2553227	1.0	997500	12010.36734700203
399	-20.78	-20.78	-9.0	-2.2629228	3.7600486	3.1797888	-47.425438	-2.2629228	1.0	1000000	12040.046315670013
400	-18.0	-18.0	-11.8	-2.2622037	3.7859013	2.661157	-56.776188	-2.2622037	1.0	1002500	12069.435638427734
401	-22.24	-22.24	-11.5	-2.2449825	3.780496	3.774424	-53.56533	-2.2449825	1.0	1005000	12100.0249979496
402	-20.08	-20.08	-13.9	-2.2662992	3.8282902	2.874584	-50.142746	-2.2662992	0.9	1007500	12130.254869222641
403	-22.08	-22.08	-15.5	-2.2566357	3.8636258	3.2637014	-51.53246	-2.2566357	1.0	1010000	12160.410282373428
404	-17.46	-17.46	-19.9	-2.2532656	3.8892066	3.5401373	-59.020992	-2.2532656	0.8	1012500	12190.789014816284
405	-18.18	-18.18	-14.2	-2.2797303	3.9610262	3.1861749	-61.437717	-2.2797303	0.9	1015000	12221.167314052582
406	-19.36	-19.36	-13.7	-2.258925	3.9530575	2.3750823	-62.44305	-2.258925	0.9	1017500	12251.766990184784
407	-21.18	-21.18	-8.8	-2.25114	3.9253702	3.0379524	-52.74656	-2.25114	1.0	1020000	12281.888779878616
408	-19.98	-19.98	-11.8	-2.256023	3.9301333	5.1175222	-50.3775	-2.256023	1.0	1022500	12312.329095840454
409	-19.74	-19.74	-18.6	-2.2594278	3.968153	3.8295333	-55.565147	-2.2594278	0.9	1025000	12342.637966632843
410	-22.7	-22.7	-9.400001	-2.2453792	3.976361	2.7851765	-61.42624	-2.2453792	1.0	1027500	12372.74260878563
411	-17.52	-17.52	-10.599999	-2.2601006	4.0120807	3.425413	-56.270187	-2.2601006	1.0	1030000	12402.710140943527
412	-18.92	-18.92	-11.3	-2.245197	3.980152	2.2288136	-59.6437	-2.245197	1.0	1032500	12433.216393232346
413	-22.38	-22.38	-11.9	-2.2345412	3.97229	3.0685463	-62.486237	-2.2345412	1.0	1035000	12463.65908074379
414	-21.56	-21.56	-10.2	-2.2466404	3.9829931	1.9177866	-57.413254	-2.2466404	1.0	1037500	12493.269358634949
415	-20.58	-20.58	-10.400001	-2.243057	3.9907699	3.0509207	-61.7572	-2.243057	1.0	1040000	12523.171207904816
416	-20.3	-20.3	-10.599999	-2.2482538	4.0087204	2.4461586	-56.779667	-2.2482538	1.0	1042500	12553.448340415955
417	-20.18	-20.18	-7.4	-2.2414575	3.9971418	6.913808	-59.30123	-2.2414575	1.0	1045000	12583.085816144943
418	-22.5	-22.5	-13.3	-2.2550218	4.035735	2.293813	-59.273422	-2.2550218	0.9	1047500	12612.793658733368
419	-18.46	-18.46	-11.3	-2.2436848	3.990514	2.29737	-60.352898	-2.2436848	1.0	1050000	12642.623221635818
420	-23.86	-23.86	-11.2	-2.241742	4.048828	3.1897464	-56.27384	-2.241742	1.0	1052500	12673.254338026047
421	-17.84	-17.84	-16.199999	-2.241049	4.0220637	3.581166	-62.408245	-2.241049	0.8	1055000	12703.208946704865
422	-21.7	-21.7	-8.7	-2.241164	4.051694	2.4213433	-56.268654	-2.241164	1.0	1057500	12733.236223220825
423	-19.68	-19.68	-19.0	-2.2387505	4.0237627	4.6821594	-61.963627	-2.2387505	0.8	1060000	12763.139158248901
424	-20.58	-20.58	-11.3	-2.2460494	4.0660853	3.7587295	-66.13764	-2.2460494	1.0	1062500	12792.744280338287
425	-20.66	-20.66	-9.099999	-2.254878	4.055108	2.4311025	-63.966633	-2.254878	1.0	1065000	12822.587810754776
426	-21.08	-21.08	-10.8	-2.2269263	4.000823	3.5026393	-61.580894	-2.2269263	1.0	1067500	12852.214931488037
427	-20.42	-20.42	-11.8	-2.2434897	4.0023875	3.3113384	-55.24258	-2.2434897	1.0	1070000	12882.108314990997
428	-19.22	-19.22	-12.3	-2.2467375	3.9878893	3.082359	-57.274887	-2.2467375	1.0	1072500	12912.660403490067
429	-20.12	-20.12	-17.6	-2.2445054	3.992347	3.1854284	-55.074436	-2.2445054	0.9	1075000	12942.790810346603
430	-19.84	-19.84	-14.3	-2.250176	3.9892776	2.5042994	-56.028175	-2.250176	1.0	1077500	12973.120869398117
431	-19.92	-19.92	-7.5	-2.2378023	3.98566	3.863631	-55.375385	-2.2378023	1.0	1080000	13002.318375587463
432	-19.92	-19.92	-14.1	-2.2347116	3.974379	3.3913655	-56.80865	-2.2347116	1.0	1082500	13032.928339242935
433	-16.34	-16.34	-11.400001	-2.2452948	3.983931	3.5631764	-58.662243	-2.2452948	1.0	1085000	13061.886458873749
434	-18.06	-18.06	-9.0	-2.236562	3.9583366	4.021413	-70.55195	-2.236562	1.0	1087500	13091.347324609756
435	-22.42	-22.42	-11.2	-2.2372606	3.9520564	2.1089067	-60.18845	-2.2372606	1.0	1090000	13120.30760383606
436	-19.94	-19.94	-10.599999	-2.2121215	3.8905401	3.3533366	-56.941864	-2.2121215	1.0	1092500	13150.961300849915
437	-21.54	-21.54	-9.900001	-2.2286763	3.898519	3.1353803	-55.427338	-2.2286763	1.0	1095000	13180.847348451614
438	-17.4	-17.4	-15.5	-2.246939	3.9446375	2.2722726	-52.487118	-2.246939	0.9	1097500	13211.226081609726
439	-18.14	-18.14	-11.0	-2.251584	3.9552066	4.533312	-52.8721	-2.251584	1.0	1100000	13241.513904809952
440	-21.72	-21.72	-10.0	-2.2503777	3.972331	2.8923895	-55.561333	-2.2503777	1.0	1102500	13271.969672679901
441	-19.12	-19.12	-10.900001	-2.2521684	3.9777327	3.2918406	-55.118618	-2.2521684	1.0	1105000	13302.46127128601
442	-23.0	-23.0	-16.199999	-2.2299697	3.8901916	2.9966915	-51.331787	-2.2299697	0.9	1107500	13332.877929210663
443	-22.04	-22.04	-9.0	-2.2384331	3.927062	4.1415486	-57.27752	-2.2384331	1.0	1110000	13363.638912916183
444	-20.6	-20.6	-14.2	-2.2307177	3.9119134	3.9733214	-52.718704	-2.2307177	0.9	1112500	13393.70644569397
445	-18.74	-18.74	-13.5	-2.2328262	3.9327066	3.4944706	-55.570587	-2.2328262	0.9	1115000	13423.770965099335
446	-19.82	-19.82	-11.8	-2.2432532	3.9286919	3.6337328	-49.355442	-2.2432532	0.9	1117500	13453.89655661583
447	-16.8	-16.8	-8.900001	-2.2369015	3.9188247	5.025074	-54.624657	-2.2369015	1.0	1120000	13483.788004159927
448	-20.3	-20.3	-14.9	-2.2329285	3.9230275	3.0651667	-65.51118	-2.2329285	0.9	1122500	13513.568459749222
449	-19.1	-19.1	-14.6	-2.228577	3.9118025	4.931557	-59.870476	-2.228577	0.9	1125000	13543.281126499176
450	-17.02	-17.02	-7.1	-2.2258244	3.9143023	2.998559	-54.38165	-2.2258244	1.0	1127500	13572.981157541275
451	-19.62	-19.62	-13.1	-2.2184403	3.9192245	4.236041	-51.42714	-2.2184403	1.0	1130000	13602.429359197617
452	-22.66	-22.66	-15.1	-2.2274647	3.9284291	5.6853914	-54.376053	-2.2274647	1.0	1132500	13633.063861608505
453	-18.04	-18.04	-19.800001	-2.2302065	3.9606738	4.658448	-76.08988	-2.2302065	0.9	1135000	13662.872703790665
454	-16.54	-16.54	-9.2	-2.2280009	3.9608474	2.9964795	-56.27636	-2.2280009	1.0	1137500	13691.811762094498
455	-21.16	-21.16	-10.0	-2.2100239	3.8999825	2.4889627	-53.806812	-2.2100239	1.0	1140000	13722.332766771317
456	-19.0	-19.0	-14.5	-2.2207153	3.9555247	6.566637	-50.290142	-2.2207153	1.0	1142500	13751.131793737411
457	-18.78	-18.78	-13.1	-2.2259495	3.9218643	2.9604325	-51.84807	-2.2259495	0.9	1145000	13779.549350261688
458	-20.04	-20.04	-8.900001	-2.180349	3.8403344	4.2019944	-61.75981	-2.180349	1.0	1147500	13809.40628528595
459	-23.32	-23.32	-13.8	-2.1967502	3.8414586	3.1727233	-53.82276	-2.1967502	0.9	1150000	13839.666135787964
460	-19.28	-19.28	-14.8	-2.2219048	3.84684	2.2940493	-49.9181	-2.2219048	1.0	1152500	13869.031241416931
461	-21.08	-21.08	-7.4	-2.2118056	3.8196933	3.4068336	-53.98785	-2.2118056	1.0	1155000	13898.859383821487
462	-21.28	-21.28	-9.8	-2.2062788	3.8172016	5.2204275	-50.035072	-2.2062788	1.0	1157500	13928.309083461761
463	-20.72	-20.72	-13.9	-2.2064767	3.823301	2.7016978	-49.486225	-2.2064767	1.0	1160000	13958.183419704437
464	-21.26	-21.26	-12.1	-2.203431	3.8187919	2.9770322	-61.402874	-2.203431	1.0	1162500	13987.231246948242
465	-20.68	-20.68	-11.3	-2.216294	3.8243864	3.3818078	-51.233025	-2.216294	1.0	1165000	14016.854398727417
466	-20.9	-20.9	-11.2	-2.2062092	3.8187752	3.4088993	-51.094612	-2.2062092	0.9	1167500	14046.807309627533
467	-21.02	-21.02	-11.0	-2.2287774	3.878657	6.2088165	-52.248985	-2.2287774	1.0	1170000	14077.474192142487
468	-21.58	-21.58	-9.900001	-2.2307127	3.8952186	3.0298047	-58.753036	-2.2307127	1.0	1172500	14107.286808729172
469	-19.4	-19.4	-10.900001	-2.2290702	3.9254482	5.260071	-57.36859	-2.2290702	1.0	1175000	14137.344868898392
470	-19.42	-19.42	-9.5	-2.227876	3.9090137	3.191794	-64.13794	-2.227876	1.0	1177500	14166.7522418499
471	-19.02	-19.02	-14.4	-2.2472456	3.964613	4.1366873	-51.128	-2.2472456	1.0	1180000	14196.245460987091
472	-20.56	-20.56	-10.900001	-2.2182693	3.9291263	10.616569	-55.08596	-2.2182693	1.0	1182500	14226.09213232994
473	-21.1	-21.1	-17.300001	-2.2394447	3.975455	2.7541451	-57.393795	-2.2394447	0.9	1185000	14256.477133512497
474	-18.26	-18.26	-12.9	-2.2499	3.9800425	3.1610017	-50.514885	-2.2499	1.0	1187500	14286.549033403397
475	-19.8	-19.8	-11.400001	-2.250109	4.047705	3.2617006	-54.347275	-2.250109	1.0	1190000	14316.842433691025
476	-22.16	-22.16	-12.3	-2.2375834	4.0655937	2.7168765	-56.711227	-2.2375834	0.9	1192500	14346.636179685593
477	-20.16	-20.16	-10.400001	-2.2377138	4.0661163	3.5307837	-57.4913	-2.2377138	1.0	1195000	14376.675221443176
478	-24.12	-24.12	-13.3	-2.237736	4.056292	3.0072398	-59.427795	-2.237736	1.0	1197500	14407.295689344406
479	-20.34	-20.34	-13.0	-2.2531705	4.047225	2.9428606	-52.656864	-2.2531705	1.0	1200000	14438.016354322433
480	-23.64	-23.64	-11.8	-2.259761	4.0817738	3.259758	-80.149574	-2.259761	1.0	1202500	14467.785101413727
481	-18.88	-18.88	-19.1	-2.2688158	4.095744	2.8140817	-63.2613	-2.2688158	0.7	1205000	14498.463405132294
482	-22.44	-22.44	-10.5	-2.2673624	4.082809	2.7887125	-81.08929	-2.2673624	1.0	1207500	14528.272094249725
483	-19.6	-19.6	-18.6	-2.271909	4.0882072	2.5439258	-60.68452	-2.271909	0.9	1210000	14558.771644353867
484	-18.62	-18.62	-13.6	-2.2705977	4.08978	3.4457736	-54.631992	-2.2705977	0.9	1212500	14589.172391176224
485	-18.72	-18.72	-12.8	-2.239033	4.04735	6.601315	-56.21672	-2.239033	1.0	1215000	14618.616484642029
486	-18.66	-18.66	-13.5	-2.243613	4.028563	3.7136116	-55.659576	-2.243613	1.0	1217500	14647.84875369072
487	-20.12	-20.12	-10.5	-2.254729	4.0402536	2.949202	-57.40906	-2.254729	1.0	1220000	14676.567390203476
488	-22.14	-22.14	-11.2	-2.264569	4.063677	2.4020195	-58.74526	-2.264569	1.0	1222500	14705.64734506607
489	-20.46	-20.46	-7.3	-2.2758257	4.0683117	4.2830114	-61.892155	-2.2758257	1.0	1225000	14733.632531404495
490	-19.5	-19.5	-9.8	-2.2720113	4.0875607	3.368442	-60.372833	-2.2720113	1.0	1227500	14762.566272258759
491	-21.34	-21.34	-10.3	-2.2701213	4.053444	3.7019114	-58.69329	-2.2701213	1.0	1230000	14790.023426532745
492	-21.28	-21.28	-8.7	-2.2707207	4.0873494	2.9420376	-73.60601	-2.2707207	1.0	1232500	14818.347434520721
493	-21.74	-21.74	-9.900001	-2.2623184	4.100061	3.6476612	-58.13264	-2.2623184	1.0	1235000	14846.49502325058
494	-19.9	-19.9	-15.9	-2.2633173	4.0805373	3.0902686	-61.378105	-2.2633173	0.9	1237500	14873.99620294571
495	-17.36	-17.36	-13.3	-2.2724144	4.086369	3.1300445	-55.02273	-2.2724144	1.0	1240000	14900.39326930046
496	-18.86	-18.86	-9.900001	-2.2722557	4.0893164	5.8322444	-58.945065	-2.2722557	1.0	1242500	14926.485247612
497	-18.42	-18.42	-7.6	-2.269044	4.100842	2.734861	-52.796085	-2.269044	1.0	1245000	14951.040734767914
498	-21.1	-21.1	-11.7	-2.2630084	4.1441455	6.0407114	-60.75113	-2.2630084	1.0	1247500	14974.346262693405
499	-21.64	-21.64	-8.5	-2.2424886	4.118406	7.2790895	-59.26312	-2.2424886	1.0	1250000	14996.806228637695
