Epoch	EpRet	EpRealRet	TestEpRet	AverageQ1	StdQ1	MaxQ1	MinQ1	Q2	TestSuccess	TotalEnvInteracts	TotalTime
0	-49.9	-49.9	-50.0	-1.0470041	2.0984077	1.0450609	-12.763266	-1.0470041	0.0	2500	30.674583435058594
1	-50.0	-50.0	-50.0	-2.2474403	4.4862866	0.4228815	-19.440916	-2.2474403	0.0	5000	61.678757429122925
2	-50.0	-50.0	-50.0	-3.2838278	6.6088223	0.5124537	-25.076551	-3.2838278	0.0	7500	91.73254299163818
3	-50.0	-50.0	-50.0	-4.1838713	8.415947	0.6872612	-28.92698	-4.1838713	0.0	10000	121.8548059463501
4	-50.0	-50.0	-50.0	-4.8845606	9.7477865	1.2450488	-52.774326	-4.8845606	0.0	12500	151.78327083587646
5	-50.0	-50.0	-50.0	-5.3533015	10.6639805	1.2492182	-55.269333	-5.3533015	0.0	15000	181.8617160320282
6	-50.0	-50.0	-50.0	-5.7240057	11.221815	1.3866247	-48.81887	-5.7240057	0.0	17500	211.51127219200134
7	-49.94	-49.94	-50.0	-6.070134	11.688718	4.1199174	-46.562233	-6.070134	0.0	20000	241.61826395988464
8	-49.44	-49.44	-50.0	-6.2909436	11.933968	6.7329645	-45.148838	-6.2909436	0.0	22500	271.1941363811493
9	-50.0	-50.0	-49.3	-6.337208	11.902636	3.2364223	-48.903297	-6.337208	0.0	25000	300.83043789863586
10	-49.94	-49.94	-50.0	-6.4157157	11.857589	1.7706163	-45.99199	-6.4157157	0.0	27500	330.1656744480133
11	-49.68	-49.68	-48.7	-6.499375	11.915112	2.2576168	-47.55031	-6.499375	0.0	30000	359.6152684688568
12	-49.88	-49.88	-50.0	-6.61037	12.05131	1.5553355	-48.22802	-6.61037	0.0	32500	389.11672377586365
13	-49.86	-49.86	-50.0	-6.691283	12.189114	1.9566667	-48.94509	-6.691283	0.0	35000	418.59841895103455
14	-49.88	-49.88	-50.0	-6.766163	12.343568	1.3812629	-50.879787	-6.766163	0.0	37500	448.3356111049652
15	-48.96	-48.96	-49.7	-6.9035783	12.466883	2.435514	-55.719578	-6.9035783	0.0	40000	477.95565915107727
16	-49.88	-49.88	-47.2	-6.9185834	12.367071	2.4575834	-55.79419	-6.9185834	0.1	42500	508.430456161499
17	-49.9	-49.9	-50.0	-6.8957577	12.245743	4.8392	-60.757816	-6.8957577	0.0	45000	538.3417751789093
18	-49.88	-49.88	-50.0	-7.0466776	12.364268	3.4753847	-54.640846	-7.0466776	0.0	47500	568.3549182415009
19	-49.92	-49.92	-49.9	-7.104158	12.342442	2.2032876	-53.09575	-7.104158	0.0	50000	598.312661409378
20	-49.78	-49.78	-49.3	-7.148018	12.335097	2.8800776	-53.34355	-7.148018	0.0	52500	628.2220084667206
21	-49.9	-49.9	-50.0	-7.2395544	12.369709	4.41883	-55.27568	-7.2395544	0.0	55000	657.947172164917
22	-49.94	-49.94	-50.0	-7.3085785	12.388689	3.0878975	-53.645756	-7.3085785	0.0	57500	687.8618063926697
23	-49.72	-49.72	-49.7	-7.3119435	12.341707	3.2571642	-56.17172	-7.3119435	0.0	60000	716.9793801307678
24	-49.74	-49.74	-49.8	-7.3630424	12.30775	2.7831545	-53.983494	-7.3630424	0.0	62500	745.9372406005859
25	-49.48	-49.48	-50.0	-7.4463477	12.343764	2.618051	-55.258625	-7.4463477	0.0	65000	775.4360163211823
26	-49.6	-49.6	-46.100002	-7.5193996	12.388467	3.6226015	-56.139275	-7.5193996	0.1	67500	804.8533246517181
27	-49.68	-49.68	-50.0	-7.58855	12.455844	2.6666481	-57.67567	-7.58855	0.0	70000	834.1541571617126
28	-49.28	-49.28	-50.0	-7.7036424	12.511618	3.1522171	-58.94957	-7.7036424	0.0	72500	863.47079205513
29	-49.94	-49.94	-50.0	-7.704649	12.453385	3.1774802	-57.42655	-7.704649	0.0	75000	893.0901551246643
30	-49.32	-49.32	-50.0	-7.708423	12.414369	2.6886356	-56.263275	-7.708423	0.0	77500	923.0759854316711
31	-49.22	-49.22	-49.6	-7.7255588	12.386664	2.6914277	-57.10808	-7.7255588	0.0	80000	952.3046169281006
32	-49.18	-49.18	-49.8	-7.755324	12.383061	3.2419348	-65.11522	-7.755324	0.0	82500	981.4039220809937
33	-49.04	-49.04	-50.0	-7.798992	12.381407	2.8530529	-57.279716	-7.798992	0.0	85000	1011.1997561454773
34	-48.26	-48.26	-50.0	-7.8722086	12.405707	3.9677825	-61.526184	-7.8722086	0.0	87500	1040.4017407894135
35	-48.6	-48.6	-50.0	-7.9049487	12.393707	3.1255195	-57.8063	-7.9049487	0.0	90000	1070.4540898799896
36	-49.58	-49.58	-49.6	-7.8883333	12.356814	5.454617	-77.358864	-7.8883333	0.0	92500	1100.717367887497
37	-49.44	-49.44	-47.2	-7.8538976	12.29441	6.0318327	-58.503452	-7.8538976	0.0	95000	1130.571349143982
38	-49.22	-49.22	-49.7	-7.8844943	12.278513	5.818864	-57.900654	-7.8844943	0.0	97500	1160.546951532364
39	-49.02	-49.02	-49.7	-7.913775	12.308636	7.5705643	-57.88753	-7.913775	0.0	100000	1190.5419490337372
40	-49.2	-49.2	-48.4	-7.932913	12.372751	5.8451786	-57.10475	-7.932913	0.0	102500	1220.342725276947
41	-47.54	-47.54	-49.3	-7.9614415	12.353527	7.5598083	-58.97375	-7.9614415	0.0	105000	1250.3585522174835
42	-48.92	-48.92	-47.5	-8.00049	12.345393	6.1646266	-57.866642	-8.00049	0.1	107500	1280.0778558254242
43	-48.5	-48.5	-50.0	-8.015798	12.35813	5.5889983	-57.599762	-8.015798	0.0	110000	1310.014886856079
44	-49.6	-49.6	-47.7	-8.041477	12.380258	3.9446065	-57.551426	-8.041477	0.1	112500	1339.7746670246124
45	-49.46	-49.46	-50.0	-8.017767	12.34639	5.710449	-56.09659	-8.017767	0.0	115000	1369.4687929153442
46	-48.52	-48.52	-49.7	-8.0124235	12.243606	3.7619755	-57.629856	-8.0124235	0.0	117500	1399.8283631801605
47	-49.32	-49.32	-48.8	-7.9483213	12.0967655	8.599565	-55.071926	-7.9483213	0.0	120000	1429.9911031723022
48	-47.84	-47.84	-46.3	-7.911096	12.045356	4.739977	-60.871593	-7.911096	0.1	122500	1460.249891281128
49	-49.04	-49.04	-42.8	-7.909549	12.012299	4.100988	-55.462246	-7.909549	0.1	125000	1489.7879991531372
50	-49.08	-49.08	-47.4	-7.959207	12.030149	4.4676604	-56.04013	-7.959207	0.1	127500	1518.8269696235657
51	-48.72	-48.72	-50.0	-7.95534	11.997457	4.248204	-56.977253	-7.95534	0.0	130000	1547.0033919811249
52	-49.18	-49.18	-50.0	-7.978527	11.970211	6.348953	-56.439926	-7.978527	0.0	132500	1577.002905845642
53	-48.84	-48.84	-47.1	-7.974252	11.96698	4.5813794	-64.172714	-7.974252	0.0	135000	1606.6965036392212
54	-48.72	-48.72	-49.7	-8.024667	12.000851	4.534955	-63.495945	-8.024667	0.0	137500	1635.8340857028961
55	-49.24	-49.24	-49.0	-8.061321	12.026363	4.953184	-58.16147	-8.061321	0.0	140000	1665.2114980220795
56	-48.38	-48.38	-50.0	-8.15845	12.130724	7.751288	-57.943966	-8.15845	0.0	142500	1695.0844593048096
57	-49.38	-49.38	-49.5	-8.185022	12.163851	5.5444727	-59.528973	-8.185022	0.0	145000	1724.8139550685883
58	-49.0	-49.0	-46.5	-8.166391	12.143043	5.0548825	-56.889484	-8.166391	0.0	147500	1754.380348443985
59	-48.66	-48.66	-44.399998	-8.190885	12.150372	7.5425153	-58.180977	-8.190885	0.1	150000	1784.1681184768677
60	-48.28	-48.28	-50.0	-8.179692	12.156805	7.3964577	-59.331837	-8.179692	0.0	152500	1814.334395647049
61	-49.26	-49.26	-48.9	-8.182905	12.112104	9.962957	-57.778286	-8.182905	0.0	155000	1843.930282831192
62	-48.24	-48.24	-46.9	-8.049301	11.981272	12.506472	-61.772064	-8.049301	0.1	157500	1873.6245937347412
63	-49.18	-49.18	-50.0	-7.8467855	11.687432	10.262353	-58.848858	-7.8467855	0.0	160000	1903.9609055519104
64	-49.38	-49.38	-49.8	-7.66483	11.513627	5.0158186	-57.865955	-7.66483	0.0	162500	1934.068645954132
65	-48.18	-48.18	-49.8	-7.7014785	11.51647	5.6488543	-58.280552	-7.7014785	0.0	165000	1964.0624330043793
66	-48.58	-48.58	-49.7	-7.8218145	11.618541	6.3363695	-59.21109	-7.8218145	0.0	167500	1994.148999452591
67	-46.82	-46.82	-35.8	-7.913704	11.764447	10.254793	-60.015553	-7.913704	0.3	170000	2023.9623126983643
68	-48.8	-48.8	-49.8	-8.004173	11.893572	3.9244938	-63.583748	-8.004173	0.0	172500	2053.469126701355
69	-48.46	-48.46	-46.9	-8.141382	12.088483	5.643737	-59.832363	-8.141382	0.0	175000	2082.64305973053
70	-48.88	-48.88	-46.8	-8.185476	12.1782675	6.1997485	-66.84693	-8.185476	0.1	177500	2112.784765958786
71	-49.36	-49.36	-49.2	-8.306541	12.3115635	4.2020726	-61.128338	-8.306541	0.0	180000	2143.161844730377
72	-48.12	-48.12	-49.0	-8.31494	12.350121	7.2427244	-61.639317	-8.31494	0.0	182500	2173.372037410736
73	-47.1	-47.1	-46.5	-8.35054	12.358792	3.886519	-58.371883	-8.35054	0.0	185000	2203.2638471126556
74	-48.74	-48.74	-49.6	-8.40291	12.403542	9.416889	-58.37261	-8.40291	0.0	187500	2233.444389104843
75	-49.38	-49.38	-47.6	-8.397826	12.365861	9.035889	-60.271618	-8.397826	0.1	190000	2264.009088039398
76	-46.66	-46.66	-48.6	-8.330323	12.303887	6.048295	-58.76754	-8.330323	0.1	192500	2294.5088453292847
77	-49.36	-49.36	-44.899998	-8.31127	12.27464	5.44705	-59.007973	-8.31127	0.1	195000	2324.460583925247
78	-48.8	-48.8	-49.3	-8.33713	12.239629	15.018959	-58.882656	-8.33713	0.0	197500	2355.132302761078
79	-48.8	-48.8	-45.3	-8.313665	12.202262	6.701006	-56.40196	-8.313665	0.2	200000	2386.1284685134888
80	-48.58	-48.58	-50.0	-8.276972	12.118405	4.2066693	-61.482155	-8.276972	0.0	202500	2416.725100517273
81	-48.84	-48.84	-48.6	-8.308674	12.121481	8.695913	-61.385494	-8.308674	0.0	205000	2447.410297393799
82	-49.24	-49.24	-46.399998	-8.354679	12.140931	3.9025035	-72.41285	-8.354679	0.1	207500	2478.185688018799
83	-48.36	-48.36	-49.0	-8.42875	12.199896	6.279691	-55.89084	-8.42875	0.0	210000	2509.1076147556305
84	-48.62	-48.62	-45.2	-8.445443	12.186382	7.61652	-56.32991	-8.445443	0.1	212500	2540.281088590622
85	-47.94	-47.94	-47.9	-8.496465	12.183948	4.482106	-54.52562	-8.496465	0.0	215000	2570.346691131592
86	-47.76	-47.76	-46.2	-8.53815	12.168528	7.191146	-56.578655	-8.53815	0.0	217500	2601.0781004428864
87	-47.74	-47.74	-44.5	-8.582727	12.190857	5.544142	-60.44785	-8.582727	0.1	220000	2630.9627497196198
88	-48.3	-48.3	-49.8	-8.625713	12.241885	4.7203918	-60.343044	-8.625713	0.0	222500	2661.055783510208
89	-48.16	-48.16	-49.2	-8.648852	12.23156	4.6941476	-59.080605	-8.648852	0.0	225000	2691.464438676834
90	-47.84	-47.84	-46.0	-8.686398	12.206488	7.4707165	-62.02083	-8.686398	0.0	227500	2722.1721472740173
91	-48.64	-48.64	-48.5	-8.675322	12.176467	5.5466805	-57.549934	-8.675322	0.0	230000	2752.9491741657257
92	-49.36	-49.36	-46.2	-8.688689	12.139594	12.0541315	-61.521862	-8.688689	0.0	232500	2783.0561306476593
93	-47.86	-47.86	-48.7	-8.680585	12.077928	3.9738257	-64.43235	-8.680585	0.0	235000	2813.614006280899
94	-48.22	-48.22	-49.7	-8.722706	12.093596	6.7502594	-62.640858	-8.722706	0.0	237500	2843.0100288391113
95	-49.48	-49.48	-46.6	-8.79788	12.113233	4.207326	-57.86202	-8.79788	0.1	240000	2872.8433763980865
96	-47.72	-47.72	-45.600002	-8.792834	12.1122675	9.487635	-60.62363	-8.792834	0.1	242500	2903.225781440735
97	-49.14	-49.14	-44.399998	-8.830078	12.099485	6.5520597	-73.90214	-8.830078	0.1	245000	2933.4022183418274
98	-48.04	-48.04	-48.3	-8.834995	12.10652	11.354021	-58.487713	-8.834995	0.0	247500	2963.724660873413
99	-48.14	-48.14	-47.1	-8.938974	12.235843	9.057493	-58.30273	-8.938974	0.1	250000	2994.088392972946
100	-47.6	-47.6	-46.5	-8.992894	12.266931	10.663408	-66.44089	-8.992894	0.0	252500	3023.5726642608643
101	-48.06	-48.06	-41.399998	-9.019107	12.301205	9.536784	-59.77354	-9.019107	0.2	255000	3053.120778799057
102	-48.36	-48.36	-46.3	-9.090506	12.324364	8.590298	-64.47894	-9.090506	0.0	257500	3082.8948183059692
103	-47.86	-47.86	-49.7	-9.135969	12.37272	13.378026	-58.71615	-9.135969	0.0	260000	3113.0384364128113
104	-46.48	-46.48	-49.5	-9.146864	12.414378	12.467103	-72.74094	-9.146864	0.0	262500	3143.3951268196106
105	-46.04	-46.04	-42.600002	-9.039322	12.251464	6.7146006	-59.629986	-9.039322	0.2	265000	3173.960557937622
106	-48.38	-48.38	-44.600002	-8.89973	11.969207	9.870419	-64.32567	-8.89973	0.1	267500	3204.3277759552
107	-48.32	-48.32	-49.5	-8.666562	11.610572	10.142336	-64.041435	-8.666562	0.0	270000	3235.058191537857
108	-49.4	-49.4	-44.3	-8.497912	11.401481	7.263345	-61.59419	-8.497912	0.1	272500	3265.7086448669434
109	-49.32	-49.32	-47.9	-8.466998	11.387238	6.196496	-61.130707	-8.466998	0.1	275000	3296.565291404724
110	-45.76	-45.76	-46.6	-8.525284	11.417655	7.932401	-67.20884	-8.525284	0.1	277500	3327.5847747325897
111	-47.76	-47.76	-49.4	-8.606505	11.566706	5.434271	-59.618458	-8.606505	0.0	280000	3357.919667482376
112	-47.52	-47.52	-42.600002	-8.702244	11.728617	5.887479	-59.76324	-8.702244	0.2	282500	3388.742013692856
113	-47.02	-47.02	-43.8	-8.782218	11.867814	6.6066623	-62.080692	-8.782218	0.1	285000	3419.705582141876
114	-47.56	-47.56	-42.2	-8.898166	12.024083	4.6321363	-59.02488	-8.898166	0.2	287500	3449.9387123584747
115	-47.28	-47.28	-47.6	-8.982317	12.137546	4.9210987	-63.014202	-8.982317	0.1	290000	3480.705548763275
116	-47.64	-47.64	-36.899998	-9.005819	12.227532	6.958	-59.4564	-9.005819	0.4	292500	3510.9367620944977
117	-47.82	-47.82	-40.0	-9.030017	12.2948265	6.0778933	-63.409214	-9.030017	0.4	295000	3541.023708343506
118	-45.72	-45.72	-44.899998	-9.017255	12.334447	4.7171326	-59.26092	-9.017255	0.2	297500	3571.334243774414
119	-45.48	-45.48	-48.5	-9.086804	12.339387	6.88175	-66.22417	-9.086804	0.1	300000	3601.511731863022
120	-48.04	-48.04	-45.3	-9.14526	12.394602	6.7121	-59.95664	-9.14526	0.1	302500	3632.077298641205
121	-47.92	-47.92	-47.4	-9.187603	12.421698	6.590314	-61.32757	-9.187603	0.1	305000	3661.794100999832
122	-47.2	-47.2	-42.399998	-9.198045	12.475348	6.584446	-60.840923	-9.198045	0.1	307500	3691.5491428375244
123	-47.34	-47.34	-39.8	-9.265896	12.510318	11.346142	-61.60547	-9.265896	0.2	310000	3721.4637699127197
124	-48.56	-48.56	-41.8	-9.23852	12.45444	8.198238	-62.32543	-9.23852	0.1	312500	3751.564494371414
125	-47.42	-47.42	-49.6	-9.188615	12.361242	8.60417	-69.55042	-9.188615	0.0	315000	3781.561239719391
126	-46.9	-46.9	-34.2	-9.178907	12.287836	4.6834397	-69.40692	-9.178907	0.5	317500	3811.381365299225
127	-47.9	-47.9	-42.100002	-9.0983	12.091338	10.009674	-60.223263	-9.0983	0.3	320000	3841.5649552345276
128	-47.04	-47.04	-40.8	-8.959704	11.85442	3.1837559	-64.151855	-8.959704	0.3	322500	3871.459903717041
129	-47.08	-47.08	-44.5	-8.853795	11.621176	10.2932625	-66.86679	-8.853795	0.1	325000	3901.016052722931
130	-47.0	-47.0	-47.0	-8.89016	11.589736	11.193867	-63.264957	-8.89016	0.1	327500	3931.0606031417847
131	-48.08	-48.08	-44.399998	-8.889941	11.575892	11.453669	-62.82139	-8.889941	0.1	330000	3961.216494321823
132	-46.86	-46.86	-47.1	-8.871325	11.557679	10.637707	-62.69984	-8.871325	0.1	332500	3991.6281316280365
133	-45.94	-45.94	-39.600002	-8.940314	11.696794	8.919006	-63.189285	-8.940314	0.2	335000	4022.026398897171
134	-46.08	-46.08	-48.0	-8.944554	11.697163	9.2465725	-63.0558	-8.944554	0.2	337500	4052.581506252289
135	-48.04	-48.04	-47.4	-8.946717	11.723503	4.5899887	-61.04991	-8.946717	0.1	340000	4082.541708946228
136	-48.36	-48.36	-47.6	-8.942539	11.694617	11.815296	-61.93127	-8.942539	0.0	342500	4112.694221973419
137	-47.28	-47.28	-44.2	-8.994559	11.820066	10.352594	-61.582153	-8.994559	0.1	345000	4142.715917825699
138	-45.04	-45.04	-37.5	-8.996049	11.870708	6.1513486	-63.27797	-8.996049	0.3	347500	4173.158713817596
139	-47.58	-47.58	-47.2	-9.127262	11.998473	5.6207457	-62.84324	-9.127262	0.0	350000	4203.038596868515
140	-48.52	-48.52	-46.8	-9.126013	12.026467	4.626115	-60.50927	-9.126013	0.1	352500	4233.647944927216
141	-46.42	-46.42	-45.2	-9.127071	12.007423	11.848295	-58.92896	-9.127071	0.1	355000	4263.777869224548
142	-47.46	-47.46	-44.7	-9.114489	12.057151	10.117113	-59.802475	-9.114489	0.1	357500	4294.286912441254
143	-46.96	-46.96	-41.8	-9.204314	12.1582	8.032848	-67.15346	-9.204314	0.3	360000	4324.6664798259735
144	-47.1	-47.1	-49.7	-9.216442	12.172599	8.32213	-66.61602	-9.216442	0.0	362500	4354.734150886536
145	-47.82	-47.82	-48.4	-9.300068	12.244535	9.257469	-59.588974	-9.300068	0.0	365000	4384.989100456238
146	-46.7	-46.7	-47.0	-9.332457	12.21629	7.5003085	-68.34289	-9.332457	0.0	367500	4415.584389925003
147	-47.16	-47.16	-43.899998	-9.311794	12.167353	7.776886	-66.05588	-9.311794	0.4	370000	4446.188323020935
148	-48.42	-48.42	-49.7	-9.368862	12.209458	11.27377	-59.458824	-9.368862	0.0	372500	4476.650620222092
149	-46.34	-46.34	-44.5	-9.3716545	12.209685	12.264042	-57.682114	-9.3716545	0.3	375000	4507.168717622757
150	-47.9	-47.9	-39.399998	-9.417303	12.2900095	7.860707	-58.739296	-9.417303	0.3	377500	4537.4237406253815
151	-46.82	-46.82	-43.399998	-9.405228	12.294598	7.905226	-64.64735	-9.405228	0.2	380000	4568.136168003082
152	-46.06	-46.06	-44.8	-9.427146	12.2240305	14.119127	-60.263336	-9.427146	0.0	382500	4598.637476682663
153	-47.14	-47.14	-37.600002	-9.420222	12.193533	7.519948	-57.348156	-9.420222	0.3	385000	4628.122478961945
154	-46.9	-46.9	-45.3	-9.3610735	12.15744	9.6842575	-58.234604	-9.3610735	0.2	387500	4658.090528964996
155	-47.36	-47.36	-44.0	-9.458148	12.209086	14.520157	-58.800415	-9.458148	0.2	390000	4688.346901416779
156	-46.44	-46.44	-47.1	-9.484556	12.298932	13.767612	-62.62501	-9.484556	0.1	392500	4718.952765226364
157	-45.2	-45.2	-45.100002	-9.555578	12.382693	13.563723	-63.72847	-9.555578	0.1	395000	4748.954090356827
158	-47.38	-47.38	-46.2	-9.669933	12.518475	8.451896	-58.493713	-9.669933	0.2	397500	4778.800299882889
159	-46.54	-46.54	-42.100002	-9.69779	12.548263	8.097523	-66.897606	-9.69779	0.3	400000	4809.452486038208
160	-45.44	-45.44	-44.0	-9.666881	12.502206	6.9708986	-67.24054	-9.666881	0.1	402500	4839.47248339653
161	-47.16	-47.16	-47.1	-9.614124	12.418752	4.7227793	-62.835846	-9.614124	0.1	405000	4869.703169822693
162	-45.78	-45.78	-35.899998	-9.542357	12.30568	8.029169	-65.99106	-9.542357	0.4	407500	4899.131380319595
163	-46.52	-46.52	-36.8	-9.501819	12.193807	11.743234	-69.82985	-9.501819	0.3	410000	4929.544410943985
164	-47.08	-47.08	-42.3	-9.4083395	12.059814	7.107924	-71.3501	-9.4083395	0.0	412500	4960.160049915314
165	-47.76	-47.76	-38.600002	-9.358488	11.974627	5.6687574	-68.51837	-9.358488	0.4	415000	4990.676802158356
166	-45.62	-45.62	-44.5	-9.288762	11.92494	11.275076	-62.622143	-9.288762	0.1	417500	5021.060324192047
167	-46.44	-46.44	-42.100002	-9.314001	11.92244	4.5735726	-66.19419	-9.314001	0.1	420000	5051.606947660446
168	-48.48	-48.48	-46.3	-9.317028	11.951136	9.228046	-61.711983	-9.317028	0.1	422500	5082.963910579681
169	-48.58	-48.58	-44.899998	-9.388457	12.060627	6.613459	-65.39193	-9.388457	0.0	425000	5113.716578722
170	-46.34	-46.34	-47.4	-9.450645	12.188506	7.4151444	-67.030754	-9.450645	0.0	427500	5143.644484043121
171	-47.76	-47.76	-41.5	-9.5394125	12.3429365	10.96692	-62.45034	-9.5394125	0.3	430000	5174.0181205272675
172	-47.4	-47.4	-47.5	-9.551562	12.415582	10.024101	-66.37574	-9.551562	0.1	432500	5204.239897489548
173	-46.22	-46.22	-45.399998	-9.568717	12.419838	7.000944	-60.7973	-9.568717	0.3	435000	5234.191841125488
174	-46.32	-46.32	-42.100002	-9.653021	12.540294	6.072936	-61.657867	-9.653021	0.2	437500	5264.619302988052
175	-46.5	-46.5	-44.0	-9.606127	12.485358	7.5882115	-61.68311	-9.606127	0.1	440000	5294.962897062302
176	-46.56	-46.56	-48.6	-9.608218	12.454228	7.9091578	-62.104523	-9.608218	0.0	442500	5324.96457362175
177	-47.72	-47.72	-46.6	-9.689494	12.534013	13.678929	-64.13929	-9.689494	0.1	445000	5355.486958742142
178	-47.52	-47.52	-47.1	-9.766282	12.587574	5.973188	-60.35023	-9.766282	0.1	447500	5386.460038423538
179	-48.78	-48.78	-48.3	-9.750491	12.582893	4.630855	-61.555412	-9.750491	0.0	450000	5416.708199262619
180	-47.58	-47.58	-48.2	-9.766564	12.6242	6.048517	-66.949524	-9.766564	0.0	452500	5447.768185853958
181	-48.2	-48.2	-47.4	-9.782683	12.6353245	6.249183	-57.692604	-9.782683	0.2	455000	5478.410856723785
182	-46.64	-46.64	-44.8	-9.690769	12.572957	7.6298594	-65.66115	-9.690769	0.1	457500	5509.1037583351135
183	-47.72	-47.72	-39.0	-9.69481	12.567948	4.095877	-67.801155	-9.69481	0.3	460000	5539.371298789978
184	-45.16	-45.16	-49.1	-9.672109	12.559452	6.5942063	-61.58159	-9.672109	0.1	462500	5570.185467481613
185	-46.56	-46.56	-45.399998	-9.636822	12.521505	6.678559	-66.84798	-9.636822	0.2	465000	5601.174876213074
186	-46.82	-46.82	-47.4	-9.692818	12.6292305	6.120041	-66.522896	-9.692818	0.0	467500	5631.719100475311
187	-46.52	-46.52	-44.3	-9.743974	12.699696	6.00562	-60.939034	-9.743974	0.1	470000	5662.462229728699
188	-46.82	-46.82	-43.2	-9.773706	12.766894	7.5409746	-80.128784	-9.773706	0.1	472500	5693.66015291214
189	-48.24	-48.24	-44.399998	-9.810815	12.780268	7.4997063	-64.57615	-9.810815	0.2	475000	5724.093585968018
190	-46.2	-46.2	-48.0	-9.816384	12.704093	8.807649	-60.666275	-9.816384	0.0	477500	5754.977506875992
191	-48.1	-48.1	-44.0	-9.885424	12.760692	6.441185	-69.049164	-9.885424	0.1	480000	5785.754935503006
192	-48.58	-48.58	-47.8	-9.964969	12.836654	7.008748	-60.863625	-9.964969	0.2	482500	5815.6992909908295
193	-48.76	-48.76	-45.8	-10.022842	12.957295	3.9709082	-67.00887	-10.022842	0.2	485000	5845.867711544037
194	-46.24	-46.24	-49.7	-10.09646	13.102752	7.384184	-65.92617	-10.09646	0.1	487500	5876.204781293869
195	-46.94	-46.94	-46.2	-10.162878	13.2139435	9.61174	-64.15361	-10.162878	0.2	490000	5906.148082971573
196	-47.8	-47.8	-48.3	-10.121185	13.171958	5.689866	-59.276447	-10.121185	0.1	492500	5936.38508439064
197	-47.66	-47.66	-37.0	-10.112059	13.14686	8.30703	-66.62915	-10.112059	0.3	495000	5966.746316194534
198	-47.38	-47.38	-42.399998	-10.107625	13.128388	6.567137	-61.344402	-10.107625	0.2	497500	5996.830155611038
199	-46.82	-46.82	-45.600002	-10.044317	13.051266	11.018865	-65.66089	-10.044317	0.2	500000	6026.546442747116
200	-47.56	-47.56	-45.600002	-9.994168	12.989207	8.845391	-61.043	-9.994168	0.1	502500	6055.773679733276
201	-45.18	-45.18	-46.100002	-9.977984	12.949925	8.486842	-58.846813	-9.977984	0.1	505000	6083.7539093494415
202	-47.48	-47.48	-44.100002	-9.9293585	12.86521	13.029984	-58.923607	-9.9293585	0.1	507500	6114.051876544952
203	-46.86	-46.86	-43.8	-9.879515	12.744523	10.595465	-60.26038	-9.879515	0.3	510000	6143.789255619049
204	-46.52	-46.52	-44.5	-9.837078	12.664365	6.573827	-61.16578	-9.837078	0.0	512500	6172.758508205414
205	-47.3	-47.3	-48.2	-9.788257	12.655152	6.361911	-62.6966	-9.788257	0.2	515000	6203.172935724258
206	-46.04	-46.04	-48.7	-9.79049	12.64217	5.720085	-62.68683	-9.79049	0.0	517500	6232.377424955368
207	-45.4	-45.4	-44.2	-9.786583	12.665018	5.8407974	-61.81691	-9.786583	0.2	520000	6262.497481107712
208	-46.68	-46.68	-43.3	-9.800922	12.703034	7.4099646	-63.395145	-9.800922	0.3	522500	6292.240500688553
209	-46.76	-46.76	-47.1	-9.796823	12.685208	9.47973	-58.954247	-9.796823	0.1	525000	6322.995964050293
210	-45.1	-45.1	-46.0	-9.768577	12.66194	6.7415905	-70.93774	-9.768577	0.1	527500	6352.995158672333
211	-46.82	-46.82	-44.899998	-9.807287	12.655867	6.6902294	-63.11898	-9.807287	0.3	530000	6382.888801336288
212	-46.56	-46.56	-43.100002	-9.791421	12.677244	7.590659	-60.98128	-9.791421	0.1	532500	6412.895482778549
213	-46.64	-46.64	-44.600002	-9.876741	12.792875	7.0306787	-61.99783	-9.876741	0.3	535000	6443.119349718094
214	-47.12	-47.12	-47.3	-9.864543	12.817349	7.2311344	-61.11531	-9.864543	0.0	537500	6473.538571834564
215	-47.3	-47.3	-46.399998	-9.911751	12.87116	10.305016	-65.183586	-9.911751	0.1	540000	6504.015872001648
216	-44.48	-44.48	-47.1	-9.906348	12.870707	11.357377	-62.062744	-9.906348	0.1	542500	6533.775710821152
217	-44.28	-44.28	-34.2	-9.828439	12.769383	14.866446	-62.523766	-9.828439	0.5	545000	6564.433505058289
218	-45.8	-45.8	-43.399998	-9.806267	12.703177	8.0845785	-60.456505	-9.806267	0.1	547500	6594.893270492554
219	-45.42	-45.42	-45.600002	-9.709563	12.614695	10.551754	-64.23232	-9.709563	0.2	550000	6625.261219739914
220	-46.44	-46.44	-41.7	-9.813772	12.677659	7.0003157	-59.40461	-9.813772	0.1	552500	6655.545719623566
221	-46.24	-46.24	-39.100002	-9.811364	12.665338	8.729716	-71.134285	-9.811364	0.2	555000	6685.500330209732
222	-47.7	-47.7	-41.0	-9.8513975	12.7101345	7.3131304	-65.8161	-9.8513975	0.1	557500	6715.202831983566
223	-48.32	-48.32	-44.100002	-9.931997	12.841588	7.2120066	-60.341114	-9.931997	0.1	560000	6744.375584602356
224	-46.98	-46.98	-44.2	-9.966221	12.9036665	5.348219	-60.2239	-9.966221	0.0	562500	6774.388934135437
225	-45.64	-45.64	-40.2	-9.945119	12.910095	7.045969	-60.63298	-9.945119	0.3	565000	6804.8911192417145
226	-45.72	-45.72	-30.7	-9.929794	12.927381	7.072584	-65.78818	-9.929794	0.8	567500	6835.035937547684
227	-45.64	-45.64	-46.2	-9.983672	12.980156	4.641077	-70.66559	-9.983672	0.1	570000	6864.85061621666
228	-46.38	-46.38	-41.7	-10.072039	13.082496	6.1807756	-62.359566	-10.072039	0.2	572500	6894.7572247982025
229	-45.94	-45.94	-44.0	-10.101783	13.143646	4.91833	-60.456284	-10.101783	0.3	575000	6925.115911960602
230	-47.74	-47.74	-42.100002	-10.097511	13.159535	6.1286364	-60.894676	-10.097511	0.3	577500	6955.5841562747955
231	-45.6	-45.6	-40.100002	-10.097531	13.173701	8.291454	-69.3844	-10.097531	0.3	580000	6985.78159403801
232	-48.24	-48.24	-37.899998	-10.028359	13.101059	5.7652225	-69.447586	-10.028359	0.6	582500	7015.892098903656
233	-46.52	-46.52	-43.3	-9.997338	13.018357	6.916029	-61.2551	-9.997338	0.2	585000	7045.884788036346
234	-45.16	-45.16	-42.2	-9.884168	12.895924	5.8613987	-62.91782	-9.884168	0.3	587500	7076.21555352211
235	-46.62	-46.62	-44.8	-9.79704	12.728482	9.355987	-65.506256	-9.79704	0.1	590000	7105.827400684357
236	-46.46	-46.46	-41.600002	-9.6746645	12.534233	12.322001	-63.501076	-9.6746645	0.2	592500	7136.0185079574585
237	-47.14	-47.14	-43.399998	-9.562365	12.3266945	4.922801	-62.25969	-9.562365	0.1	595000	7166.460538625717
238	-46.86	-46.86	-43.899998	-9.518243	12.2768755	7.6650887	-59.161926	-9.518243	0.2	597500	7196.816137552261
239	-45.18	-45.18	-32.899998	-9.549927	12.287762	5.046199	-59.939472	-9.549927	0.3	600000	7227.567777395248
240	-45.58	-45.58	-46.8	-9.566014	12.329629	13.258455	-68.32545	-9.566014	0.2	602500	7255.746333360672
241	-42.86	-42.86	-43.5	-9.593549	12.386074	15.69874	-63.550953	-9.593549	0.1	605000	7286.233154296875
242	-47.68	-47.68	-41.5	-9.588422	12.412213	14.805174	-67.14759	-9.588422	0.4	607500	7314.391012907028
243	-45.5	-45.5	-46.8	-9.634567	12.459486	5.8960257	-67.30459	-9.634567	0.1	610000	7342.370028734207
244	-46.1	-46.1	-42.899998	-9.683831	12.54369	7.38692	-68.70641	-9.683831	0.1	612500	7371.84033536911
245	-45.7	-45.7	-41.3	-9.741016	12.614016	8.579912	-63.752003	-9.741016	0.4	615000	7401.825544118881
246	-45.46	-45.46	-45.399998	-9.731257	12.657883	8.706672	-71.17508	-9.731257	0.1	617500	7431.855013847351
247	-44.76	-44.76	-46.6	-9.713954	12.694728	16.14736	-59.386642	-9.713954	0.1	620000	7462.203741788864
248	-47.22	-47.22	-41.600002	-9.752241	12.716076	10.463126	-83.21723	-9.752241	0.2	622500	7492.317506074905
249	-47.02	-47.02	-41.899998	-9.751557	12.725524	5.765888	-65.21372	-9.751557	0.2	625000	7521.978688001633
250	-46.7	-46.7	-41.399998	-9.767607	12.788141	8.203022	-70.33734	-9.767607	0.2	627500	7551.645447731018
251	-44.68	-44.68	-43.2	-9.801442	12.835675	12.229506	-68.0406	-9.801442	0.2	630000	7581.2808084487915
252	-46.14	-46.14	-38.100002	-9.818428	12.854186	9.182375	-59.504314	-9.818428	0.5	632500	7610.9704167842865
253	-44.3	-44.3	-39.8	-9.819627	12.9095745	12.714553	-65.430565	-9.819627	0.2	635000	7640.923396110535
254	-45.54	-45.54	-39.3	-9.837454	12.941682	10.156732	-60.847862	-9.837454	0.3	637500	7670.985944509506
255	-46.46	-46.46	-41.8	-9.8978405	13.00132	9.007622	-63.187115	-9.8978405	0.3	640000	7700.411561250687
256	-44.2	-44.2	-33.100002	-9.920949	13.009397	8.835135	-61.046535	-9.920949	0.4	642500	7730.504284858704
257	-45.32	-45.32	-44.899998	-9.924658	13.065549	9.102306	-60.25235	-9.924658	0.1	645000	7761.074882984161
258	-44.58	-44.58	-41.8	-9.9815645	13.11484	11.921607	-63.436127	-9.9815645	0.2	647500	7791.624039411545
259	-44.92	-44.92	-44.600002	-9.985977	13.138141	9.941062	-64.91915	-9.985977	0.1	650000	7821.475086688995
260	-45.44	-45.44	-45.899998	-9.975207	13.122618	9.704527	-61.181015	-9.975207	0.1	652500	7851.693998098373
261	-46.1	-46.1	-49.6	-9.996743	13.154899	7.2398243	-62.831673	-9.996743	0.0	655000	7881.939826726913
262	-44.6	-44.6	-38.8	-10.140593	13.281092	7.5534716	-69.08797	-10.140593	0.4	657500	7912.453672170639
263	-44.98	-44.98	-44.100002	-10.14897	13.301184	7.1681128	-65.49979	-10.14897	0.1	660000	7942.964493513107
264	-46.62	-46.62	-45.899998	-10.154136	13.295763	11.015169	-63.593616	-10.154136	0.1	662500	7973.157941102982
265	-45.92	-45.92	-42.5	-10.096844	13.253704	17.542646	-63.822495	-10.096844	0.2	665000	8003.732717514038
266	-46.0	-46.0	-45.600002	-10.122196	13.189661	9.4769335	-57.355717	-10.122196	0.0	667500	8033.904617071152
267	-46.9	-46.9	-36.899998	-10.176161	13.215534	13.844228	-66.88122	-10.176161	0.3	670000	8063.235100746155
268	-43.78	-43.78	-46.399998	-10.117811	13.181278	8.587043	-90.60489	-10.117811	0.1	672500	8093.50847363472
269	-45.0	-45.0	-43.5	-10.129003	13.2120495	11.443756	-68.538925	-10.129003	0.3	675000	8124.030789136887
270	-46.48	-46.48	-43.8	-10.164169	13.270497	20.701128	-65.162895	-10.164169	0.1	677500	8153.949119091034
271	-47.14	-47.14	-38.899998	-10.203393	13.363251	6.0315504	-65.01527	-10.203393	0.1	680000	8184.228079557419
272	-47.22	-47.22	-44.7	-10.219095	13.409368	8.265774	-63.75906	-10.219095	0.1	682500	8213.839960813522
273	-45.64	-45.64	-44.600002	-10.221106	13.382873	13.073042	-59.99018	-10.221106	0.0	685000	8244.278123378754
274	-44.5	-44.5	-43.0	-10.249901	13.428194	12.881387	-69.54134	-10.249901	0.3	687500	8274.490771770477
275	-46.7	-46.7	-42.0	-10.286416	13.473536	9.581586	-65.62023	-10.286416	0.2	690000	8305.22539138794
276	-46.6	-46.6	-39.8	-10.363038	13.524383	12.886846	-68.67713	-10.363038	0.3	692500	8335.017172813416
277	-46.04	-46.04	-41.8	-10.339268	13.538059	13.318202	-63.95136	-10.339268	0.2	695000	8365.189485549927
278	-45.02	-45.02	-37.600002	-10.353968	13.527606	8.5620365	-63.192814	-10.353968	0.3	697500	8395.270589590073
279	-47.22	-47.22	-46.100002	-10.337533	13.529706	6.8520603	-69.55482	-10.337533	0.0	700000	8423.543382883072
280	-46.5	-46.5	-44.2	-10.282548	13.442723	11.21467	-70.22712	-10.282548	0.1	702500	8452.836386442184
281	-47.48	-47.48	-44.100002	-10.219162	13.38665	9.072638	-63.269398	-10.219162	0.5	705000	8483.005666255951
282	-46.06	-46.06	-43.3	-10.205765	13.319295	13.050482	-60.51995	-10.205765	0.2	707500	8512.204823732376
283	-45.46	-45.46	-43.399998	-10.179419	13.262044	8.695377	-65.061455	-10.179419	0.1	710000	8541.91913986206
284	-46.2	-46.2	-42.7	-10.202498	13.215646	10.719581	-66.88437	-10.202498	0.2	712500	8571.766685009003
285	-47.88	-47.88	-45.399998	-10.182116	13.196066	6.026679	-63.270393	-10.182116	0.1	715000	8601.88675737381
286	-45.74	-45.74	-45.600002	-10.239164	13.269122	9.849877	-69.913994	-10.239164	0.0	717500	8631.463561058044
287	-46.38	-46.38	-48.8	-10.282505	13.332871	8.158777	-62.695244	-10.282505	0.1	720000	8661.534090280533
288	-45.7	-45.7	-47.2	-10.248181	13.312118	8.044621	-64.700096	-10.248181	0.1	722500	8691.402268886566
289	-46.1	-46.1	-46.6	-10.238584	13.254253	8.749402	-60.843826	-10.238584	0.0	725000	8722.122425556183
290	-46.86	-46.86	-40.2	-10.240896	13.262353	9.9807625	-60.959496	-10.240896	0.3	727500	8752.094685792923
291	-46.44	-46.44	-43.5	-10.202448	13.242916	5.8799067	-69.13206	-10.202448	0.3	730000	8782.882516145706
292	-47.56	-47.56	-46.399998	-10.206216	13.262947	6.8018856	-67.57679	-10.206216	0.1	732500	8813.718017339706
293	-47.36	-47.36	-45.3	-10.207306	13.235787	8.255704	-68.15224	-10.207306	0.2	735000	8844.374513864517
294	-44.88	-44.88	-44.100002	-10.229629	13.2593975	11.919139	-66.89937	-10.229629	0.1	737500	8874.669281721115
295	-47.84	-47.84	-48.8	-10.17477	13.229928	9.681679	-68.514656	-10.17477	0.0	740000	8904.879805326462
296	-46.62	-46.62	-46.2	-10.17325	13.213071	8.388379	-67.22521	-10.17325	0.1	742500	8935.32012295723
297	-45.22	-45.22	-42.399998	-10.151407	13.237922	9.965381	-69.05495	-10.151407	0.1	745000	8966.075486421585
298	-46.4	-46.4	-48.8	-10.113415	13.18086	16.068386	-62.9512	-10.113415	0.0	747500	8995.625652074814
299	-46.06	-46.06	-42.100002	-10.174686	13.174268	9.729769	-61.820152	-10.174686	0.3	750000	9026.437163114548
300	-46.1	-46.1	-40.8	-10.151282	13.148288	8.3633585	-61.41985	-10.151282	0.4	752500	9057.132362604141
301	-47.34	-47.34	-47.6	-10.143756	13.104832	8.587481	-65.86619	-10.143756	0.1	755000	9087.517465353012
302	-46.78	-46.78	-45.600002	-10.110601	13.0187025	9.057633	-73.79767	-10.110601	0.1	757500	9118.214714288712
303	-46.92	-46.92	-44.7	-10.111548	12.956829	12.772121	-57.10272	-10.111548	0.1	760000	9148.547890901566
304	-46.84	-46.84	-37.899998	-10.124102	13.005891	6.5254917	-73.9405	-10.124102	0.3	762500	9179.226774930954
305	-47.62	-47.62	-43.3	-10.068823	12.94153	14.722765	-66.60403	-10.068823	0.3	765000	9210.182701826096
306	-43.1	-43.1	-37.7	-10.061531	12.936184	8.496835	-63.293823	-10.061531	0.4	767500	9241.384552001953
307	-46.9	-46.9	-38.399998	-10.019409	12.924715	5.890087	-67.429565	-10.019409	0.4	770000	9272.124206542969
308	-45.08	-45.08	-34.7	-10.048871	13.008867	10.80181	-64.134865	-10.048871	0.3	772500	9302.805332183838
309	-46.54	-46.54	-45.5	-10.066114	13.017905	8.353696	-69.79027	-10.066114	0.1	775000	9332.88503909111
310	-46.98	-46.98	-47.2	-10.103238	13.074992	18.472784	-59.64962	-10.103238	0.0	777500	9363.406561613083
311	-47.54	-47.54	-41.899998	-10.157024	13.155028	6.0118303	-63.52739	-10.157024	0.2	780000	9393.40531373024
312	-46.98	-46.98	-44.7	-10.178415	13.222311	14.480738	-65.910515	-10.178415	0.1	782500	9423.216757059097
313	-45.64	-45.64	-43.399998	-10.260335	13.293941	10.439601	-64.9043	-10.260335	0.3	785000	9452.651913404465
314	-44.36	-44.36	-43.100002	-10.232986	13.284377	6.29356	-66.90105	-10.232986	0.3	787500	9482.969236373901
315	-45.6	-45.6	-39.600002	-10.176041	13.24345	11.395515	-67.33858	-10.176041	0.0	790000	9512.877956151962
316	-47.54	-47.54	-43.3	-10.209914	13.264744	9.718289	-64.84487	-10.209914	0.4	792500	9543.038375854492
317	-46.44	-46.44	-41.600002	-10.205495	13.25682	29.288177	-65.17393	-10.205495	0.4	795000	9573.462880373001
318	-45.88	-45.88	-37.7	-10.224811	13.273733	9.696417	-75.54266	-10.224811	0.3	797500	9603.31933259964
319	-45.66	-45.66	-43.399998	-10.247591	13.280165	10.552564	-83.394394	-10.247591	0.2	800000	9633.34244275093
320	-44.72	-44.72	-43.600002	-10.2251	13.219034	7.39832	-59.88521	-10.2251	0.1	802500	9663.697870016098
321	-46.58	-46.58	-47.1	-10.33681	13.312505	18.218088	-65.10754	-10.33681	0.2	805000	9694.190655946732
322	-46.24	-46.24	-42.100002	-10.335847	13.382304	11.200748	-62.521816	-10.335847	0.2	807500	9723.741025686264
323	-46.98	-46.98	-44.600002	-10.438682	13.496558	10.733553	-62.97123	-10.438682	0.1	810000	9754.731258630753
324	-47.18	-47.18	-39.0	-10.424594	13.5198345	19.282475	-73.25185	-10.424594	0.2	812500	9785.683811903
325	-45.06	-45.06	-41.399998	-10.390391	13.500923	16.091705	-57.309372	-10.390391	0.4	815000	9816.276359796524
326	-45.68	-45.68	-42.5	-10.381626	13.529729	10.0708885	-70.819405	-10.381626	0.2	817500	9846.884999275208
327	-46.22	-46.22	-39.5	-10.375892	13.53869	8.571663	-68.86361	-10.375892	0.3	820000	9877.79212141037
328	-44.96	-44.96	-43.5	-10.376097	13.52826	11.64396	-60.958885	-10.376097	0.2	822500	9908.409346342087
329	-46.28	-46.28	-40.8	-10.411435	13.56002	10.206301	-64.666885	-10.411435	0.2	825000	9938.020287275314
330	-45.92	-45.92	-46.100002	-10.361969	13.506685	12.024763	-57.094463	-10.361969	0.2	827500	9968.085095643997
331	-47.94	-47.94	-41.8	-10.348407	13.49782	9.64627	-61.200623	-10.348407	0.4	830000	9998.22165942192
332	-46.68	-46.68	-42.399998	-10.345157	13.478768	8.508298	-70.14592	-10.345157	0.3	832500	10028.30397772789
333	-45.96	-45.96	-43.899998	-10.319369	13.4481325	6.43974	-59.500763	-10.319369	0.2	835000	10058.860572576523
334	-43.62	-43.62	-36.3	-10.419854	13.521875	7.18816	-66.37379	-10.419854	0.4	837500	10089.245378494263
335	-46.08	-46.08	-40.100002	-10.394987	13.527238	8.464147	-62.062542	-10.394987	0.3	840000	10119.076946258545
336	-45.74	-45.74	-44.2	-10.358069	13.47287	10.813853	-64.05373	-10.358069	0.0	842500	10148.581409454346
337	-47.4	-47.4	-44.8	-10.378425	13.417461	24.341753	-59.40259	-10.378425	0.1	845000	10178.735873699188
338	-46.5	-46.5	-40.8	-10.351076	13.385608	7.6789465	-66.23001	-10.351076	0.4	847500	10209.490575551987
339	-45.48	-45.48	-39.600002	-10.366025	13.430374	7.26536	-61.26411	-10.366025	0.3	850000	10239.627719402313
340	-45.46	-45.46	-43.2	-10.404346	13.460794	9.278144	-67.08191	-10.404346	0.2	852500	10270.081551790237
341	-43.36	-43.36	-37.2	-10.428982	13.505005	8.595298	-61.629166	-10.428982	0.4	855000	10299.526293039322
342	-45.38	-45.38	-42.2	-10.45921	13.507291	9.615586	-58.03122	-10.45921	0.4	857500	10329.8526263237
343	-46.1	-46.1	-39.0	-10.476573	13.546063	8.038318	-70.687515	-10.476573	0.3	860000	10359.871271371841
344	-45.14	-45.14	-40.8	-10.452705	13.457849	9.797735	-67.62778	-10.452705	0.4	862500	10389.958663702011
345	-46.08	-46.08	-47.2	-10.447348	13.457094	6.194769	-66.33981	-10.447348	0.0	865000	10420.08612537384
346	-47.56	-47.56	-38.0	-10.432646	13.46163	10.193106	-66.81589	-10.432646	0.5	867500	10449.483534097672
347	-44.6	-44.6	-41.3	-10.419908	13.451419	8.674867	-67.5869	-10.419908	0.2	870000	10479.898507118225
348	-45.94	-45.94	-41.8	-10.367051	13.346766	18.050411	-59.54612	-10.367051	0.2	872500	10510.308616161346
349	-44.66	-44.66	-48.0	-10.38339	13.357168	8.236975	-62.05201	-10.38339	0.1	875000	10540.340478658676
350	-45.92	-45.92	-46.5	-10.321922	13.34521	16.771502	-59.570847	-10.321922	0.2	877500	10571.337171792984
351	-44.64	-44.64	-45.2	-10.374098	13.387886	7.5568237	-61.157497	-10.374098	0.1	880000	10602.865341424942
352	-44.68	-44.68	-42.899998	-10.409733	13.456618	14.382071	-61.21522	-10.409733	0.3	882500	10633.881047725677
353	-45.88	-45.88	-42.8	-10.427896	13.477062	15.466222	-84.92293	-10.427896	0.4	885000	10664.00987792015
354	-45.58	-45.58	-44.7	-10.404827	13.502249	9.640844	-68.66098	-10.404827	0.1	887500	10694.310724973679
355	-47.68	-47.68	-45.0	-10.479393	13.63264	7.626196	-62.52185	-10.479393	0.0	890000	10725.541424274445
356	-47.12	-47.12	-39.2	-10.5200815	13.698377	9.785202	-66.050255	-10.5200815	0.3	892500	10756.201747894287
357	-46.44	-46.44	-43.3	-10.500433	13.661019	8.679029	-63.569477	-10.500433	0.3	895000	10786.814402103424
358	-45.68	-45.68	-42.399998	-10.497134	13.632421	11.817821	-65.4401	-10.497134	0.3	897500	10817.127730846405
359	-46.42	-46.42	-34.8	-10.528897	13.6647005	10.130814	-64.82507	-10.528897	0.4	900000	10847.935450315475
360	-44.66	-44.66	-36.100002	-10.561189	13.698487	10.24654	-70.651825	-10.561189	0.5	902500	10878.479233264923
361	-44.8	-44.8	-40.5	-10.523101	13.668896	10.461047	-58.048218	-10.523101	0.3	905000	10909.114629268646
362	-45.22	-45.22	-41.7	-10.543295	13.673591	7.001837	-92.853264	-10.543295	0.3	907500	10939.59807062149
363	-46.12	-46.12	-45.2	-10.560239	13.709059	21.262905	-75.41906	-10.560239	0.1	910000	10969.610575437546
364	-44.46	-44.46	-39.899998	-10.620745	13.825098	9.34443	-62.604973	-10.620745	0.4	912500	11000.40579533577
365	-47.24	-47.24	-39.5	-10.627936	13.866467	12.0408125	-67.12952	-10.627936	0.2	915000	11031.102504014969
366	-45.9	-45.9	-39.399998	-10.695718	13.947851	12.10324	-69.57911	-10.695718	0.2	917500	11061.279761075974
367	-43.9	-43.9	-40.2	-10.737679	13.982019	16.409191	-75.03352	-10.737679	0.2	920000	11091.854457139969
368	-45.82	-45.82	-42.600002	-10.718547	13.961568	6.8042707	-62.507866	-10.718547	0.0	922500	11122.605496644974
369	-45.54	-45.54	-43.399998	-10.724785	13.974891	9.586408	-85.49019	-10.724785	0.2	925000	11152.831362485886
370	-45.3	-45.3	-46.399998	-10.750622	14.02058	10.09884	-60.95752	-10.750622	0.2	927500	11183.389258861542
371	-44.9	-44.9	-36.0	-10.698156	13.974809	10.758106	-65.93669	-10.698156	0.5	930000	11214.105436563492
372	-43.32	-43.32	-39.600002	-10.705681	13.976055	9.160835	-61.9942	-10.705681	0.4	932500	11245.08673787117
373	-44.2	-44.2	-37.8	-10.631633	13.860074	8.728363	-69.88609	-10.631633	0.3	935000	11275.69634270668
374	-44.92	-44.92	-44.399998	-10.642823	13.880803	16.727428	-67.80586	-10.642823	0.1	937500	11306.161058664322
375	-45.94	-45.94	-40.7	-10.62715	13.880604	8.409345	-77.78464	-10.62715	0.3	940000	11335.594170093536
376	-43.06	-43.06	-40.100002	-10.67958	13.902706	6.256856	-64.05465	-10.67958	0.2	942500	11365.622197151184
377	-46.36	-46.36	-43.100002	-10.695506	13.891271	10.419829	-70.21808	-10.695506	0.3	945000	11395.735366821289
378	-44.38	-44.38	-38.7	-10.651005	13.868561	10.947008	-65.51901	-10.651005	0.4	947500	11425.334193706512
379	-45.96	-45.96	-41.899998	-10.610357	13.781964	9.884089	-78.15202	-10.610357	0.4	950000	11455.021421670914
380	-45.9	-45.9	-43.899998	-10.601828	13.746774	8.861128	-68.290855	-10.601828	0.2	952500	11485.174872159958
381	-44.8	-44.8	-43.3	-10.524235	13.651798	8.951729	-66.77865	-10.524235	0.1	955000	11515.104383707047
382	-45.7	-45.7	-47.1	-10.497114	13.597693	6.8252735	-67.828766	-10.497114	0.1	957500	11545.68133687973
383	-45.52	-45.52	-40.399998	-10.467554	13.559065	13.550586	-69.301384	-10.467554	0.6	960000	11575.926048755646
384	-44.98	-44.98	-36.5	-10.466388	13.5654955	7.9873667	-67.139885	-10.466388	0.6	962500	11606.374073028564
385	-45.06	-45.06	-40.7	-10.433185	13.555525	7.9780664	-72.51458	-10.433185	0.3	965000	11636.911356687546
386	-44.18	-44.18	-38.899998	-10.45549	13.555601	6.066704	-70.86876	-10.45549	0.3	967500	11667.316171169281
387	-45.96	-45.96	-39.0	-10.502832	13.581379	11.64185	-79.39343	-10.502832	0.3	970000	11697.728754520416
388	-44.12	-44.12	-34.0	-10.517185	13.627133	6.5595684	-63.731163	-10.517185	0.3	972500	11728.014793634415
389	-44.92	-44.92	-45.399998	-10.537848	13.604172	11.457372	-65.055756	-10.537848	0.2	975000	11757.819106817245
390	-45.26	-45.26	-46.2	-10.4712715	13.547078	8.003433	-77.631836	-10.4712715	0.3	977500	11788.038747549057
391	-44.76	-44.76	-42.2	-10.536621	13.618818	7.7895994	-76.31966	-10.536621	0.2	980000	11818.106813192368
392	-44.44	-44.44	-40.8	-10.443262	13.562374	9.929214	-68.001465	-10.443262	0.0	982500	11849.054438829422
393	-46.62	-46.62	-43.2	-10.468807	13.55511	11.374403	-69.25354	-10.468807	0.3	985000	11879.281108379364
394	-45.26	-45.26	-40.3	-10.486689	13.578266	10.485857	-79.046364	-10.486689	0.2	987500	11909.702869415283
395	-44.9	-44.9	-37.0	-10.437228	13.512656	9.90848	-74.785965	-10.437228	0.3	990000	11940.058917999268
396	-46.28	-46.28	-45.8	-10.488475	13.596544	11.373322	-82.85226	-10.488475	0.1	992500	11970.830740213394
397	-45.08	-45.08	-41.600002	-10.502271	13.598979	13.00475	-74.86034	-10.502271	0.1	995000	12000.99740409851
398	-44.58	-44.58	-41.8	-10.532676	13.653544	10.395995	-75.369705	-10.532676	0.4	997500	12032.231061458588
399	-45.76	-45.76	-42.8	-10.546424	13.667041	9.14103	-74.887314	-10.546424	0.2	1000000	12063.255311012268
400	-46.1	-46.1	-37.2	-10.528785	13.622226	10.075929	-70.00768	-10.528785	0.4	1002500	12094.574160337448
401	-46.12	-46.12	-40.100002	-10.561196	13.6651125	8.475408	-81.82551	-10.561196	0.3	1005000	12125.29326248169
402	-46.08	-46.08	-38.8	-10.59366	13.728693	10.331998	-66.28715	-10.59366	0.3	1007500	12155.162529468536
403	-46.2	-46.2	-40.600002	-10.573241	13.692097	7.223382	-78.06716	-10.573241	0.3	1010000	12185.372392892838
404	-46.92	-46.92	-39.3	-10.469916	13.576332	6.7763853	-87.010704	-10.469916	0.3	1012500	12214.575827121735
405	-45.66	-45.66	-40.2	-10.359001	13.384757	5.4393854	-75.93099	-10.359001	0.1	1015000	12244.293064117432
406	-45.82	-45.82	-39.2	-10.218644	13.183877	8.5583515	-67.687996	-10.218644	0.5	1017500	12274.330585956573
407	-44.3	-44.3	-38.399998	-10.168072	13.085625	9.538662	-71.58043	-10.168072	0.4	1020000	12303.852701425552
408	-47.12	-47.12	-44.5	-10.170824	13.023367	6.723341	-63.0038	-10.170824	0.3	1022500	12333.324870586395
409	-47.54	-47.54	-36.899998	-10.24323	13.070507	9.322426	-62.95516	-10.24323	0.4	1025000	12364.382969141006
410	-45.94	-45.94	-46.100002	-10.3297415	13.167859	8.395931	-66.407684	-10.3297415	0.1	1027500	12394.705474615097
411	-46.5	-46.5	-40.5	-10.4016485	13.30918	5.554098	-71.46272	-10.4016485	0.3	1030000	12424.049543857574
412	-46.82	-46.82	-38.5	-10.496193	13.403566	13.524622	-78.93076	-10.496193	0.3	1032500	12454.494316101074
413	-45.24	-45.24	-35.3	-10.536138	13.477886	9.360446	-64.70866	-10.536138	0.4	1035000	12485.178201675415
414	-44.12	-44.12	-45.399998	-10.530149	13.5029125	11.400347	-62.707928	-10.530149	0.1	1037500	12515.847572565079
415	-45.78	-45.78	-44.0	-10.506567	13.484322	7.4730587	-71.34369	-10.506567	0.2	1040000	12546.410214185715
416	-45.22	-45.22	-36.2	-10.595774	13.554879	10.466223	-76.435165	-10.595774	0.5	1042500	12577.31365776062
417	-45.84	-45.84	-43.8	-10.600635	13.624877	11.362052	-68.385	-10.600635	0.3	1045000	12607.783723831177
418	-47.4	-47.4	-47.9	-10.654252	13.678418	21.176147	-64.74524	-10.654252	0.0	1047500	12638.556834697723
419	-45.3	-45.3	-38.8	-10.714152	13.74658	11.672304	-65.9826	-10.714152	0.6	1050000	12668.705689191818
420	-45.52	-45.52	-36.399998	-10.757869	13.809695	9.729567	-75.16669	-10.757869	0.5	1052500	12699.796727657318
421	-46.32	-46.32	-39.2	-10.753354	13.840796	12.418856	-79.07886	-10.753354	0.3	1055000	12730.90278339386
422	-44.32	-44.32	-40.7	-10.828378	13.887356	8.64597	-67.22246	-10.828378	0.4	1057500	12761.957121133804
423	-45.82	-45.82	-43.399998	-10.793468	13.880276	17.872316	-65.22322	-10.793468	0.2	1060000	12792.599521636963
424	-44.66	-44.66	-42.399998	-10.852728	13.91219	11.40162	-67.38265	-10.852728	0.2	1062500	12823.047087430954
425	-46.64	-46.64	-44.5	-10.795883	13.854606	21.012518	-84.30352	-10.795883	0.2	1065000	12853.376099348068
426	-46.24	-46.24	-39.899998	-10.796779	13.822051	8.221539	-64.81188	-10.796779	0.3	1067500	12883.847141742706
427	-43.64	-43.64	-39.899998	-10.794311	13.81594	16.532719	-73.7083	-10.794311	0.2	1070000	12914.169270992279
428	-45.34	-45.34	-36.899998	-10.726433	13.761346	7.278142	-69.63746	-10.726433	0.4	1072500	12944.525159835815
429	-44.86	-44.86	-40.399998	-10.746702	13.77214	14.0102625	-72.34545	-10.746702	0.5	1075000	12975.107300043106
430	-45.3	-45.3	-42.399998	-10.747077	13.730557	12.238112	-61.403557	-10.747077	0.1	1077500	13005.645451307297
431	-44.02	-44.02	-38.7	-10.675072	13.655354	11.61789	-64.08896	-10.675072	0.3	1080000	13036.014302015305
432	-45.02	-45.02	-40.100002	-10.641809	13.596225	6.3688574	-86.39425	-10.641809	0.3	1082500	13066.18643951416
433	-45.56	-45.56	-46.6	-10.646318	13.552057	14.669694	-64.80318	-10.646318	0.0	1085000	13096.059703111649
434	-45.24	-45.24	-47.6	-10.647352	13.516068	12.211657	-74.628	-10.647352	0.0	1087500	13125.780389785767
435	-43.2	-43.2	-39.7	-10.626449	13.490945	12.7429	-62.73127	-10.626449	0.4	1090000	13155.848360300064
436	-47.06	-47.06	-43.7	-10.660599	13.578083	13.174116	-68.909546	-10.660599	0.2	1092500	13185.863503694534
437	-45.5	-45.5	-46.8	-10.680904	13.6216135	14.677047	-60.84346	-10.680904	0.1	1095000	13215.56501698494
438	-44.82	-44.82	-42.7	-10.70967	13.660232	6.58426	-68.676704	-10.70967	0.2	1097500	13245.12072634697
439	-46.58	-46.58	-43.2	-10.669471	13.611011	10.826139	-67.905815	-10.669471	0.1	1100000	13274.194313287735
440	-44.58	-44.58	-43.5	-10.62457	13.583269	9.032362	-62.338707	-10.62457	0.1	1102500	13303.83137345314
441	-45.88	-45.88	-39.7	-10.687041	13.67438	7.903042	-70.38595	-10.687041	0.3	1105000	13333.744906902313
442	-47.38	-47.38	-42.600002	-10.6720495	13.674096	15.691418	-70.49364	-10.6720495	0.3	1107500	13362.955240249634
443	-44.52	-44.52	-40.899998	-10.713112	13.667738	11.669202	-63.781727	-10.713112	0.5	1110000	13393.323561668396
444	-45.26	-45.26	-43.3	-10.721362	13.683715	7.560891	-67.34219	-10.721362	0.3	1112500	13423.26773095131
445	-45.84	-45.84	-44.0	-10.735805	13.717157	12.795968	-67.43231	-10.735805	0.2	1115000	13453.296521425247
446	-45.74	-45.74	-42.3	-10.765327	13.745012	11.738868	-67.82576	-10.765327	0.3	1117500	13483.448255300522
447	-45.92	-45.92	-42.600002	-10.719835	13.726582	7.8635273	-59.05371	-10.719835	0.2	1120000	13513.607835531235
448	-44.06	-44.06	-41.5	-10.780145	13.755355	9.49457	-61.523354	-10.780145	0.2	1122500	13544.82759642601
449	-45.74	-45.74	-41.7	-10.774293	13.775908	10.714156	-62.671463	-10.774293	0.3	1125000	13575.321868658066
450	-46.66	-46.66	-40.399998	-10.762948	13.7496	9.94407	-66.00072	-10.762948	0.3	1127500	13605.722497224808
451	-44.96	-44.96	-38.899998	-10.679797	13.678674	16.782848	-68.61164	-10.679797	0.5	1130000	13636.211183786392
452	-45.68	-45.68	-36.899998	-10.647316	13.645566	12.299018	-61.222984	-10.647316	0.3	1132500	13665.184293985367
453	-45.66	-45.66	-29.7	-10.657442	13.623578	15.999706	-71.75181	-10.657442	0.5	1135000	13694.734849691391
454	-45.76	-45.76	-46.7	-10.656585	13.606369	7.880254	-67.16521	-10.656585	0.1	1137500	13725.658939123154
455	-44.28	-44.28	-44.100002	-10.595429	13.527182	14.189269	-71.03347	-10.595429	0.3	1140000	13756.441200971603
456	-46.98	-46.98	-40.899998	-10.526739	13.419147	11.180278	-73.75084	-10.526739	0.5	1142500	13786.944080352783
457	-46.08	-46.08	-48.0	-10.524766	13.414613	7.6856604	-65.19367	-10.524766	0.0	1145000	13817.127534627914
458	-46.72	-46.72	-37.399998	-10.48887	13.4134865	12.961082	-62.3921	-10.48887	0.3	1147500	13847.328658342361
459	-46.46	-46.46	-45.8	-10.503182	13.365094	10.501115	-79.08771	-10.503182	0.2	1150000	13877.937110900879
460	-44.36	-44.36	-43.600002	-10.523888	13.363139	12.325174	-74.05248	-10.523888	0.2	1152500	13908.567364692688
461	-47.54	-47.54	-42.2	-10.44247	13.315148	17.08308	-62.589886	-10.44247	0.2	1155000	13939.672409772873
462	-45.84	-45.84	-41.100002	-10.482279	13.35607	13.060309	-65.738686	-10.482279	0.5	1157500	13970.487850666046
463	-45.48	-45.48	-38.5	-10.518998	13.396863	12.197547	-67.18756	-10.518998	0.5	1160000	14000.482333898544
464	-46.58	-46.58	-37.899998	-10.547148	13.459995	15.030439	-64.95211	-10.547148	0.6	1162500	14031.199716329575
465	-45.9	-45.9	-43.100002	-10.583241	13.494985	12.847485	-63.969128	-10.583241	0.2	1165000	14061.194693803787
466	-45.34	-45.34	-38.8	-10.565304	13.502952	10.516006	-63.17726	-10.565304	0.3	1167500	14091.287163734436
467	-45.58	-45.58	-37.2	-10.615131	13.532932	9.22262	-60.549103	-10.615131	0.2	1170000	14121.519098997116
468	-45.82	-45.82	-38.399998	-10.652387	13.60837	14.116152	-71.075195	-10.652387	0.4	1172500	14151.132613182068
469	-46.8	-46.8	-40.0	-10.688184	13.681521	16.834152	-63.738693	-10.688184	0.2	1175000	14181.34740638733
470	-45.64	-45.64	-40.3	-10.696849	13.69125	7.2643366	-62.31859	-10.696849	0.4	1177500	14211.904983997345
471	-45.52	-45.52	-41.899998	-10.767572	13.795052	13.146283	-61.5801	-10.767572	0.3	1180000	14242.35613656044
472	-46.08	-46.08	-39.2	-10.829503	13.904587	16.263851	-72.98673	-10.829503	0.4	1182500	14272.606432914734
473	-46.06	-46.06	-37.600002	-10.879173	13.994698	10.288856	-62.862946	-10.879173	0.3	1185000	14302.587111473083
474	-45.92	-45.92	-43.600002	-10.896461	14.042311	8.246869	-67.702896	-10.896461	0.1	1187500	14332.407203435898
475	-46.5	-46.5	-41.899998	-10.899574	14.081704	12.079961	-64.51606	-10.899574	0.5	1190000	14362.337010383606
476	-46.04	-46.04	-42.0	-10.949726	14.139379	6.4498158	-60.441895	-10.949726	0.4	1192500	14391.993800878525
477	-44.14	-44.14	-32.5	-10.987186	14.196563	10.437345	-62.20332	-10.987186	0.4	1195000	14421.93476510048
478	-43.08	-43.08	-47.5	-10.921059	14.136603	15.591179	-59.520515	-10.921059	0.0	1197500	14452.003778457642
479	-44.14	-44.14	-46.7	-10.885678	14.108766	11.6634	-84.30682	-10.885678	0.2	1200000	14482.242902755737
480	-44.9	-44.9	-41.3	-10.920173	14.147741	15.677133	-62.865314	-10.920173	0.2	1202500	14512.555378437042
481	-46.2	-46.2	-37.899998	-10.980711	14.204313	17.404411	-65.64452	-10.980711	0.5	1205000	14542.70380973816
482	-41.8	-41.8	-36.3	-10.977881	14.226086	16.509274	-77.55233	-10.977881	0.3	1207500	14572.958043575287
483	-46.0	-46.0	-39.899998	-10.997729	14.2711115	19.645985	-59.17359	-10.997729	0.4	1210000	14601.156225204468
484	-44.58	-44.58	-41.399998	-11.005784	14.271081	11.211613	-81.64369	-11.005784	0.2	1212500	14629.010472297668
485	-41.86	-41.86	-39.0	-10.9996605	14.271622	7.001978	-70.54852	-10.9996605	0.5	1215000	14656.54751944542
486	-46.08	-46.08	-45.100002	-10.963741	14.287996	10.579753	-61.299446	-10.963741	0.2	1217500	14684.441931962967
487	-45.76	-45.76	-42.899998	-10.994764	14.299499	13.836447	-78.40602	-10.994764	0.3	1220000	14712.063131093979
488	-46.9	-46.9	-40.0	-11.04203	14.332793	9.957833	-61.935905	-11.04203	0.2	1222500	14739.973265647888
489	-44.98	-44.98	-38.899998	-11.037153	14.356567	12.893966	-75.30594	-11.037153	0.2	1225000	14767.497763872147
490	-45.6	-45.6	-31.9	-11.014674	14.368923	11.523603	-82.65094	-11.014674	0.4	1227500	14795.34590768814
491	-41.8	-41.8	-39.100002	-10.946458	14.3193245	11.004422	-63.19172	-10.946458	0.3	1230000	14822.59207034111
492	-46.14	-46.14	-36.100002	-10.935849	14.303569	9.17687	-63.247856	-10.935849	0.5	1232500	14849.047277927399
493	-44.88	-44.88	-37.399998	-10.892591	14.208971	10.363391	-70.58667	-10.892591	0.2	1235000	14875.528158187866
494	-46.24	-46.24	-37.899998	-10.957915	14.25841	14.862804	-63.550167	-10.957915	0.3	1237500	14901.349830389023
495	-46.28	-46.28	-38.100002	-10.905262	14.29063	13.429033	-79.06385	-10.905262	0.4	1240000	14926.06717967987
496	-43.98	-43.98	-41.7	-10.943283	14.354436	12.476168	-70.02037	-10.943283	0.2	1242500	14948.97090959549
497	-46.22	-46.22	-45.399998	-10.993675	14.4049635	23.28696	-66.00223	-10.993675	0.2	1245000	14970.625878810883
498	-44.16	-44.16	-41.5	-10.927772	14.317493	9.52622	-80.231575	-10.927772	0.3	1247500	14991.55625963211
499	-46.32	-46.32	-41.0	-10.858354	14.295981	9.845398	-65.91709	-10.858354	0.2	1250000	15012.692400455475
