Epoch	EpRet	EpRealRet	TestEpRet	AverageQ1	StdQ1	MaxQ1	MinQ1	Q2	TestSuccess	TotalEnvInteracts	TotalTime
0	-44.0	-44.0	-50.0	4.77016	5.963158	176.01906	0.42806977	4.7114425	0.0	2500	58.419010162353516
1	-46.0	-46.0	-45.0	9.05766	2.1331155	18.269218	3.7242577	9.018251	0.1	5000	113.64271593093872
2	-46.0	-46.0	-45.0	7.998851	1.7844663	16.704613	3.8539743	7.970149	0.1	7500	168.62378239631653
3	-46.0	-46.0	-50.0	5.3898845	1.3428409	11.468536	2.3092089	5.3902235	0.0	10000	223.3692684173584
4	-49.0	-49.0	-40.0	3.3529081	0.92100453	9.983225	1.3370634	3.3475688	0.2	12500	277.8754165172577
5	-48.0	-48.0	-50.0	2.3370712	1.4863793	31.264465	0.97401774	2.32919	0.0	15000	331.53511810302734
6	-48.0	-48.0	-50.0	2.318542	3.1295018	59.501366	0.7965841	2.2855527	0.0	17500	385.5984733104706
7	-49.0	-49.0	-50.0	3.6484334	9.549809	143.87148	0.6489975	3.5443661	0.0	20000	440.0527865886688
8	-47.88	-47.88	-45.0	7.145378	24.426476	363.07425	0.7564645	6.9597735	0.1	22500	493.22842144966125
9	-48.0	-48.0	-45.0	30.419012	132.84683	2701.8562	0.9553793	30.071793	0.1	25000	547.7133448123932
10	-48.0	-48.0	-49.7	134.65482	502.70532	9763.812	4.2144127	133.55203	0.0	27500	602.2434895038605
11	-44.98	-44.98	-45.0	688.8056	2891.603	67264.86	15.579785	702.6335	0.1	30000	656.0886242389679
12	-49.0	-49.0	-50.0	2251.4734	7950.232	150190.38	69.27653	2278.6504	0.0	32500	710.7155246734619
13	-46.92	-46.92	-44.0	3982.2515	12329.364	208622.67	110.392075	4095.3809	0.1	35000	764.359860420227
14	-48.96	-48.96	-45.0	3596.2146	9149.659	106932.6	219.00987	3766.8555	0.1	37500	819.0040574073792
15	-46.82	-46.82	-50.0	3198.535	7472.0405	100633.555	244.34903	3205.1826	0.0	40000	873.9452202320099
16	-45.76	-45.76	-50.0	2481.7744	6170.283	73277.27	240.70735	2530.4255	0.0	42500	928.7555155754089
17	-47.0	-47.0	-49.6	2836.016	7360.568	112591.56	203.0858	2949.2454	0.0	45000	983.4801533222198
18	-45.0	-45.0	-50.0	3116.9001	8845.632	171161.39	218.0121	3172.331	0.0	47500	1039.1644160747528
19	-49.0	-49.0	-50.0	4930.675	16514.193	268655.0	238.8577	5091.258	0.0	50000	1094.1205093860626
20	-47.42	-47.42	-50.0	7201.954	24505.873	475044.66	370.6	7508.982	0.0	52500	1148.6096496582031
21	-48.52	-48.52	-50.0	16088.024	50424.676	848952.25	841.62036	16638.041	0.0	55000	1203.5355503559113
22	-48.3	-48.3	-30.0	18323.693	57505.598	951286.8	840.88495	19415.94	0.4	57500	1258.5703313350677
23	-47.76	-47.76	-50.0	21685.64	51298.46	1093052.6	1297.3302	23044.168	0.0	60000	1313.6060681343079
24	-44.48	-44.48	-45.0	23825.354	59698.156	1057243.9	1249.1902	25243.096	0.1	62500	1369.3193476200104
25	-48.86	-48.86	-50.0	14028.991	33726.84	487246.34	798.99854	14733.119	0.0	65000	1424.89546084404
26	-47.96	-47.96	-50.0	13540.81	37990.82	834724.56	933.2652	14343.882	0.0	67500	1480.8738873004913
27	-45.22	-45.22	-49.8	13928.545	39733.23	758653.6	730.0132	14467.754	0.0	70000	1536.4851117134094
28	-45.44	-45.44	-35.0	16433.926	39477.22	626695.1	875.0872	17374.756	0.3	72500	1592.0982341766357
29	-47.92	-47.92	-50.0	12645.328	28891.64	416935.84	1002.694	13137.923	0.0	75000	1648.0533826351166
30	-48.0	-48.0	-45.0	10677.926	21263.643	395177.53	851.6544	11197.052	0.1	77500	1703.7050652503967
31	-49.0	-49.0	-49.3	10797.01	17979.94	246543.31	905.2361	11967.446	0.0	80000	1758.2875661849976
32	-48.0	-48.0	-45.0	8673.091	12705.115	148799.47	770.9917	8932.436	0.1	82500	1813.2263185977936
33	-48.0	-48.0	-50.0	8542.283	10796.475	128981.06	854.97754	8700.364	0.0	85000	1868.0341148376465
34	-45.0	-45.0	-45.0	8793.056	10271.913	115290.57	863.9961	9134.82	0.1	87500	1922.8666682243347
35	-47.0	-47.0	-50.0	8577.854	11297.712	132374.83	891.4404	9222.617	0.0	90000	1978.3582510948181
36	-47.76	-47.76	-40.0	7856.255	9442.262	115632.49	597.0125	7979.182	0.2	92500	2033.6043064594269
37	-47.0	-47.0	-50.0	8094.9746	9113.796	132115.52	443.4323	8387.253	0.0	95000	2088.967009782791
38	-45.14	-45.14	-50.0	10368.502	12582.314	152144.84	594.9187	10681.181	0.0	97500	2144.921357154846
39	-48.0	-48.0	-40.0	6839.414	7868.15	95937.65	589.8099	6987.978	0.2	100000	2200.1571192741394
40	-47.0	-47.0	-50.0	7063.9434	8890.055	107455.34	498.19257	7026.69	0.0	102500	2256.4756712913513
41	-47.0	-47.0	-45.0	5827.75	7492.6978	106014.81	286.3283	5824.9644	0.1	105000	2312.4062399864197
42	-48.0	-48.0	-40.0	6231.4077	8401.373	123192.266	419.01825	6291.123	0.2	107500	2369.5995347499847
43	-48.18	-48.18	-50.0	6449.2793	9127.799	146911.25	242.64209	6651.955	0.0	110000	2426.8243885040283
44	-48.74	-48.74	-40.0	5371.6304	7734.336	122008.516	274.6773	5410.583	0.2	112500	2484.0502331256866
45	-47.0	-47.0	-45.0	6907.026	10482.516	138445.12	216.729	6806.6914	0.1	115000	2541.315466403961
46	-45.0	-45.0	-45.0	8570.078	12222.993	168647.12	364.37042	8720.947	0.1	117500	2596.818642139435
47	-47.0	-47.0	-49.4	11639.441	17479.691	206120.14	616.31354	11455.274	0.0	120000	2653.202371120453
48	-46.08	-46.08	-50.0	11904.082	16952.432	367159.53	337.2785	12266.527	0.0	122500	2708.565637111664
49	-47.12	-47.12	-50.0	10377.756	16260.905	312053.0	382.6928	10512.678	0.0	125000	2764.701478242874
50	-47.0	-47.0	-50.0	7856.979	13849.485	232812.67	305.47202	7965.7974	0.0	127500	2820.62709069252
51	-45.52	-45.52	-50.0	7818.801	15388.531	321600.94	255.3054	7717.3057	0.0	130000	2877.0941395759583
52	-48.0	-48.0	-44.3	9722.764	16641.615	319944.7	235.91377	10003.501	0.1	132500	2933.843959093094
53	-47.0	-47.0	-45.0	13658.744	25506.064	577613.3	258.8919	13946.006	0.1	135000	2990.338421344757
54	-48.0	-48.0	-45.0	17945.217	29310.275	357916.2	616.8595	17753.973	0.1	137500	3045.6602380275726
55	-45.36	-45.36	-40.0	22829.031	39716.805	741642.7	770.6105	23409.443	0.2	140000	3101.043881893158
56	-43.0	-43.0	-50.0	24925.02	41433.47	631272.94	559.4303	24693.145	0.0	142500	3156.2389194965363
57	-43.12	-43.12	-50.0	35705.574	63038.72	1295966.4	1317.5933	35943.727	0.0	145000	3212.004370689392
58	-46.0	-46.0	-50.0	42771.72	68449.59	1091547.1	1824.1775	43318.688	0.0	147500	3267.727583169937
59	-45.0	-45.0	-45.0	37437.8	60945.4	993119.5	1700.5059	38873.977	0.1	150000	3322.7812147140503
60	-47.0	-47.0	-50.0	32660.818	58353.02	1130834.1	786.29956	33580.047	0.0	152500	3377.767929792404
61	-46.0	-46.0	-40.0	49077.77	87358.64	1342273.4	1044.1718	52153.664	0.2	155000	3433.001234769821
62	-47.0	-47.0	-45.0	76299.86	136153.8	3111893.2	1721.12	79987.04	0.1	157500	3487.827564716339
63	-46.0	-46.0	-50.0	68999.17	114626.53	1950656.8	3011.7222	73010.64	0.0	160000	3543.217924594879
64	-45.0	-45.0	-50.0	72218.734	126810.79	2403212.0	3413.3403	76707.984	0.0	162500	3598.588287830353
65	-50.0	-50.0	-45.0	83850.81	144299.81	2106605.5	2572.2068	88854.14	0.1	165000	3655.0367472171783
66	-47.6	-47.6	-40.0	103353.82	192115.5	3137653.8	2201.836	106139.44	0.2	167500	3711.019978284836
67	-47.0	-47.0	-50.0	125377.555	287840.78	4858578.0	3293.4233	129427.44	0.0	170000	3767.137106657028
68	-40.68	-40.68	-50.0	140727.45	397919.8	7905516.0	2687.643	144467.08	0.0	172500	3823.3876271247864
69	-47.12	-47.12	-50.0	100355.586	242353.97	3877866.0	1556.8514	101829.41	0.0	175000	3879.7617692947388
70	-45.0	-45.0	-45.0	106326.05	226758.5	3443757.2	2173.634	107006.336	0.1	177500	3935.7814569473267
71	-45.84	-45.84	-45.0	117693.84	224442.86	2800775.0	2565.1099	122534.12	0.1	180000	3992.361722946167
72	-50.0	-50.0	-40.0	146279.72	328911.0	5398144.0	2176.6365	154505.1	0.2	182500	4048.6790816783905
73	-50.0	-50.0	-40.0	151150.62	332039.9	6339966.0	2642.8738	156367.84	0.2	185000	4104.976419687271
74	-43.0	-43.0	-50.0	220936.61	494278.88	10135995.0	5409.4062	231643.22	0.0	187500	4160.221980571747
75	-46.0	-46.0	-48.9	248049.42	536519.7	9493776.0	8879.392	258815.39	0.0	190000	4216.0800240039825
76	-47.0	-47.0	-50.0	265055.62	493398.22	7628292.0	8453.252	271837.5	0.0	192500	4272.974281787872
77	-46.68	-46.68	-45.0	284665.53	620410.3	10717983.0	5049.16	297374.78	0.1	195000	4329.215690612793
78	-47.0	-47.0	-50.0	311253.47	605178.1	11585510.0	15016.852	328350.6	0.0	197500	4384.192133903503
79	-48.0	-48.0	-45.0	281760.12	546156.1	9650067.0	8853.439	297668.06	0.1	200000	4440.172563314438
80	-46.1	-46.1	-50.0	315478.5	552602.1	9801864.0	7370.8984	334277.47	0.0	202500	4496.675671339035
81	-48.0	-48.0	-50.0	317174.78	689577.5	12577364.0	8834.97	336243.4	0.0	205000	4552.870513916016
82	-46.42	-46.42	-49.4	306741.06	574313.56	10587297.0	10321.756	329813.0	0.0	207500	4608.334471464157
83	-47.62	-47.62	-45.0	285626.7	537906.6	8185679.0	7245.1904	305588.4	0.1	210000	4664.710952281952
84	-48.0	-48.0	-45.0	366054.28	740549.56	20359074.0	10212.247	388850.16	0.1	212500	4720.874461174011
85	-48.0	-48.0	-50.0	554993.94	964955.06	17463700.0	16450.67	583746.8	0.0	215000	4777.058304548264
86	-48.0	-48.0	-50.0	821559.8	1475506.6	23078534.0	18202.82	853738.75	0.0	217500	4833.236407518387
87	-47.98	-47.98	-45.0	803451.4	1417420.2	16044454.0	21006.18	833823.25	0.1	220000	4890.826521396637
88	-48.0	-48.0	-40.0	769056.25	1494941.8	34993644.0	17730.588	823070.3	0.2	222500	4946.631227970123
89	-45.18	-45.18	-50.0	697487.4	1354995.8	18918632.0	14025.195	722841.75	0.0	225000	5003.189152479172
90	-45.64	-45.64	-45.0	793189.75	2080954.4	51717150.0	20188.74	850502.9	0.1	227500	5059.836367368698
91	-44.98	-44.98	-50.0	842074.44	1476854.6	16531958.0	24570.428	884852.75	0.0	230000	5117.095928907394
92	-44.0	-44.0	-45.0	972747.56	2117498.8	41224668.0	37105.465	1033199.4	0.1	232500	5173.877533912659
93	-43.88	-43.88	-50.0	891841.94	1882846.6	28857350.0	33257.473	957169.44	0.0	235000	5230.97528219223
94	-49.2	-49.2	-40.0	836362.6	1774206.1	26447458.0	21204.762	879170.6	0.2	237500	5287.919668197632
95	-48.0	-48.0	-50.0	907709.0	2179913.0	38027116.0	40089.168	937363.7	0.0	240000	5344.940861225128
96	-48.84	-48.84	-50.0	803586.6	1840694.9	32891660.0	18421.22	839647.56	0.0	242500	5401.765966892242
97	-47.0	-47.0	-45.0	765744.9	1762071.2	38674760.0	18367.145	814485.2	0.1	245000	5458.490797519684
98	-44.0	-44.0	-45.0	769768.56	1797623.4	32003552.0	21164.82	801076.3	0.1	247500	5515.961019992828
99	-47.0	-47.0	-50.0	938120.56	2437580.0	42753244.0	20987.2	963892.9	0.0	250000	5572.273120164871
100	-45.84	-45.84	-50.0	724589.3	1803290.5	33323358.0	11848.808	743055.2	0.0	252500	5628.102554559708
101	-49.0	-49.0	-50.0	640711.2	1938095.4	40615360.0	12174.223	659757.94	0.0	255000	5684.74718952179
102	-47.0	-47.0	-50.0	665410.3	1651152.8	31742074.0	19074.16	699088.25	0.0	257500	5741.890913486481
103	-49.74	-49.74	-40.0	765917.3	2184586.0	58329612.0	21957.484	790859.75	0.2	260000	5798.339989185333
104	-46.4	-46.4	-45.0	639371.06	1609134.9	42978212.0	22784.674	652920.56	0.1	262500	5854.4717218875885
105	-47.6	-47.6	-50.0	580557.8	1402096.6	21244288.0	21303.07	594289.06	0.0	265000	5911.0596969127655
106	-45.0	-45.0	-45.0	464828.47	1006246.0	20882770.0	14117.72	480258.94	0.1	267500	5967.315608024597
107	-48.0	-48.0	-50.0	518507.75	1573654.0	33719484.0	15338.818	527826.1	0.0	270000	6023.128298997879
108	-44.78	-44.78	-50.0	667556.25	1924721.0	35582196.0	12554.962	681264.6	0.0	272500	6079.259215831757
109	-45.9	-45.9	-50.0	723735.44	2742051.5	56517550.0	17473.826	734319.44	0.0	275000	6136.175208806992
110	-48.66	-48.66	-50.0	526918.9	1849479.2	40290110.0	6728.7393	536416.75	0.0	277500	6192.997626066208
111	-47.0	-47.0	-45.0	482476.7	1562531.8	34141216.0	15098.916	491112.9	0.1	280000	6249.671427488327
112	-48.0	-48.0	-50.0	477882.6	1524174.4	47877456.0	11729.439	494455.8	0.0	282500	6305.735062122345
113	-50.0	-50.0	-50.0	753888.8	3082935.2	84664024.0	20129.824	765140.6	0.0	285000	6363.4386947155
114	-47.0	-47.0	-45.0	697595.06	2322213.8	52755236.0	15546.2705	701264.75	0.1	287500	6419.913014888763
115	-46.76	-46.76	-45.0	478945.62	2390094.8	56653880.0	7464.8486	472578.94	0.1	290000	6476.274836301804
116	-41.34	-41.34	-50.0	439128.62	2392814.8	49373216.0	2949.0886	441955.38	0.0	292500	6533.0001492500305
117	-50.0	-50.0	-40.0	322086.9	1877125.8	59892270.0	4763.659	331811.7	0.2	295000	6589.6259026527405
118	-45.0	-45.0	-50.0	270472.84	1009904.75	22420556.0	4942.032	273779.78	0.0	297500	6646.416160106659
119	-48.0	-48.0	-45.0	272251.9	1332216.2	26224896.0	2963.5557	276809.8	0.1	300000	6703.626076936722
120	-46.88	-46.88	-50.0	315477.53	1764555.9	37857750.0	3964.6924	317629.3	0.0	302500	6760.557388544083
121	-46.02	-46.02	-45.0	245891.23	1023791.8	17675546.0	2799.0925	243919.17	0.1	305000	6817.1419506073
122	-46.82	-46.82	-50.0	274832.7	1445968.1	35716190.0	4577.9707	276524.5	0.0	307500	6874.100329399109
123	-47.82	-47.82	-50.0	310914.9	2276985.8	76475650.0	3820.2715	309494.16	0.0	310000	6932.38013958931
124	-47.84	-47.84	-50.0	224212.55	1394658.8	42248050.0	3817.6929	231356.16	0.0	312500	6989.250699043274
125	-46.94	-46.94	-50.0	258470.64	1789609.9	48636420.0	3161.52	253648.22	0.0	315000	7045.942836761475
126	-47.0	-47.0	-50.0	413561.03	2232443.5	50017948.0	4034.2886	417076.03	0.0	317500	7103.400614500046
127	-47.0	-47.0	-45.0	321043.6	2139269.0	55175200.0	3877.8926	328871.56	0.1	320000	7160.906115293503
128	-48.0	-48.0	-45.0	328400.78	2203920.0	63669772.0	3937.463	335129.53	0.1	322500	7217.920050859451
129	-48.88	-48.88	-50.0	646505.4	5165602.5	167374990.0	5163.5938	658024.94	0.0	325000	7274.87305355072
130	-47.8	-47.8	-35.0	532221.8	3319303.8	93619730.0	6555.735	530254.25	0.3	327500	7331.423796892166
131	-45.0	-45.0	-50.0	540089.5	3773586.5	119195280.0	3838.4326	544738.94	0.0	330000	7389.170489311218
132	-47.04	-47.04	-45.0	429652.7	2377277.2	62835940.0	5179.254	433316.28	0.1	332500	7447.422470569611
133	-49.0	-49.0	-45.0	528745.5	4715698.0	134471090.0	6077.381	520659.28	0.1	335000	7505.2511575222015
134	-46.0	-46.0	-50.0	699681.8	5131395.5	109548140.0	4483.308	697848.94	0.0	337500	7562.13542509079
135	-47.0	-47.0	-50.0	687670.9	5002226.0	139583950.0	4900.2295	691339.9	0.0	340000	7619.335317611694
136	-48.62	-48.62	-45.0	920152.75	5390685.0	142159410.0	7122.1895	928384.1	0.1	342500	7675.605468511581
137	-47.0	-47.0	-40.0	1218666.5	6743036.5	195359070.0	7767.683	1236043.8	0.2	345000	7731.93221116066
138	-44.74	-44.74	-40.0	1220515.9	6553880.5	139387920.0	14405.314	1195104.1	0.2	347500	7788.505599975586
139	-47.0	-47.0	-50.0	843674.06	5260652.5	114710904.0	13671.44	837491.44	0.0	350000	7846.586056947708
140	-47.0	-47.0	-45.0	919326.56	5091075.0	117587610.0	11584.746	923377.7	0.1	352500	7904.551666975021
141	-47.2	-47.2	-40.0	864032.3	9311534.0	306258430.0	10953.17	861603.44	0.2	355000	7961.908151388168
142	-44.4	-44.4	-50.0	1159594.8	8743551.0	231740290.0	10067.5625	1149458.4	0.0	357500	8020.079453706741
143	-47.0	-47.0	-50.0	1203003.6	6561513.5	149146020.0	9600.92	1197076.4	0.0	360000	8077.590354204178
144	-45.0	-45.0	-40.0	1182299.0	8215044.0	177977180.0	14641.897	1179022.0	0.2	362500	8135.932306289673
145	-41.0	-41.0	-50.0	1099181.0	7915082.5	191910300.0	6069.3345	1101818.6	0.0	365000	8193.495103120804
146	-50.0	-50.0	-50.0	812880.56	7347993.0	225991120.0	6692.8384	810771.44	0.0	367500	8250.384880304337
147	-46.78	-46.78	-35.0	1153406.8	8129350.0	229851760.0	12216.865	1148477.1	0.3	370000	8307.384488105774
148	-45.46	-45.46	-45.0	1085593.9	8242571.0	257500530.0	12116.56	1088240.6	0.1	372500	8364.683154344559
149	-47.56	-47.56	-45.0	1072186.6	8254475.5	215419950.0	8274.478	1085233.1	0.1	375000	8422.366393327713
150	-45.16	-45.16	-45.0	516115.12	4436387.5	97610270.0	9623.265	525656.2	0.1	377500	8480.190523147583
151	-48.0	-48.0	-45.0	357774.72	2552251.2	63387584.0	4521.6753	358703.28	0.1	380000	8537.44344496727
152	-45.0	-45.0	-35.0	396930.22	3196533.0	95630670.0	2668.419	403480.94	0.3	382500	8594.088329076767
153	-47.7	-47.7	-35.0	443604.8	5470455.5	137982700.0	2085.5413	461892.34	0.3	385000	8652.592816352844
154	-46.0	-46.0	-45.0	526433.56	4141625.2	123831560.0	2581.3442	546349.94	0.1	387500	8710.118062257767
155	-44.0	-44.0	-50.0	747799.7	4545007.0	105561410.0	12583.365	772805.25	0.0	390000	8767.980206251144
156	-46.0	-46.0	-50.0	492686.4	2357898.0	54958864.0	14148.23	509881.1	0.0	392500	8825.15516614914
157	-47.82	-47.82	-50.0	499590.25	3509456.8	95567736.0	7775.6313	542994.7	0.0	395000	8882.746386766434
158	-46.0	-46.0	-40.0	331227.4	1837122.9	58935470.0	8486.359	347322.03	0.2	397500	8939.603898525238
159	-48.0	-48.0	-45.0	342795.62	1722694.6	53882016.0	13555.021	377545.94	0.1	400000	8996.39198088646
160	-49.0	-49.0	-50.0	236224.89	890438.06	25831054.0	11723.354	271322.62	0.0	402500	9053.590945959091
161	-44.24	-44.24	-45.0	160299.9	634236.8	20433146.0	7623.9043	188046.84	0.1	405000	9111.57896065712
162	-47.0	-47.0	-45.0	90981.58	225060.06	5266913.5	2497.6792	101378.26	0.1	407500	9169.115282773972
163	-49.0	-49.0	-45.0	81463.04	320721.38	10839338.0	3096.1104	83898.21	0.1	410000	9227.637436151505
164	-42.0	-42.0	-40.0	46728.477	120297.25	1961472.2	1400.0278	49831.098	0.2	412500	9284.3072514534
165	-49.0	-49.0	-50.0	31403.592	74959.8	1366624.5	891.33044	33693.074	0.0	415000	9341.977819919586
166	-49.0	-49.0	-50.0	29737.32	100645.72	2021862.1	661.7705	27114.91	0.0	417500	9398.54844737053
167	-45.0	-45.0	-45.0	27494.246	103696.76	3484434.5	778.89343	26066.404	0.1	420000	9455.50592970848
168	-47.0	-47.0	-50.0	20866.264	51447.25	1009850.7	417.08643	19762.324	0.0	422500	9513.207155227661
169	-44.96	-44.96	-45.0	25120.52	115347.25	3481361.0	259.668	20690.764	0.1	425000	9569.53742814064
170	-48.0	-48.0	-50.0	14442.864	40187.332	685324.7	298.31012	13255.006	0.0	427500	9626.794853925705
171	-49.48	-49.48	-45.0	14694.428	62479.41	1831692.4	65.611176	13015.138	0.1	430000	9684.058430671692
172	-44.0	-44.0	-50.0	14327.42	72498.305	1666880.1	130.50252	14053.538	0.0	432500	9741.741119146347
173	-44.0	-44.0	-50.0	13991.652	72187.266	2254677.8	28.566807	11784.242	0.0	435000	9799.558606386185
174	-40.36	-40.36	-50.0	8205.704	26176.195	445482.22	0.18124193	7046.4497	0.0	437500	9856.981390237808
175	-46.0	-46.0	-45.0	9995.256	59532.758	1668497.8	0.69728935	8787.706	0.1	440000	9913.510096788406
176	-48.0	-48.0	-50.0	10740.258	77937.5	2291916.5	0.23509338	10291.711	0.0	442500	9970.565221309662
177	-46.56	-46.56	-45.0	7627.921	31582.207	618582.2	0.11437334	7098.819	0.1	445000	10028.648530483246
178	-45.48	-45.48	-45.0	8814.098	47935.727	1463516.4	0.18013424	7972.801	0.1	447500	10085.79434967041
179	-46.92	-46.92	-35.0	8851.168	63984.47	1641700.5	0.1700544	9111.958	0.3	450000	10143.416002511978
180	-48.0	-48.0	-45.0	8040.532	42825.902	948061.7	0.15088952	7922.567	0.1	452500	10201.022183418274
181	-48.0	-48.0	-45.0	6924.0693	41448.293	990510.06	0.1501657	6257.567	0.1	455000	10257.848047018051
182	-46.0	-46.0	-50.0	13367.168	92948.484	3245168.8	0.16114482	13330.906	0.0	457500	10315.769679069519
183	-46.0	-46.0	-50.0	16857.611	44694.44	988099.5	218.52773	15699.804	0.0	460000	10373.789525032043
184	-43.9	-43.9	-45.0	17416.203	30222.604	723967.2	1020.44714	16673.494	0.1	462500	10432.746292829514
185	-49.0	-49.0	-50.0	13572.99	53060.395	1667010.9	612.4056	12920.372	0.0	465000	10491.09776854515
186	-49.0	-49.0	-50.0	6392.9277	15528.053	288362.2	129.8178	5673.679	0.0	467500	10549.032917022705
187	-46.0	-46.0	-50.0	4197.311	10409.515	160949.31	57.307755	3173.709	0.0	470000	10606.393380403519
188	-49.0	-49.0	-41.7	3725.3274	9445.52	157801.8	16.510857	2888.2	0.2	472500	10663.333363771439
189	-45.2	-45.2	-40.0	1986.0282	4846.832	60848.9	20.258417	1689.7416	0.2	475000	10721.17335152626
190	-46.4	-46.4	-50.0	812.5936	2242.2886	35261.06	7.555831	812.3114	0.0	477500	10777.148167133331
191	-47.0	-47.0	-50.0	422.58188	1173.3678	28913.285	6.4106026	379.59756	0.0	480000	10832.914463043213
192	-45.0	-45.0	-40.0	359.489	870.63794	16971.062	4.920775	360.41287	0.2	482500	10889.574444532394
193	-45.0	-45.0	-43.600002	214.5806	620.4854	8924.886	4.434817	206.21461	0.1	485000	10946.502623796463
194	-47.0	-47.0	-50.0	100.266655	336.975	6026.47	4.8259516	104.93822	0.0	487500	11002.878715276718
195	-50.0	-50.0	-50.0	32.26648	88.20634	1950.2048	6.0777855	22.088133	0.0	490000	11058.874710559845
196	-48.0	-48.0	-50.0	21.9666	7.509302	93.83445	9.721344	7.6023164	0.0	492500	11114.912790298462
197	-46.84	-46.84	-45.0	26.257467	11.314808	438.33224	10.1248	7.0540204	0.1	495000	11170.683123350143
198	-49.0	-49.0	-50.0	31.908676	6.8578353	73.94897	16.184679	8.828514	0.0	497500	11227.327805995941
199	-47.16	-47.16	-45.0	35.84129	6.563877	82.72921	19.700598	10.747504	0.1	500000	11284.056964159012
200	-47.0	-47.0	-45.0	35.367306	13.736054	449.47614	18.55052	11.9672575	0.1	502500	11340.306580543518
201	-44.0	-44.0	-45.0	31.38841	8.305118	291.02725	14.379799	11.677215	0.1	505000	11397.921274900436
202	-46.0	-46.0	-50.0	24.454021	7.0016665	53.44181	6.696306	9.843884	0.0	507500	11455.242506742477
203	-48.0	-48.0	-45.0	13.131708	4.6728835	36.53128	2.9549758	2.2983708	0.1	510000	11513.21959233284
204	-47.96	-47.96	-45.0	13.39153	6.8691344	194.07892	2.3687224	1.2083198	0.1	512500	11569.411965608597
205	-50.0	-50.0	-40.0	13.641666	10.203712	314.49432	2.0860705	1.3805493	0.2	515000	11625.598854064941
206	-50.0	-50.0	-45.0	12.953646	6.7193522	193.1176	1.9038979	1.2487622	0.1	517500	11681.62472987175
207	-44.0	-44.0	-40.0	11.607129	4.8756547	41.97745	1.0098639	1.2364076	0.2	520000	11738.033847332
208	-43.0	-43.0	-45.0	10.164709	4.8733606	43.165886	1.9167974	1.3687402	0.1	522500	11794.93370127678
209	-43.0	-43.0	-45.0	9.292089	4.9326043	47.372963	1.1286874	1.5500246	0.1	525000	11851.623364686966
210	-44.0	-44.0	-50.0	8.620176	4.1906004	38.017097	1.4935268	1.2730645	0.0	527500	11909.538381576538
211	-50.0	-50.0	-45.0	7.619122	3.6574497	33.139008	1.5299759	0.752225	0.1	530000	11965.974174976349
212	-45.0	-45.0	-45.0	6.6634035	3.1780443	51.889038	1.3010292	0.76242465	0.1	532500	12023.010909318924
213	-48.0	-48.0	-50.0	6.3361535	2.999368	34.529354	1.1658543	0.85269284	0.0	535000	12079.647067785263
214	-47.0	-47.0	-44.7	5.781923	2.6614058	24.21321	0.7766463	0.93218654	0.1	537500	12135.538459062576
215	-46.0	-46.0	-45.0	5.4927287	2.4768047	20.718613	1.288429	1.0759296	0.1	540000	12192.17105770111
216	-47.0	-47.0	-50.0	4.741033	2.252536	23.253428	0.9690647	1.1781873	0.0	542500	12249.082345485687
217	-47.0	-47.0	-45.0	3.9983013	2.2251387	53.898827	0.91480845	1.3103591	0.1	545000	12305.576252937317
218	-48.48	-48.48	-49.3	3.3421795	1.655636	17.30333	0.8735277	1.332527	0.0	547500	12362.950392723083
219	-46.0	-46.0	-50.0	3.0073724	1.7904787	38.677753	0.7872696	1.3928887	0.0	550000	12419.808526992798
220	-49.0	-49.0	-50.0	2.7550278	4.2029333	149.73842	0.708279	1.5902921	0.0	552500	12476.993115186691
221	-46.08	-46.08	-45.0	2.524956	2.7718232	104.20705	0.60267925	1.5697498	0.1	555000	12534.20443701744
222	-48.0	-48.0	-50.0	2.4334457	5.3039794	163.09445	0.5681665	1.7086468	0.0	557500	12591.019223451614
223	-47.5	-47.5	-44.5	2.4289808	7.1552086	227.36473	0.5784638	1.8187454	0.1	560000	12647.734939813614
224	-46.0	-46.0	-50.0	2.396044	9.120741	342.6281	0.5675968	1.7869067	0.0	562500	12705.04020357132
225	-48.52	-48.52	-49.5	2.0749009	1.448912	16.254368	0.5883613	1.6052033	0.0	565000	12763.209226846695
226	-46.9	-46.9	-45.0	1.824088	1.1600312	13.502407	0.5713297	1.5481921	0.1	567500	12820.329201459885
227	-43.7	-43.7	-50.0	1.8270044	1.2171571	16.493364	0.4325949	1.527364	0.0	570000	12877.03647184372
228	-48.8	-48.8	-45.2	1.8015454	1.2227491	15.750534	0.40147668	1.4970826	0.1	572500	12933.780110836029
229	-46.6	-46.6	-45.0	1.7681078	1.1860734	16.007668	0.4291837	1.5184832	0.1	575000	12991.715635538101
230	-47.98	-47.98	-50.0	1.7698078	1.3495744	20.368587	0.4420969	1.5340168	0.0	577500	13048.805574655533
231	-48.0	-48.0	-40.0	1.7225686	1.3623022	17.530352	0.4450314	1.45821	0.2	580000	13105.574664354324
232	-48.94	-48.94	-50.0	1.5423565	1.1086802	16.645813	0.43384936	1.3638864	0.0	582500	13163.237569332123
233	-47.1	-47.1	-44.7	1.5112344	1.0976071	17.038282	0.38306853	1.3444214	0.1	585000	13221.16114449501
234	-46.88	-46.88	-50.0	1.4539965	1.0575417	16.15244	0.381943	1.2942498	0.0	587500	13279.284381866455
235	-46.94	-46.94	-41.100002	1.3080388	0.901984	15.09775	0.37190905	1.212903	0.2	590000	13338.655538797379
236	-44.7	-44.7	-40.0	1.2807631	0.98658395	16.80341	0.3294623	1.2037635	0.2	592500	13397.775612354279
237	-48.86	-48.86	-40.0	1.2667645	0.93479866	14.193502	0.32968658	1.1527901	0.2	595000	13455.694519996643
238	-47.56	-47.56	-50.0	1.1935818	0.8103986	11.993827	0.345708	1.1038203	0.0	597500	13513.974291086197
239	-48.3	-48.3	-50.0	1.14351	0.83833826	11.312094	0.29479694	1.0593001	0.0	600000	13571.74010515213
240	-44.1	-44.1	-50.0	1.1211604	0.817745	11.389801	0.30212554	0.9957189	0.0	602500	13630.112030744553
241	-47.82	-47.82	-41.5	1.0351695	0.7113703	10.449793	0.26736918	0.93186533	0.2	605000	13689.380907773972
242	-45.28	-45.28	-39.899998	1.0198005	0.7567272	8.411101	0.30325073	0.91673386	0.2	607500	13747.538291215897
243	-48.0	-48.0	-45.0	0.94981056	0.65028673	8.777149	0.27438086	0.8247582	0.1	610000	13805.730138540268
244	-46.56	-46.56	-50.0	0.9269765	0.6417568	7.264042	0.23910135	0.7972447	0.0	612500	13862.471485376358
245	-45.86	-45.86	-45.0	0.92689	0.64230305	7.434565	0.24001583	0.7978173	0.1	615000	13919.184699058533
246	-46.76	-46.76	-50.0	0.88274705	0.6169022	8.688189	0.20644765	0.75802875	0.0	617500	13976.35424566269
247	-45.2	-45.2	-40.0	0.8544866	0.6014172	7.6448455	0.21193747	0.7196593	0.2	620000	14032.646247625351
248	-46.54	-46.54	-40.0	0.86200035	0.5911427	5.7303905	0.17162168	0.7170761	0.2	622500	14089.220947742462
249	-44.9	-44.9	-44.600002	0.86737937	0.6576869	7.2537622	0.19471268	0.71456826	0.1	625000	14146.46146440506
250	-47.78	-47.78	-45.0	0.82929605	0.58638734	5.3446765	0.1918465	0.6950664	0.1	627500	14203.3749833107
251	-46.92	-46.92	-40.0	0.81632704	0.6540426	7.474497	0.17380536	0.6905579	0.2	630000	14260.759782791138
252	-47.6	-47.6	-50.0	0.79601246	0.63296276	8.010462	0.18474141	0.6760764	0.0	632500	14318.980492830276
253	-47.06	-47.06	-50.0	0.7861338	0.6538149	7.2455397	0.16617233	0.65907615	0.0	635000	14376.196598768234
254	-46.82	-46.82	-50.0	0.7941691	0.68613106	8.362966	0.15696803	0.66425854	0.0	637500	14433.523281812668
255	-46.04	-46.04	-45.0	0.7929168	0.68120867	8.291189	0.18260993	0.6600581	0.1	640000	14490.158467054367
256	-42.22	-42.22	-50.0	0.75600564	0.626863	5.6562943	0.17413595	0.6277106	0.0	642500	14548.064089298248
257	-47.6	-47.6	-45.8	0.73926336	0.6345106	7.085633	0.1476582	0.60975915	0.1	645000	14605.164117574692
258	-49.9	-49.9	-40.0	0.781763	1.0233532	35.88729	0.14076889	0.6477252	0.2	647500	14662.145814418793
259	-47.62	-47.62	-49.6	0.7564051	0.6333072	8.424472	0.17218505	0.6556788	0.0	650000	14718.218479156494
260	-47.92	-47.92	-50.0	0.7145841	0.60176975	7.5179276	0.16852643	0.61041015	0.0	652500	14774.95048880577
261	-45.36	-45.36	-46.399998	0.71475065	0.5983767	5.388059	0.16365662	0.60447663	0.1	655000	14831.67365193367
262	-47.0	-47.0	-37.399998	0.7246702	0.66731036	14.338076	0.15858835	0.6270272	0.3	657500	14888.977017641068
263	-46.52	-46.52	-50.0	0.78593373	1.1707498	31.05803	0.18012255	0.68065476	0.0	660000	14945.293796777725
264	-45.8	-45.8	-41.399998	0.74902946	0.64347297	7.1951103	0.15707844	0.64425105	0.2	662500	15001.346135854721
265	-47.88	-47.88	-45.0	0.77472776	0.78058374	20.327852	0.14766438	0.668861	0.1	665000	15057.966795921326
266	-47.96	-47.96	-50.0	0.76614755	0.6294291	6.3184686	0.1653825	0.6374719	0.0	667500	15114.407429218292
267	-49.56	-49.56	-45.600002	0.77559656	0.65058947	5.6904473	0.18858814	0.65821135	0.1	670000	15171.771372795105
268	-46.68	-46.68	-45.0	0.7844846	0.6655855	7.8098965	0.12180665	0.6721606	0.1	672500	15229.148479223251
269	-46.76	-46.76	-50.0	0.780036	0.658032	7.275341	0.16641268	0.64513326	0.0	675000	15285.879565000534
270	-43.5	-43.5	-46.100002	0.8053823	0.7155081	6.187126	0.17614436	0.7040635	0.1	677500	15344.097760915756
271	-43.06	-43.06	-44.899998	3.0342572	99.251976	4440.4966	0.14919007	0.67270076	0.1	680000	15400.952382087708
272	-48.2	-48.2	-49.8	0.7958853	0.6348163	6.1515217	0.18309852	0.673292	0.0	682500	15458.03141283989
273	-45.7	-45.7	-42.899998	0.8848413	2.6001003	110.31747	0.18279523	0.77028346	0.2	685000	15515.425251722336
274	-46.56	-46.56	-45.0	0.9447476	4.3196836	141.70317	0.18442607	1.6768848	0.1	687500	15573.243500947952
275	-47.3	-47.3	-46.100002	0.8064404	0.6659681	5.8700557	0.16021255	0.6970612	0.1	690000	15631.118564844131
276	-44.72	-44.72	-49.0	0.84238094	0.70730686	7.519482	0.18417731	0.72090834	0.0	692500	15688.19756269455
277	-46.4	-46.4	-41.100002	0.81221825	0.6869578	6.467097	0.19355644	0.69908214	0.2	695000	15745.515134811401
278	-45.9	-45.9	-43.3	0.80909264	0.6623075	6.8127623	0.162539	0.7012928	0.2	697500	15803.32106089592
279	-44.54	-44.54	-45.0	0.8276987	0.606004	6.066024	0.19143656	0.7170058	0.1	700000	15861.456550836563
280	-43.08	-43.08	-44.0	0.9234465	1.7821525	74.64982	0.19792253	0.7905647	0.2	702500	15918.344619512558
281	-46.66	-46.66	-39.100002	0.8339499	0.612095	6.780636	0.20494193	0.72552747	0.2	705000	15975.53257060051
282	-43.8	-43.8	-44.3	0.8533132	0.6344468	6.3975286	0.19419898	0.73199356	0.1	707500	16033.205762386322
283	-43.22	-43.22	-45.8	0.8861572	0.63644713	7.0431757	0.19812316	0.7716559	0.1	710000	16091.040969371796
284	-47.8	-47.8	-44.8	0.9552732	0.7329526	7.29521	0.21758945	0.81677127	0.1	712500	16148.179390668869
285	-46.34	-46.34	-36.2	0.9832463	0.9858311	25.476942	0.19077739	0.84422475	0.3	715000	16205.269839763641
286	-42.98	-42.98	-45.399998	0.97343975	0.8922972	26.640533	0.20033412	0.84804714	0.1	717500	16263.495568037033
287	-45.74	-45.74	-38.899998	1.0463198	0.78175294	7.287	0.21226524	0.8890417	0.3	720000	16320.994304418564
288	-42.58	-42.58	-50.0	1.0569724	0.7470496	6.7202606	0.21919373	0.889516	0.0	722500	16378.286373376846
289	-45.44	-45.44	-45.399998	1.0782571	0.7239023	6.418821	0.23967536	0.9246637	0.1	725000	16434.69678044319
290	-43.86	-43.86	-45.100002	1.1192887	0.7608022	6.1014357	0.25625074	0.96758777	0.1	727500	16490.761214733124
291	-47.08	-47.08	-49.8	1.125416	0.83552027	9.448097	0.23890677	0.95958775	0.0	730000	16547.957296848297
292	-43.0	-43.0	-50.0	1.1396811	0.75789714	6.8688755	0.25457603	0.95425147	0.0	732500	16604.970458507538
293	-43.48	-43.48	-34.399998	1.1984262	0.7851385	7.2002115	0.26334262	1.0048	0.4	735000	16661.988343000412
294	-42.74	-42.74	-42.8	1.1637753	0.78123426	8.877174	0.25446582	0.98636454	0.2	737500	16719.258638381958
295	-42.08	-42.08	-41.0	1.2004775	0.7812882	6.414159	0.29378873	1.0028977	0.2	740000	16776.424283981323
296	-46.02	-46.02	-42.399998	1.2257898	0.8070948	7.1480904	0.29172295	1.0135543	0.2	742500	16833.19930434227
297	-42.92	-42.92	-42.3	1.4974943	5.7263293	232.36807	0.29089975	1.2378727	0.2	745000	16889.451055765152
298	-42.56	-42.56	-45.899998	1.3959514	5.2823596	234.39987	0.2863183	1.1639787	0.1	747500	16946.42820072174
299	-47.38	-47.38	-38.3	1.6154168	9.161169	382.8983	0.33460927	1.3738167	0.3	750000	17003.463214159012
300	-43.78	-43.78	-32.899998	1.6350373	7.652567	255.69102	0.29444236	1.3907483	0.4	752500	17060.914667844772
301	-41.74	-41.74	-32.399998	1.6310053	8.505185	330.4909	0.33850443	1.2353702	0.5	755000	17117.29258942604
302	-42.38	-42.38	-38.7	1.3842232	1.8999056	76.278824	0.3287413	1.1667145	0.3	757500	17174.632724046707
303	-41.7	-41.7	-38.600002	1.5410105	7.520596	335.62213	0.29423156	1.3893901	0.3	760000	17231.947620868683
304	-42.56	-42.56	-44.7	1.4078816	0.9524646	13.452428	0.35654858	1.193509	0.1	762500	17288.53735780716
305	-39.98	-39.98	-38.600002	1.4195533	0.83681566	8.6725855	0.32501194	1.2138853	0.3	765000	17345.37834572792
306	-46.28	-46.28	-37.399998	1.4395638	0.899514	10.642262	0.4017529	1.2271749	0.3	767500	17402.9265460968
307	-45.2	-45.2	-39.7	1.4209137	0.8500475	8.431818	0.34489396	1.2203386	0.3	770000	17460.135620832443
308	-39.16	-39.16	-38.399998	1.4340696	0.8480796	8.472245	0.34928736	1.2304416	0.2	772500	17517.107335567474
309	-40.82	-40.82	-31.1	1.3858728	0.81807894	12.254051	0.3757198	1.1933533	0.5	775000	17574.417633533478
310	-43.78	-43.78	-45.7	1.450532	0.851604	9.152971	0.34881264	1.2502614	0.2	777500	17631.53629732132
311	-41.34	-41.34	-40.0	1.4671572	0.9150621	9.768653	0.34193963	1.260031	0.2	780000	17688.588579893112
312	-40.94	-40.94	-39.2	1.4483633	0.8772443	9.729839	0.34903836	1.2328614	0.3	782500	17745.493263721466
313	-46.0	-46.0	-44.0	1.4834741	0.890895	10.89189	0.389308	1.2663264	0.2	785000	17803.389066934586
314	-41.82	-41.82	-31.8	1.3841345	0.7657763	6.8213344	0.39586976	1.179051	0.3	787500	17860.755819559097
315	-44.04	-44.04	-41.2	1.4374088	0.8600902	8.223909	0.34276012	1.2152323	0.3	790000	17917.81993317604
316	-40.54	-40.54	-36.3	1.4441237	0.8827887	11.934716	0.37773055	1.2257466	0.4	792500	17975.320294857025
317	-39.32	-39.32	-31.5	1.4813635	0.8854247	10.598806	0.32049388	1.2663518	0.5	795000	18032.946391820908
318	-41.14	-41.14	-34.7	1.4779246	0.88206327	8.510589	0.3561579	1.2513206	0.4	797500	18090.891094207764
319	-39.8	-39.8	-34.399998	1.5908384	0.99536115	12.299052	0.39116532	1.4095671	0.5	800000	18148.120423793793
320	-39.92	-39.92	-37.899998	1.5721506	1.0051625	13.652613	0.36390805	1.3592533	0.3	802500	18205.06912636757
321	-42.58	-42.58	-32.2	1.5781883	0.9819554	12.434425	0.43997115	1.3524587	0.5	805000	18262.692359924316
322	-40.3	-40.3	-37.5	1.5128118	0.80918753	7.658481	0.43685633	1.2868552	0.5	807500	18319.80512738228
323	-38.76	-38.76	-38.3	1.6133654	0.9515745	11.899033	0.3376266	1.3774893	0.4	810000	18376.384049654007
324	-37.08	-37.08	-38.399998	1.6081638	0.9875319	9.868349	0.43561536	1.3843542	0.5	812500	18432.946991443634
325	-40.28	-40.28	-38.600002	1.6731853	1.0257365	15.300987	0.46992302	1.4317	0.3	815000	18490.417093992233
326	-41.32	-41.32	-22.199999	1.6312541	0.9565893	9.518379	0.45471182	1.3959796	0.7	817500	18548.52988767624
327	-39.78	-39.78	-38.8	1.6599256	1.6485727	61.946938	0.48867804	1.4358242	0.4	820000	18605.680674552917
328	-39.22	-39.22	-25.8	1.6956416	1.154753	28.064037	0.4613307	1.4426008	0.8	822500	18664.084261894226
329	-41.12	-41.12	-44.600002	1.6780729	1.0019197	16.896282	0.45831904	1.4252818	0.3	825000	18721.353335142136
330	-38.2	-38.2	-30.2	1.7552496	1.089416	18.13475	0.46739984	1.5026507	0.6	827500	18777.900177955627
331	-37.52	-37.52	-36.3	1.6911551	0.9527844	16.549694	0.48696688	1.4495388	0.3	830000	18834.624599695206
332	-35.2	-35.2	-30.1	1.678468	0.9416216	14.159411	0.46513	1.4362578	0.5	832500	18893.315906763077
333	-37.58	-37.58	-33.5	1.742491	1.7935869	67.81346	0.47925538	1.4614497	0.5	835000	18950.87411403656
334	-37.04	-37.04	-26.8	1.7048857	1.0333011	15.470554	0.45015737	1.4579597	0.6	837500	19009.266088724136
335	-37.54	-37.54	-38.600002	1.6952153	0.93381435	11.842991	0.4670182	1.4481639	0.4	840000	19068.48225736618
336	-37.92	-37.92	-40.399998	1.7158012	0.92322195	10.490411	0.51352155	1.465862	0.3	842500	19126.503623247147
337	-34.02	-34.02	-27.0	1.7446744	0.9884828	11.378256	0.52945197	1.49751	0.6	845000	19184.24273109436
338	-39.38	-39.38	-35.2	1.7682707	1.0159739	13.66872	0.51181984	1.4921011	0.4	847500	19241.471947669983
339	-38.72	-38.72	-30.5	1.7826213	0.96723115	10.215519	0.49829096	1.517324	0.6	850000	19299.094693660736
340	-38.48	-38.48	-24.9	1.782905	1.0571828	19.533352	0.53034985	1.5154288	0.7	852500	19355.544780015945
341	-35.02	-35.02	-41.399998	1.80156	0.958291	13.872579	0.53621465	1.5279627	0.2	855000	19413.10474061966
342	-30.8	-30.8	-36.899998	1.8233204	1.0348227	14.841281	0.51431334	1.5539447	0.4	857500	19471.330889940262
343	-35.86	-35.86	-33.8	1.8092775	1.0507132	20.041208	0.52110684	1.5519248	0.4	860000	19528.305377483368
344	-35.74	-35.74	-29.5	1.7805972	1.0354209	21.024378	0.50911105	1.5200619	0.7	862500	19585.16615653038
345	-33.44	-33.44	-32.8	1.7458508	0.9327638	12.736048	0.6146151	1.487037	0.6	865000	19642.474665164948
346	-32.78	-32.78	-24.4	1.7649856	1.0158995	20.645853	0.54754204	1.5122304	0.8	867500	19699.355768203735
347	-35.4	-35.4	-33.100002	1.7357174	0.9106548	10.168671	0.5200398	1.4997848	0.6	870000	19757.106575012207
348	-34.94	-34.94	-28.8	1.8392915	1.1856339	22.503952	0.5050764	1.5889786	0.7	872500	19814.34055376053
349	-37.12	-37.12	-32.7	1.7499994	0.9581987	12.524216	0.5735972	1.5163369	0.6	875000	19872.323781728745
350	-36.32	-36.32	-35.100002	1.7827342	0.9702867	13.107344	0.49491936	1.5336686	0.6	877500	19931.06469964981
351	-33.48	-33.48	-25.4	1.8082569	1.1189011	23.270243	0.48701078	1.5581281	0.7	880000	19988.440355539322
352	-35.04	-35.04	-32.8	1.7566206	0.8962265	9.504114	0.57143235	1.5212661	0.6	882500	20045.714101314545
353	-31.94	-31.94	-28.3	1.7785004	0.96605617	11.150561	0.49842834	1.583514	0.7	885000	20103.908956050873
354	-33.28	-33.28	-21.300001	1.7746869	1.0291772	20.546366	0.48759776	1.5174295	0.9	887500	20160.6289999485
355	-35.76	-35.76	-24.0	1.8842068	3.5744166	155.53854	0.5657544	1.551998	0.7	890000	20218.93659234047
356	-31.18	-31.18	-28.2	1.8483763	0.91576654	9.347618	0.5785587	1.5850286	0.7	892500	20275.308119773865
357	-33.02	-33.02	-35.3	1.8467053	1.0984346	22.866472	0.5648779	1.5898277	0.5	895000	20333.518579483032
358	-34.66	-34.66	-22.300001	1.7691904	0.85772395	9.332944	0.5719337	1.5305616	0.8	897500	20390.867187976837
359	-32.52	-32.52	-28.4	1.776916	0.9225842	15.631793	0.59437764	1.5235376	0.7	900000	20448.563987016678
360	-36.18	-36.18	-31.1	1.8755102	1.3280646	24.48972	0.5768093	1.6129451	0.6	902500	20505.54230952263
361	-32.4	-32.4	-24.8	1.7851682	1.0902888	17.249264	0.5299156	1.5428481	0.7	905000	20562.713865041733
362	-33.78	-33.78	-25.1	1.7710527	1.0467232	22.02143	0.55296814	1.9700881	0.7	907500	20619.76786351204
363	-35.94	-35.94	-24.8	1.7171277	0.83611953	8.572759	0.6498486	1.4770179	0.8	910000	20676.97111749649
364	-36.44	-36.44	-26.0	1.7296928	0.90320534	11.225094	0.55325043	1.4651343	0.8	912500	20734.203174114227
365	-33.66	-33.66	-22.4	1.7858591	1.9649022	76.28246	0.5375793	1.5005882	0.8	915000	20792.992886543274
366	-31.38	-31.38	-21.800001	1.7246064	1.0208855	22.929232	0.57329345	1.4987702	0.8	917500	20850.478281974792
367	-36.4	-36.4	-28.9	1.7043084	0.83720326	6.960025	0.5468717	1.4734142	0.8	920000	20906.898877620697
368	-27.6	-27.6	-25.3	1.663783	0.8299713	9.608652	0.5296229	1.4317173	0.7	922500	20963.697741508484
369	-34.18	-34.18	-20.199999	1.6399245	0.8343728	15.4956875	0.51744354	1.418542	1.0	925000	21021.271587133408
370	-32.96	-32.96	-25.8	1.6076013	0.96203256	25.913412	0.45295137	1.3887082	0.7	927500	21077.610857009888
371	-34.02	-34.02	-17.5	1.666947	0.8183394	8.371719	0.55502725	1.4416933	0.7	930000	21134.858148813248
372	-27.98	-27.98	-24.3	1.5851282	0.78965753	8.201861	0.54799217	1.3799648	0.8	932500	21191.838869810104
373	-31.36	-31.36	-23.1	1.5725818	0.7660289	11.319199	0.5165786	1.3658801	0.8	935000	21248.68489742279
374	-30.5	-30.5	-19.800001	1.6197927	0.8321325	12.447088	0.5360447	1.400433	0.9	937500	21305.980259418488
375	-33.36	-33.36	-17.800001	1.6063398	0.818226	12.509705	0.470339	1.3965852	0.9	940000	21363.29920578003
376	-34.26	-34.26	-21.699999	1.6020147	1.002345	27.193428	0.56074286	1.390279	0.9	942500	21420.758464574814
377	-31.3	-31.3	-23.7	1.663436	0.8745839	13.457949	0.62630594	1.4347315	0.8	945000	21477.772332906723
378	-31.36	-31.36	-25.8	1.7221589	1.0212723	25.36346	0.54372305	1.4890813	1.0	947500	21535.312985658646
379	-32.24	-32.24	-23.0	1.7059268	1.1677743	24.524836	0.6463735	1.4823003	0.8	950000	21592.336377620697
380	-35.8	-35.8	-21.1	1.6262727	0.8344675	13.180902	0.5820848	1.424917	0.8	952500	21649.231542110443
381	-33.2	-33.2	-21.199999	1.5882784	0.7732921	12.731383	0.55788887	1.3796892	0.8	955000	21706.96567606926
382	-28.3	-28.3	-18.300001	1.5575022	0.7618137	9.516528	0.5838666	1.3564347	1.0	957500	21764.544405698776
383	-28.3	-28.3	-26.3	1.61137	0.8133442	13.0617075	0.55783033	1.4072726	0.8	960000	21821.64701485634
384	-30.72	-30.72	-19.699999	1.5771626	0.82020366	11.889958	0.55593824	1.3674679	0.8	962500	21878.5567779541
385	-24.3	-24.3	-15.4	1.5557446	0.7073456	8.041279	0.52617097	1.3523569	0.9	965000	21935.308494329453
386	-29.48	-29.48	-22.199999	1.535914	0.82926595	14.031256	0.55507815	1.3315135	0.9	967500	21992.857977628708
387	-29.66	-29.66	-23.199999	1.5040364	0.7708978	12.0081	0.54986113	1.3116333	0.9	970000	22050.36588048935
388	-29.94	-29.94	-17.9	1.4508655	0.68808985	9.974879	0.5115102	1.2552878	1.0	972500	22107.846036672592
389	-30.5	-30.5	-23.4	1.457967	0.7373953	11.518026	0.5117428	1.2720013	0.8	975000	22165.243441820145
390	-29.52	-29.52	-12.1	1.4128809	0.74765676	9.996916	0.48184046	1.2320881	1.0	977500	22222.741536140442
391	-30.36	-30.36	-18.4	1.4561318	0.8258837	10.841894	0.4983908	1.2781581	0.9	980000	22279.881361961365
392	-29.16	-29.16	-15.2	1.3948802	0.67398345	7.9617653	0.53109753	1.2159027	1.0	982500	22336.86643576622
393	-29.16	-29.16	-24.5	1.4093634	0.75125813	9.964425	0.42701277	1.2302163	0.7	985000	22393.84926891327
394	-29.28	-29.28	-23.6	1.3706522	0.682706	9.073588	0.49822688	1.1933426	0.9	987500	22450.826972961426
395	-27.38	-27.38	-14.4	1.4158244	0.7443917	10.967007	0.42678893	1.2452579	0.9	990000	22508.141008138657
396	-31.22	-31.22	-12.2	1.3732144	0.71653706	13.245634	0.50771934	1.208338	1.0	992500	22566.588549613953
397	-27.84	-27.84	-22.6	1.4074064	0.7439027	10.257378	0.51312906	1.2342058	1.0	995000	22623.884494781494
398	-31.8	-31.8	-23.9	1.3601459	0.6754478	10.076585	0.50384706	1.1829774	0.7	997500	22681.427092790604
399	-25.82	-25.82	-14.9	1.3745018	0.6398601	6.3161902	0.49123472	1.1962041	0.8	1000000	22738.723549842834
400	-28.44	-28.44	-16.199999	1.3564775	0.6989516	9.777701	0.46225318	1.1862341	1.0	1002500	22796.360739946365
401	-30.28	-30.28	-18.699999	1.3506043	0.7896871	15.525385	0.47049832	1.2055631	1.0	1005000	22853.887820720673
402	-25.0	-25.0	-20.4	1.3217847	0.6577472	9.216509	0.4263367	1.151773	0.7	1007500	22911.059095144272
403	-28.92	-28.92	-19.9	1.3789357	2.0818677	87.69312	0.4539103	1.2983872	0.8	1010000	22968.16045165062
404	-27.8	-27.8	-22.0	1.2949736	0.6498768	8.560797	0.4456995	1.1187631	0.8	1012500	23025.059600830078
405	-30.06	-30.06	-22.699999	1.2914964	0.62316877	6.9303393	0.45063484	1.1238122	0.7	1015000	23081.835691928864
406	-30.54	-30.54	-16.5	1.2936472	0.6299024	8.811234	0.46899074	1.1336089	0.9	1017500	23139.732839107513
407	-27.0	-27.0	-18.6	1.2469245	0.56013995	6.294055	0.43225372	1.0885671	0.8	1020000	23197.372683286667
408	-26.8	-26.8	-19.199999	1.2554263	0.661535	12.390286	0.43382657	1.1054442	0.9	1022500	23254.26315665245
409	-30.82	-30.82	-21.199999	1.2826867	0.79502267	24.306875	0.4642005	1.1230257	0.9	1025000	23311.226951360703
410	-28.64	-28.64	-17.6	1.2447141	1.3932661	58.557438	0.42975742	1.0937582	0.9	1027500	23368.65940976143
411	-27.56	-27.56	-18.1	1.220263	0.6151523	7.1122	0.44483042	1.0696543	0.9	1030000	23426.44973063469
412	-25.5	-25.5	-24.3	1.2317498	0.5998333	9.07434	0.45999485	1.0793961	0.8	1032500	23484.79112958908
413	-30.0	-30.0	-20.0	1.2513244	0.62890106	7.3019047	0.4174896	1.0989997	0.9	1035000	23542.54738688469
414	-29.64	-29.64	-12.6	1.2848806	1.9901034	85.48655	0.46821514	1.1286597	1.0	1037500	23600.165001392365
415	-29.02	-29.02	-15.1	1.2407095	0.6357164	7.2712517	0.45502648	1.0821934	1.0	1040000	23657.817993164062
416	-27.76	-27.76	-15.2	1.2432168	0.985466	35.442017	0.4178231	1.0967205	1.0	1042500	23714.55697965622
417	-27.98	-27.98	-11.599999	1.2206979	0.6161423	7.179938	0.4137073	1.0734956	0.9	1045000	23771.916018486023
418	-28.64	-28.64	-14.4	1.1923337	0.6025703	8.32153	0.39776346	1.0345752	0.9	1047500	23828.425419569016
419	-28.76	-28.76	-24.4	1.1943165	0.56573147	5.4760733	0.37268195	1.0461255	0.7	1050000	23886.69721722603
420	-29.6	-29.6	-15.1	1.1419803	0.5825098	8.145497	0.4404722	1.0000752	1.0	1052500	23943.54312634468
421	-24.3	-24.3	-20.1	1.1576535	0.5714487	8.138696	0.39675325	1.0086405	0.9	1055000	24000.801522254944
422	-26.6	-26.6	-12.1	1.1439384	0.62171936	8.324133	0.4369644	0.9992026	1.0	1057500	24057.666507959366
423	-24.44	-24.44	-16.9	1.1296843	0.551425	6.471526	0.4364248	0.98148704	0.9	1060000	24114.824583768845
424	-25.96	-25.96	-15.0	1.1168098	0.61349136	11.187359	0.4203937	0.973165	0.9	1062500	24171.629641771317
425	-30.12	-30.12	-14.7	1.087042	0.52851826	6.4146976	0.37865505	0.9463923	0.9	1065000	24228.981391191483
426	-26.18	-26.18	-19.4	1.0778005	0.51195645	6.3548584	0.37054893	0.9389128	0.9	1067500	24287.583609819412
427	-29.26	-29.26	-16.4	1.0416199	0.5301302	6.001545	0.40412152	0.90837276	1.0	1070000	24345.002957582474
428	-29.04	-29.04	-15.8	1.0603228	0.52598447	6.2515073	0.39153883	0.9234207	0.8	1072500	24403.25531244278
429	-28.24	-28.24	-38.7	11.70216	333.06192	11431.069	0.39436218	11.723166	0.3	1075000	24460.069277524948
430	-29.44	-29.44	-17.300001	1.1414088	0.56461823	6.051977	0.43614244	1.4159005	0.9	1077500	24517.74626326561
431	-26.26	-26.26	-15.5	1.0455799	0.5021303	5.626643	0.37823984	0.913896	1.0	1080000	24575.309967279434
432	-26.74	-26.74	-15.6	1.0261465	0.4626197	4.755549	0.3722506	0.8915512	0.9	1082500	24633.06979727745
433	-24.7	-24.7	-12.8	1.0573405	0.49692562	5.4359303	0.3761006	0.917826	1.0	1085000	24690.872695207596
434	-26.24	-26.24	-16.300001	1.0096214	0.47632846	5.140179	0.33926708	0.8787655	1.0	1087500	24747.7668299675
435	-26.92	-26.92	-25.5	1.0122917	0.48802403	5.076133	0.3346134	0.8813058	0.7	1090000	24805.045758247375
436	-29.8	-29.8	-19.9	1.0216026	0.5052901	5.6399	0.37455934	0.8872881	1.0	1092500	24861.833950281143
437	-28.0	-28.0	-12.5	0.9986501	0.51322323	6.604853	0.34337166	0.8638589	1.0	1095000	24918.900000333786
438	-26.38	-26.38	-13.8	0.99160105	0.4604363	5.231656	0.38851687	0.85876495	1.0	1097500	24976.330281972885
439	-25.5	-25.5	-14.8	0.97169495	0.51194125	6.2633266	0.36132807	0.83999646	1.0	1100000	25032.978237867355
440	-27.2	-27.2	-16.199999	0.9562082	0.44816068	5.5110993	0.34752506	0.8242643	1.0	1102500	25091.01267528534
441	-23.96	-23.96	-21.5	0.9671244	0.518137	5.93246	0.36846742	0.8353031	1.0	1105000	25148.294620275497
442	-26.5	-26.5	-19.800001	0.95648026	0.5010434	5.4774914	0.33545417	0.8241803	0.9	1107500	25205.771572589874
443	-28.3	-28.3	-15.4	1.0129497	0.5412685	6.2577147	0.36217064	0.8723945	1.0	1110000	25263.112088918686
444	-27.1	-27.1	-13.6	1.0233469	0.5246564	6.3574915	0.33002025	0.881232	1.0	1112500	25321.41020321846
445	-23.12	-23.12	-18.1	0.9597628	0.48464584	5.3750086	0.32430187	0.81881905	0.9	1115000	25379.793946266174
446	-26.68	-26.68	-14.7	0.9837364	0.5044584	5.9072976	0.33600482	0.8438221	0.9	1117500	25437.055547237396
447	-25.92	-25.92	-20.6	0.95751476	0.46194115	7.0845575	0.33593482	0.81404775	0.9	1120000	25494.62413406372
448	-28.22	-28.22	-20.0	0.9521841	0.47932452	6.166366	0.3193627	0.8209022	0.8	1122500	25551.956428289413
449	-26.82	-26.82	-18.9	0.9473735	0.47181028	4.973777	0.3229704	0.8082624	0.9	1125000	25609.85988330841
450	-26.28	-26.28	-9.0	0.95228624	0.49223915	6.0792704	0.35334995	0.8138097	1.0	1127500	25666.948952674866
451	-26.16	-26.16	-20.4	0.9385359	0.48375624	5.29162	0.37309992	0.81000143	1.0	1130000	25724.19854950905
452	-28.5	-28.5	-18.199999	0.9251426	0.45741558	5.1750746	0.36349642	0.7925317	1.0	1132500	25782.224796772003
453	-25.6	-25.6	-17.1	0.8987056	0.4480699	4.488944	0.30435914	0.76982105	1.0	1135000	25840.28976368904
454	-25.02	-25.02	-13.8	0.9163106	0.4636557	5.2613063	0.31171262	0.7896705	1.0	1137500	25897.66188955307
455	-24.48	-24.48	-23.8	0.9149257	0.4909859	5.6185417	0.33384222	0.7875168	0.7	1140000	25954.95345711708
456	-26.68	-26.68	-19.6	0.9174447	0.4838165	5.886312	0.29406258	0.7910204	0.9	1142500	26012.873832464218
457	-22.8	-22.8	-11.0	0.915671	0.46979138	5.9351892	0.35295153	0.7861555	1.0	1145000	26070.36289381981
458	-24.5	-24.5	-15.9	0.9231225	0.49845406	6.776895	0.28109357	0.79456544	0.9	1147500	26128.347167491913
459	-25.5	-25.5	-16.1	0.8694528	0.42114013	4.3415804	0.34630722	0.7431694	1.0	1150000	26186.271879673004
460	-23.98	-23.98	-16.699999	0.84249	0.45437145	5.552632	0.27410358	0.7280939	1.0	1152500	26244.548615694046
461	-25.24	-25.24	-11.8	0.8570311	0.48946977	5.3376274	0.29585773	0.7379755	0.9	1155000	26303.1090593338
462	-25.84	-25.84	-16.199999	0.8351446	0.45844606	5.6254096	0.3073628	0.7147226	1.0	1157500	26360.72793149948
463	-27.04	-27.04	-21.300001	0.82950866	0.43738505	5.1437893	0.31029174	0.7170918	0.9	1160000	26418.203680038452
464	-24.42	-24.42	-13.8	0.81888497	0.48956448	6.2957106	0.28582084	0.704074	1.0	1162500	26475.50929403305
465	-25.76	-25.76	-14.6	0.8155917	0.43129888	5.082792	0.3294354	0.69759405	1.0	1165000	26532.605841875076
466	-24.8	-24.8	-10.8	0.8077178	0.4617834	5.565915	0.28538835	0.694111	1.0	1167500	26589.554538726807
467	-22.7	-22.7	-13.3	0.8370369	0.44069865	4.2277093	0.3012163	0.72475475	1.0	1170000	26647.09209370613
468	-27.18	-27.18	-11.9	0.80248445	0.46456885	6.4521155	0.27274978	0.70066565	1.0	1172500	26703.32302236557
469	-22.1	-22.1	-19.699999	0.8586754	0.54687417	7.722303	0.32516485	0.73902416	0.8	1175000	26759.65333557129
470	-22.36	-22.36	-14.9	0.8443562	0.49903384	6.2201266	0.28640127	0.8037708	0.9	1177500	26816.961331367493
471	-26.68	-26.68	-19.300001	0.84553564	0.4536451	6.528969	0.30730236	0.72261	0.9	1180000	26875.307106494904
472	-22.14	-22.14	-11.3	0.85420203	0.48448682	5.028899	0.30693406	0.7311674	1.0	1182500	26933.54612350464
473	-24.1	-24.1	-18.9	0.85847336	0.5303312	6.2065845	0.30202425	0.73996556	0.9	1185000	26992.097094535828
474	-22.08	-22.08	-18.199999	0.8182561	0.50846094	6.963732	0.25446093	0.70479643	1.0	1187500	27050.75762438774
475	-22.7	-22.7	-18.300001	0.82270503	0.5437936	6.885693	0.29815716	0.7060009	0.9	1190000	27108.104949235916
476	-27.74	-27.74	-12.4	0.8462538	0.56625855	6.8970375	0.27343434	0.72943115	1.0	1192500	27166.073357343674
477	-23.64	-23.64	-16.800001	0.80686164	0.47809297	6.352996	0.28990304	0.6942334	0.9	1195000	27223.481343269348
478	-25.02	-25.02	-14.6	0.83185524	0.5645219	7.6476755	0.25828505	0.7171885	1.0	1197500	27280.82711315155
479	-24.56	-24.56	-20.199999	0.829623	0.5019912	5.3541355	0.269454	0.70392346	0.9	1200000	27338.390636205673
480	-23.6	-23.6	-17.699999	0.80775994	0.5145486	7.020775	0.3090821	0.6952832	0.9	1202500	27395.65079975128
481	-22.38	-22.38	-10.7	0.8157848	0.5391031	7.1320896	0.23764895	0.6946491	1.0	1205000	27452.843988656998
482	-24.3	-24.3	-23.199999	0.81786454	0.5420626	7.0730247	0.29521194	0.6974503	0.6	1207500	27509.999932050705
483	-22.18	-22.18	-14.8	0.7935259	0.48898125	6.0514755	0.26508927	0.6817484	1.0	1210000	27567.682024002075
484	-23.32	-23.32	-11.099999	0.77594995	0.53946435	9.014789	0.2716173	0.66547817	1.0	1212500	27624.5790746212
485	-22.16	-22.16	-14.9	0.7871071	0.5007148	7.343499	0.27236637	0.6661076	1.0	1215000	27682.081044197083
486	-22.38	-22.38	-15.2	0.81036663	0.5776826	7.6209197	0.2742799	0.6858144	1.0	1217500	27739.919085264206
487	-23.24	-23.24	-15.9	0.7277585	0.4125529	4.5119853	0.27471432	0.6165798	1.0	1220000	27797.052961349487
488	-21.96	-21.96	-12.0	0.7743812	0.55365646	7.346408	0.24649861	0.656554	1.0	1222500	27854.795778036118
489	-23.84	-23.84	-14.9	0.7545398	0.5239115	6.3420978	0.27516	0.6499869	0.9	1225000	27912.491672992706
490	-26.68	-26.68	-10.400001	0.7015498	0.43546844	5.0039277	0.24252236	0.5984972	1.0	1227500	27969.988949537277
491	-23.36	-23.36	-14.5	0.7140547	0.46648988	6.66796	0.2544812	0.611484	0.9	1230000	28027.868332624435
492	-26.2	-26.2	-13.5	0.71831775	0.5028339	7.1582775	0.26070064	0.61464113	1.0	1232500	28085.646485090256
493	-24.54	-24.54	-14.5	0.7400217	0.4813667	6.2779837	0.2742184	0.6284594	0.9	1235000	28142.482753515244
494	-24.08	-24.08	-20.300001	0.7095176	0.52168673	7.3852816	0.23375519	0.604239	0.8	1237500	28199.925721406937
495	-23.6	-23.6	-15.6	0.7086907	0.44950098	4.1368003	0.24466108	0.60506845	0.9	1240000	28257.910480976105
496	-22.24	-22.24	-10.900001	0.6844606	0.4615598	7.4179525	0.24572451	0.58616394	1.0	1242500	28315.659086227417
497	-21.48	-21.48	-11.0	0.6698778	0.42275736	5.064308	0.24655396	0.57284945	1.0	1245000	28373.417011499405
498	-21.94	-21.94	-16.300001	0.67371875	0.43784645	5.620484	0.24321985	0.5724152	0.8	1247500	28431.516914129257
499	-25.82	-25.82	-11.5	0.63173807	0.41898966	6.2072387	0.22683711	0.5375591	1.0	1250000	28487.79612493515
