Epoch	EpRet	EpRealRet	TestEpRet	AverageQ1	StdQ1	MaxQ1	MinQ1	Q2	TestSuccess	TotalEnvInteracts	TotalTime
0	-44.0	-44.0	-50.0	-1.0929475	2.2693768	6.21129	-167.14534	-1.0944111	0.0	2500	28.23317241668701
1	-46.0	-46.0	-45.0	-2.2167187	4.837929	1.1474733	-58.2792	-2.217498	0.1	5000	61.23084330558777
2	-46.84	-46.84	-45.0	-2.9419508	5.9368258	2.144189	-36.94533	-2.9418707	0.1	7500	94.25643491744995
3	-46.9	-46.9	-50.0	-3.793618	7.89571	2.8499467	-37.38895	-3.793612	0.0	10000	128.31210041046143
4	-49.0	-49.0	-40.0	-4.6016836	9.565561	3.1328359	-41.118477	-4.601708	0.2	12500	162.0391845703125
5	-48.62	-48.62	-50.0	-5.3121047	11.024199	1.5797321	-47.521927	-5.3122396	0.0	15000	195.8116271495819
6	-48.0	-48.0	-50.0	-5.903833	12.244734	1.7532303	-51.869564	-5.903797	0.0	17500	230.23489570617676
7	-48.96	-48.96	-50.0	-6.4540935	13.330632	1.8122671	-53.938	-6.4539275	0.0	20000	265.03586888313293
8	-47.08	-47.08	-49.3	-6.9396863	14.310773	1.9908564	-61.97008	-6.9394846	0.0	22500	299.31908535957336
9	-47.06	-47.06	-45.0	-7.23189	15.008966	1.8575338	-57.31537	-7.2316427	0.1	25000	334.65667176246643
10	-48.0	-48.0	-50.0	-7.577948	15.71129	1.5608151	-55.200893	-7.577718	0.0	27500	370.711553812027
11	-45.0	-45.0	-45.0	-7.854349	16.257978	3.4662256	-70.1337	-7.8541665	0.1	30000	407.55771565437317
12	-49.86	-49.86	-50.0	-8.052179	16.5996	2.6631248	-61.76381	-8.0519	0.0	32500	444.24598121643066
13	-47.84	-47.84	-40.0	-8.256022	16.940418	3.9418232	-89.42887	-8.255627	0.2	35000	481.0967319011688
14	-48.0	-48.0	-45.0	-8.353969	17.124878	3.5408354	-62.839237	-8.353719	0.1	37500	517.9785959720612
15	-45.92	-45.92	-50.0	-8.526819	17.365356	3.4393108	-65.6189	-8.527024	0.0	40000	554.9706158638
16	-45.04	-45.04	-50.0	-8.598506	17.49883	5.2755556	-90.485855	-8.598307	0.0	42500	592.312771320343
17	-47.94	-47.94	-45.0	-8.757586	17.713175	3.783133	-65.42435	-8.757106	0.1	45000	628.050185918808
18	-45.9	-45.9	-50.0	-8.725275	17.764084	3.4914608	-66.51489	-8.724964	0.0	47500	665.0609872341156
19	-48.98	-48.98	-50.0	-8.860874	17.928827	4.4434843	-60.58885	-8.860547	0.0	50000	701.3626148700714
20	-48.0	-48.0	-50.0	-8.953301	18.039919	3.1767087	-63.3861	-8.953083	0.0	52500	737.9561595916748
21	-48.46	-48.46	-50.0	-9.077304	18.193226	3.78091	-56.5367	-9.077217	0.0	55000	774.9620296955109
22	-49.0	-49.0	-30.0	-9.072378	18.242762	3.6024668	-56.675323	-9.072107	0.4	57500	812.1703610420227
23	-46.96	-46.96	-50.0	-9.136097	18.359049	3.2902827	-57.417934	-9.135751	0.0	60000	848.6054251194
24	-43.0	-43.0	-45.0	-9.145462	18.392292	4.7449207	-68.82675	-9.14516	0.1	62500	885.674158334732
25	-48.66	-48.66	-50.0	-9.182211	18.44411	4.393362	-59.563824	-9.181944	0.0	65000	922.5302801132202
26	-48.0	-48.0	-50.0	-9.2583	18.529034	3.3969762	-58.082264	-9.258254	0.0	67500	958.7180738449097
27	-46.9	-46.9	-45.0	-9.211557	18.536907	4.7107086	-58.65147	-9.211387	0.1	70000	995.6351637840271
28	-46.94	-46.94	-35.0	-9.245978	18.580122	5.181978	-57.36797	-9.245602	0.3	72500	1032.3040137290955
29	-46.78	-46.78	-50.0	-9.243523	18.59222	3.116218	-56.9636	-9.243264	0.0	75000	1069.1505527496338
30	-48.0	-48.0	-45.0	-9.262554	18.611565	3.226928	-59.603085	-9.262261	0.1	77500	1106.329024553299
31	-49.0	-49.0	-49.2	-9.344072	18.68534	3.7555728	-73.2728	-9.343955	0.0	80000	1143.2362015247345
32	-47.94	-47.94	-45.0	-9.368624	18.70625	7.235541	-58.046085	-9.368613	0.1	82500	1178.957585811615
33	-48.0	-48.0	-50.0	-9.407346	18.755522	4.112023	-58.43979	-9.407376	0.0	85000	1216.2988231182098
34	-45.0	-45.0	-45.0	-9.39589	18.74882	3.896079	-61.36679	-9.395625	0.1	87500	1254.7961537837982
35	-47.88	-47.88	-50.0	-9.449207	18.804132	6.5707464	-66.631294	-9.448971	0.0	90000	1291.223608493805
36	-46.98	-46.98	-40.0	-9.424607	18.791498	3.4219408	-63.249947	-9.424484	0.2	92500	1328.7920706272125
37	-47.0	-47.0	-50.0	-9.46556	18.821966	4.2422614	-59.099087	-9.465534	0.0	95000	1365.2914862632751
38	-46.0	-46.0	-50.0	-9.443866	18.796703	4.4955	-57.37598	-9.443702	0.0	97500	1402.0771288871765
39	-48.0	-48.0	-40.0	-9.4377575	18.774782	4.1460037	-61.480255	-9.437645	0.2	100000	1438.1805679798126
40	-47.0	-47.0	-50.0	-9.470067	18.812386	5.5702577	-58.86937	-9.469821	0.0	102500	1475.050250530243
41	-47.0	-47.0	-45.0	-9.473086	18.81735	3.7345965	-60.1184	-9.472712	0.1	105000	1511.5375392436981
42	-48.0	-48.0	-40.0	-9.481232	18.840061	6.0829015	-58.28811	-9.481142	0.2	107500	1547.6870787143707
43	-48.88	-48.88	-50.0	-9.514238	18.866772	4.154707	-59.483425	-9.514289	0.0	110000	1583.8095092773438
44	-48.78	-48.78	-40.0	-9.540668	18.908096	8.330941	-60.377373	-9.540528	0.2	112500	1620.2594966888428
45	-47.0	-47.0	-45.0	-9.5476055	18.949244	5.0214357	-59.61235	-9.547687	0.1	115000	1656.793327331543
46	-46.86	-46.86	-45.0	-9.500862	18.915855	4.2428856	-59.515038	-9.500853	0.1	117500	1694.4398069381714
47	-46.94	-46.94	-45.0	-9.55807	18.971317	4.137885	-59.515804	-9.55787	0.1	120000	1731.0298562049866
48	-44.94	-44.94	-50.0	-9.523311	18.956608	8.264002	-56.192562	-9.523198	0.0	122500	1766.7830259799957
49	-48.28	-48.28	-49.7	-9.619529	19.048101	4.189708	-57.673923	-9.619249	0.0	125000	1803.1081233024597
50	-46.9	-46.9	-50.0	-9.600651	19.03904	4.553084	-59.20596	-9.600472	0.0	127500	1839.945163011551
51	-45.84	-45.84	-50.0	-9.56561	19.015015	4.0567546	-58.379642	-9.565676	0.0	130000	1877.2664258480072
52	-48.0	-48.0	-40.0	-9.570732	18.996262	6.992392	-58.191624	-9.570828	0.2	132500	1914.1630115509033
53	-47.0	-47.0	-45.0	-9.6093	19.031527	4.758696	-64.08678	-9.609082	0.1	135000	1951.1066823005676
54	-47.04	-47.04	-45.0	-9.570379	19.011036	6.030235	-58.639393	-9.570236	0.1	137500	1987.170804977417
55	-45.0	-45.0	-40.0	-9.579161	19.020348	3.2184563	-56.780888	-9.579492	0.2	140000	2024.873991727829
56	-43.92	-43.92	-50.0	-9.504503	18.966827	5.284951	-58.19225	-9.504172	0.0	142500	2061.3221783638
57	-42.0	-42.0	-50.0	-9.52964	18.983854	5.025914	-56.73505	-9.529831	0.0	145000	2097.967351436615
58	-46.0	-46.0	-50.0	-9.543839	18.993084	4.647582	-64.89924	-9.543698	0.0	147500	2134.947095632553
59	-45.0	-45.0	-45.0	-9.582237	19.004099	6.87844	-61.194904	-9.582355	0.1	150000	2171.1072828769684
60	-47.0	-47.0	-50.0	-9.585041	19.007475	4.3688498	-59.08457	-9.584723	0.0	152500	2207.774560213089
61	-46.44	-46.44	-40.0	-9.555827	18.964365	4.811381	-65.80516	-9.555697	0.2	155000	2244.486440181732
62	-47.64	-47.64	-45.0	-9.569924	18.961597	3.332539	-56.375233	-9.5702305	0.1	157500	2281.8996102809906
63	-46.8	-46.8	-50.0	-9.56736	18.960653	4.7911644	-57.619465	-9.567583	0.0	160000	2318.7988831996918
64	-45.0	-45.0	-50.0	-9.55295	18.92444	5.798616	-57.609863	-9.552982	0.0	162500	2355.3838517665863
65	-50.0	-50.0	-45.0	-9.5207815	18.89397	5.847736	-68.79652	-9.520632	0.1	165000	2392.6192841529846
66	-46.5	-46.5	-40.0	-9.500442	18.868732	4.1562433	-58.187607	-9.5002575	0.2	167500	2429.282683134079
67	-47.66	-47.66	-50.0	-9.558814	18.918194	4.5114803	-59.600876	-9.55871	0.0	170000	2465.7044591903687
68	-39.88	-39.88	-50.0	-9.437792	18.823748	5.2073255	-66.50739	-9.437607	0.0	172500	2502.561758518219
69	-46.0	-46.0	-49.8	-9.489258	18.861774	4.1075253	-60.878975	-9.489211	0.0	175000	2539.204619407654
70	-45.0	-45.0	-45.0	-9.512224	18.85279	5.0078087	-58.7524	-9.512287	0.1	177500	2576.837034702301
71	-44.66	-44.66	-45.0	-9.491363	18.82486	4.7169166	-68.114746	-9.49118	0.1	180000	2612.851676940918
72	-49.0	-49.0	-40.0	-9.440465	18.757008	12.877463	-67.50067	-9.440001	0.2	182500	2649.38272857666
73	-49.92	-49.92	-40.0	-9.4380665	18.750057	5.3678694	-63.917652	-9.437681	0.2	185000	2686.22008228302
74	-42.16	-42.16	-50.0	-9.479819	18.776176	11.845369	-62.622627	-9.479691	0.0	187500	2722.659971475601
75	-46.0	-46.0	-45.0	-9.497848	18.784176	4.1863375	-58.22797	-9.497627	0.1	190000	2760.024096250534
76	-46.96	-46.96	-50.0	-9.425317	18.728767	3.8019428	-61.178295	-9.425323	0.0	192500	2796.799747943878
77	-46.0	-46.0	-45.0	-9.478434	18.791653	2.78784	-60.25129	-9.478078	0.1	195000	2834.357738494873
78	-46.12	-46.12	-49.9	-9.45283	18.760208	3.4000115	-55.933487	-9.453073	0.0	197500	2870.956523656845
79	-48.0	-48.0	-45.0	-9.490124	18.773766	5.3407874	-58.124767	-9.49035	0.1	200000	2907.9337677955627
80	-47.64	-47.64	-50.0	-9.504761	18.78454	5.364011	-60.459858	-9.50435	0.0	202500	2945.5323371887207
81	-47.28	-47.28	-50.0	-9.53061	18.809069	3.9384663	-58.49758	-9.530958	0.0	205000	2982.6651022434235
82	-46.0	-46.0	-45.0	-9.491034	18.780325	7.0635877	-59.588432	-9.491174	0.1	207500	3018.8926618099213
83	-45.52	-45.52	-49.6	-9.464803	18.756086	3.4088278	-56.098274	-9.464429	0.0	210000	3056.401064634323
84	-48.0	-48.0	-42.2	-9.479945	18.758099	5.205951	-58.67323	-9.479484	0.2	212500	3093.2598452568054
85	-47.8	-47.8	-50.0	-9.497768	18.783932	5.181008	-58.766674	-9.497848	0.0	215000	3129.729322195053
86	-48.76	-48.76	-50.0	-9.539802	18.834625	5.1076765	-61.18555	-9.539512	0.0	217500	3166.818292617798
87	-46.74	-46.74	-45.0	-9.464644	18.75276	4.8141923	-62.70508	-9.464414	0.1	220000	3203.6538665294647
88	-48.0	-48.0	-40.0	-9.526579	18.774103	5.569943	-56.573414	-9.526206	0.2	222500	3240.7951443195343
89	-44.72	-44.72	-41.8	-9.519792	18.74197	4.914945	-61.402306	-9.519889	0.2	225000	3277.2858996391296
90	-45.76	-45.76	-45.0	-9.48526	18.694113	5.1662083	-62.951813	-9.4854145	0.1	227500	3314.27427816391
91	-45.04	-45.04	-50.0	-9.491363	18.681799	3.850412	-57.642834	-9.49132	0.0	230000	3352.13822388649
92	-42.32	-42.32	-45.0	-9.484626	18.668747	4.665005	-60.08738	-9.484494	0.1	232500	3389.752095222473
93	-43.68	-43.68	-50.0	-9.511111	18.673805	3.6375327	-64.51762	-9.511464	0.0	235000	3426.529631614685
94	-48.98	-48.98	-40.0	-9.483628	18.63919	2.5888958	-74.85206	-9.483514	0.2	237500	3462.9729368686676
95	-47.86	-47.86	-50.0	-9.48027	18.632696	3.6938689	-59.04345	-9.480108	0.0	240000	3499.397799730301
96	-47.12	-47.12	-49.8	-9.424372	18.567165	6.781654	-56.963707	-9.424492	0.0	242500	3536.314603805542
97	-48.46	-48.46	-45.0	-9.423498	18.530346	3.960193	-63.544304	-9.423961	0.1	245000	3572.8593542575836
98	-45.9	-45.9	-37.7	-9.396938	18.483864	3.373941	-57.461525	-9.39659	0.3	247500	3610.400775194168
99	-46.24	-46.24	-49.8	-9.424591	18.476616	3.5743582	-59.33433	-9.424774	0.0	250000	3646.725028991699
100	-46.4	-46.4	-49.1	-9.42435	18.433754	3.7116776	-57.902447	-9.424221	0.0	252500	3683.7208862304688
101	-48.6	-48.6	-47.9	-9.403235	18.391047	2.4310436	-58.79539	-9.403496	0.1	255000	3720.8508009910583
102	-47.04	-47.04	-49.8	-9.370005	18.331549	2.9151478	-60.305992	-9.3699	0.0	257500	3757.4963970184326
103	-47.98	-47.98	-40.0	-9.37985	18.293344	4.154513	-57.470303	-9.3798275	0.2	260000	3793.6690423488617
104	-45.48	-45.48	-46.5	-9.360662	18.245842	8.635066	-58.313812	-9.360615	0.1	262500	3830.5547971725464
105	-47.1	-47.1	-46.5	-9.361606	18.211983	4.895834	-62.342968	-9.361298	0.1	265000	3868.1882536411285
106	-45.1	-45.1	-44.899998	-9.316145	18.141396	3.2226915	-57.853333	-9.31556	0.1	267500	3904.4356606006622
107	-46.72	-46.72	-43.399998	-9.223419	18.022158	4.4232893	-58.20336	-9.223278	0.2	270000	3941.8178458213806
108	-44.66	-44.66	-45.7	-9.224667	17.946661	6.111981	-58.591476	-9.224922	0.1	272500	3977.9770472049713
109	-44.7	-44.7	-49.9	-9.165665	17.844896	5.0268583	-59.075047	-9.165476	0.0	275000	4015.17072558403
110	-46.0	-46.0	-50.0	-9.224114	17.85125	3.3382754	-61.668083	-9.223975	0.0	277500	4052.0810177326202
111	-46.08	-46.08	-47.8	-9.151167	17.749851	4.2036657	-58.597073	-9.15092	0.1	280000	4089.2681741714478
112	-46.74	-46.74	-49.6	-9.1544485	17.687689	4.5286827	-58.48229	-9.1546	0.0	282500	4127.1803295612335
113	-47.78	-47.78	-49.9	-9.149275	17.59715	3.198742	-62.793427	-9.148511	0.0	285000	4163.095225572586
114	-47.64	-47.64	-40.100002	-9.0286	17.393246	4.0433483	-60.478428	-9.028284	0.2	287500	4197.57627248764
115	-45.22	-45.22	-48.4	-8.915486	17.196234	3.8951454	-62.798943	-8.915778	0.0	290000	4234.918709278107
116	-39.2	-39.2	-45.399998	-8.913863	17.093157	9.505934	-59.027073	-8.913883	0.1	292500	4272.286256790161
117	-46.46	-46.46	-32.5	-8.870632	16.944317	5.7848086	-59.995728	-8.870154	0.4	295000	4309.687513828278
118	-45.0	-45.0	-45.899998	-8.822834	16.816675	4.979346	-59.05806	-8.822733	0.1	297500	4346.630131483078
119	-44.98	-44.98	-49.5	-8.672629	16.55351	9.347383	-59.735497	-8.67272	0.0	300000	4383.081652402878
120	-44.8	-44.8	-46.399998	-8.61081	16.37307	6.852101	-59.25476	-8.610324	0.2	302500	4419.918186426163
121	-46.14	-46.14	-45.100002	-8.563023	16.193268	4.380865	-63.675346	-8.563469	0.1	305000	4456.491405248642
122	-44.04	-44.04	-42.3	-8.434744	15.939419	4.5248585	-64.00023	-8.434939	0.2	307500	4492.7901084423065
123	-43.68	-43.68	-45.3	-8.411066	15.769402	5.8504434	-60.898422	-8.410439	0.1	310000	4529.308300018311
124	-44.12	-44.12	-40.100002	-8.339788	15.591251	3.3182845	-66.47107	-8.340739	0.3	312500	4565.927751779556
125	-43.3	-43.3	-49.5	-8.294673	15.378147	5.0352654	-60.057266	-8.295021	0.1	315000	4602.812331438065
126	-46.76	-46.76	-48.9	-8.191006	15.181784	3.1516829	-61.27924	-8.191155	0.1	317500	4640.104826211929
127	-45.72	-45.72	-32.3	-8.119968	15.014783	5.170798	-60.959938	-8.120546	0.5	320000	4677.29628944397
128	-43.22	-43.22	-46.8	-8.11151	14.895325	3.9659374	-63.171307	-8.1124325	0.1	322500	4713.724478006363
129	-42.64	-42.64	-34.7	-8.068656	14.752276	4.3151975	-66.640076	-8.068755	0.4	325000	4750.207782268524
130	-43.18	-43.18	-39.0	-8.009526	14.652881	4.3205276	-65.59982	-8.00951	0.2	327500	4788.155132055283
131	-39.1	-39.1	-46.0	-7.9333467	14.458606	3.5399125	-68.66945	-7.9336004	0.1	330000	4824.46492767334
132	-45.28	-45.28	-41.899998	-7.966211	14.367772	4.9063163	-63.24099	-7.9666376	0.2	332500	4861.34663772583
133	-42.6	-42.6	-33.899998	-7.8560877	14.161822	3.1084063	-61.217876	-7.855507	0.4	335000	4897.358400821686
134	-41.26	-41.26	-40.7	-7.7438188	13.926775	4.353923	-66.20976	-7.7439933	0.2	337500	4934.44926738739
135	-40.76	-40.76	-36.7	-7.744346	13.740169	4.6284866	-59.51846	-7.7447343	0.3	340000	4970.7292149066925
136	-43.34	-43.34	-41.7	-7.6681333	13.5950775	6.510089	-61.802727	-7.668905	0.2	342500	5007.309342622757
137	-39.7	-39.7	-34.8	-7.717825	13.593077	4.721764	-63.77356	-7.7175884	0.3	345000	5043.392661809921
138	-37.96	-37.96	-34.7	-7.7236743	13.549708	8.553163	-59.50115	-7.7242303	0.3	347500	5080.740092515945
139	-38.9	-38.9	-41.8	-7.7766027	13.533995	4.808142	-60.57447	-7.776501	0.2	350000	5117.712735891342
140	-40.02	-40.02	-34.3	-7.743107	13.417981	3.488349	-59.87069	-7.7429376	0.4	352500	5155.120375394821
141	-41.06	-41.06	-35.2	-7.720092	13.295209	4.1143646	-59.202305	-7.7209277	0.4	355000	5192.451507091522
142	-37.0	-37.0	-45.5	-7.7356844	13.241374	5.4924345	-62.156773	-7.7357216	0.1	357500	5229.259273052216
143	-37.82	-37.82	-35.100002	-7.697382	13.141979	5.0853233	-60.88467	-7.6978736	0.4	360000	5266.430268526077
144	-37.24	-37.24	-27.9	-7.7260528	13.0863495	4.199275	-61.424828	-7.725421	0.6	362500	5303.354846000671
145	-35.12	-35.12	-48.3	-7.670305	12.95215	5.2416773	-60.26392	-7.669702	0.0	365000	5340.289869070053
146	-37.8	-37.8	-42.3	-7.6467915	12.811697	3.7215724	-62.467545	-7.646314	0.2	367500	5377.1711485385895
147	-40.48	-40.48	-35.8	-7.681005	12.758069	4.4646215	-61.530727	-7.6805177	0.3	370000	5415.344369649887
148	-42.04	-42.04	-39.5	-7.7301435	12.696581	4.6930385	-60.99442	-7.7301702	0.2	372500	5451.980593919754
149	-37.9	-37.9	-39.0	-7.7149	12.612215	5.100175	-65.42007	-7.7141447	0.3	375000	5488.976549863815
150	-35.08	-35.08	-33.8	-7.6369824	12.419206	5.4271164	-70.90471	-7.6359096	0.5	377500	5525.149664402008
151	-39.4	-39.4	-29.9	-7.616898	12.317076	6.5934525	-59.44901	-7.615691	0.5	380000	5562.274946451187
152	-36.3	-36.3	-23.8	-7.63219	12.258962	4.8808784	-61.695118	-7.631269	0.6	382500	5599.542309999466
153	-38.4	-38.4	-24.6	-7.5638905	12.125089	4.705079	-60.645535	-7.5639615	0.5	385000	5636.034779071808
154	-38.04	-38.04	-32.0	-7.4931226	11.944979	4.983319	-63.856667	-7.49366	0.4	387500	5673.387778759003
155	-33.74	-33.74	-31.5	-7.5514617	11.930513	3.770481	-61.007668	-7.5505548	0.5	390000	5710.220071077347
156	-37.94	-37.94	-42.8	-7.535668	11.857966	4.5030637	-65.3873	-7.5347953	0.3	392500	5746.407183885574
157	-35.12	-35.12	-35.600002	-7.4897423	11.731667	5.922066	-66.965904	-7.4884214	0.4	395000	5783.114508152008
158	-38.76	-38.76	-27.6	-7.48668	11.640957	4.7585897	-60.826572	-7.4861836	0.4	397500	5819.778641462326
159	-38.82	-38.82	-37.7	-7.3610687	11.405262	5.47478	-62.300938	-7.360765	0.2	400000	5856.0505204200745
160	-38.2	-38.2	-44.7	-7.3856006	11.310154	7.549548	-62.0392	-7.385108	0.2	402500	5892.838048696518
161	-32.92	-32.92	-35.0	-7.4472303	11.296744	4.4555035	-60.416935	-7.446313	0.5	405000	5928.986487150192
162	-32.74	-32.74	-28.7	-7.4499125	11.223622	4.7085752	-61.59265	-7.4498944	0.4	407500	5965.467371702194
163	-38.94	-38.94	-38.600002	-7.383392	11.058164	7.6736755	-64.28875	-7.3837495	0.3	410000	6001.0557861328125
164	-33.04	-33.04	-27.8	-7.329699	10.893082	6.2348833	-59.621895	-7.3295207	0.6	412500	6037.531111717224
165	-35.46	-35.46	-29.2	-7.329583	10.800844	4.716014	-60.797276	-7.3298526	0.5	415000	6073.757293701172
166	-38.14	-38.14	-35.8	-7.3058515	10.69522	5.967859	-60.814526	-7.3053055	0.7	417500	6110.450758457184
167	-33.78	-33.78	-32.399998	-7.321579	10.620178	5.418295	-61.584114	-7.3214273	0.4	420000	6146.650752544403
168	-38.4	-38.4	-22.699999	-7.314958	10.586563	7.90917	-60.13219	-7.3144946	0.7	422500	6182.923326730728
169	-36.42	-36.42	-27.1	-7.274611	10.448947	4.2606897	-62.592644	-7.2748876	0.5	425000	6219.02449297905
170	-35.74	-35.74	-38.899998	-7.210599	10.279392	5.079471	-60.824272	-7.210464	0.3	427500	6256.633434057236
171	-35.2	-35.2	-32.899998	-7.240624	10.254909	4.7389402	-63.29204	-7.240667	0.4	430000	6293.338775396347
172	-32.1	-32.1	-26.5	-7.2511024	10.210015	5.580722	-60.726223	-7.2504454	0.7	432500	6329.823320865631
173	-33.74	-33.74	-31.4	-7.2538004	10.131756	4.674756	-69.36065	-7.2536135	0.6	435000	6366.6494727134705
174	-27.08	-27.08	-23.5	-7.1900916	9.998666	5.0990324	-62.201424	-7.189106	0.7	437500	6403.795319080353
175	-35.06	-35.06	-22.9	-7.144996	9.927031	4.4502234	-61.72	-7.144514	0.7	440000	6440.130745887756
176	-33.02	-33.02	-35.8	-7.095402	9.79468	6.574992	-59.5049	-7.0959673	0.5	442500	6476.887959480286
177	-34.68	-34.68	-24.8	-7.058283	9.666583	5.931039	-59.355156	-7.058473	0.6	445000	6513.865195512772
178	-34.24	-34.24	-33.2	-7.065925	9.636475	6.0527563	-59.350994	-7.066017	0.7	447500	6550.444397687912
179	-33.56	-33.56	-21.699999	-7.0451584	9.567726	5.3774753	-59.93789	-7.045071	0.8	450000	6586.762346744537
180	-34.12	-34.12	-33.0	-7.0212126	9.467475	4.7100196	-61.061718	-7.0206866	0.3	452500	6623.114993810654
181	-34.62	-34.62	-33.399998	-7.0559683	9.458476	7.742475	-66.64455	-7.05638	0.5	455000	6661.116253852844
182	-31.46	-31.46	-27.7	-7.0366936	9.375425	6.3705516	-68.134415	-7.0365286	0.7	457500	6697.804202079773
183	-31.92	-31.92	-34.8	-7.0541496	9.325552	3.7894413	-61.255795	-7.054583	0.4	460000	6734.2371191978455
184	-27.94	-27.94	-17.1	-7.0951805	9.3603325	5.389118	-60.65002	-7.095498	0.8	462500	6771.866797924042
185	-32.92	-32.92	-33.600002	-7.0407853	9.239697	4.9518723	-60.269905	-7.0406585	0.6	465000	6808.106355667114
186	-30.48	-30.48	-27.5	-7.0190372	9.153984	5.913386	-66.04693	-7.0179667	0.6	467500	6845.740791082382
187	-31.46	-31.46	-29.7	-7.0247946	9.138882	4.824435	-59.316788	-7.0239396	0.5	470000	6882.474249839783
188	-32.78	-32.78	-15.4	-7.0344586	9.100756	4.879211	-62.6748	-7.033556	0.8	472500	6918.954430341721
189	-29.44	-29.44	-26.1	-7.037673	9.032197	7.8943415	-61.279858	-7.037863	0.7	475000	6955.5445058345795
190	-27.16	-27.16	-37.0	-7.0303373	9.003771	4.593624	-62.401245	-7.030403	0.5	477500	6992.285217523575
191	-29.92	-29.92	-28.4	-6.994226	8.940377	4.706055	-58.798557	-6.994577	0.7	480000	7028.87002325058
192	-27.08	-27.08	-14.4	-6.9356265	8.845738	4.949308	-61.22387	-6.9357777	0.8	482500	7065.843079566956
193	-28.92	-28.92	-34.899998	-6.9165893	8.789123	4.2601104	-60.99921	-6.9169383	0.4	485000	7102.440691232681
194	-31.34	-31.34	-24.8	-6.870574	8.682102	6.9464436	-63.329323	-6.8707957	0.6	487500	7139.657297134399
195	-32.76	-32.76	-21.9	-6.8611803	8.566302	6.5016546	-60.377144	-6.860535	0.6	490000	7176.479779958725
196	-29.32	-29.32	-29.9	-6.8664193	8.558922	4.852917	-64.52764	-6.8659186	0.6	492500	7212.9796822071075
197	-32.68	-32.68	-18.1	-6.8427744	8.5341015	4.9541	-60.06861	-6.842405	0.9	495000	7249.651249170303
198	-32.66	-32.66	-21.4	-6.843961	8.527883	6.087656	-60.12824	-6.843201	0.9	497500	7285.74803352356
199	-30.26	-30.26	-21.699999	-6.806149	8.452111	7.4060597	-63.19091	-6.8065534	0.7	500000	7321.504550695419
200	-26.18	-26.18	-26.2	-6.757528	8.401468	6.4321795	-70.270325	-6.757585	0.6	502500	7357.653828382492
201	-29.12	-29.12	-18.6	-6.731492	8.347842	6.7823687	-61.651455	-6.731174	0.8	505000	7394.214419126511
202	-30.44	-30.44	-30.3	-6.7105045	8.29772	8.688808	-63.523933	-6.71041	0.6	507500	7430.255020856857
203	-26.28	-26.28	-23.3	-6.6882157	8.230184	5.2423615	-63.150227	-6.6886153	1.0	510000	7466.75133562088
204	-30.48	-30.48	-22.699999	-6.7137456	8.2309675	6.0572424	-71.1147	-6.7132764	0.9	512500	7503.213033914566
205	-25.74	-25.74	-17.9	-6.669446	8.195997	5.8323793	-68.01285	-6.669553	0.9	515000	7539.7288937568665
206	-27.86	-27.86	-20.5	-6.647014	8.137156	7.3960495	-66.34446	-6.6465387	0.9	517500	7576.755977153778
207	-26.46	-26.46	-22.5	-6.675442	8.129567	6.7896094	-59.62495	-6.6757474	0.7	520000	7613.664448261261
208	-29.08	-29.08	-20.4	-6.6919613	8.128878	8.5842495	-65.53021	-6.6911554	0.8	522500	7650.5731456279755
209	-24.24	-24.24	-23.3	-6.691268	8.0922985	7.5328417	-61.13626	-6.691532	0.7	525000	7686.719562768936
210	-22.04	-22.04	-22.5	-6.691883	8.08698	5.9407716	-63.145164	-6.6916614	0.9	527500	7722.891886234283
211	-33.18	-33.18	-18.300001	-6.6401186	8.036771	5.13736	-61.535637	-6.6394167	0.9	530000	7759.1785345077515
212	-27.6	-27.6	-18.1	-6.6572475	8.024554	6.082544	-66.8624	-6.656508	0.8	532500	7795.96003818512
213	-26.12	-26.12	-16.199999	-6.62604	7.997824	6.1931753	-65.88765	-6.626153	0.9	535000	7833.476222515106
214	-30.26	-30.26	-25.1	-6.5526037	7.9006543	6.0868163	-62.865288	-6.5528774	0.6	537500	7870.075736045837
215	-24.68	-24.68	-16.300001	-6.5321054	7.853316	6.9467244	-61.242092	-6.53141	0.8	540000	7907.002124547958
216	-25.86	-25.86	-19.4	-6.5189795	7.876409	6.5335307	-60.14247	-6.518246	1.0	542500	7943.429370164871
217	-31.36	-31.36	-16.4	-6.512652	7.8577886	6.8008623	-70.528824	-6.512976	1.0	545000	7979.596152067184
218	-26.54	-26.54	-15.8	-6.433221	7.7906713	6.14794	-62.148315	-6.432875	0.9	547500	8016.2380385398865
219	-25.26	-25.26	-14.9	-6.376931	7.746928	6.038033	-61.862972	-6.3772006	0.9	550000	8052.506557941437
220	-26.82	-26.82	-15.3	-6.3669963	7.703023	5.7922935	-60.50286	-6.3663425	0.9	552500	8089.157366275787
221	-32.16	-32.16	-25.7	-6.398169	7.716205	8.453071	-61.036213	-6.3982153	0.8	555000	8125.747602462769
222	-31.9	-31.9	-20.4	-6.3823028	7.684447	5.3282366	-65.39131	-6.3821964	0.9	557500	8162.16522860527
223	-27.94	-27.94	-20.1	-6.3895917	7.6853395	7.185025	-62.239056	-6.389796	0.8	560000	8198.674390554428
224	-22.52	-22.52	-17.5	-6.383457	7.689816	5.842812	-71.063	-6.3837905	1.0	562500	8235.227777004242
225	-31.88	-31.88	-16.199999	-6.3765945	7.6535754	7.6430893	-64.71337	-6.37607	0.9	565000	8272.980459213257
226	-26.4	-26.4	-20.0	-6.3858013	7.660439	4.5144806	-64.33654	-6.3851204	0.9	567500	8309.45540881157
227	-24.4	-24.4	-21.4	-6.3872933	7.6365247	6.8949056	-60.5124	-6.387304	0.8	570000	8345.127685308456
228	-27.04	-27.04	-17.5	-6.3587837	7.6258283	10.008539	-65.84565	-6.3586817	1.0	572500	8381.504765987396
229	-25.94	-25.94	-15.8	-6.3163486	7.5250287	5.6810117	-64.90649	-6.316755	1.0	575000	8418.399869441986
230	-29.92	-29.92	-23.4	-6.285413	7.537506	5.3553195	-70.04545	-6.2850327	0.7	577500	8454.560698270798
231	-23.74	-23.74	-13.0	-6.2829986	7.545141	7.1443477	-70.596375	-6.282439	0.9	580000	8490.599547863007
232	-25.08	-25.08	-22.5	-6.2598257	7.5396533	6.2323284	-66.61339	-6.2598863	0.8	582500	8527.061083078384
233	-27.62	-27.62	-18.0	-6.2180896	7.4788504	7.43599	-60.410805	-6.217831	0.9	585000	8562.748586416245
234	-25.56	-25.56	-18.699999	-6.1924057	7.485205	5.245922	-61.150967	-6.1928377	0.9	587500	8598.54503750801
235	-25.52	-25.52	-18.6	-6.179225	7.4285746	6.3763905	-69.51631	-6.1794367	0.9	590000	8634.858534574509
236	-24.08	-24.08	-17.1	-6.1611247	7.393022	6.569996	-67.626236	-6.1615252	1.0	592500	8670.533637523651
237	-29.86	-29.86	-13.1	-6.1269283	7.402445	5.6902432	-78.645805	-6.126422	1.0	595000	8707.671293497086
238	-23.6	-23.6	-30.4	-6.092409	7.367041	5.2469144	-63.21739	-6.0920424	0.7	597500	8744.039571762085
239	-26.64	-26.64	-16.6	-6.035275	7.3377533	5.7137017	-69.66784	-6.0352902	0.8	600000	8781.482860326767
240	-26.12	-26.12	-17.9	-6.025052	7.3234396	8.184497	-65.07947	-6.0250807	1.0	602500	8817.779625415802
241	-28.12	-28.12	-15.8	-6.021226	7.3315	5.78151	-63.12177	-6.0207906	0.9	605000	8854.118798971176
242	-22.9	-22.9	-10.900001	-6.0179977	7.3464336	7.0974317	-64.80534	-6.0175896	1.0	607500	8891.124604940414
243	-26.42	-26.42	-16.5	-5.9980445	7.313249	6.7783465	-59.641037	-5.99757	0.9	610000	8927.953998565674
244	-22.86	-22.86	-14.7	-5.9915795	7.3129787	6.903683	-60.405922	-5.9920406	1.0	612500	8964.354697942734
245	-26.66	-26.66	-22.4	-5.9465947	7.295676	9.555286	-79.94655	-5.946526	0.8	615000	9000.908940792084
246	-25.82	-25.82	-18.300001	-5.923134	7.2776628	8.769707	-67.698364	-5.923605	0.9	617500	9037.612170934677
247	-23.04	-23.04	-10.099999	-5.8376827	7.2307887	9.2332535	-61.806927	-5.837747	1.0	620000	9074.710639476776
248	-22.78	-22.78	-17.300001	-5.7618904	7.1042533	6.4377084	-71.04005	-5.761352	0.9	622500	9110.681183576584
249	-22.2	-22.2	-15.5	-5.746587	7.0919256	5.9403186	-86.25909	-5.7471805	0.9	625000	9147.55275607109
250	-27.02	-27.02	-14.3	-5.7294064	7.068152	8.9609995	-64.53015	-5.7298656	1.0	627500	9183.533848762512
251	-24.04	-24.04	-16.800001	-5.698176	7.08563	6.7270064	-64.46016	-5.6983457	0.9	630000	9219.758302927017
252	-28.04	-28.04	-18.699999	-5.6323047	7.0364485	4.9953547	-66.107635	-5.6322985	0.9	632500	9256.388981342316
253	-22.8	-22.8	-20.800001	-5.6024013	6.9950433	4.983895	-58.61672	-5.602262	0.9	635000	9293.231084346771
254	-22.6	-22.6	-19.4	-5.5827656	6.9739137	4.678769	-65.70859	-5.5829782	0.9	637500	9329.844370603561
255	-21.72	-21.72	-21.0	-5.5637393	6.939925	5.2854385	-60.695004	-5.56409	0.7	640000	9365.846514701843
256	-22.14	-22.14	-14.2	-5.5549326	6.973067	6.271272	-61.79049	-5.555298	1.0	642500	9401.853637456894
257	-22.88	-22.88	-16.9	-5.50969	6.9045787	6.5751233	-64.04952	-5.509226	0.9	645000	9438.477260112762
258	-25.38	-25.38	-9.8	-5.476228	6.8924575	6.20719	-80.04109	-5.476058	1.0	647500	9473.932431459427
259	-22.68	-22.68	-12.0	-5.463921	6.88789	6.9534454	-61.297832	-5.464347	1.0	650000	9509.005007982254
260	-27.94	-27.94	-19.4	-5.405002	6.816439	4.8572807	-59.613544	-5.4047174	0.9	652500	9545.586762666702
261	-19.7	-19.7	-17.5	-5.3396664	6.744748	5.955773	-76.71179	-5.3396826	0.8	655000	9582.29543185234
262	-22.98	-22.98	-13.1	-5.3203177	6.7328486	7.1263156	-66.64869	-5.3194385	1.0	657500	9618.15013384819
263	-24.6	-24.6	-15.5	-5.306501	6.7633934	7.5353513	-64.23992	-5.3062177	1.0	660000	9654.15040230751
264	-22.96	-22.96	-14.1	-5.261888	6.7257695	8.820187	-74.20662	-5.262117	1.0	662500	9691.050409555435
265	-22.62	-22.62	-15.4	-5.2629433	6.718	6.660948	-61.73736	-5.2630463	0.9	665000	9728.309397220612
266	-24.08	-24.08	-12.7	-5.205737	6.6487007	6.5587726	-61.629215	-5.2056875	1.0	667500	9765.0176384449
267	-25.78	-25.78	-17.800001	-5.1590915	6.6207595	11.638073	-60.34421	-5.158399	0.9	670000	9802.022971868515
268	-24.74	-24.74	-12.5	-5.160471	6.6316385	6.430558	-62.987988	-5.1603384	1.0	672500	9838.279746770859
269	-25.7	-25.7	-20.300001	-5.1231756	6.596999	6.307113	-75.31733	-5.1231236	0.9	675000	9875.056358098984
270	-21.84	-21.84	-15.0	-5.0829754	6.6065435	5.0793824	-77.02259	-5.083033	1.0	677500	9911.6660323143
271	-21.32	-21.32	-13.2	-5.0291133	6.53782	5.1306486	-60.593613	-5.0290284	1.0	680000	9948.649146318436
272	-20.66	-20.66	-20.300001	-5.0278506	6.540483	6.7373443	-69.463585	-5.027847	0.8	682500	9985.327797174454
273	-24.92	-24.92	-21.0	-5.011045	6.5275617	5.864565	-63.904266	-5.011613	0.8	685000	10021.925091981888
274	-20.54	-20.54	-14.7	-5.007178	6.5336533	6.2946744	-71.47954	-5.007245	0.9	687500	10058.743589401245
275	-20.72	-20.72	-17.0	-4.9621224	6.526486	5.647798	-64.42332	-4.962386	0.9	690000	10095.215232372284
276	-20.32	-20.32	-11.0	-4.901172	6.4590306	4.8556747	-61.41583	-4.900923	1.0	692500	10132.137552022934
277	-21.78	-21.78	-18.0	-4.8506618	6.395695	10.630115	-59.50465	-4.850825	0.9	695000	10167.906342029572
278	-21.98	-21.98	-12.0	-4.8317895	6.3980975	9.774774	-69.41077	-4.831641	1.0	697500	10204.139742851257
279	-23.56	-23.56	-9.900001	-4.7981653	6.3648467	4.901026	-62.39077	-4.7985296	1.0	700000	10241.02612042427
280	-20.54	-20.54	-8.900001	-4.7512302	6.313845	10.018121	-67.33153	-4.751131	1.0	702500	10277.91063952446
281	-21.98	-21.98	-8.400001	-4.686017	6.278035	5.537779	-59.412926	-4.686246	1.0	705000	10314.513739824295
282	-22.22	-22.22	-11.7	-4.676925	6.2726398	8.52658	-65.6307	-4.6767893	1.0	707500	10351.733924865723
283	-19.84	-19.84	-14.3	-4.673408	6.3010106	6.098711	-62.496246	-4.673633	1.0	710000	10387.862245798111
284	-21.66	-21.66	-11.400001	-4.6336966	6.246338	5.92663	-66.04813	-4.633745	1.0	712500	10424.852605342865
285	-21.8	-21.8	-11.5	-4.649222	6.2897406	5.209577	-62.052414	-4.649163	1.0	715000	10461.716237545013
286	-21.46	-21.46	-15.3	-4.6226373	6.265648	4.5632086	-64.745186	-4.622698	1.0	717500	10498.332596063614
287	-21.36	-21.36	-12.2	-4.5840535	6.2338796	7.0031157	-61.621155	-4.5840774	1.0	720000	10535.34124660492
288	-20.1	-20.1	-13.3	-4.523854	6.1627417	7.079483	-65.3815	-4.5234714	1.0	722500	10572.669586896896
289	-20.6	-20.6	-21.1	-4.505202	6.114831	5.572754	-60.107063	-4.5053525	0.7	725000	10608.738291501999
290	-20.9	-20.9	-11.3	-4.4974976	6.1626024	9.75633	-74.543755	-4.4972534	1.0	727500	10646.452666521072
291	-23.28	-23.28	-13.1	-4.504266	6.1625333	5.955965	-62.1028	-4.503754	1.0	730000	10683.546290636063
292	-25.18	-25.18	-13.2	-4.472454	6.103491	7.0075593	-61.15543	-4.472357	1.0	732500	10720.03847527504
293	-20.22	-20.22	-10.400001	-4.4371157	6.065234	5.6385303	-58.139965	-4.437357	0.9	735000	10757.100655555725
294	-20.28	-20.28	-13.2	-4.411394	6.0243535	6.677026	-72.58711	-4.411558	1.0	737500	10794.57189297676
295	-19.8	-19.8	-12.6	-4.3581414	5.982033	5.62782	-59.16049	-4.3584595	1.0	740000	10831.934681653976
296	-20.32	-20.32	-12.5	-4.3384256	5.9801927	7.836003	-72.99145	-4.338044	1.0	742500	10868.019179105759
297	-19.86	-19.86	-9.400001	-4.3294907	5.961125	7.525519	-63.05148	-4.3295712	0.9	745000	10904.764859676361
298	-21.1	-21.1	-11.099999	-4.319688	5.959929	4.8844233	-62.0508	-4.3193593	1.0	747500	10941.053990364075
299	-22.56	-22.56	-11.0	-4.2974286	5.9525614	6.2340317	-64.41528	-4.297798	1.0	750000	10977.807290315628
300	-20.16	-20.16	-11.599999	-4.2333927	5.8922915	3.8501852	-62.01707	-4.233037	1.0	752500	11014.814437866211
301	-20.1	-20.1	-16.5	-4.2023582	5.8891253	3.05435	-62.770405	-4.202454	0.9	755000	11050.548217773438
302	-20.9	-20.9	-19.800001	-4.182793	5.8915586	9.56039	-66.714645	-4.182771	0.9	757500	11087.361456632614
303	-19.34	-19.34	-10.599999	-4.130556	5.848151	4.3675485	-61.102573	-4.1304264	1.0	760000	11123.95596575737
304	-21.1	-21.1	-16.9	-4.090276	5.808359	3.9686472	-73.68148	-4.0902495	0.9	762500	11160.559445619583
305	-18.18	-18.18	-9.099999	-4.094909	5.832226	6.9868445	-59.92184	-4.09526	1.0	765000	11197.089464187622
306	-20.54	-20.54	-8.400001	-4.050329	5.8439593	10.166149	-60.659843	-4.0502677	1.0	767500	11234.194275856018
307	-21.88	-21.88	-10.7	-4.0016937	5.805321	4.140215	-68.016846	-4.0019784	1.0	770000	11270.354482889175
308	-20.58	-20.58	-9.2	-3.9721963	5.7695127	7.140559	-74.42913	-3.9724069	1.0	772500	11306.15760397911
309	-22.22	-22.22	-11.9	-3.9767733	5.7853804	6.339023	-59.27044	-3.9767215	1.0	775000	11342.109696149826
310	-22.52	-22.52	-12.9	-3.9451504	5.7204394	5.554759	-67.19832	-3.944766	1.0	777500	11378.028760671616
311	-21.18	-21.18	-9.0	-3.9129634	5.7165394	4.0144567	-74.573906	-3.9129746	1.0	780000	11414.46735215187
312	-21.04	-21.04	-13.0	-3.8998108	5.6973877	5.791112	-71.864365	-3.8999112	1.0	782500	11451.027076244354
313	-21.02	-21.02	-10.0	-3.8987362	5.728515	5.071054	-87.70399	-3.8987818	1.0	785000	11488.242170333862
314	-20.3	-20.3	-12.5	-3.8601184	5.692364	4.5819664	-60.98865	-3.860399	1.0	787500	11524.338082313538
315	-22.06	-22.06	-14.8	-3.838124	5.668149	15.484234	-67.79135	-3.8386304	1.0	790000	11560.384073495865
316	-19.04	-19.04	-10.599999	-3.840334	5.6936183	5.1553793	-60.08842	-3.8402545	1.0	792500	11596.646497488022
317	-20.98	-20.98	-9.599999	-3.83637	5.669261	4.492939	-67.43735	-3.8358216	1.0	795000	11632.58202123642
318	-21.6	-21.6	-10.400001	-3.840381	5.659113	6.1838427	-61.199444	-3.8410907	1.0	797500	11670.056506872177
319	-19.24	-19.24	-9.5	-3.8406014	5.7104855	4.560844	-62.94567	-3.8405428	1.0	800000	11706.340096235275
320	-17.72	-17.72	-9.599999	-3.7900558	5.6794076	2.8439348	-64.016525	-3.790011	1.0	802500	11742.675580978394
321	-21.08	-21.08	-11.400001	-3.7930977	5.6807933	9.294668	-66.94748	-3.7931225	1.0	805000	11778.978340148926
322	-18.52	-18.52	-10.5	-3.7443454	5.617833	7.3949656	-63.698112	-3.7437146	1.0	807500	11815.73218369484
323	-20.0	-20.0	-11.099999	-3.7011917	5.5843773	3.5093846	-64.92171	-3.7012231	1.0	810000	11852.368901729584
324	-18.16	-18.16	-10.8	-3.7128248	5.5933056	4.841203	-72.7556	-3.7130313	1.0	812500	11888.634482860565
325	-22.4	-22.4	-8.900001	-3.6912851	5.5730357	3.9876375	-67.24629	-3.6912725	1.0	815000	11925.038604736328
326	-19.0	-19.0	-6.7	-3.6718323	5.5408993	3.6017616	-71.3454	-3.6719654	1.0	817500	11960.877472162247
327	-20.5	-20.5	-12.3	-3.652587	5.5031204	6.030959	-67.60702	-3.6525593	1.0	820000	11996.421135187149
328	-18.92	-18.92	-8.3	-3.6318047	5.4703093	4.6790686	-68.42332	-3.6317441	1.0	822500	12032.190692901611
329	-19.12	-19.12	-11.9	-3.623122	5.456806	4.444206	-68.140144	-3.6235325	1.0	825000	12068.356224536896
330	-20.02	-20.02	-11.2	-3.6025677	5.461154	5.9348454	-64.97341	-3.6025355	1.0	827500	12104.570818662643
331	-19.08	-19.08	-10.5	-3.583849	5.4729047	3.3655174	-70.18155	-3.5836205	1.0	830000	12141.360058784485
332	-17.04	-17.04	-8.099999	-3.5485873	5.394158	2.8443708	-72.555374	-3.5489914	1.0	832500	12175.378616333008
333	-20.42	-20.42	-13.4	-3.5541523	5.4076858	3.666552	-61.60979	-3.5544431	1.0	835000	12211.478908061981
334	-21.94	-21.94	-9.7	-3.5321195	5.41472	11.654714	-65.15739	-3.531975	1.0	837500	12247.771345853806
335	-20.34	-20.34	-13.6	-3.5122733	5.4042454	5.1631565	-67.78438	-3.5125268	0.9	840000	12283.844332456589
336	-16.1	-16.1	-16.699999	-3.500036	5.3920283	4.271757	-60.23145	-3.5000587	0.9	842500	12319.47928929329
337	-17.46	-17.46	-11.5	-3.4842508	5.37395	2.9565651	-62.68504	-3.484868	1.0	845000	12355.704115390778
338	-20.52	-20.52	-10.5	-3.4854357	5.388369	2.930969	-73.344666	-3.4855263	1.0	847500	12391.546992778778
339	-21.98	-21.98	-11.9	-3.4915783	5.3949237	2.8055356	-70.246216	-3.4913938	1.0	850000	12428.592456102371
340	-20.02	-20.02	-10.0	-3.4886441	5.38785	6.160441	-62.28182	-3.4889352	1.0	852500	12464.67228937149
341	-18.58	-18.58	-13.1	-3.4590127	5.3520617	4.294774	-88.26147	-3.4590845	1.0	855000	12500.962490558624
342	-16.38	-16.38	-11.400001	-3.4294076	5.338302	9.979088	-61.57478	-3.4290617	1.0	857500	12537.608508110046
343	-20.48	-20.48	-13.8	-3.3959496	5.2793903	4.9072266	-64.030396	-3.3958642	1.0	860000	12574.385067462921
344	-18.54	-18.54	-11.0	-3.3851118	5.259411	3.1368864	-74.41863	-3.385159	1.0	862500	12610.373472929
345	-19.56	-19.56	-10.5	-3.3826988	5.2972217	8.703785	-63.308765	-3.3831005	1.0	865000	12647.158752918243
346	-16.74	-16.74	-8.7	-3.345593	5.24183	3.6552436	-79.20083	-3.3454723	1.0	867500	12682.778730869293
347	-16.62	-16.62	-10.900001	-3.338224	5.2385707	3.9565368	-64.309875	-3.3385036	1.0	870000	12718.908851861954
348	-17.8	-17.8	-8.400001	-3.3174636	5.2056265	3.5160356	-69.053116	-3.3179524	1.0	872500	12755.198280334473
349	-21.8	-21.8	-13.9	-3.3006094	5.224051	3.9240525	-63.845177	-3.3005836	1.0	875000	12790.694539785385
350	-18.16	-18.16	-11.3	-3.2599928	5.146297	2.6509027	-64.09424	-3.26002	1.0	877500	12826.073318958282
351	-19.18	-19.18	-9.099999	-3.234465	5.142808	3.0555427	-61.78033	-3.2343745	1.0	880000	12861.875956058502
352	-19.44	-19.44	-10.8	-3.2096033	5.0929937	3.372956	-60.83147	-3.2098062	1.0	882500	12897.872349739075
353	-19.8	-19.8	-10.2	-3.2009106	5.03939	4.7711697	-67.29656	-3.2011569	1.0	885000	12934.720799922943
354	-18.68	-18.68	-11.3	-3.2154417	5.058174	3.054534	-61.6033	-3.2155163	1.0	887500	12971.294802188873
355	-19.58	-19.58	-10.099999	-3.1973443	5.036525	4.2854934	-60.72325	-3.1976697	1.0	890000	13008.564829587936
356	-19.82	-19.82	-11.7	-3.181431	5.0114994	10.455182	-63.399475	-3.1812687	1.0	892500	13044.039886951447
357	-19.14	-19.14	-13.0	-3.1773722	5.027661	3.139425	-65.175705	-3.1774752	1.0	895000	13079.420100450516
358	-19.38	-19.38	-9.3	-3.1624115	5.019945	2.8583	-61.178013	-3.1621716	1.0	897500	13114.884702682495
359	-18.46	-18.46	-15.2	-3.1360738	5.007282	9.291319	-61.819565	-3.136647	0.9	900000	13150.409361362457
360	-21.62	-21.62	-12.9	-3.1381228	4.9697757	3.442934	-63.91623	-3.1382573	1.0	902500	13186.444671154022
361	-18.68	-18.68	-13.3	-3.1095445	4.9395337	3.6873534	-62.412704	-3.109636	0.9	905000	13222.694859027863
362	-19.24	-19.24	-9.8	-3.1160448	4.94776	3.2418826	-74.222626	-3.1162312	1.0	907500	13258.768729448318
363	-19.36	-19.36	-12.1	-3.1050196	4.9224977	2.6282716	-68.04343	-3.104564	1.0	910000	13295.364801645279
364	-19.04	-19.04	-10.8	-3.1003077	4.922649	10.819879	-59.446045	-3.1004026	1.0	912500	13331.48277425766
365	-21.54	-21.54	-11.099999	-3.1008558	4.934278	3.835559	-61.573093	-3.1009226	1.0	915000	13367.260506629944
366	-16.5	-16.5	-10.2	-3.0758889	4.918689	2.7478483	-57.191963	-3.076063	1.0	917500	13404.119714736938
367	-19.06	-19.06	-10.3	-3.0666935	4.8838525	2.7377338	-84.58985	-3.0666726	1.0	920000	13440.719313144684
368	-17.6	-17.6	-13.7	-3.063412	4.8852572	4.093104	-60.194798	-3.063242	1.0	922500	13477.607805490494
369	-18.1	-18.1	-11.099999	-3.0574014	4.8981934	3.1114206	-69.75791	-3.057281	1.0	925000	13514.721179962158
370	-18.24	-18.24	-10.400001	-3.0619426	4.896662	3.6692307	-62.78502	-3.0621467	1.0	927500	13551.89430475235
371	-23.98	-23.98	-12.7	-3.0559926	4.8939066	5.746301	-60.09838	-3.0561137	1.0	930000	13588.864213228226
372	-15.58	-15.58	-14.7	-3.0536208	4.9015536	6.049127	-64.520256	-3.0532737	0.9	932500	13624.888454914093
373	-16.7	-16.7	-12.1	-3.0571206	4.890936	3.4343119	-58.377155	-3.0570567	1.0	935000	13661.429110765457
374	-16.94	-16.94	-10.900001	-3.0513442	4.913886	3.3402925	-68.66611	-3.0511227	1.0	937500	13698.208729982376
375	-18.5	-18.5	-8.900001	-3.0296423	4.873984	3.8377929	-58.696278	-3.0297058	1.0	940000	13734.783138751984
376	-19.04	-19.04	-11.5	-3.042272	4.9008827	4.0556297	-63.37527	-3.0422106	1.0	942500	13771.062822341919
377	-16.22	-16.22	-10.5	-3.0121365	4.8492074	4.6501474	-57.31587	-3.0118873	1.0	945000	13807.098553657532
378	-17.76	-17.76	-11.7	-3.0122056	4.8805537	2.4596086	-69.76406	-3.012001	1.0	947500	13843.326467037201
379	-19.0	-19.0	-11.9	-3.0090225	4.8758187	2.61164	-63.418987	-3.0088012	1.0	950000	13880.494253396988
380	-19.54	-19.54	-10.5	-3.0102603	4.8927035	4.2591166	-60.464905	-3.0104723	1.0	952500	13916.423141241074
381	-18.14	-18.14	-11.8	-3.0011723	4.876764	3.3239944	-73.83104	-3.0013041	1.0	955000	13952.241413354874
382	-14.94	-14.94	-9.7	-3.0245135	4.8936133	2.1075368	-81.132744	-3.024833	1.0	957500	13988.60372376442
383	-18.08	-18.08	-13.8	-2.987553	4.8442907	2.532654	-62.436703	-2.9872408	1.0	960000	14023.793883800507
384	-18.4	-18.4	-8.599999	-2.9931614	4.832767	4.045248	-66.42877	-2.993043	1.0	962500	14059.72824382782
385	-16.06	-16.06	-8.400001	-2.9817922	4.825619	5.1641397	-78.81828	-2.9819305	1.0	965000	14095.18687415123
386	-20.34	-20.34	-10.400001	-2.9956686	4.8424706	4.200452	-64.376945	-2.9954827	1.0	967500	14130.989926815033
387	-18.64	-18.64	-10.5	-2.9857824	4.8260202	2.7701871	-59.414303	-2.9858112	1.0	970000	14166.591642856598
388	-16.98	-16.98	-8.599999	-2.9590323	4.825864	4.056993	-77.90533	-2.9591568	1.0	972500	14203.191565275192
389	-18.66	-18.66	-10.8	-2.9210343	4.7787385	3.7461884	-66.47118	-2.9210832	1.0	975000	14239.037894487381
390	-20.34	-20.34	-8.2	-2.9189754	4.772211	3.6796913	-69.65439	-2.9191444	1.0	977500	14275.559134960175
391	-16.54	-16.54	-11.099999	-2.9249144	4.755319	3.8827455	-63.162067	-2.9250557	1.0	980000	14311.520940542221
392	-18.6	-18.6	-10.5	-2.9253461	4.767127	4.9411817	-73.66311	-2.9254453	1.0	982500	14347.993460416794
393	-17.44	-17.44	-10.400001	-2.9037786	4.729853	4.5279083	-59.7539	-2.9041975	1.0	985000	14384.667345285416
394	-18.58	-18.58	-12.2	-2.8932688	4.7068424	2.5712721	-81.2279	-2.8930027	1.0	987500	14421.10521864891
395	-14.48	-14.48	-8.8	-2.8673263	4.6783423	3.156084	-64.38692	-2.867372	1.0	990000	14457.575678348541
396	-17.14	-17.14	-9.7	-2.8645222	4.7068605	2.3491268	-60.460896	-2.864493	1.0	992500	14493.4078373909
397	-15.78	-15.78	-11.5	-2.8587174	4.700615	2.8576264	-70.64931	-2.858912	1.0	995000	14528.994186639786
398	-17.6	-17.6	-9.5	-2.83443	4.648808	5.7227683	-60.49206	-2.834627	1.0	997500	14564.510999917984
399	-18.22	-18.22	-9.7	-2.844903	4.623518	3.4265866	-61.21191	-2.8451118	1.0	1000000	14599.978088378906
400	-18.94	-18.94	-15.0	-2.8434978	4.654389	2.5635774	-62.685955	-2.8433995	0.9	1002500	14635.766008377075
401	-19.74	-19.74	-10.599999	-2.8198798	4.6258883	3.509056	-63.49149	-2.8200026	1.0	1005000	14672.677475690842
402	-17.9	-17.9	-9.599999	-2.847199	4.623685	3.4586246	-61.025658	-2.8473878	1.0	1007500	14709.666321754456
403	-19.04	-19.04	-10.400001	-2.8370793	4.6242466	4.061671	-75.86536	-2.8367043	1.0	1010000	14745.841529369354
404	-19.06	-19.06	-12.4	-2.8408957	4.6591015	3.7470217	-67.09252	-2.8412576	1.0	1012500	14782.047437429428
405	-18.62	-18.62	-10.8	-2.849295	4.6523137	3.423685	-67.07808	-2.8489892	1.0	1015000	14818.312458992004
406	-20.58	-20.58	-10.599999	-2.8388724	4.6363325	4.208797	-64.522026	-2.8387523	1.0	1017500	14855.425280570984
407	-19.48	-19.48	-9.0	-2.8531256	4.656769	4.7255154	-59.870045	-2.8529053	1.0	1020000	14891.850934028625
408	-17.22	-17.22	-10.400001	-2.8579383	4.651506	3.3542075	-88.76186	-2.857881	1.0	1022500	14928.75978255272
409	-18.7	-18.7	-11.3	-2.854783	4.659523	3.8228326	-60.57831	-2.854736	1.0	1025000	14965.056197166443
410	-19.38	-19.38	-10.5	-2.8334463	4.6405993	7.270813	-59.666283	-2.8332999	1.0	1027500	15002.10997223854
411	-17.72	-17.72	-8.0	-2.8424752	4.649031	2.926594	-60.296894	-2.8426352	1.0	1030000	15038.52327132225
412	-18.56	-18.56	-10.8	-2.8235238	4.6150227	3.2688518	-60.023495	-2.8233128	1.0	1032500	15075.382872104645
413	-22.24	-22.24	-10.599999	-2.8189754	4.607877	3.3567133	-62.813274	-2.8190262	1.0	1035000	15111.807499885559
414	-18.7	-18.7	-11.400001	-2.8293402	4.6358633	6.733874	-61.035202	-2.8294024	1.0	1037500	15148.25371336937
415	-20.58	-20.58	-12.0	-2.8180978	4.6207266	3.5587764	-67.29527	-2.8181415	1.0	1040000	15184.662340641022
416	-17.86	-17.86	-13.5	-2.8380728	4.63494	3.874039	-57.51018	-2.838179	0.9	1042500	15221.26179766655
417	-19.2	-19.2	-7.7	-2.835032	4.660263	2.5298927	-62.63694	-2.8351886	1.0	1045000	15256.499687671661
418	-18.1	-18.1	-9.7	-2.8317423	4.637046	4.242261	-59.35949	-2.8319106	1.0	1047500	15291.46795129776
419	-20.8	-20.8	-10.8	-2.8352907	4.659804	4.9469647	-68.623665	-2.8354702	1.0	1050000	15327.59179854393
420	-20.06	-20.06	-9.099999	-2.8198016	4.6372466	3.1725924	-59.454166	-2.8196054	1.0	1052500	15363.443629980087
421	-16.94	-16.94	-7.3	-2.8279014	4.630248	2.1979146	-57.7866	-2.8278568	1.0	1055000	15399.679857492447
422	-16.28	-16.28	-8.099999	-2.839871	4.666301	4.2555695	-62.10269	-2.840112	1.0	1057500	15435.42775630951
423	-17.48	-17.48	-10.5	-2.8085322	4.6084137	3.1699924	-58.87754	-2.808241	1.0	1060000	15471.361063480377
424	-19.36	-19.36	-7.8	-2.8110914	4.636105	5.0902743	-62.533264	-2.8108022	1.0	1062500	15505.628996610641
425	-19.26	-19.26	-8.3	-2.8174362	4.635699	3.0496864	-67.01864	-2.8176394	1.0	1065000	15542.73630785942
426	-19.38	-19.38	-11.400001	-2.8168585	4.6256495	4.5642242	-60.571606	-2.8170183	1.0	1067500	15577.951304197311
427	-18.14	-18.14	-10.599999	-2.8411224	4.6295447	2.6512778	-73.806694	-2.8408093	1.0	1070000	15613.395960330963
428	-19.24	-19.24	-6.7	-2.860491	4.6910653	4.5979786	-68.57393	-2.8602133	1.0	1072500	15647.951117277145
429	-16.48	-16.48	-9.400001	-2.844106	4.681671	3.3490438	-58.765472	-2.843929	1.0	1075000	15683.950419902802
430	-18.5	-18.5	-10.7	-2.825127	4.6506033	4.1540504	-83.35292	-2.8248212	1.0	1077500	15719.344383716583
431	-17.66	-17.66	-8.0	-2.8024373	4.6262484	2.7237957	-56.931553	-2.8022244	1.0	1080000	15753.596270799637
432	-18.84	-18.84	-9.599999	-2.8178642	4.657205	3.2635498	-59.39948	-2.8178	1.0	1082500	15787.792741775513
433	-16.22	-16.22	-10.3	-2.811315	4.6343584	3.0780263	-64.39793	-2.8113182	1.0	1085000	15821.71718788147
434	-17.46	-17.46	-9.8	-2.8139896	4.6647487	5.3271585	-56.291138	-2.814357	1.0	1087500	15857.19167971611
435	-18.42	-18.42	-13.6	-2.8283944	4.6721745	3.0427122	-79.74171	-2.8280602	0.9	1090000	15893.069278240204
436	-18.92	-18.92	-10.099999	-2.7996552	4.645772	2.8246653	-121.74795	-2.7994006	1.0	1092500	15927.739745616913
437	-19.44	-19.44	-10.099999	-2.7942588	4.6246147	4.499126	-70.27474	-2.794316	1.0	1095000	15961.984230041504
438	-18.98	-18.98	-10.3	-2.801744	4.6404157	2.332706	-55.20808	-2.801905	1.0	1097500	15996.127378702164
439	-15.6	-15.6	-9.0	-2.8002884	4.6277857	3.82271	-59.689747	-2.8002884	1.0	1100000	16030.643239021301
440	-18.0	-18.0	-14.3	-2.7851348	4.602228	6.727836	-78.95921	-2.784928	0.9	1102500	16065.274282932281
441	-17.56	-17.56	-10.3	-2.7844372	4.6144195	2.8235488	-58.14417	-2.7843165	1.0	1105000	16100.769631624222
442	-19.28	-19.28	-12.8	-2.7711031	4.5806956	4.1531334	-69.431564	-2.7710633	1.0	1107500	16135.515939235687
443	-20.36	-20.36	-15.5	-2.7690904	4.5885057	3.6097808	-61.40523	-2.7692657	0.9	1110000	16170.943911075592
444	-19.0	-19.0	-9.0	-2.7681143	4.6097937	2.4782813	-67.95649	-2.7682142	1.0	1112500	16205.999568939209
445	-17.3	-17.3	-9.099999	-2.7785485	4.631044	2.6272476	-91.835075	-2.7786863	1.0	1115000	16241.020911216736
446	-19.2	-19.2	-9.400001	-2.7718713	4.6141787	4.275733	-63.034657	-2.7716842	1.0	1117500	16275.675184488297
447	-18.04	-18.04	-9.599999	-2.74185	4.569623	4.5648866	-69.34508	-2.7417014	1.0	1120000	16310.530186891556
448	-18.9	-18.9	-9.5	-2.741115	4.585866	3.330799	-62.537663	-2.7411814	1.0	1122500	16345.482231140137
449	-17.14	-17.14	-10.0	-2.7425728	4.5628314	2.3689961	-60.07451	-2.7426434	1.0	1125000	16382.481695652008
450	-16.76	-16.76	-9.8	-2.7406824	4.5606947	3.1818328	-57.340538	-2.740618	1.0	1127500	16417.566876888275
451	-17.9	-17.9	-12.7	-2.7328417	4.58832	3.5839992	-71.99282	-2.7327616	1.0	1130000	16452.129098176956
452	-19.74	-19.74	-10.400001	-2.7253525	4.5814	5.5428247	-59.979294	-2.7252772	1.0	1132500	16488.74777841568
453	-17.14	-17.14	-13.2	-2.718531	4.5734115	3.448944	-59.047127	-2.7182264	0.9	1135000	16524.509947299957
454	-15.48	-15.48	-8.0	-2.7079034	4.540038	6.2309284	-60.24709	-2.7077038	1.0	1137500	16561.50842142105
455	-17.86	-17.86	-9.900001	-2.7246604	4.5917354	4.999513	-85.483734	-2.724388	1.0	1140000	16597.662470817566
456	-16.84	-16.84	-10.2	-2.7221012	4.5592546	3.88321	-63.641083	-2.7222786	1.0	1142500	16633.833901405334
457	-16.68	-16.68	-7.5	-2.7420077	4.605573	4.361185	-58.74758	-2.7423701	1.0	1145000	16669.23927140236
458	-19.04	-19.04	-7.4	-2.7303295	4.6026297	4.963403	-75.18945	-2.7303746	1.0	1147500	16704.92774605751
459	-18.88	-18.88	-11.400001	-2.73488	4.6030645	5.1754174	-72.51203	-2.7347553	1.0	1150000	16740.819326877594
460	-17.06	-17.06	-12.4	-2.7494202	4.6280084	3.487278	-65.09677	-2.7497158	1.0	1152500	16775.894650936127
461	-19.62	-19.62	-6.8	-2.760639	4.633021	2.642623	-62.121532	-2.7601514	1.0	1155000	16811.561182260513
462	-21.62	-21.62	-10.2	-2.766029	4.6295385	3.1032548	-60.53085	-2.766014	1.0	1157500	16846.92708659172
463	-17.88	-17.88	-11.7	-2.7585208	4.6565456	3.983605	-79.22873	-2.7582989	1.0	1160000	16882.876433849335
464	-20.26	-20.26	-10.0	-2.7598832	4.6305113	3.8803678	-62.967766	-2.759674	1.0	1162500	16918.223291635513
465	-20.92	-20.92	-12.4	-2.7597063	4.643316	3.5411391	-56.588894	-2.7599204	1.0	1165000	16953.9273955822
466	-16.66	-16.66	-8.099999	-2.7666597	4.65293	3.8680344	-85.02977	-2.7663293	1.0	1167500	16989.34485769272
467	-17.44	-17.44	-11.0	-2.7941914	4.714302	3.2604055	-63.948498	-2.7942872	1.0	1170000	17025.246829032898
468	-17.38	-17.38	-9.8	-2.7683506	4.6471086	2.7889073	-60.940254	-2.7687924	1.0	1172500	17060.755167245865
469	-19.28	-19.28	-11.2	-2.747633	4.6186714	3.4284606	-59.1847	-2.747229	1.0	1175000	17096.009924411774
470	-17.64	-17.64	-11.400001	-2.7500827	4.607305	4.7186017	-57.74356	-2.7499819	1.0	1177500	17131.70888376236
471	-18.18	-18.18	-11.5	-2.7655547	4.6378202	4.59073	-59.734856	-2.7655702	1.0	1180000	17168.45042824745
472	-17.9	-17.9	-7.7	-2.7664545	4.674126	3.535798	-58.91342	-2.7662747	1.0	1182500	17204.313900709152
473	-18.28	-18.28	-13.5	-2.7701268	4.660384	3.5548406	-58.888958	-2.7700312	1.0	1185000	17239.788663864136
474	-17.22	-17.22	-13.2	-2.7529292	4.653397	4.3775263	-61.351723	-2.7529576	0.9	1187500	17275.17528796196
475	-16.46	-16.46	-10.0	-2.733416	4.656619	5.197216	-71.14946	-2.7333834	1.0	1190000	17310.64814043045
476	-17.64	-17.64	-7.9	-2.7229621	4.6471925	3.4737616	-70.650955	-2.7229161	1.0	1192500	17346.23788189888
477	-19.1	-19.1	-8.099999	-2.74736	4.6456842	3.2339666	-66.22309	-2.747438	1.0	1195000	17381.746403694153
478	-18.7	-18.7	-12.9	-2.7509239	4.6227684	2.9907942	-71.71413	-2.7506785	1.0	1197500	17416.770425081253
479	-20.78	-20.78	-10.8	-2.7892025	4.6737084	2.6170018	-67.96509	-2.7896416	1.0	1200000	17451.710587739944
480	-16.94	-16.94	-10.099999	-2.7893283	4.6961837	4.339222	-58.876892	-2.7897046	1.0	1202500	17486.44407773018
481	-17.2	-17.2	-6.7	-2.7635086	4.642587	2.5931642	-59.46112	-2.7635157	1.0	1205000	17521.522800922394
482	-22.12	-22.12	-9.3	-2.7706976	4.652752	4.1699047	-64.09611	-2.7706518	1.0	1207500	17556.75906944275
483	-16.44	-16.44	-8.400001	-2.7781365	4.662593	3.9841454	-67.061745	-2.7776783	1.0	1210000	17592.51066684723
484	-17.94	-17.94	-9.3	-2.7904193	4.6699743	3.6633997	-65.36781	-2.7900758	1.0	1212500	17627.72496843338
485	-17.1	-17.1	-8.3	-2.8041267	4.6687737	4.750938	-60.52587	-2.803853	1.0	1215000	17662.49958395958
486	-15.24	-15.24	-12.0	-2.8044686	4.6902328	3.5549912	-59.75303	-2.8045886	1.0	1217500	17698.235582351685
487	-18.82	-18.82	-9.900001	-2.7798607	4.634584	3.6530614	-61.747486	-2.780116	1.0	1220000	17734.087198257446
488	-18.34	-18.34	-8.3	-2.8051832	4.6909175	2.5262396	-72.1105	-2.805188	1.0	1222500	17768.978394269943
489	-18.92	-18.92	-7.4	-2.8128855	4.7009544	4.3226404	-57.666584	-2.8132312	1.0	1225000	17803.639524698257
490	-18.86	-18.86	-9.400001	-2.7999592	4.7206163	2.9094627	-78.08311	-2.7998645	1.0	1227500	17839.21181368828
491	-17.62	-17.62	-15.5	-2.7931495	4.727067	5.6333137	-77.78951	-2.7931306	0.9	1230000	17874.216769456863
492	-17.72	-17.72	-8.099999	-2.7708368	4.696558	3.9578927	-66.595184	-2.7712324	1.0	1232500	17909.341965675354
493	-19.24	-19.24	-9.3	-2.7807868	4.715193	3.2082343	-59.067966	-2.7810392	1.0	1235000	17944.559109210968
494	-16.3	-16.3	-8.3	-2.7858298	4.7178946	3.4784575	-63.234577	-2.7857068	1.0	1237500	17978.93182492256
495	-16.82	-16.82	-11.7	-2.7535732	4.683095	6.217289	-62.225895	-2.753347	1.0	1240000	18012.05403327942
496	-16.52	-16.52	-8.599999	-2.760394	4.682032	4.2026505	-65.18849	-2.7606118	1.0	1242500	18042.751924991608
497	-17.32	-17.32	-10.0	-2.7670634	4.6945715	4.21702	-59.198006	-2.7670205	1.0	1245000	18072.95406270027
498	-18.84	-18.84	-8.599999	-2.7392342	4.650554	2.8704157	-61.68096	-2.7392232	1.0	1247500	18101.963030815125
499	-18.98	-18.98	-8.0	-2.7312908	4.667073	4.261144	-80.56377	-2.7314422	1.0	1250000	18130.688872098923
