Epoch	EpRet	EpRealRet	TestEpRet	AverageQ1	StdQ1	MaxQ1	MinQ1	Q2	TestSuccess	TotalEnvInteracts	TotalTime
0	-46.197895	-46.197895	-47.310528	-1.0984689	1.8523098	2.3210492	-32.611343	-1.0977592	0.05263158	2500	102.06728649139404
1	-45.658947	-45.658947	-46.842106	-2.4290135	4.442247	1.9493772	-34.12493	-2.4312904	0.06315789	5000	193.973326921463
2	-45.92421	-45.92421	-46.594734	-3.6428685	6.9528704	3.1310022	-38.416195	-3.6426966	0.06842105	7500	304.3518886566162
3	-47.10842	-47.10842	-48.42105	-4.7396927	9.15228	4.4622664	-50.495747	-4.737872	0.031578947	10000	434.40885496139526
4	-46.912632	-46.912632	-47.36842	-5.6966496	11.064997	7.186583	-57.146954	-5.697156	0.05263158	12500	561.1379344463348
5	-46.217896	-46.217896	-45.657894	-6.560641	12.785024	7.626738	-60.2171	-6.5600696	0.08947369	15000	688.8036587238312
6	-47.056843	-47.056843	-45.221054	-7.257187	14.228747	4.6776166	-61.766376	-7.2578793	0.1	17500	815.7372469902039
7	-46.645264	-46.645264	-48.0	-7.831086	15.412739	6.1589174	-62.72793	-7.8312745	0.042105265	20000	942.3368699550629
8	-46.254738	-46.254738	-45.55789	-8.285839	16.384096	8.81984	-61.85328	-8.28583	0.08947369	22500	1068.3524889945984
9	-46.625263	-46.625263	-47.41579	-8.642029	17.163282	6.408637	-60.823772	-8.6410265	0.05263158	25000	1195.6563336849213
10	-45.78842	-45.78842	-47.042103	-8.939115	17.785711	7.4894676	-63.31099	-8.939523	0.06315789	27500	1322.3252999782562
11	-47.353683	-47.353683	-44.194736	-9.175921	18.266582	6.766515	-61.62471	-9.176268	0.12105263	30000	1446.7550354003906
12	-45.449474	-45.449474	-43.642105	-9.2955885	18.523186	8.13884	-62.04013	-9.295511	0.13157895	32500	1572.8522291183472
13	-45.98421	-45.98421	-46.01579	-9.328421	18.593933	6.5125203	-63.43637	-9.328375	0.08947369	35000	1698.7146384716034
14	-45.881054	-45.881054	-43.68421	-9.344966	18.626766	7.3881006	-63.172916	-9.345282	0.1368421	37500	1824.5537996292114
15	-44.85263	-44.85263	-45.86316	-9.32829	18.616182	6.6172037	-62.092373	-9.328038	0.08421053	40000	1950.480926990509
16	-44.547367	-44.547367	-45.0	-9.222702	18.485237	7.111146	-75.680885	-9.2226095	0.11578947	42500	2075.5566868782043
17	-44.881054	-44.881054	-44.13684	-9.188997	18.415106	6.437921	-62.620728	-9.188536	0.13157895	45000	2200.8771159648895
18	-43.98421	-43.98421	-45.16842	-9.14032	18.326097	7.90566	-62.04525	-9.140147	0.12105263	47500	2325.1804027557373
19	-43.12842	-43.12842	-39.463158	-9.065186	18.183966	6.2392845	-70.596985	-9.064804	0.23684211	50000	2450.6666328907013
20	-42.525265	-42.525265	-42.063152	-8.909699	17.89765	6.387392	-66.10666	-8.909806	0.18947369	52500	2577.35249876976
21	-41.12842	-41.12842	-36.86842	-8.698771	17.511847	6.8844647	-62.523003	-8.698757	0.3263158	55000	2703.5921697616577
22	-39.269474	-39.269474	-34.57895	-8.497283	17.142378	5.809691	-61.374104	-8.496877	0.39473686	57500	2830.4989490509033
23	-36.596844	-36.596844	-33.710526	-8.241938	16.650309	6.751692	-61.582935	-8.242577	0.4473684	60000	2957.0852682590485
24	-33.90842	-33.90842	-25.394735	-7.8887243	15.950755	6.3175874	-69.42672	-7.889154	0.6789474	62500	3082.4795677661896
25	-30.50842	-30.50842	-21.300001	-7.424912	15.020437	5.302421	-66.62732	-7.424375	0.8	65000	3207.6544263362885
26	-28.468422	-28.468422	-19.084211	-6.8376584	13.835581	5.5712676	-69.33795	-6.837387	0.8842105	67500	3331.799348592758
27	-26.451578	-26.451578	-17.505262	-6.134585	12.351254	5.7620454	-68.02656	-6.13453	0.9	70000	3457.3452212810516
28	-25.172632	-25.172632	-14.952632	-5.446661	10.824956	7.7864504	-71.11971	-5.4463143	0.9368421	72500	3581.6131207942963
29	-23.98842	-23.98842	-15.099999	-4.8723145	9.47503	6.4636097	-61.44993	-4.872486	0.9263158	75000	3704.9618706703186
30	-22.987368	-22.987368	-13.052631	-4.4439282	8.488325	8.105012	-61.94947	-4.4440002	0.9631579	77500	3828.5587010383606
31	-22.497894	-22.497894	-14.231579	-4.1778545	7.91495	6.370012	-64.056656	-4.1779647	0.95789474	80000	3952.460695028305
32	-21.95579	-21.95579	-13.163158	-3.983093	7.50497	7.3044415	-65.43781	-3.9832559	0.9631579	82500	4076.466908454895
33	-21.283157	-21.283157	-11.400001	-3.80634	7.1362143	6.3650928	-62.2491	-3.8064682	0.97894734	85000	4200.748356103897
34	-20.386316	-20.386316	-11.394737	-3.675067	6.8570027	7.0968165	-64.5246	-3.6753097	0.9894737	87500	4325.317663431168
35	-20.852633	-20.852633	-11.01579	-3.5863495	6.654614	6.5180597	-64.92434	-3.586165	0.99473685	90000	4449.919148445129
36	-20.462105	-20.462105	-10.7578945	-3.4904828	6.443222	5.100846	-63.22127	-3.4903803	0.9894737	92500	4573.268189907074
37	-19.669474	-19.669474	-10.368421	-3.4099946	6.255788	6.2114205	-64.89386	-3.4098518	0.99473685	95000	4696.662100315094
38	-19.542105	-19.542105	-10.305263	-3.3385096	6.0989795	6.443162	-61.7039	-3.3382933	0.97894734	97500	4819.801512956619
39	-19.835789	-19.835789	-9.589474	-3.2810388	5.9674015	4.2227206	-65.58951	-3.2806787	0.99473685	100000	4942.616816282272
40	-19.371578	-19.371578	-10.547368	-3.2252252	5.8385334	7.3466597	-63.98554	-3.225102	0.9894737	102500	5065.035768032074
41	-19.26	-19.26	-9.994737	-3.1693907	5.7123876	4.386322	-61.17048	-3.1693265	0.99473685	105000	5187.02482676506
42	-19.49158	-19.49158	-10.026316	-3.111567	5.5913925	3.6432095	-63.677113	-3.1116304	0.99473685	107500	5308.529488563538
43	-18.371578	-18.371578	-10.294737	-3.063405	5.489795	6.0729833	-61.64768	-3.063484	0.99473685	110000	5430.582287788391
44	-18.718946	-18.718946	-10.252632	-3.0190313	5.402315	3.4283965	-60.052647	-3.019045	1.0	112500	5552.279105901718
45	-19.013683	-19.013683	-9.9	-2.9911044	5.330939	5.5410748	-63.78036	-2.9908495	1.0	115000	5674.851103067398
46	-18.545263	-18.545263	-9.815789	-2.9604864	5.2686543	5.1603193	-67.15885	-2.9603248	0.99473685	117500	5795.8854949474335
47	-18.642105	-18.642105	-10.089474	-2.9195971	5.183487	3.5737202	-63.55746	-2.9194858	1.0	120000	5917.440505743027
48	-18.518948	-18.518948	-10.668421	-2.8850439	5.12081	4.5566654	-61.46	-2.8851092	1.0	122500	6038.472473621368
49	-18.845263	-18.845263	-9.031579	-2.8648453	5.074081	4.3584304	-63.083435	-2.8647666	1.0	125000	6160.906314134598
50	-18.733685	-18.733685	-9.947369	-2.8403208	5.030238	3.6934032	-62.10889	-2.8401532	0.9894737	127500	6281.818233013153
51	-18.617895	-18.617895	-9.647368	-2.819679	4.9875207	3.7517593	-68.93084	-2.8197463	1.0	130000	6403.348463773727
52	-18.151579	-18.151579	-9.294737	-2.7980478	4.941963	4.165143	-74.68109	-2.798232	1.0	132500	6524.555722236633
53	-17.76421	-17.76421	-9.505262	-2.780935	4.9089565	4.743452	-68.44718	-2.7807927	1.0	135000	6645.4196836948395
54	-17.910526	-17.910526	-9.794737	-2.7597532	4.876247	8.763696	-64.78287	-2.7600205	1.0	137500	6765.15482211113
55	-18.217896	-18.217896	-9.457894	-2.7455688	4.843782	4.8886604	-63.579815	-2.745645	1.0	140000	6884.6739201545715
56	-18.48	-18.48	-9.636843	-2.7334146	4.821553	6.44013	-75.24613	-2.7334752	1.0	142500	7006.107836961746
57	-17.873684	-17.873684	-10.168421	-2.7170112	4.779735	13.319633	-70.38012	-2.7170012	0.9894737	145000	7126.591807603836
58	-18.031578	-18.031578	-9.668422	-2.7096593	4.774343	5.516739	-65.214905	-2.709605	1.0	147500	7247.790741443634
59	-18.127369	-18.127369	-9.836842	-2.6908574	4.738448	5.7903805	-63.80511	-2.6907222	0.99473685	150000	7369.043574810028
60	-17.92	-17.92	-10.01579	-2.683615	4.721215	5.397173	-63.554024	-2.6835904	1.0	152500	7489.977423906326
61	-17.509474	-17.509474	-10.11579	-2.670307	4.7002816	5.236516	-64.09072	-2.670456	1.0	155000	7610.41503405571
62	-17.793684	-17.793684	-10.031578	-2.6637278	4.675153	6.3392897	-63.439037	-2.6636095	1.0	157500	7730.801568508148
63	-18.118948	-18.118948	-9.552631	-2.6493762	4.6475434	3.905867	-76.8236	-2.6493874	1.0	160000	7852.7547969818115
64	-17.481052	-17.481052	-9.3	-2.6357677	4.6311655	5.1772127	-68.21405	-2.635724	0.99473685	162500	7973.612365961075
65	-17.816843	-17.816843	-9.357895	-2.6274016	4.6052246	12.808419	-67.23276	-2.6272647	1.0	165000	8094.511854171753
66	-17.430527	-17.430527	-9.5	-2.619267	4.593555	3.8055491	-62.786156	-2.6193562	1.0	167500	8216.199036359787
67	-17.621052	-17.621052	-9.931579	-2.6059422	4.5763216	5.298389	-85.87316	-2.6059096	0.99473685	170000	8336.059062719345
68	-18.28	-18.28	-9.336843	-2.605107	4.56193	3.2103238	-63.926266	-2.605171	1.0	172500	8457.201788663864
69	-17.978947	-17.978947	-9.352632	-2.5934083	4.5428658	3.4658833	-77.01467	-2.5934525	0.99473685	175000	8578.334753036499
70	-17.365263	-17.365263	-9.421053	-2.5960624	4.5447817	3.6382146	-69.442635	-2.5960758	1.0	177500	8698.20332145691
71	-17.89579	-17.89579	-10.163158	-2.58743	4.5277524	7.5174036	-61.239933	-2.5877137	1.0	180000	8819.085279464722
72	-17.505262	-17.505262	-9.510526	-2.5811083	4.5122123	4.3393006	-65.19882	-2.5811455	1.0	182500	8939.790353536606
73	-17.43158	-17.43158	-9.789474	-2.5747516	4.499281	5.213784	-64.30936	-2.5745308	1.0	185000	9060.324703931808
74	-17.82	-17.82	-9.636842	-2.5675197	4.4875474	3.2828517	-68.98529	-2.5673873	1.0	187500	9179.984774112701
75	-17.352633	-17.352633	-9.121053	-2.5610304	4.476105	4.7359104	-62.860405	-2.5612721	1.0	190000	9300.074304103851
76	-17.90842	-17.90842	-9.478948	-2.5583048	4.4666915	3.98517	-76.60697	-2.558227	0.99473685	192500	9420.722782373428
77	-18.208422	-18.208422	-9.715789	-2.5525463	4.4518948	6.614026	-63.317196	-2.552222	1.0	195000	9541.53049492836
78	-17.59158	-17.59158	-10.010526	-2.5492005	4.440766	7.446286	-71.77305	-2.549118	0.99473685	197500	9662.309983491898
79	-17.336842	-17.336842	-9.421053	-2.5426126	4.4326143	3.6247177	-64.5426	-2.5427349	1.0	200000	9784.30815243721
80	-17.589474	-17.589474	-9.589474	-2.5401444	4.42739	3.487145	-70.93462	-2.5400743	1.0	202500	9904.968662500381
81	-18.376842	-18.376842	-9.221052	-2.5383084	4.4191785	3.9343731	-105.88315	-2.538256	1.0	205000	10026.02702999115
82	-17.565264	-17.565264	-9.2421055	-2.5332778	4.4016676	3.7922254	-61.985878	-2.5333717	0.99473685	207500	10146.993470430374
83	-17.36	-17.36	-9.210526	-2.5116224	4.3623157	5.509866	-64.559906	-2.5115852	1.0	210000	10267.580574989319
84	-17.783157	-17.783157	-9.478948	-2.4963155	4.334438	3.840611	-90.19009	-2.4962034	1.0	212500	10388.18167757988
85	-17.6	-17.6	-8.847369	-2.4795854	4.2978	4.182267	-62.764282	-2.4793668	1.0	215000	10508.104410648346
86	-18.14421	-18.14421	-10.063158	-2.4714355	4.2750373	4.096711	-59.12037	-2.4713511	1.0	217500	10628.7349255085
87	-17.613684	-17.613684	-9.336843	-2.4658628	4.2541223	4.115158	-61.119267	-2.4656992	1.0	220000	10749.38507938385
88	-17.033684	-17.033684	-9.557896	-2.4606035	4.233654	5.1788654	-67.8856	-2.4604747	0.99473685	222500	10870.361997127533
89	-17.509474	-17.509474	-9.4	-2.450783	4.2112627	6.177803	-80.04623	-2.4507637	1.0	225000	10991.72201704979
90	-17.623158	-17.623158	-9.352632	-2.445377	4.190042	6.147543	-68.926	-2.4452655	1.0	227500	11112.155543804169
91	-17.496841	-17.496841	-9.41579	-2.4392262	4.160011	4.0643578	-71.21648	-2.4392593	0.99473685	230000	11232.581387758255
92	-17.137896	-17.137896	-9.289474	-2.430375	4.1369233	4.241109	-65.79454	-2.4303708	1.0	232500	11353.566001176834
93	-16.97579	-16.97579	-8.857895	-2.4273264	4.123639	6.7044783	-69.982445	-2.427252	1.0	235000	11473.752244472504
94	-17.477894	-17.477894	-9.121053	-2.4208908	4.10021	5.398694	-69.97235	-2.4209502	0.99473685	237500	11594.900291442871
95	-17.353683	-17.353683	-9.815789	-2.4083974	4.0656137	4.2946024	-61.60032	-2.4084597	0.99473685	240000	11716.002002000809
96	-17.182106	-17.182106	-9.184211	-2.4001763	4.045658	4.375758	-64.319466	-2.4001198	1.0	242500	11836.60810494423
97	-17.233685	-17.233685	-9.378947	-2.3887587	4.0209775	5.85657	-78.02274	-2.3888557	1.0	245000	11957.178849935532
98	-17.617895	-17.617895	-9.384211	-2.3748202	3.9962604	3.804621	-73.01526	-2.374755	1.0	247500	12078.696155786514
99	-17.457895	-17.457895	-9.2578945	-2.3714042	3.973698	4.7348814	-61.681904	-2.371272	0.99473685	250000	12200.345525979996
100	-17.897894	-17.897894	-9.668421	-2.3665364	3.9570882	4.783804	-84.560135	-2.366499	0.99473685	252500	12320.808189868927
101	-16.890526	-16.890526	-9.326316	-2.3544726	3.9340808	3.5467718	-74.94079	-2.3544161	0.98421055	255000	12442.200661420822
102	-17.645264	-17.645264	-8.78421	-2.3417096	3.906591	4.8031373	-119.592026	-2.3416958	1.0	257500	12563.945238351822
103	-16.866316	-16.866316	-9.26842	-2.3349857	3.8873458	9.417799	-63.096558	-2.334896	1.0	260000	12683.736832141876
104	-17.370527	-17.370527	-9.547369	-2.3235362	3.862626	8.443297	-84.257805	-2.3235204	1.0	262500	12803.900398731232
105	-17.391579	-17.391579	-9.58421	-2.3150303	3.842613	6.9406624	-74.685875	-2.31481	1.0	265000	12924.647071361542
106	-17.367369	-17.367369	-9.405263	-2.3075097	3.8379982	6.089593	-77.47707	-2.3075826	1.0	267500	13044.450427770615
107	-17.246315	-17.246315	-9.48421	-2.2970116	3.8238924	4.436676	-65.10034	-2.297043	1.0	270000	13165.044664382935
108	-17.348421	-17.348421	-9.063158	-2.2823334	3.805583	4.484463	-67.790695	-2.2823083	1.0	272500	13286.607290029526
109	-17.551579	-17.551579	-9.252631	-2.2781878	3.7987008	6.7669945	-63.52095	-2.2782285	1.0	275000	13407.311822652817
110	-17.446316	-17.446316	-9.989474	-2.26529	3.7906191	7.625396	-68.93638	-2.2652667	1.0	277500	13528.847755908966
111	-17.585262	-17.585262	-9.068421	-2.257306	3.7926514	24.852947	-85.2245	-2.2573373	1.0	280000	13648.709562540054
112	-17.496841	-17.496841	-9.910526	-2.251312	3.781807	4.729393	-87.55962	-2.251328	0.99473685	282500	13769.153645038605
113	-17.289474	-17.289474	-9.478948	-2.2456017	3.774946	4.5223274	-63.89151	-2.245533	1.0	285000	13888.759470939636
114	-16.938948	-16.938948	-8.689473	-2.2378726	3.7638488	5.198806	-68.95944	-2.2377248	1.0	287500	14009.752259254456
115	-17.37579	-17.37579	-9.331578	-2.2307742	3.7574697	4.947269	-84.477715	-2.230925	0.9894737	290000	14131.281742811203
116	-17.27579	-17.27579	-9.331579	-2.228861	3.760186	15.857119	-84.965805	-2.2290866	1.0	292500	14252.686766147614
117	-17.22737	-17.22737	-8.7263155	-2.2222703	3.752061	4.936504	-68.41737	-2.2223265	0.99473685	295000	14372.834623336792
118	-17.22737	-17.22737	-8.884211	-2.2201993	3.7512388	4.811203	-60.18396	-2.2200022	1.0	297500	14493.761990070343
119	-17.59158	-17.59158	-9.352632	-2.2107832	3.7421484	7.1155915	-60.8331	-2.2110069	1.0	300000	14613.620039701462
120	-16.878948	-16.878948	-9.336843	-2.2065034	3.7497857	12.197766	-68.035484	-2.206409	0.99473685	302500	14734.376276493073
121	-17.24842	-17.24842	-8.857895	-2.2004797	3.7372487	12.290352	-83.49195	-2.2005398	1.0	305000	14855.70341515541
122	-17.721052	-17.721052	-8.968421	-2.201115	3.7445233	4.6239243	-70.055504	-2.2011895	1.0	307500	14975.754753112793
123	-17.457895	-17.457895	-9.478948	-2.1999311	3.743146	3.912146	-60.36319	-2.1998003	1.0	310000	15096.059288024902
124	-17.3	-17.3	-9.168422	-2.1934123	3.736984	5.1962957	-65.832054	-2.193339	1.0	312500	15217.275503873825
125	-17.107368	-17.107368	-9.2578945	-2.18927	3.7432983	5.3027496	-69.014725	-2.1891582	1.0	315000	15337.928471803665
126	-16.652632	-16.652632	-9.405264	-2.1898727	3.745539	8.075312	-67.26293	-2.1897295	1.0	317500	15457.797878980637
127	-16.683157	-16.683157	-8.336842	-2.1819878	3.7264707	9.358973	-81.23948	-2.181827	1.0	320000	15578.305529356003
128	-17.11579	-17.11579	-9.173684	-2.1781042	3.7264678	4.6681714	-69.212585	-2.1780539	1.0	322500	15698.717936754227
129	-16.994738	-16.994738	-9.436842	-2.178222	3.724829	15.727624	-73.70026	-2.178125	1.0	325000	15819.5657184124
130	-17.391579	-17.391579	-8.794737	-2.1756985	3.7218444	9.688263	-75.76268	-2.1758153	0.99473685	327500	15940.873197555542
131	-17.293684	-17.293684	-8.91579	-2.173639	3.72845	10.7306595	-64.28848	-2.1735303	1.0	330000	16062.131810188293
132	-17.177895	-17.177895	-9.084211	-2.1699743	3.7163184	8.90636	-71.06373	-2.1701975	1.0	332500	16184.39574956894
133	-17.136843	-17.136843	-9.210526	-2.172042	3.7276664	13.0153885	-71.72942	-2.171741	1.0	335000	16305.86254620552
134	-16.289474	-16.289474	-9.468421	-2.1665957	3.7136493	3.7241244	-65.96481	-2.1666842	1.0	337500	16426.478155612946
135	-16.193684	-16.193684	-9.252631	-2.1650681	3.7147758	5.5258136	-62.761078	-2.1652553	1.0	340000	16547.62363100052
136	-16.997894	-16.997894	-9.047368	-2.161928	3.7084713	4.1373825	-79.46176	-2.161976	1.0	342500	16669.141751289368
137	-17.333685	-17.333685	-9.121053	-2.162155	3.7149656	8.440943	-66.07235	-2.162164	1.0	345000	16789.70464038849
138	-17.389473	-17.389473	-9.021052	-2.1611736	3.7151163	5.5814857	-68.696655	-2.1612008	1.0	347500	16911.241031885147
139	-16.929474	-16.929474	-9.11579	-2.154939	3.7109249	4.121582	-76.264435	-2.1548252	1.0	350000	17030.861682653427
140	-16.8	-16.8	-9.363157	-2.153493	3.7069592	48.14296	-64.92608	-2.153596	1.0	352500	17152.39267373085
141	-17.212631	-17.212631	-9.221052	-2.1482913	3.7040908	5.475585	-72.20147	-2.148187	0.99473685	355000	17272.689806699753
142	-16.507368	-16.507368	-8.71579	-2.1449127	3.691827	3.5049305	-87.28622	-2.1447692	1.0	357500	17394.20490002632
143	-16.61263	-16.61263	-8.978947	-2.1477184	3.7018495	5.349538	-81.29999	-2.1476805	1.0	360000	17515.002311706543
144	-17.164211	-17.164211	-8.626315	-2.1458895	3.6998222	6.281332	-62.77122	-2.1458144	1.0	362500	17635.274193286896
145	-16.658947	-16.658947	-9.389474	-2.1453528	3.6973925	14.419808	-83.043884	-2.1452668	0.9894737	365000	17755.172275304794
146	-17.25158	-17.25158	-10.026316	-2.1427665	3.701801	3.8335223	-67.664154	-2.1426623	1.0	367500	17874.706847667694
147	-17.152632	-17.152632	-8.8	-2.1435862	3.7004662	7.16467	-66.45052	-2.1436112	1.0	370000	17995.73965907097
148	-16.52421	-16.52421	-9.252632	-2.1401644	3.696865	5.613556	-61.428085	-2.1401196	1.0	372500	18115.9956843853
149	-17.233685	-17.233685	-9.147368	-2.1444194	3.6993752	5.4774814	-64.09911	-2.14426	1.0	375000	18238.093374967575
150	-17.53579	-17.53579	-9.305263	-2.133696	3.693569	12.150948	-79.35087	-2.1337283	1.0	377500	18359.88723897934
151	-17.627369	-17.627369	-9.863158	-2.1343615	3.6950293	3.8918076	-73.619865	-2.1343405	0.9894737	380000	18480.89103078842
152	-17.022106	-17.022106	-8.98421	-2.1356685	3.6990728	4.7905083	-60.746284	-2.1357377	0.99473685	382500	18602.87777853012
153	-16.368422	-16.368422	-9.21579	-2.128096	3.6902053	5.554246	-78.22688	-2.1279051	1.0	385000	18723.620519399643
154	-17.022106	-17.022106	-9.094737	-2.128713	3.6930723	8.904247	-75.87587	-2.1287832	1.0	387500	18844.542951345444
155	-16.823158	-16.823158	-8.857895	-2.130535	3.7051892	5.960003	-79.5996	-2.130659	1.0	390000	18965.920459747314
156	-17.02	-17.02	-8.863158	-2.1260147	3.6986585	9.763241	-80.17767	-2.1259062	1.0	392500	19087.198930978775
157	-17.085262	-17.085262	-8.721052	-2.1306553	3.705223	22.446396	-75.76833	-2.1307244	1.0	395000	19208.828152656555
158	-17.018948	-17.018948	-9.052631	-2.1236527	3.69876	12.531452	-65.53769	-2.123609	1.0	397500	19330.08354115486
159	-17.542105	-17.542105	-9.573684	-2.126495	3.699831	15.691677	-69.26997	-2.1265404	1.0	400000	19451.057392835617
160	-16.698948	-16.698948	-9.115789	-2.1275396	3.7111387	11.829058	-65.4156	-2.1277707	0.99473685	402500	19572.541523694992
161	-17.007368	-17.007368	-8.926315	-2.1285307	3.7195725	5.3440394	-79.02241	-2.1284811	1.0	405000	19693.62933254242
162	-17.127369	-17.127369	-8.673684	-2.1256177	3.7125704	4.033934	-78.70519	-2.1254056	1.0	407500	19814.88675236702
163	-16.571579	-16.571579	-9.121053	-2.124955	3.70985	4.2075872	-65.648544	-2.125059	1.0	410000	19934.37394452095
164	-17.461052	-17.461052	-9.147368	-2.1258	3.7155914	4.103507	-76.765915	-2.126132	1.0	412500	20054.352030038834
165	-17.194736	-17.194736	-9.289474	-2.1278515	3.7131846	6.7703276	-63.21189	-2.1280713	1.0	415000	20176.90559053421
166	-16.313684	-16.313684	-9.394737	-2.1262133	3.7123919	6.9438076	-106.24017	-2.1259935	1.0	417500	20297.851927757263
167	-17.118948	-17.118948	-8.789474	-2.1223395	3.7100632	5.205086	-69.89735	-2.1223876	1.0	420000	20418.846596717834
168	-17.433683	-17.433683	-9.347369	-2.1213233	3.7052073	6.367585	-84.05026	-2.121471	1.0	422500	20540.897528648376
169	-16.603157	-16.603157	-8.868421	-2.1202133	3.7060874	6.1086063	-68.552505	-2.1201932	1.0	425000	20660.778366565704
170	-16.90842	-16.90842	-9.094737	-2.1219761	3.7064724	4.0112257	-77.86329	-2.1219547	1.0	427500	20780.663892030716
171	-16.916842	-16.916842	-8.889474	-2.1247225	3.710222	13.648067	-86.752754	-2.1248298	1.0	430000	20902.58384203911
172	-16.422106	-16.422106	-9.078947	-2.1219418	3.7104006	4.6924286	-61.470898	-2.1218717	1.0	432500	21023.859691619873
173	-16.185263	-16.185263	-9.552631	-2.1222026	3.7068515	27.153748	-69.59794	-2.122106	1.0	435000	21144.430765628815
174	-16.850527	-16.850527	-9.094737	-2.1159449	3.7042222	8.403772	-82.11169	-2.1157758	1.0	437500	21265.651819705963
175	-16.926315	-16.926315	-8.747368	-2.1212595	3.7046795	8.711932	-75.4464	-2.1213522	1.0	440000	21387.38179087639
176	-16.842106	-16.842106	-8.73158	-2.1171837	3.6965444	7.223435	-69.24578	-2.1172755	1.0	442500	21508.216244220734
177	-16.877895	-16.877895	-8.926315	-2.1186025	3.6971247	8.922586	-68.94892	-2.1186743	1.0	445000	21627.996215105057
178	-16.669474	-16.669474	-9.068421	-2.1156337	3.701133	8.738189	-64.89075	-2.115637	0.9894737	447500	21749.18062543869
179	-16.553684	-16.553684	-8.884211	-2.1171305	3.7017865	6.3203964	-69.88142	-2.1173074	1.0	450000	21869.995239257812
180	-16.229473	-16.229473	-9.342105	-2.1179075	3.7007406	12.473072	-70.43796	-2.1176481	1.0	452500	21990.674673080444
181	-16.72737	-16.72737	-9.331579	-2.1075366	3.692401	6.7885466	-71.03104	-2.1075506	1.0	455000	22111.827605485916
182	-16.915789	-16.915789	-8.931579	-2.1065068	3.6916323	8.016851	-93.2682	-2.106542	1.0	457500	22233.202396154404
183	-16.794737	-16.794737	-9.310526	-2.108786	3.6986172	7.941486	-68.23588	-2.1086977	1.0	460000	22354.062784671783
184	-16.937895	-16.937895	-8.847368	-2.11113	3.7039604	8.690641	-70.49929	-2.1111567	1.0	462500	22475.73826599121
185	-16.474737	-16.474737	-9.073685	-2.1134508	3.7017438	9.289121	-66.488144	-2.1135547	1.0	465000	22596.099551439285
186	-16.701052	-16.701052	-9.01579	-2.1133058	3.704422	5.882324	-62.014435	-2.1133533	1.0	467500	22717.085337162018
187	-16.675789	-16.675789	-8.652632	-2.1080117	3.6951911	11.026244	-84.92286	-2.1080778	1.0	470000	22838.089240550995
188	-16.757895	-16.757895	-9.210526	-2.1094937	3.6946814	6.570056	-73.21846	-2.1093943	1.0	472500	22958.68945145607
189	-16.59158	-16.59158	-8.889474	-2.1103323	3.701937	23.191338	-74.45873	-2.1102555	1.0	475000	23079.700832128525
190	-16.574738	-16.574738	-9.105263	-2.1072178	3.6921659	7.5301943	-71.553665	-2.107335	1.0	477500	23199.723980903625
191	-16.494738	-16.494738	-9.310527	-2.1026726	3.6923578	6.7028046	-77.292656	-2.102718	1.0	480000	23321.035786628723
192	-16.721052	-16.721052	-9.136842	-2.099135	3.6858985	7.8778887	-67.0389	-2.0990238	1.0	482500	23441.782010555267
193	-16.566317	-16.566317	-9.489474	-2.1059504	3.6946352	10.4786415	-70.032616	-2.105801	1.0	485000	23563.087493896484
194	-16.42421	-16.42421	-8.978948	-2.1048496	3.692539	5.5683866	-66.49303	-2.1049252	1.0	487500	23684.169982910156
195	-17.189474	-17.189474	-8.873684	-2.0985541	3.688234	7.0227995	-89.21874	-2.0986316	1.0	490000	23805.459508895874
196	-16.298948	-16.298948	-8.873685	-2.0992146	3.687901	13.006535	-76.968094	-2.099061	1.0	492500	23925.433144569397
197	-16.845263	-16.845263	-9.410526	-2.0969865	3.6851535	4.795518	-89.33612	-2.0969505	1.0	495000	24048.050970077515
198	-16.958948	-16.958948	-8.663157	-2.1010668	3.6929402	6.229475	-70.96029	-2.101032	0.99473685	497500	24167.702750205994
199	-17.017895	-17.017895	-9.110527	-2.0992205	3.6866443	6.1098604	-75.19757	-2.099203	1.0	500000	24288.16197705269
200	-17.167368	-17.167368	-9.036842	-2.097876	3.6906457	4.732474	-93.30663	-2.097742	1.0	502500	24409.64133787155
201	-16.826315	-16.826315	-8.236842	-2.096959	3.6894588	6.0513706	-67.54571	-2.096888	1.0	505000	24531.284353733063
202	-17.05579	-17.05579	-8.915789	-2.0927289	3.676947	5.977258	-72.92945	-2.092838	1.0	507500	24652.132314920425
203	-16.744211	-16.744211	-9.368421	-2.0939898	3.687315	4.8907776	-93.84335	-2.093949	1.0	510000	24774.351137399673
204	-16.742105	-16.742105	-8.8052635	-2.0947754	3.693805	4.9059486	-66.44417	-2.094895	1.0	512500	24894.700434446335
205	-16.665262	-16.665262	-8.294736	-2.0893757	3.6829386	8.813956	-84.99662	-2.0894663	1.0	515000	25016.057817459106
206	-16.770527	-16.770527	-9.236842	-2.086116	3.6729293	8.919978	-83.00013	-2.0860517	1.0	517500	25136.630244731903
207	-16.917894	-16.917894	-9.131579	-2.088736	3.6789181	5.8443794	-77.635	-2.0887203	1.0	520000	25256.815757751465
208	-16.993685	-16.993685	-9.078947	-2.0918553	3.6950011	11.434739	-85.65572	-2.0917745	1.0	522500	25379.50403738022
209	-16.61263	-16.61263	-8.7263155	-2.091052	3.6872425	5.3568134	-72.330696	-2.0910563	1.0	525000	25500.035804271698
210	-16.453684	-16.453684	-8.847369	-2.0908515	3.6902266	7.268706	-62.876266	-2.0908284	1.0	527500	25620.242023706436
211	-16.363157	-16.363157	-9.236842	-2.0841534	3.6824434	4.769581	-69.05806	-2.0841541	0.9894737	530000	25740.56361079216
212	-16.73579	-16.73579	-9.547369	-2.089656	3.6854289	4.788372	-70.36351	-2.0895274	1.0	532500	25862.434708356857
213	-16.631578	-16.631578	-8.889473	-2.086447	3.6867726	8.386736	-66.66667	-2.0864356	1.0	535000	25982.571017742157
214	-16.788422	-16.788422	-9.105263	-2.084872	3.6818147	5.1847672	-70.6096	-2.084811	1.0	537500	26103.16362428665
215	-16.889473	-16.889473	-9.236842	-2.0831325	3.6804552	7.1734037	-87.00292	-2.0831072	1.0	540000	26223.07803297043
216	-16.603157	-16.603157	-9.205263	-2.084065	3.6787186	4.8602057	-76.67053	-2.0840442	1.0	542500	26344.126814603806
217	-16.871578	-16.871578	-8.936842	-2.0827668	3.6812701	13.849245	-69.64472	-2.082708	1.0	545000	26464.861251831055
218	-16.693684	-16.693684	-8.768421	-2.0846655	3.6863713	7.112186	-78.83809	-2.0847185	1.0	547500	26584.763055324554
219	-17.165262	-17.165262	-9.2578945	-2.0834022	3.6801546	7.0216455	-76.874	-2.083468	1.0	550000	26706.559691667557
220	-16.813684	-16.813684	-8.636842	-2.0843964	3.686759	4.4193087	-71.94772	-2.0843058	1.0	552500	26826.327414512634
221	-16.656841	-16.656841	-9.078947	-2.0804749	3.6736085	5.852217	-65.986885	-2.0805216	1.0	555000	26946.167118787766
222	-16.84	-16.84	-8.705263	-2.0801399	3.6737266	14.51893	-70.8315	-2.0800228	1.0	557500	27065.87731218338
223	-16.768421	-16.768421	-9.826316	-2.0853026	3.6785464	6.327553	-73.493774	-2.0855098	0.9894737	560000	27186.345078468323
224	-16.413685	-16.413685	-9.21579	-2.0819473	3.6717668	7.5093374	-68.46846	-2.0818493	1.0	562500	27307.15884566307
225	-16.50842	-16.50842	-8.93158	-2.0824502	3.6787248	7.281087	-68.25545	-2.0824306	1.0	565000	27427.47877383232
226	-16.812632	-16.812632	-9.047368	-2.0808113	3.6785088	6.2956357	-72.42115	-2.0807998	1.0	567500	27548.38077545166
227	-16.72842	-16.72842	-9.4	-2.080167	3.6770275	4.5455494	-73.80901	-2.080046	1.0	570000	27669.173023939133
228	-16.505262	-16.505262	-9.8210535	-2.0802774	3.686273	4.7812986	-72.74945	-2.0802834	0.9894737	572500	27789.230263710022
229	-16.401052	-16.401052	-8.7	-2.0811293	3.6788065	8.036463	-95.19539	-2.0810082	1.0	575000	27908.308221578598
230	-16.531578	-16.531578	-8.7	-2.083144	3.6809337	5.89863	-66.261375	-2.0828722	1.0	577500	28028.064583063126
231	-16.46	-16.46	-9.115789	-2.0821137	3.6795363	8.562151	-84.17543	-2.0820732	1.0	580000	28147.556313991547
232	-16.78421	-16.78421	-8.842105	-2.0818667	3.6764297	4.7575917	-69.34803	-2.0818365	1.0	582500	28265.73327112198
233	-16.912632	-16.912632	-8.521053	-2.0783112	3.6668909	6.3730173	-71.60072	-2.0783284	1.0	585000	28384.76254940033
234	-16.752632	-16.752632	-8.547369	-2.0789046	3.6744566	6.4941177	-76.045975	-2.0789545	1.0	587500	28504.031296491623
235	-16.658947	-16.658947	-9.021052	-2.074906	3.6656728	5.8482213	-68.35009	-2.0749302	1.0	590000	28623.812301158905
236	-16.869474	-16.869474	-8.578947	-2.075742	3.658082	5.5313144	-70.25333	-2.0756857	1.0	592500	28742.949505090714
237	-16.933683	-16.933683	-8.7421055	-2.082497	3.6675813	6.60251	-66.62675	-2.0825584	1.0	595000	28861.561396360397
238	-16.209475	-16.209475	-9.052631	-2.07847	3.6643896	14.121207	-75.180466	-2.0786042	1.0	597500	28979.45374894142
239	-16.718946	-16.718946	-9.363157	-2.0776653	3.6604257	4.4839272	-63.159714	-2.0775495	1.0	600000	29098.251361370087
240	-16.595789	-16.595789	-9.273684	-2.0791268	3.6599529	6.810958	-66.39284	-2.0793817	0.99473685	602500	29217.342530965805
241	-16.593685	-16.593685	-8.947369	-2.0808804	3.6595886	4.761331	-74.17021	-2.0808878	1.0	605000	29335.13030409813
242	-16.603157	-16.603157	-8.768421	-2.0753553	3.6548264	7.249728	-63.26671	-2.0754445	1.0	607500	29453.751777410507
243	-17.002106	-17.002106	-9.0	-2.0746474	3.6510935	11.613093	-76.157715	-2.0746014	0.99473685	610000	29573.1477560997
244	-16.565264	-16.565264	-9.21579	-2.07657	3.662268	6.462604	-71.1669	-2.0765662	1.0	612500	29689.505803346634
245	-16.647367	-16.647367	-8.936842	-2.0739062	3.6558764	7.578149	-67.2171	-2.0739396	1.0	615000	29806.05817079544
246	-16.638947	-16.638947	-8.605263	-2.0775626	3.6682453	15.847598	-77.3668	-2.0775244	1.0	617500	29921.685072660446
247	-16.717896	-16.717896	-9.1947365	-2.074659	3.6544545	4.262124	-68.620804	-2.074689	0.99473685	620000	30036.53634095192
248	-16.712631	-16.712631	-8.815789	-2.077552	3.6675787	5.878757	-74.27667	-2.0774605	1.0	622500	30152.146530628204
249	-16.833685	-16.833685	-9.436842	-2.0752473	3.660336	4.9409394	-71.39924	-2.0754502	1.0	625000	30268.47513103485
250	-16.702105	-16.702105	-8.594737	-2.0742278	3.6669352	10.274114	-73.44934	-2.0741413	1.0	627500	30385.462904453278
251	-16.608421	-16.608421	-8.489474	-2.0723605	3.6605194	5.8299475	-71.872986	-2.0723262	1.0	630000	30504.032743692398
252	-16.432632	-16.432632	-9.078947	-2.0693562	3.6596115	12.335272	-98.547386	-2.0691347	1.0	632500	30620.712251663208
253	-16.543158	-16.543158	-8.910526	-2.072686	3.6581304	4.7213564	-80.68681	-2.072617	1.0	635000	30736.145292043686
254	-16.809473	-16.809473	-9.005263	-2.0757895	3.6639636	16.58604	-67.93705	-2.075864	1.0	637500	30851.0881626606
255	-16.843159	-16.843159	-9.021052	-2.073081	3.659473	4.5494843	-72.513855	-2.0729783	1.0	640000	30967.075434207916
256	-16.915789	-16.915789	-8.921053	-2.0761516	3.6760426	5.924218	-78.89898	-2.0762224	1.0	642500	31083.36937713623
257	-16.281054	-16.281054	-8.594736	-2.0758107	3.6653812	15.588209	-75.59299	-2.0757358	1.0	645000	31200.625307559967
258	-16.965263	-16.965263	-8.531578	-2.0790102	3.6687717	6.3492055	-62.952938	-2.0789	1.0	647500	31318.21745491028
259	-16.58	-16.58	-9.110526	-2.0804062	3.673051	8.038943	-85.88263	-2.080203	1.0	650000	31434.181777238846
260	-16.842106	-16.842106	-9.363157	-2.0775099	3.6684878	5.4147806	-79.30538	-2.0773747	1.0	652500	31550.624407052994
261	-17.229473	-17.229473	-8.8	-2.0788183	3.6681747	4.716168	-73.98751	-2.078759	1.0	655000	31666.9723880291
262	-16.862104	-16.862104	-9.063158	-2.0832891	3.668597	17.786041	-82.31914	-2.0831213	1.0	657500	31782.408231258392
263	-17.273684	-17.273684	-9.063158	-2.0880191	3.6769927	12.298506	-72.31089	-2.087899	1.0	660000	31897.4659178257
264	-17.194736	-17.194736	-8.778948	-2.0869823	3.6727257	6.098155	-73.76392	-2.0870821	1.0	662500	32010.001471042633
265	-16.832632	-16.832632	-8.7578945	-2.09045	3.6790924	5.30777	-75.176956	-2.090377	1.0	665000	32121.857313156128
266	-16.33158	-16.33158	-9.363158	-2.091246	3.6785967	43.525616	-74.88082	-2.0912535	1.0	667500	32233.05857181549
267	-16.430527	-16.430527	-8.957894	-2.0898023	3.6823602	8.397329	-88.53659	-2.0897627	1.0	670000	32344.18277335167
268	-16.80842	-16.80842	-9.121053	-2.0913758	3.681415	15.319725	-138.65793	-2.0912442	1.0	672500	32455.90653705597
269	-16.913685	-16.913685	-9.010526	-2.0953407	3.6826317	10.604045	-83.78431	-2.0952783	0.99473685	675000	32566.915699720383
270	-17.18	-17.18	-9.089474	-2.089484	3.6893518	29.130388	-66.94156	-2.0893338	1.0	677500	32677.11116194725
271	-16.711578	-16.711578	-9.221053	-2.092115	3.685913	6.9638805	-67.574745	-2.092166	1.0	680000	32789.29181718826
272	-16.77579	-16.77579	-9.073684	-2.0916142	3.686054	10.405025	-70.18313	-2.091738	1.0	682500	32899.964698553085
273	-16.353683	-16.353683	-9.089474	-2.0908387	3.6880357	8.155747	-75.1125	-2.090875	1.0	685000	33010.70056390762
274	-16.301052	-16.301052	-8.821053	-2.0843978	3.6766596	16.648136	-77.89578	-2.0843186	0.99473685	687500	33122.16745352745
275	-16.862104	-16.862104	-9.168421	-2.0851743	3.6836624	9.716624	-81.288376	-2.085329	1.0	690000	33233.43504571915
276	-17.286316	-17.286316	-8.978948	-2.0879054	3.6914601	9.39373	-85.61361	-2.0879412	1.0	692500	33344.63970708847
277	-16.566317	-16.566317	-8.957894	-2.0873747	3.6919274	5.5488677	-73.17491	-2.087197	1.0	695000	33455.94044327736
278	-17.173685	-17.173685	-9.152632	-2.082831	3.689978	9.71331	-81.24363	-2.082939	1.0	697500	33566.314889431
279	-16.9	-16.9	-8.057896	-2.0850852	3.6869962	5.4851785	-82.81961	-2.0849357	1.0	700000	33676.49735188484
280	-16.642105	-16.642105	-8.9	-2.084022	3.6863427	10.28213	-71.776115	-2.0839047	1.0	702500	33787.27893447876
281	-16.706316	-16.706316	-8.594737	-2.0812254	3.6846046	8.193461	-66.255646	-2.0810387	1.0	705000	33896.82457971573
282	-17.22	-17.22	-9.426315	-2.0754013	3.6808753	10.590319	-71.93421	-2.0755053	1.0	707500	34006.968071460724
283	-17.229473	-17.229473	-9.136842	-2.0752482	3.6815825	11.474525	-75.15366	-2.0750856	1.0	710000	34116.20850419998
284	-16.577894	-16.577894	-9.21579	-2.0788112	3.682641	25.296991	-69.75521	-2.0790606	1.0	712500	34220.75591850281
285	-16.670527	-16.670527	-9.057895	-2.080352	3.686389	6.3653274	-75.37989	-2.0802562	1.0	715000	34325.52262926102
286	-16.788422	-16.788422	-8.163157	-2.079766	3.6853368	16.441936	-73.74695	-2.0794318	1.0	717500	34431.60353422165
287	-16.68	-16.68	-9.01579	-2.0780077	3.6832228	7.4807196	-79.271835	-2.0780377	1.0	720000	34537.69127655029
288	-16.70421	-16.70421	-8.478947	-2.0783458	3.6803095	16.109182	-86.54656	-2.0784624	1.0	722500	34643.24505352974
289	-16.677895	-16.677895	-9.1	-2.077064	3.681264	18.826145	-67.09569	-2.0773218	1.0	725000	34740.20844554901
290	-16.689474	-16.689474	-8.947369	-2.0763166	3.6843746	23.163792	-81.77432	-2.0765765	1.0	727500	34830.06143283844
291	-17.015789	-17.015789	-8.494737	-2.0719416	3.6703076	15.8137245	-95.05498	-2.0718284	1.0	730000	34921.2080476284
292	-16.685263	-16.685263	-9.142105	-2.0711722	3.6780856	10.073509	-67.74996	-2.0712714	1.0	732500	35011.62126302719
293	-16.891579	-16.891579	-8.736842	-2.0675604	3.683473	6.2661204	-94.48563	-2.0673997	1.0	735000	35100.07391881943
294	-16.768421	-16.768421	-8.489474	-2.0681682	3.6761155	13.78987	-69.171585	-2.0682173	1.0	737500	35187.59097647667
295	-16.718946	-16.718946	-8.984211	-2.0689971	3.6854362	27.16873	-75.42745	-2.0688438	1.0	740000	35274.14337158203
296	-16.92421	-16.92421	-8.963158	-2.0653276	3.6832817	5.3902674	-69.08081	-2.0654483	1.0	742500	35358.74909877777
297	-16.730526	-16.730526	-8.78421	-2.0680275	3.6896193	5.729415	-68.68716	-2.0680707	1.0	745000	35439.73022150993
298	-16.553684	-16.553684	-9.226316	-2.0619626	3.6843162	9.975693	-75.03273	-2.0619931	1.0	747500	35521.59832882881
299	-17.048422	-17.048422	-8.763158	-2.064977	3.6832461	10.970082	-89.23872	-2.0650222	1.0	750000	35602.75294661522
300	-16.623158	-16.623158	-8.847368	-2.0666847	3.6854882	5.340918	-67.50119	-2.0668252	1.0	752500	35684.29939746857
301	-17.247368	-17.247368	-8.863157	-2.0610354	3.6784487	17.734896	-69.73196	-2.0611882	1.0	755000	35765.54964876175
302	-17.145264	-17.145264	-9.052631	-2.0633714	3.6853435	12.089114	-72.386826	-2.063101	1.0	757500	35847.575739622116
303	-16.801052	-16.801052	-8.210526	-2.0571692	3.677426	9.554535	-74.753845	-2.0572555	1.0	760000	35928.896002054214
304	-16.846315	-16.846315	-9.105263	-2.0580132	3.6803997	8.458255	-84.91564	-2.0579348	0.99473685	762500	36008.95975732803
305	-17.263159	-17.263159	-9.552631	-2.0582135	3.6846313	21.406258	-101.88588	-2.0581033	0.99473685	765000	36089.774332523346
306	-16.757895	-16.757895	-8.878947	-2.0523465	3.6806736	10.094628	-66.67475	-2.0522907	1.0	767500	36169.96545004845
307	-16.907368	-16.907368	-9.289474	-2.0550637	3.6771746	8.977283	-77.64769	-2.0551786	1.0	770000	36250.559611320496
308	-16.485264	-16.485264	-8.852632	-2.0527368	3.675622	7.391048	-66.4754	-2.0525396	1.0	772500	36331.99937367439
309	-17.034737	-17.034737	-8.936842	-2.060358	3.6850357	10.375137	-80.673965	-2.0604177	1.0	775000	36413.04668521881
310	-16.003159	-16.003159	-8.926316	-2.0575833	3.6803386	7.7769637	-69.79856	-2.0574732	1.0	777500	36494.13306570053
311	-16.950527	-16.950527	-8.91579	-2.0556417	3.6862526	26.135046	-86.45843	-2.0557919	1.0	780000	36575.432717084885
312	-16.442104	-16.442104	-8.931579	-2.0593274	3.67738	26.591738	-63.331112	-2.0592768	0.99473685	782500	36656.95832324028
313	-17.141052	-17.141052	-8.863157	-2.0565445	3.682258	11.111083	-70.631226	-2.0565026	1.0	785000	36738.069289922714
314	-16.61158	-16.61158	-9.094736	-2.0560598	3.6724834	10.0063	-69.99026	-2.0561604	0.99473685	787500	36819.09769010544
315	-16.781054	-16.781054	-9.052631	-2.0575523	3.6723356	13.809099	-80.0636	-2.0575562	1.0	790000	36899.95083165169
316	-17.11263	-17.11263	-9.031579	-2.054635	3.6745703	14.521683	-67.34973	-2.0549169	1.0	792500	36981.617317438126
317	-16.822105	-16.822105	-8.91579	-2.0556355	3.680336	6.412719	-72.48891	-2.0554593	1.0	795000	37063.092581510544
318	-16.696842	-16.696842	-9.6	-2.056488	3.6848962	14.626097	-79.85121	-2.0565379	1.0	797500	37143.755264759064
319	-16.909473	-16.909473	-9.205263	-2.056333	3.68457	11.140745	-75.94516	-2.0563436	1.0	800000	37225.39666247368
320	-17.152632	-17.152632	-8.578947	-2.0576096	3.6787913	14.422367	-79.534294	-2.0576177	1.0	802500	37306.2836959362
321	-16.72842	-16.72842	-9.436842	-2.061783	3.6928992	22.948036	-67.076294	-2.061813	1.0	805000	37386.9625351429
322	-16.52421	-16.52421	-9.168421	-2.054912	3.6887126	11.093926	-68.82754	-2.0548918	1.0	807500	37468.15248584747
323	-15.938948	-15.938948	-9.2421055	-2.0553143	3.682794	10.802231	-72.90101	-2.0553577	0.9894737	810000	37549.336126089096
324	-16.741053	-16.741053	-9.036842	-2.053939	3.6850228	6.3172107	-70.17127	-2.0536842	1.0	812500	37629.62826895714
325	-16.770527	-16.770527	-8.957895	-2.0564802	3.6871686	13.670649	-65.584755	-2.056363	1.0	815000	37710.48490738869
326	-16.731579	-16.731579	-8.647368	-2.0569286	3.6900961	7.489907	-69.94125	-2.0568879	1.0	817500	37791.662690639496
327	-16.894737	-16.894737	-8.652631	-2.0566998	3.6972046	19.224922	-70.576744	-2.0568054	1.0	820000	37872.29228043556
328	-16.332632	-16.332632	-8.978948	-2.0515995	3.6870928	13.494346	-76.977516	-2.0515857	1.0	822500	37953.09709715843
329	-16.543158	-16.543158	-8.921053	-2.0531282	3.6834998	12.071907	-66.746796	-2.0527537	1.0	825000	38034.125917196274
330	-16.928421	-16.928421	-9.473684	-2.0518868	3.677293	10.6965475	-68.75421	-2.0519285	1.0	827500	38115.05795907974
331	-16.490526	-16.490526	-9.063158	-2.0518787	3.6839852	11.574221	-67.14925	-2.052096	1.0	830000	38196.216446876526
332	-17.332632	-17.332632	-9.194737	-2.049838	3.6824675	10.332415	-68.79509	-2.0499918	1.0	832500	38276.84566235542
333	-16.641052	-16.641052	-8.668421	-2.0542462	3.692122	5.2893276	-92.165375	-2.0542655	1.0	835000	38357.540299892426
334	-17.12421	-17.12421	-8.547369	-2.057309	3.687877	9.286632	-84.55447	-2.0572042	1.0	837500	38438.75568366051
335	-17.185263	-17.185263	-8.815789	-2.0582712	3.6870875	10.58831	-69.706345	-2.0582387	1.0	840000	38519.756783008575
336	-16.872631	-16.872631	-9.026316	-2.0569804	3.690317	7.0064697	-78.9597	-2.0569928	1.0	842500	38600.422501564026
337	-17.085262	-17.085262	-8.831579	-2.058764	3.6883585	7.010622	-77.8376	-2.0587723	1.0	845000	38681.47264456749
338	-16.889473	-16.889473	-8.452631	-2.0569973	3.6897805	6.764071	-75.16914	-2.0569942	1.0	847500	38762.23070049286
339	-16.443157	-16.443157	-8.536842	-2.0586941	3.691712	7.3727403	-72.77035	-2.0586352	1.0	850000	38842.30280327797
340	-16.589474	-16.589474	-8.763159	-2.0589647	3.6933649	5.8274326	-74.36347	-2.0589683	0.99473685	852500	38923.417889118195
341	-16.723158	-16.723158	-8.842105	-2.060642	3.702032	10.260178	-66.31063	-2.06057	1.0	855000	39004.92428231239
342	-16.773684	-16.773684	-8.78421	-2.0604527	3.6966748	8.876187	-68.186455	-2.0604954	1.0	857500	39086.305164813995
343	-16.634737	-16.634737	-8.726316	-2.056363	3.6945782	12.065488	-81.95145	-2.0564327	1.0	860000	39166.84302663803
344	-16.592632	-16.592632	-8.400001	-2.059205	3.698142	13.980566	-82.48831	-2.0591633	1.0	862500	39247.44323182106
345	-17.17158	-17.17158	-8.531579	-2.0560358	3.6983845	13.174953	-68.25332	-2.0561397	1.0	865000	39328.777529001236
346	-17.14421	-17.14421	-8.589474	-2.0526736	3.682997	6.232067	-71.21117	-2.0525715	1.0	867500	39409.97350382805
347	-16.752632	-16.752632	-9.315789	-2.053985	3.683109	6.541707	-77.11314	-2.0540416	0.99473685	870000	39490.716975688934
348	-16.984211	-16.984211	-8.48421	-2.0533755	3.6940384	9.052494	-71.521935	-2.0538087	1.0	872500	39571.61940765381
349	-16.797895	-16.797895	-9.105263	-2.0551393	3.6872342	6.4837937	-69.07702	-2.0551753	1.0	875000	39652.55022215843
350	-17.038948	-17.038948	-8.557896	-2.0546732	3.696705	15.913814	-65.60738	-2.05483	1.0	877500	39733.53360247612
351	-16.414738	-16.414738	-8.531579	-2.056367	3.6880863	17.891712	-73.720474	-2.0563846	1.0	880000	39814.47191619873
352	-16.87579	-16.87579	-8.3210535	-2.0520535	3.6914976	12.045425	-73.81679	-2.052142	1.0	882500	39895.68261575699
353	-16.817894	-16.817894	-8.736842	-2.048453	3.674925	6.108713	-68.84136	-2.0487564	1.0	885000	39976.48247432709
354	-16.6	-16.6	-9.184211	-2.0525198	3.688628	8.514101	-72.9596	-2.0524616	1.0	887500	40057.630758047104
355	-16.536842	-16.536842	-8.842105	-2.052366	3.679844	7.591397	-68.54101	-2.052377	1.0	890000	40138.41569232941
356	-16.726316	-16.726316	-8.7421055	-2.0531201	3.682666	13.872314	-89.590034	-2.0531838	1.0	892500	40219.99822115898
357	-16.62421	-16.62421	-8.736842	-2.0543516	3.6795077	5.6190724	-63.780243	-2.0542774	1.0	895000	40301.19490146637
358	-16.085262	-16.085262	-9.189473	-2.0542297	3.6898994	7.7201266	-72.088585	-2.0544052	1.0	897500	40382.34690928459
359	-16.365263	-16.365263	-8.6789465	-2.048466	3.680072	16.724504	-81.768654	-2.0484405	1.0	900000	40463.114896297455
360	-16.87579	-16.87579	-9.152632	-2.049349	3.6826575	12.706013	-74.445206	-2.0491524	1.0	902500	40544.41529417038
361	-16.641052	-16.641052	-8.852632	-2.054177	3.6882799	9.127742	-79.434456	-2.0539498	1.0	905000	40625.440397024155
362	-16.928421	-16.928421	-9.115789	-2.0545807	3.6929812	14.044285	-131.08595	-2.0544167	0.99473685	907500	40706.77025938034
363	-16.343159	-16.343159	-8.98421	-2.0570168	3.695393	12.013698	-70.69494	-2.0569203	1.0	910000	40788.22937464714
364	-16.60421	-16.60421	-8.673684	-2.0545838	3.6932292	8.034956	-84.351875	-2.0545866	1.0	912500	40868.90817070007
365	-16.750526	-16.750526	-8.473684	-2.0475805	3.6836765	16.357376	-65.17183	-2.0477107	1.0	915000	40949.22933077812
366	-16.58	-16.58	-9.2	-2.049792	3.6792111	8.356923	-71.823746	-2.0497324	0.99473685	917500	41030.80018687248
367	-16.841053	-16.841053	-8.6947365	-2.047255	3.6753163	8.4052925	-81.03013	-2.0471222	1.0	920000	41112.128031015396
368	-16.909473	-16.909473	-8.410526	-2.0485246	3.6752446	9.842395	-70.16953	-2.0487125	1.0	922500	41193.58584570885
369	-16.833685	-16.833685	-8.910526	-2.050839	3.6819673	7.9799623	-76.873055	-2.0509217	1.0	925000	41274.089555978775
370	-17.332632	-17.332632	-8.578947	-2.0509343	3.6770487	9.38637	-67.389305	-2.050857	1.0	927500	41354.29803800583
371	-17.189474	-17.189474	-8.505263	-2.048302	3.6764476	14.831443	-85.58517	-2.0484018	1.0	930000	41435.45653414726
372	-16.54421	-16.54421	-9.231579	-2.0518265	3.6882746	11.321699	-70.78399	-2.0514278	1.0	932500	41516.31051945686
373	-16.416842	-16.416842	-9.08421	-2.0460658	3.681079	10.910632	-78.384865	-2.04605	1.0	935000	41597.5101749897
374	-16.657894	-16.657894	-9.221052	-2.0482023	3.6828282	12.579343	-71.73321	-2.048147	1.0	937500	41678.69562482834
375	-16.766315	-16.766315	-9.189473	-2.0495408	3.681379	14.367112	-74.901215	-2.0494533	1.0	940000	41759.1292078495
376	-16.20421	-16.20421	-8.894737	-2.0472214	3.687936	10.141624	-107.00781	-2.0470808	1.0	942500	41840.40930199623
377	-16.669474	-16.669474	-9.005263	-2.049723	3.6835895	9.630687	-97.53107	-2.049694	0.99473685	945000	41920.80504703522
378	-17.329473	-17.329473	-9.084209	-2.0459394	3.6754441	8.078116	-66.60105	-2.0457826	1.0	947500	42001.48897576332
379	-17.461052	-17.461052	-9.442106	-2.0501876	3.679095	7.710741	-81.23123	-2.0503397	1.0	950000	42082.22614598274
380	-17.03579	-17.03579	-8.926316	-2.0502138	3.675092	12.125296	-86.54915	-2.0505223	1.0	952500	42163.25895857811
381	-16.505262	-16.505262	-8.642105	-2.0532377	3.6858885	6.8481812	-75.48217	-2.0535078	1.0	955000	42244.58065748215
382	-16.425262	-16.425262	-8.673684	-2.0510135	3.6826987	10.593618	-61.96558	-2.0507705	1.0	957500	42325.56555438042
383	-16.449474	-16.449474	-8.857895	-2.0442917	3.6718943	7.817501	-68.678154	-2.0442736	1.0	960000	42406.631425857544
384	-16.733685	-16.733685	-8.815789	-2.048182	3.6764004	9.997784	-77.12406	-2.0480254	1.0	962500	42487.72510743141
385	-16.587368	-16.587368	-8.421053	-2.0461416	3.6684072	13.8630295	-71.99482	-2.0461414	1.0	965000	42568.76394414902
386	-16.609474	-16.609474	-9.042106	-2.0484476	3.6762075	6.578229	-64.11041	-2.0485492	0.9894737	967500	42649.93442559242
387	-16.845263	-16.845263	-8.678948	-2.0471008	3.6739457	11.00906	-69.13982	-2.0468922	1.0	970000	42731.588145017624
388	-16.702105	-16.702105	-8.8210535	-2.0428991	3.6696036	21.884241	-67.092964	-2.0427692	1.0	972500	42812.51769113541
389	-16.878948	-16.878948	-8.921053	-2.0418725	3.6690242	9.24062	-61.82012	-2.0417888	1.0	975000	42893.25799560547
390	-17.05579	-17.05579	-9.026315	-2.0424626	3.6633983	8.131491	-77.57242	-2.0423403	1.0	977500	42973.93011188507
391	-16.697895	-16.697895	-9.315789	-2.042955	3.6684213	7.4026423	-74.480995	-2.043035	1.0	980000	43055.15605545044
392	-16.628422	-16.628422	-9.121053	-2.0457573	3.6708412	8.720438	-78.84769	-2.045749	1.0	982500	43136.339284181595
393	-17.18421	-17.18421	-8.510526	-2.0424109	3.670403	7.886405	-87.46492	-2.0425198	1.0	985000	43217.577298402786
394	-16.417894	-16.417894	-9.394737	-2.0444674	3.6716428	12.340649	-74.59688	-2.0443704	1.0	987500	43299.41797423363
395	-16.587368	-16.587368	-9.41579	-2.0462296	3.673776	8.230785	-63.58024	-2.0464427	1.0	990000	43379.78378486633
396	-16.652632	-16.652632	-9.563158	-2.0445645	3.6747837	6.5998626	-76.803795	-2.0444984	0.99473685	992500	43461.34845280647
397	-16.690527	-16.690527	-8.736842	-2.0466018	3.679922	6.391953	-73.91382	-2.0464802	1.0	995000	43542.23754763603
398	-16.813684	-16.813684	-8.963158	-2.0478652	3.6823506	8.746256	-73.82823	-2.0477965	1.0	997500	43623.3246409893
399	-16.69263	-16.69263	-8.636842	-2.042072	3.6729069	5.090089	-76.391495	-2.0418506	1.0	1000000	43704.44735765457
400	-16.774736	-16.774736	-8.657895	-2.0457685	3.6832013	8.320621	-71.80952	-2.0457938	1.0	1002500	43785.62651181221
401	-16.707369	-16.707369	-9.036842	-2.0429277	3.6709023	5.287364	-64.801155	-2.0428114	1.0	1005000	43866.32020139694
402	-16.43579	-16.43579	-8.710526	-2.0436537	3.671177	9.739627	-67.062805	-2.0436323	1.0	1007500	43946.86629319191
403	-16.710526	-16.710526	-8.6	-2.041305	3.6710033	9.83181	-62.912464	-2.0411346	1.0	1010000	44027.45027279854
404	-16.754736	-16.754736	-9.2894745	-2.0425415	3.67256	8.794233	-68.40336	-2.0427825	0.99473685	1012500	44108.24877357483
405	-16.934736	-16.934736	-9.052631	-2.0426126	3.6753082	14.607027	-83.23398	-2.042743	1.0	1015000	44189.30315709114
406	-16.493685	-16.493685	-8.594736	-2.0412254	3.674413	8.416783	-98.564186	-2.0409503	1.0	1017500	44270.06460952759
407	-16.297895	-16.297895	-8.563158	-2.0395515	3.6735249	5.8965735	-70.39415	-2.0394878	1.0	1020000	44350.86240148544
408	-16.791578	-16.791578	-8.557895	-2.0413158	3.673171	8.328126	-65.42348	-2.041188	1.0	1022500	44432.10524511337
409	-16.62	-16.62	-9.08421	-2.03795	3.6723676	8.27276	-67.56307	-2.0379138	1.0	1025000	44513.51678609848
410	-16.82	-16.82	-9.2578945	-2.0407782	3.677419	9.698228	-75.92097	-2.0405667	0.99473685	1027500	44595.18676733971
411	-16.915789	-16.915789	-8.884211	-2.0386086	3.6714191	8.13121	-69.80982	-2.0386033	1.0	1030000	44676.83316755295
412	-16.709475	-16.709475	-9.047368	-2.0361595	3.6654458	8.5703125	-72.64652	-2.0359848	0.98421055	1032500	44758.25013232231
413	-16.731579	-16.731579	-9.26842	-2.0425947	3.68277	13.028153	-66.48052	-2.0425484	1.0	1035000	44839.33868646622
414	-17.218946	-17.218946	-8.410526	-2.0384452	3.6701837	7.3931756	-62.729534	-2.0385184	1.0	1037500	44920.84030199051
415	-16.796843	-16.796843	-8.705263	-2.042153	3.6762114	6.8038063	-77.280365	-2.0421748	1.0	1040000	45001.985500097275
416	-16.434736	-16.434736	-9.384211	-2.0419805	3.679708	9.451898	-66.7234	-2.041866	1.0	1042500	45083.22058272362
417	-16.842106	-16.842106	-9.089474	-2.0393572	3.672917	5.982013	-112.726364	-2.039249	0.99473685	1045000	45164.29467344284
418	-16.527369	-16.527369	-9.189474	-2.044271	3.6785731	13.479847	-78.935745	-2.0444076	1.0	1047500	45245.63758158684
419	-16.587368	-16.587368	-9.457894	-2.0395634	3.6763291	9.819625	-69.62036	-2.0396502	0.9894737	1050000	45327.24904465675
420	-17.283157	-17.283157	-9.042106	-2.036347	3.669452	17.27239	-86.65068	-2.036374	1.0	1052500	45407.76604509354
421	-16.832632	-16.832632	-9.005263	-2.03746	3.6620746	7.14299	-73.01314	-2.0375535	1.0	1055000	45488.62235498428
422	-16.701052	-16.701052	-9.389474	-2.0421994	3.678846	7.1838193	-87.40566	-2.0422225	0.9894737	1057500	45569.617488861084
423	-15.984211	-15.984211	-9.078947	-2.0422413	3.675553	8.254888	-68.71444	-2.0422542	1.0	1060000	45651.3159570694
424	-16.730526	-16.730526	-8.778947	-2.0433154	3.6782618	11.263475	-78.06338	-2.0432487	1.0	1062500	45732.837981939316
425	-16.498947	-16.498947	-8.847369	-2.0393085	3.6641402	8.499582	-80.071976	-2.039175	1.0	1065000	45814.12820529938
426	-17.322105	-17.322105	-8.857895	-2.0431752	3.6778758	15.564626	-77.2538	-2.043167	1.0	1067500	45894.83531975746
427	-16.843159	-16.843159	-8.831579	-2.0364463	3.6614075	6.4995966	-66.773254	-2.0364516	1.0	1070000	45976.23908138275
428	-16.236841	-16.236841	-8.657895	-2.035999	3.6650507	13.51865	-76.347336	-2.0361407	1.0	1072500	46057.628116607666
429	-16.607368	-16.607368	-9.168421	-2.0392148	3.6713371	46.153206	-72.07193	-2.0393808	1.0	1075000	46138.65784621239
430	-16.836842	-16.836842	-8.921053	-2.0391932	3.6685	11.848957	-94.428024	-2.0393534	1.0	1077500	46219.403655052185
431	-16.834738	-16.834738	-9.2578945	-2.0434828	3.6721952	15.368765	-62.626083	-2.0434704	1.0	1080000	46300.98178577423
432	-16.542105	-16.542105	-8.900001	-2.0426857	3.6634552	7.597088	-91.38211	-2.0428746	1.0	1082500	46381.64781284332
433	-16.42421	-16.42421	-8.752632	-2.0391967	3.6607454	9.598059	-64.99515	-2.0390565	1.0	1085000	46462.760021686554
434	-16.92421	-16.92421	-8.847368	-2.040633	3.6643553	26.751888	-91.63577	-2.0409484	0.99473685	1087500	46543.87758684158
435	-16.417894	-16.417894	-8.552631	-2.0394356	3.664543	9.364122	-77.86628	-2.0394578	1.0	1090000	46624.62312722206
436	-16.4	-16.4	-8.868421	-2.0419014	3.672326	11.0888405	-64.01492	-2.0419028	1.0	1092500	46705.1917784214
437	-17.178947	-17.178947	-9.047369	-2.0393155	3.6706462	11.553549	-74.20958	-2.0392895	1.0	1095000	46785.80770158768
438	-16.721052	-16.721052	-9.063158	-2.0399783	3.676566	8.31654	-70.19412	-2.0400798	1.0	1097500	46867.124374866486
439	-16.556843	-16.556843	-8.921053	-2.0470412	3.6838999	10.678495	-69.248436	-2.0470662	1.0	1100000	46948.40433263779
440	-17.150526	-17.150526	-9.552631	-2.0465827	3.6789498	10.899333	-78.003624	-2.0464215	0.9894737	1102500	47028.63113999367
441	-16.474737	-16.474737	-8.952632	-2.0428655	3.6721156	13.216775	-86.40922	-2.0427508	1.0	1105000	47109.65989398956
442	-16.974737	-16.974737	-8.910526	-2.0456011	3.6847334	5.7524076	-85.77134	-2.045587	1.0	1107500	47191.16551184654
443	-16.729473	-16.729473	-9.210526	-2.043782	3.675789	13.845787	-70.97714	-2.0436068	0.99473685	1110000	47272.70911502838
444	-16.777895	-16.777895	-9.521053	-2.048203	3.6910849	14.982439	-73.49615	-2.0482905	1.0	1112500	47354.14158773422
445	-16.36	-16.36	-8.989474	-2.0455534	3.6834185	5.945179	-82.297844	-2.0453897	1.0	1115000	47435.92333674431
446	-17.311579	-17.311579	-9.042106	-2.0485685	3.6898358	7.7770886	-65.938156	-2.0487304	1.0	1117500	47517.626943826675
447	-16.736841	-16.736841	-8.521052	-2.0482285	3.6974905	8.220091	-67.4665	-2.0483913	1.0	1120000	47598.81629252434
448	-16.312632	-16.312632	-9.042106	-2.0473342	3.6879184	7.3979793	-74.41175	-2.0471265	1.0	1122500	47680.02060961723
449	-16.490526	-16.490526	-8.573685	-2.051133	3.694677	7.798268	-78.79882	-2.051101	1.0	1125000	47761.600281238556
450	-16.714737	-16.714737	-8.689473	-2.0472596	3.6878994	15.46901	-83.44614	-2.0470817	1.0	1127500	47842.280792713165
451	-16.754736	-16.754736	-8.78421	-2.0437522	3.6780992	6.2215605	-71.978355	-2.0436718	1.0	1130000	47922.95021247864
452	-16.76421	-16.76421	-8.7421055	-2.0402985	3.6763442	8.864594	-79.71933	-2.0402954	1.0	1132500	48004.643349170685
453	-16.86421	-16.86421	-8.657895	-2.0422862	3.674213	7.2403235	-65.84161	-2.0424883	1.0	1135000	48085.99883246422
454	-17.046316	-17.046316	-9.031578	-2.0457695	3.67489	9.387827	-72.75557	-2.0457807	1.0	1137500	48166.561842918396
455	-16.702105	-16.702105	-8.794737	-2.039916	3.6779273	12.251635	-68.30901	-2.0401747	1.0	1140000	48247.29294300079
456	-16.993685	-16.993685	-8.694737	-2.0414405	3.6739843	8.631551	-77.24194	-2.0417163	0.99473685	1142500	48328.36047101021
457	-16.818947	-16.818947	-9.078947	-2.042994	3.6737578	7.770757	-67.82836	-2.0430698	1.0	1145000	48409.06301474571
458	-16.58842	-16.58842	-8.968422	-2.0424252	3.6740434	13.130287	-68.08812	-2.0425699	1.0	1147500	48489.063626527786
459	-16.730526	-16.730526	-8.947369	-2.0439706	3.6844954	6.2747197	-71.99263	-2.0439029	0.99473685	1150000	48569.665145635605
460	-16.38737	-16.38737	-8.626316	-2.043926	3.676942	6.318992	-81.05659	-2.0437787	1.0	1152500	48650.41599345207
461	-17.211578	-17.211578	-8.589474	-2.0434585	3.6854498	10.017538	-69.07858	-2.0433855	1.0	1155000	48731.683295726776
462	-16.854736	-16.854736	-8.7421055	-2.0446682	3.6841276	5.906487	-68.53352	-2.0445702	1.0	1157500	48812.864297151566
463	-16.756842	-16.756842	-8.947369	-2.0452058	3.686413	9.345351	-75.69636	-2.0451343	1.0	1160000	48894.632774591446
464	-16.882105	-16.882105	-8.578947	-2.0422492	3.6781077	8.124094	-75.89387	-2.042187	1.0	1162500	48975.54481577873
465	-16.80421	-16.80421	-8.815789	-2.0415604	3.682215	6.494728	-70.19089	-2.041394	1.0	1165000	49056.721935749054
466	-17.237894	-17.237894	-8.136843	-2.0457304	3.6974201	9.0658	-63.007587	-2.0456605	1.0	1167500	49138.05790233612
467	-17.209475	-17.209475	-8.642105	-2.048244	3.6922383	9.820159	-86.30616	-2.0482895	1.0	1170000	49219.578969955444
468	-16.817894	-16.817894	-9.2736845	-2.0458224	3.692091	12.350209	-102.64809	-2.0460186	1.0	1172500	49300.84491086006
469	-16.72737	-16.72737	-9.063158	-2.0467906	3.6901886	17.39141	-66.38168	-2.04665	0.99473685	1175000	49381.96667766571
470	-17.029474	-17.029474	-8.884211	-2.0471563	3.6936405	8.240138	-78.77464	-2.0471134	0.99473685	1177500	49462.42349362373
471	-17.072632	-17.072632	-8.673684	-2.0475416	3.7011278	15.112495	-67.94188	-2.0473828	1.0	1180000	49543.595583200455
472	-16.782104	-16.782104	-8.884211	-2.0489335	3.6975443	10.750419	-74.51821	-2.0490613	1.0	1182500	49623.50488138199
473	-16.501053	-16.501053	-8.936842	-2.049674	3.7023478	7.465904	-72.04405	-2.0497303	0.99473685	1185000	49704.20276641846
474	-16.496841	-16.496841	-9.152632	-2.049653	3.7011132	6.29519	-72.61921	-2.0495682	1.0	1187500	49784.774408340454
475	-16.66	-16.66	-8.836843	-2.05124	3.6989794	10.291582	-67.46195	-2.0512075	1.0	1190000	49865.39765906334
476	-17.188421	-17.188421	-8.926315	-2.0497918	3.6969824	4.859051	-71.241875	-2.049615	1.0	1192500	49946.00701904297
477	-16.574738	-16.574738	-8.868421	-2.051215	3.7043471	28.35319	-78.10072	-2.0512526	1.0	1195000	50027.244183540344
478	-16.973684	-16.973684	-9.2578945	-2.047615	3.6887581	13.623025	-76.95749	-2.0475218	1.0	1197500	50108.3860039711
479	-16.68	-16.68	-9.184211	-2.050846	3.6896763	6.7244754	-85.348564	-2.0506163	0.99473685	1200000	50189.122631073
480	-16.558947	-16.558947	-9.478948	-2.0507998	3.6939623	10.636375	-105.18863	-2.0508642	1.0	1202500	50269.57568383217
481	-16.67158	-16.67158	-8.815789	-2.050072	3.6954505	14.856191	-64.63139	-2.049927	1.0	1205000	50350.869072675705
482	-16.89579	-16.89579	-8.900001	-2.0473583	3.6847308	23.220333	-68.96951	-2.047367	1.0	1207500	50431.95330953598
483	-17.117895	-17.117895	-8.810526	-2.0502996	3.6903877	9.596136	-67.651184	-2.0502212	1.0	1210000	50513.76829838753
484	-16.987368	-16.987368	-8.963158	-2.0480986	3.6851346	9.207941	-88.04773	-2.0481236	0.99473685	1212500	50594.67965388298
485	-16.521053	-16.521053	-9.452631	-2.0492623	3.6892178	14.944169	-73.858475	-2.0493078	0.99473685	1215000	50676.379657030106
486	-17.074738	-17.074738	-8.715789	-2.0428162	3.6716998	9.110532	-74.3858	-2.0429351	1.0	1217500	50758.433965206146
487	-16.590527	-16.590527	-8.657895	-2.0498092	3.687878	8.615167	-64.40001	-2.049737	1.0	1220000	50839.913541555405
488	-17.010527	-17.010527	-8.826316	-2.0492566	3.6831133	8.850529	-73.48681	-2.049023	1.0	1222500	50920.98843359947
489	-17.12	-17.12	-8.842106	-2.0544703	3.6963098	12.729374	-62.1648	-2.0544424	0.99473685	1225000	51001.68148589134
490	-16.586315	-16.586315	-10.226316	-2.0518222	3.6933317	14.72165	-86.90158	-2.0517354	0.9894737	1227500	51082.238644599915
491	-16.891579	-16.891579	-9.08421	-2.0500417	3.6828282	6.622783	-74.47718	-2.0500295	1.0	1230000	51163.52570939064
492	-16.765263	-16.765263	-8.668421	-2.0528777	3.6857543	21.178654	-68.94648	-2.0528986	1.0	1232500	51244.78714609146
493	-16.878948	-16.878948	-8.684211	-2.0545495	3.6924996	14.609904	-68.787415	-2.0547695	1.0	1235000	51326.04629945755
494	-16.781054	-16.781054	-8.889473	-2.0567946	3.6977913	11.113754	-74.56664	-2.056776	1.0	1237500	51407.034774541855
495	-16.537895	-16.537895	-9.031579	-2.0501006	3.687408	10.365485	-80.245155	-2.0500534	1.0	1240000	51488.019802093506
496	-16.506315	-16.506315	-8.852632	-2.0488443	3.6803126	5.606765	-72.869705	-2.0489528	1.0	1242500	51569.18919801712
497	-17.229473	-17.229473	-9.221052	-2.0518932	3.6877139	11.547022	-74.78544	-2.0517144	1.0	1245000	51650.681998729706
498	-17.018948	-17.018948	-8.710526	-2.0544333	3.6923401	12.453857	-72.6627	-2.0543675	1.0	1247500	51731.97304344177
499	-17.098948	-17.098948	-9.073685	-2.0542915	3.69086	8.315225	-78.92474	-2.0541604	1.0	1250000	51813.36465501785
