Epoch	EpRet	EpRealRet	TestEpRet	AverageQ1	StdQ1	MaxQ1	MinQ1	Q2	TestSuccess	TotalEnvInteracts	TotalTime
0	-50.0	-50.0	-50.0	4.4688077	13.503549	563.8629	0.35814318	4.487134	0.0	2500	90.67988777160645
1	-47.0	-47.0	-40.0	8.855107	1.942229	15.971993	3.9627388	8.78586	0.2	5000	173.73110461235046
2	-47.0	-47.0	-45.0	8.128917	1.8543503	15.307566	3.2641883	8.091354	0.1	7500	256.6142797470093
3	-46.0	-46.0	-45.0	5.483832	1.3735931	13.002827	2.292532	5.478898	0.1	10000	336.69718742370605
4	-48.58	-48.58	-50.0	3.5599532	0.9808114	8.794031	1.4517581	3.5600069	0.0	12500	418.46493434906006
5	-46.0	-46.0	-45.0	2.4156866	0.8034718	7.9620233	0.9665433	2.4159853	0.1	15000	499.8799786567688
6	-45.0	-45.0	-45.0	1.6392888	0.7389451	9.257966	0.65250915	1.640953	0.1	17500	579.6020872592926
7	-47.0	-47.0	-45.0	1.1272836	0.6884738	11.227897	0.43674672	1.1227199	0.1	20000	660.5968062877655
8	-47.7	-47.7	-40.0	0.7209666	0.343726	3.392945	0.26959398	0.71380204	0.2	22500	741.6713316440582
9	-49.0	-49.0	-50.0	0.48470685	0.18751153	2.0434945	0.20403805	0.4759583	0.0	25000	825.8363628387451
10	-47.0	-47.0	-45.0	0.35158387	0.12179482	1.3875065	0.14201994	0.3528726	0.1	27500	905.0893368721008
11	-47.16	-47.16	-45.0	0.30012643	0.12074173	1.2865586	0.13063958	0.29758567	0.1	30000	981.4639897346497
12	-49.0	-49.0	-45.0	0.25452608	0.12003653	1.9154924	0.11276739	0.24675688	0.1	32500	1057.9860405921936
13	-46.62	-46.62	-50.0	0.24360003	0.1715143	1.9708817	0.084366515	0.24011096	0.0	35000	1132.7295520305634
14	-46.7	-46.7	-45.0	0.25169063	0.26918286	4.5283885	0.06625739	0.24433975	0.1	37500	1211.048276424408
15	-46.0	-46.0	-50.0	0.29190943	0.42007622	5.042318	0.056009926	0.28356922	0.0	40000	1288.6645834445953
16	-48.0	-48.0	-47.5	0.28673798	0.45303595	9.414959	0.065688804	0.2847846	0.0	42500	1365.1909184455872
17	-44.6	-44.6	-50.0	0.3794389	0.7089797	10.9012785	0.06848019	0.3665205	0.0	45000	1443.2546541690826
18	-48.0	-48.0	-45.0	0.76173824	1.6140968	33.578266	0.07052179	0.7480116	0.1	47500	1521.269480228424
19	-48.0	-48.0	-50.0	1.4837351	4.2952175	75.308395	0.1396392	1.4568295	0.0	50000	1599.9410135746002
20	-47.9	-47.9	-45.0	3.1958814	7.8539324	108.580154	0.19804733	3.125095	0.1	52500	1678.0691883563995
21	-50.0	-50.0	-50.0	7.960423	16.622433	327.2915	0.59763867	7.7115145	0.0	55000	1753.6699526309967
22	-48.98	-48.98	-50.0	15.477767	40.372513	666.86914	0.79474235	15.283598	0.0	57500	1829.539808511734
23	-47.54	-47.54	-47.0	39.13703	119.7481	2086.3235	1.1871111	38.52369	0.1	60000	1907.691477060318
24	-47.0	-47.0	-45.0	115.15046	335.0812	5369.8203	2.8863106	115.58224	0.1	62500	1984.0659182071686
25	-48.0	-48.0	-48.7	286.81955	682.9469	9004.084	9.597643	281.6408	0.0	65000	2060.1015391349792
26	-43.06	-43.06	-50.0	551.69855	1262.2836	15747.376	23.696728	552.6884	0.0	67500	2136.211622953415
27	-46.74	-46.74	-48.1	1056.7903	2280.1072	34887.71	48.03934	1055.4924	0.0	70000	2211.670416355133
28	-47.7	-47.7	-45.0	1803.1033	4650.895	60126.035	66.701004	1815.8625	0.1	72500	2286.781965970993
29	-49.34	-49.34	-45.0	2607.7156	7949.407	108830.63	79.23584	2610.5295	0.1	75000	2363.184052467346
30	-48.96	-48.96	-47.0	6911.7236	30360.324	666492.6	174.83945	6917.865	0.0	77500	2438.826613664627
31	-46.34	-46.34	-45.0	8023.6685	25098.05	337667.44	294.0481	7955.853	0.1	80000	2513.4029903411865
32	-43.52	-43.52	-50.0	6163.703	12050.972	207772.52	297.8158	6113.041	0.0	82500	2587.549772977829
33	-44.58	-44.58	-50.0	4577.8706	6661.8887	100064.77	363.69354	4551.884	0.0	85000	2663.8623378276825
34	-48.54	-48.54	-45.0	3797.6826	5388.0386	86771.66	281.6021	3868.324	0.1	87500	2738.382468700409
35	-46.38	-46.38	-43.0	2793.6028	3457.3762	44665.43	296.77576	2885.9485	0.1	90000	2813.977761745453
36	-48.0	-48.0	-45.0	2860.8665	5508.8325	109770.95	310.83688	3032.596	0.1	92500	2887.789428472519
37	-48.62	-48.62	-44.3	3429.9622	7400.7676	166401.72	258.2291	3611.9092	0.1	95000	2961.588660478592
38	-46.0	-46.0	-49.4	4812.1606	9994.422	122339.59	308.42834	4979.697	0.0	97500	3034.813108921051
39	-47.54	-47.54	-45.0	6158.353	13694.671	191927.75	258.46323	6501.5737	0.1	100000	3108.394526720047
40	-47.0	-47.0	-44.5	9424.422	19584.834	267180.7	490.34677	9785.149	0.1	102500	3180.961077451706
41	-48.76	-48.76	-40.0	10101.639	19781.635	248067.98	580.75684	10580.91	0.2	105000	3255.0566353797913
42	-47.0	-47.0	-35.0	13770.953	25318.041	298625.75	778.09174	14278.842	0.3	107500	3329.0623083114624
43	-46.0	-46.0	-43.2	16866.908	33058.258	560444.44	896.6583	17146.404	0.1	110000	3404.5966277122498
44	-47.92	-47.92	-50.0	18146.725	37704.824	535556.44	988.23157	19199.18	0.0	112500	3478.264960050583
45	-49.44	-49.44	-49.6	20055.072	38356.05	628793.44	1168.896	20810.748	0.0	115000	3553.1141271591187
46	-47.0	-47.0	-50.0	28834.688	48957.215	728709.25	1170.112	30130.297	0.0	117500	3626.3635120391846
47	-47.0	-47.0	-45.0	45896.95	81340.22	1166917.4	2022.2203	46712.164	0.1	120000	3699.5891032218933
48	-48.0	-48.0	-50.0	52375.2	97746.65	1418309.4	3510.3884	53337.72	0.0	122500	3772.2299206256866
49	-44.0	-44.0	-40.0	66832.016	117535.266	1930531.4	4188.2803	68018.18	0.2	125000	3846.956733226776
50	-49.0	-49.0	-45.0	70924.77	138151.62	1872691.8	3113.3955	72403.95	0.1	127500	3920.0196475982666
51	-44.56	-44.56	-45.0	99471.695	181846.66	2449392.8	4770.28	100036.26	0.1	130000	3992.784555196762
52	-47.0	-47.0	-45.0	113855.95	203743.7	3617304.5	4912.3604	113836.516	0.1	132500	4066.271674156189
53	-43.0	-43.0	-45.0	131330.38	264681.22	4665749.5	5586.672	132600.11	0.1	135000	4139.512793540955
54	-46.0	-46.0	-50.0	138760.55	286205.97	4694888.0	6120.3066	139454.78	0.0	137500	4213.678530931473
55	-47.0	-47.0	-45.0	139909.17	271155.7	5234385.0	4418.884	140301.3	0.1	140000	4288.4116723537445
56	-47.94	-47.94	-50.0	142362.56	303869.8	4613601.5	7349.846	143555.36	0.0	142500	4361.812897443771
57	-46.78	-46.78	-50.0	143809.92	318208.0	5687211.5	8578.152	145772.36	0.0	145000	4434.732805967331
58	-48.0	-48.0	-45.0	143168.03	312210.7	4664184.5	6801.331	144479.39	0.1	147500	4507.846897602081
59	-48.78	-48.78	-50.0	133323.6	281930.16	4079080.2	5999.225	134489.34	0.0	150000	4579.613794088364
60	-48.0	-48.0	-50.0	140221.89	288304.44	4525171.0	4926.2856	141516.92	0.0	152500	4651.743697404861
61	-48.0	-48.0	-35.0	148010.2	304887.94	4549755.0	5065.9395	147707.77	0.3	155000	4724.527141094208
62	-46.0	-46.0	-50.0	168669.19	380569.62	6081675.0	7290.244	170111.4	0.0	157500	4797.282914400101
63	-47.0	-47.0	-40.0	194970.6	413710.72	6261265.5	5553.439	195042.53	0.2	160000	4869.8390855789185
64	-48.0	-48.0	-45.2	172997.84	402953.03	8724055.0	7128.5405	173811.69	0.1	162500	4943.22576713562
65	-47.0	-47.0	-50.0	185900.95	449401.5	7231880.5	9814.359	188486.81	0.0	165000	5016.492336034775
66	-45.0	-45.0	-50.0	171955.39	364526.66	6035353.0	6922.33	173247.1	0.0	167500	5089.633404493332
67	-48.0	-48.0	-50.0	206917.6	483385.06	8109357.0	6457.2935	205957.45	0.0	170000	5160.85896396637
68	-48.0	-48.0	-40.0	239310.38	619359.56	10630691.0	7069.9663	240851.8	0.2	172500	5233.079086303711
69	-46.74	-46.74	-50.0	238568.39	551877.6	10392895.0	7082.8584	238544.12	0.0	175000	5305.341995716095
70	-48.0	-48.0	-43.7	316297.34	745155.4	13281298.0	9861.024	321882.47	0.1	177500	5378.27353811264
71	-44.68	-44.68	-43.600002	346058.4	875721.3	15628317.0	11700.844	345035.22	0.1	180000	5451.243494510651
72	-46.0	-46.0	-45.0	390527.22	986558.8	16151070.0	14303.436	393840.9	0.1	182500	5526.598802804947
73	-48.0	-48.0	-50.0	380554.9	951746.0	15426388.0	6747.596	378179.12	0.0	185000	5599.158045530319
74	-45.26	-45.26	-50.0	451079.9	1025989.1	15550680.0	17677.453	453228.97	0.0	187500	5671.189467668533
75	-50.0	-50.0	-50.0	392574.03	795177.7	13013705.0	17319.41	392127.44	0.0	190000	5744.381732463837
76	-46.52	-46.52	-50.0	399159.6	872610.94	16339142.0	10773.379	397885.66	0.0	192500	5817.265920162201
77	-49.0	-49.0	-50.0	495218.56	1287055.2	23327432.0	9356.537	492123.3	0.0	195000	5890.488897562027
78	-50.0	-50.0	-45.0	419789.56	951607.6	15722030.0	10123.105	417393.1	0.1	197500	5963.249084949493
79	-45.0	-45.0	-50.0	529346.9	1184142.2	16668742.0	17360.398	533312.8	0.0	200000	6035.482580423355
80	-46.98	-46.98	-40.0	495130.5	1027277.0	16268720.0	11963.796	495242.8	0.2	202500	6108.606060504913
81	-45.0	-45.0	-45.0	528750.0	1098871.1	20562292.0	10267.99	529620.56	0.1	205000	6182.165090560913
82	-48.0	-48.0	-45.0	405855.9	786192.0	9385611.0	7371.5405	406763.38	0.1	207500	6256.158791780472
83	-49.0	-49.0	-45.0	335359.25	592222.7	8778637.0	13114.922	338216.25	0.1	210000	6328.378315925598
84	-48.0	-48.0	-50.0	276446.66	605423.0	10209849.0	8256.838	276730.8	0.0	212500	6400.372681617737
85	-47.0	-47.0	-40.0	331704.8	844959.3	11983949.0	7735.5405	332399.97	0.2	215000	6471.998386621475
86	-44.0	-44.0	-45.0	262509.25	634323.7	9661962.0	6608.9556	261329.34	0.1	217500	6543.83819270134
87	-48.58	-48.58	-50.0	284463.22	826274.4	13963689.0	5798.7197	293038.78	0.0	220000	6616.101183891296
88	-43.76	-43.76	-50.0	187838.89	482068.9	9582446.0	4186.5723	192515.81	0.0	222500	6688.183466434479
89	-47.0	-47.0	-50.0	205648.42	511351.56	9600029.0	3695.4546	207010.72	0.0	225000	6761.718369483948
90	-48.0	-48.0	-40.0	277385.88	746421.1	8720583.0	1862.7012	276764.38	0.2	227500	6834.850042819977
91	-48.0	-48.0	-50.0	224551.8	680063.8	18897300.0	3673.9937	233546.9	0.0	230000	6907.185243606567
92	-48.86	-48.86	-50.0	148873.39	363879.3	8522567.0	2954.13	153933.8	0.0	232500	6980.578637599945
93	-47.0	-47.0	-50.0	133109.86	304993.28	4947200.5	1730.2603	136387.97	0.0	235000	7051.708828210831
94	-48.94	-48.94	-45.0	137101.12	405700.47	8033628.5	1815.3179	137228.36	0.1	237500	7126.091009616852
95	-47.72	-47.72	-45.0	121569.94	276430.9	5109418.0	1260.16	123861.72	0.1	240000	7200.91637468338
96	-49.14	-49.14	-50.0	157648.6	297871.12	3466841.2	2478.9932	166474.11	0.0	242500	7273.03694152832
97	-42.0	-42.0	-50.0	179140.45	334488.8	5114006.5	2853.7393	192745.98	0.0	245000	7345.05183339119
98	-46.04	-46.04	-45.0	234940.05	371119.88	6720639.5	7543.392	240218.84	0.1	247500	7418.788257598877
99	-46.86	-46.86	-45.0	238212.55	436756.53	5805853.0	6090.211	241268.73	0.1	250000	7492.894683122635
100	-47.94	-47.94	-49.3	223650.69	365930.97	5592463.0	6656.4873	233298.47	0.0	252500	7566.930921554565
101	-46.7	-46.7	-50.0	209477.86	708043.4	27697534.0	3666.6287	208232.67	0.0	255000	7641.346161603928
102	-47.0	-47.0	-50.0	181817.6	374307.9	9149076.0	4207.25	184027.52	0.0	257500	7714.968722581863
103	-47.84	-47.84	-48.6	167097.4	391038.12	12849751.0	3662.6504	162878.2	0.0	260000	7788.0135180950165
104	-47.88	-47.88	-40.0	182234.31	399337.47	6237606.5	3169.503	182357.28	0.2	262500	7861.006974697113
105	-47.22	-47.22	-49.4	207888.1	410116.1	6107024.5	3468.2551	218773.4	0.0	265000	7932.581685304642
106	-45.78	-45.78	-45.0	214306.81	396704.53	6217488.5	4476.293	211196.17	0.1	267500	8004.7321190834045
107	-47.0	-47.0	-50.0	250852.06	536974.1	8417157.0	3371.3525	255595.05	0.0	270000	8076.909354925156
108	-44.02	-44.02	-45.0	253674.73	486800.47	8930692.0	6783.4624	272387.25	0.1	272500	8149.356203317642
109	-46.0	-46.0	-50.0	260784.16	467155.94	6462637.0	8835.589	261773.16	0.0	275000	8221.986459970474
110	-45.58	-45.58	-45.0	225816.38	441140.03	10169625.0	4728.411	227575.73	0.1	277500	8296.18406367302
111	-46.84	-46.84	-45.0	211569.1	396580.28	5825764.5	7176.1777	220349.4	0.1	280000	8367.902359247208
112	-47.5	-47.5	-50.0	182834.47	417305.75	12878413.0	5343.998	188989.28	0.0	282500	8439.981568574905
113	-47.0	-47.0	-45.0	165123.05	329492.03	6841718.0	3546.5815	163812.23	0.1	285000	8512.62486577034
114	-45.46	-45.46	-45.0	175449.77	474705.62	10791365.0	3048.0298	171501.44	0.1	287500	8585.366483926773
115	-45.0	-45.0	-50.0	149443.23	431880.8	13027264.0	2234.582	146810.23	0.0	290000	8657.068399429321
116	-45.52	-45.52	-49.9	186617.86	1086559.0	39809296.0	3289.941	169558.97	0.0	292500	8728.77824831009
117	-47.0	-47.0	-48.6	133702.5	269221.94	3749532.0	1290.0038	143364.0	0.0	295000	8801.550337076187
118	-49.58	-49.58	-45.0	153460.16	393030.78	7747357.5	2119.2703	153832.12	0.1	297500	8873.664943218231
119	-45.0	-45.0	-50.0	179069.98	508588.97	12373162.0	1805.0902	179004.8	0.0	300000	8946.445367097855
120	-45.54	-45.54	-45.0	162026.1	619863.6	22545976.0	1890.8367	163349.92	0.1	302500	9019.217018842697
121	-45.0	-45.0	-50.0	137491.02	320114.44	6232914.0	1774.1611	138292.73	0.0	305000	9091.414867639542
122	-48.54	-48.54	-40.0	155909.45	620549.4	21785032.0	1839.6875	153059.97	0.2	307500	9163.259239912033
123	-48.0	-48.0	-50.0	116091.07	306801.0	6323121.5	1227.0043	117672.72	0.0	310000	9236.303998947144
124	-47.0	-47.0	-49.0	97919.87	291453.6	5630066.0	1005.8164	98723.375	0.0	312500	9308.641770601273
125	-46.74	-46.74	-50.0	107753.16	389204.75	8899358.0	1234.9214	116396.72	0.0	315000	9379.675019979477
126	-47.0	-47.0	-45.0	82051.05	176102.97	2978106.0	779.19104	86523.47	0.1	317500	9452.388146400452
127	-48.74	-48.74	-45.0	123840.38	439039.3	11288080.0	1041.8372	126773.4	0.1	320000	9525.335260629654
128	-46.64	-46.64	-40.0	162430.44	619764.3	24228564.0	3322.4731	164928.66	0.2	322500	9597.586758613586
129	-47.88	-47.88	-50.0	279981.22	932765.7	23083506.0	3511.5327	289407.9	0.0	325000	9669.850207805634
130	-48.0	-48.0	-45.0	354098.88	956597.0	18889228.0	11283.98	361429.62	0.1	327500	9741.453613996506
131	-47.0	-47.0	-45.0	301438.7	627326.06	9909774.0	14534.788	310841.16	0.1	330000	9813.133567810059
132	-45.0	-45.0	-45.0	313577.4	939508.94	23778062.0	7003.8945	316576.97	0.1	332500	9886.475306034088
133	-48.0	-48.0	-45.0	236445.02	519820.3	8227578.5	9945.808	238197.7	0.1	335000	9961.622483968735
134	-47.0	-47.0	-45.0	222672.06	832041.4	25887566.0	9549.946	218853.31	0.1	337500	10037.496091365814
135	-50.0	-50.0	-45.0	207599.14	682457.1	14547819.0	7975.135	205360.14	0.1	340000	10111.355470895767
136	-47.0	-47.0	-45.0	829789.9	28753730.0	1286021400.0	4994.8994	788220.3	0.1	342500	10186.113600254059
137	-44.9	-44.9	-45.0	226671.61	1144518.2	28174798.0	4652.831	222492.31	0.1	345000	10259.658997535706
138	-45.42	-45.42	-50.0	308609.88	1049185.5	15673752.0	6783.8164	317246.72	0.0	347500	10331.854850769043
139	-48.0	-48.0	-45.0	653097.2	4090237.8	167181460.0	18243.617	691327.7	0.1	350000	10405.022401571274
140	-47.0	-47.0	-50.0	2492931.5	46778840.0	2057106600.0	47410.65	2708185.5	0.0	352500	10477.027601957321
141	-45.0	-45.0	-40.0	1812937.5	3724976.2	53958056.0	149996.25	1816094.8	0.2	355000	10551.59767317772
142	-45.0	-45.0	-45.0	2659665.5	8875100.0	238497390.0	288907.94	2694990.2	0.1	357500	10623.665555000305
143	-44.0	-44.0	-45.0	2144003.2	7432537.0	255379280.0	209642.22	2236889.0	0.1	360000	10697.523085594177
144	-47.0	-47.0	-50.0	3505499.0	81801820.0	3652292600.0	174568.66	3309464.8	0.0	362500	10770.584138154984
145	-48.0	-48.0	-50.0	2037012.5	32096482.0	1424279400.0	86389.45	1963234.9	0.0	365000	10844.026044130325
146	-43.18	-43.18	-50.0	2368263.5	46940410.0	2087698800.0	65499.8	2392540.8	0.0	367500	10917.082032680511
147	-47.0	-47.0	-50.0	1475150.6	6300298.0	161347220.0	36289.844	1513190.4	0.0	370000	10990.851890802383
148	-50.0	-50.0	-50.0	1372867.9	5445703.0	117119060.0	46167.133	1368918.2	0.0	372500	11066.146989107132
149	-46.56	-46.56	-50.0	3694058.2	78823064.0	3515851300.0	40119.383	3736935.0	0.0	375000	11140.400449037552
150	-47.0	-47.0	-50.0	2863709.8	14419705.0	418015040.0	37820.59	2823542.8	0.0	377500	11216.268658399582
151	-47.0	-47.0	-50.0	6456977.0	125215896.0	5562767000.0	61016.59	6453707.5	0.0	380000	11290.95574426651
152	-45.0	-45.0	-40.0	4507261.0	25173826.0	864083260.0	122702.77	4686208.0	0.2	382500	11365.016744852066
153	-48.0	-48.0	-45.0	5254546.5	31324404.0	1102676200.0	145613.69	5570312.5	0.1	385000	11439.590569972992
154	-47.28	-47.28	-45.0	5692624.0	20405084.0	437040000.0	250637.19	5849777.0	0.1	387500	11514.600654125214
155	-46.0	-46.0	-40.0	7707466.0	36629990.0	1192925200.0	348172.2	7899954.5	0.2	390000	11588.609627962112
156	-45.0	-45.0	-45.0	15575313.0	259500270.0	11483462000.0	541428.75	15755131.0	0.1	392500	11662.260900259018
157	-48.0	-48.0	-50.0	13526702.0	41240076.0	858211400.0	1025887.25	14143961.0	0.0	395000	11736.19911146164
158	-45.0	-45.0	-50.0	18199612.0	197524370.0	8703770000.0	1796896.5	18464878.0	0.0	397500	11812.210740089417
159	-45.0	-45.0	-50.0	12880970.0	37783188.0	1246653300.0	1249459.0	13125927.0	0.0	400000	11886.618883609772
160	-46.0	-46.0	-50.0	15592120.0	120441380.0	5032634400.0	1172420.4	16004695.0	0.0	402500	11961.066221237183
161	-48.5	-48.5	-50.0	11644068.0	34507684.0	764439000.0	1093370.5	12020832.0	0.0	405000	12035.143651008606
162	-48.0	-48.0	-50.0	16039684.0	127239700.0	5429197300.0	936100.6	16947082.0	0.0	407500	12110.233453035355
163	-46.14	-46.14	-50.0	12587909.0	37310970.0	681950800.0	866527.06	12735091.0	0.0	410000	12185.341222763062
164	-47.0	-47.0	-50.0	19549866.0	249221470.0	11019128000.0	809560.4	20420656.0	0.0	412500	12261.194148302078
165	-45.88	-45.88	-50.0	24919860.0	169941570.0	6039288300.0	974467.9	24455958.0	0.0	415000	12336.939018964767
166	-44.86	-44.86	-50.0	20096664.0	69470940.0	1995215400.0	1482692.0	20454668.0	0.0	417500	12411.61645245552
167	-47.66	-47.66	-45.0	28415012.0	95766540.0	1969121000.0	1550001.2	28825010.0	0.1	420000	12487.73505783081
168	-44.64	-44.64	-40.0	27991158.0	69110860.0	1504868400.0	2623651.8	28513698.0	0.2	422500	12562.509881973267
169	-47.0	-47.0	-50.0	30412690.0	78109750.0	2214673200.0	1694360.0	30908316.0	0.0	425000	12636.945100307465
170	-48.88	-48.88	-35.0	37493370.0	168034400.0	6692337700.0	3296828.5	39134420.0	0.3	427500	12709.484427452087
171	-44.84	-44.84	-50.0	35436830.0	77186610.0	1308545500.0	4142718.0	36472484.0	0.0	430000	12784.473030090332
172	-49.0	-49.0	-50.0	33103418.0	87865740.0	1734827000.0	3343885.5	35166970.0	0.0	432500	12857.570302963257
173	-48.86	-48.86	-45.0	44649750.0	534153860.0	23538510000.0	1613777.4	47310570.0	0.1	435000	12930.12860918045
174	-46.76	-46.76	-50.0	33456808.0	103685320.0	1874852400.0	2313294.8	34660984.0	0.0	437500	13004.299871444702
175	-47.84	-47.84	-45.0	30874390.0	75118300.0	1195722100.0	2120905.0	33753310.0	0.1	440000	13076.710333108902
176	-46.94	-46.94	-50.0	44248104.0	113993400.0	1798423300.0	3028168.0	48477904.0	0.0	442500	13149.251546859741
177	-47.64	-47.64	-50.0	48937024.0	135754600.0	4081546800.0	3780172.2	52155276.0	0.0	445000	13222.142464876175
178	-45.58	-45.58	-45.0	54764012.0	115073224.0	1774139900.0	5347401.0	59755340.0	0.1	447500	13294.851608753204
179	-49.0	-49.0	-50.0	68448856.0	168461250.0	4996727000.0	5537208.0	75048110.0	0.0	450000	13367.033707380295
180	-49.38	-49.38	-40.0	75056730.0	344589380.0	13610680000.0	4640996.0	77081096.0	0.2	452500	13438.885438203812
181	-45.36	-45.36	-42.8	74314300.0	458383550.0	14709309000.0	5764682.0	76627330.0	0.1	455000	13512.142021656036
182	-48.24	-48.24	-44.0	82021096.0	421923200.0	15147867000.0	6977364.0	86192920.0	0.1	457500	13585.047208309174
183	-47.76	-47.76	-45.0	87132640.0	202853780.0	3752539000.0	5532077.5	91810510.0	0.1	460000	13658.461114645004
184	-45.0	-45.0	-45.0	77772470.0	127456376.0	1569529600.0	7239914.0	85010376.0	0.1	462500	13730.712408781052
185	-48.9	-48.9	-25.0	79051960.0	135987230.0	2083686300.0	5145565.0	84887864.0	0.5	465000	13803.723815917969
186	-44.42	-44.42	-50.0	89949470.0	458892670.0	15009339000.0	5407330.5	98489430.0	0.0	467500	13875.845719575882
187	-46.0	-46.0	-45.0	81132020.0	175141660.0	3826802200.0	6437540.0	85259570.0	0.1	470000	13949.160172700882
188	-46.12	-46.12	-50.0	98972220.0	382252700.0	15148711000.0	6933091.0	108585920.0	0.0	472500	14022.789724826813
189	-46.0	-46.0	-50.0	81864860.0	131186240.0	1967151500.0	6330444.0	89353144.0	0.0	475000	14098.332807540894
190	-47.62	-47.62	-50.0	86355360.0	178013150.0	3279769000.0	6632328.0	94988320.0	0.0	477500	14174.309698820114
191	-48.6	-48.6	-50.0	91681150.0	338980380.0	13426410000.0	6413282.0	105933740.0	0.0	480000	14248.543240785599
192	-45.0	-45.0	-50.0	102514940.0	359082180.0	9805047000.0	6853870.5	116173550.0	0.0	482500	14323.026927947998
193	-45.92	-45.92	-45.0	93901704.0	220289980.0	4129219300.0	4379155.0	109012930.0	0.1	485000	14397.284944534302
194	-47.0	-47.0	-50.0	96112744.0	236877000.0	4041718500.0	5542254.0	108134616.0	0.0	487500	14470.070687532425
195	-45.98	-45.98	-45.0	94458456.0	214263710.0	3655582200.0	4222314.5	106093030.0	0.1	490000	14545.172276258469
196	-47.0	-47.0	-45.0	83704890.0	215135440.0	6065944600.0	5092158.0	93918530.0	0.1	492500	14619.875303506851
197	-46.98	-46.98	-44.8	92134330.0	223808450.0	4930993700.0	6291228.0	105748936.0	0.1	495000	14695.15028309822
198	-49.46	-49.46	-50.0	95863784.0	205671400.0	3629284000.0	5936492.0	107769280.0	0.0	497500	14770.987338781357
199	-45.92	-45.92	-50.0	97577720.0	206900340.0	3363597300.0	6842347.0	106471816.0	0.0	500000	14844.916305065155
200	-46.92	-46.92	-45.0	99121470.0	183161840.0	2414819300.0	5773863.0	111567910.0	0.1	502500	14918.885022878647
201	-48.0	-48.0	-50.0	103253150.0	200387000.0	3575434200.0	6691392.0	116822296.0	0.0	505000	14992.47876548767
202	-45.0	-45.0	-50.0	102126320.0	193100510.0	3296074800.0	8352956.0	118905470.0	0.0	507500	15067.1756067276
203	-43.74	-43.74	-40.0	105566220.0	169391600.0	2759029000.0	7276400.0	118128936.0	0.2	510000	15140.194647312164
204	-48.0	-48.0	-50.0	114169260.0	178833740.0	2870831600.0	7541809.0	133516080.0	0.0	512500	15213.806145906448
205	-47.72	-47.72	-50.0	109990824.0	180510640.0	3284679700.0	8012475.0	127176650.0	0.0	515000	15288.569243431091
206	-44.68	-44.68	-40.0	119325416.0	189734460.0	3295083000.0	8728124.0	137005220.0	0.2	517500	15364.671221494675
207	-45.56	-45.56	-50.0	123550460.0	194841660.0	2768813800.0	7417691.0	139887180.0	0.0	520000	15439.051727771759
208	-45.84	-45.84	-50.0	126895930.0	197730370.0	3664331000.0	10445099.0	149824860.0	0.0	522500	15512.291501045227
209	-47.0	-47.0	-50.0	130768180.0	207543600.0	3416559900.0	11399783.0	153596530.0	0.0	525000	15585.117806196213
210	-45.46	-45.46	-50.0	130223060.0	186423730.0	3313988400.0	13164530.0	150477000.0	0.0	527500	15659.637130975723
211	-47.66	-47.66	-45.0	161894610.0	458988640.0	17538353000.0	14668448.0	184076240.0	0.1	530000	15732.934341669083
212	-44.0	-44.0	-45.0	151308430.0	386953340.0	14898778000.0	12316212.0	177320160.0	0.1	532500	15805.790715932846
213	-46.0	-46.0	-45.0	174375730.0	426602100.0	15019208000.0	13215322.0	196597840.0	0.1	535000	15878.987910032272
214	-49.0	-49.0	-50.0	157703790.0	255324130.0	3576169000.0	17077026.0	184514540.0	0.0	537500	15950.967070102692
215	-45.52	-45.52	-50.0	162792500.0	434708260.0	16641423000.0	13353849.0	198565520.0	0.0	540000	16024.963171958923
216	-46.04	-46.04	-45.0	178048820.0	757578050.0	32079733000.0	13659436.0	204988740.0	0.1	542500	16098.388493299484
217	-45.0	-45.0	-50.0	165274940.0	424503100.0	13030555000.0	12177392.0	200367700.0	0.0	545000	16172.1062002182
218	-46.0	-46.0	-45.0	160972180.0	257609200.0	4477404700.0	9690174.0	204351650.0	0.1	547500	16247.868663787842
219	-46.0	-46.0	-50.0	199307330.0	586801200.0	23365614000.0	14795614.0	235865520.0	0.0	550000	16323.458715677261
220	-49.0	-49.0	-50.0	222120540.0	463459680.0	14836306000.0	14848805.0	257420880.0	0.0	552500	16397.9177441597
221	-44.44	-44.44	-50.0	222756510.0	394124800.0	8148898300.0	17544772.0	273447520.0	0.0	555000	16472.595229148865
222	-46.0	-46.0	-45.0	214069060.0	496601700.0	15438112000.0	14803049.0	259750340.0	0.1	557500	16545.344485998154
223	-44.82	-44.82	-50.0	232562290.0	366394240.0	4808171000.0	16696916.0	277319140.0	0.0	560000	16620.297536849976
224	-49.02	-49.02	-50.0	209861330.0	381813860.0	8690209000.0	14433361.0	244027820.0	0.0	562500	16695.395435333252
225	-48.0	-48.0	-50.0	226583440.0	393327360.0	8310921700.0	11744892.0	265493540.0	0.0	565000	16771.015780448914
226	-49.0	-49.0	-45.0	264782110.0	468025200.0	6091739000.0	13725634.0	317412800.0	0.1	567500	16846.155868530273
227	-46.0	-46.0	-50.0	257332260.0	423002050.0	7192954000.0	20313024.0	303161700.0	0.0	570000	16921.004543066025
228	-47.54	-47.54	-50.0	263741810.0	550376800.0	17510652000.0	18851734.0	313560900.0	0.0	572500	16996.161167621613
229	-45.22	-45.22	-45.0	270345340.0	471367260.0	12096990000.0	21199120.0	308434050.0	0.1	575000	17071.90858244896
230	-47.66	-47.66	-45.0	276956160.0	551324800.0	12553363000.0	20488204.0	319272500.0	0.1	577500	17145.546058654785
231	-45.8	-45.8	-50.0	295840500.0	610813800.0	9565484000.0	14625763.0	339550000.0	0.0	580000	17220.18341445923
232	-48.0	-48.0	-45.0	284804930.0	530829920.0	14739348000.0	19737654.0	334517630.0	0.1	582500	17295.898446321487
233	-47.0	-47.0	-44.600002	301138560.0	503795070.0	7246834700.0	18559072.0	349057300.0	0.1	585000	17370.149594783783
234	-44.0	-44.0	-35.0	301413060.0	546341800.0	6749141500.0	20480280.0	349782180.0	0.3	587500	17444.78109574318
235	-46.98	-46.98	-35.0	299613660.0	587271700.0	15876999000.0	18935808.0	343009440.0	0.3	590000	17519.025010585785
236	-46.94	-46.94	-30.0	333220540.0	711860030.0	14365616000.0	20533056.0	378536500.0	0.4	592500	17594.16232728958
237	-48.0	-48.0	-50.0	293639230.0	555260900.0	12337806000.0	19102684.0	340637250.0	0.0	595000	17668.92907190323
238	-44.0	-44.0	-45.0	341001180.0	640228300.0	10218938000.0	19652588.0	385290000.0	0.1	597500	17743.066869974136
239	-47.0	-47.0	-45.0	338253020.0	565774800.0	6581669000.0	22478478.0	396063100.0	0.1	600000	17818.46528339386
240	-46.0	-46.0	-45.0	342523040.0	686018600.0	12137311000.0	20199352.0	400898200.0	0.1	602500	17892.609414100647
241	-46.88	-46.88	-40.0	367178800.0	720831800.0	14988701000.0	18224868.0	431222300.0	0.2	605000	17967.186866760254
242	-48.0	-48.0	-50.0	351862340.0	637750900.0	9558296000.0	15408375.0	412463680.0	0.0	607500	18042.819780111313
243	-45.0	-45.0	-45.0	337833280.0	584128450.0	8238427000.0	17451690.0	385930240.0	0.1	610000	18117.234914541245
244	-47.0	-47.0	-40.0	371591420.0	669544400.0	9156070000.0	20385588.0	428227420.0	0.2	612500	18190.901384353638
245	-48.92	-48.92	-45.0	358847000.0	736656000.0	12199714000.0	16362188.0	413336600.0	0.1	615000	18265.10865879059
246	-43.0	-43.0	-50.0	372934720.0	691327900.0	11093657000.0	21426588.0	421254200.0	0.0	617500	18339.547873020172
247	-46.0	-46.0	-40.0	388654560.0	800777600.0	15785019000.0	18895972.0	453237700.0	0.2	620000	18413.24597477913
248	-48.0	-48.0	-50.0	402364860.0	798767700.0	14353356000.0	17756064.0	452787040.0	0.0	622500	18487.28388118744
249	-43.54	-43.54	-45.0	363678750.0	640189440.0	10220538000.0	21565884.0	416244700.0	0.1	625000	18561.313000440598
250	-45.86	-45.86	-50.0	372887070.0	799305700.0	15178823000.0	16253682.0	423840800.0	0.0	627500	18635.197320222855
251	-45.0	-45.0	-50.0	416673600.0	880056600.0	12648886000.0	17870316.0	468475940.0	0.0	630000	18708.45875144005
252	-48.0	-48.0	-45.0	435169150.0	785415700.0	12365312000.0	19504552.0	492597630.0	0.1	632500	18782.959563970566
253	-49.0	-49.0	-50.0	474956300.0	919994940.0	13056788000.0	27608044.0	517778700.0	0.0	635000	18857.744074583054
254	-47.0	-47.0	-40.0	476274800.0	935074600.0	16431368000.0	24275352.0	538767550.0	0.2	637500	18932.611808776855
255	-47.0	-47.0	-50.0	452167040.0	869205100.0	15072253000.0	22511526.0	509730000.0	0.0	640000	19007.38481259346
256	-44.0	-44.0	-45.899998	456598080.0	850282300.0	12178859000.0	24003188.0	501276740.0	0.0	642500	19079.334035634995
257	-48.78	-48.78	-50.0	460356900.0	809755800.0	11437618000.0	19902896.0	505919100.0	0.0	645000	19153.20527935028
258	-44.0	-44.0	-50.0	484962500.0	938298700.0	11535174000.0	28537200.0	547554240.0	0.0	647500	19226.828622817993
259	-47.0	-47.0	-45.0	489353380.0	891478660.0	11839355000.0	26676822.0	539403650.0	0.1	650000	19301.67612195015
260	-44.7	-44.7	-45.0	530599780.0	1126873000.0	22516519000.0	26673490.0	589289300.0	0.1	652500	19374.499652147293
261	-49.98	-49.98	-45.0	520056540.0	1072560100.0	16384611000.0	23362484.0	579332600.0	0.1	655000	19448.585088014603
262	-47.0	-47.0	-45.0	486518750.0	939492500.0	10819814000.0	18754548.0	533384450.0	0.1	657500	19522.98336291313
263	-47.0	-47.0	-50.0	483483170.0	943093440.0	17860645000.0	25408980.0	553939400.0	0.0	660000	19597.13709974289
264	-47.0	-47.0	-45.0	468133920.0	770574140.0	9108369000.0	29042388.0	521685380.0	0.1	662500	19671.284252166748
265	-45.52	-45.52	-50.0	514263200.0	936589250.0	11372284000.0	29811894.0	552274600.0	0.0	665000	19744.715861082077
266	-47.0	-47.0	-50.0	514833500.0	935781700.0	11474693000.0	35786176.0	550559000.0	0.0	667500	19820.246758937836
267	-47.68	-47.68	-50.0	545718850.0	1068552400.0	15790408000.0	17071452.0	592404700.0	0.0	670000	19898.23845887184
268	-46.96	-46.96	-45.0	505201060.0	1008722560.0	14091317000.0	29689440.0	545079900.0	0.1	672500	19974.67986345291
269	-47.0	-47.0	-50.0	519164930.0	1049883260.0	18782550000.0	29792920.0	557783700.0	0.0	675000	20049.019215345383
270	-47.0	-47.0	-45.0	504085400.0	1014580400.0	15561142000.0	26267148.0	547980350.0	0.1	677500	20124.776010751724
271	-49.0	-49.0	-40.0	455229200.0	917021630.0	12359680000.0	21531932.0	486759460.0	0.2	680000	20199.32899260521
272	-47.0	-47.0	-40.0	542264700.0	1161960400.0	19225784000.0	25899612.0	572932800.0	0.2	682500	20272.018189430237
273	-48.0	-48.0	-50.0	500471870.0	1015742000.0	16319288000.0	27071930.0	533450000.0	0.0	685000	20347.865876674652
274	-45.0	-45.0	-50.0	446954080.0	965523500.0	19451468000.0	32031092.0	469772060.0	0.0	687500	20422.116445541382
275	-46.98	-46.98	-45.0	554520400.0	2350172000.0	64717640000.0	19384102.0	580348160.0	0.1	690000	20498.717328071594
276	-46.0	-46.0	-50.0	556784900.0	2278293500.0	61975863000.0	26113402.0	562924500.0	0.0	692500	20573.052216768265
277	-45.0	-45.0	-50.0	560956300.0	3057008000.0	115289550000.0	20181396.0	606245100.0	0.0	695000	20647.311350107193
278	-46.56	-46.56	-50.0	575051100.0	2565859600.0	83384770000.0	17116778.0	635020700.0	0.0	697500	20721.7594974041
279	-45.0	-45.0	-40.0	513535200.0	2263963000.0	71866780000.0	20709508.0	559478460.0	0.2	700000	20798.505511522293
280	-48.16	-48.16	-50.0	456406140.0	1668647700.0	47909400000.0	14817436.0	470372670.0	0.0	702500	20872.934889793396
281	-45.0	-45.0	-50.0	449451800.0	1706623000.0	43427738000.0	16934264.0	487918000.0	0.0	705000	20948.523793935776
282	-45.0	-45.0	-50.0	483055580.0	2028293500.0	59968815000.0	13972427.0	521396600.0	0.0	707500	21023.81308579445
283	-48.96	-48.96	-45.0	505697100.0	2331418000.0	85686830000.0	16785380.0	523970900.0	0.1	710000	21098.18386387825
284	-47.0	-47.0	-45.0	506456450.0	1190850600.0	27475907000.0	21226756.0	529971800.0	0.1	712500	21171.891278743744
285	-45.0	-45.0	-45.0	592735500.0	2242455600.0	75168370000.0	23464228.0	650075100.0	0.1	715000	21245.17827987671
286	-47.0	-47.0	-45.0	527524320.0	1995439200.0	54869100000.0	20351402.0	567551900.0	0.1	717500	21319.916679382324
287	-45.0	-45.0	-50.0	511876540.0	1567451900.0	39067670000.0	17061258.0	541722400.0	0.0	720000	21393.642901420593
288	-48.0	-48.0	-50.0	524784930.0	2171299800.0	80294740000.0	22278568.0	557170900.0	0.0	722500	21468.616447210312
289	-45.0	-45.0	-40.0	513457380.0	1486698000.0	38778920000.0	19517436.0	534775000.0	0.2	725000	21544.174517154694
290	-47.28	-47.28	-50.0	542061500.0	2088014600.0	55882813000.0	21190146.0	571153700.0	0.0	727500	21618.467897892
291	-49.0	-49.0	-50.0	427105300.0	1001711200.0	12496507000.0	21850736.0	462926050.0	0.0	730000	21694.72458910942
292	-45.0	-45.0	-40.0	504472200.0	1967956400.0	53998707000.0	17385590.0	536076130.0	0.2	732500	21769.03284740448
293	-39.88	-39.88	-50.0	342561730.0	842227900.0	21239802000.0	13868584.0	364701400.0	0.0	735000	21843.90606713295
294	-47.0	-47.0	-45.0	414212260.0	2663040300.0	85778465000.0	10110490.0	461166940.0	0.1	737500	21916.99248933792
295	-49.0	-49.0	-45.0	451418900.0	1788015400.0	46726492000.0	11366158.0	478298940.0	0.1	740000	21991.482472896576
296	-46.36	-46.36	-50.0	439983800.0	1798725000.0	39539294000.0	13587278.0	501352860.0	0.0	742500	22064.65357732773
297	-46.3	-46.3	-45.0	402462080.0	1574288500.0	48198000000.0	13500761.0	409071870.0	0.1	745000	22137.990973949432
298	-45.02	-45.02	-45.0	381718850.0	1606302700.0	53049110000.0	11218944.0	403604260.0	0.1	747500	22213.01468348503
299	-48.42	-48.42	-40.0	306211840.0	645758600.0	10279463000.0	9698848.0	329461920.0	0.2	750000	22287.62883925438
300	-43.9	-43.9	-50.0	332643970.0	1580481300.0	54062220000.0	8799166.0	358030880.0	0.0	752500	22360.130808115005
301	-45.0	-45.0	-45.0	289993120.0	1124056800.0	30018111000.0	6653950.0	305736000.0	0.1	755000	22432.18811440468
302	-46.0	-46.0	-35.0	328033060.0	1464316000.0	50557034000.0	8318943.5	354328480.0	0.3	757500	22506.030095100403
303	-45.52	-45.52	-50.0	307374880.0	1128965500.0	24103635000.0	8759789.0	329714620.0	0.0	760000	22579.15741443634
304	-45.52	-45.52	-45.0	354712160.0	2341992200.0	91554005000.0	9773300.0	385507400.0	0.1	762500	22653.78593325615
305	-48.44	-48.44	-45.0	363559300.0	1938734800.0	48245090000.0	7641882.0	387538080.0	0.1	765000	22727.274237394333
306	-45.0	-45.0	-50.0	422398750.0	2277132000.0	49550725000.0	8502379.0	439084260.0	0.0	767500	22800.969913244247
307	-45.72	-45.72	-40.0	333537470.0	1277670100.0	31693271000.0	9060457.0	356394020.0	0.2	770000	22873.604875802994
308	-49.0	-49.0	-50.0	341257150.0	1267943300.0	34934700000.0	15375933.0	348703940.0	0.0	772500	22948.292494297028
309	-47.0	-47.0	-50.0	463542620.0	5004397000.0	214046750000.0	12512398.0	449780960.0	0.0	775000	23020.93909716606
310	-47.0	-47.0	-45.0	456959460.0	3496311800.0	129001570000.0	10998295.0	415199500.0	0.1	777500	23093.731122493744
311	-48.0	-48.0	-50.0	382575200.0	1287654900.0	24120027000.0	13665898.0	394363200.0	0.0	780000	23167.064865112305
312	-47.0	-47.0	-50.0	367867200.0	1350027400.0	31902812000.0	14992806.0	393446460.0	0.0	782500	23240.841512680054
313	-47.0	-47.0	-45.0	375086050.0	1557423900.0	38567084000.0	17126644.0	386717920.0	0.1	785000	23313.93219923973
314	-45.0	-45.0	-45.0	286595230.0	938392600.0	20410302000.0	8406144.0	299850020.0	0.1	787500	23387.00773000717
315	-48.0	-48.0	-50.0	206148660.0	672080700.0	19580525000.0	9563464.0	216840020.0	0.0	790000	23460.84625840187
316	-41.0	-41.0	-50.0	264273900.0	1097941400.0	25506770000.0	5390945.5	272089200.0	0.0	792500	23534.53525018692
317	-47.0	-47.0	-50.0	256326270.0	1361288000.0	45916086000.0	6805128.5	278749920.0	0.0	795000	23608.35118174553
318	-47.0	-47.0	-50.0	253346320.0	1028942140.0	18727942000.0	4808868.0	254851150.0	0.0	797500	23682.745982646942
319	-45.0	-45.0	-45.0	227135900.0	822396500.0	14607394000.0	4674609.0	256617220.0	0.1	800000	23755.882449626923
320	-46.0	-46.0	-50.0	229855740.0	1220874000.0	38427845000.0	4442152.0	241562200.0	0.0	802500	23830.764278173447
321	-47.0	-47.0	-45.0	218000290.0	1157673300.0	30264330000.0	3703836.0	228777740.0	0.1	805000	23905.227937698364
322	-46.0	-46.0	-50.0	240627580.0	1293164300.0	32279073000.0	2742906.0	248062660.0	0.0	807500	23979.637988090515
323	-49.0	-49.0	-50.0	285898500.0	1841099300.0	58216473000.0	3530837.5	306195940.0	0.0	810000	24053.544592142105
324	-45.0	-45.0	-50.0	264063420.0	1411514200.0	45077697000.0	3439814.0	276490500.0	0.0	812500	24127.594427347183
325	-45.86	-45.86	-50.0	231322200.0	1105589800.0	33033785000.0	4546574.0	255606290.0	0.0	815000	24200.602093458176
326	-47.52	-47.52	-45.0	251667570.0	1150002000.0	27286503000.0	4552197.0	255186640.0	0.1	817500	24276.296317100525
327	-46.0	-46.0	-50.0	211134510.0	706400600.0	14353699000.0	3930724.0	211669540.0	0.0	820000	24351.397830963135
328	-47.5	-47.5	-50.0	269524130.0	1309329700.0	35443900000.0	4607334.5	266330140.0	0.0	822500	24427.275416612625
329	-47.96	-47.96	-50.0	263304830.0	1115219300.0	18654667000.0	3934947.5	249023170.0	0.0	825000	24499.40254330635
330	-47.0	-47.0	-50.0	244188000.0	892580740.0	16017664000.0	4792260.0	259706900.0	0.0	827500	24572.98678469658
331	-46.0	-46.0	-50.0	304295170.0	947897800.0	16803449000.0	5777463.5	313683680.0	0.0	830000	24646.429102420807
332	-45.0	-45.0	-50.0	315021220.0	801796200.0	12326872000.0	9844269.0	330568900.0	0.0	832500	24720.57853603363
333	-46.0	-46.0	-45.0	326792220.0	1103582100.0	33148164000.0	15677173.0	357055520.0	0.1	835000	24795.215540647507
334	-48.0	-48.0	-50.0	371321180.0	4476373500.0	196077260000.0	13379832.0	375700700.0	0.0	837500	24871.59047484398
335	-46.0	-46.0	-45.0	277985400.0	745407700.0	12037605000.0	10541022.0	289940900.0	0.1	840000	24945.329630613327
336	-46.0	-46.0	-45.0	296231970.0	997844500.0	22779447000.0	13311015.0	295004540.0	0.1	842500	25019.744661569595
337	-43.0	-43.0	-50.0	398552260.0	1043419840.0	24289410000.0	22661692.0	389498530.0	0.0	845000	25094.442452669144
338	-49.0	-49.0	-40.0	374752100.0	1240139300.0	48452542000.0	30843110.0	382003600.0	0.2	847500	25167.5883603096
339	-50.0	-50.0	-45.0	447637630.0	4034907000.0	176148350000.0	18735212.0	439883870.0	0.1	850000	25240.625180482864
340	-45.98	-45.98	-45.0	462960960.0	3782879000.0	162211050000.0	18735760.0	454988160.0	0.1	852500	25315.42324757576
341	-46.7	-46.7	-45.0	435965800.0	1524239400.0	43025916000.0	25940548.0	414899100.0	0.1	855000	25389.99750852585
342	-49.0	-49.0	-45.0	410950560.0	1724767200.0	61490230000.0	14967106.0	407747870.0	0.1	857500	25464.45056438446
343	-47.28	-47.28	-50.0	469074430.0	3777216500.0	131227150000.0	15513916.0	435034270.0	0.0	860000	25536.627494573593
344	-43.0	-43.0	-45.0	447990000.0	2356679700.0	85992055000.0	12339758.0	429511740.0	0.1	862500	25611.04731154442
345	-46.0	-46.0	-50.0	388544000.0	1342392400.0	25008314000.0	12519733.0	344450400.0	0.0	865000	25684.052613973618
346	-43.54	-43.54	-50.0	403544740.0	1928378800.0	53490100000.0	15151801.0	415149570.0	0.0	867500	25756.89984202385
347	-47.82	-47.82	-40.0	437654600.0	2738976800.0	106648380000.0	12218078.0	422420160.0	0.2	870000	25832.275127649307
348	-46.0	-46.0	-35.0	483341250.0	3121329400.0	110182000000.0	11725652.0	530936450.0	0.3	872500	25905.530029535294
349	-46.0	-46.0	-45.0	313372380.0	1130362800.0	22475502000.0	10309654.0	322250600.0	0.1	875000	25979.90228819847
350	-45.0	-45.0	-50.0	330123420.0	1469310500.0	36054675000.0	8376162.0	325513060.0	0.0	877500	26053.95171022415
351	-46.0	-46.0	-50.0	406493950.0	2949712400.0	89783770000.0	6547946.0	391997150.0	0.0	880000	26126.584753990173
352	-44.0	-44.0	-50.0	306594000.0	1054502850.0	21091300000.0	6628608.5	310982940.0	0.0	882500	26200.123653411865
353	-42.0	-42.0	-50.0	309151200.0	1775405700.0	66614985000.0	5247642.0	303800640.0	0.0	885000	26274.06625008583
354	-47.0	-47.0	-50.0	328026430.0	2765726500.0	116536250000.0	5133204.0	333100380.0	0.0	887500	26348.39092898369
355	-48.0	-48.0	-40.0	332274020.0	1393908200.0	38667354000.0	5994898.0	338066600.0	0.2	890000	26420.706090927124
356	-44.0	-44.0	-50.0	306518300.0	1446583800.0	32479357000.0	5286770.5	305694530.0	0.0	892500	26493.699249267578
357	-47.0	-47.0	-43.5	325675170.0	1673689900.0	51389805000.0	3905287.5	320729800.0	0.2	895000	26567.10037636757
358	-46.0	-46.0	-50.0	212192750.0	668610500.0	11835070000.0	4547588.0	210133180.0	0.0	897500	26640.645758152008
359	-46.0	-46.0	-50.0	263972180.0	1494477600.0	55505190000.0	4952565.0	284206600.0	0.0	900000	26712.45396399498
360	-48.0	-48.0	-45.0	237793900.0	1101313800.0	25910557000.0	3037341.5	235186610.0	0.1	902500	26784.19149041176
361	-45.0	-45.0	-50.0	243732700.0	1364085500.0	43488340000.0	2972868.5	263539280.0	0.0	905000	26858.382576704025
362	-49.0	-49.0	-50.0	175647100.0	566474100.0	12362749000.0	2331948.5	182154990.0	0.0	907500	26931.266298532486
363	-47.66	-47.66	-50.0	170331170.0	510571070.0	9378928000.0	3014050.0	176455680.0	0.0	910000	27005.62832069397
364	-47.0	-47.0	-50.0	184748900.0	680047300.0	13467898000.0	2633163.0	176271580.0	0.0	912500	27077.304338932037
365	-45.0	-45.0	-40.0	190166220.0	1088361100.0	36140990000.0	1704681.4	193163170.0	0.2	915000	27151.545603990555
366	-47.54	-47.54	-50.0	174109100.0	591936640.0	13606831000.0	2014341.6	170442530.0	0.0	917500	27226.21976542473
367	-48.0	-48.0	-45.0	165623790.0	547484900.0	11490079000.0	2910926.5	166956430.0	0.1	920000	27298.802950143814
368	-48.0	-48.0	-45.0	199903680.0	693792060.0	12119544000.0	2789198.0	206701890.0	0.1	922500	27372.856050014496
369	-48.0	-48.0	-50.0	281006660.0	1056004540.0	22920500000.0	4637448.5	276023550.0	0.0	925000	27445.578563928604
370	-44.0	-44.0	-45.0	238138000.0	941937000.0	24693017000.0	2574041.5	222037870.0	0.1	927500	27519.15066719055
371	-43.0	-43.0	-50.0	210925710.0	742863040.0	21034030000.0	3230278.0	201689070.0	0.0	930000	27592.925922632217
372	-49.0	-49.0	-50.0	956751300.0	11425174000.0	420448930000.0	4059336.0	939378240.0	0.0	932500	27664.928889274597
373	-45.0	-45.0	-45.0	499600800.0	3966264800.0	93466860000.0	4979969.0	473466400.0	0.1	935000	27737.73317337036
374	-47.8	-47.8	-45.0	1010752700.0	17856895000.0	769333900000.0	5567477.0	1060771460.0	0.1	937500	27810.325471401215
375	-46.0	-46.0	-50.0	914977860.0	11982488000.0	519103150000.0	8256045.0	932684200.0	0.0	940000	27885.402179956436
376	-48.06	-48.06	-45.0	1091222300.0	7485516300.0	318531700000.0	53189904.0	1119198300.0	0.1	942500	27959.006015062332
377	-44.56	-44.56	-45.0	2245849000.0	16302557000.0	545436170000.0	144361040.0	2317523500.0	0.1	945000	28032.61896944046
378	-46.0	-46.0	-50.0	2067851900.0	12329038000.0	479944970000.0	144540110.0	2104693400.0	0.0	947500	28106.622745752335
379	-48.0	-48.0	-50.0	1965892100.0	9061266000.0	290258500000.0	112547820.0	2028835500.0	0.0	950000	28179.533088445663
380	-45.48	-45.48	-50.0	1828858100.0	8581884400.0	307365400000.0	120211560.0	1918757500.0	0.0	952500	28253.744403362274
381	-47.0	-47.0	-45.0	1356755000.0	4099393800.0	154972680000.0	103075090.0	1419008000.0	0.1	955000	28327.042823791504
382	-46.0	-46.0	-40.0	1429492400.0	5431458300.0	176892640000.0	69326904.0	1460528500.0	0.2	957500	28398.547445058823
383	-49.0	-49.0	-45.0	1322606800.0	4935557600.0	154071940000.0	59329770.0	1359498500.0	0.1	960000	28471.382969856262
384	-44.66	-44.66	-50.0	1637999200.0	8457379000.0	260939140000.0	45671530.0	1686611700.0	0.0	962500	28544.561770439148
385	-46.0	-46.0	-50.0	1501833200.0	6895160000.0	269704580000.0	83672740.0	1610554500.0	0.0	965000	28618.53904223442
386	-48.0	-48.0	-50.0	1585428400.0	8527749600.0	227251590000.0	59549492.0	1657376600.0	0.0	967500	28692.09062075615
387	-47.0	-47.0	-50.0	1606619300.0	6515812000.0	192716030000.0	56678570.0	1643343500.0	0.0	970000	28765.885077238083
388	-46.6	-46.6	-50.0	2030015400.0	15683679000.0	638877560000.0	55751824.0	2075854600.0	0.0	972500	28839.505741119385
389	-45.34	-45.34	-45.0	2675478800.0	23149562000.0	886534600000.0	76274740.0	2631748900.0	0.1	975000	28911.245122671127
390	-46.0	-46.0	-45.0	2501661000.0	16927541000.0	641794600000.0	89526190.0	2611737600.0	0.1	977500	28983.697745084763
391	-42.0	-42.0	-50.0	2479628800.0	10150744000.0	313091620000.0	76254170.0	2515536000.0	0.0	980000	29056.233166456223
392	-47.92	-47.92	-50.0	2872016600.0	18703682000.0	431123530000.0	65657304.0	3436605400.0	0.0	982500	29128.56668281555
393	-48.0	-48.0	-45.0	2164163600.0	8038782500.0	172572210000.0	60050156.0	2220633300.0	0.1	985000	29201.45179748535
394	-44.56	-44.56	-50.0	2340200700.0	16320724000.0	691695400000.0	84997530.0	2555106000.0	0.0	987500	29272.77236175537
395	-48.66	-48.66	-50.0	2729307600.0	10422788000.0	295902000000.0	151935090.0	2883227400.0	0.0	990000	29342.44071316719
396	-42.24	-42.24	-35.0	3030387700.0	21000167000.0	863017760000.0	172736290.0	3314725400.0	0.3	992500	29413.58440208435
397	-47.58	-47.58	-50.0	3058373600.0	19734206000.0	588899350000.0	144015870.0	3184681700.0	0.0	995000	29486.7302672863
398	-46.0	-46.0	-50.0	2466771500.0	5061420500.0	105370650000.0	199181600.0	2565344800.0	0.0	997500	29557.896696567535
399	-49.0	-49.0	-40.0	2679465000.0	5430864000.0	136906060000.0	288076320.0	2824040000.0	0.2	1000000	29628.21025943756
400	-48.28	-48.28	-50.0	2879969000.0	5554276000.0	134579660000.0	258401340.0	3094186200.0	0.0	1002500	29697.448259830475
401	-48.0	-48.0	-50.0	3120028700.0	8783909000.0	264805040000.0	325481760.0	3263116800.0	0.0	1005000	29768.912464380264
402	-45.0	-45.0	-45.0	2801915100.0	5121693700.0	80563260000.0	276714800.0	3020909000.0	0.1	1007500	29840.198964834213
403	-43.0	-43.0	-45.0	2841856300.0	7919981000.0	257458210000.0	258339620.0	2836842000.0	0.1	1010000	29909.655659675598
404	-42.0	-42.0	-50.0	2608122000.0	6641161700.0	200250080000.0	303616640.0	2701055200.0	0.0	1012500	29977.38422846794
405	-45.0	-45.0	-50.0	2421460700.0	8380743700.0	285467740000.0	214684080.0	2476901600.0	0.0	1015000	30045.415684700012
406	-47.0	-47.0	-50.0	1861226100.0	4336245000.0	115392620000.0	181645780.0	1924704500.0	0.0	1017500	30113.62431359291
407	-47.88	-47.88	-50.0	1705862500.0	3779870700.0	83708200000.0	163325570.0	1797979100.0	0.0	1020000	30181.737794160843
408	-47.0	-47.0	-50.0	2002458600.0	9933056000.0	392129970000.0	176898080.0	2018583400.0	0.0	1022500	30248.783965349197
409	-44.0	-44.0	-45.0	1740046800.0	5398995000.0	112814120000.0	166683180.0	1807913100.0	0.1	1025000	30317.420789718628
410	-45.0	-45.0	-45.0	1618549900.0	4675580400.0	112336530000.0	149612260.0	1631077000.0	0.1	1027500	30384.597290992737
411	-45.0	-45.0	-50.0	1461038200.0	3846856200.0	69450660000.0	134931040.0	1509823200.0	0.0	1030000	30451.044503211975
412	-48.0	-48.0	-45.0	1384457000.0	3709381400.0	88951325000.0	112493464.0	1420691200.0	0.1	1032500	30518.051090478897
413	-47.6	-47.6	-40.0	1423489200.0	6282780700.0	233210130000.0	84650060.0	1483217800.0	0.2	1035000	30584.67062520981
414	-46.42	-46.42	-50.0	1368056200.0	5793044500.0	156612410000.0	92104890.0	1386259500.0	0.0	1037500	30648.9792637825
415	-46.0	-46.0	-50.0	1080871200.0	4149486600.0	106793120000.0	78068820.0	1132453100.0	0.0	1040000	30715.46811580658
416	-45.0	-45.0	-50.0	1008727740.0	3323722200.0	89017690000.0	54767184.0	1065927550.0	0.0	1042500	30781.26568865776
417	-48.0	-48.0	-45.0	1101719400.0	3849851100.0	107954910000.0	53415504.0	1172098800.0	0.1	1045000	30849.70980644226
418	-46.0	-46.0	-50.0	929033400.0	2651832300.0	48331158000.0	59724830.0	1070946750.0	0.0	1047500	30917.80774974823
419	-45.24	-45.24	-45.0	968193600.0	3919262000.0	139168460000.0	79854610.0	1041254800.0	0.1	1050000	30984.465510368347
420	-49.0	-49.0	-50.0	817048200.0	2077481700.0	36035777000.0	60901164.0	881236100.0	0.0	1052500	31052.764930725098
421	-47.62	-47.62	-50.0	946240640.0	3262201900.0	118501940000.0	63005148.0	1040337100.0	0.0	1055000	31122.77782535553
422	-48.0	-48.0	-45.0	903659200.0	2387709000.0	64417985000.0	45771636.0	939027100.0	0.1	1057500	31189.470074892044
423	-47.0	-47.0	-50.0	941225660.0	5670393000.0	244967570000.0	34588780.0	1045897500.0	0.0	1060000	31258.838767766953
424	-48.0	-48.0	-40.0	890850370.0	2067034400.0	54796075000.0	48346460.0	934180740.0	0.2	1062500	31323.605835437775
425	-47.86	-47.86	-50.0	939641400.0	2216258000.0	54443536000.0	34419840.0	990123650.0	0.0	1065000	31392.22668504715
426	-46.0	-46.0	-45.0	849552300.0	1667925400.0	23979424000.0	32412160.0	867812300.0	0.1	1067500	31464.120061159134
427	-50.0	-50.0	-45.0	826673660.0	2087690400.0	46575518000.0	40974680.0	845441900.0	0.1	1070000	31533.190252780914
428	-46.0	-46.0	-45.0	910411840.0	1983275500.0	33476137000.0	43240244.0	945915460.0	0.1	1072500	31602.3808927536
429	-49.0	-49.0	-50.0	987237200.0	2680096800.0	90006080000.0	33466584.0	1044484300.0	0.0	1075000	31671.681970119476
430	-48.0	-48.0	-40.0	834589200.0	2086664700.0	72657470000.0	31934270.0	837556100.0	0.2	1077500	31741.47310256958
431	-47.0	-47.0	-40.0	755988900.0	1693419100.0	31743664000.0	23106842.0	811826400.0	0.2	1080000	31810.757234096527
432	-47.0	-47.0	-45.0	761826600.0	1920948600.0	56790680000.0	24328840.0	796210800.0	0.1	1082500	31877.419842243195
433	-44.0	-44.0	-45.0	768741300.0	1698456000.0	28038963000.0	24816678.0	812887740.0	0.1	1085000	31943.61212158203
434	-50.0	-50.0	-50.0	679219260.0	1868728400.0	35367830000.0	21382824.0	693635800.0	0.0	1087500	32007.744065523148
435	-47.06	-47.06	-50.0	653067460.0	1883511900.0	31988402000.0	19037096.0	709176640.0	0.0	1090000	32069.98480963707
436	-47.0	-47.0	-45.0	655943550.0	1628768100.0	31113908000.0	14626735.0	695466100.0	0.1	1092500	32130.13237118721
437	-47.88	-47.88	-45.0	616982140.0	1273716600.0	18754605000.0	16511749.0	651000600.0	0.1	1095000	32191.815589904785
438	-45.7	-45.7	-45.0	651295170.0	1937849200.0	61593436000.0	15315593.0	688806700.0	0.1	1097500	32257.375930070877
439	-45.6	-45.6	-45.0	681081150.0	1770684200.0	41503773000.0	12996850.0	711461900.0	0.1	1100000	32326.668053150177
440	-48.0	-48.0	-50.0	723739700.0	1516264000.0	30280688000.0	30074384.0	784842100.0	0.0	1102500	32390.998743772507
441	-45.0	-45.0	-35.0	710593400.0	1263274400.0	19187917000.0	32162826.0	755987400.0	0.3	1105000	32457.807520627975
442	-49.48	-49.48	-45.0	1025382800.0	2476219400.0	47488565000.0	38788100.0	1046724350.0	0.1	1107500	32521.217116594315
443	-45.0	-45.0	-50.0	1081077000.0	2203433200.0	39817240000.0	52699296.0	1109388000.0	0.0	1110000	32584.716680765152
444	-47.46	-47.46	-50.0	1160998400.0	2693305000.0	43098817000.0	41365572.0	1178344800.0	0.0	1112500	32647.96081471443
445	-45.0	-45.0	-50.0	1151476200.0	2599577000.0	49280100000.0	60214104.0	1174135800.0	0.0	1115000	32709.43350815773
446	-44.0	-44.0	-40.0	1017131800.0	2024893700.0	31458404000.0	50470790.0	1068758700.0	0.2	1117500	32768.46177482605
447	-46.12	-46.12	-50.0	863828860.0	1663269800.0	26057320000.0	47316640.0	911447000.0	0.0	1120000	32827.73759102821
448	-44.74	-44.74	-45.0	946875900.0	1793036000.0	25085161000.0	42078852.0	1013310100.0	0.1	1122500	32888.227098703384
449	-46.46	-46.46	-35.0	874550460.0	2064919300.0	36558537000.0	35048000.0	924948500.0	0.3	1125000	32949.749135017395
450	-43.0	-43.0	-50.0	815454460.0	2114523300.0	42343227000.0	33487640.0	841375170.0	0.0	1127500	33011.41566348076
451	-48.0	-48.0	-45.0	796598700.0	1950932100.0	40170090000.0	25731344.0	764762750.0	0.1	1130000	33070.390781879425
452	-45.0	-45.0	-45.0	767685500.0	1954826200.0	49352350000.0	34543896.0	845205800.0	0.1	1132500	33127.961955308914
453	-46.0	-46.0	-50.0	778330700.0	2036555400.0	46140560000.0	17962438.0	839757000.0	0.0	1135000	33191.80740690231
454	-45.0	-45.0	-50.0	816832500.0	2128887900.0	49428627000.0	24855180.0	845033200.0	0.0	1137500	33251.17843127251
455	-49.0	-49.0	-45.0	604781000.0	1600151700.0	45859860000.0	21880976.0	592019600.0	0.1	1140000	33308.94480633736
456	-47.0	-47.0	-40.0	741551300.0	2125152300.0	32935533000.0	22873474.0	796451000.0	0.2	1142500	33365.7006316185
457	-49.0	-49.0	-40.0	598537000.0	1681224700.0	36548047000.0	22904160.0	632386100.0	0.2	1145000	33425.35272336006
458	-48.0	-48.0	-49.2	583155000.0	1685841800.0	39482180000.0	18499618.0	605400450.0	0.0	1147500	33482.95980620384
459	-46.04	-46.04	-45.0	551169900.0	1832870800.0	59860967000.0	10279418.0	575507000.0	0.1	1150000	33543.51654672623
460	-46.0	-46.0	-49.3	735742200.0	6524245000.0	277887900000.0	16941428.0	739487940.0	0.0	1152500	33603.35660195351
461	-46.0	-46.0	-50.0	666140400.0	2086496300.0	42666033000.0	12157342.0	673840400.0	0.0	1155000	33664.122993946075
462	-47.0	-47.0	-50.0	808200600.0	4275103500.0	159910970000.0	11509586.0	782059840.0	0.0	1157500	33725.18717956543
463	-46.0	-46.0	-45.0	951785100.0	3178492700.0	61780926000.0	20658220.0	959746300.0	0.1	1160000	33783.82245874405
464	-47.0	-47.0	-50.0	865243600.0	5282242000.0	192717140000.0	18198428.0	880374340.0	0.0	1162500	33841.79039025307
465	-47.0	-47.0	-50.0	672074900.0	3636536600.0	144597910000.0	16142065.0	705380800.0	0.0	1165000	33899.218588113785
466	-49.0	-49.0	-50.0	753181060.0	5241384000.0	165822870000.0	9427533.0	718756740.0	0.0	1167500	33957.06138730049
467	-45.82	-45.82	-40.0	567242700.0	2787404800.0	78473300000.0	9249350.0	612186700.0	0.2	1170000	34016.37676405907
468	-45.0	-45.0	-45.0	727289000.0	3429767200.0	91046220000.0	9856214.0	707213800.0	0.1	1172500	34077.15248298645
469	-46.3	-46.3	-45.0	745282200.0	3046504000.0	53294070000.0	9497152.0	742404400.0	0.1	1175000	34134.631841897964
470	-46.0	-46.0	-50.0	826281340.0	3749825500.0	105885110000.0	13412722.0	841476200.0	0.0	1177500	34192.471381902695
471	-48.0	-48.0	-50.0	673699100.0	2520189200.0	50090170000.0	14129422.0	668911900.0	0.0	1180000	34250.039893865585
472	-45.26	-45.26	-50.0	962002560.0	11022739000.0	471297000000.0	13103158.0	941427000.0	0.0	1182500	34309.98633480072
473	-42.58	-42.58	-50.0	948332700.0	7414605300.0	190836670000.0	10755964.0	889925760.0	0.0	1185000	34370.02385902405
474	-48.34	-48.34	-50.0	492832200.0	2758782000.0	89518970000.0	9107618.0	476361760.0	0.0	1187500	34428.64040327072
475	-47.0	-47.0	-50.0	707662800.0	7961488400.0	307948900000.0	7265790.0	678561300.0	0.0	1190000	34486.250856637955
476	-50.0	-50.0	-45.0	512538780.0	4556641000.0	187462710000.0	8334432.5	527499840.0	0.1	1192500	34546.571029901505
477	-47.92	-47.92	-45.0	488219500.0	3057142500.0	87904760000.0	6433888.0	421435550.0	0.1	1195000	34607.09922170639
478	-44.0	-44.0	-50.0	602262900.0	4971855000.0	146720230000.0	5806819.5	609734340.0	0.0	1197500	34665.66961121559
479	-49.0	-49.0	-35.0	508902100.0	2069114200.0	50794860000.0	8385974.0	464715400.0	0.3	1200000	34722.64819908142
480	-49.0	-49.0	-45.0	513735840.0	3023092700.0	111627960000.0	7574540.0	487671940.0	0.1	1202500	34781.024280786514
481	-46.0	-46.0	-45.0	859233340.0	3619598600.0	89614066000.0	15443471.0	840594240.0	0.1	1205000	34838.8271651268
482	-49.0	-49.0	-45.0	957585150.0	3831775700.0	77159160000.0	30450446.0	958100800.0	0.1	1207500	34898.08750081062
483	-46.0	-46.0	-45.0	950752640.0	2814684700.0	69461850000.0	42333270.0	925835900.0	0.1	1210000	34959.178228378296
484	-49.0	-49.0	-40.0	1151569500.0	5175554600.0	121918235000.0	41544536.0	1069545700.0	0.2	1212500	35020.50753378868
485	-45.0	-45.0	-30.0	1007797400.0	2564777700.0	44392810000.0	47794990.0	992887500.0	0.4	1215000	35079.4008667469
486	-47.0	-47.0	-45.0	1124338400.0	3477995800.0	96675060000.0	45684590.0	1106698400.0	0.1	1217500	35135.67326927185
487	-44.82	-44.82	-45.0	1292747900.0	3994428700.0	96155754000.0	55496570.0	1275174000.0	0.1	1220000	35193.44179058075
488	-43.0	-43.0	-45.0	1064966340.0	3870341000.0	102102790000.0	40183948.0	1043834500.0	0.1	1222500	35250.684965610504
489	-46.0	-46.0	-50.0	1133690900.0	3206044700.0	56615090000.0	56421892.0	1103120600.0	0.0	1225000	35309.66178441048
490	-48.12	-48.12	-45.0	1326955100.0	4884888600.0	105567040000.0	63386536.0	1234809100.0	0.1	1227500	35368.428161382675
491	-47.0	-47.0	-50.0	1028942340.0	2925461000.0	71361765000.0	47893510.0	987513660.0	0.0	1230000	35426.87920331955
492	-47.0	-47.0	-50.0	927377200.0	3189774000.0	48312460000.0	20706824.0	893262900.0	0.0	1232500	35483.09771323204
493	-49.7	-49.7	-50.0	941035140.0	4058191000.0	109952970000.0	19192928.0	876647800.0	0.0	1235000	35544.652681827545
494	-45.0	-45.0	-50.0	870150000.0	3546975700.0	89401720000.0	16349842.0	791984900.0	0.0	1237500	35604.443359375
495	-47.0	-47.0	-50.0	757427200.0	2290494700.0	56848370000.0	22622888.0	763337660.0	0.0	1240000	35666.72633886337
496	-45.78	-45.78	-45.0	1407973000.0	4245488600.0	76341140000.0	47057010.0	1346774500.0	0.1	1242500	35722.817209005356
497	-47.0	-47.0	-40.0	1393416600.0	4391891000.0	151387160000.0	74640330.0	1361234300.0	0.2	1245000	35783.88346505165
498	-46.0	-46.0	-45.0	1566044300.0	2996061200.0	46180930000.0	94780616.0	1552896300.0	0.1	1247500	35847.777961969376
499	-47.0	-47.0	-50.0	1913028900.0	3673115100.0	55167746000.0	140934930.0	1923920100.0	0.0	1250000	35908.59199523926
