Epoch	EpRet	EpRealRet	TestEpRet	AverageQ1	StdQ1	MaxQ1	MinQ1	Q2	TestSuccess	TotalEnvInteracts	TotalTime
0	-49.0	-49.0	-50.0	-1.5393035	2.9484797	1.0759736	-22.283539	nan	0.0	2500	52.84360313415527
1	-48.0	-48.0	-45.0	-3.0346308	6.418793	0.93747115	-42.82929	nan	0.1	5000	118.49039578437805
2	-47.0	-47.0	-50.0	-4.2520676	9.107237	0.91163814	-41.30999	nan	0.0	7500	182.9010293483734
3	-50.0	-50.0	-45.0	-5.253912	11.050836	0.9185412	-91.1856	nan	0.1	10000	246.65003871917725
4	-50.0	-50.0	-50.0	-5.746796	12.143979	1.3192929	-58.65756	nan	0.0	12500	309.5962519645691
5	-49.0	-49.0	-50.0	-5.818557	12.529164	1.2904607	-60.05965	nan	0.0	15000	372.8527956008911
6	-49.0	-49.0	-45.0	-5.8461537	12.700595	2.5987546	-73.37205	nan	0.1	17500	434.76147508621216
7	-50.0	-50.0	-45.0	-6.0274396	12.9744	2.1726158	-55.43654	nan	0.1	20000	495.1688573360443
8	-44.06	-44.06	-50.0	-6.203079	13.268487	1.9683199	-56.321533	nan	0.0	22500	556.0096864700317
9	-49.0	-49.0	-50.0	-6.187014	13.291075	1.7350343	-57.390766	nan	0.0	25000	618.2066383361816
10	-47.0	-47.0	-50.0	-6.229442	13.386249	2.3018646	-55.851654	nan	0.0	27500	679.6427624225616
11	-49.0	-49.0	-45.0	-6.4122386	13.705006	4.806075	-55.86946	nan	0.1	30000	742.1981811523438
12	-47.26	-47.26	-50.0	-6.6324434	14.103836	5.982552	-60.350735	nan	0.0	32500	802.6575503349304
13	-48.0	-48.0	-40.0	-6.7291474	14.3406725	3.7391717	-57.766617	nan	0.2	35000	863.5572662353516
14	-47.0	-47.0	-50.0	-6.840649	14.529725	3.0225499	-54.81912	nan	0.0	37500	923.2916767597198
15	-48.0	-48.0	-45.0	-6.809086	14.3717985	3.1870902	-61.23911	nan	0.1	40000	984.8648393154144
16	-47.0	-47.0	-50.0	-6.8590665	14.397824	3.6487465	-61.509018	nan	0.0	42500	1046.2057440280914
17	-49.0	-49.0	-50.0	-7.0400724	14.668534	2.8654473	-57.761944	nan	0.0	45000	1107.753677368164
18	-47.94	-47.94	-50.0	-6.912742	14.499687	2.8200502	-57.58252	nan	0.0	47500	1170.2591166496277
19	-49.0	-49.0	-50.0	-6.951519	14.556367	3.2718625	-61.568817	nan	0.0	50000	1231.6675057411194
20	-47.0	-47.0	-50.0	-7.1423683	14.9433775	2.7720778	-58.26047	nan	0.0	52500	1292.1451799869537
21	-48.0	-48.0	-50.0	-7.3047485	15.231715	2.8797848	-59.014473	nan	0.0	55000	1352.9286410808563
22	-50.0	-50.0	-40.0	-7.2019095	15.138326	2.390203	-59.86475	nan	0.2	57500	1413.679853439331
23	-48.0	-48.0	-45.0	-7.1230264	15.043379	3.987937	-56.44039	nan	0.1	60000	1473.1468513011932
24	-48.0	-48.0	-50.0	-6.741705	14.383361	3.2580397	-61.806915	nan	0.0	62500	1533.9724781513214
25	-49.14	-49.14	-45.0	-6.112224	13.202285	2.128509	-55.15108	nan	0.1	65000	1595.1907844543457
26	-49.0	-49.0	-45.0	-5.988405	12.7233715	4.031636	-61.684177	nan	0.1	67500	1656.2655024528503
27	-46.0	-46.0	-50.0	-5.8923707	12.509426	4.406211	-62.083767	nan	0.0	70000	1717.3656828403473
28	-49.0	-49.0	-50.0	-5.9902525	12.65452	4.0992455	-55.493404	nan	0.0	72500	1777.9175164699554
29	-47.3	-47.3	-50.0	-6.2234955	13.080114	2.2713795	-56.482056	nan	0.0	75000	1838.6701204776764
30	-49.0	-49.0	-50.0	-6.2505255	13.160973	2.9545317	-60.131058	nan	0.0	77500	1899.8264803886414
31	-49.3	-49.3	-45.0	-6.1850314	13.006369	6.03743	-59.477547	nan	0.1	80000	1960.8635141849518
32	-50.0	-50.0	-45.0	-5.9906483	12.621693	3.2007751	-55.99505	nan	0.1	82500	2022.423884153366
33	-46.2	-46.2	-50.0	-6.0454617	12.714222	5.2094793	-55.288803	nan	0.0	85000	2083.835975408554
34	-47.94	-47.94	-50.0	-6.273194	13.134291	3.7343817	-54.394897	nan	0.0	87500	2143.3776903152466
35	-50.0	-50.0	-45.0	-6.499249	13.56433	3.541575	-58.06035	nan	0.1	90000	2204.2362008094788
36	-48.7	-48.7	-50.0	-6.560135	13.669452	2.7386556	-56.882225	nan	0.0	92500	2265.0566189289093
37	-49.0	-49.0	-35.0	-6.680262	13.855585	2.773882	-57.244408	nan	0.3	95000	2326.002950668335
38	-45.4	-45.4	-50.0	-6.6517777	13.871981	3.6375587	-57.504982	nan	0.0	97500	2386.332596063614
39	-50.0	-50.0	-40.0	-6.532462	13.690658	4.0334396	-64.447975	nan	0.2	100000	2446.6435236930847
40	-48.76	-48.76	-50.0	-6.585515	13.70676	4.0574946	-59.048836	nan	0.0	102500	2506.4257247447968
41	-46.5	-46.5	-50.0	-6.471693	13.454769	2.6422834	-58.89018	nan	0.0	105000	2567.073994398117
42	-46.68	-46.68	-50.0	-6.34488	13.200604	3.3517694	-68.627235	nan	0.0	107500	2627.160932302475
43	-47.3	-47.3	-50.0	-6.201372	12.876863	5.3597655	-57.859688	nan	0.0	110000	2688.523274421692
44	-48.04	-48.04	-50.0	-5.9855504	12.419123	2.8477254	-58.800415	nan	0.0	112500	2750.2263128757477
45	-46.3	-46.3	-50.0	-6.088188	12.648108	3.4318202	-55.656727	nan	0.0	115000	2811.2807426452637
46	-47.1	-47.1	-50.0	-6.205552	12.876387	3.6222422	-61.274315	nan	0.0	117500	2872.3147826194763
47	-47.98	-47.98	-45.0	-6.213456	12.827816	3.1313167	-56.4404	nan	0.1	120000	2933.7925794124603
48	-49.54	-49.54	-45.0	-5.8277764	12.105223	2.8384235	-56.02	nan	0.1	122500	2994.404049396515
49	-48.0	-48.0	-45.0	-5.3313856	11.100267	3.8190958	-60.790607	nan	0.1	125000	3053.8908865451813
50	-49.06	-49.06	-50.0	-4.8101306	10.080751	3.0831275	-57.329193	nan	0.0	127500	3112.9386053085327
51	-47.0	-47.0	-45.0	-4.9312696	10.260955	4.3056955	-58.815105	nan	0.1	130000	3171.6882321834564
52	-47.0	-47.0	-45.0	-5.1808457	10.721313	4.132558	-56.704	nan	0.1	132500	3231.0892808437347
53	-49.0	-49.0	-50.0	-5.4748936	11.255469	3.6491117	-56.621384	nan	0.0	135000	3290.1758863925934
54	-48.46	-48.46	-45.0	-5.5956373	11.45747	5.5924845	-55.239697	nan	0.1	137500	3349.182142496109
55	-47.48	-47.48	-50.0	-5.5250554	11.290425	3.8642144	-55.376316	nan	0.0	140000	3408.4812297821045
56	-44.52	-44.52	-50.0	-5.599589	11.488263	3.1885228	-54.23634	nan	0.0	142500	3467.520877122879
57	-50.0	-50.0	-50.0	-6.0582614	12.359896	3.5979152	-54.982777	nan	0.0	145000	3525.9480764865875
58	-48.98	-48.98	-50.0	-6.28398	12.796231	4.1330147	-55.061436	nan	0.0	147500	3585.2328746318817
59	-46.18	-46.18	-50.0	-6.390924	13.001347	5.5779753	-64.03594	nan	0.0	150000	3645.2525820732117
60	-46.42	-46.42	-50.0	-6.339949	12.964031	5.2374105	-54.0017	nan	0.0	152500	3705.6939487457275
61	-46.58	-46.58	-50.0	-5.9847407	12.386815	4.4472804	-60.03828	nan	0.0	155000	3765.37185049057
62	-45.62	-45.62	-50.0	-5.6848693	11.901166	3.7744503	-56.65512	nan	0.0	157500	3825.1767513751984
63	-50.0	-50.0	-50.0	-5.783673	12.006235	3.5205822	-58.645588	nan	0.0	160000	3883.0494725704193
64	-46.88	-46.88	-45.0	-5.9342203	12.165092	4.0505075	-61.143185	nan	0.1	162500	3942.323719263077
65	-46.84	-46.84	-45.0	-6.03324	12.283175	3.6057863	-54.810863	nan	0.1	165000	4002.4109394550323
66	-49.82	-49.82	-50.0	-6.1158586	12.483482	2.9221988	-55.555077	nan	0.0	167500	4062.68408703804
67	-49.0	-49.0	-50.0	-6.0744433	12.418936	3.327869	-58.496334	nan	0.0	170000	4123.185842037201
68	-47.82	-47.82	-50.0	-5.980547	12.283286	5.4749446	-62.15715	nan	0.0	172500	4183.82298541069
69	-47.86	-47.86	-41.100002	-5.8545923	11.977561	5.200024	-54.87792	nan	0.2	175000	4244.833087921143
70	-48.26	-48.26	-50.0	-5.683537	11.568882	3.3505502	-58.518913	nan	0.0	177500	4305.201862812042
71	-46.52	-46.52	-50.0	-5.7941766	11.719006	4.6411023	-54.2134	nan	0.0	180000	4364.929778575897
72	-46.22	-46.22	-46.100002	-5.8490543	11.905455	4.1061654	-54.72229	nan	0.1	182500	4426.027033567429
73	-48.22	-48.22	-45.0	-5.8929443	12.033478	4.2927785	-54.638138	nan	0.1	185000	4485.093309879303
74	-47.92	-47.92	-46.0	-5.9095125	12.094767	3.2982855	-55.71443	nan	0.1	187500	4544.945265293121
75	-47.92	-47.92	-45.0	-5.8677735	12.020021	2.583744	-56.49449	nan	0.1	190000	4605.544438123703
76	-47.54	-47.54	-46.100002	-5.548088	11.427272	4.597286	-56.094883	nan	0.1	192500	4666.121457576752
77	-46.9	-46.9	-50.0	-5.209371	10.603612	3.1524363	-52.348286	nan	0.0	195000	4727.824075460434
78	-46.64	-46.64	-50.0	-5.0053854	10.134006	4.0644426	-53.44311	nan	0.0	197500	4788.744078159332
79	-47.6	-47.6	-41.7	-5.118556	10.324403	2.884162	-55.24365	nan	0.2	200000	4848.436538219452
80	-46.66	-46.66	-50.0	-5.3472204	10.761146	3.2970934	-56.041893	nan	0.0	202500	4909.412680387497
81	-48.48	-48.48	-50.0	-5.535666	11.175954	4.8158607	-56.07591	nan	0.0	205000	4968.795018672943
82	-50.0	-50.0	-45.0	-5.5780497	11.369063	1.3752174	-58.660484	nan	0.1	207500	5027.88933801651
83	-47.6	-47.6	-49.7	-5.599911	11.44731	2.3497677	-55.001442	nan	0.0	210000	5086.988463878632
84	-48.0	-48.0	-45.5	-5.5867457	11.496835	1.6367445	-53.975918	nan	0.1	212500	5146.120881080627
85	-46.16	-46.16	-45.0	-5.5649695	11.516422	1.9432373	-54.57141	nan	0.1	215000	5207.010777950287
86	-47.78	-47.78	-50.0	-5.635529	11.620292	1.3312597	-54.23643	nan	0.0	217500	5266.445267438889
87	-47.24	-47.24	-49.8	-5.6981444	11.799627	1.6753931	-56.10008	nan	0.0	220000	5326.793815374374
88	-48.98	-48.98	-50.0	-5.837362	12.005744	1.7050676	-55.4868	nan	0.0	222500	5386.651342868805
89	-46.76	-46.76	-50.0	-5.769967	11.935852	1.1681995	-55.50948	nan	0.0	225000	5446.963049173355
90	-46.76	-46.76	-45.0	-5.6898885	11.78549	1.8043737	-56.974167	nan	0.1	227500	5506.170685529709
91	-47.06	-47.06	-45.0	-5.5593057	11.574478	2.152071	-54.825134	nan	0.1	230000	5565.085962057114
92	-49.12	-49.12	-45.0	-5.581528	11.641392	3.4937658	-54.131634	nan	0.1	232500	5624.349517583847
93	-41.66	-41.66	-45.899998	-5.6083355	11.675637	2.980031	-55.480972	nan	0.1	235000	5684.2237849235535
94	-47.62	-47.62	-39.3	-5.658026	11.767271	1.7426882	-54.898018	nan	0.3	237500	5742.981678247452
95	-46.62	-46.62	-43.899998	-5.650984	11.657462	14.432661	-55.985573	nan	0.1	240000	5802.677191495895
96	-47.08	-47.08	-50.0	-5.226635	10.792917	10.478397	-55.890366	nan	0.0	242500	5863.634701967239
97	-46.48	-46.48	-50.0	-4.89673	10.104508	5.357114	-55.281425	nan	0.0	245000	5922.879140615463
98	-45.74	-45.74	-46.0	-5.0051365	10.2733755	1.6881342	-54.033333	nan	0.1	247500	5981.970006942749
99	-46.78	-46.78	-43.100002	-5.296716	10.834299	1.340272	-55.628372	nan	0.2	250000	6041.094038724899
100	-45.56	-45.56	-50.0	-5.4089036	11.084723	1.8082657	-56.320404	nan	0.0	252500	6100.68269610405
101	-44.98	-44.98	-47.7	-5.458431	11.230844	1.5218849	-55.579666	nan	0.1	255000	6160.514152765274
102	-45.06	-45.06	-45.899998	-5.4034157	11.213063	1.9788303	-59.84752	nan	0.1	257500	6220.2673280239105
103	-45.52	-45.52	-45.899998	-5.4506617	11.272667	1.7564125	-55.67368	nan	0.1	260000	6280.642370462418
104	-47.94	-47.94	-40.0	-5.41806	11.167004	4.4287558	-54.922466	nan	0.2	262500	6340.41050696373
105	-47.46	-47.46	-43.5	-5.336562	10.965216	1.7778797	-57.917187	nan	0.2	265000	6401.379798650742
106	-46.58	-46.58	-45.5	-5.199317	10.584712	1.7192345	-55.545273	nan	0.1	267500	6461.305025815964
107	-48.08	-48.08	-37.8	-4.895636	9.999747	2.4158382	-56.096375	nan	0.3	270000	6520.649418830872
108	-47.4	-47.4	-46.0	-4.8020844	9.674082	2.3078756	-59.665333	nan	0.1	272500	6581.170647144318
109	-47.52	-47.52	-42.100002	-4.8486996	9.713763	1.5483236	-56.29733	nan	0.2	275000	6641.318367481232
110	-44.44	-44.44	-48.0	-4.963445	9.935847	2.4282093	-55.548485	nan	0.1	277500	6701.915779829025
111	-47.36	-47.36	-38.3	-5.061322	10.233731	2.9139385	-53.40156	nan	0.3	280000	6762.456012248993
112	-44.06	-44.06	-45.0	-5.154826	10.465444	2.6446047	-53.703983	nan	0.1	282500	6823.108527421951
113	-43.84	-43.84	-47.4	-5.170459	10.535966	2.3667212	-57.400036	nan	0.1	285000	6882.92084479332
114	-44.54	-44.54	-44.3	-5.1038227	10.331772	1.8886385	-54.468277	nan	0.2	287500	6943.485228061676
115	-44.08	-44.08	-45.0	-4.812531	9.630431	3.0573664	-56.634247	nan	0.1	290000	7004.624981164932
116	-48.28	-48.28	-46.8	-4.8364425	9.595115	1.7016487	-61.32712	nan	0.1	292500	7066.628238201141
117	-47.16	-47.16	-32.5	-4.93968	9.895541	2.3701115	-56.23465	nan	0.5	295000	7126.778090715408
118	-47.2	-47.2	-50.0	-4.9022126	9.893523	2.7407722	-56.635273	nan	0.0	297500	7187.652713298798
119	-41.76	-41.76	-40.399998	-4.718704	9.495587	4.17706	-58.21579	nan	0.2	300000	7249.095653772354
120	-47.38	-47.38	-41.399998	-4.4916983	8.852918	6.274699	-57.1019	nan	0.2	302500	7310.317747592926
121	-44.82	-44.82	-45.0	-4.3358684	8.504272	4.6924744	-58.160587	nan	0.1	305000	7370.335807561874
122	-44.02	-44.02	-46.399998	-4.4403067	8.822688	3.8066664	-56.36843	nan	0.1	307500	7429.459668159485
123	-45.42	-45.42	-31.8	-4.7254906	9.439979	4.039983	-54.280315	nan	0.4	310000	7488.827953338623
124	-43.06	-43.06	-48.6	-4.9267807	9.956574	5.95737	-54.22645	nan	0.0	312500	7548.458846569061
125	-46.36	-46.36	-41.0	-5.052406	10.310575	5.4054117	-55.68984	nan	0.2	315000	7608.082844018936
126	-44.96	-44.96	-45.7	-5.0966883	10.479323	4.1467505	-56.779633	nan	0.1	317500	7666.450857639313
127	-45.64	-45.64	-38.7	-5.109769	10.533099	6.8957653	-71.64096	nan	0.3	320000	7726.998536109924
128	-45.34	-45.34	-38.8	-5.072485	10.4391365	4.955394	-52.68889	nan	0.3	322500	7787.056840181351
129	-41.94	-41.94	-41.899998	-5.0186553	10.235853	4.711238	-52.203964	nan	0.2	325000	7847.310087680817
130	-41.06	-41.06	-39.899998	-4.884257	9.866385	4.2720747	-52.1828	nan	0.3	327500	7907.622930049896
131	-42.96	-42.96	-38.0	-4.8014817	9.550237	4.170415	-52.222923	nan	0.3	330000	7967.5064606666565
132	-46.88	-46.88	-36.0	-4.7643957	9.390499	3.7349052	-52.496	nan	0.4	332500	8028.158713817596
133	-44.12	-44.12	-45.8	-4.6329255	9.156966	2.8619728	-51.427208	nan	0.1	335000	8089.917308092117
134	-47.4	-47.4	-36.7	-4.586733	9.010041	3.3419065	-51.396534	nan	0.3	337500	8150.302052497864
135	-42.72	-42.72	-33.0	-4.6203537	9.010355	4.136446	-51.467453	nan	0.6	340000	8212.227518081665
136	-42.46	-42.46	-35.3	-4.621745	8.977019	5.5406876	-54.082558	nan	0.4	342500	8273.48441529274
137	-43.1	-43.1	-37.600002	-4.7341733	9.154542	3.5938778	-54.412636	nan	0.3	345000	8333.721658706665
138	-43.84	-43.84	-39.399998	-4.767899	9.280494	3.2432823	-57.412094	nan	0.3	347500	8394.026005744934
139	-41.04	-41.04	-37.8	-4.817295	9.351123	3.8926182	-59.17408	nan	0.3	350000	8455.352014541626
140	-44.48	-44.48	-39.899998	-4.8073244	9.279486	5.8598995	-52.788628	nan	0.3	352500	8515.983939409256
141	-43.68	-43.68	-39.399998	-4.6713567	8.984971	4.4799156	-53.59839	nan	0.3	355000	8577.221340417862
142	-45.8	-45.8	-45.0	-4.713941	8.997153	4.381521	-53.54258	nan	0.2	357500	8638.096824169159
143	-46.84	-46.84	-38.7	-4.8212004	9.202793	3.3184147	-54.235245	nan	0.3	360000	8700.825859069824
144	-44.02	-44.02	-40.0	-4.908683	9.445121	3.5667305	-52.118607	nan	0.2	362500	8760.958116531372
145	-47.96	-47.96	-45.0	-4.971126	9.57639	4.088482	-57.038967	nan	0.1	365000	8821.405199289322
146	-45.6	-45.6	-40.3	-4.831027	9.350698	4.9795322	-55.583908	nan	0.3	367500	8882.72938299179
147	-44.72	-44.72	-42.8	-4.6544952	8.822676	4.0313606	-52.307312	nan	0.2	370000	8943.95967078209
148	-43.38	-43.38	-39.100002	-4.5385127	8.476908	3.0455647	-51.185417	nan	0.3	372500	9003.888733148575
149	-44.34	-44.34	-43.100002	-4.554357	8.445332	2.3847847	-54.567757	nan	0.1	375000	9063.477983951569
150	-45.1	-45.1	-39.7	-4.595767	8.5422535	3.784912	-52.537872	nan	0.3	377500	9124.355861902237
151	-43.46	-43.46	-35.0	-4.6260257	8.600424	3.311018	-56.800205	nan	0.4	380000	9184.569866657257
152	-43.16	-43.16	-30.4	-4.4461446	8.255254	8.949448	-51.667545	nan	0.5	382500	9244.151539564133
153	-39.9	-39.9	-43.100002	-4.029471	7.331725	5.1369247	-51.36794	nan	0.3	385000	9303.54136300087
154	-39.62	-39.62	-38.8	-4.0338955	7.184383	2.9682026	-53.309303	nan	0.3	387500	9363.928708791733
155	-39.98	-39.98	-43.0	-4.2111597	7.448551	4.8649254	-58.28009	nan	0.2	390000	9422.541938781738
156	-46.4	-46.4	-41.3	-4.307406	7.705065	2.4551907	-53.028854	nan	0.2	392500	9482.191853284836
157	-43.08	-43.08	-39.600002	-4.4240522	7.935621	4.9275246	-54.645348	nan	0.3	395000	9541.700655698776
158	-45.08	-45.08	-39.5	-4.091046	7.2305803	10.385794	-56.938488	nan	0.3	397500	9601.367021799088
159	-42.68	-42.68	-28.5	-3.937384	6.787086	2.9068184	-51.377575	nan	0.6	400000	9662.510551929474
160	-40.96	-40.96	-29.8	-4.1361666	7.150991	2.0065517	-56.71299	nan	0.6	402500	9721.724851846695
161	-42.58	-42.58	-45.100002	-4.335517	7.6676044	3.2537117	-54.331932	nan	0.2	405000	9780.927542924881
162	-43.62	-43.62	-29.3	-4.3953795	7.8667545	3.6479092	-53.39878	nan	0.6	407500	9839.880731344223
163	-38.46	-38.46	-20.1	-4.481221	8.1542635	3.727457	-54.00907	nan	0.7	410000	9899.387210130692
164	-37.78	-37.78	-37.399998	-4.545192	8.35659	2.56287	-56.038612	nan	0.4	412500	9958.204194068909
165	-41.28	-41.28	-29.8	-4.5314913	8.330224	4.9154186	-56.89033	nan	0.4	415000	10016.992772579193
166	-37.12	-37.12	-25.1	-4.528281	8.334678	2.63587	-56.04565	nan	0.6	417500	10077.649865627289
167	-38.52	-38.52	-38.600002	-4.4809175	8.145248	4.785261	-54.264442	nan	0.4	420000	10136.349101305008
168	-38.4	-38.4	-35.2	-4.448671	8.039371	3.2521877	-54.03196	nan	0.5	422500	10195.50257396698
169	-39.52	-39.52	-32.2	-4.339717	7.7500944	3.557602	-50.63618	nan	0.5	425000	10254.947797775269
170	-43.14	-43.14	-39.8	-4.278811	7.439054	3.0204601	-54.10312	nan	0.3	427500	10313.468346834183
171	-40.58	-40.58	-31.4	-4.2613225	7.3781323	4.484825	-53.867554	nan	0.5	430000	10373.406393051147
172	-39.14	-39.14	-36.8	-4.3147755	7.4794984	3.9826317	-59.254105	nan	0.3	432500	10433.484555482864
173	-40.3	-40.3	-32.2	-4.3459435	7.600398	2.4911556	-57.260918	nan	0.4	435000	10492.991600513458
174	-38.78	-38.78	-34.8	-4.39834	7.7911253	3.625824	-52.59121	nan	0.4	437500	10553.724734306335
175	-41.14	-41.14	-30.8	-4.4392877	7.9170346	4.2238045	-49.46212	nan	0.6	440000	10614.215523719788
176	-42.88	-42.88	-27.9	-4.4830585	8.002681	3.0865326	-52.351578	nan	0.6	442500	10675.031777143478
177	-38.4	-38.4	-37.2	-4.466806	8.009729	3.1722355	-55.3285	nan	0.4	445000	10735.449682712555
178	-40.16	-40.16	-31.5	-4.3660455	7.709705	3.247425	-55.240685	nan	0.5	447500	10795.040496110916
179	-36.92	-36.92	-43.100002	-4.2956896	7.4682846	3.721506	-61.172066	nan	0.2	450000	10855.392870903015
180	-43.38	-43.38	-36.7	-4.2820177	7.37659	3.2650986	-59.421314	nan	0.4	452500	10916.868764400482
181	-37.62	-37.62	-41.7	-4.3373003	7.4489136	3.4698315	-57.07461	nan	0.2	455000	10977.534323215485
182	-40.76	-40.76	-27.9	-4.2655897	7.345783	3.6258526	-57.33634	nan	0.5	457500	11038.099482774734
183	-37.22	-37.22	-36.600002	-4.161541	7.034969	2.975788	-53.882225	nan	0.4	460000	11099.940415382385
184	-39.84	-39.84	-33.600002	-4.144739	7.0053763	3.2632866	-58.69753	nan	0.5	462500	11162.329660892487
185	-39.32	-39.32	-41.3	-4.313745	7.401471	2.8277645	-55.92942	nan	0.2	465000	11222.572259187698
186	-34.48	-34.48	-44.0	-4.329069	7.4884686	2.5681324	-54.96153	nan	0.2	467500	11284.200126886368
187	-43.1	-43.1	-22.4	-4.3687806	7.5402527	3.19656	-54.84842	nan	0.6	470000	11344.898198127747
188	-36.0	-36.0	-28.7	-4.343329	7.4869685	3.954916	-55.453995	nan	0.5	472500	11405.27858042717
189	-38.8	-38.8	-29.5	-4.297421	7.3828044	3.6293373	-56.591175	nan	0.5	475000	11466.783509969711
190	-37.24	-37.24	-35.100002	-4.3004475	7.373007	3.2868404	-54.401207	nan	0.5	477500	11527.183200120926
191	-40.4	-40.4	-20.1	-4.2043753	7.057152	2.829607	-57.347523	nan	0.7	480000	11587.807211399078
192	-40.04	-40.04	-27.7	-4.126524	6.869086	3.7996979	-55.986588	nan	0.5	482500	11648.649157047272
193	-38.84	-38.84	-24.5	-4.171961	6.970186	3.0773544	-55.72768	nan	0.6	485000	11709.324380636215
194	-37.46	-37.46	-38.7	-4.1515956	6.975343	3.631113	-55.626053	nan	0.3	487500	11770.863072156906
195	-37.8	-37.8	-35.7	-4.110708	6.8958354	3.0171452	-62.569004	nan	0.4	490000	11833.562413930893
196	-38.14	-38.14	-28.4	-4.0435257	6.645766	3.2320023	-55.33883	nan	0.5	492500	11895.40204000473
197	-37.66	-37.66	-25.4	-4.0934744	6.8133006	2.776863	-61.07026	nan	0.7	495000	11956.467642307281
198	-38.06	-38.06	-31.6	-4.1935368	7.0651903	3.2909584	-54.87996	nan	0.5	497500	12017.815338850021
199	-38.7	-38.7	-22.6	-4.2848945	7.2593956	3.6509552	-57.689064	nan	0.7	500000	12079.238389730453
200	-36.94	-36.94	-16.4	-4.266436	7.2537193	2.6937542	-60.741386	nan	0.9	502500	12140.925570011139
201	-39.26	-39.26	-42.7	-4.3002586	7.395583	3.998415	-61.8378	nan	0.2	505000	12202.727622509003
202	-40.9	-40.9	-29.8	-4.323979	7.437925	3.113863	-64.95665	nan	0.5	507500	12262.899600028992
203	-41.26	-41.26	-32.3	-4.253127	7.277381	4.233465	-56.995415	nan	0.5	510000	12323.737448692322
204	-37.48	-37.48	-21.5	-4.2444334	7.2097044	3.4137688	-53.45268	nan	0.8	512500	12383.742519140244
205	-41.64	-41.64	-30.9	-4.152236	6.947688	4.314375	-81.43973	nan	0.5	515000	12443.698721170425
206	-38.02	-38.02	-30.3	-4.250785	7.1775446	5.604231	-82.02737	nan	0.5	517500	12504.871135950089
207	-35.88	-35.88	-28.4	-4.312044	7.390731	3.8081398	-55.464745	nan	0.5	520000	12564.397079229355
208	-34.26	-34.26	-22.5	-4.2514	7.3137693	4.8521976	-46.57893	nan	0.7	522500	12623.441373109818
209	-36.42	-36.42	-26.4	-4.2642584	7.376343	3.8242474	-43.75624	nan	0.6	525000	12683.634317159653
210	-38.08	-38.08	-32.899998	-4.2967916	7.453508	4.856453	-57.529503	nan	0.5	527500	12744.695090532303
211	-34.66	-34.66	-31.2	-4.3560166	7.6520443	4.2547436	-44.337128	nan	0.5	530000	12805.634828805923
212	-37.56	-37.56	-23.9	-4.3795977	7.7849197	3.5023403	-62.44211	nan	0.6	532500	12867.316635608673
213	-40.12	-40.12	-25.5	-4.314022	7.583999	4.610548	-54.062744	nan	0.7	535000	12928.044034719467
214	-34.08	-34.08	-23.8	-4.304684	7.4819565	4.588459	-54.858147	nan	0.7	537500	12989.629060029984
215	-33.16	-33.16	-23.6	-4.2185287	7.2922587	3.2869797	-63.668423	nan	0.7	540000	13050.929881572723
216	-35.22	-35.22	-24.1	-4.1842422	7.2377615	4.328085	-51.810818	nan	0.7	542500	13112.456453561783
217	-36.76	-36.76	-33.5	-4.2080956	7.296974	5.11273	-75.201256	nan	0.4	545000	13174.048100948334
218	-38.32	-38.32	-20.6	-3.9915943	6.7792473	5.438696	-56.948902	nan	0.7	547500	13235.081300973892
219	-31.78	-31.78	-10.900001	-3.7547004	6.0301423	4.84091	-50.134377	nan	1.0	550000	13295.903533935547
220	-33.98	-33.98	-30.2	-3.8655436	6.3053675	4.0191135	-53.321465	nan	0.6	552500	13356.407757282257
221	-34.98	-34.98	-26.7	-3.909153	6.51538	6.9477367	-54.121788	nan	0.6	555000	13418.815942049026
222	-37.5	-37.5	-29.3	-3.9105122	6.5523834	5.881649	-60.872513	nan	0.6	557500	13482.666839838028
223	-40.24	-40.24	-20.199999	-3.8547027	6.4913015	3.3786945	-47.60255	nan	0.8	560000	13545.219799757004
224	-36.4	-36.4	-16.800001	-3.9341908	6.671447	4.259598	-48.02563	nan	0.8	562500	13606.694308042526
225	-35.74	-35.74	-24.2	-3.9786747	6.909529	3.0106544	-47.039864	nan	0.6	565000	13668.974019050598
226	-39.36	-39.36	-19.4	-4.0583706	7.219978	4.366167	-65.24175	nan	0.8	567500	13731.027561664581
227	-36.98	-36.98	-17.9	-4.14917	7.47439	2.3583508	-47.63366	nan	0.8	570000	13792.002228736877
228	-35.54	-35.54	-22.4	-4.108343	7.4783564	2.8491821	-46.630936	nan	0.7	572500	13852.773119688034
229	-34.16	-34.16	-17.5	-4.0714717	7.3762217	3.3582668	-46.551514	nan	0.8	575000	13912.37630367279
230	-38.62	-38.62	-20.1	-4.0275946	7.258414	2.8545551	-47.894997	nan	0.8	577500	13974.023323774338
231	-36.24	-36.24	-31.6	-3.9892576	7.096795	2.5275936	-47.61586	nan	0.5	580000	14035.980479478836
232	-35.96	-35.96	-35.5	-3.85902	6.643208	2.9915905	-43.76455	nan	0.4	582500	14097.562936306
233	-34.96	-34.96	-29.3	-3.8442292	6.527839	2.5689983	-45.547714	nan	0.5	585000	14158.925474882126
234	-34.76	-34.76	-19.6	-3.8826406	6.7315664	2.659752	-50.871014	nan	0.8	587500	14219.913197994232
235	-34.84	-34.84	-25.0	-3.9811754	7.1118956	3.9040833	-52.12404	nan	0.6	590000	14280.167083263397
236	-32.76	-32.76	-17.300001	-4.040484	7.381793	3.4687176	-47.233135	nan	0.8	592500	14340.853332042694
237	-36.52	-36.52	-25.9	-4.058759	7.4771905	3.628168	-49.32318	nan	0.7	595000	14401.873594045639
238	-33.24	-33.24	-20.4	-3.9935813	7.3461847	2.8105621	-47.104828	nan	0.8	597500	14461.419939994812
239	-32.74	-32.74	-30.0	-3.9014463	7.063372	3.6218796	-47.60211	nan	0.6	600000	14520.708246469498
240	-32.24	-32.24	-29.9	-3.7821457	6.6526036	3.6547737	-44.919914	nan	0.5	602500	14581.435854434967
241	-33.22	-33.22	-21.5	-3.484603	5.7021914	2.8468227	-52.003853	nan	0.7	605000	14641.272022008896
242	-32.72	-32.72	-28.0	-3.5993829	5.9306984	5.832453	-48.672077	nan	0.6	607500	14701.226708650589
243	-36.36	-36.36	-26.5	-3.6848164	6.27155	5.1954613	-49.428528	nan	0.6	610000	14761.171496868134
244	-33.46	-33.46	-24.8	-3.679799	6.312375	4.3994694	-51.589695	nan	0.6	612500	14821.179135799408
245	-34.2	-34.2	-22.300001	-3.6168404	6.17836	4.8026924	-49.3192	nan	0.7	615000	14881.494128465652
246	-30.74	-30.74	-23.1	-3.5801728	6.090868	4.2254467	-48.79276	nan	0.7	617500	14943.128633022308
247	-39.42	-39.42	-24.1	-3.531426	5.876164	4.613224	-53.34382	nan	0.6	620000	15003.768384695053
248	-39.1	-39.1	-15.8	-3.5015068	5.768943	4.5697002	-53.486668	nan	0.7	622500	15063.535202503204
249	-39.2	-39.2	-17.800001	-3.47668	5.675215	4.5006905	-58.194527	nan	0.8	625000	15124.586881160736
250	-31.66	-31.66	-16.300001	-3.3889894	5.5380282	3.6880264	-57.945816	nan	0.9	627500	15184.30843424797
251	-37.08	-37.08	-27.7	-3.367572	5.4729934	2.934473	-47.1288	nan	0.5	630000	15244.251261472702
252	-35.48	-35.48	-22.5	-3.4088635	5.60761	2.9449291	-46.228245	nan	0.6	632500	15304.612617731094
253	-34.54	-34.54	-14.7	-3.4619792	5.705091	2.9088764	-56.454597	nan	0.9	635000	15365.18291091919
254	-36.84	-36.84	-36.899998	-3.4792972	5.7729917	3.0922318	-50.49477	nan	0.3	637500	15425.576582431793
255	-31.18	-31.18	-23.199999	-3.4603252	5.773632	3.7207775	-43.615265	nan	0.7	640000	15485.327732086182
256	-34.7	-34.7	-17.199999	-3.4292786	5.6783123	3.3857746	-42.889107	nan	0.8	642500	15544.134812831879
257	-33.94	-33.94	-21.199999	-3.4008753	5.5781827	3.357582	-59.57218	nan	0.7	645000	15604.179155826569
258	-35.72	-35.72	-27.6	-3.367934	5.4809	3.3627567	-48.929665	nan	0.7	647500	15664.703252315521
259	-34.4	-34.4	-23.8	-3.352018	5.471742	2.3358898	-54.591576	nan	0.7	650000	15723.785774946213
260	-30.8	-30.8	-21.199999	-3.2975936	5.3317113	2.6040516	-51.637146	nan	0.7	652500	15784.25221157074
261	-33.9	-33.9	-17.1	-3.2759917	5.2950163	2.8930397	-44.13124	nan	0.9	655000	15844.414053440094
262	-38.72	-38.72	-20.0	-3.2962735	5.306136	2.1720238	-50.258553	nan	0.7	657500	15904.767357587814
263	-32.26	-32.26	-17.0	-3.3017716	5.296063	3.1427402	-55.641556	nan	0.8	660000	15964.854224443436
264	-35.34	-35.34	-12.3	-3.3128188	5.3140345	2.9333858	-58.31655	nan	0.9	662500	16024.59974861145
265	-34.56	-34.56	-10.900001	-3.259171	5.16613	2.9465275	-46.80194	nan	1.0	665000	16084.630091190338
266	-37.82	-37.82	-21.4	-3.2523694	5.1503735	2.5273228	-54.564323	nan	0.7	667500	16144.325558662415
267	-34.72	-34.72	-12.5	-3.263827	5.1896477	2.9300022	-59.684914	nan	1.0	670000	16204.5854408741
268	-31.02	-31.02	-14.1	-3.233749	5.1158977	2.4828548	-51.65891	nan	0.9	672500	16264.351449251175
269	-35.82	-35.82	-11.3	-3.2487123	5.1211433	3.563902	-58.331436	nan	0.9	675000	16323.787590503693
270	-33.58	-33.58	-12.0	-3.2833357	5.1465707	2.383997	-55.18188	nan	1.0	677500	16383.430756568909
271	-33.1	-33.1	-18.300001	-3.2319846	5.0760164	3.6036034	-55.222748	nan	0.7	680000	16442.516398906708
272	-33.76	-33.76	-14.7	-3.2103624	5.0230684	2.983778	-49.65383	nan	0.9	682500	16502.00036072731
273	-34.32	-34.32	-20.800001	-3.2032936	5.015635	3.835659	-65.784256	nan	0.7	685000	16561.794598340988
274	-31.92	-31.92	-13.4	-3.1918516	4.979609	3.269186	-53.44194	nan	0.9	687500	16622.018570661545
275	-30.6	-30.6	-10.7	-3.1698701	4.9573402	3.0931568	-58.914574	nan	1.0	690000	16682.43639278412
276	-34.6	-34.6	-21.300001	-3.1540244	4.927491	3.403122	-54.832245	nan	0.7	692500	16742.808967590332
277	-33.0	-33.0	-13.5	-3.186127	4.980813	2.966795	-46.373493	nan	0.9	695000	16801.808045387268
278	-31.2	-31.2	-23.4	-3.1843903	4.9641676	3.012476	-60.006725	nan	0.6	697500	16862.50647330284
279	-30.82	-30.82	-19.699999	-3.146281	4.8985214	2.5580292	-66.7837	nan	0.7	700000	16922.288714647293
280	-31.42	-31.42	-14.7	-3.1324174	4.8631315	4.164068	-41.32238	nan	0.8	702500	16982.867388248444
281	-33.82	-33.82	-17.800001	-3.1262574	4.872884	3.5388145	-51.823463	nan	0.8	705000	17042.77362394333
282	-33.78	-33.78	-10.099999	-3.1185205	4.8425603	2.7302876	-59.50685	nan	0.9	707500	17102.41903948784
283	-29.46	-29.46	-14.8	-3.1135466	4.836628	2.2308788	-43.20292	nan	0.8	710000	17162.91825413704
284	-36.14	-36.14	-14.2	-3.118069	4.828641	3.352253	-54.475807	nan	0.8	712500	17221.988568782806
285	-32.92	-32.92	-18.6	-3.0941253	4.7925334	2.5040512	-43.08144	nan	0.7	715000	17281.935766220093
286	-32.68	-32.68	-10.599999	-3.0963783	4.7651997	2.6146908	-50.175835	nan	1.0	717500	17341.820536851883
287	-32.66	-32.66	-21.1	-3.072502	4.718425	3.886938	-42.002083	nan	0.8	720000	17401.592772722244
288	-28.52	-28.52	-10.400001	-3.062913	4.732296	3.1411877	-41.129017	nan	1.0	722500	17462.16509079933
289	-32.1	-32.1	-12.6	-3.0365963	4.684403	2.4552002	-46.72062	nan	0.9	725000	17523.965174674988
290	-30.44	-30.44	-11.9	-3.0674222	4.7438207	2.821165	-37.87213	nan	0.9	727500	17585.34189271927
291	-29.0	-29.0	-13.1	-3.0553713	4.717304	2.0242538	-41.537895	nan	1.0	730000	17645.833997249603
292	-32.8	-32.8	-15.0	-3.0414436	4.6917424	3.0715694	-39.632706	nan	0.9	732500	17706.404123306274
293	-35.18	-35.18	-17.0	-3.028912	4.6336026	2.525278	-41.61393	nan	0.8	735000	17768.07612967491
294	-30.18	-30.18	-12.3	-3.0358071	4.63166	2.354126	-40.965797	nan	1.0	737500	17829.562755584717
295	-32.44	-32.44	-20.699999	-3.018196	4.6159825	2.6773682	-44.220295	nan	0.7	740000	17890.35392189026
296	-31.46	-31.46	-18.6	-3.0099106	4.5834837	3.8668098	-41.014774	nan	0.8	742500	17952.035483837128
297	-28.9	-28.9	-13.4	-3.027208	4.6338654	3.0467834	-50.02311	nan	0.9	745000	18013.28308558464
298	-32.8	-32.8	-10.3	-3.0073457	4.5554333	2.9480858	-43.103333	nan	1.0	747500	18074.669718503952
299	-31.94	-31.94	-17.300001	-2.9969456	4.532242	7.219301	-39.82847	nan	0.8	750000	18136.24673986435
300	-32.22	-32.22	-10.400001	-2.9807034	4.4857807	7.2135983	-42.298615	nan	1.0	752500	18197.227590322495
301	-29.16	-29.16	-13.8	-2.953266	4.415502	10.624502	-54.798954	nan	0.9	755000	18257.797879219055
302	-33.04	-33.04	-15.5	-2.975213	4.409522	4.4721336	-42.017536	nan	0.9	757500	18319.088418483734
303	-27.16	-27.16	-17.300001	-2.973251	4.4348173	3.6906757	-43.78838	nan	0.8	760000	18380.06021142006
304	-29.14	-29.14	-16.9	-2.960893	4.4137425	5.1692924	-45.626163	nan	0.8	762500	18440.68441081047
305	-31.92	-31.92	-14.9	-2.9561493	4.407912	3.4345608	-41.80477	nan	0.9	765000	18503.039497852325
306	-29.58	-29.58	-16.1	-2.972886	4.4377804	2.9974155	-46.630035	nan	0.9	767500	18564.14323735237
307	-31.82	-31.82	-14.5	-2.978555	4.4466686	4.829052	-46.954956	nan	0.9	770000	18626.323078870773
308	-35.54	-35.54	-13.0	-2.9522262	4.39535	3.8297787	-45.155426	nan	1.0	772500	18687.519819259644
309	-31.14	-31.14	-7.9	-2.9550385	4.403646	5.1484184	-43.990746	nan	1.0	775000	18748.241859912872
310	-32.02	-32.02	-10.0	-2.9783704	4.4289727	4.761528	-46.50232	nan	1.0	777500	18809.080451965332
311	-29.42	-29.42	-12.4	-2.9924662	4.471741	5.3971825	-50.898956	nan	0.9	780000	18870.51274085045
312	-32.4	-32.4	-13.7	-2.9752011	4.4367537	3.70257	-46.07084	nan	0.9	782500	18931.122680425644
313	-27.28	-27.28	-12.1	-2.9483128	4.3936834	4.6610737	-43.91704	nan	1.0	785000	18991.627441883087
314	-28.48	-28.48	-10.3	-2.9807653	4.411354	5.535557	-45.898464	nan	1.0	787500	19052.160593032837
315	-34.2	-34.2	-8.099999	-2.9646118	4.359923	4.5684757	-45.262222	nan	1.0	790000	19111.76030230522
316	-34.24	-34.24	-13.9	-2.992851	4.4003234	5.2368965	-45.53729	nan	0.9	792500	19171.169457912445
317	-28.1	-28.1	-8.5	-2.9670532	4.355123	3.061243	-50.229416	nan	1.0	795000	19231.23592567444
318	-32.6	-32.6	-10.8	-2.97401	4.382132	4.757778	-57.8389	nan	1.0	797500	19292.520240306854
319	-28.54	-28.54	-9.400001	-2.9809902	4.386814	4.9147015	-43.51753	nan	1.0	800000	19352.776799678802
320	-32.98	-32.98	-10.400001	-2.9758976	4.3699	3.790676	-52.07369	nan	1.0	802500	19412.9776198864
321	-29.82	-29.82	-13.8	-2.9585257	4.348965	4.92008	-56.84996	nan	1.0	805000	19473.46578192711
322	-31.12	-31.12	-7.2	-2.9564862	4.3362865	3.5667973	-54.258087	nan	1.0	807500	19534.17330646515
323	-34.7	-34.7	-18.5	-2.9615777	4.325519	3.7866173	-45.216576	nan	0.7	810000	19593.599401950836
324	-30.34	-30.34	-19.199999	-3.0021079	4.3821206	9.300198	-46.013706	nan	0.8	812500	19653.607939004898
325	-32.44	-32.44	-17.5	-2.9946778	4.350689	3.0234375	-44.719124	nan	0.8	815000	19712.775921344757
326	-32.64	-32.64	-10.599999	-2.9759436	4.3465686	6.142956	-46.067955	nan	0.9	817500	19773.38250374794
327	-33.46	-33.46	-15.0	-2.9852037	4.330515	5.380686	-46.915226	nan	1.0	820000	19834.58546614647
328	-31.8	-31.8	-14.1	-2.9810157	4.3389564	6.4773865	-48.061165	nan	0.9	822500	19895.532757282257
329	-31.38	-31.38	-8.599999	-2.9580207	4.2935815	3.8401241	-60.47428	nan	1.0	825000	19956.657124996185
330	-31.52	-31.52	-10.7	-2.9473708	4.264526	4.558134	-52.75127	nan	1.0	827500	20017.517981290817
331	-32.46	-32.46	-9.3	-2.9482262	4.2727814	5.673847	-48.854122	nan	1.0	830000	20079.02342414856
332	-33.16	-33.16	-12.9	-2.9268174	4.2369614	3.3552704	-43.93662	nan	0.9	832500	20140.103815078735
333	-32.92	-32.92	-15.4	-2.9112353	4.2186394	4.486267	-45.779236	nan	0.8	835000	20202.073335409164
334	-35.0	-35.0	-12.3	-2.9145505	4.215564	4.4682503	-45.59689	nan	1.0	837500	20264.255839824677
335	-29.42	-29.42	-10.099999	-2.9217618	4.2180934	4.8215637	-46.50035	nan	1.0	840000	20327.052640914917
336	-26.9	-26.9	-14.3	-2.903201	4.2063375	4.8890114	-54.162216	nan	0.8	842500	20388.91138100624
337	-34.54	-34.54	-11.9	-2.9126682	4.2140865	4.502571	-50.806038	nan	1.0	845000	20451.475368976593
338	-32.86	-32.86	-12.6	-2.9332318	4.265141	4.4858055	-50.02922	nan	0.9	847500	20512.59013581276
339	-35.12	-35.12	-18.300001	-2.9076564	4.222038	8.965832	-44.87959	nan	0.8	850000	20573.18191552162
340	-30.82	-30.82	-11.400001	-2.8872743	4.1870513	5.794239	-54.38585	nan	0.9	852500	20635.490680217743
341	-32.88	-32.88	-12.5	-2.8913896	4.192858	4.297962	-49.292526	nan	0.9	855000	20696.182408094406
342	-29.3	-29.3	-14.4	-2.8826869	4.190725	3.800312	-48.461163	nan	0.9	857500	20757.099113464355
343	-31.36	-31.36	-9.5	-2.8589418	4.167823	8.830074	-60.058117	nan	1.0	860000	20819.41727590561
344	-32.78	-32.78	-13.0	-2.8697624	4.1622705	5.525345	-48.03194	nan	1.0	862500	20880.918625354767
345	-26.44	-26.44	-10.0	-2.8611207	4.1500726	6.234852	-53.98085	nan	1.0	865000	20941.265560388565
346	-29.68	-29.68	-8.7	-2.8776956	4.1854277	5.7859535	-50.159447	nan	1.0	867500	21001.055487394333
347	-34.22	-34.22	-17.1	-2.8879716	4.1919465	5.661129	-59.397625	nan	0.9	870000	21062.371703863144
348	-32.46	-32.46	-11.400001	-2.8782907	4.1761866	6.693123	-44.551147	nan	1.0	872500	21122.904147148132
349	-30.2	-30.2	-13.6	-2.8707871	4.169793	3.904766	-48.829586	nan	1.0	875000	21182.324926137924
350	-33.5	-33.5	-10.599999	-2.873014	4.1790695	7.64188	-46.96237	nan	1.0	877500	21242.485724449158
351	-29.86	-29.86	-14.5	-2.8753393	4.183563	7.375988	-48.653427	nan	1.0	880000	21302.8720536232
352	-32.12	-32.12	-13.6	-2.8894768	4.2195134	5.14785	-60.51541	nan	0.9	882500	21364.21585702896
353	-32.46	-32.46	-12.3	-2.8792424	4.1977057	3.6291122	-51.57511	nan	0.9	885000	21425.934411525726
354	-33.8	-33.8	-12.5	-2.8740797	4.2067275	4.7021713	-45.24228	nan	1.0	887500	21487.27030968666
355	-31.26	-31.26	-13.0	-2.8639987	4.1773596	4.449089	-43.375607	nan	1.0	890000	21548.45845246315
356	-30.34	-30.34	-9.599999	-2.8559148	4.182904	4.864109	-54.123116	nan	1.0	892500	21609.6215031147
357	-27.92	-27.92	-10.2	-2.8790777	4.1936307	3.6536102	-48.344246	nan	1.0	895000	21670.025460243225
358	-31.76	-31.76	-10.3	-2.8670995	4.189637	8.749252	-56.38964	nan	1.0	897500	21729.9127035141
359	-34.16	-34.16	-10.5	-2.8577714	4.201578	5.784992	-53.01927	nan	1.0	900000	21791.167057991028
360	-29.98	-29.98	-9.7	-2.8460906	4.1628385	5.3545113	-45.105545	nan	1.0	902500	21851.055147647858
361	-31.86	-31.86	-15.6	-2.8504164	4.1961074	4.969101	-47.45969	nan	0.9	905000	21911.500995397568
362	-29.62	-29.62	-9.5	-2.8645127	4.202458	5.0988617	-52.072876	nan	1.0	907500	21971.260573863983
363	-33.38	-33.38	-14.9	-2.8360517	4.162257	10.346882	-43.70515	nan	0.9	910000	22032.375453948975
364	-27.7	-27.7	-9.900001	-2.813878	4.1324253	5.904251	-48.64112	nan	1.0	912500	22093.37012553215
365	-33.84	-33.84	-9.099999	-2.8226085	4.1457195	5.860073	-53.204433	nan	1.0	915000	22154.968606948853
366	-32.94	-32.94	-11.3	-2.8357425	4.1833224	6.643299	-48.16059	nan	1.0	917500	22215.61385035515
367	-32.9	-32.9	-12.1	-2.8295665	4.1726537	6.232338	-63.31156	nan	1.0	920000	22276.191933631897
368	-32.1	-32.1	-16.5	-2.8183286	4.177411	6.3051834	-49.704845	nan	0.9	922500	22336.720477342606
369	-29.48	-29.48	-12.2	-2.7978733	4.118008	3.8180504	-52.51734	nan	1.0	925000	22397.539532899857
370	-33.24	-33.24	-9.2	-2.826053	4.1675935	5.685543	-47.859253	nan	1.0	927500	22457.674122571945
371	-31.96	-31.96	-9.7	-2.82633	4.1601715	6.479286	-58.955532	nan	1.0	930000	22516.95689535141
372	-31.56	-31.56	-10.8	-2.8152049	4.129731	7.7254143	-46.424316	nan	1.0	932500	22576.373178243637
373	-29.02	-29.02	-11.5	-2.818646	4.131995	4.870449	-50.279453	nan	1.0	935000	22636.79953789711
374	-35.34	-35.34	-9.8	-2.8164127	4.124512	4.9534416	-49.265656	nan	1.0	937500	22697.73163843155
375	-34.32	-34.32	-10.400001	-2.8266313	4.156738	4.585285	-51.574684	nan	1.0	940000	22757.172912597656
376	-29.02	-29.02	-11.0	-2.8270144	4.1745024	6.932949	-51.02012	nan	1.0	942500	22817.030976057053
377	-29.78	-29.78	-12.3	-2.823699	4.1663637	5.756489	-49.29981	nan	1.0	945000	22877.169548273087
378	-29.84	-29.84	-11.599999	-2.8072753	4.1652584	8.344898	-57.052628	nan	1.0	947500	22937.171194076538
379	-32.04	-32.04	-11.7	-2.8107908	4.1593323	4.920334	-54.126717	nan	1.0	950000	22996.64247727394
380	-29.5	-29.5	-13.8	-2.8176522	4.169624	5.0531693	-48.753616	nan	1.0	952500	23055.45065665245
381	-28.82	-28.82	-11.5	-2.8184133	4.160296	6.395607	-45.938156	nan	1.0	955000	23115.16668319702
382	-31.2	-31.2	-12.0	-2.8077788	4.155734	8.640804	-49.833572	nan	1.0	957500	23174.545088768005
383	-30.66	-30.66	-11.2	-2.8022633	4.1603737	7.0579414	-58.872486	nan	1.0	960000	23234.229393720627
384	-29.82	-29.82	-9.900001	-2.8050723	4.118091	4.897892	-64.69658	nan	1.0	962500	23294.320952415466
385	-30.84	-30.84	-13.3	-2.8034763	4.153948	7.2016335	-51.955338	nan	1.0	965000	23354.535935640335
386	-31.12	-31.12	-10.400001	-2.818113	4.172706	5.420086	-49.92955	nan	1.0	967500	23413.91171646118
387	-33.66	-33.66	-12.1	-2.8186421	4.162889	7.3114433	-51.54608	nan	1.0	970000	23474.161512851715
388	-33.66	-33.66	-7.5	-2.826069	4.1825333	5.001972	-48.176224	nan	1.0	972500	23534.51907491684
389	-34.12	-34.12	-10.900001	-2.8247342	4.1953177	9.443626	-64.12419	nan	1.0	975000	23594.584880828857
390	-29.04	-29.04	-10.0	-2.808299	4.150192	4.709717	-51.569305	nan	1.0	977500	23653.34802031517
391	-31.62	-31.62	-11.8	-2.824677	4.18981	7.397648	-54.363358	nan	1.0	980000	23712.000699281693
392	-34.48	-34.48	-12.7	-2.8395822	4.194705	8.159477	-46.95316	nan	1.0	982500	23772.373144865036
393	-31.22	-31.22	-12.0	-2.8248117	4.1885686	6.8569527	-58.55165	nan	1.0	985000	23832.698565244675
394	-30.84	-30.84	-8.599999	-2.8381147	4.203081	4.520775	-59.190742	nan	1.0	987500	23892.82338452339
395	-34.62	-34.62	-8.3	-2.8256009	4.210517	10.849899	-50.456383	nan	1.0	990000	23951.800532102585
396	-32.3	-32.3	-8.400001	-2.8477798	4.218887	4.8872375	-57.049465	nan	1.0	992500	24011.761271476746
397	-29.84	-29.84	-9.7	-2.8356361	4.1994624	4.5582733	-50.78107	nan	1.0	995000	24070.12896490097
398	-30.32	-30.32	-10.2	-2.8184643	4.1807947	6.941551	-55.30247	nan	1.0	997500	24129.25141096115
399	-34.68	-34.68	-12.9	-2.8469596	4.2077503	5.8799477	-59.06859	nan	1.0	1000000	24189.04237961769
400	-31.14	-31.14	-8.5	-2.8697703	4.231336	4.157444	-51.609684	nan	1.0	1002500	24247.442632436752
401	-27.72	-27.72	-10.400001	-2.8390594	4.2055416	8.482601	-55.525414	nan	1.0	1005000	24306.618955373764
402	-31.68	-31.68	-12.6	-2.828263	4.180631	8.909855	-54.734688	nan	1.0	1007500	24366.271506786346
403	-29.16	-29.16	-8.5	-2.8360124	4.1927085	5.476059	-47.50807	nan	1.0	1010000	24425.82721400261
404	-31.44	-31.44	-10.7	-2.8237984	4.181693	4.235729	-55.163445	nan	1.0	1012500	24485.935765743256
405	-26.86	-26.86	-8.2	-2.8120818	4.2011023	7.6733932	-59.310112	nan	1.0	1015000	24545.166316509247
406	-27.68	-27.68	-9.099999	-2.8161728	4.182502	3.9355812	-57.88993	nan	1.0	1017500	24603.604884386063
407	-31.42	-31.42	-9.599999	-2.8233426	4.2166123	6.7507706	-48.79704	nan	1.0	1020000	24663.232754945755
408	-29.24	-29.24	-9.3	-2.8044257	4.1930137	7.035866	-72.753136	nan	1.0	1022500	24721.7568025589
409	-31.52	-31.52	-13.2	-2.8117745	4.168115	6.443493	-54.483402	nan	0.9	1025000	24781.829339265823
410	-32.7	-32.7	-10.2	-2.7982242	4.18063	4.492546	-53.887356	nan	1.0	1027500	24841.04846739769
411	-30.02	-30.02	-10.400001	-2.8005412	4.1860127	5.4089203	-54.22139	nan	1.0	1030000	24900.07092499733
412	-29.52	-29.52	-10.099999	-2.7838874	4.1925163	6.3464966	-59.426132	nan	1.0	1032500	24959.65713429451
413	-29.86	-29.86	-10.8	-2.7788205	4.1715965	5.759041	-73.349686	nan	1.0	1035000	25019.449201345444
414	-35.12	-35.12	-9.5	-2.7913408	4.1789455	4.8738976	-48.478287	nan	1.0	1037500	25078.78332924843
415	-31.92	-31.92	-11.0	-2.7936401	4.1754746	8.657753	-64.329155	nan	1.0	1040000	25137.244749307632
416	-29.76	-29.76	-10.2	-2.7778404	4.1766734	4.505825	-51.68439	nan	1.0	1042500	25197.77500152588
417	-32.64	-32.64	-10.5	-2.7899706	4.18572	5.955185	-64.72882	nan	1.0	1045000	25257.371821165085
418	-30.8	-30.8	-9.7	-2.8043752	4.2264156	5.089733	-48.651966	nan	1.0	1047500	25318.660919189453
419	-26.6	-26.6	-11.7	-2.7786524	4.2058187	4.163414	-59.492207	nan	1.0	1050000	25379.08536028862
420	-29.06	-29.06	-10.599999	-2.7671893	4.187646	9.459255	-50.45205	nan	1.0	1052500	25439.440647363663
421	-32.98	-32.98	-9.5	-2.769524	4.1624064	5.3469505	-47.44309	nan	1.0	1055000	25499.335708618164
422	-30.44	-30.44	-9.7	-2.7660515	4.1903815	5.989834	-49.99547	nan	1.0	1057500	25558.132148504257
423	-27.0	-27.0	-8.8	-2.7455554	4.166711	5.408474	-49.543297	nan	1.0	1060000	25618.8796210289
424	-30.28	-30.28	-10.400001	-2.7615693	4.1943536	4.76355	-51.261513	nan	1.0	1062500	25679.48148918152
425	-29.88	-29.88	-9.0	-2.7733667	4.23419	6.1178703	-54.907097	nan	1.0	1065000	25738.849274396896
426	-32.16	-32.16	-10.7	-2.752733	4.2276864	4.552021	-57.50504	nan	1.0	1067500	25798.563008785248
427	-31.56	-31.56	-10.3	-2.7834888	4.269736	7.1746483	-48.41596	nan	1.0	1070000	25858.10973882675
428	-29.52	-29.52	-10.099999	-2.7837825	4.257753	5.0585823	-54.796753	nan	1.0	1072500	25918.204884290695
429	-31.1	-31.1	-13.5	-2.7829912	4.25554	5.4159813	-60.7099	nan	0.9	1075000	25979.102412223816
430	-35.48	-35.48	-11.9	-2.7647305	4.2480087	5.199993	-53.872143	nan	1.0	1077500	26040.071322202682
431	-28.94	-28.94	-13.5	-2.767676	4.251619	9.681133	-53.761032	nan	1.0	1080000	26100.366989135742
432	-31.98	-31.98	-7.9	-2.7689946	4.241853	4.614002	-57.193855	nan	1.0	1082500	26160.963587760925
433	-29.96	-29.96	-11.0	-2.7593591	4.21466	11.594841	-54.303528	nan	1.0	1085000	26221.500269651413
434	-32.58	-32.58	-10.599999	-2.778471	4.2632155	7.7186813	-52.76613	nan	1.0	1087500	26282.64469242096
435	-31.84	-31.84	-10.599999	-2.7895396	4.2710023	6.389015	-51.65278	nan	1.0	1090000	26343.885155916214
436	-31.1	-31.1	-9.5	-2.783942	4.2845445	4.4606514	-55.87962	nan	1.0	1092500	26404.461106300354
437	-31.04	-31.04	-10.900001	-2.7797484	4.2722316	6.248768	-51.598404	nan	1.0	1095000	26465.288261175156
438	-29.72	-29.72	-9.599999	-2.7971158	4.289245	6.3540077	-48.490795	nan	1.0	1097500	26525.771696567535
439	-29.8	-29.8	-10.900001	-2.8065705	4.313281	5.946865	-58.5643	nan	1.0	1100000	26584.01404428482
440	-30.0	-30.0	-11.599999	-2.7857316	4.274145	4.6049995	-58.26915	nan	1.0	1102500	26642.03046488762
441	-31.98	-31.98	-11.599999	-2.7731302	4.2527885	4.422989	-54.24906	nan	1.0	1105000	26702.478843212128
442	-33.5	-33.5	-11.400001	-2.778746	4.2755685	4.5062485	-50.11965	nan	1.0	1107500	26761.333132267
443	-30.1	-30.1	-12.0	-2.785772	4.2780156	6.815647	-56.901825	nan	1.0	1110000	26820.38725209236
444	-28.5	-28.5	-9.099999	-2.7789333	4.2493467	4.2946854	-53.577354	nan	1.0	1112500	26878.521027565002
445	-33.18	-33.18	-8.8	-2.7796607	4.245797	5.375496	-50.775112	nan	1.0	1115000	26937.487596035004
446	-31.74	-31.74	-10.0	-2.7753508	4.250477	6.2820168	-52.293976	nan	1.0	1117500	26996.005514144897
447	-33.46	-33.46	-7.2	-2.7842703	4.2583947	4.938587	-58.19188	nan	1.0	1120000	27054.61132144928
448	-31.56	-31.56	-12.1	-2.7847197	4.255084	9.107754	-60.402855	nan	1.0	1122500	27113.48065519333
449	-30.4	-30.4	-9.7	-2.7683764	4.2308455	6.046379	-56.12028	nan	1.0	1125000	27172.07827591896
450	-28.6	-28.6	-12.2	-2.7701008	4.234504	7.8221855	-51.71522	nan	1.0	1127500	27230.55862927437
451	-32.16	-32.16	-11.400001	-2.7553718	4.198125	7.511242	-51.300156	nan	1.0	1130000	27288.84995150566
452	-33.86	-33.86	-8.7	-2.7672753	4.243086	4.4908943	-53.828873	nan	1.0	1132500	27346.546952962875
453	-34.9	-34.9	-10.400001	-2.770538	4.2238855	5.3743134	-57.029114	nan	1.0	1135000	27402.05919098854
454	-30.44	-30.44	-12.0	-2.7935855	4.248728	7.769333	-67.83261	nan	1.0	1137500	27455.368718862534
455	-34.28	-34.28	-10.099999	-2.7794151	4.233237	5.8858643	-52.449116	nan	1.0	1140000	27504.904415369034
456	-29.38	-29.38	-10.3	-2.781768	4.2527175	5.1346283	-57.041073	nan	1.0	1142500	27555.551360607147
457	-33.16	-33.16	-11.400001	-2.766977	4.2080956	4.6294746	-48.639095	nan	1.0	1145000	27606.73736858368
458	-32.14	-32.14	-12.3	-2.8002248	4.2641683	7.616707	-52.04605	nan	1.0	1147500	27656.342656612396
459	-35.06	-35.06	-11.0	-2.7959604	4.298675	9.129795	-57.76535	nan	1.0	1150000	27703.17928504944
460	-33.2	-33.2	-8.0	-2.8019783	4.2884235	4.248478	-58.490948	nan	1.0	1152500	27748.155562639236
461	-32.64	-32.64	-10.599999	-2.7785878	4.246316	13.681335	-55.38647	nan	1.0	1155000	27792.069189310074
462	-31.7	-31.7	-11.099999	-2.800367	4.2561817	7.1219864	-55.409863	nan	1.0	1157500	27835.739542245865
463	-30.44	-30.44	-12.0	-2.807556	4.2993097	5.6966476	-62.772377	nan	1.0	1160000	27879.606350183487
464	-35.3	-35.3	-10.099999	-2.8190029	4.309229	4.3274612	-62.057133	nan	1.0	1162500	27923.909796476364
465	-31.18	-31.18	-13.2	-2.8122182	4.3277507	5.224739	-49.780327	nan	1.0	1165000	27968.192970514297
466	-29.52	-29.52	-10.099999	-2.8178787	4.3238225	7.91658	-60.290077	nan	1.0	1167500	28011.083617448807
467	-29.92	-29.92	-8.8	-2.7936819	4.3180356	7.046322	-71.58438	nan	1.0	1170000	28054.16147994995
468	-33.5	-33.5	-9.2	-2.8073323	4.320396	6.0554085	-55.04756	nan	1.0	1172500	28097.748463630676
469	-32.3	-32.3	-9.099999	-2.795673	4.278466	5.9517784	-57.050545	nan	1.0	1175000	28139.206278800964
470	-30.82	-30.82	-10.8	-2.8123188	4.3218274	4.848522	-61.14514	nan	1.0	1177500	28181.73259830475
471	-32.94	-32.94	-10.8	-2.790081	4.2785163	6.8185806	-52.617554	nan	1.0	1180000	28224.623683691025
472	-36.42	-36.42	-8.0	-2.7913392	4.3157845	6.3507233	-69.369354	nan	1.0	1182500	28266.546545743942
473	-27.92	-27.92	-12.0	-2.7846603	4.277941	7.8282585	-60.08844	nan	1.0	1185000	28308.2228910923
474	-29.64	-29.64	-15.7	-2.7665813	4.273259	7.3133965	-56.79515	nan	0.9	1187500	28349.26760172844
475	-31.86	-31.86	-8.3	-2.7696915	4.261471	7.534424	-55.326286	nan	1.0	1190000	28389.87008714676
476	-34.24	-34.24	-9.3	-2.7676868	4.270781	7.8619156	-55.536587	nan	1.0	1192500	28433.244787454605
477	-34.64	-34.64	-13.1	-2.780178	4.2853117	7.91473	-55.564606	nan	1.0	1195000	28475.65209388733
478	-32.1	-32.1	-10.7	-2.7652836	4.29266	4.0740166	-60.81569	nan	1.0	1197500	28517.019722223282
479	-32.38	-32.38	-14.0	-2.7583742	4.253288	5.8816795	-55.61004	nan	0.9	1200000	28558.32356262207
480	-34.32	-34.32	-20.9	-2.7361274	4.2541485	8.691059	-54.58153	nan	0.8	1202500	28599.629850387573
481	-37.58	-37.58	-17.1	-2.746834	4.24512	7.708153	-62.259724	nan	0.8	1205000	28640.896022081375
482	-31.04	-31.04	-10.400001	-2.8065221	4.2855577	11.377441	-69.197624	nan	1.0	1207500	28683.14900445938
483	-30.1	-30.1	-9.0	-2.8272896	4.352975	6.487774	-63.124115	nan	1.0	1210000	28724.740946769714
484	-33.24	-33.24	-10.099999	-2.8173423	4.3136635	9.874664	-56.479538	nan	1.0	1212500	28766.55357694626
485	-31.78	-31.78	-10.099999	-2.8046808	4.3206015	9.110111	-54.88197	nan	1.0	1215000	28808.476289987564
486	-30.22	-30.22	-9.5	-2.8162205	4.360081	8.428226	-60.58822	nan	1.0	1217500	28850.853693962097
487	-32.72	-32.72	-9.400001	-2.8195567	4.369055	5.8162613	-56.37157	nan	1.0	1220000	28893.47735309601
488	-30.58	-30.58	-11.099999	-2.835006	4.362	8.032387	-56.462425	nan	1.0	1222500	28935.12731742859
489	-31.04	-31.04	-13.3	-2.8238926	4.3662815	6.1187744	-58.376984	nan	1.0	1225000	28976.624297380447
490	-31.98	-31.98	-12.4	-2.8238888	4.3768435	6.1769867	-63.482246	nan	1.0	1227500	29018.365228414536
491	-31.18	-31.18	-10.900001	-2.8208122	4.354485	10.843727	-56.372864	nan	1.0	1230000	29059.567268371582
492	-31.2	-31.2	-9.599999	-2.8118432	4.360579	9.316448	-52.451496	nan	1.0	1232500	29100.967530727386
493	-34.0	-34.0	-10.0	-2.8078296	4.3742056	6.7095604	-60.641033	nan	1.0	1235000	29144.045552015305
494	-27.98	-27.98	-9.7	-2.8287492	4.357405	17.243446	-58.055485	nan	1.0	1237500	29185.786675214767
495	-30.86	-30.86	-13.1	-2.817244	4.372302	6.1656837	-53.683487	nan	1.0	1240000	29228.21823143959
496	-31.1	-31.1	-10.0	-2.8080769	4.3417788	13.159325	-59.13031	nan	1.0	1242500	29269.482198238373
497	-31.8	-31.8	-10.400001	-2.812406	4.3681498	8.370106	-60.327797	nan	1.0	1245000	29311.322502851486
498	-29.92	-29.92	-9.400001	-2.8050447	4.3566246	4.4254494	-63.24429	nan	1.0	1247500	29353.240386486053
499	-33.28	-33.28	-9.599999	-2.816204	4.377583	9.527065	-52.668434	nan	1.0	1250000	29394.865319013596
