Epoch	EpRet	EpRealRet	TestEpRet	AverageQ1	StdQ1	MaxQ1	MinQ1	Q2	TestSuccess	TotalEnvInteracts	TotalTime
0	-48.0	-48.0	-50.0	-0.99710405	1.8073233	0.7596592	-14.16922	-0.99703985	0.0	2500	23.13180685043335
1	-49.0	-49.0	-45.0	-2.3127832	4.6461587	0.86203945	-21.855167	-2.3128252	0.1	5000	51.590537786483765
2	-48.0	-48.0	-50.0	-3.3546524	6.8780994	1.2797437	-45.778954	-3.3546607	0.0	7500	85.80092334747314
3	-48.0	-48.0	-50.0	-4.262479	8.761364	1.1654288	-57.243847	-4.262528	0.0	10000	121.77252292633057
4	-46.0	-46.0	-45.0	-5.162604	10.4946785	1.2442232	-55.343296	-5.162533	0.1	12500	157.25112652778625
5	-50.0	-50.0	-45.0	-5.832134	11.908752	1.3378397	-50.358994	-5.8318744	0.1	15000	192.31495237350464
6	-49.0	-49.0	-50.0	-6.448051	13.128579	1.6964548	-62.075844	-6.4480157	0.0	17500	227.3296000957489
7	-49.0	-49.0	-50.0	-6.8864985	14.036211	2.2636242	-54.993668	-6.886592	0.0	20000	262.64290833473206
8	-48.0	-48.0	-50.0	-7.3400893	14.927809	2.400041	-55.56866	-7.3402977	0.0	22500	297.4281487464905
9	-50.0	-50.0	-45.0	-7.673359	15.661563	2.3152542	-55.749454	-7.673553	0.1	25000	333.3432128429413
10	-47.0	-47.0	-50.0	-8.089948	16.412268	2.6409967	-56.899113	-8.089998	0.0	27500	369.9392910003662
11	-45.0	-45.0	-50.0	-8.276955	16.902576	3.8374915	-55.56159	-8.27707	0.0	30000	407.02296710014343
12	-46.98	-46.98	-50.0	-8.48498	17.295866	3.7969034	-86.20727	-8.485258	0.0	32500	443.51307129859924
13	-48.0	-48.0	-50.0	-8.605651	17.58306	2.6010356	-58.891956	-8.605668	0.0	35000	479.83153343200684
14	-49.86	-49.86	-45.0	-8.614586	17.583717	14.547221	-91.16348	-8.614783	0.1	37500	515.763463973999
15	-47.0	-47.0	-50.0	-8.30159	16.989079	5.65724	-68.3541	-8.301769	0.0	40000	551.258544921875
16	-48.0	-48.0	-45.0	-8.272382	16.913494	3.8294866	-64.87646	-8.272433	0.1	42500	586.8842742443085
17	-49.0	-49.0	-40.0	-8.291805	16.932968	5.837422	-60.921387	-8.291786	0.2	45000	622.5996489524841
18	-49.08	-49.08	-50.0	-8.345692	16.961832	3.6850677	-68.83112	-8.345523	0.0	47500	658.4186155796051
19	-48.7	-48.7	-50.0	-8.448044	17.041761	4.98556	-58.149307	-8.448072	0.0	50000	693.9441034793854
20	-49.0	-49.0	-50.0	-8.635142	17.28682	2.9271975	-60.30421	-8.635771	0.0	52500	730.2377378940582
21	-49.94	-49.94	-50.0	-8.761407	17.493807	3.425665	-58.67505	-8.761465	0.0	55000	766.260018825531
22	-49.34	-49.34	-44.2	-8.907348	17.671919	4.5171084	-57.820904	-8.907047	0.1	57500	801.8720922470093
23	-47.2	-47.2	-50.0	-8.952401	17.738462	2.9720645	-63.589466	-8.952531	0.0	60000	837.6426992416382
24	-49.94	-49.94	-50.0	-9.006145	17.829166	3.196271	-57.944065	-9.006737	0.0	62500	873.4592657089233
25	-50.0	-50.0	-50.0	-9.053512	17.914862	4.2271485	-57.827953	-9.05373	0.0	65000	909.1935522556305
26	-48.9	-48.9	-45.0	-9.126883	18.008411	15.810625	-58.283226	-9.127215	0.1	67500	944.9474442005157
27	-47.04	-47.04	-44.7	-9.173407	18.032637	4.134329	-57.15206	-9.173292	0.1	70000	981.345828294754
28	-48.0	-48.0	-45.0	-9.263075	18.088516	3.4599006	-56.894302	-9.263273	0.1	72500	1017.4871304035187
29	-48.32	-48.32	-50.0	-9.221406	18.019115	4.097266	-62.835335	-9.221111	0.0	75000	1053.7067430019379
30	-49.84	-49.84	-50.0	-9.217971	18.029074	3.370238	-57.538372	-9.217965	0.0	77500	1089.7641875743866
31	-48.02	-48.02	-49.8	-9.270278	18.088596	3.4805884	-58.839264	-9.27006	0.0	80000	1125.0926899909973
32	-47.0	-47.0	-49.6	-9.296979	18.110247	2.8500226	-66.384895	-9.296832	0.0	82500	1160.994972705841
33	-47.96	-47.96	-45.399998	-9.30268	18.11754	3.1084146	-63.56967	-9.302525	0.1	85000	1196.7486009597778
34	-48.84	-48.84	-45.0	-9.296642	18.11499	7.676918	-61.488514	-9.296265	0.1	87500	1232.1881008148193
35	-48.0	-48.0	-50.0	-9.296217	18.121557	4.7186337	-59.675686	-9.296358	0.0	90000	1268.4313406944275
36	-50.0	-50.0	-46.2	-9.315937	18.147387	4.3671956	-59.61197	-9.3156805	0.1	92500	1304.8600828647614
37	-42.78	-42.78	-45.0	-9.28223	18.129435	4.236955	-59.222466	-9.282668	0.1	95000	1341.1759977340698
38	-44.92	-44.92	-50.0	-9.289893	18.137024	4.9888434	-59.775543	-9.29015	0.0	97500	1377.344331741333
39	-48.0	-48.0	-45.0	-9.391702	18.239126	6.8574805	-57.400673	-9.391928	0.1	100000	1412.9148242473602
40	-47.0	-47.0	-50.0	-9.321718	18.177736	6.7490163	-62.0937	-9.3217125	0.0	102500	1448.8120410442352
41	-49.0	-49.0	-50.0	-9.360089	18.22458	6.644025	-59.03881	-9.359769	0.0	105000	1485.3302791118622
42	-47.8	-47.8	-45.7	-9.354278	18.214409	9.315043	-62.23502	-9.354218	0.1	107500	1521.5831611156464
43	-46.02	-46.02	-45.0	-9.311307	18.161993	5.401225	-63.598434	-9.3116665	0.1	110000	1557.5637328624725
44	-47.14	-47.14	-45.0	-9.419416	18.237602	8.544098	-60.90431	-9.41918	0.1	112500	1593.5466651916504
45	-48.8	-48.8	-45.0	-9.398218	18.208595	6.0265684	-79.85315	-9.397822	0.1	115000	1629.479015827179
46	-48.04	-48.04	-45.3	-9.404395	18.201992	4.796903	-61.940815	-9.40434	0.1	117500	1665.5012879371643
47	-47.06	-47.06	-50.0	-9.392819	18.163422	4.9361205	-64.780266	-9.392265	0.0	120000	1701.2960712909698
48	-46.68	-46.68	-44.5	-9.342749	18.093456	6.406026	-62.491898	-9.343271	0.1	122500	1737.6231341362
49	-47.98	-47.98	-45.5	-9.419245	18.13615	5.361536	-59.527485	-9.419362	0.1	125000	1773.9143171310425
50	-48.96	-48.96	-45.600002	-9.45229	18.106693	5.9706883	-62.003723	-9.452318	0.1	127500	1810.2938244342804
51	-48.6	-48.6	-45.0	-9.394342	17.986599	6.819672	-60.14884	-9.394635	0.1	130000	1846.236507177353
52	-49.74	-49.74	-50.0	-9.416154	17.981134	7.2072883	-64.831154	-9.416495	0.0	132500	1882.547747850418
53	-45.08	-45.08	-48.1	-9.35148	17.889362	5.606185	-58.939304	-9.351732	0.0	135000	1918.167748451233
54	-46.84	-46.84	-45.8	-9.350255	17.849121	5.49272	-63.29359	-9.350084	0.1	137500	1953.9059195518494
55	-48.8	-48.8	-40.8	-9.364138	17.816597	5.354507	-61.26751	-9.363899	0.2	140000	1988.661425113678
56	-47.54	-47.54	-39.8	-9.350098	17.766293	4.3405313	-58.379425	-9.349931	0.2	142500	2024.4230234622955
57	-45.22	-45.22	-49.6	-9.2950535	17.70704	4.6541834	-60.84007	-9.294756	0.0	145000	2060.023304462433
58	-48.0	-48.0	-50.0	-9.264511	17.646744	8.971929	-58.487995	-9.26394	0.0	147500	2095.9327325820923
59	-48.44	-48.44	-50.0	-9.226527	17.578005	10.465857	-64.51291	-9.226439	0.0	150000	2132.273307323456
60	-45.3	-45.3	-46.100002	-9.231603	17.55144	6.921918	-60.505676	-9.230686	0.1	152500	2168.4842822551727
61	-46.66	-46.66	-45.0	-9.255212	17.546558	5.256219	-60.2433	-9.254704	0.1	155000	2204.2924304008484
62	-46.58	-46.58	-41.100002	-9.210348	17.496002	6.1887712	-59.438282	-9.210261	0.2	157500	2240.186934709549
63	-47.44	-47.44	-49.6	-9.219875	17.463303	4.946771	-60.186546	-9.219485	0.0	160000	2276.181391477585
64	-47.34	-47.34	-42.2	-9.235048	17.462362	10.195704	-59.855133	-9.234569	0.2	162500	2311.227591276169
65	-45.6	-45.6	-44.899998	-9.273524	17.464632	10.920026	-61.86861	-9.2733755	0.1	165000	2346.7658853530884
66	-48.66	-48.66	-50.0	-9.199591	17.365171	12.634885	-60.986443	-9.19892	0.0	167500	2383.006158351898
67	-47.36	-47.36	-38.7	-9.17305	17.27681	8.588229	-61.131313	-9.172779	0.3	170000	2419.0032358169556
68	-49.34	-49.34	-50.0	-9.102216	17.19994	7.8615537	-60.92731	-9.102388	0.0	172500	2455.4779608249664
69	-47.62	-47.62	-48.2	-9.077099	17.15576	7.533245	-59.309566	-9.076586	0.0	175000	2492.8145565986633
70	-47.8	-47.8	-49.6	-9.139843	17.190742	4.707936	-58.436916	-9.13941	0.0	177500	2529.396329641342
71	-47.28	-47.28	-45.0	-9.170023	17.18835	5.00735	-62.98758	-9.169864	0.1	180000	2565.733324289322
72	-47.16	-47.16	-46.3	-9.160305	17.17953	7.150741	-64.42456	-9.159821	0.1	182500	2601.846168756485
73	-47.58	-47.58	-50.0	-9.184318	17.19908	7.3016357	-62.420494	-9.184409	0.0	185000	2637.6464858055115
74	-47.32	-47.32	-42.899998	-9.225293	17.2045	8.711562	-63.84266	-9.22535	0.2	187500	2673.8889219760895
75	-44.02	-44.02	-44.899998	-9.190375	17.156464	5.577504	-63.489246	-9.189897	0.1	190000	2710.1008059978485
76	-49.24	-49.24	-41.399998	-9.221551	17.16578	4.116096	-66.015144	-9.221289	0.2	192500	2745.909322977066
77	-47.62	-47.62	-49.6	-9.204725	17.118013	6.843245	-63.865673	-9.204358	0.0	195000	2782.138683080673
78	-48.4	-48.4	-42.3	-9.222793	17.11982	8.175231	-60.60502	-9.222499	0.3	197500	2818.084395170212
79	-46.78	-46.78	-50.0	-9.184624	17.072084	9.186308	-62.642693	-9.184398	0.0	200000	2854.2276861667633
80	-48.36	-48.36	-45.3	-9.201938	17.018772	6.688693	-62.122337	-9.201343	0.1	202500	2889.114506006241
81	-45.2	-45.2	-45.5	-9.18544	16.990309	6.6896973	-68.69558	-9.184944	0.2	205000	2921.8599939346313
82	-46.1	-46.1	-49.2	-9.145048	16.940275	5.5155005	-63.660763	-9.145439	0.0	207500	2956.6741211414337
83	-44.98	-44.98	-42.899998	-9.1406355	16.868366	7.2446423	-60.287125	-9.140581	0.2	210000	2992.424457550049
84	-45.26	-45.26	-45.899998	-9.169962	16.868093	4.672632	-65.21669	-9.169693	0.1	212500	3029.477630853653
85	-45.12	-45.12	-42.5	-9.113432	16.761824	4.5276923	-62.917328	-9.113212	0.1	215000	3065.6254510879517
86	-42.3	-42.3	-41.3	-9.130082	16.732944	5.5107994	-61.901894	-9.12965	0.2	217500	3101.6625447273254
87	-43.68	-43.68	-48.8	-9.132079	16.720308	10.107417	-67.01312	-9.131723	0.0	220000	3137.7494254112244
88	-42.94	-42.94	-45.3	-9.158352	16.709713	6.8748894	-60.89495	-9.157374	0.1	222500	3173.2946548461914
89	-45.04	-45.04	-44.5	-9.12034	16.617277	8.058665	-61.0622	-9.120564	0.1	225000	3208.7922065258026
90	-43.26	-43.26	-39.100002	-9.114836	16.57086	4.9883633	-59.992046	-9.114384	0.3	227500	3244.1394102573395
91	-46.66	-46.66	-41.0	-9.069644	16.498209	7.5211363	-63.459503	-9.069652	0.2	230000	3279.830892562866
92	-45.5	-45.5	-41.8	-9.053671	16.447344	7.823553	-62.978188	-9.053322	0.2	232500	3316.1009669303894
93	-45.0	-45.0	-42.600002	-9.095014	16.418243	6.966255	-65.345	-9.094744	0.3	235000	3352.3153233528137
94	-45.48	-45.48	-46.5	-9.165908	16.440866	5.950701	-61.31172	-9.166806	0.1	237500	3388.757170200348
95	-44.42	-44.42	-40.399998	-9.182094	16.435385	5.988156	-67.49944	-9.18248	0.2	240000	3424.8930015563965
96	-43.34	-43.34	-41.8	-9.110059	16.353666	6.4121795	-64.99031	-9.110731	0.2	242500	3460.58185839653
97	-46.66	-46.66	-49.6	-9.182704	16.376524	7.7623386	-66.233665	-9.1826105	0.0	245000	3497.1224052906036
98	-45.84	-45.84	-43.3	-9.167071	16.326654	5.719692	-63.63808	-9.167174	0.1	247500	3533.208427667618
99	-45.88	-45.88	-44.399998	-9.086647	16.242306	11.060328	-66.602684	-9.086458	0.1	250000	3569.1893134117126
100	-45.68	-45.68	-44.899998	-9.10486	16.256788	5.712497	-63.30601	-9.104331	0.1	252500	3605.2846641540527
101	-44.8	-44.8	-45.0	-9.124121	16.178247	6.3898416	-62.366302	-9.124263	0.3	255000	3642.099543571472
102	-42.86	-42.86	-41.3	-9.183998	16.215569	7.679855	-64.53477	-9.183584	0.2	257500	3678.8291227817535
103	-44.4	-44.4	-43.3	-9.184124	16.189682	7.619277	-62.1725	-9.183814	0.2	260000	3714.605453491211
104	-42.5	-42.5	-43.0	-9.169879	16.15628	8.632967	-67.12458	-9.169519	0.1	262500	3750.3073291778564
105	-46.6	-46.6	-47.8	-9.203171	16.14157	6.371748	-63.444073	-9.203314	0.0	265000	3786.4332599639893
106	-46.12	-46.12	-49.8	-9.188264	16.095045	7.236722	-70.42093	-9.187938	0.0	267500	3822.5753774642944
107	-44.68	-44.68	-35.7	-9.196861	16.059776	6.5843	-62.817844	-9.19657	0.4	270000	3859.160759449005
108	-45.8	-45.8	-39.399998	-9.188981	16.032587	5.894473	-61.374466	-9.18878	0.2	272500	3895.2785449028015
109	-44.48	-44.48	-45.3	-9.202392	16.02205	6.796187	-63.978447	-9.202242	0.2	275000	3931.2141897678375
110	-43.1	-43.1	-48.9	-9.196947	15.960201	14.010832	-68.72243	-9.196735	0.1	277500	3967.526435852051
111	-44.12	-44.12	-40.5	-9.191757	15.908326	12.806585	-64.506035	-9.191793	0.3	280000	4004.2295863628387
112	-43.6	-43.6	-44.8	-9.163001	15.863564	9.28963	-60.54571	-9.162388	0.1	282500	4040.0331420898438
113	-42.4	-42.4	-40.3	-9.14153	15.80985	14.474104	-61.951714	-9.141375	0.2	285000	4075.613426208496
114	-47.56	-47.56	-45.100002	-9.115716	15.733406	21.3209	-60.647324	-9.115263	0.1	287500	4111.9042773246765
115	-44.24	-44.24	-48.1	-9.096237	15.702931	13.054035	-62.7122	-9.096624	0.0	290000	4147.519052505493
116	-41.08	-41.08	-40.5	-9.097913	15.662032	10.687981	-61.736965	-9.0978365	0.2	292500	4182.498537540436
117	-46.02	-46.02	-37.399998	-9.1244545	15.659891	22.530394	-65.520805	-9.124586	0.2	295000	4218.370099782944
118	-44.1	-44.1	-47.9	-9.142109	15.602519	13.862319	-59.876522	-9.14206	0.0	297500	4254.4299120903015
119	-40.0	-40.0	-44.8	-9.124609	15.607883	12.607654	-61.40703	-9.12507	0.2	300000	4290.475469112396
120	-42.94	-42.94	-42.0	-9.071772	15.51865	17.521233	-61.587852	-9.07182	0.2	302500	4326.722318887711
121	-43.4	-43.4	-42.399998	-9.056334	15.467345	8.389097	-63.655388	-9.056741	0.2	305000	4362.657497882843
122	-41.12	-41.12	-38.399998	-9.082314	15.446464	8.082005	-64.398926	-9.081911	0.2	307500	4398.984097480774
123	-45.3	-45.3	-35.899998	-9.1322365	15.451306	10.568245	-63.031406	-9.13191	0.4	310000	4435.187968969345
124	-42.18	-42.18	-41.7	-9.115022	15.3861885	13.525936	-63.87444	-9.115256	0.3	312500	4471.481502771378
125	-44.94	-44.94	-37.600002	-9.116518	15.381859	9.677013	-61.435898	-9.1167965	0.3	315000	4507.587814807892
126	-43.34	-43.34	-48.4	-9.073134	15.337682	13.610413	-62.37354	-9.073273	0.1	317500	4543.855967998505
127	-41.9	-41.9	-47.8	-9.142103	15.334614	14.851609	-65.19679	-9.142	0.0	320000	4580.29851770401
128	-42.08	-42.08	-47.3	-9.115209	15.258401	9.763109	-61.199677	-9.115228	0.1	322500	4615.351897716522
129	-43.2	-43.2	-46.5	-9.125643	15.229245	9.26946	-86.81715	-9.125692	0.1	325000	4651.4475219249725
130	-43.18	-43.18	-44.899998	-9.082616	15.1874485	16.314335	-62.41239	-9.081959	0.2	327500	4687.9005308151245
131	-41.74	-41.74	-36.399998	-9.065208	15.157107	9.573236	-61.70087	-9.065907	0.3	330000	4724.566254854202
132	-45.76	-45.76	-37.7	-9.038809	15.078127	7.5088553	-64.25582	-9.038694	0.3	332500	4760.769503831863
133	-45.6	-45.6	-39.0	-9.093605	15.088745	8.083916	-63.704945	-9.093287	0.3	335000	4797.432009220123
134	-43.6	-43.6	-35.399998	-9.090555	15.072961	6.729557	-60.63537	-9.0906	0.2	337500	4834.61433506012
135	-41.98	-41.98	-36.100002	-9.062479	15.031233	15.274766	-63.276917	-9.06275	0.3	340000	4871.16012597084
136	-41.36	-41.36	-34.399998	-9.052471	15.015557	9.112399	-62.21579	-9.051981	0.3	342500	4907.566634654999
137	-39.98	-39.98	-41.899998	-9.06914	15.002205	10.277187	-61.89964	-9.068698	0.2	345000	4943.200778007507
138	-42.74	-42.74	-23.4	-9.056703	14.936174	6.3518023	-65.21228	-9.056671	0.5	347500	4978.856467247009
139	-43.32	-43.32	-36.8	-9.030422	14.881144	10.733877	-64.461296	-9.029923	0.6	350000	5014.48471736908
140	-43.0	-43.0	-31.1	-9.077267	14.908195	8.731063	-65.39682	-9.077508	0.4	352500	5050.278841018677
141	-39.12	-39.12	-43.100002	-8.991395	14.808051	8.68473	-61.58711	-8.991295	0.2	355000	5085.339927911758
142	-38.34	-38.34	-31.8	-9.019504	14.797124	8.773858	-63.340813	-9.0193205	0.4	357500	5120.879095554352
143	-37.5	-37.5	-39.5	-8.947585	14.6859865	6.747287	-66.12861	-8.94738	0.3	360000	5157.309547424316
144	-39.4	-39.4	-31.9	-8.950535	14.641876	6.913435	-67.077324	-8.950797	0.5	362500	5193.527311563492
145	-39.94	-39.94	-27.6	-8.92552	14.631972	7.341881	-62.022606	-8.92588	0.6	365000	5229.638464450836
146	-40.1	-40.1	-36.600002	-8.900851	14.578855	7.013148	-63.721054	-8.900779	0.4	367500	5265.627062559128
147	-39.12	-39.12	-42.5	-8.838174	14.4832	11.723653	-62.47096	-8.838263	0.2	370000	5301.106106042862
148	-40.94	-40.94	-40.2	-8.893091	14.500172	11.040499	-63.829777	-8.893338	0.3	372500	5336.775372505188
149	-39.4	-39.4	-28.4	-8.925402	14.495062	8.632263	-62.006695	-8.924887	0.6	375000	5372.383798360825
150	-36.82	-36.82	-30.3	-8.880109	14.457971	8.220367	-60.810852	-8.880278	0.3	377500	5407.9705991744995
151	-41.64	-41.64	-39.5	-8.876673	14.443169	7.9527864	-67.21635	-8.875832	0.3	380000	5443.452620267868
152	-40.36	-40.36	-31.2	-8.906229	14.438093	8.583895	-61.59673	-8.906245	0.5	382500	5479.604528427124
153	-42.36	-42.36	-40.100002	-8.816846	14.295121	6.4461155	-62.00521	-8.815974	0.2	385000	5514.973925828934
154	-41.14	-41.14	-35.7	-8.897384	14.313709	9.061037	-73.23714	-8.896655	0.3	387500	5550.23338675499
155	-39.14	-39.14	-28.7	-8.914047	14.337761	6.1903896	-64.34022	-8.913544	0.5	390000	5585.514003038406
156	-41.6	-41.6	-19.6	-8.885117	14.287606	6.275752	-61.74557	-8.884947	0.7	392500	5621.82789683342
157	-37.18	-37.18	-22.699999	-8.89395	14.306692	7.1699424	-64.57315	-8.893523	0.7	395000	5658.189457178116
158	-40.56	-40.56	-38.5	-8.878391	14.268613	6.6981707	-70.42572	-8.877782	0.4	397500	5695.032644748688
159	-39.12	-39.12	-31.7	-8.834348	14.183747	10.169359	-60.828865	-8.834411	0.6	400000	5731.188782691956
160	-38.12	-38.12	-31.2	-8.811612	14.159034	8.075944	-62.343956	-8.811383	0.6	402500	5768.393778562546
161	-38.5	-38.5	-29.1	-8.779717	14.150242	8.310273	-70.80503	-8.778782	0.5	405000	5804.553268432617
162	-41.28	-41.28	-31.7	-8.839965	14.152957	9.164284	-62.07876	-8.839387	0.6	407500	5841.462665081024
163	-36.24	-36.24	-38.3	-8.758495	14.002123	6.7466025	-64.74016	-8.758783	0.3	410000	5878.08461356163
164	-38.7	-38.7	-38.5	-8.787545	13.960669	10.17188	-66.87077	-8.787379	0.4	412500	5915.159924030304
165	-37.1	-37.1	-13.7	-8.797156	13.95209	7.400257	-63.81471	-8.796719	1.0	415000	5951.745415687561
166	-39.42	-39.42	-37.399998	-8.819232	13.926798	5.855744	-64.31065	-8.818715	0.4	417500	5988.651558876038
167	-36.32	-36.32	-25.5	-8.724417	13.794569	10.642847	-62.681778	-8.724814	0.7	420000	6024.556564092636
168	-37.2	-37.2	-23.199999	-8.738718	13.740883	8.350349	-65.75709	-8.739043	0.6	422500	6061.376896619797
169	-38.12	-38.12	-28.1	-8.650328	13.59682	9.374443	-63.496895	-8.649981	0.6	425000	6097.749282360077
170	-39.86	-39.86	-29.8	-8.627909	13.53173	7.7822104	-63.67182	-8.627606	0.5	427500	6134.182607412338
171	-37.3	-37.3	-16.4	-8.590756	13.467055	7.6965	-61.71204	-8.590708	0.8	430000	6168.012350797653
172	-35.84	-35.84	-32.399998	-8.617144	13.451388	10.439123	-63.60566	-8.617178	0.4	432500	6203.973606586456
173	-35.3	-35.3	-34.399998	-8.543962	13.343346	8.642404	-62.975826	-8.543507	0.4	435000	6241.191225767136
174	-43.2	-43.2	-22.1	-8.467737	13.273317	10.566347	-63.972893	-8.467694	0.8	437500	6277.756284952164
175	-39.28	-39.28	-32.100002	-8.480174	13.245417	6.406765	-63.27771	-8.48004	0.4	440000	6313.966456890106
176	-35.92	-35.92	-24.0	-8.469166	13.212326	9.485825	-62.305195	-8.468566	0.6	442500	6350.01865029335
177	-35.34	-35.34	-21.800001	-8.460378	13.087034	6.374977	-69.79772	-8.459261	0.8	445000	6385.831874847412
178	-36.42	-36.42	-23.8	-8.470337	13.03362	8.253254	-66.363815	-8.470194	0.6	447500	6421.9132771492
179	-36.36	-36.36	-27.5	-8.440431	12.905128	7.1582966	-60.459312	-8.438891	0.7	450000	6458.336531162262
180	-34.62	-34.62	-24.8	-8.373395	12.807501	7.758325	-65.679825	-8.372656	0.7	452500	6494.348237276077
181	-36.84	-36.84	-21.5	-8.27181	12.617015	9.793098	-62.393295	-8.270969	0.5	455000	6530.351448774338
182	-38.96	-38.96	-19.699999	-8.215806	12.451841	8.948484	-68.08412	-8.215311	0.7	457500	6566.3892993927
183	-36.32	-36.32	-25.4	-8.158538	12.325691	8.048406	-62.35036	-8.157849	0.5	460000	6601.711993455887
184	-36.66	-36.66	-20.4	-8.153284	12.261742	9.756036	-62.603855	-8.153039	0.7	462500	6637.960691213608
185	-37.78	-37.78	-22.300001	-8.114373	12.17989	5.465723	-65.49566	-8.114141	0.7	465000	6673.682886123657
186	-38.98	-38.98	-16.5	-8.016807	12.013464	7.465618	-62.5681	-8.015627	0.8	467500	6709.961068868637
187	-34.02	-34.02	-21.4	-7.919256	11.780813	10.655018	-66.60899	-7.9180636	0.7	470000	6746.153903007507
188	-35.58	-35.58	-24.5	-7.907754	11.699993	8.5692425	-66.77153	-7.9076667	0.7	472500	6782.995331048965
189	-38.0	-38.0	-24.4	-7.8756638	11.573218	7.0635166	-61.94478	-7.875217	0.6	475000	6818.8555607795715
190	-37.72	-37.72	-26.7	-7.787172	11.408351	7.776572	-62.556503	-7.7872343	0.5	477500	6854.649244785309
191	-36.22	-36.22	-20.699999	-7.6745305	11.265262	8.509747	-68.32518	-7.674168	0.7	480000	6891.311785936356
192	-34.44	-34.44	-19.1	-7.624278	11.157922	8.258911	-72.16418	-7.623773	0.8	482500	6927.808462142944
193	-31.32	-31.32	-15.8	-7.594537	11.041898	8.623559	-71.56276	-7.5939593	0.8	485000	6964.674609422684
194	-31.38	-31.38	-19.5	-7.4866385	10.84918	7.7236133	-66.085686	-7.486173	0.8	487500	7001.2051475048065
195	-33.46	-33.46	-16.0	-7.442665	10.780565	6.15036	-62.378227	-7.4423704	1.0	490000	7037.469615697861
196	-35.28	-35.28	-10.599999	-7.348043	10.683998	8.419416	-64.7933	-7.348029	1.0	492500	7073.682804346085
197	-36.24	-36.24	-23.1	-7.2597365	10.591324	7.460236	-72.94874	-7.2596035	0.7	495000	7109.964453458786
198	-33.6	-33.6	-11.599999	-7.232376	10.560956	5.800364	-64.72024	-7.2317443	0.9	497500	7145.714865207672
199	-32.46	-32.46	-19.5	-7.162641	10.482079	6.999474	-64.0393	-7.16151	0.9	500000	7182.587028503418
200	-33.88	-33.88	-11.400001	-7.0924196	10.371661	8.841272	-63.15323	-7.0919557	1.0	502500	7219.383176803589
201	-36.6	-36.6	-18.6	-7.031886	10.187362	7.850016	-64.31563	-7.031503	0.9	505000	7255.932356834412
202	-33.96	-33.96	-25.9	-7.010886	10.150638	4.76484	-70.21782	-7.010421	0.6	507500	7293.177991628647
203	-35.02	-35.02	-16.1	-6.951792	10.037369	6.8827	-67.82483	-6.9512925	0.8	510000	7329.633181810379
204	-31.38	-31.38	-16.6	-6.8767514	9.936747	6.7973256	-64.77985	-6.8767447	0.8	512500	7366.543419837952
205	-35.02	-35.02	-24.4	-6.786665	9.765425	11.033764	-79.47344	-6.786271	0.7	515000	7402.973839998245
206	-33.56	-33.56	-13.7	-6.7319927	9.686657	6.8724194	-63.861595	-6.7318945	0.9	517500	7440.235995531082
207	-32.72	-32.72	-18.4	-6.6795516	9.624089	6.2245874	-69.35793	-6.6791315	0.8	520000	7477.079643249512
208	-35.02	-35.02	-16.4	-6.626825	9.536468	6.2829323	-64.49409	-6.6267514	0.9	522500	7513.835722208023
209	-30.96	-30.96	-12.4	-6.613787	9.524008	8.29298	-65.7998	-6.6131406	1.0	525000	7551.077660560608
210	-29.86	-29.86	-16.5	-6.5589614	9.395376	6.4211426	-71.204994	-6.5588202	0.8	527500	7587.62296962738
211	-34.74	-34.74	-13.5	-6.5225177	9.365248	9.009886	-70.17489	-6.521661	0.9	530000	7624.630219936371
212	-31.52	-31.52	-12.5	-6.4409833	9.257223	7.882161	-64.53456	-6.4404545	1.0	532500	7662.137517213821
213	-36.3	-36.3	-12.1	-6.349447	9.124829	6.246996	-65.058525	-6.3485193	1.0	535000	7696.141946077347
214	-31.94	-31.94	-16.699999	-6.318827	9.12252	7.637888	-64.40811	-6.31832	0.9	537500	7730.389698028564
215	-34.9	-34.9	-11.099999	-6.2601395	9.008007	6.988099	-62.807198	-6.2594976	0.9	540000	7766.641024112701
216	-33.98	-33.98	-11.3	-6.241903	8.9830475	7.133197	-64.26742	-6.2417836	1.0	542500	7802.5597150325775
217	-32.18	-32.18	-18.800001	-6.195547	8.913035	7.032271	-69.531784	-6.1945324	0.8	545000	7838.542688369751
218	-32.26	-32.26	-22.6	-6.160158	8.858548	6.9106336	-64.39747	-6.159498	0.5	547500	7874.66860127449
219	-28.34	-28.34	-16.800001	-6.115787	8.835677	7.169065	-64.53102	-6.1150737	0.9	550000	7911.091265916824
220	-31.46	-31.46	-15.9	-6.037561	8.720447	6.4857483	-67.47021	-6.037234	1.0	552500	7948.082276582718
221	-28.58	-28.58	-17.1	-6.0056877	8.712505	6.8401566	-70.18175	-6.004872	0.9	555000	7984.178714752197
222	-33.12	-33.12	-10.8	-5.9711885	8.635573	6.420804	-63.749805	-5.9715233	1.0	557500	8019.7603495121
223	-28.94	-28.94	-16.4	-5.9761796	8.642085	7.7301226	-66.83645	-5.976191	0.9	560000	8056.447425127029
224	-28.54	-28.54	-11.3	-5.9194794	8.58278	13.981453	-76.84792	-5.9197125	1.0	562500	8092.718408584595
225	-31.44	-31.44	-14.4	-5.907542	8.558911	7.5296683	-64.14361	-5.907326	0.9	565000	8129.942679166794
226	-30.6	-30.6	-16.1	-5.8379884	8.519589	7.0140376	-65.46464	-5.8373103	0.9	567500	8166.544485092163
227	-30.28	-30.28	-13.4	-5.8086333	8.475968	7.9788113	-73.34855	-5.808867	0.9	570000	8202.911825180054
228	-31.78	-31.78	-13.2	-5.7042327	8.374882	9.882957	-65.86905	-5.703831	0.9	572500	8239.126234054565
229	-31.7	-31.7	-17.0	-5.733461	8.391417	6.4793587	-67.82855	-5.7328744	1.0	575000	8275.140908002853
230	-29.78	-29.78	-17.300001	-5.686423	8.31653	8.334386	-73.675705	-5.686533	0.9	577500	8311.156627893448
231	-32.68	-32.68	-14.3	-5.624748	8.226466	7.7741365	-73.932144	-5.624714	0.9	580000	8347.614562273026
232	-31.02	-31.02	-10.599999	-5.597225	8.181154	5.323942	-67.51681	-5.597342	1.0	582500	8384.24496269226
233	-31.16	-31.16	-16.699999	-5.590455	8.1616535	6.5778255	-72.51799	-5.589892	0.9	585000	8421.035123348236
234	-28.12	-28.12	-11.9	-5.5642595	8.127608	5.449091	-68.48711	-5.564886	1.0	587500	8457.031557798386
235	-30.88	-30.88	-13.4	-5.5489383	8.121243	7.682205	-65.83772	-5.548369	1.0	590000	8493.683298826218
236	-29.74	-29.74	-12.8	-5.457711	8.032022	6.7217054	-69.600555	-5.4575605	0.9	592500	8530.274022579193
237	-28.44	-28.44	-17.4	-5.4377036	7.9582224	14.391966	-63.752472	-5.4376483	0.9	595000	8566.782491207123
238	-34.86	-34.86	-10.2	-5.410264	7.925957	6.160555	-72.93935	-5.410819	1.0	597500	8603.515001773834
239	-31.7	-31.7	-12.1	-5.3950257	7.909326	11.52166	-66.05166	-5.394919	0.9	600000	8640.556733608246
240	-31.9	-31.9	-10.2	-5.348622	7.836841	7.9879375	-72.763145	-5.3485146	1.0	602500	8677.439762592316
241	-28.26	-28.26	-9.7	-5.277142	7.7501545	5.914299	-79.419586	-5.276692	1.0	605000	8713.732254266739
242	-31.58	-31.58	-10.7	-5.2769685	7.7057743	6.487649	-65.40848	-5.2766905	1.0	607500	8749.398877382278
243	-31.5	-31.5	-14.5	-5.2167096	7.649575	7.439509	-67.76212	-5.216836	1.0	610000	8785.612727165222
244	-30.46	-30.46	-8.900001	-5.159909	7.5871563	7.2900696	-65.365364	-5.159835	1.0	612500	8822.299048662186
245	-28.9	-28.9	-6.9	-5.0972776	7.484918	6.011503	-63.06675	-5.0972095	1.0	615000	8858.474072694778
246	-30.38	-30.38	-7.1	-5.0692925	7.4715366	16.308414	-65.50263	-5.0691466	1.0	617500	8894.680323600769
247	-27.82	-27.82	-11.2	-5.011748	7.409208	13.068498	-70.83412	-5.0118666	1.0	620000	8930.681380748749
248	-30.5	-30.5	-24.8	-4.946833	7.294561	5.972146	-63.809708	-4.9467034	0.6	622500	8967.183770418167
249	-31.74	-31.74	-8.0	-4.9340644	7.2539525	6.4013476	-77.47151	-4.933601	1.0	625000	9003.11884522438
250	-30.4	-30.4	-14.1	-4.9156275	7.238685	5.337212	-69.60225	-4.9154797	0.8	627500	9039.141206502914
251	-27.08	-27.08	-10.0	-4.8778934	7.1916976	14.968343	-64.38192	-4.877768	1.0	630000	9075.584487199783
252	-28.64	-28.64	-11.0	-4.817265	7.132021	6.587866	-66.83694	-4.817703	1.0	632500	9113.006353378296
253	-25.78	-25.78	-11.3	-4.780735	7.0834374	6.4091463	-79.35432	-4.780625	1.0	635000	9150.598848342896
254	-27.6	-27.6	-7.2	-4.7567463	7.0251093	5.2052097	-66.422165	-4.756267	1.0	637500	9188.295117378235
255	-31.92	-31.92	-7.1	-4.704346	6.958546	7.2934175	-65.90884	-4.7046676	1.0	640000	9224.826986312866
256	-30.84	-30.84	-7.4	-4.6357346	6.8513093	6.881987	-70.64581	-4.635599	1.0	642500	9261.725004673004
257	-29.5	-29.5	-9.5	-4.609796	6.8093605	16.230045	-66.589714	-4.609349	1.0	645000	9298.097826719284
258	-24.18	-24.18	-16.5	-4.558133	6.7446933	5.8421674	-79.90642	-4.558153	0.8	647500	9335.1194460392
259	-28.48	-28.48	-12.3	-4.483125	6.631144	7.5492773	-66.139404	-4.4829025	1.0	650000	9371.962808847427
260	-30.62	-30.62	-14.4	-4.4682016	6.553822	5.6790333	-71.15172	-4.468298	0.9	652500	9408.881094932556
261	-28.8	-28.8	-12.7	-4.436916	6.540078	8.004316	-65.035645	-4.4371605	0.9	655000	9446.483037233353
262	-28.34	-28.34	-11.599999	-4.3794074	6.458739	6.8927946	-71.80645	-4.3792653	0.9	657500	9482.96299791336
263	-30.56	-30.56	-10.599999	-4.3574705	6.3927574	5.8917627	-71.3078	-4.3572116	1.0	660000	9519.933583498001
264	-30.86	-30.86	-13.3	-4.32784	6.4135256	7.366519	-65.78525	-4.328166	0.9	662500	9557.175384998322
265	-28.88	-28.88	-8.0	-4.303702	6.3498797	7.679825	-68.99488	-4.3040195	1.0	665000	9594.995711803436
266	-32.26	-32.26	-11.7	-4.242265	6.2677283	8.742333	-80.39378	-4.242441	0.9	667500	9632.281911849976
267	-30.46	-30.46	-10.2	-4.229686	6.2181892	8.845358	-78.70824	-4.229566	1.0	670000	9668.950307369232
268	-30.02	-30.02	-8.8	-4.1556253	6.155875	19.266045	-69.8327	-4.1558027	1.0	672500	9704.963251829147
269	-27.92	-27.92	-11.400001	-4.112351	6.0817494	6.053371	-85.35978	-4.112456	1.0	675000	9741.172495126724
270	-29.86	-29.86	-10.900001	-4.0501857	6.001402	4.7909565	-70.50468	-4.0499287	1.0	677500	9777.401649951935
271	-25.62	-25.62	-11.5	-4.0515556	5.9664593	10.313231	-61.33544	-4.051398	1.0	680000	9813.975470781326
272	-25.68	-25.68	-9.0	-4.0163894	5.953026	9.664661	-62.96329	-4.0163035	1.0	682500	9850.325292110443
273	-31.64	-31.64	-9.2	-3.9847636	5.9080772	10.095576	-70.00068	-3.9848585	1.0	685000	9886.548053979874
274	-30.72	-30.72	-14.2	-3.969382	5.8884788	8.049727	-73.15905	-3.9695208	0.9	687500	9922.363259792328
275	-29.02	-29.02	-11.8	-3.9514055	5.8551936	9.019107	-73.508896	-3.95162	0.9	690000	9959.208908319473
276	-27.86	-27.86	-13.1	-3.955964	5.827223	5.955519	-60.655586	-3.9557166	0.9	692500	9995.499778747559
277	-30.92	-30.92	-7.2	-3.936008	5.759422	6.8418236	-79.18939	-3.9357939	1.0	695000	10031.216318845749
278	-29.24	-29.24	-10.3	-3.8881097	5.7239175	8.520241	-75.98019	-3.888246	1.0	697500	10067.622309684753
279	-28.06	-28.06	-7.9	-3.8663208	5.7028117	6.797389	-71.25263	-3.8663735	1.0	700000	10104.599505662918
280	-31.74	-31.74	-9.2	-3.851003	5.688312	4.8853254	-62.13765	-3.8510172	1.0	702500	10141.437087059021
281	-24.82	-24.82	-9.900001	-3.8350484	5.664261	5.344778	-67.33061	-3.83517	1.0	705000	10178.589175462723
282	-28.16	-28.16	-6.6	-3.818417	5.692845	5.5693655	-69.17386	-3.8185675	1.0	707500	10215.475235939026
283	-33.72	-33.72	-10.599999	-3.8064303	5.6552353	6.855074	-65.38061	-3.805906	1.0	710000	10252.569964647293
284	-28.08	-28.08	-9.400001	-3.802871	5.681961	8.540004	-71.46751	-3.8024962	1.0	712500	10289.402928590775
285	-22.72	-22.72	-9.8	-3.7696214	5.6447315	6.398247	-79.08998	-3.7697752	1.0	715000	10326.31009054184
286	-27.74	-27.74	-9.2	-3.7477717	5.6213746	7.9582424	-75.750916	-3.7478032	1.0	717500	10362.788693189621
287	-30.94	-30.94	-8.2	-3.7194698	5.5797267	6.5269117	-76.264084	-3.719394	1.0	720000	10399.937542200089
288	-29.44	-29.44	-8.099999	-3.7232647	5.5869646	13.626372	-66.229225	-3.7236118	1.0	722500	10436.809057235718
289	-25.46	-25.46	-8.7	-3.6806748	5.543041	10.533222	-68.830025	-3.6806307	1.0	725000	10472.648442745209
290	-28.16	-28.16	-13.5	-3.6600885	5.5152254	6.160948	-65.206184	-3.660109	1.0	727500	10508.267521858215
291	-23.62	-23.62	-9.2	-3.645513	5.487849	5.019013	-69.63039	-3.6453445	1.0	730000	10544.297547578812
292	-31.6	-31.6	-11.5	-3.6384985	5.483669	9.59228	-69.95402	-3.638553	1.0	732500	10580.113239765167
293	-30.72	-30.72	-9.3	-3.6515028	5.5039363	7.456538	-67.777916	-3.6516554	1.0	735000	10616.398762464523
294	-29.78	-29.78	-12.9	-3.6310487	5.467538	15.712072	-64.71031	-3.6309946	0.9	737500	10652.753359079361
295	-29.64	-29.64	-10.400001	-3.5976744	5.41142	9.431818	-78.97888	-3.5976167	1.0	740000	10689.597045183182
296	-28.28	-28.28	-7.9	-3.6226923	5.485873	5.918385	-70.27758	-3.622764	1.0	742500	10726.121169090271
297	-27.08	-27.08	-9.0	-3.5983677	5.456289	6.7100124	-71.53101	-3.598203	1.0	745000	10761.991753816605
298	-24.02	-24.02	-9.0	-3.5896027	5.412921	8.163724	-68.40086	-3.5899072	1.0	747500	10798.375706911087
299	-23.86	-23.86	-8.2	-3.576884	5.4046464	8.747216	-72.56957	-3.5768216	1.0	750000	10834.43081331253
300	-30.58	-30.58	-9.7	-3.563649	5.374327	5.868287	-70.06069	-3.5636837	1.0	752500	10871.056410074234
301	-30.62	-30.62	-9.5	-3.5722232	5.396909	5.006339	-84.037796	-3.5722427	1.0	755000	10907.925633192062
302	-28.84	-28.84	-10.2	-3.5690727	5.425893	7.2734194	-64.9387	-3.569072	1.0	757500	10944.551707267761
303	-25.88	-25.88	-8.599999	-3.5767078	5.415319	6.2651234	-68.59405	-3.5767367	1.0	760000	10981.603338718414
304	-28.98	-28.98	-12.6	-3.5548122	5.3994803	7.948843	-71.18133	-3.5544868	1.0	762500	11018.676601171494
305	-25.32	-25.32	-8.3	-3.5617666	5.393936	6.6037707	-64.21344	-3.5616276	1.0	765000	11055.531539678574
306	-26.08	-26.08	-14.0	-3.5614808	5.390075	10.467002	-73.71367	-3.5615165	0.9	767500	11092.704249858856
307	-30.84	-30.84	-6.3	-3.5424657	5.3735933	9.313678	-68.59792	-3.5426068	1.0	770000	11129.322398662567
308	-29.02	-29.02	-9.900001	-3.5514898	5.390633	6.3790703	-66.269714	-3.5512195	1.0	772500	11166.321004867554
309	-28.34	-28.34	-8.7	-3.5717928	5.372232	10.897303	-66.337715	-3.5719864	1.0	775000	11203.33666396141
310	-31.48	-31.48	-12.2	-3.5658178	5.392068	8.558479	-70.76042	-3.565836	0.9	777500	11239.909047603607
311	-22.92	-22.92	-6.5	-3.5475504	5.346122	12.8509445	-73.977234	-3.547541	1.0	780000	11276.592692136765
312	-26.68	-26.68	-12.2	-3.5378828	5.374544	12.256297	-68.03569	-3.538113	0.8	782500	11313.869235992432
313	-26.78	-26.78	-10.599999	-3.515255	5.3803453	5.2799706	-65.42125	-3.515041	0.9	785000	11350.551016807556
314	-32.5	-32.5	-9.3	-3.5109463	5.3305554	4.7466793	-74.95582	-3.5110066	1.0	787500	11386.820988893509
315	-27.26	-27.26	-13.8	-3.5097246	5.348905	6.7947054	-66.95171	-3.509971	0.9	790000	11423.720633268356
316	-25.98	-25.98	-9.7	-3.5011904	5.2961254	6.601326	-66.65986	-3.5014567	1.0	792500	11459.974385499954
317	-26.62	-26.62	-6.2	-3.502237	5.27074	8.082612	-70.21037	-3.5026143	1.0	795000	11497.806141853333
318	-26.52	-26.52	-10.0	-3.497503	5.315658	8.800225	-79.15689	-3.4972422	1.0	797500	11534.840172290802
319	-29.22	-29.22	-10.099999	-3.5120864	5.3563485	4.8939924	-68.122696	-3.5119736	1.0	800000	11571.764560222626
320	-27.28	-27.28	-7.6	-3.4679875	5.3058553	5.766263	-65.52384	-3.4683008	1.0	802500	11608.851464748383
321	-25.62	-25.62	-9.2	-3.4767587	5.2965784	4.300046	-68.41773	-3.4767556	1.0	805000	11645.945944786072
322	-27.74	-27.74	-8.599999	-3.4814672	5.2988873	5.46192	-62.024532	-3.4815767	1.0	807500	11682.17439031601
323	-29.18	-29.18	-8.099999	-3.4750562	5.2907834	5.5709047	-65.495865	-3.4749033	1.0	810000	11718.491447687149
324	-28.84	-28.84	-11.099999	-3.4728196	5.253564	6.4827204	-71.22858	-3.473179	1.0	812500	11754.732752799988
325	-25.78	-25.78	-7.4	-3.4473968	5.219471	4.380418	-70.265686	-3.4473486	1.0	815000	11791.855010509491
326	-27.98	-27.98	-9.8	-3.4541836	5.2700343	5.7999535	-63.384354	-3.454079	1.0	817500	11827.860448360443
327	-27.22	-27.22	-9.099999	-3.4636023	5.2657065	6.619417	-64.35625	-3.4639127	1.0	820000	11864.696292161942
328	-32.14	-32.14	-11.3	-3.52786	5.261594	4.2683916	-66.41135	-3.527995	1.0	822500	11900.972605466843
329	-29.94	-29.94	-9.8	-3.595344	5.3317714	5.6285996	-66.04956	-3.5955868	1.0	825000	11937.528890132904
330	-30.42	-30.42	-9.900001	-3.6304343	5.361251	6.065953	-74.491425	-3.6307356	1.0	827500	11974.654435634613
331	-28.0	-28.0	-7.4	-3.6698787	5.3711424	6.61796	-71.65847	-3.6699398	1.0	830000	12011.748937129974
332	-26.62	-26.62	-8.2	-3.7114158	5.3481545	7.731387	-64.34757	-3.711656	1.0	832500	12048.609502792358
333	-31.86	-31.86	-11.9	-3.751881	5.368233	7.956484	-62.221584	-3.7521536	1.0	835000	12085.841502666473
334	-26.1	-26.1	-11.2	-3.8026736	5.4062977	5.4310217	-62.77718	-3.8026676	1.0	837500	12122.66921043396
335	-25.52	-25.52	-8.0	-3.8143458	5.3791213	4.7066116	-65.78501	-3.814673	1.0	840000	12159.5350420475
336	-25.64	-25.64	-9.8	-3.819777	5.387713	4.522872	-71.42732	-3.8195903	1.0	842500	12196.128698587418
337	-26.78	-26.78	-13.2	-3.831903	5.3873687	4.848296	-69.561356	-3.8319166	1.0	845000	12232.586434364319
338	-27.94	-27.94	-9.2	-3.831522	5.4083996	4.305744	-72.6185	-3.831469	1.0	847500	12268.53032875061
339	-27.88	-27.88	-10.0	-3.803874	5.386833	5.9811945	-69.68869	-3.803818	1.0	850000	12305.084745407104
340	-29.7	-29.7	-9.3	-3.8282428	5.4251084	4.432722	-73.374664	-3.8281186	1.0	852500	12341.979123353958
341	-34.5	-34.5	-6.6	-3.8205624	5.4045005	4.710224	-64.77422	-3.820718	1.0	855000	12377.895757436752
342	-27.82	-27.82	-9.8	-3.7966943	5.4036746	11.0921	-69.49385	-3.7968578	1.0	857500	12414.128983974457
343	-31.42	-31.42	-8.7	-3.8204174	5.421595	9.531364	-68.53697	-3.8206313	1.0	860000	12451.183300971985
344	-26.96	-26.96	-8.0	-3.7918084	5.373783	6.3275127	-81.87666	-3.7921247	1.0	862500	12487.58303809166
345	-27.86	-27.86	-6.7	-3.7935362	5.3771873	8.5101185	-75.80999	-3.793745	1.0	865000	12523.41973900795
346	-26.48	-26.48	-12.7	-3.7997103	5.391785	4.983364	-65.405174	-3.7993567	1.0	867500	12559.983526229858
347	-27.28	-27.28	-10.3	-3.8154116	5.356229	4.4120665	-67.431015	-3.8158307	1.0	870000	12596.729412317276
348	-30.1	-30.1	-8.3	-3.8380709	5.396259	8.073517	-67.589874	-3.8378992	1.0	872500	12633.11342048645
349	-27.76	-27.76	-10.7	-3.8324122	5.412728	4.8561916	-64.14094	-3.8327215	1.0	875000	12669.418871879578
350	-29.94	-29.94	-10.3	-3.7839165	5.362641	5.523484	-72.28547	-3.7840416	1.0	877500	12705.436151742935
351	-30.26	-30.26	-9.599999	-3.774745	5.315783	9.850073	-68.24633	-3.7747245	1.0	880000	12742.753009080887
352	-25.68	-25.68	-9.3	-3.7826874	5.339061	6.919592	-66.459145	-3.782997	1.0	882500	12779.138646125793
353	-30.48	-30.48	-7.9	-3.7987502	5.422452	4.9889708	-63.745445	-3.7989635	1.0	885000	12815.821476697922
354	-29.08	-29.08	-8.7	-3.7810957	5.389973	9.882707	-74.49699	-3.781452	1.0	887500	12852.567534923553
355	-28.14	-28.14	-8.0	-3.7705717	5.354212	9.757971	-68.3546	-3.7705145	1.0	890000	12889.214556217194
356	-31.34	-31.34	-7.8	-3.7763686	5.352463	7.8128586	-63.540665	-3.7766263	1.0	892500	12926.603079319
357	-29.68	-29.68	-6.8	-3.7822313	5.336737	4.5445423	-70.03855	-3.7826798	1.0	895000	12962.91429901123
358	-28.98	-28.98	-10.900001	-3.7950613	5.355846	8.591497	-65.75248	-3.795022	1.0	897500	12998.65021777153
359	-30.4	-30.4	-7.9	-3.7981696	5.41971	4.0346413	-78.77973	-3.7981942	1.0	900000	13035.832130670547
360	-25.88	-25.88	-13.5	-3.779052	5.4410963	8.77726	-64.29278	-3.7790067	0.9	902500	13072.66764497757
361	-25.06	-25.06	-6.5	-3.7667327	5.4263253	4.313394	-62.986134	-3.7666292	1.0	905000	13109.145597219467
362	-30.48	-30.48	-8.5	-3.7727838	5.3960385	7.0489774	-66.55526	-3.7730534	1.0	907500	13145.797994613647
363	-30.36	-30.36	-9.599999	-3.7920635	5.4392853	4.6408095	-68.854294	-3.792251	1.0	910000	13182.737295389175
364	-27.6	-27.6	-11.9	-3.7719235	5.4178886	8.076181	-65.31811	-3.7717867	0.9	912500	13219.798364162445
365	-27.24	-27.24	-10.400001	-3.7408974	5.413075	4.088205	-67.437485	-3.7409596	1.0	915000	13256.879271507263
366	-28.7	-28.7	-6.7	-3.750905	5.395993	5.1344504	-61.481976	-3.7511048	1.0	917500	13293.434941291809
367	-26.14	-26.14	-8.599999	-3.780901	5.4447846	5.042611	-63.89784	-3.7808921	1.0	920000	13329.798274755478
368	-30.84	-30.84	-10.2	-3.794756	5.4739523	6.121192	-72.30001	-3.7948487	1.0	922500	13366.05012345314
369	-29.02	-29.02	-10.400001	-3.8022926	5.437082	6.3867674	-68.66414	-3.802482	1.0	925000	13402.480700969696
370	-24.4	-24.4	-8.3	-3.8160546	5.4665804	5.610998	-66.188286	-3.8159158	1.0	927500	13439.801072597504
371	-28.46	-28.46	-9.400001	-3.805866	5.438809	6.0586386	-63.648342	-3.8061273	1.0	930000	13476.545442819595
372	-24.04	-24.04	-9.0	-3.7491581	5.4055486	11.920973	-73.00101	-3.7493827	1.0	932500	13512.414730548859
373	-28.6	-28.6	-9.3	-3.7621045	5.425235	7.080818	-68.307236	-3.7621229	1.0	935000	13547.994223117828
374	-30.18	-30.18	-9.5	-3.749783	5.38479	6.935169	-69.92781	-3.7497525	1.0	937500	13584.058366775513
375	-28.12	-28.12	-9.900001	-3.7627404	5.371771	7.929474	-69.3953	-3.7627044	1.0	940000	13620.2924182415
376	-27.54	-27.54	-7.1	-3.7145984	5.3333755	7.343293	-63.18185	-3.714856	1.0	942500	13656.393297433853
377	-28.62	-28.62	-11.8	-3.7107854	5.3578796	5.8480453	-65.20877	-3.7107854	0.9	945000	13692.308631658554
378	-29.76	-29.76	-8.599999	-3.714028	5.36477	10.733295	-73.3112	-3.7143035	1.0	947500	13727.57180929184
379	-30.38	-30.38	-8.5	-3.7201476	5.3935018	6.421404	-75.80477	-3.720043	1.0	950000	13764.140482664108
380	-28.04	-28.04	-7.1	-3.7274666	5.4020042	5.8735147	-64.672485	-3.7277467	1.0	952500	13800.924057483673
381	-28.5	-28.5	-8.8	-3.7345672	5.414566	8.389455	-62.62497	-3.734981	1.0	955000	13837.583681106567
382	-31.72	-31.72	-7.7	-3.7415056	5.401021	6.8326116	-67.62668	-3.741723	1.0	957500	13874.257715940475
383	-30.32	-30.32	-7.4	-3.746059	5.372967	10.166477	-74.01347	-3.7467844	1.0	960000	13911.653024435043
384	-28.02	-28.02	-10.0	-3.7752979	5.410557	6.5814857	-67.50325	-3.7751505	1.0	962500	13948.232551574707
385	-28.42	-28.42	-7.9	-3.7269757	5.3857303	8.1420555	-65.56771	-3.726643	1.0	965000	13985.354040145874
386	-27.5	-27.5	-8.7	-3.7212102	5.390421	7.9969273	-70.847374	-3.7211294	1.0	967500	14021.831222295761
387	-29.02	-29.02	-14.7	-3.7269688	5.3855963	7.7599945	-61.636543	-3.7271795	0.9	970000	14058.655983686447
388	-28.48	-28.48	-6.3	-3.73448	5.3999076	8.803137	-71.39506	-3.734815	1.0	972500	14095.551148176193
389	-30.08	-30.08	-7.6	-3.735959	5.4625688	12.30739	-68.605484	-3.7360222	1.0	975000	14131.956091403961
390	-29.74	-29.74	-9.099999	-3.7387102	5.4332504	12.33458	-70.95206	-3.739092	1.0	977500	14168.89698266983
391	-29.36	-29.36	-11.3	-3.7559645	5.4499903	8.532978	-71.82552	-3.7564929	0.9	980000	14206.213954925537
392	-27.82	-27.82	-10.2	-3.7086577	5.4319196	5.2862787	-70.56256	-3.7087595	0.8	982500	14243.086031198502
393	-29.28	-29.28	-9.099999	-3.668199	5.395029	4.5448112	-63.45288	-3.6679826	1.0	985000	14280.179819583893
394	-27.5	-27.5	-8.900001	-3.6594708	5.4131517	8.244717	-66.38733	-3.6588228	1.0	987500	14316.992172956467
395	-28.98	-28.98	-8.599999	-3.6633282	5.39517	7.531687	-64.75715	-3.6631696	1.0	990000	14353.829899311066
396	-28.82	-28.82	-8.0	-3.6479023	5.3630853	8.096678	-68.752396	-3.6475918	1.0	992500	14391.700184106827
397	-28.14	-28.14	-8.400001	-3.6608143	5.3797636	11.107131	-64.336136	-3.6613069	1.0	995000	14429.172154188156
398	-26.84	-26.84	-9.400001	-3.6485355	5.363558	4.991404	-66.410774	-3.6484802	1.0	997500	14465.381160974503
399	-27.26	-27.26	-10.400001	-3.6899614	5.3931994	7.701266	-68.991	-3.6902301	0.9	1000000	14503.005917310715
400	-30.48	-30.48	-8.900001	-3.6925976	5.391377	5.243907	-65.32789	-3.6926253	1.0	1002500	14540.190302610397
401	-31.96	-31.96	-8.400001	-3.7068563	5.3827553	7.7886443	-64.795	-3.7064328	1.0	1005000	14576.336216688156
402	-30.86	-30.86	-9.5	-3.7293406	5.423571	7.5991235	-72.83102	-3.7291312	1.0	1007500	14613.657497167587
403	-25.2	-25.2	-8.599999	-3.7295437	5.4416637	7.120919	-64.532394	-3.7298055	1.0	1010000	14650.1329600811
404	-29.74	-29.74	-9.900001	-3.736475	5.3959365	5.500286	-80.921036	-3.736821	1.0	1012500	14686.663979053497
405	-26.96	-26.96	-8.7	-3.718885	5.412588	7.2683964	-69.614716	-3.718721	1.0	1015000	14723.348716497421
406	-31.28	-31.28	-11.0	-3.6765964	5.3964667	5.892988	-63.36254	-3.6762927	1.0	1017500	14759.846840381622
407	-25.34	-25.34	-9.0	-3.690037	5.444127	6.9718165	-69.30548	-3.6900868	1.0	1020000	14795.547111034393
408	-30.6	-30.6	-10.3	-3.6796005	5.4312086	5.3969746	-77.20183	-3.6797323	1.0	1022500	14832.504380226135
409	-30.3	-30.3	-12.0	-3.7251277	5.467293	5.570274	-71.64365	-3.7249763	0.9	1025000	14869.091460704803
410	-28.06	-28.06	-11.3	-3.6937964	5.467782	7.3635936	-66.88418	-3.694154	1.0	1027500	14905.715552330017
411	-25.68	-25.68	-10.599999	-3.6956563	5.462285	6.4248724	-68.97824	-3.6958437	1.0	1030000	14941.44733428955
412	-29.26	-29.26	-10.900001	-3.6858957	5.4363923	6.3053093	-70.43318	-3.6862917	1.0	1032500	14978.005548238754
413	-26.1	-26.1	-8.7	-3.656508	5.405888	8.027313	-90.74536	-3.6564353	1.0	1035000	15014.73340678215
414	-29.66	-29.66	-13.8	-3.655472	5.461871	6.0790377	-70.25816	-3.655269	0.9	1037500	15050.110637426376
415	-26.16	-26.16	-10.5	-3.6374032	5.4045963	6.2789946	-75.94481	-3.637747	1.0	1040000	15086.481760025024
416	-26.48	-26.48	-9.8	-3.6227148	5.373082	12.434614	-70.86374	-3.623152	1.0	1042500	15122.77184677124
417	-27.56	-27.56	-10.2	-3.6356795	5.391309	10.107193	-60.349636	-3.6357741	1.0	1045000	15158.298533201218
418	-25.14	-25.14	-8.400001	-3.6379862	5.3966804	7.517202	-63.5692	-3.6377428	1.0	1047500	15194.627232313156
419	-31.8	-31.8	-9.3	-3.6275864	5.388145	6.995509	-71.15209	-3.6274288	1.0	1050000	15231.029182434082
420	-28.9	-28.9	-15.5	-3.6701827	5.3948317	7.8080297	-73.62308	-3.6702447	1.0	1052500	15267.826549053192
421	-29.38	-29.38	-9.3	-3.7415051	5.5402117	8.201011	-74.325325	-3.7413979	1.0	1055000	15304.478449821472
422	-28.94	-28.94	-8.599999	-3.6959345	5.491473	7.2977867	-74.33257	-3.6963093	1.0	1057500	15341.415318727493
423	-29.42	-29.42	-9.2	-3.6711888	5.4495044	7.5345087	-68.82915	-3.671304	1.0	1060000	15376.858629465103
424	-28.32	-28.32	-12.4	-3.6704628	5.51417	13.542018	-67.791275	-3.6706636	0.9	1062500	15412.451813697815
425	-27.48	-27.48	-8.8	-3.6634057	5.4801974	16.402681	-76.97177	-3.6633894	1.0	1065000	15447.441137552261
426	-24.9	-24.9	-8.400001	-3.6543918	5.495663	6.7466884	-66.69025	-3.6543622	1.0	1067500	15482.915707826614
427	-27.14	-27.14	-8.8	-3.6656868	5.41531	13.135399	-73.73576	-3.6660233	1.0	1070000	15518.342105865479
428	-26.42	-26.42	-8.599999	-3.7156103	5.472592	9.454153	-65.984764	-3.7155173	1.0	1072500	15553.517769098282
429	-26.2	-26.2	-8.900001	-3.7614737	5.544121	6.756168	-68.53388	-3.761869	1.0	1075000	15588.748030424118
430	-32.98	-32.98	-9.7	-3.6843903	5.4740524	10.031525	-71.9682	-3.6846051	1.0	1077500	15623.577097177505
431	-28.24	-28.24	-7.8	-3.6767125	5.4796557	5.714269	-71.65416	-3.6768997	1.0	1080000	15658.44308924675
432	-28.34	-28.34	-11.7	-3.7180264	5.490506	13.610796	-77.76932	-3.7179549	0.9	1082500	15693.182336091995
433	-29.08	-29.08	-8.400001	-3.7014096	5.4837337	18.05905	-66.26431	-3.7017453	1.0	1085000	15728.62378168106
434	-31.26	-31.26	-9.900001	-3.720248	5.4641347	6.3638816	-70.84321	-3.7205591	1.0	1087500	15764.633974313736
435	-28.5	-28.5	-9.7	-3.7391834	5.4865327	6.165307	-66.81312	-3.7393115	1.0	1090000	15800.630378246307
436	-27.28	-27.28	-14.4	-3.7507071	5.4680734	7.0402136	-68.594154	-3.7510505	0.9	1092500	15837.106825828552
437	-24.6	-24.6	-7.5	-3.752051	5.485732	5.201068	-66.58476	-3.7524605	1.0	1095000	15872.927923202515
438	-25.0	-25.0	-8.099999	-3.753326	5.4584684	6.8819237	-67.29547	-3.7531416	1.0	1097500	15907.944550514221
439	-29.48	-29.48	-9.900001	-3.7725968	5.4610567	4.063938	-71.348434	-3.7727401	1.0	1100000	15944.223626375198
440	-26.42	-26.42	-9.900001	-3.7809832	5.467497	6.911686	-75.69878	-3.7810397	1.0	1102500	15979.9925532341
441	-28.26	-28.26	-11.099999	-3.8199055	5.5440803	8.9267025	-68.14691	-3.8194618	1.0	1105000	16016.39348936081
442	-30.24	-30.24	-8.0	-3.8493063	5.6053123	4.3982368	-81.868805	-3.8494122	1.0	1107500	16052.423743963242
443	-32.1	-32.1	-10.7	-3.8302572	5.5533156	7.148658	-65.76308	-3.8302162	1.0	1110000	16089.361677646637
444	-26.28	-26.28	-11.9	-3.7783902	5.4741244	7.01651	-69.25473	-3.778711	1.0	1112500	16125.750668764114
445	-27.54	-27.54	-9.3	-3.7767186	5.4519625	4.1117153	-67.397514	-3.7767713	1.0	1115000	16161.907494783401
446	-26.24	-26.24	-9.7	-3.792133	5.4572864	15.65728	-71.29391	-3.7918499	1.0	1117500	16197.705724954605
447	-31.46	-31.46	-8.3	-3.738236	5.4328012	9.4341345	-66.63943	-3.7382677	1.0	1120000	16233.727861404419
448	-25.98	-25.98	-8.3	-3.7068527	5.373334	5.4067655	-71.45531	-3.7068195	1.0	1122500	16270.647138834
449	-29.86	-29.86	-8.599999	-3.7088835	5.3762784	6.323841	-61.50605	-3.7086525	1.0	1125000	16307.553572177887
450	-28.4	-28.4	-9.099999	-3.734329	5.4616957	6.704513	-66.47268	-3.734328	1.0	1127500	16344.104565382004
451	-34.8	-34.8	-10.3	-3.7036948	5.4289103	8.370977	-64.28573	-3.703976	1.0	1130000	16380.14645910263
452	-29.14	-29.14	-10.599999	-3.7664914	5.438424	11.385154	-67.08711	-3.7664893	1.0	1132500	16415.64559984207
453	-29.8	-29.8	-8.400001	-3.7811327	5.4324045	6.128274	-76.30129	-3.7810035	1.0	1135000	16452.07396388054
454	-30.36	-30.36	-8.900001	-3.8040195	5.447728	11.266303	-66.14105	-3.8043988	1.0	1137500	16489.08432841301
455	-27.32	-27.32	-7.8	-3.7979057	5.430032	9.422078	-66.99054	-3.7978816	1.0	1140000	16523.99351453781
456	-28.9	-28.9	-11.0	-3.7905374	5.4203615	5.40506	-69.53591	-3.7906637	1.0	1142500	16559.99201440811
457	-27.82	-27.82	-9.900001	-3.8768978	5.5792613	7.6087856	-67.652985	-3.8762164	1.0	1145000	16596.100024461746
458	-27.54	-27.54	-10.5	-3.8669527	5.578016	9.342652	-71.059265	-3.8670735	0.9	1147500	16632.009415864944
459	-30.94	-30.94	-8.0	-3.8430786	5.4904847	12.207601	-65.76181	-3.8432548	1.0	1150000	16668.252698659897
460	-27.7	-27.7	-9.900001	-3.8208184	5.4689283	4.8631353	-68.13368	-3.8206546	1.0	1152500	16703.549128055573
461	-26.8	-26.8	-9.8	-3.8207905	5.5054417	5.92115	-69.40937	-3.8207645	1.0	1155000	16739.92143034935
462	-27.64	-27.64	-7.8	-3.844868	5.5284886	7.8996897	-66.84757	-3.8450143	1.0	1157500	16777.432777881622
463	-29.3	-29.3	-11.099999	-3.855773	5.5427227	7.4567537	-63.07688	-3.8559575	1.0	1160000	16814.527574062347
464	-29.92	-29.92	-10.0	-3.8219936	5.4962854	5.6043587	-64.157684	-3.8220851	1.0	1162500	16851.18427848816
465	-26.92	-26.92	-7.8	-3.8108482	5.4522047	40.230198	-73.90571	-3.8107066	1.0	1165000	16887.34214925766
466	-28.62	-28.62	-9.3	-3.7948337	5.4726	6.08996	-68.5592	-3.7947443	1.0	1167500	16924.949993610382
467	-26.26	-26.26	-9.900001	-3.805514	5.4790053	7.139553	-70.1368	-3.8057835	1.0	1170000	16962.114496707916
468	-29.92	-29.92	-11.099999	-3.836565	5.48329	4.9322243	-66.5605	-3.8367074	1.0	1172500	16999.106424093246
469	-29.28	-29.28	-11.400001	-3.8311505	5.5409718	6.535116	-69.48319	-3.831207	0.9	1175000	17035.859609127045
470	-29.68	-29.68	-10.2	-3.819248	5.5030704	21.257254	-63.251312	-3.8191369	1.0	1177500	17071.95427083969
471	-27.2	-27.2	-10.099999	-3.822762	5.476439	10.198921	-70.42517	-3.8227875	1.0	1180000	17108.56618118286
472	-26.1	-26.1	-9.3	-3.7944074	5.5622673	4.8832607	-65.41085	-3.7943506	1.0	1182500	17145.378656625748
473	-30.64	-30.64	-9.099999	-3.763194	5.4586763	10.049158	-66.255196	-3.7629957	1.0	1185000	17181.66527056694
474	-30.66	-30.66	-8.5	-3.7521157	5.4177637	7.597639	-75.410614	-3.7519631	1.0	1187500	17217.925787448883
475	-26.4	-26.4	-8.8	-3.7232459	5.4367228	6.101264	-72.21448	-3.7234173	1.0	1190000	17254.507348299026
476	-29.34	-29.34	-8.5	-3.766993	5.460226	6.458252	-72.27542	-3.7665226	1.0	1192500	17290.123690128326
477	-31.06	-31.06	-10.400001	-3.8252623	5.481682	3.971756	-67.66923	-3.825386	1.0	1195000	17326.995648384094
478	-27.72	-27.72	-8.400001	-3.846085	5.4973984	14.411436	-73.707214	-3.8461154	1.0	1197500	17362.22515487671
479	-30.08	-30.08	-7.7	-3.8341904	5.4784093	12.066131	-63.244385	-3.833833	1.0	1200000	17397.710000276566
480	-26.22	-26.22	-9.0	-3.8432426	5.5254984	3.4532156	-67.26452	-3.8433533	1.0	1202500	17432.55647087097
481	-27.46	-27.46	-10.0	-3.8471339	5.493583	10.166196	-66.499504	-3.8469706	1.0	1205000	17467.872515916824
482	-31.14	-31.14	-8.900001	-3.8865764	5.529655	9.453727	-72.34708	-3.8868546	1.0	1207500	17503.68293070793
483	-27.18	-27.18	-8.3	-3.8397396	5.533724	7.2010355	-74.03136	-3.8394582	1.0	1210000	17539.399968624115
484	-30.4	-30.4	-8.400001	-3.8410285	5.5180025	8.451018	-66.52786	-3.8412921	1.0	1212500	17575.347420215607
485	-31.36	-31.36	-14.3	-3.822819	5.486214	6.579533	-73.30218	-3.823201	0.9	1215000	17611.30787706375
486	-29.02	-29.02	-9.5	-3.8361855	5.511847	7.3534307	-60.41149	-3.8360472	1.0	1217500	17647.122524499893
487	-26.84	-26.84	-8.400001	-3.8691866	5.540926	5.850199	-67.158676	-3.8692818	1.0	1220000	17683.795214653015
488	-29.94	-29.94	-9.8	-3.8233814	5.4544883	6.9074388	-64.3454	-3.8233888	1.0	1222500	17719.941027402878
489	-27.14	-27.14	-9.8	-3.824216	5.5266175	12.631771	-68.24879	-3.8243656	1.0	1225000	17756.41091108322
490	-30.78	-30.78	-8.0	-3.7859097	5.4791193	5.7715197	-67.20939	-3.7859404	1.0	1227500	17792.5876288414
491	-28.7	-28.7	-10.3	-3.7991076	5.4703326	8.813467	-80.28527	-3.7995682	1.0	1230000	17828.463312149048
492	-29.1	-29.1	-9.400001	-3.8261526	5.514014	6.033407	-71.52599	-3.82593	1.0	1232500	17864.267622947693
493	-28.58	-28.58	-8.099999	-3.8519506	5.496031	7.2459755	-65.874626	-3.8522925	1.0	1235000	17900.550248384476
494	-29.12	-29.12	-9.7	-3.854965	5.5206323	5.487788	-70.13185	-3.8552692	1.0	1237500	17935.673344373703
495	-26.26	-26.26	-9.599999	-3.8381083	5.488556	6.7001586	-61.67608	-3.838378	1.0	1240000	17971.31641125679
496	-29.52	-29.52	-12.0	-3.836896	5.48757	6.21691	-67.565315	-3.8369987	0.9	1242500	18006.393512248993
497	-33.5	-33.5	-9.8	-3.841921	5.513407	11.905767	-59.99945	-3.8416867	1.0	1245000	18039.008985757828
498	-33.52	-33.52	-10.2	-3.8611796	5.5477695	6.998189	-75.785385	-3.861167	1.0	1247500	18073.97459793091
499	-28.78	-28.78	-10.0	-3.8765566	5.5582786	5.0712433	-67.975716	-3.8760211	1.0	1250000	18106.457599401474
